// periodic
// number of jobs
1
// pi
50
// Cycle
100
// aperiodic
// number of jobs
11000
// pi
64 54 18 60 35 66 17 55 77 1 75 84 34 65 80 90 88 9 65 19 12 35 19 47 94 5 7 4 74 39 97 21 57 59 17 71 4 15 68 3 90 45 86 79 76 60 89 58 44 50 88 10 61 43 42 22 46 62 61 95 1 51 24 72 48 34 33 64 96 45 76 62 79 53 76 86 53 34 27 43 91 79 70 34 65 31 88 45 81 98 25 35 68 30 38 21 27 64 97 26 50 60 85 59 2 44 59 67 65 79 58 62 53 48 23 38 29 14 31 50 65 77 11 74 72 91 79 16 54 52 7 2 1 23 77 34 82 98 50 58 68 39 88 66 49 73 66 75 68 79 32 37 2 42 30 16 88 85 27 99 70 68 30 29 10 17 74 31 20 61 7 57 80 48 62 20 41 88 58 23 95 80 35 80 41 58 90 84 97 91 42 44 34 69 5 71 29 50 99 73 49 27 22 59 61 6 19 5 62 59 86 64 23 59 20 71 92 8 42 57 76 93 11 70 27 66 34 25 73 26 15 52 7 98 99 61 72 76 39 65 11 84 10 54 69 92 18 74 68 75 7 74 19 28 14 97 23 64 24 30 84 46 32 65 12 89 15 63 19 40 12 46 96 48 34 44 35 46 79 39 31 64 31 3 40 24 56 45 13 82 71 87 66 46 22 34 27 60 58 19 81 62 78 62 87 1 74 43 37 79 62 12 95 50 93 1 98 24 94 14 35 88 88 25 39 11 90 3 66 29 61 44 55 94 63 59 3 61 56 3 46 47 44 39 63 37 99 87 50 69 98 18 41 81 47 99 93 9 9 15 57 59 6 18 89 87 11 6 49 41 46 72 3 7 5 60 92 1 70 45 15 33 46 23 71 4 17 42 44 85 5 93 71 98 67 75 91 71 95 10 59 10 89 62 5 42 54 40 33 17 1 15 21 63 66 78 64 72 46 66 58 98 32 81 85 46 57 26 6 66 16 63 8 21 51 50 80 15 88 75 7 85 75 39 39 63 5 35 51 34 87 49 58 88 92 43 6 23 41 35 29 80 45 72 51 75 60 49 94 7 9 22 84 69 55 9 80 93 13 89 84 52 30 25 40 50 54 25 19 17 15 83 4 12 45 51 12 98 97 51 97 97 14 15 60 5 48 25 20 98 24 33 44 23 73 64 23 22 44 25 5 13 79 13 12 6 67 99 51 27 46 44 37 62 18 62 45 6 21 40 26 72 33 13 73 24 7 13 52 94 67 96 69 44 16 54 70 80 28 70 10 40 86 94 54 92 35 83 57 32 58 19 35 23 28 32 50 39 7 8 71 14 23 20 78 29 33 79 55 45 40 40 76 35 50 27 75 92 16 33 8 10 46 83 22 34 93 45 59 69 65 14 71 18 2 4 83 6 2 80 41 71 55 58 22 10 47 22 48 26 83 29 57 34 34 62 92 50 2 11 25 41 5 97 22 49 35 1 35 56 87 71 48 98 81 81 1 46 6 57 51 85 97 14 40 65 52 30 1 32 85 64 22 5 31 48 46 2 5 55 72 57 48 25 49 35 14 56 38 80 95 19 50 15 74 25 4 58 73 27 65 39 88 30 20 63 91 21 29 74 74 10 65 96 20 5 24 27 69 53 47 66 54 32 20 66 27 66 22 31 4 6 98 95 84 40 17 86 55 24 15 69 54 34 68 78 90 3 14 46 13 97 38 82 61 58 86 89 35 45 67 96 65 4 79 2 46 36 8 37 82 72 16 10 53 99 11 58 13 10 29 77 37 52 95 44 80 31 18 73 24 53 61 5 4 66 67 45 1 56 54 73 74 98 58 77 42 83 69 37 40 46 9 56 76 80 61 42 50 91 32 30 80 53 81 3 75 54 9 25 75 6 69 68 55 23 11 55 82 81 9 2 36 16 2 21 21 20 63 4 39 31 51 32 5 58 38 1 15 55 5 22 51 48 32 83 57 25 87 51 53 96 70 79 18 91 55 32 78 4 94 77 67 67 69 67 86 76 61 63 25 96 47 57 77 78 50 17 54 35 66 91 58 32 80 70 9 46 30 85 93 71 92 37 29 43 56 45 3 36 61 30 86 67 41 39 16 58 14 82 1 36 26 11 79 60 56 15 94 79 36 67 87 92 92 66 36 29 46 92 47 65 17 98 93 95 82 86 46 43 22 53 42 29 50 14 54 12 24 82 21 97 54 88 11 77 32 60 13 67 70 86 62 69 60 6 42 6 37 67 26 28 59 92 10 89 84 2 85 15 52 53 56 59 97 18 55 67 12 96 89 84 64 28 29 44 46 71 88 36 28 93 62 51 40 13 98 78 8 12 41 52 20 99 56 37 2 86 25 88 18 9 64 76 47 41 40 32 59 69 1 80 84 51 20 3 49 65 45 26 70 69 40 51 94 21 91 40 78 29 94 23 71 67 72 67 5 65 69 71 77 25 64 89 13 57 70 48 48 49 40 89 88 35 49 53 4 5 45 52 87 20 87 43 26 47 3 16 22 2 88 32 37 31 82 62 38 37 37 40 44 39 44 21 19 61 7 49 69 31 97 13 35 48 24 43 75 73 45 66 70 64 62 9 42 61 72 89 42 60 88 65 84 50 12 42 8 80 85 76 44 41 32 81 62 7 55 52 67 97 38 19 80 53 35 19 80 42 26 86 94 85 92 2 72 53 66 92 83 72 42 67 45 38 92 18 62 93 15 86 83 46 72 92 21 3 48 40 2 92 45 28 55 17 92 71 52 59 54 36 77 59 39 81 97 90 45 56 53 22 1 36 66 88 10 86 29 13 37 49 2 61 93 31 53 88 29 23 13 2 21 85 20 67 77 44 57 24 76 17 21 67 65 85 78 68 42 98 15 42 41 78 53 11 23 51 66 86 81 86 93 33 27 34 16 7 13 94 25 96 29 68 99 75 59 28 81 36 43 50 30 75 18 75 51 95 94 24 19 97 29 13 97 34 64 42 73 71 23 32 70 25 69 6 39 97 86 28 49 67 78 91 1 52 71 57 11 23 30 92 11 82 32 38 78 74 77 81 73 75 99 59 80 54 80 51 9 87 75 73 43 92 81 24 52 40 97 21 53 11 4 79 79 55 20 5 58 8 60 66 46 49 69 14 76 17 39 91 23 79 46 15 92 46 65 94 65 83 16 95 12 47 27 95 70 30 71 49 81 42 38 32 10 61 67 69 59 29 60 7 28 31 73 95 5 93 40 51 39 75 38 64 69 29 14 17 24 45 49 14 7 80 75 98 17 64 61 99 12 35 3 64 60 34 88 67 97 6 77 15 27 8 97 6 39 13 49 36 45 27 15 62 86 13 12 37 77 95 23 10 13 97 87 98 92 85 25 6 69 85 76 44 25 43 26 39 24 4 96 65 91 75 86 30 92 30 10 19 3 57 93 46 48 54 71 56 38 96 86 50 91 69 13 4 24 54 2 16 88 55 30 7 42 40 23 51 40 9 38 94 54 57 15 90 31 26 11 50 45 19 27 68 60 95 24 61 83 12 47 78 58 51 67 65 97 54 16 65 27 77 44 30 31 38 30 30 25 12 6 94 80 59 10 50 47 23 57 37 62 51 9 79 44 75 78 85 92 74 36 59 67 29 1 98 93 38 91 59 16 52 25 56 40 31 44 32 83 91 85 38 46 44 72 16 10 2 89 14 12 1 15 94 60 77 22 29 27 75 22 67 80 78 96 20 99 9 92 76 6 46 91 93 35 52 26 53 67 26 92 72 49 46 67 82 41 59 37 36 48 79 34 88 67 1 61 61 68 94 2 84 58 73 36 18 8 3 56 6 24 40 68 30 91 13 72 11 17 55 81 55 8 10 89 78 93 47 76 8 84 12 59 37 29 36 24 91 84 25 20 22 76 44 55 10 77 91 13 10 81 84 60 40 40 91 76 92 86 54 39 6 69 49 98 88 69 64 92 24 72 36 78 49 66 19 80 46 90 74 21 15 40 84 77 39 99 27 39 70 56 89 49 70 71 69 50 14 55 28 41 30 14 46 90 5 25 95 5 1 72 55 75 72 11 75 52 54 84 60 47 65 44 69 23 42 90 80 63 26 32 1 59 11 44 11 83 15 80 78 84 50 92 99 21 51 34 37 7 20 68 14 92 37 17 77 94 25 81 14 37 24 32 41 14 48 20 22 45 16 72 8 85 81 77 58 37 44 52 7 30 57 91 2 53 62 61 1 68 90 15 3 37 38 21 55 52 80 66 86 62 13 70 56 58 58 77 47 45 64 16 84 70 26 93 52 3 15 37 45 47 43 89 97 2 90 56 44 24 95 81 84 53 62 16 56 21 15 41 28 20 22 11 96 66 98 65 90 97 22 55 62 38 91 58 40 41 34 81 83 58 25 4 83 9 68 92 58 33 84 69 99 2 74 56 60 64 39 29 20 4 76 91 85 54 24 58 62 40 58 7 26 47 45 52 74 43 70 29 79 12 98 70 35 44 21 60 93 48 52 69 2 3 38 68 16 30 60 54 14 10 35 45 91 76 58 50 70 81 16 25 40 72 26 92 29 27 33 62 98 94 47 48 32 74 79 58 7 6 70 52 81 75 47 16 29 14 15 6 9 33 96 98 71 62 83 19 19 45 30 29 17 99 5 29 96 90 69 2 92 66 97 5 75 84 42 8 39 33 79 10 34 77 92 1 37 63 33 79 81 26 61 89 62 65 62 27 75 68 59 92 37 95 53 10 89 56 99 64 7 26 68 82 39 72 99 68 49 2 94 67 61 79 59 37 14 80 41 85 53 22 38 31 40 5 21 76 20 33 17 41 56 97 80 75 30 32 25 46 97 83 57 14 44 68 74 40 32 77 31 21 21 93 20 85 60 97 83 25 69 22 78 6 79 2 15 65 37 52 90 46 57 60 37 15 3 81 41 30 1 83 32 89 43 94 95 20 5 19 49 73 75 57 94 44 43 75 78 17 96 92 68 28 5 49 57 21 77 56 99 37 49 25 75 13 78 95 58 94 33 28 92 11 91 57 11 1 40 5 20 76 41 33 79 31 69 43 26 53 9 59 33 33 49 94 91 10 58 12 11 79 77 52 29 33 61 76 8 37 10 53 51 26 88 20 73 99 81 73 87 23 94 26 3 13 80 14 73 63 7 55 25 78 27 28 43 46 90 81 32 92 80 34 49 68 84 46 74 94 57 63 96 20 35 71 45 81 30 78 80 48 7 25 85 25 92 88 98 84 99 98 40 94 70 2 14 22 80 89 71 7 34 73 59 53 27 53 48 6 86 67 15 2 98 26 57 29 63 3 3 64 68 8 51 44 20 44 17 55 26 59 71 19 30 49 70 52 91 66 58 41 35 15 33 62 34 30 30 34 19 2 14 90 25 80 99 9 47 64 75 70 84 56 83 8 14 70 68 51 82 70 67 69 82 83 32 21 24 35 5 47 21 90 72 95 58 97 2 36 49 22 96 38 78 26 76 19 6 35 92 86 69 63 97 55 52 32 84 32 22 57 13 2 29 99 15 84 30 63 51 60 95 6 84 46 91 47 27 83 81 80 80 28 57 91 18 78 36 37 43 54 60 46 22 12 47 3 59 96 3 17 47 71 10 1 74 88 71 57 35 72 72 72 78 75 82 81 36 36 23 69 18 77 52 79 35 70 79 35 56 3 1 21 22 39 18 7 72 53 27 23 45 85 44 50 49 60 59 58 29 16 44 63 41 23 32 1 56 7 94 60 55 53 67 61 68 25 4 43 17 2 61 73 20 64 44 96 21 17 24 70 62 57 3 89 6 54 71 1 70 92 15 14 70 9 78 66 52 20 90 87 55 41 94 43 56 64 95 22 1 29 32 38 37 73 21 36 44 36 41 46 78 62 76 45 28 11 6 69 80 62 86 69 20 71 40 73 47 38 41 24 89 10 46 42 47 9 92 21 42 74 68 21 57 37 6 78 53 4 4 8 94 98 49 61 14 24 39 83 13 78 1 45 7 39 97 48 47 85 23 7 18 51 52 29 20 84 61 44 98 18 2 53 77 6 87 41 68 46 88 79 16 93 4 83 19 82 56 72 83 21 89 43 69 24 2 4 81 43 36 61 49 64 86 4 42 25 14 3 7 9 11 18 91 95 15 94 2 53 75 79 15 94 32 61 66 22 76 66 26 77 4 77 27 9 98 97 30 28 58 52 7 25 11 14 35 30 86 82 78 4 80 88 77 9 13 67 74 71 65 90 14 7 12 48 39 78 1 84 5 72 57 20 41 68 14 19 76 37 52 57 82 17 56 32 6 40 32 99 37 41 23 22 89 42 33 53 38 35 40 29 41 50 4 75 84 41 91 72 43 56 58 68 1 65 59 7 29 30 10 80 64 82 15 9 22 7 33 87 58 92 80 51 63 62 32 9 33 72 49 23 40 81 5 10 7 4 17 50 74 6 39 67 94 95 77 67 99 28 83 28 97 84 66 1 91 38 41 69 35 24 62 19 44 79 96 46 79 29 60 41 58 31 2 38 90 31 28 88 86 93 12 57 24 56 72 18 95 93 39 49 34 65 94 24 55 4 79 66 32 81 29 44 66 40 52 57 25 28 33 22 43 24 50 63 36 73 78 95 17 78 77 97 9 58 39 87 10 47 66 93 24 96 94 7 77 92 20 96 95 31 87 2 21 42 16 78 17 56 29 3 24 80 53 65 18 80 34 67 66 54 25 49 16 99 83 34 6 47 74 83 19 23 55 14 53 63 80 17 48 11 74 45 74 2 76 96 13 63 20 32 21 56 51 40 85 89 92 46 26 44 56 19 88 8 45 64 93 2 47 32 22 90 23 94 20 5 33 76 79 50 44 90 10 97 43 3 85 75 42 30 30 52 99 63 30 41 81 73 18 7 67 56 42 36 30 82 40 32 40 58 41 76 68 96 83 61 72 14 41 81 28 55 13 52 62 18 19 92 9 40 68 17 31 13 72 88 63 83 5 23 79 45 33 82 71 98 38 56 75 95 70 79 80 83 85 84 54 24 54 32 70 64 67 16 21 85 62 29 36 94 1 13 36 55 49 86 80 23 22 13 73 17 83 60 72 4 30 31 95 96 29 77 94 2 64 60 50 47 38 96 89 23 77 24 34 32 68 62 48 6 15 49 57 82 26 45 30 82 68 23 78 12 93 8 70 2 6 32 59 91 96 56 29 3 54 4 6 54 31 45 99 30 54 30 95 73 52 79 49 59 50 71 11 7 19 25 63 44 73 66 75 51 98 31 79 50 50 27 84 26 29 6 53 72 21 47 24 53 60 20 32 60 16 95 25 39 57 51 27 53 27 13 78 89 83 93 70 55 73 53 52 38 55 72 53 14 82 21 33 20 81 79 77 45 12 61 6 96 23 20 8 20 13 91 97 74 78 8 15 84 46 58 12 64 98 91 9 12 59 36 92 56 44 19 47 73 47 5 11 52 92 82 37 93 35 19 16 78 64 64 73 5 67 45 58 68 59 28 75 61 16 76 81 11 48 51 57 27 4 85 35 79 62 15 88 46 10 84 41 92 47 5 35 39 44 66 22 21 89 28 59 32 6 79 46 68 90 5 71 28 78 60 59 31 6 32 71 84 43 33 19 1 29 45 9 52 59 94 73 76 10 25 21 57 83 5 34 61 66 3 55 50 68 15 38 17 55 5 2 34 7 45 21 62 70 59 27 21 90 51 93 98 53 7 12 48 71 50 13 41 93 64 11 10 60 40 41 54 51 29 95 16 55 54 41 29 41 98 94 20 9 75 17 76 27 64 9 65 20 60 14 31 10 40 84 39 80 33 62 33 44 13 89 20 8 50 61 79 8 87 7 77 6 3 28 53 82 93 83 38 43 91 42 39 14 35 40 78 37 34 71 67 5 83 41 51 47 10 55 83 28 41 89 15 95 90 48 46 52 35 29 43 26 65 10 31 65 14 31 42 28 68 74 10 61 62 83 3 1 11 92 81 19 54 90 84 34 88 89 52 35 24 89 30 15 94 81 17 96 33 83 95 1 63 96 84 59 30 63 6 25 65 69 57 22 85 64 98 91 5 45 29 89 48 93 53 96 13 46 10 76 46 7 99 94 48 59 5 16 67 6 8 1 38 64 60 63 11 49 10 3 59 10 78 86 25 32 69 83 70 65 45 54 67 12 65 71 9 46 45 59 74 91 70 88 27 23 50 84 86 75 60 75 56 89 46 56 65 91 56 94 2 58 14 41 21 33 56 31 72 93 85 75 6 83 18 26 84 26 46 90 85 95 94 35 43 33 45 85 10 42 20 38 94 22 43 40 78 16 73 24 15 60 61 3 40 99 32 10 8 76 3 48 82 81 59 30 4 64 83 39 65 44 71 46 56 72 98 60 21 52 70 12 76 88 85 60 83 60 2 29 69 66 34 33 20 72 97 13 37 44 84 45 28 23 76 84 79 10 30 37 42 56 83 33 91 13 76 96 74 10 75 92 16 15 80 17 91 40 13 71 25 72 30 31 82 74 27 75 30 24 65 39 1 40 64 83 5 38 11 41 60 63 72 92 43 45 93 35 53 94 49 4 83 69 84 66 35 44 22 63 8 1 59 44 88 23 98 49 97 86 17 19 41 74 74 67 12 33 59 33 19 97 73 99 50 63 75 17 83 76 2 82 67 5 70 67 27 1 67 47 52 22 72 38 15 14 73 49 11 78 60 8 23 58 67 66 28 54 19 21 50 71 20 33 61 13 80 71 53 2 21 93 48 49 27 81 48 15 80 50 74 72 28 60 55 44 84 14 34 80 76 91 8 43 93 40 54 64 62 10 77 53 81 54 57 91 24 91 99 57 56 2 22 39 45 64 50 16 6 29 57 58 17 28 42 3 13 43 13 77 12 48 96 87 79 70 72 92 94 93 81 48 19 52 57 42 68 24 62 39 95 31 29 16 12 83 85 55 2 32 41 56 70 29 23 74 11 28 58 2 45 59 31 20 70 79 75 95 70 50 29 63 60 6 8 56 24 14 9 81 9 79 55 76 35 77 20 42 51 54 73 99 75 49 80 82 12 64 23 13 80 45 79 41 70 21 54 77 47 60 95 40 18 68 20 34 6 92 30 21 43 16 66 94 48 5 53 89 39 92 79 76 5 65 28 56 52 50 12 88 71 49 85 92 54 63 10 72 13 21 8 47 53 37 80 79 27 9 52 25 7 36 42 13 48 54 3 92 59 88 39 94 55 61 61 20 14 75 81 79 74 25 60 27 10 36 83 42 16 64 5 35 5 54 44 2 36 62 79 45 69 33 39 16 58 43 96 98 4 99 78 17 7 60 92 27 73 96 12 82 99 19 35 74 83 89 9 44 14 17 12 9 17 91 40 85 77 65 12 13 76 28 39 47 99 82 46 68 68 95 28 84 68 90 45 28 59 39 29 60 24 62 8 52 25 96 18 46 64 19 51 96 95 53 7 5 60 55 54 99 81 11 37 56 33 65 40 32 17 63 89 15 64 55 87 57 46 59 78 52 59 68 83 88 10 73 6 86 23 64 27 58 44 7 20 93 77 44 61 7 27 50 71 16 39 21 53 62 31 21 1 99 17 43 33 51 83 79 47 88 69 91 85 17 19 27 9 69 52 65 45 58 35 59 4 47 32 74 94 13 75 97 47 82 87 81 17 31 57 75 1 54 34 30 47 54 92 50 25 98 53 72 19 76 95 38 7 36 50 83 12 61 37 62 3 49 48 84 32 84 25 19 55 54 2 12 9 33 84 87 60 70 20 35 1 4 40 8 39 78 2 49 42 31 98 82 71 35 66 67 52 86 14 23 6 79 22 19 92 61 42 57 96 50 38 70 94 17 99 49 78 71 29 88 9 24 78 55 59 4 43 10 32 49 57 39 54 24 8 21 56 49 48 70 22 61 84 81 96 87 48 32 96 5 40 61 5 93 21 21 74 46 17 94 4 36 49 58 60 73 85 19 53 66 92 18 35 95 18 4 14 17 23 57 13 1 44 61 26 53 60 67 42 86 4 4 60 75 88 94 50 33 82 80 33 80 7 38 27 68 61 18 23 23 42 54 24 77 78 77 86 91 76 40 58 28 29 99 57 65 83 59 70 50 74 38 1 75 10 3 89 69 57 32 95 44 69 68 64 5 15 41 56 71 49 40 12 63 26 17 91 62 92 82 31 19 21 41 67 99 1 88 38 9 33 54 77 98 61 99 86 30 61 2 87 9 75 10 72 47 20 30 60 12 24 15 91 52 71 36 13 6 51 68 36 7 94 63 48 47 82 4 84 54 61 1 42 18 4 80 16 27 26 76 99 79 18 36 17 28 77 57 67 87 22 35 67 91 53 54 66 94 75 9 15 96 74 64 75 8 69 12 25 81 52 96 11 82 48 91 27 58 99 88 15 56 17 23 79 66 47 73 43 38 32 89 91 56 37 49 61 40 4 42 4 6 38 42 99 93 68 22 13 8 30 16 16 70 43 76 15 56 12 94 64 64 9 75 61 50 96 65 68 16 58 62 55 70 94 14 19 14 50 77 15 96 86 24 50 14 65 89 31 41 72 90 13 51 23 34 31 97 55 32 33 7 91 12 63 61 64 76 86 10 43 34 99 38 45 37 68 93 34 69 49 49 8 77 75 70 42 64 53 74 53 53 78 20 12 94 31 67 1 28 42 40 88 32 72 12 33 82 91 54 75 47 40 78 95 65 34 3 5 86 67 42 51 93 35 70 81 26 37 46 94 87 31 85 97 88 39 46 53 16 18 95 94 53 64 57 86 96 22 30 48 62 91 77 59 37 40 11 72 45 27 41 97 2 81 44 90 35 21 31 39 91 28 86 52 91 28 85 91 74 60 9 54 21 91 14 7 39 86 40 70 99 14 68 76 5 48 19 99 19 18 40 78 7 27 53 86 68 42 72 96 38 40 12 29 35 79 18 79 62 24 10 4 20 78 61 29 69 5 77 23 96 40 13 63 76 16 10 17 53 72 96 68 56 75 18 98 21 10 39 29 38 91 11 34 25 55 48 21 38 50 52 58 45 60 95 85 58 82 38 29 72 95 35 44 78 57 93 12 10 18 43 43 1 9 90 3 65 28 73 49 35 78 84 89 57 57 54 59 33 11 31 58 78 20 58 17 9 67 64 49 35 93 60 12 46 18 5 99 83 29 75 90 88 54 88 53 74 84 70 91 31 12 4 33 94 36 14 22 80 35 26 59 63 57 51 29 79 78 36 85 76 25 44 60 30 8 59 62 80 83 60 92 93 30 4 67 79 89 94 8 17 32 35 60 32 11 80 62 6 85 26 50 59 26 62 94 72 61 96 98 32 5 38 30 91 7 97 61 80 16 44 70 73 92 93 25 81 67 17 39 63 67 6 19 80 11 83 69 12 48 95 90 90 8 50 74 55 71 28 80 29 81 44 23 22 1 73 62 89 8 57 60 98 33 67 15 23 56 61 4 4 90 27 5 66 18 13 27 41 13 38 99 61 27 61 69 20 39 90 76 67 18 85 77 34 72 99 32 69 96 24 22 74 46 56 10 43 22 1 66 66 4 5 13 99 36 69 44 9 23 39 14 58 34 93 77 40 40 69 49 87 69 43 2 88 58 36 43 93 93 12 65 66 45 20 1 4 2 7 60 90 75 40 34 95 55 59 50 19 45 76 7 97 60 31 38 21 60 47 93 44 51 26 96 97 9 52 78 15 51 99 97 36 80 28 85 13 82 61 82 77 80 35 11 65 55 44 43 83 91 13 55 17 55 96 80 6 96 38 70 33 65 63 73 1 85 12 75 33 67 35 15 45 91 63 38 62 14 93 61 56 87 78 81 59 84 95 8 33 38 85 86 28 2 45 46 16 95 97 89 44 44 72 85 13 33 76 13 55 41 95 70 35 50 80 64 81 14 94 48 28 22 12 30 47 62 64 78 66 48 69 42 33 72 94 32 3 9 54 82 4 68 56 14 56 13 57 62 38 37 39 23 30 15 99 30 60 46 94 3 66 92 24 34 65 43 25 48 11 98 7 2 57 92 22 36 5 53 56 42 65 17 21 18 64 35 87 36 60 11 72 21 90 22 72 31 15 23 54 48 57 71 27 85 45 75 72 9 43 33 84 25 97 55 41 79 33 36 83 2 41 8 73 56 30 30 65 85 47 99 98 81 96 38 9 8 70 23 31 1 99 88 14 79 45 89 65 63 70 19 87 83 76 19 26 26 21 47 83 12 16 37 17 81 86 75 43 6 41 40 50 29 54 85 89 89 82 77 77 17 25 82 68 6 18 1 28 13 35 60 84 70 90 79 27 27 20 13 5 79 61 67 8 34 62 73 60 11 87 35 99 53 83 92 67 59 19 29 66 7 78 58 53 76 27 55 96 94 34 90 79 67 54 43 50 97 92 44 15 10 97 20 99 10 17 55 1 94 59 25 85 74 23 79 60 25 3 70 39 25 89 40 86 44 33 51 33 93 36 47 49 57 89 21 27 95 7 56 66 87 10 41 61 7 86 82 19 50 29 29 3 57 76 11 82 59 62 54 67 58 85 21 84 17 16 22 44 10 67 24 90 49 75 48 87 25 19 66 21 43 94 38 17 43 80 32 14 70 18 41 98 7 8 35 32 56 33 68 80 49 27 13 33 16 32 16 48 24 3 7 50 6 86 9 26 52 28 27 63 32 2 2 93 10 71 45 58 98 61 98 35 56 90 10 66 51 81 98 53 44 55 6 95 87 56 68 53 21 97 37 5 28 73 10 57 78 10 27 50 45 20 63 50 91 43 71 35 17 57 95 10 61 63 14 77 19 88 30 75 3 41 73 86 18 78 6 93 3 8 27 71 6 30 99 82 88 62 67 48 92 76 55 30 40 54 46 44 27 91 17 42 28 59 53 80 64 21 98 90 76 91 39 33 98 85 81 43 83 75 21 28 86 65 15 78 36 5 70 88 25 47 61 32 19 60 24 14 35 69 37 81 4 61 23 12 13 97 60 69 70 28 36 22 56 26 2 1 64 5 8 67 3 75 70 96 4 56 85 13 86 75 35 70 38 45 2 59 71 21 88 73 44 75 72 29 37 88 73 30 18 42 96 5 14 58 13 85 49 21 62 87 81 64 47 51 49 20 67 80 46 84 95 38 53 10 95 20 31 36 51 65 52 55 39 92 34 16 47 2 87 36 21 5 45 76 91 59 14 97 28 11 38 41 14 4 49 67 74 2 92 22 34 80 81 48 7 39 27 75 89 70 18 16 82 79 22 69 67 32 33 92 63 52 15 46 98 59 69 57 17 35 21 82 9 63 49 70 49 8 92 99 8 72 93 98 53 20 70 14 90 17 35 28 67 71 86 93 95 92 65 94 40 9 43 95 81 28 29 87 52 30 86 70 54 89 96 25 35 26 73 31 22 29 68 82 3 56 32 21 85 87 85 49 68 3 3 91 54 90 70 45 85 27 90 3 79 94 95 75 10 89 9 30 65 17 76 68 71 77 44 21 8 47 88 1 60 37 89 26 16 12 18 94 36 17 86 25 34 65 66 51 34 54 81 37 79 59 45 26 47 24 68 20 87 2 82 97 71 65 27 21 3 44 21 27 2 58 84 68 80 3 94 46 30 9 80 82 85 18 32 80 12 54 39 50 18 99 80 57 84 41 95 84 54 30 48 66 78 80 53 72 98 73 21 90 7 38 2 96 55 66 4 31 40 92 62 35 22 17 54 18 35 54 55 49 97 75 37 10 95 16 3 75 6 23 2 36 23 96 10 74 79 31 84 84 63 52 43 53 60 44 96 87 73 6 40 1 96 49 72 80 4 46 10 76 45 47 71 5 93 70 95 89 58 18 28 94 46 26 56 51 26 31 98 58 11 88 40 56 84 40 22 55 37 30 74 76 16 32 51 29 53 52 18 51 53 19 28 3 99 88 32 34 28 59 99 73 97 34 2 16 19 39 70 24 63 15 8 28 56 67 63 54 53 56 70 44 48 67 29 34 76 76 16 19 66 17 18 63 41 73 9 39 43 54 63 17 88 49 22 26 72 83 26 57 94 74 36 92 81 79 72 91 57 62 1 68 83 46 23 70 50 70 14 59 49 25 41 63 54 89 56 17 85 30 4 50 69 59 49 97 23 21 26 43 67 6 71 94 50 9 72 11 81 1 78 21 25 67 21 28 17 76 87 63 18 67 28 48 99 92 41 70 93 68 69 22 5 85 38 68 15 60 69 86 50 25 45 4 48 97 42 68 67 12 21 86 99 20 21 50 99 65 1 27 67 40 36 6 60 99 8 13 4 56 50 80 89 52 56 16 25 74 27 63 18 78 73 33 28 28 1 88 37 23 88 63 75 57 31 69 28 36 39 42 47 53 59 66 1 60 75 67 57 66 55 30 85 28 13 24 69 14 4 95 87 98 21 85 25 67 40 6 84 24 43 93 19 5 14 53 20 89 20 45 24 39 65 98 60 80 44 6 27 10 22 74 84 71 86 4 13 56 96 5 9 96 11 35 99 15 4 27 64 2 93 11 23 61 83 6 63 88 54 99 53 19 73 6 55 76 92 88 55 2 68 90 74 26 92 5 83 31 52 51 6 52 82 71 22 46 82 68 30 70 29 32 55 47 48 69 9 50 19 51 39 25 8 76 53 54 60 68 63 19 76 62 98 53 66 17 86 65 27 82 8 2 35 67 78 50 18 63 10 87 21 22 66 16 90 98 93 59 85 25 99 2 6 60 7 51 7 9 53 21 19 23 71 91 13 15 21 27 97 64 22 5 48 72 41 90 85 65 68 37 14 13 67 8 48 7 92 50 45 34 48 92 43 59 67 40 74 4 58 90 44 77 95 69 13 79 47 18 90 66 13 50 37 35 8 83 4 91 51 25 88 89 23 51 85 32 37 53 87 40 69 58 31 15 30 7 21 6 91 68 50 35 50 27 14 41 15 4 71 5 71 51 56 26 63 14 45 72 45 41 42 72 73 37 95 34 69 92 75 33 60 14 83 81 98 99 6 70 31 40 77 82 53 76 22 37 89 25 60 83 11 39 84 76 72 17 80 61 88 12 1 96 88 92 43 93 62 31 27 50 5 53 75 45 17 65 59 4 23 99 91 43 99 15 54 21 61 13 2 69 82 70 63 50 47 96 47 95 84 2 64 55 70 5 26 65 77 91 35 62 62 95 40 24 51 15 7 54 8 16 37 5 72 68 24 17 65 93 52 48 81 55 77 78 43 47 49 64 79 23 72 28 74 8 77 66 55 1 94 95 35 80 46 51 76 36 95 5 61 61 35 30 99 96 51 56 87 31 71 9 20 62 23 74 17 38 59 62 74 87 44 99 57 88 74 36 8 94 47 84 33 60 47 37 69 86 97 30 72 53 40 57 48 1 30 79 51 85 70 19 10 72 28 71 87 85 9 43 74 90 52 57 4 87 83 26 9 6 29 15 89 22 26 29 6 78 61 7 43 68 30 17 1 26 78 87 10 67 81 17 73 91 40 62 69 62 66 8 39 61 80 65 71 7 65 32 70 75 11 60 92 87 44 22 98 89 2 19 45 62 20 89 70 17 34 27 17 49 2 94 40 54 46 96 80 77 55 96 30 9 22 82 93 63 2 27 69 35 98 80 61 58 18 34 65 35 18 47 28 83 42 95 66 60 15 15 76 21 93 86 21 83 3 50 85 59 38 41 1 67 8 20 43 55 28 48 45 47 17 67 34 60 41 19 73 13 4 29 85 25 14 39 52 58 17 89 37 10 43 48 17 53 26 20 24 75 61 60 94 10 13 49 10 40 88 60 42 97 93 14 42 44 15 65 3 70 45 64 45 47 42 31 16 9 45 66 24 39 95 69 23 61 72 36 3 1 71 51 32 21 48 35 10 29 36 53 26 5 75 60 87 5 34 43 1 4 53 62 93 15 37 46 91 86 67 40 41 46 24 15 99 45 4 66 24 55 75 6 48 84 37 37 80 60 44 1 85 62 5 76 29 28 5 39 26 31 76 59 4 81 81 54 8 80 67 30 47 14 82 67 36 63 63 8 29 29 35 2 82 23 83 24 79 82 44 58 71 1 54 69 39 75 50 48 80 86 51 58 30 59 69 32 73 82 7 35 76 95 50 13 73 21 19 72 47 27 57 80 50 38 31 67 56 81 10 1 51 71 44 35 76 30 24 50 14 65 9 6 84 12 91 75 21 15 78 30 72 69 47 24 97 40 6 55 40 30 29 96 81 87 77 83 18 51 83 88 17 72 97 96 20 87 62 94 99 47 2 82 9 77 16 52 27 72 88 26 92 65 25 97 24 33 63 87 89 98 5 32 85 5 88 38 99 47 33 96 1 6 81 40 67 75 71 33 91 77 6 77 26 52 50 60 24 51 61 57 36 5 83 13 87 11 63 46 44 26 9 28 66 33 71 84 76 62 79 54 50 97 81 67 70 57 50 5 72 70 44 22 20 37 18 92 80 63 77 74 25 81 46 53 76 24 16 13 6 73 54 90 66 46 47 84 64 44 60 39 47 9 16 53 5 27 53 83 90 73 28 74 22 33 20 19 13 70 68 40 8 39 20 84 2 46 4 12 58 84 11 84 58 59 34 8 66 63 43 91 74 34 23 16 97 17 16 85 45 22 93 36 70 23 30 61 33 11 52 10 4 30 85 51 35 8 64 81 78 28 98 48 98 76 93 70 28 63 51 80 9 84 42 18 83 79 32 16 99 96 81 29 67 76 54 16 65 79 5 97 18 36 82 6 99 16 57 47 82 72 23 5 41 49 65 23 94 10 20 43 38 56 79 96 43 71 32 46 9 62 95 81 52 91 11 74 24 11 32 45 11 31 33 92 55 72 97 45 97 65 42 46 30 95 42 14 82 25 93 3 86 59 83 11 20 67 55 97 93 70 29 53 9 66 7 72 21 65 41 5 98 54 60 80 73 5 16 65 10 84 1 68 72 83 54 6 66 62 29 16 61 19 22 51 77 15 66 9 95 87 59 42 77 22 40 9 55 96 93 77 92 41 52 16 72 34 18 27 92 91 47 36 55 82 15 89 33 98 53 91 92 17 32 53 82 19 58 48 44 27 72 70 84 33 33 53 42 89 23 9 78 24 97 37 12 84 36 31 45 50 58 60 3 64 53 37 29 38 99 43 21 78 71 35 92 37 85 38 35 58 77 83 13 59 52 77 98 53 54 12 45 23 33 63 2 28 97 85 8 44 49 37 44 66 15 49 74 9 43 42 39 82 43 10 82 57 93 19 51 47 52 70 25 98 7 5 3 50 41 56 10 40 75 53 53 12 88 39 52 76 95 43 4 83 30 95 39 60 61 21 44 16 89 85 29 35 65 65 37 47 26 43 39 12 53 76 17 49 80 46 87 72 14 51 23 84 86 18 73 40 12 81 77 94 86 31 59 5 82 61 16 29 78 67 65 85 76 59 2 68 93 18 84 13 1 4 54 49 45 66 74 16 68 34 18 73 61 20 68 9 6 33 73 96 86 37 84 24 14 3 22 13 9 16 1 91 32 72 91 40 56 59 94 66 59 81 34 80 69 70 48 69 26 46 74 82 87 39 22 50 56 79 11 10 95 76 29 70 13 92 72 38 25 57 89 11 25 76 16 88 40 39 26 85 89 81 13 60 78 63 84 41 71 36 35 86 58 72 18 79 44 39 93 84 44 84 28 25 22 84 95 95 17 35 44 5 3 61 50 13 79 38 17 27 15 37 66 69 1 68 26 88 85 82 94 35 55 25 51 44 28 39 19 76 77 54 24 78 69 88 97 95 17 78 21 50 40 91 42 46 35 37 82 68 24 96 93 96 94 30 44 46 58 57 90 57 91 99 46 68 80 47 14 96 79 4 41 15 59 29 44 43 58 17 70 57 95 92 84 40 62 41 17 13 99 28 72 37 28 81 78 33 82 55 17 9 7 68 60 58 93 8 63 30 17 25 78 6 90 29 7 61 98 49 51 44 63 41 35 86 76 72 87 70 38 9 27 46 42 9 48 83 76 84 46 95 78 22 14 40 96 69 19 65 10 66 64 63 3 74 49 5 95 56 31 45 33 57 10 58 28 64 6 44 84 29 85 95 43 87 93 47 59 91 76 25 1 37 54 12 34 35 97 6 18 27 47 39 52 10 87 80 24 82 85 77 10 94 43 61 13 27 72 18 41 33 18 9 6 28 78 30 85 82 21 63 30 73 59 13 86 78 19 74 55 11 4 10 83 70 4 46 91 65 7 48 27 41 67 49 81 34 36 52 79 47 92 50 45 22 75 72 1 41 93 36 61 31 53 64 33 18 55 23 58 12 83 7 90 48 95 65 9 70 65 23 47 18 9 93 49 78 6 53 5 41 28 54 66 20 48 90 14 57 5 49 67 64 90 52 73 69 80 25 81 18 91 43 92 37 97 18 12 6 44 12 27 86 66 8 88 68 78 15 32 26 39 24 26 17 29 11 73 97 33 35 14 70 17 68 50 74 13 21 71 90 39 62 51 95 13 83 5 15 23 84 88 80 78 64 16 43 10 70 95 60 33 30 83 62 88 87 48 13 86 17 54 52 98 20 5 96 57 76 30 93 24 46 9 93 3 2 1 73 59 95 2 42 41 23 27 80 76 63 57 80 73 51 13 59 30 66 68 51 95 95 9 9 73 6 86 54 23 13 31 24 24 60 67 40 54 99 22 15 11 20 4 82 45 46 4 34 4 3 88 30 97 83 70 82 41 56 3 4 18 45 70 2 21 3 35 88 42 75 52 78 95 76 73 81 56 70 27 56 43 11 29 9 66 77 23 87 43 77 79 14 60 76 44 29 66 79 34 22 79 4 91 55 97 90 30 83 8 72 11 12 66 36 7 54 15 47 45 99 38 90 39 31 79 32 27 11 96 7 26 94 80 37 75 56 24 55 76 11 95 78 10 34 66 56 46 68 62 54 96 23 86 38 67 43 34 76 95 1 36 42 99 89 79 30 64 6 91 61 71 58 82 37 58 16 25 36 28 23 24 34 6 22 58 38 69 36 30 55 76 24 35 51 25 71 85 45 27 48 74 19 73 54 93 3 90 61 92 88 50 82 59 40 99 99 37 78 57 84 89 86 54 20 59 57 91 61 96 98 47 33 58 10 17 11 48 4 39 5 66 35 95 43 35 58 85 52 52 2 46 50 50 12 10 58 19 76 77 2 91 42 63 67 22 25 24 41 14 3 66 86 81 18 18 58 37 18 69 88 51 44 74 22 20 61 83 52 79 9 17 67 16 20 27 34 76 60 72 73 67 64 98 58 59 51 88 75 49 87 40 38 55 90 72 63 18 60 10 59 82 86 40 53 46 66 52 6 31 95 95 79 4 5 24 78 55 7 88 81 45 33 73 65 13 11 53 55 66 79 17 87 35 11 63 21 58 40 2 51 86 73 3 4 38 14 8 21 65 80 12 73 22 26 22 33 2 32 46 82 32 48 28 6 56 76 92 82 68 3 47 66 91 24 52 22 47 67 76 4 90 96 70 98 23 80 96 56 98 65 9 52 81 14 38 57 77 8 43 53 18 97 92 64 32 46 18 35 66 16 4 83 95 17 54 32 53 23 73 44 14 35 6 50 71 63 23 46 96 85 14 30 73 56 40 60 2 42 72 27 5 49 86 23 71 44 78 29 68 95 88 53 61 54 74 9 51 86 14 73 64 60 24 80 38 19 5 59 22 67 58 46 11 52 37 94 72 24 30 44 58 56 62 25 77 28 75 89 18 74 32 66 48 11 84 24 2 97 44 31 32 91 23 75 53 2 97 4 49 78 76 97 66 35 92 86 45 71 41 1 16 81 8 17 10 3 32 75 12 41 74 37 62 72 50 88 73 40 97 72 6 85 97 8 54 10 45 89 1 7 15 23 66 29 53 88 35 58 73 89 89 25 20 86 85 42 33 85 40 30 87 71 8 48 9 48 48 80 69 3 31 69 24 61 97 15 64 10 93 68 91 19 62 38 2 53 50 49 80 81 56 6 4 41 98 68 99 18 90 21 94 79 77 71 23 73 54 60 63 45 37 28 78 70 58 65 43 56 61 4 53 90 89 19 92 73 90 95 75 9 38 59 48 5 37 39 88 27 51 17 6 67 25 37 74 91 93 40 53 40 2 16 33 19 71 42 51 64 94 21 97 95 16 73 59 91 33 93 15 74 62 24 66 56 77 44 19 35 45 98 29 21 96 99 83 28 49 16 84 79 59 88 25 45 81 50 86 87 62 36 80 25 63 4 88 27 78 73 28 50 73 26 71 38 90 98 37 94 75 76 18 81 67 43 83 73 15 81 98 34 20 89 31 84 99 40 52 54 13 96 42 14 54 14 67 2 58 37 88 16 96 41 22 91 14 46 84 57 50 26 16 40 78 25 96 61 86 38 6 19 34 83 4 6 90 91 79 52 11 22 38 87 94 4 68 71 65 77 76 31 29 97 67 29 53 6 16 78 14 14 13 27 59 92 26 52 53 49 11 84 76 69 66 10 73 81 57 82 15 90 70 36 20 82 29 73 43 11 22 76 38 44 42 93 37 66 76 49 32 50 37 67 86 91 18 33 5 40 77 1 38 11 17 12 30 24 73 57 53 12 93 19 51 57 84 29 57 71 6 11 26 61 39 33 93 93 72 29 57 30 73 76 33 2 58 79 99 96 61 83 85 5 5 64 34 64 26 17 75 30 93 57 57 80 51 78 89 71 36 44 22 88 28 60 61 81 42 35 7 19 94 71 40 26 15 41 80 64 77 94 35 17 48 84 43 55 75 77 40 54 52 3 87 17 8 15 19 87 8 92 26 21 67 27 47 63 83 94 43 12 48 91 75 52 96 54 40 1 38 53 99 80 94 67 31 31 62 39 13 2 95 57 20 7 5 1 99 44 95 95 43 46 20 80 2 80 38 57 79 94 38 99 71 59 28 74 51 91 66 98 85 93 81 11 24 22 97 65 11 56 82 65 45 3 25 4 74 14 92 87 7 8 54 90 89 80 33 2 70 75 14 47 2 1 18 93 26 39 19 1 60 88 20 3 45 29 68 24 16 87 80 39 23 44 72 96 63 93 67 97 69 43 99 98 93 53 26 21 91 16 5 85 22 15 64 97 69 35 29 52 84 55 91 23 54 59 32 69 23 29 44 52 66 26 89 38 44 16 81 16 68 29 40 35 30 48 97 67 92 50 17 7 83 58 42 76 15 3 77 31 64 51 21 32 43 18 80 5 70 76 22 94 20 53 24 75 31 99 83 86 96 30 88 91 53 13 31 4 39 22 43 53 36 51 84 67 84 21 71 26 85 61 14 23 83 51 44 20 56 17 18 83 30 58 84 65 53 25 80 13 2 71 12 14 61 56 58 29 68 62 16 84 79 23 45 54 99 67 15 73 11 12 73 24 22 9 64 56 69 55 70 22 85 60 14 17 34 30 37 60 25 39 39 5 11 53 90 48 51 16 90 50 36 43 1 49 27 54 7 68 95 81 75 97 36 21 26 45 5 35 20 93 54 8 23 66 46 41 70 22 23 89 95 74 65 19 72 93 71 54 41 55 51 99 77 62 1 19 48 44 80 39 64 98 54 31 14 48 80 29 41 96 60 18 3 66 21 55 45 80 35 88 68 90 74 26 44 89 66 3 72 65 37 2 27 63 41 91 87 19 47 62 34 15 32 33 85 40 79 37 56 66 10 6 48 6 33 96 30 54 42 2 14 19 59 88 90 60 47 62 62 39 49 37 74 80 85 52 79 48 70 59 43 43 42 34 93 27 95 33 47 27 88 38 26 79 63 68 39 77 48 62 29 67 82 32 72 53 58 53 35 53 2 72 7 19 73 26 16 77 95 83 77 68 59 27 64 45 57 14 4 13 28 24 26 88 67 91 57 88 93 8 13 11 40 60 78 82 7 43 75 64 88 96 55 81 23 93 45 68 56 6 69 11 83 19 66 90 93 55 28 46 76 29 86 48 95 64 14 31 30 77 69 42 79 62 81 38 47 36 51 15 18 82 33 4 24 74 22 73 74 99 2 89 11 62 35 75 84 36 12 20 31 31 92 25 26 89 42 88 9 57 46 8 34 10 69 14 69 69 31 81 24 31 58 98 12 99 81 87 66 64 31 48 6 94 60 79 95 77 40 11 19 97 27 73 49 41 55 57 10 39 66 11 14 47 89 59 28 40 24 23 19 76 24 35 17 11 27 62 11 35 81 51 35 48 47 90 83 2 32 16 77 16 38 3 95 9 1 35 31 17 28 67 50 88 95 68 80 99 99 15 70 29 62 38 93 64 85 42 80 9 43 35 72 26 42 54 19 3 33 62 47 34 77 4 93 64 93 3 57 67 49 72 42 28 53 16 85 95 27 68 44 36 45 64 19 86 43 57 95 65 57 11 84 81 89 37 5 87 44 74 85 88 47 70 89 44 12 8 18 90 70 4 82 76 56 69 39 44 1 33 21 87 28 75 38 48 38 86 87 32 75 52 53 19 17 75 37 69 81 44 31 19 81 21 68 55 98 81 89 97 51 77 61 21 21 86 56 39 92 78 95 90 60 71 9 3 61 54 38 33 3 47 11 21 37 97 81 78 96 8 87 47 79 30 64 55 8 94 96 30 36 3 79 1 54 3 73 69 9 73 59 15 71 34 7 97 85 9 52 83 22 74 18 17 7 21 13 99 66 11 6 6 31 24 90 48 42 80 36 36 31 75 84 9 3 1 94 29 39 46 3 6 52 20 77 1 4 29 38 73 18 62 29 92 82 3 42 21 10 81 4 79 33 89 84 44 3 55 29 63 72 8 36 73 95 67 61 85 91 87 17 70 21 94 80 8 47 48 61 17 50 89 3 79 18 44 19 6 75 90 39 35 17 3 11 63 56 73 81 13 84 43 9 46 6 69 50 13 20 27 64 61 51 10 77 89 35 73 8 78 8 70 42 36 35 56 80 86 44 13 55 82 21 5 19 21 76 88 98 96 13 85 94 43 7 69 2 94 53 86 68 26 83 40 4 90 5 54 13 68 87 79 82 16 41 5 93 71 96 37 74 75 61 77 7 36 13 12 82 28 62 86 7 66 74 37 7 54 50 89 68 63 66 61 6 5 26 71 84 68 10 11 93 40 90 11 42 26 30 42 39 26 14 1 60 7 37 14 86 89 85 20 73 5 22 15 88 55 37 16 22 35 85 8 15 21 30 61 61 9 15 45 69 64 65 61 35 94 80 44 72 8 70 66 69 7 33 2 58 32 44 63 59 59 44 71 72 87 25 13 96 70 33 90 98 42 23 98 78 93 99 76 25 1 54 6 68 5 4 34 58 16 40 66 85 21 76 13 13 39 96 15 2 25 40 10 88 33 42 89 61 30 26 63 67 81 67 78 87 81 65 14 99 41 32 34 83 46 88 52 15 59 19 34 87 71 38 42 94 30 28 51 3 24 3 83 59 65 4 13 97 46 90 10 96 43 87 33 67 85 72 37 19 24 40 10 6 87 61 9 40 35 34 46 46 69 16 6 55 2 87 37 3 18 43 14 99 92 28 74 70 64 4 61 2 72 88 81 31 30 27 29 65 60 53 69 55 43 22 73 75 27 4 24 14 71 81 14 22 25 77 20 15 68 68 52 46 50 41 77 39 52 89 58 71 27 18 51 89 49 32 94 1 58 62 97 87 8 82 26 32 99 50 37 54 77 10 69 12 9 14 43 72 72 50 96 47 92 34 54 36 7 16 83 80 54 29 39 74 87 98 18 43 47 67 13 91 98 24 72 56 64 29 79 84 52 39 1 91 14 10 28 50 11 21 24 18 93 95 51 66 2 84 10 18 70 40 48 2 14 39 77 2 59 66 86 88 48 44 3 33 66 59 55 31 44 56 63 75 95 73 80 83 17 19 65 18 39 65 73 64 64 33 39 37 67 54 84 20 83 59 71 74 90 34 38 39 50 41 82 71 46 23 16 91 93 37 55 73 67 30 61 28 38 24 74 44 1 59 11 38 34 17 31 44 38 47 40 53 93 92 41 56 85 9 92 84 78 85 29 2 36 94 10 56 45 94 29 78 6 21 12 36 19 86 90 24 82 98 84 61 29 84 92 51 11 57 53 28 99 22 67 81 61 81 77 53 15 42 61 16 61 15 66 39 78 58 72 55 43 64 96 58 13 88 83 80 12 2 52 5 34 65 86 77 81 14 48 99 22 18 59 27 95 13 2 64 90 90 73 3 82 52 78 37 27 14 43 34 36 3 34 56 50 58 61 68 92 17 34 81 1 56 65 26 42 41 53 55 30 83 44 81 24 15 11 2 65 89 75 93 27 90 9 3 17 76 94 65 23 42 86 13 65 86 56 61 73 66 61 83 67 40 27 72 83 96 14 59 24 10 5 29 72 52 83 22 20 32 88 67 35 15 35 73 78 40 24 72 80 95 30 49 92 29 18 55 46 80 16 60 94 62 22 31 52 14 27 44 63 16 80 53 28 16 88 44 50 49 72 91 67 15 57 7 88 58 49 22 19 34 26 3 67 68 81 10 2 62 91 95 55 92 89 10 62 54 49 76 89 66 19 53 97 84 42 83 3 11 63 27 29 52 36 67 34 15 28 59 69 46 21 5 72 40 48 65 6 89 42 16 11 16 1 53 56 85 91 35 13 66 64 86 90 44 71 30 94 65 48 68 8 57 76 58 23 97 99 67 19 24 31 81 27 82 12 91 46 19 11 71 69 41 74 23 26 32 97 18 61 13 9 38 41 95 9 42 40 63 50 14 97 19 82 27 9 22 27 50 85 61 4 69 92 39 31 59 96 14 79 3 98 57 62 1 45 18 57 
// di
32931 28923 46366 33898 48631 27918 17855 48650 36291 40130 21467 52138 28876 44315 47882 24213 42127 36992 20879 21227 44238 44593 54025 30152 36441 36607 29750 13192 52750 25727 25553 21446 43991 34074 11507 10438 54132 6802 45215 9104 47191 50480 3058 18456 32737 2502 54036 25413 49232 5601 39613 5066 620 54608 45995 1315 49193 48635 27187 11730 29729 44615 8712 37913 52609 46326 14730 6835 37744 43385 25809 15720 13966 25484 52945 6248 5636 7453 2757 43059 14186 17698 31362 5599 25870 38004 3264 42382 1048 40570 1265 9764 7565 13281 17490 15060 13687 10715 39956 38244 25079 7530 19431 30652 20011 7672 18536 39929 53080 52904 33621 36642 52187 47114 20787 39978 23391 27987 20566 31434 6732 44933 19294 7323 54580 48648 43674 6698 32340 30252 38741 24354 22764 9000 30107 18975 30968 7470 5444 45849 13785 8230 52821 54483 13087 21490 35437 45594 28500 39570 9398 49622 12750 38229 28891 4349 13013 7419 47889 4999 51761 31127 182 7087 23105 40449 32277 40248 3472 16278 1967 8884 28672 12397 48198 36973 29372 54036 45766 46299 18852 10091 6666 27691 37283 23163 17576 17526 5254 51318 44769 19350 12221 1650 53740 48366 47948 44946 29514 50210 27088 35992 15699 27346 1655 4888 17360 33830 45660 52707 50663 23688 54162 36765 12561 8790 21314 25093 11578 25056 12745 5599 47932 17245 15737 17597 4830 27188 21041 46468 25978 12983 3698 36835 28187 21630 13021 8252 25047 13740 20262 46643 22348 18580 31824 366 5411 17741 10789 43074 47718 7830 16846 12952 35378 44322 6563 33315 50481 14738 46164 970 26004 49443 3624 4062 25601 33700 22191 48299 52058 43493 43129 50354 46721 10327 11121 10417 39443 34430 28495 15246 6839 31556 25670 46513 51409 49239 17235 54396 42600 11260 7145 52508 19674 3508 50224 37229 6543 1153 19695 43958 35914 18145 50600 28448 8308 1331 37333 33752 38953 27057 325 10241 41334 23149 24272 12748 18049 20431 13285 8682 23696 30845 16794 19083 45022 4702 18091 27137 18425 46551 28819 49470 42629 15812 46742 49954 31173 30368 7735 52786 35900 19107 14883 4449 48518 54478 27512 26917 21202 27463 35341 42244 41022 8439 9661 42527 36944 10871 19438 32921 21635 1299 25708 54781 1450 43081 13158 9033 14470 29386 4701 34200 16233 14711 33247 50464 38073 37931 15398 53068 24112 35773 24532 34578 7732 39765 49798 25522 27292 13182 5082 48957 47058 21116 42244 42699 7914 5121 45737 20612 4620 3741 19865 50579 5987 194 24503 13055 4943 44373 45607 33575 22186 35202 9843 29621 15250 343 14424 37222 22915 31174 19843 11031 6244 11378 1372 1728 46712 49872 50961 42240 46803 38530 14972 46826 18549 12901 44349 10899 29220 22896 47671 32124 53468 46624 38453 43078 12047 31503 41292 4514 12979 48213 25976 8420 28096 21308 587 36487 14116 23229 12268 41185 9339 22373 39318 23200 7202 31504 26939 48472 20293 5374 11805 20141 17380 24309 192 42092 26570 40410 25643 19730 20520 1529 22868 39247 22098 47497 21301 31533 13376 16090 12516 54618 54561 19668 52622 20295 50067 54093 25683 37725 10649 32433 29595 18215 10151 36558 54383 26531 31766 25964 9464 40276 5908 39139 4587 22106 36686 29673 46701 12098 20175 52242 13876 2491 10486 6487 27791 33636 47750 49925 41986 19262 51755 30361 26302 24720 19386 50508 41885 23998 23600 8139 23310 26221 19548 5097 38961 52081 23600 32196 8389 18757 49037 51983 48515 40638 382 47470 6425 47026 52843 41248 4452 11641 33232 17095 13076 17119 51773 3648 18403 1367 20815 22282 45763 33809 31854 37649 50834 42961 40046 39252 28695 51340 18612 54735 30616 368 53390 40077 33110 40880 40031 22616 3163 33826 48250 44878 16560 6933 19734 52798 50445 41125 49186 2470 36720 36533 19328 29749 14139 43347 35866 52070 5064 42885 13911 3599 4465 46911 51902 54329 51460 1384 8822 28254 17497 13468 31025 11118 37554 6516 8371 33616 43288 34693 27798 319 24604 25969 41923 15382 15427 16913 25066 1766 35054 36267 26672 47457 18085 5003 38007 45125 26003 22416 53495 7520 6351 12795 8462 30874 10479 52740 25151 17766 41539 47311 40906 26885 26447 49327 794 12103 25700 38999 18250 4801 26528 44873 42774 37895 29271 4152 40066 3406 23538 51998 20114 12871 46277 38524 22749 17709 8944 45253 31933 32765 49229 31941 46219 54103 44505 47448 3479 22779 27934 10820 43301 53365 7691 28397 9125 19088 10380 19604 15640 24651 28195 27905 53867 22331 42596 17174 54915 33713 21574 47607 5100 42958 40814 22854 20152 43463 3427 8615 22419 2015 39749 5219 9040 1131 36773 49186 54561 24468 44626 5317 39160 51380 46515 46495 31240 16943 5710 7654 23118 13599 47047 31134 30030 43004 9004 37340 3573 683 1254 6676 26860 47952 9947 6502 15925 26818 32137 42253 6621 53779 16179 13755 2703 49220 11076 46974 12260 10239 41872 18512 3573 18274 14379 23962 17077 24419 20496 13377 19739 48275 13706 45088 21354 12979 26157 1869 27865 17129 13477 48968 53131 21165 45817 53834 4808 52926 40788 52494 54333 42851 12868 8864 7207 49173 32612 48012 52522 33800 24673 47670 44520 18365 48379 27276 35563 2828 6679 49752 32228 28486 36209 54894 1260 41815 3898 1324 19312 2616 38813 32734 36725 28237 11821 34746 25844 2675 44334 47966 48212 30281 8207 9871 12400 49039 48255 54304 7654 28131 825 34207 44453 34890 39274 50230 9255 27200 38847 51538 50194 32845 35738 29189 22321 48382 2082 49962 50387 13159 37147 33472 19043 8782 41840 54968 5059 49074 21115 17826 19190 22206 15886 33407 19374 35306 45518 17650 10627 29812 3651 18116 54311 22311 21301 25028 8845 655 53875 49914 6996 21013 14625 23407 13118 3882 23012 5756 26905 35470 53991 19242 51790 45913 714 1698 15016 1627 48786 30422 44791 44247 3827 39450 12250 36190 54850 52633 35413 36973 52878 32192 25575 30125 46119 52932 48176 23685 15771 30185 43794 21321 36311 39694 21884 24237 7537 9426 48579 36040 29444 36926 16432 53373 15907 43091 5649 18259 21801 9325 26429 42396 46616 11588 7664 45716 51491 28531 51442 15093 46845 38914 515 7881 16134 3852 21282 50893 2183 31465 2188 35883 3274 48130 1808 48589 10319 47436 1259 2659 10119 50423 4953 41878 42845 45935 29956 14962 31535 37683 31675 22135 19041 37676 14228 23960 26551 36987 8755 30505 18938 19516 26629 21702 18356 29126 20517 53088 38020 41883 28046 5439 12641 49940 6298 18730 40383 10330 18865 10011 16185 7116 33914 41451 1353 9840 50548 132 47477 16182 29708 10401 35055 53917 7163 50676 50648 28364 37547 26082 42612 9586 33871 48875 15691 34567 2641 20100 53897 6443 14867 46 3984 45141 21617 9173 52174 29100 1825 26571 41330 2399 21708 35316 49475 31025 14783 23878 46707 1112 34927 24735 23571 1114 23582 13147 51292 7059 45770 25557 25964 30952 36688 3889 46144 31561 1980 1735 26209 10956 45829 15811 30469 38362 40348 27956 11073 17037 16647 12328 42754 28257 53645 34021 47080 50476 18250 9463 51152 18677 52160 45166 54539 53905 15585 6186 48523 17726 27150 7817 47243 15242 13113 45233 50258 38253 24942 45627 51665 44123 3697 4024 46030 34721 25103 6897 12177 20894 46669 8583 36016 17591 44291 20301 1689 24048 44207 34516 6891 52890 23148 7452 29026 20382 20166 21172 37133 38560 17791 25516 18015 44724 6866 30582 53365 35322 43648 47948 51008 42739 12090 1651 7618 35013 13959 53761 48072 6955 22470 15735 30926 51880 54885 1957 1412 38630 29973 40894 3517 39483 40151 9931 36755 53420 42933 39039 15665 54263 20726 17004 47163 23116 14089 19493 43292 3035 18849 9866 19326 14301 44254 53129 25595 45907 54126 43380 48399 45342 48695 21568 6413 26872 38110 49922 36929 54212 30172 2094 49732 21915 31326 44176 53662 5280 14085 7458 38974 52670 22595 38055 17273 12790 18867 4511 21931 48426 46842 30272 5615 51331 47521 37906 12002 9697 39170 29437 5679 17742 51312 43693 28755 7061 34329 34100 22919 31352 31987 40990 20555 21672 45172 51051 8805 11705 1112 46935 24859 4641 12273 33372 17007 40968 52205 15146 48515 43935 53723 39318 12560 36758 9137 25302 47778 28603 20136 38995 18027 30891 6894 42136 11808 16192 31262 27562 27420 79 6642 50091 11550 48402 50371 39424 48398 46091 42699 43544 22650 6595 51269 38440 45905 25595 30444 36930 12895 31946 12837 8083 15690 15805 42969 25933 40828 1135 34240 11602 21858 6269 47764 989 34722 41471 21573 38521 41897 5930 40331 52604 17375 30118 38940 16534 2653 50986 9419 34593 14071 34591 17044 19364 2210 20463 31442 53262 33008 938 1065 18327 20325 29746 44186 45698 42993 27765 31326 48818 37051 38068 21874 9246 32943 43827 29834 39680 42690 6818 4445 53754 51044 21903 7981 54661 3803 31206 13969 15394 53583 4343 2882 35143 48196 312 54500 47610 40431 11345 48518 18732 33815 50380 9984 23734 41797 31859 32265 52315 53832 32439 7004 17921 36174 2021 18224 10809 14768 52522 30863 39944 24344 6442 52217 38050 30984 7825 53888 23660 40006 39952 21740 19657 39102 51128 43113 43832 3700 32371 21294 29860 17100 25249 35765 25411 50436 40949 7104 28298 6252 37232 38950 41302 30152 6554 6468 36546 44463 7110 52973 31605 48341 20321 13998 22359 47810 46740 39454 40301 2156 39362 49770 23796 34357 34929 5581 38637 41699 14558 38236 54994 7779 7441 28062 97 20600 9240 43228 23690 54748 26397 42643 52364 19844 8046 27002 54887 41314 30271 4792 8254 24589 23342 54346 35462 11945 16257 52070 1023 47724 5746 40524 38635 35848 1837 9832 14268 54044 6474 10266 644 15907 51157 18971 27482 42350 25589 18066 48124 24289 18892 49921 9274 20685 31562 32616 18781 10528 9706 8122 9880 21602 4081 37353 42220 34699 22770 24460 569 45572 27508 50625 34564 30177 29981 47070 39067 8029 40026 6425 36529 24695 8610 51900 12032 22423 1279 32477 36897 23282 2414 30258 2614 41735 33249 36646 31500 28928 40161 37391 20882 53418 47711 24310 43403 47563 38524 50621 22688 32903 21775 47685 44829 8160 3 36356 32942 21745 2132 18971 47395 27430 14967 47127 6513 153 35490 49675 4669 10241 14014 4580 38927 30256 9308 26500 24801 50968 18791 28799 24902 39862 52941 33346 3069 11409 43678 38485 45835 41498 31279 48298 10382 41350 54861 12669 48978 30851 3719 22735 44999 54306 8565 5294 38178 53879 22008 31021 8707 53093 44586 22748 54629 38672 27128 2079 40786 1429 3509 49542 20172 30440 22882 18998 40610 37519 999 33427 46852 50905 43421 9858 52892 39934 42174 11105 9310 16674 33736 7480 17341 3192 29057 28297 23339 38904 42638 42972 31174 14934 22030 49118 14356 35038 48142 46311 34328 43836 54704 15777 5406 17519 35474 3101 46991 33379 7809 27712 32037 18296 32982 53505 21891 17691 43330 36321 15833 2439 253 4023 5575 26280 48282 24030 19797 25500 22096 33488 28198 5790 26311 2258 19068 54434 9202 26953 34443 37539 36773 34733 25674 19521 21431 6581 6352 19961 17148 24149 2508 40344 44055 32742 17088 32258 31792 24732 39587 8945 26517 12995 15778 14419 35809 37060 6997 21307 45410 18470 46882 48014 24637 17377 53298 32966 37125 54101 52677 19898 2452 1898 37472 17519 6057 21290 16161 22547 44354 44947 4307 52828 35848 4904 36127 50254 26432 40213 39436 45552 12086 22613 769 46185 47833 41065 7461 25682 37052 51205 48970 21116 16875 44613 42089 9299 18423 13341 14301 21921 51956 30117 12013 32830 47071 40508 7475 33986 46762 43169 9260 12864 47330 50692 16686 47928 9395 1011 49852 16718 53451 23758 29420 42632 36744 2246 15069 40077 40692 30288 8980 32001 19049 16848 22751 24201 31990 49537 39126 40479 41658 25465 37379 15597 10293 22868 54921 28049 34949 25044 24564 5771 25442 728 13006 31815 31355 8459 36087 32155 52241 13392 16331 5952 54643 31136 9437 34199 46380 44946 34493 10079 40747 54763 52758 14339 19800 43871 13986 32461 14670 27899 42043 3164 8105 50979 27689 40114 23681 31714 46022 50513 5590 18409 14196 23661 53110 53352 54566 3636 24482 7592 30597 10802 34130 45704 12527 12117 41846 28437 37121 45241 53847 49313 7544 22562 43621 14964 51165 16931 1188 10889 43226 37386 764 46941 48627 31606 43877 16014 4945 11778 4440 902 34240 7437 52852 32043 5192 42642 35830 25859 23277 8465 17298 38425 41318 12415 54658 4989 50824 36161 27230 35263 36853 13464 47716 53925 30493 37809 19324 24586 31435 54478 7193 45238 32276 13258 14363 54830 25868 34528 17518 50264 25734 35238 53509 22128 6475 51858 23382 9742 45244 3915 19216 53939 34595 43269 52107 10629 39068 35483 4527 41070 4707 32113 14444 33455 51916 27738 51368 40533 48921 23722 3169 26237 49641 36466 45675 42920 51654 958 10006 49794 18783 1958 33404 19828 32144 18661 46363 29973 25979 25008 3254 32840 45803 8809 8839 19960 1127 33303 30681 2442 41313 51811 53822 28239 30883 17472 23759 26646 25105 25472 35054 26269 45285 39093 8630 10651 34722 20519 2374 25277 54598 7067 430 34112 42353 34388 6183 15127 67 47354 46396 39877 6981 15333 7715 21569 37992 46189 750 17144 36550 32108 22081 30280 44373 21959 48753 23093 12625 8223 46418 7064 47722 24336 39018 34896 7510 36913 5734 7746 12096 51814 52795 26184 18439 21871 33664 40782 17701 10107 17632 22406 15496 11723 25704 48059 40929 48459 48242 46253 50486 21636 35988 17035 30316 18550 21495 33289 6061 14690 2058 15446 29979 54444 9506 25953 14819 16334 27340 49768 28208 26992 3796 48691 54237 33358 19052 36659 5816 8492 19426 18262 11701 28404 6442 50973 42439 6737 16623 35412 19504 39614 491 42958 27379 34652 39711 29237 29635 39112 9291 50132 572 18003 10442 17834 17746 18035 18491 48283 2048 27452 36136 43203 39539 7662 40336 23732 14011 20200 47510 6425 1737 20427 18106 11801 14343 47382 34751 22682 19409 5450 42642 32956 22800 52939 34337 2591 40361 48372 10855 36635 46662 20720 54925 30090 22208 12007 35080 43801 48663 39773 12851 48641 26266 18330 37479 52444 19388 12276 23604 53042 7203 31578 13055 46436 32440 39558 48034 19957 9000 51271 44917 41866 676 47236 10670 7719 15296 33525 49034 25355 46265 48800 19291 20981 26380 21323 38289 15318 34735 54353 9620 18671 37282 33220 39272 25636 16575 20792 28523 35373 37077 35820 37973 26310 53082 9148 44080 21340 37985 37693 31333 26324 50963 21472 12038 25996 49233 26 51216 16919 1680 32528 27108 10188 37433 44476 39038 18853 54988 42570 8277 20073 13980 51667 46082 2394 44691 8848 23935 46234 19728 52456 32332 40052 658 44958 7182 17315 20832 31262 10587 32328 49976 20064 8488 26770 50737 6758 42835 48925 21076 16000 6307 6369 48978 38421 35522 27048 51781 12975 2338 17017 30778 48466 19214 39318 4001 54144 35833 13352 8566 13936 30028 35368 41188 6608 6228 34142 42041 22918 6846 20342 38408 11125 38925 2225 29071 31557 23843 47811 18965 40537 50036 33370 8929 22111 52804 38487 30198 27543 32632 10153 51078 18054 12628 3337 45829 15419 30854 29310 24978 52230 40647 15104 24212 54432 20584 26181 27590 29772 31492 7875 4289 51736 44786 1764 45658 25544 40463 13328 40059 47952 2612 19147 11656 26435 15810 39262 25724 33941 200 47259 11841 18237 1214 15988 7862 308 42868 18708 14415 52024 19663 19105 27781 39724 37452 38420 28032 19150 34046 6094 21841 16462 34458 32618 51829 18987 28766 46486 9794 35830 12955 40451 22712 31394 1526 2255 43801 7792 22913 38259 54777 1759 14796 28579 8891 38926 54799 15043 51214 28720 29583 8777 18362 1632 40561 49070 37531 3906 38164 6967 4995 52430 25439 9989 25457 50667 2984 53294 37634 51425 35667 51082 16341 33984 24531 3658 39674 44098 40812 37540 12998 16013 13125 9955 6270 54929 10567 7414 17281 41890 28801 11068 38104 8970 3036 32582 52359 22175 47244 17727 50516 5587 15892 21548 43552 32482 54647 5873 45217 46633 9014 4164 10844 37239 6369 51288 23253 44410 29659 32236 50800 15281 17115 12850 18285 14726 28019 8922 13647 3870 12331 16457 22605 6264 12792 21364 36544 3767 14016 54762 5023 3698 17065 1003 14496 41708 103 25213 13870 13080 54325 47777 3135 32296 54803 29983 22639 51135 28295 42729 13045 38175 30848 53686 24824 44465 51316 4761 42937 18240 35202 51200 49593 34963 14922 807 1444 50450 45972 9846 821 29669 3968 3166 42353 25851 18166 34694 14086 14562 43049 35723 15624 31767 47215 1646 25711 49700 24248 11556 16840 38206 26661 18405 7187 15666 9674 19471 16888 7853 14575 24172 40278 41922 17207 22824 27937 4771 50112 29952 52615 18418 3525 12792 40344 37219 51558 17078 23011 13743 26395 9721 29793 7147 41695 52035 4743 16066 13587 11264 26935 37980 33928 36362 22149 13784 11746 30450 27624 17801 15469 4193 10376 36850 8862 21124 20764 44408 53837 4888 4119 31414 5682 25755 25733 17330 51729 2547 22018 20639 54710 13172 36279 30054 29911 39222 29338 33422 53684 12717 48189 50441 30514 29989 15173 6214 5088 43429 22407 30378 30823 2840 4273 13328 50295 46853 7690 52248 38918 45212 34718 8274 14962 24534 22381 28430 50711 35110 34060 27511 13558 24924 23656 24593 30366 2821 14860 7866 53827 40340 4873 24955 44821 29831 47535 20661 15495 8138 6997 24501 22719 48114 36838 44693 35145 4184 25061 25145 4885 27099 37696 42555 38424 52471 39131 17783 29886 42328 50818 54787 44722 41447 37652 43713 41212 41174 3623 23981 41122 37987 19114 33192 13366 10246 52982 52565 52206 44757 13101 39085 11828 2991 26935 52352 34290 22290 53611 44044 51059 22563 9509 42915 13991 34788 43955 32010 4040 32447 15233 42872 29398 32357 48218 20299 28356 34501 53804 17655 25521 28585 1305 46545 54831 45975 47056 20828 39844 16713 14092 30196 14398 40976 6799 20420 33273 15545 15136 8638 26679 7276 7979 11879 30075 48287 39906 9904 46871 34187 2560 46832 35355 19858 5004 1622 48907 12437 36790 18451 32841 25232 14111 41228 2511 10043 7893 2076 36986 30161 3431 54974 8114 21615 39796 49944 56 42606 35023 3132 35050 23576 23292 3532 8028 10373 14470 16027 40256 7430 50353 5481 9221 7122 51935 30102 23947 38423 39874 26277 44860 25947 21358 8814 45108 32718 30577 23343 25795 35225 46436 16092 23367 22555 36139 25236 37835 12824 50694 48782 6616 54988 8641 53658 10422 6228 198 45744 7984 20045 26611 21902 20404 52345 18556 9136 20652 52938 6919 35222 1379 41804 52355 45636 40511 49975 50049 29617 21527 43838 42689 23901 9148 44386 18455 31932 14010 18817 30573 41426 29610 20565 19890 32666 1821 19033 46605 44144 19225 11980 49990 24872 45725 48300 23208 38420 53944 42261 35643 50375 21596 11556 44630 41103 33525 29140 19010 27809 42494 8227 8241 29953 49693 29917 42793 11126 35478 39947 37077 8915 29905 7324 43885 10668 38627 16916 28613 12385 31922 47711 1970 51757 27981 38059 37065 19569 28463 32187 44150 36916 49395 25258 22983 53074 8208 5055 53544 17136 10809 50798 32276 38196 3987 49976 30152 39508 31459 53436 11919 8775 11092 21319 20925 3105 52137 53003 6000 41429 31867 5401 47282 6235 53672 50737 18317 25 41670 7036 54105 26594 5823 40511 22728 51670 30922 25993 23618 1589 29624 11170 36250 22482 43203 16415 44438 41432 30615 43681 48539 30362 17602 40677 2945 48269 44566 5401 19246 30085 36292 52299 3675 42560 43254 41951 24227 24396 10245 20873 743 49217 52807 31473 45014 1804 46289 35857 46228 8283 54855 26377 15109 11163 46352 44723 30017 30409 6499 44542 30546 29100 5665 31312 5469 2542 48659 2830 47747 36130 38297 21764 10593 6811 6787 36254 46848 53881 8224 21004 29597 65 44380 20116 26867 6350 28504 19198 47925 13202 11162 43527 23499 2816 2345 28174 17101 25150 42496 20642 42881 45818 52168 20738 27357 24891 34351 12559 21032 24799 27157 52093 43571 50590 39122 36601 21792 9257 2335 29977 19694 31161 41147 7092 40275 53309 31867 20631 16617 28250 633 28294 37532 9802 9049 51189 32171 18313 24612 30132 37104 54613 16720 10340 50152 18177 35206 28059 38152 34736 16523 53756 36197 33762 23629 35121 50653 10183 28110 26411 21479 46367 33482 52445 30821 45835 35088 15940 41831 15671 41890 33565 7022 15574 32309 26788 41951 7167 2886 14333 27670 1116 27473 42041 51340 45558 16130 36703 40542 20183 8059 297 22611 23483 15614 3323 53031 45761 21842 33942 32799 42253 47117 51118 41429 4099 41623 54581 52385 24588 24044 11213 26057 27518 47319 26077 37174 31952 48817 16671 54501 47344 44901 50744 492 18882 3269 19623 49796 30415 8784 15728 21610 26 30452 22866 54309 39530 4005 35928 19670 51660 45350 41555 36579 30304 54626 32355 36923 27635 38716 28461 46566 27807 33393 9477 1605 43554 42374 3121 34006 23655 9514 49040 21164 42094 50223 1629 7479 41010 1504 24186 4357 19387 42079 12962 35949 28087 35227 19972 34480 27392 12533 38194 54649 42625 38102 32625 2475 34150 54909 30620 16826 294 52269 33477 12260 24070 17648 30003 12255 9773 46050 41570 48396 29141 7414 54438 48515 8403 16526 33625 18151 50284 15416 40155 14562 34907 42295 21308 42888 5500 5042 9535 42549 45592 44288 47249 21720 22178 31949 7532 52618 52977 29540 200 48271 22099 40122 18578 9697 21430 40970 7469 9208 25867 52687 52213 42085 53067 35539 37420 49974 35030 29694 1713 23416 15842 35261 25631 35265 24546 2548 26340 17655 52313 45927 29433 48892 38157 5559 53075 19535 33449 2975 54858 3512 37902 25974 33544 34544 34707 39712 10040 51365 30838 39163 15823 49971 31775 26185 23770 50518 6052 47569 43364 4224 13208 7061 13330 16791 33244 20412 45943 43399 17272 33954 12032 16811 20548 19846 12537 48764 24853 15884 7097 19321 10528 16854 5328 5920 9806 31886 53755 37653 44285 54837 51578 31454 26325 36189 28235 18981 53215 30887 28264 25504 36323 13081 53352 13016 6474 49732 1936 32730 48936 52017 31700 1671 39297 28964 43917 36108 17712 2694 18290 34866 43820 51620 54772 7131 35864 14295 24149 10258 48736 4252 41634 13591 42744 19082 6590 49231 39982 52534 37244 52801 5708 4341 49143 569 43788 19602 54121 50404 24337 12791 28808 28235 27983 32358 3627 39480 7360 21123 23459 23339 25467 34490 3443 44743 26064 44098 18970 25296 28502 33406 6944 27618 34670 12655 44698 29589 45980 48482 21925 16838 8499 40497 54755 18307 1226 12428 27761 30114 4524 31377 28909 51623 50109 21901 52731 565 23342 15904 42677 49866 34044 8179 37870 53331 20317 26851 20371 14515 5186 3200 51040 8355 50572 42467 6707 16959 22006 36613 28423 22046 23906 19378 40357 36015 22761 26598 30827 22336 44207 30266 43967 15033 26784 2813 14869 36465 10221 17423 13923 30941 36348 48649 53324 42619 26079 7100 31847 9478 11352 13798 39205 48440 32594 47737 99 27545 46579 43893 53237 27499 2229 49308 20303 37436 39989 1902 26140 51997 26854 3382 33906 42225 39582 36390 15003 32522 45525 35647 52915 61 7546 17662 40291 15931 24574 12039 26427 41650 36319 47380 4608 46383 35156 30339 49054 39650 18080 19771 10180 6539 27349 32313 9480 42784 18199 18074 8562 7452 18335 19499 45734 23140 7945 25009 34608 53942 40223 19492 15875 39750 7425 6663 2854 18252 39520 5606 51774 11359 17367 49652 3017 15954 37192 2098 27169 33659 13043 6350 26194 35374 26683 4860 26969 45162 4144 19781 35132 18828 31710 33922 38751 20493 28697 22577 51177 37533 19983 12500 4819 2751 52743 36637 43230 44088 31339 37386 13205 6970 23856 41768 45925 24538 11102 16043 10675 37995 23512 8128 20802 36853 31307 14497 1810 30748 45299 39752 21784 14874 48080 5304 2902 43307 9764 9195 9872 54345 18558 15557 6234 34514 54302 21788 21621 54151 22450 39397 13685 30417 20389 24678 44559 5060 32316 13445 10623 7054 44892 39000 15921 47829 8894 50797 53344 46468 2611 5588 23023 13226 3439 48654 34396 407 13025 49338 9811 31978 14862 40520 12984 21855 2633 17145 43434 46446 42545 31151 28274 27580 38647 52311 3055 5818 51618 42940 52740 4278 489 12168 50479 29286 30015 23308 28551 3497 39779 39190 40194 728 20227 48099 37886 47586 8968 17924 36480 9139 26305 47581 39731 8257 2550 10899 7043 26372 36902 16175 16586 46706 3789 1615 54685 21116 47776 41392 491 44054 40690 28327 42825 48487 43624 25798 43309 9640 29340 19664 47195 9461 41516 22259 52485 45934 26149 15917 54765 51927 16824 9237 7715 26331 24219 6005 3600 3076 21133 26905 3461 49633 49825 52349 10764 16839 32738 10650 24824 43474 31953 47076 8992 34962 16686 32514 41552 29370 39285 14755 23884 6449 36063 6331 40671 45838 51608 32957 18897 5121 45644 36425 39570 7051 14017 37053 41110 6969 11383 7646 38281 37041 2583 18370 11981 4784 4320 35283 1494 630 53372 30233 27151 31114 15173 2223 2869 1397 41900 35475 50011 28185 6774 39111 10394 44371 16254 18263 30524 5737 7422 30132 32584 38908 38949 39549 49706 34030 22680 15584 11028 48758 49896 28051 33330 48687 54100 5172 32625 32030 47118 26787 47471 26019 51150 49543 25799 27137 24691 24772 7174 42462 40144 39051 789 49300 27239 26621 43495 14969 38176 35862 54887 46616 14077 1012 33427 11971 32856 11094 39449 53481 13543 25723 30008 12030 1340 17194 46911 465 1694 3690 45783 41475 34247 51549 22999 45677 20276 14056 18390 14189 53100 24649 44021 37631 7496 43684 318 50006 20191 45358 27702 40279 27374 7946 53348 27167 27404 37025 47604 501 49681 15049 23751 20472 28375 6034 20541 11984 43844 13577 44683 18750 52208 24186 21795 28124 19689 21580 14764 43225 52147 10787 25920 9938 10944 9559 21226 28547 39973 52128 36775 3952 37199 20098 27807 33786 39644 35685 1301 34248 53307 9652 21235 30943 17744 37317 12397 48594 45484 47551 5281 28440 7050 1072 37709 50287 27159 28675 28379 8394 26973 47530 44962 48497 29752 46591 54370 25569 6950 242 21339 51485 13156 50019 13190 34490 36744 15401 42378 13529 44652 2342 14758 30540 35163 39244 39807 52869 45975 43984 26932 1520 30157 37962 3596 34609 41271 8835 22078 7156 11085 5554 50476 46044 2926 153 12890 52143 53073 9631 52463 10938 30145 12726 23894 42557 10196 34044 28675 41078 30055 42339 34183 12758 7005 54868 23065 48163 48621 6782 8276 10294 25079 12226 41856 30747 10469 53617 42566 25529 38435 9994 40905 46524 52567 10967 762 50916 27579 37806 46970 3242 19427 20996 52301 49421 17723 49054 20272 22821 30475 49422 53870 25645 32115 995 51894 42808 15799 49483 47554 39506 30632 7170 29113 10356 27300 49663 32348 20101 21207 28211 38265 51815 37818 4286 24771 44060 3227 32422 19296 39873 1180 54885 26523 35757 37717 8715 44590 20160 47611 35816 10840 50912 35832 47212 12040 4337 42836 50565 42730 49035 53788 19574 22351 9590 52111 45414 53403 41828 10487 28854 40792 51617 18529 49665 1701 45180 41295 39243 21537 31213 25631 9150 10389 46821 49713 48362 50854 13802 37845 27607 40365 35128 19110 47690 3113 17258 52788 19114 28445 50958 4625 152 21428 46064 4909 6433 9547 33705 46839 13425 24822 2726 27638 49233 6327 19423 27499 53427 9750 5576 22268 42583 42040 2204 9296 46107 36999 5600 42340 8184 38814 13675 8482 30950 14646 51369 43257 27605 27462 53400 41316 19541 29906 38878 26236 3401 18516 34910 53530 30033 45667 54759 54094 51355 32999 40261 41843 50844 18739 12175 18913 54241 19493 48297 48587 20085 35137 36383 37715 14101 5356 50934 24913 25575 48480 22227 50096 42055 33082 1419 8898 15063 45266 3353 10577 15002 19809 14092 48577 8913 37148 48975 38480 9659 43080 37725 54128 1442 52784 41831 33295 47689 33437 30250 38053 33040 21563 36240 18864 4793 12388 10712 21839 26910 11035 5239 7553 27600 25834 524 29885 159 24936 12874 15449 1442 32238 4950 42347 52935 38221 17145 813 43595 22942 5441 31012 36670 11277 27743 50660 30742 46487 1058 37436 31588 34748 27225 23297 41967 3530 10915 33570 30629 21177 15228 36977 18147 32326 22561 6876 4576 30661 17047 51501 3491 16391 10392 11429 31990 10002 3091 43981 5938 48843 52311 50565 18211 35174 50010 4223 33424 13284 15169 47098 18847 8475 8794 39061 390 4599 27433 45770 41186 11302 24027 48920 21891 6935 9571 45544 41589 21852 26741 1684 36524 34302 1197 4250 39093 9117 2060 46082 22720 37569 24414 30713 40169 12732 13162 50530 34947 37088 37378 35431 30666 29428 49324 30702 48068 1884 7476 42478 46 16045 44186 1327 4499 1586 2403 37717 29225 19354 6410 22664 34949 49808 1482 27136 50238 48783 48446 44271 47889 24040 14904 33242 49986 35510 24581 21165 22652 32282 3178 38341 51249 2971 36133 54618 39328 40088 883 3065 41538 400 46413 28455 20947 38910 9878 37074 1195 14163 41339 24430 32773 41106 18117 14706 16199 30905 30013 34765 29057 17791 27070 38964 10617 4204 30203 35342 52129 34416 51915 35200 3243 12462 33462 5356 52554 12785 53848 14351 42305 19743 42921 17760 28034 5104 42084 41850 15200 34828 45726 27998 40574 1187 10596 22279 9051 2781 698 39494 9574 19300 22470 21201 28120 53899 45732 51903 11763 51632 45932 29085 8552 42677 19080 49114 37646 20927 37623 31749 11331 41774 51024 24084 51961 40035 19348 37920 7577 28276 42968 33554 11280 49483 3457 5034 22476 18021 30847 31815 17450 24721 5495 12842 23972 21902 33358 6851 13760 45112 46139 483 48835 47849 34710 17458 41220 18398 22569 14292 2060 11592 38264 4458 37875 38285 7847 48612 1259 17349 37288 29913 26550 1134 37697 354 22965 46963 1574 47593 54153 48159 30448 7865 54929 39644 7101 27137 50635 13437 16498 43263 46301 47602 35360 38044 31388 31169 24958 23231 31138 25825 49070 12013 42559 26499 11856 12742 36084 16825 39378 15255 34549 51379 30468 54737 51561 34499 32735 5885 10754 13880 27321 7689 26996 15812 18146 39939 28436 15627 38747 46156 899 11870 3648 23473 47161 43636 32752 21805 22816 44416 30087 35854 21760 31517 35956 10931 32100 28387 4585 28092 40901 7365 7312 50576 17794 52651 28364 31954 13713 43990 15358 38777 13833 38580 30144 51721 41975 9968 35794 7587 39792 54036 36871 11998 3177 38750 14263 39575 211 35687 3267 32507 15564 3142 42828 7104 53853 53008 13749 22314 37362 42084 42622 18763 3031 109 18044 15032 32973 18033 46621 19625 50438 47946 22399 12305 28569 31023 41216 37878 5489 44830 17093 3624 20821 25981 25673 42053 26863 4014 19674 18508 35012 16546 47801 12169 21504 10451 17687 31207 46531 27257 51750 21917 4528 14213 53664 7836 11306 17227 7418 53336 50420 17415 12023 13471 53524 43941 34779 16179 14597 25227 41019 45661 23541 33452 37852 5704 17336 51699 40680 43356 35061 48634 48717 1605 18352 29379 44295 46100 3993 53137 20439 35936 33032 32195 12961 49853 15667 44650 47760 25847 53500 13771 25996 18236 15643 5007 14065 44638 37316 51908 5016 10688 4850 50197 14234 20546 49653 52248 20392 8464 51828 28283 42289 24075 48275 38483 21515 5017 18504 35779 10393 53286 49685 33680 51459 32174 8463 21002 39726 27285 10427 35421 54539 24809 42856 31436 6524 25154 38069 52927 41828 41922 49614 47459 7421 31051 44529 6854 41519 51576 33705 48199 49075 4331 7790 11973 42858 24764 2458 52847 41603 48888 39621 39666 8622 27695 38374 9239 16577 26902 6100 8065 41566 48943 27315 23751 54928 47469 18958 54533 11485 29763 33565 52461 3464 26154 26050 32359 5839 22567 37685 41836 36725 24669 48236 44944 33451 40161 23736 21184 28456 20930 12214 22946 6106 40989 8571 41982 38811 24018 29292 13792 502 4427 34994 7774 21973 48679 42614 53220 1043 5739 23679 6080 25520 14722 15587 13232 16702 732 10389 269 33185 11357 5031 53443 21366 23967 28220 4090 43351 2663 11781 33630 25725 52965 5786 37822 49725 27553 12670 30977 10411 45109 49688 50048 44451 40630 32081 9802 21292 42823 1705 6288 54864 2716 46775 15427 52303 16431 34112 2382 43114 51606 35721 1049 40093 9663 19720 3844 49118 19265 43126 19862 9335 48216 17616 5688 41130 11645 32510 22773 50652 34889 23441 47573 35844 26557 35067 18249 16231 47970 33749 35078 5735 18028 14921 16378 23264 52608 3414 23618 13746 16647 25209 5702 47585 1409 34501 17728 49331 19210 46693 29418 484 28113 37890 46379 44347 37033 6940 34607 7629 39560 17026 25439 24281 41565 45758 44648 15355 20894 8216 31672 32028 14156 54423 25064 47927 47222 15288 23177 3 39322 46629 8017 46280 48324 30759 16618 26677 48172 12822 23802 16672 20872 13601 42791 51209 50094 54219 3130 54950 11279 38323 54171 20112 28616 2181 40877 6439 13319 33043 1620 25721 48021 17009 32052 14629 24891 52826 54455 8194 45413 48143 7992 4167 2843 46278 50772 28994 54797 20201 53565 29004 16427 7686 47975 6835 48254 19992 18538 41258 12413 30534 31451 12727 22060 31002 32219 3564 35947 43397 26050 15220 45556 3766 36573 14523 2700 4138 28576 35904 12210 36553 43231 25627 45630 23670 23580 24218 7216 37042 49098 7108 28862 8313 48066 298 29680 1543 36451 10141 10798 47018 41973 3579 13320 51885 44036 10429 6297 18243 53815 35746 17823 52606 13254 14568 17054 23737 9367 9314 26546 39794 37979 3050 24252 17478 30051 50152 15257 37822 20814 54850 48830 21179 31510 577 50828 54307 48682 14089 3933 20494 1667 1418 51130 24371 49927 26099 6211 15906 15778 42555 36745 15931 18590 15138 17030 15200 19594 50898 14729 41660 50757 5458 42891 13951 29231 37126 6100 6434 37868 29191 19325 41912 13101 33078 20332 44224 14968 54919 44128 8094 52120 43780 54873 38145 33885 35051 38248 7197 4585 10618 45268 44045 6107 47762 51740 18862 30279 5674 49074 599 27100 20886 444 30457 41941 42491 49878 48129 28405 52476 8593 9221 15809 10515 36001 27390 10845 4095 13257 45926 38897 11758 51804 382 45410 14047 5192 16155 14997 10630 34695 15156 5219 39156 25707 35175 8950 29683 46166 18375 44443 3469 51163 19569 22904 49427 30966 26168 109 44823 4673 2343 35626 25864 7865 11029 9777 19527 44007 42610 54553 53582 5022 26101 342 28186 14773 9045 26139 25439 43061 11834 31869 38905 41097 47256 15706 34610 29813 12081 21196 34051 2147 8347 44380 24842 38143 19584 13045 27870 32075 35414 54514 12053 20724 44514 40951 33180 16947 4 8451 26095 21204 27479 20092 46816 31443 40783 45039 17484 16807 900 29388 13961 37339 10049 17423 10342 21721 36850 42213 9384 49004 49603 41808 28609 32276 47483 7529 50485 38065 6593 53269 40012 15008 23890 37572 21080 12420 43366 33653 14868 10890 37580 4205 35288 50335 14444 33025 22565 13157 38688 13224 44239 51147 35257 2204 32463 7100 10045 12590 38769 35908 51534 39623 2357 6997 54060 11377 7451 51126 43189 6479 14114 12509 42754 30310 24829 23114 15017 22014 5611 18183 13242 21954 27819 18985 13975 10431 44322 19379 29298 16161 25908 44360 40895 46839 8742 39312 2058 35047 38245 35889 41471 28764 8909 50520 47165 45287 11466 7941 47632 20947 17041 29338 29311 35049 13326 26916 40321 36458 45039 33521 3150 2734 44683 30213 26828 35962 18505 45453 38304 6876 7585 17471 20792 49227 30865 608 49503 4690 37129 53044 47542 4179 45461 26417 24386 31053 40233 38934 29283 21137 2097 35490 6578 41289 21512 45355 40789 34349 40320 2158 6092 52280 44810 16722 45722 29518 26155 30323 44873 19293 22154 20691 14979 21998 42378 40350 19319 3785 22842 27782 16043 44788 25288 12901 29530 41773 31538 25198 41468 44172 38048 341 33547 20847 24056 32469 12793 39642 26603 28109 14017 42827 33002 33445 43327 12176 23911 34796 14092 5700 27202 20603 17395 49334 1212 41756 37721 43225 45878 21972 11736 3440 41255 47706 38292 27046 34797 15225 51841 45774 54221 48547 38882 53745 7140 37394 21242 47370 12618 43035 54720 50467 19837 49386 44692 20844 54233 35828 34281 19614 48502 12644 37718 23947 25010 41431 15628 20855 43551 9848 7198 4401 2910 29040 50387 34623 3594 10485 22566 21182 13140 3178 10905 39318 2768 52046 6124 49543 26054 17185 545 48705 17705 14940 29908 47750 3718 4902 41095 39009 52062 30218 5351 35388 52637 22278 31134 37411 33159 36492 24204 43885 11478 14347 19066 1892 24328 17482 17120 29717 4213 49889 9292 44797 25395 52739 11773 21328 26949 4791 30964 43163 46851 16042 54037 7578 44579 45172 246 20431 5786 52829 1087 40488 19037 30406 41097 50605 32800 22240 48244 42882 28604 36662 35871 38235 36435 14392 8896 6270 16272 13254 28347 26696 5327 18208 9654 11778 12859 41991 9416 38204 50825 49882 41155 13490 23011 33438 7555 39486 34630 13506 35850 28785 21254 50248 30718 31430 42875 47732 21678 28388 45040 18062 37718 9857 19806 29492 6490 2339 29111 10767 39529 32151 29671 20650 26829 14844 47572 17979 42507 50274 29721 32286 50086 44504 18477 23410 28407 22727 9558 15328 26993 19338 46166 35384 39380 7255 30208 53959 25496 8511 40153 31169 25649 6187 23502 53060 23296 4261 46076 35080 26973 42372 9088 35746 32852 37440 18186 7913 4856 13525 22993 20258 20496 31887 41277 12902 15510 17234 22515 36806 28065 2454 48650 12130 35404 418 52751 9132 9587 26531 34261 832 3722 4300 40329 30236 36200 16037 21713 12061 5468 53828 40438 8627 41228 16487 23958 46569 26755 5873 39146 45933 34759 45595 21391 22232 47345 18406 14044 49381 21041 45927 33688 53456 12868 33711 21963 17201 46567 33090 11241 11230 37755 18231 44170 49377 41120 36126 38438 7459 13611 3444 46819 9309 30305 27107 35038 7243 36381 5441 56 49685 9708 35678 27253 16548 14631 6236 15053 38864 33246 25794 18189 17011 12932 3903 34188 1884 42477 50166 13455 42655 11992 28026 38231 8796 9566 38572 13359 52932 21701 20921 36017 38017 54980 3473 17431 9126 52553 13238 18063 37375 39366 36619 17881 9501 49214 54386 23690 47548 4426 35778 913 2512 15503 15698 49688 2288 52212 31493 26816 5828 18766 33888 51123 24960 30603 867 12284 19604 25227 31132 14811 22742 9732 15826 53514 34314 33625 4963 36491 44788 7958 22761 9533 5228 19643 37152 5210 26562 32718 50958 46719 30425 14088 27542 20217 47327 36426 18771 15990 31531 36605 4292 40292 34560 22368 7622 32976 33704 30185 24791 48764 3466 54426 20262 22917 3901 51524 40608 41226 3074 44281 33632 36760 5570 29076 26716 33222 225 10105 38071 20871 30917 26400 47222 15620 40642 26510 34950 6788 503 31774 35739 28970 29173 14432 50053 36414 14630 14707 15223 45038 31966 16318 37387 23551 52166 31024 28467 39237 26746 50047 3924 1661 582 46579 23493 1590 53828 42659 30277 21851 25599 48951 15757 17715 32687 42841 53734 38891 19729 37001 15095 42957 47274 7629 25932 45896 32293 15342 29197 27536 22475 29965 26217 54456 4836 4924 488 43644 31066 44949 12952 15987 10339 14380 46797 44744 53856 30440 23940 50068 37938 46906 53388 22616 15722 8854 52808 27856 36573 8418 52468 45180 41566 37669 20955 31407 17785 1569 36259 29845 34751 12628 37151 11340 16558 53974 4554 25537 36172 53514 46075 41235 35467 43147 37322 20531 31691 42944 11735 37560 50135 35827 21141 13979 50438 42149 44366 13411 15557 49432 42591 33304 39860 26290 3027 36278 16040 48639 6415 11481 48203 54542 6528 6431 24126 51565 7416 2211 40301 50568 19147 43452 34894 49545 31788 18693 52620 552 53558 32863 12370 34674 3594 6342 5293 27620 16363 17701 14623 3993 18904 14851 37682 52420 13764 49474 23988 4251 10873 35120 9685 40188 32173 23198 5525 41695 34166 34551 21700 15725 4776 51853 9463 30139 44329 10132 45398 25737 52119 37348 3950 49279 52030 20311 25406 23481 27768 25793 32300 16793 29060 31699 35492 2542 4006 6006 41153 1714 1649 32721 10452 14467 49854 45536 20921 39791 48078 33388 31268 8859 36145 12537 20151 33323 31226 47237 27211 40706 6279 51945 20705 18423 49186 22611 21902 23830 2263 20970 8209 34226 9075 44619 18467 18996 48585 34853 52954 23209 12355 3991 3088 26853 12720 47963 17704 33841 18473 595 3583 37754 21695 41222 27477 53870 19677 44671 46142 4131 30970 49935 9136 47128 28411 36239 6705 12747 23699 51498 10120 12329 28461 11619 36508 22402 10130 40070 44182 16635 24315 53551 50478 39119 15103 12028 38274 31379 38577 20383 44581 32739 53146 16111 46842 32367 3532 1731 16105 42800 47641 33671 32360 31955 51609 5676 25573 24271 43807 49128 17613 33743 6791 293 49390 14187 23662 51498 35655 27937 17795 16690 17282 41990 46361 13490 13195 49975 11685 36110 27647 19479 33426 46346 13633 42502 40489 52802 41782 36073 5785 27089 23284 48324 17625 35185 5645 24569 49798 27629 32759 12211 54131 50370 9992 18099 50205 854 32168 27251 8119 49759 21846 34909 36310 9916 30169 53519 20582 51552 18127 23228 2157 24572 51029 467 601 15682 25958 47099 29514 4250 3462 6321 53674 42344 5802 7392 30389 21191 28413 41955 8041 21485 25495 22873 19542 17925 13222 28767 10196 30223 50392 19451 3046 53626 14433 47586 31786 20893 33949 33183 40369 14249 863 20221 20395 30920 9552 46135 1870 46949 6449 40682 37874 36762 51506 8354 31300 23414 4457 3958 37229 14830 14096 45371 43849 10857 36810 13917 53676 38868 46058 27958 8616 39744 13128 40569 31468 8295 44606 36879 54302 30202 14991 50527 33481 12828 12651 31231 18675 42470 52951 31453 23210 4826 49138 9322 27706 13018 37743 52472 40579 22120 29038 36370 39488 1265 13116 31780 30607 51766 51692 4475 17093 24588 2836 41269 22473 43965 26899 36820 48519 34678 38169 27392 17571 16455 31778 19943 40122 35784 46635 15670 4431 39562 9575 29664 32499 26576 46259 2847 52008 7173 41033 50196 8602 33837 8843 42069 31229 13625 2850 22910 33154 6685 8940 29254 44109 36977 38242 14365 42852 16498 53144 21718 16807 47507 8399 42469 24976 28897 28136 23530 23158 36879 24774 8404 52421 25585 6733 42005 772 16641 2863 4765 17042 16172 8509 51439 9424 44255 52202 18161 15167 38218 29399 941 45577 22763 42999 24545 14865 6291 5654 40566 13144 49474 40404 37995 41621 27743 52954 26362 34977 33366 14761 44009 34712 12455 49339 39811 35119 14871 36212 29817 20501 32239 54928 9037 9174 30855 18336 52795 50460 24525 28362 19946 13582 13196 36355 44523 27298 11051 40939 16575 52611 31453 5524 52852 45728 5592 1953 39165 14083 22179 45510 48575 30390 31928 18377 23892 47532 47575 2150 41737 51471 35852 9353 20114 25707 32483 46679 3243 8269 44563 13122 16232 8833 36006 1475 26514 15054 17687 54867 30767 3350 16807 42268 50651 39291 30374 12253 42756 2365 1027 9194 25065 31726 35355 9433 2729 16356 39601 45921 15495 38928 47123 53459 6508 21064 5169 12036 40434 2319 28169 16296 4024 54780 47341 40055 23347 41302 21366 20620 22452 36878 6463 12809 50196 27124 21372 52246 42826 27940 47521 32256 24714 12410 39278 26585 37489 50714 39880 11893 8030 34003 8333 48958 17745 48517 23108 53715 37680 47051 12201 16424 19589 34810 12576 53164 18581 9955 38554 13116 13195 18696 47923 14308 51211 35606 14122 34922 45318 37996 22342 15051 7038 39749 49375 3240 19964 54556 40399 53283 45161 37037 48480 8326 10176 14711 54355 8651 23957 40698 28761 2589 38017 30876 32286 14941 11391 52021 37141 31026 18380 31868 8171 46225 14011 10856 7399 16897 24814 53536 9417 10284 22411 40049 14141 2876 17052 24162 34001 44727 16073 12080 4819 26683 16499 54521 38528 35663 48974 1550 44171 32678 18050 36856 524 18177 7058 31491 40355 49440 38357 27864 37875 38863 20934 15089 37110 7554 19078 32589 5844 1254 30133 22767 43134 25363 47476 36848 6480 1381 5661 42325 5791 4958 30323 39861 54729 30474 12990 48238 2597 44598 35596 25984 33086 9323 32709 34936 14638 41915 17861 16712 44950 27461 11189 41289 26972 11103 45002 20040 4975 40103 7316 19825 26496 40015 32857 48896 41513 10692 28138 21315 32327 53795 7650 2049 32299 43698 18317 39920 39039 12051 44174 186 5356 8006 15479 13833 52617 53269 34474 13590 29266 53953 1901 26163 30977 4015 37362 21885 37098 54346 15821 15132 49933 45693 10654 24242 39500 9194 28870 40849 27214 3764 37749 54311 4508 24200 45859 49833 7610 40841 17862 49003 4202 54358 20023 51631 13135 46447 10598 29274 35264 51397 28659 51485 12247 1096 23042 18627 6288 50238 19421 51302 37852 49508 1379 50304 12981 44160 13329 45291 4244 30839 35091 35229 54255 18147 40587 29459 29226 37292 11676 9008 50402 52945 7426 36316 42024 4501 5505 52211 710 21032 12209 2306 31403 44737 51182 19254 26155 21912 30791 47831 46335 48067 48573 39671 38877 43178 40568 19800 40587 34535 49448 6061 672 47226 33519 54126 50780 8005 50215 27137 52582 40298 49004 52800 46811 40265 16746 43369 21555 28074 18021 1926 34330 37380 51098 46865 51462 31300 42700 46053 16820 39437 4588 51800 13798 46333 9528 4553 28782 12556 28453 23608 42352 45006 12714 30723 35740 37005 11674 54014 33029 18760 43061 33086 27639 7097 3971 40124 9733 9433 19945 42074 47542 40530 25750 32761 42446 34252 17914 10692 48891 39709 11537 24937 36250 24495 52125 39764 40853 35480 31395 14148 40620 15862 20554 25017 21937 11638 13079 35744 11262 43112 6572 41746 48497 45191 54292 35960 16438 30954 9308 15 38925 32502 13647 6638 408 24871 33558 53846 46062 35232 29126 43560 36504 3017 43466 9924 14254 29702 5553 26127 31868 18440 45721 50193 37351 29851 29938 43529 22894 8942 33232 31718 15575 17963 46555 52480 253 8092 3982 9695 5381 21279 3439 52501 30889 18300 37172 53367 45480 45974 28477 36117 27121 8567 43809 32436 25248 44220 24250 19570 18686 50562 43328 17874 48098 42671 17105 40530 234 13891 35215 7823 24659 22073 48701 51850 29529 50264 7655 25803 579 45368 26371 48918 37759 6627 43781 54578 9351 444 12037 31302 37960 31714 25057 35690 41221 49345 18938 16929 4693 16485 7158 18276 31610 21360 52436 50050 36267 2086 54812 54626 4862 11175 46855 29976 2923 8235 29198 33127 28241 13615 50235 35082 32396 3399 40411 25871 11481 29588 28112 32542 296 30349 53840 5612 41606 21121 37754 17124 16732 52624 53279 49063 11764 49625 13421 11841 8175 10427 42912 21012 16127 25663 29187 9876 11212 48222 18972 25293 40262 14531 38220 29201 39609 3814 17421 50928 36713 2646 10755 6772 31568 2214 14646 6999 41170 47225 26147 28722 40556 11325 51448 5360 35073 54083 48212 11104 38301 36982 52023 8241 38767 50491 50595 21679 7493 40012 20703 16564 37304 28865 17204 45218 6918 31257 6783 53600 52123 13428 20934 43852 50225 15704 42261 48444 51561 22529 30386 18236 27077 19740 11724 9829 27301 29637 52664 35091 26152 14200 43287 46188 23603 49324 23343 28583 1438 31627 21987 49931 15395 42956 50019 29197 37068 53503 29694 3706 36278 12094 34394 18807 39620 617 10193 17432 28664 27025 613 10354 35346 47123 52432 27494 30683 13523 37382 30423 14493 35846 32230 30552 1186 43574 40714 27529 16448 12681 36780 12139 28716 44031 1748 6950 43830 52846 46197 29736 42910 44163 33319 19881 9920 13011 4030 28112 48316 11965 20755 34869 50984 30751 39630 48333 23438 35331 5793 46548 45704 48690 17383 46086 49338 12312 19772 32052 42907 23849 20721 19915 30761 12760 15331 39506 53335 5781 36391 13598 20642 49863 28999 9054 39308 11876 15945 12860 5978 40835 32821 26970 38999 18938 25758 31968 47074 23986 35589 9003 25705 7882 9186 6330 37702 37430 43455 21363 35593 17393 22593 43970 29336 18051 23452 15266 47892 28980 6859 46624 8062 5394 8403 18065 35361 4854 53510 36917 5562 13505 11698 28187 46725 8662 4842 11233 41131 2845 42630 50535 20276 1706 27593 29686 40740 44610 27138 32088 35275 22702 21723 31197 10817 50454 49081 53024 34147 2740 6478 40365 21696 22195 50966 20593 33968 5050 40493 15920 12282 17123 50773 5219 5153 22126 54247 49182 4839 39827 20746 31438 3665 33875 4164 50410 33138 54485 46911 42872 39642 28397 48359 40923 35047 14340 31452 54778 50964 1943 53552 9509 7293 14728 38309 46287 43816 47605 40371 50291 36703 37638 23727 14433 39829 37882 25020 12183 13615 44947 37690 35635 8058 44164 10996 51942 829 54630 51785 34170 36565 51545 10494 8577 54281 36630 18161 19710 49445 15424 35644 16360 1968 10568 13531 35288 18771 38783 47894 17375 38756 5633 8877 32863 5724 19216 47919 52514 49686 20114 7068 1148 52941 4682 9787 16 40384 21284 1135 53460 33514 19083 10946 49884 17017 53907 19865 53548 6603 15249 39511 14799 54633 50468 1496 8399 30130 51396 10702 46738 13643 19296 13959 54080 42223 21027 515 45786 16126 36518 7590 11310 49189 52756 36752 2778 42476 5056 29500 44862 22778 40816 39099 3500 38873 45485 17993 34063 46665 41148 1328 22049 27827 49401 24155 15705 2489 44124 42002 12551 27509 19235 37492 25912 10930 18503 32795 39987 31657 27055 38368 27931 9009 26718 4075 27759 4463 39370 26924 19937 23351 33783 892 42336 30785 52991 46896 40553 549 24744 76 27025 44602 53582 44086 47561 20730 28854 54855 33095 20322 51545 29539 45612 42834 24936 51047 11405 45886 49023 41982 34233 35292 26540 48199 12343 44291 15389 52941 5592 53810 50806 13294 25881 34893 36046 20488 4327 6360 45877 8589 45086 30023 26690 31225 27658 24803 7125 50396 27025 18494 29416 579 22411 25122 16926 40528 50185 41048 54345 8327 525 24870 36308 21232 40371 52393 20019 39117 46196 31748 6436 10508 20336 32275 48944 17343 28263 47182 13987 10817 50881 11038 31527 20328 4975 33793 38076 49312 17931 3050 14790 8906 24261 14846 49003 7017 43714 52341 22670 38015 30192 23403 17264 24143 20288 3297 37765 48204 31199 29537 52379 3347 32322 40167 33835 38678 40776 4911 14325 22612 26834 30980 30175 37913 44397 5591 43931 35656 52572 31447 39421 28564 43680 25944 35846 37635 29470 25608 41372 18013 19207 5941 6450 19180 52174 22873 44379 8796 31553 27455 47455 32140 23955 42507 32186 7450 6493 23458 4397 51421 31513 28642 17239 37755 18835 30641 53583 14146 11478 34188 20063 38308 37947 13159 37662 39452 10546 18211 25952 40237 27222 1771 9946 46397 48139 39805 7758 289 23952 29051 40422 49450 25334 42245 15033 27922 44955 52593 14065 3265 34332 51513 23902 2220 3757 24696 36300 40838 25102 17929 3194 22103 2774 50648 9427 14721 44618 45793 25560 37132 39301 19722 50782 35530 50741 9134 47809 47174 52839 15288 19803 54431 25122 32405 37797 51160 6185 45172 21068 31487 15652 921 50724 11764 533 34600 13219 45935 22096 32608 51346 40994 53263 52288 3743 30024 54648 44799 37588 19143 29249 1318 386 15334 28236 18084 8508 43921 2862 16316 40829 6541 22373 49910 27515 19807 31944 18967 21841 3330 32077 33176 24620 33801 861 14905 6173 44106 22650 54062 9418 42830 41194 17021 51986 27644 51761 38598 41424 8984 5546 43542 33060 20269 25877 24415 19252 53491 41821 50189 12960 24336 40581 22441 12418 1560 34970 22575 35479 1344 44083 34588 32809 42325 45897 26397 15885 34312 19056 31704 10995 16285 6929 44595 6835 39139 34918 30339 6306 32733 31738 27629 32896 13313 52102 9063 40480 13294 1992 32832 10919 7354 5100 8482 30610 46409 32467 25020 34626 18705 5370 782 385 3775 47324 44211 28988 34211 1231 28034 8408 3216 53562 21209 24409 36411 4750 42903 14855 6915 24707 35179 41506 52699 3073 13582 3153 10211 31976 35392 26190 36063 38081 43956 37081 14637 32323 17804 54285 52619 10451 38349 46524 34324 50047 33568 37871 21670 16388 8036 35483 5229 4641 52868 25496 13380 22348 703 16324 47340 41819 29035 26670 25596 27463 20640 7369 31005 45695 1977 10293 30895 13588 2935 52346 27033 37813 14700 33865 21059 5514 21840 47422 21460 21619 53124 47564 37931 15923 25606 47480 34518 1164 31077 26921 2462 31711 18141 41028 7118 24523 3397 2187 31293 42439 15981 15272 7801 46286 43730 38129 1580 44761 41989 3432 13057 6046 18266 4808 18357 18751 4028 17528 43191 8006 20628 40991 28904 4303 48111 50429 4239 25520 21484 21229 27337 11603 1982 17598 21924 666 54328 44283 37705 43638 53332 7401 7428 48587 47645 25203 2344 40387 34400 21887 38415 42510 30270 31191 29644 34623 21968 35 39220 53415 4360 39673 15057 39146 52000 34559 21701 33164 10213 47835 53777 11483 26626 54594 41679 35828 37532 14440 19938 22100 37933 51924 30527 1253 8180 32291 22337 34907 2807 29392 23600 38982 41082 16888 46611 17020 5037 37162 39339 37375 2910 26062 37679 22452 7420 41095 17146 33897 1211 25857 24897 31004 26466 15021 54277 29474 11202 37374 43923 15885 33540 40685 51017 36274 4939 4220 37803 29093 85 42619 14235 11964 53453 28430 47396 14723 42665 22213 42723 20967 30350 5733 23373 47401 38579 3503 27360 32233 3023 50897 15078 45571 31689 18441 43804 6350 19670 9226 45456 52717 41515 21704 45121 45613 43070 41473 21259 47615 14807 42370 14167 16647 26639 16984 50778 20296 26557 10624 6847 45951 4677 52629 14062 1585 47107 29500 27598 47209 40465 50966 12456 29580 44885 43307 50026 50536 38549 7118 52441 129 8830 44758 29080 16400 15552 28485 5005 19218 17042 18024 26490 42428 16264 33152 11739 46964 1836 24323 49275 43829 7076 40971 52157 45743 34370 6981 49539 12175 48287 27959 48370 15059 19873 14061 15013 51451 24016 2928 43308 13388 47001 27368 1701 43337 24558 23802 3265 6716 15278 54052 51153 50571 30806 46144 53073 34499 18762 22359 34575 2673 7906 32381 3045 24535 45555 25806 53394 43001 42204 49772 47661 28834 47530 9195 17615 48930 22114 20606 43206 34666 14897 16956 2669 11340 6260 48329 49641 37260 5369 49357 5287 46819 49291 38847 33790 26561 45898 39419 6398 1927 19759 39328 12908 19723 35815 34827 32959 34062 43254 4078 36783 23379 16529 17549 10944 15246 54224 11092 14243 43547 51920 33600 41231 35811 1494 33150 23557 3378 20530 52900 36773 41646 1891 8454 4976 31238 23202 38283 8 5042 28941 26803 31819 7290 28345 18499 52250 54299 39910 36004 42698 21444 45684 11853 54428 19025 524 48196 32440 23087 35350 52516 48713 15410 15699 12177 16396 37991 6413 8805 37579 11429 42583 19761 37659 8676 40782 38491 38431 32289 49694 40638 272 39624 49818 39137 23131 12926 28778 26409 41788 24248 40826 34727 36768 30903 32307 54121 16484 46330 23557 51639 49550 48417 50230 21857 22558 14786 29935 53080 12619 30308 14284 11269 11603 25943 12137 17531 16180 2223 14209 625 32131 17120 25902 1291 30758 31841 53641 25682 14057 24234 25299 11321 21205 12071 25900 22645 37819 12223 4698 28804 33316 41034 39344 20063 40911 26179 3430 36686 31126 3226 16351 50603 32614 50004 4246 45867 46141 25126 18604 18306 2094 51886 21907 47204 11758 31712 30824 24531 33808 28036 28181 3860 38791 39816 44554 42330 48119 53024 10236 38523 43567 9115 3365 41838 8327 42684 17497 49569 48736 45594 2351 47363 49300 1664 28017 23266 13019 46847 37902 31613 25260 1658 41393 26762 52972 51681 47347 41898 5585 22017 9670 12659 13042 31289 28025 50748 43348 9909 48871 15114 50235 32483 2614 33965 5302 53326 33091 42728 46514 22129 5148 3512 9629 17584 13980 5009 53515 50393 47763 44471 25077 35268 8903 47412 27652 54131 30233 8436 30281 29913 53570 45453 6200 41727 3105 10486 37356 54968 19308 29538 9301 29525 39555 42326 54114 41774 38637 35189 53813 33970 13422 35272 11830 19470 48237 28448 53531 46531 11705 46231 13358 53537 25625 32457 30871 27893 54851 33026 48209 51199 41465 6363 29046 18712 34331 6584 53001 16682 35983 38794 11911 47472 28519 52667 37626 50356 35262 23471 8395 36846 24357 48982 15601 50574 42850 5662 39954 48806 22478 15208 16789 43424 38046 10700 39388 14284 19709 43370 41521 15141 30918 3795 15563 47096 21839 2374 8514 34149 724 13252 25843 46140 38004 2609 28573 22876 36990 11867 30432 12967 11289 30053 33461 41199 35196 10285 12520 6340 17413 22693 53479 14640 38558 30332 49721 27443 22071 12209 51432 40918 47291 8956 35744 45902 463 52020 29317 16249 31848 15183 13955 46706 14406 27788 54602 29315 54892 30496 15334 12574 35083 8731 30367 43685 46399 20114 38235 52073 43282 24614 3205 54248 27715 39838 27663 46777 29778 53374 48553 3500 14308 25915 42406 44676 18007 35482 30069 2224 191 28343 2481 39102 44898 13156 5971 2716 28032 27015 21595 52784 50486 52297 7849 46647 27862 36017 40575 51596 42871 1435 38506 8819 53801 4009 15533 14476 46779 47373 26415 54461 32531 12701 14466 43895 15703 32642 44485 7092 35935 23647 28828 31361 19132 11379 42771 52726 9741 24613 39373 17545 51855 27127 43179 13866 19860 50448 24956 47847 23099 12236 47233 38392 8081 50197 10186 18776 17848 20109 29448 10688 23260 11222 10820 12460 31606 14402 52534 46108 44946 31311 27749 35444 20478 19249 46657 24801 18911 11438 44751 18763 49687 26743 18741 47788 49320 17602 37401 15876 8453 46678 41717 12880 33837 28094 36315 38793 9208 20720 36486 6699 22017 21892 48872 5831 22872 31894 24352 35386 12231 31849 40715 20610 49193 50238 7261 228 10425 47898 36350 22236 18200 46809 13118 23082 20452 24527 6444 9095 5467 31037 30777 29236 28485 20328 45249 8955 40834 22218 38578 3617 44965 52683 4745 3810 44656 47326 49459 32934 24348 22889 7660 12588 24968 37699 31921 44880 49230 24773 14818 22541 52471 31347 13833 40774 5501 48430 54349 51512 5457 29718 1447 47354 22866 38302 53116 14974 10426 29445 17019 34435 52173 47957 32779 50309 30617 8232 39014 5955 54207 46348 9740 14314 50399 1718 21096 26321 51234 15253 40091 6004 2546 18152 22968 45960 14298 21923 22109 3589 46521 10201 2497 37253 32250 53041 21452 7524 8054 29619 40211 50736 45382 18322 44591 28386 33913 43712 44853 53864 11870 48644 26660 27497 13298 38865 47661 6254 41097 1454 20410 45511 18087 44881 32290 23198 48208 32344 35130 37384 49935 55 44600 50685 29284 35780 46403 21384 28451 16195 39292 3803 20681 45805 46571 35993 28701 22022 48230 21705 28831 46558 41179 31106 52927 8329 44764 28073 27846 25166 49732 37758 46100 50832 38643 31951 48034 51695 52439 12242 41373 32495 18041 24984 19753 49958 20509 40812 17573 33337 38625 21842 7761 35683 21612 901 32134 25780 51909 6810 53476 2567 6968 28549 36196 33472 22515 22532 11771 33453 52748 24539 29125 1038 18290 35469 35997 32445 1894 40109 46980 52845 41364 27839 28092 50416 28303 33728 30215 41614 30149 1038 35640 50796 11106 35707 14825 17556 16671 19326 44418 48688 578 23663 32705 28051 30565 16233 9080 24528 40634 12165 7589 52216 53903 6172 21352 13899 35093 27461 4695 45587 35495 22966 42970 31437 30041 31890 43334 23806 7126 39447 22234 47942 29241 2034 43338 27828 46873 47076 49434 1478 869 18880 9362 19690 37782 11031 37232 31665 20654 17119 14770 13155 15610 11643 38560 41057 52731 54446 36790 27651 6315 53149 43670 26451 30708 19513 32713 14991 16526 53081 48915 8957 53049 29772 9326 54045 27570 38073 4512 21404 48948 37497 5240 7485 34443 20128 34732 9688 34757 31870 3808 10687 53329 28402 31223 23202 10266 16894 602 40865 31790 25867 1034 20169 52679 40823 4008 44706 54398 39109 21675 38457 13652 31405 31006 31100 6920 27980 5222 40082 25514 6022 42469 31116 24322 40710 8550 23214 21558 16237 19399 38247 12744 41555 22927 25125 37509 19759 15509 24071 20658 45868 16613 52052 22898 20660 29857 25164 39966 12814 2922 1638 47884 11519 44516 46862 8358 22355 27085 12033 25286 50752 2701 21131 50964 48807 28520 27697 14609 53637 42298 4289 8825 16559 22093 27191 39535 53583 49894 28860 27055 27002 20518 11225 18671 30786 3070 28277 2916 43123 31223 37462 14433 23012 35231 33142 6692 23152 34362 2130 22256 8997 25294 48615 49845 44836 23407 3066 20734 20838 35485 40749 2946 16683 14568 53518 1435 53671 7901 12922 44751 4924 54160 43309 1768 45396 4990 974 31523 39310 12203 21219 5898 2451 15234 9648 42336 23685 15706 20510 23023 43603 15716 52535 37326 2513 18624 32537 28397 12602 39376 37283 38940 47613 30943 3444 7802 4063 2268 3878 49844 21950 44139 26484 13531 34632 32285 37863 1822 22544 12520 12113 2766 27477 54293 8266 32999 27394 21222 8841 36937 52396 47943 19300 50016 12970 44462 46625 7694 34133 35350 27271 24146 38970 13934 11415 17184 25755 17926 17163 178 23822 43220 6997 50427 38875 43662 17256 6285 36870 24974 5521 18530 42289 15893 46831 51082 46907 46249 48847 44665 29437 19981 22029 35630 4438 24901 33006 33667 8031 33116 9035 31739 44840 18748 4062 6993 3799 30611 15087 35903 48464 8304 36959 11670 21628 11728 10728 44329 4344 50293 29220 54986 54721 33688 12706 26698 22245 24090 23100 13313 31077 52921 50102 4925 611 18335 8290 50129 28566 29133 24915 2384 11029 36020 15102 7720 49725 50390 13483 32735 14167 26936 26862 53685 18613 32385 30529 44505 40036 6070 10038 36849 990 32271 16540 27550 28535 16908 9075 31123 32281 1416 28110 36494 49874 17501 3171 22745 38272 42642 3136 35583 43866 10896 49965 28486 37196 36342 12989 36724 33058 24474 16185 17025 28645 40424 8538 7250 19993 41572 17413 37130 11751 51592 22151 46499 39684 8671 14101 39317 49691 39269 45222 54468 26029 34918 35343 7452 22689 33520 41526 19312 41468 722 1300 44325 32555 35231 11008 27180 9458 1949 2470 27173 43300 18501 27691 30942 25052 49985 28667 31534 30716 20054 25377 19761 43216 52281 48336 29816 9370 33869 43678 16459 35585 12217 35050 40715 108 26461 17360 50501 14259 37857 25637 20789 34152 46573 37298 35857 33867 49973 25537 42071 21043 12011 17191 36983 44726 11807 21414 45852 9164 7278 3573 7340 54454 29176 53293 14572 12180 23420 1569 51249 52452 41813 33575 36885 31026 18470 8954 28010 45482 36741 49379 53991 13376 15837 34311 2035 39704 17607 6038 51740 30503 46325 46663 42451 29636 21981 40661 9991 9010 15504 30379 26823 41735 33261 51593 34 14279 251 18371 10599 4866 53717 29628 47713 15886 38447 13506 29775 29726 23988 44266 27726 13715 46793 3064 53998 14385 23082 2636 38088 25790 53880 7940 29211 19819 49483 1284 16101 41004 23265 43788 12292 22598 43164 17399 49793 2388 36015 26725 24020 16983 38427 3748 7866 7478 34160 43172 21594 11172 14563 2547 7506 15323 33412 35227 29514 7638 5483 53354 42031 47050 39139 17811 51743 31817 12289 12710 54196 3412 22798 41235 11473 35883 24879 15669 38575 41273 25151 36852 22982 7655 10103 53041 39214 8203 6356 7271 25842 31132 37917 5334 10398 32754 30248 51390 19141 44171 6416 1306 3383 23747 723 7185 11998 30743 14504 163 29643 8708 2670 47334 24476 18695 42574 8303 38372 10632 27648 39313 47773 5100 52806 7694 17915 17415 7776 45499 30113 33431 28395 7691 13896 26951 52950 1138 44981 50214 25215 5548 50102 21994 9511 51771 1854 27781 34579 33658 28899 22420 50528 29034 36796 35391 42306 31815 44526 15072 16875 12008 3426 40130 42681 19612 48109 37034 17515 43127 7981 28842 34490 37093 12895 11257 21208 29874 43155 45624 26826 10356 50810 21135 49476 45519 346 38581 13845 49774 41102 15812 52788 18729 15664 12169 15751 19200 52132 36116 8697 41343 17499 37370 29962 7070 37786 5725 29253 19912 15492 16526 7863 14137 3826 8140 26595 29268 1612 53907 40103 39291 7529 54605 41028 14451 38219 51672 878 19737 24680 45166 50403 49092 15849 49169 30544 10555 16430 12603 49747 43097 23050 27781 41968 13477 9301 52977 1852 53087 40511 6232 47318 44475 34884 3140 42829 8669 42375 43215 29503 9779 5851 42102 41835 37293 15501 44316 54729 19913 46426 8800 46751 22085 19257 9684 510 51625 7303 47509 3923 14956 45375 46523 1257 29431 36133 36901 19721 12252 53334 16409 30997 48127 50543 32867 53827 39642 48126 24855 18485 28297 46068 36207 3600 50690 17492 14048 25174 3726 28839 52642 33531 26841 39594 26030 48386 3537 36423 26254 50147 23897 38736 40675 46232 21453 30730 51496 46012 26084 26797 25816 16479 19265 17122 38597 43948 2221 29737 265 50498 28992 26723 13746 52953 4143 32798 43099 2143 12243 17993 34259 27312 32848 18144 12667 30529 29691 45822 51563 48277 16451 878 44148 52527 20723 18587 52592 13798 44209 38405 23943 13068 35796 27730 48484 4457 18289 4163 40360 40769 18173 31397 30728 47220 24469 26850 12233 28645 3826 30758 42514 53621 48473 16455 36792 2131 260 28291 17660 1872 2037 45451 41478 43090 17236 17549 2793 17841 51729 28897 54714 35886 49745 35712 21817 48906 51405 42922 52865 38659 29375 48578 25499 41928 51788 19896 54236 26215 30865 11650 11439 13286 46960 15836 53918 25324 29969 33730 23789 44635 47283 30246 50315 51172 49949 37417 19629 38449 17611 35437 22028 50718 29406 51151 6638 32299 27647 53657 13368 52789 23893 18695 38175 6258 31494 17454 36472 22795 18474 18217 46695 32700 48007 26760 46394 21284 50352 11253 46044 10560 44238 30018 3877 7648 10025 52695 39461 2950 53899 22542 2673 5912 39232 33619 8443 11014 28246 1187 53069 808 2279 20871 40594 30537 42719 2373 32577 10115 47663 8872 37931 16047 47131 33790 31474 44809 14925 22940 10581 39438 5794 49193 45705 23975 21701 22025 4118 54676 45009 50621 19700 23362 2955 27537 4138 11324 49568 35630 10073 22822 47312 40971 37063 46481 5186 44235 31075 49663 10046 38470 11995 31094 14191 46587 2890 5366 39681 16233 5392 37571 4079 40189 11161 41855 13915 37558 13261 36644 29750 46268 4915 10151 14563 51355 1797 54849 3348 18598 48025 51161 46331 49553 27636 49329 45428 16236 29103 46758 47077 3343 29615 11918 42615 13222 29879 50248 47279 10445 26301 11437 21958 5726 42435 7011 27369 41164 3226 34752 2797 46443 12422 47659 19537 31316 54256 53244 16438 28048 17760 21839 13451 47182 26236 34481 32189 27456 43474 30979 51153 39926 18576 18490 41957 1416 36735 44849 14548 25101 10952 50549 39371 5713 42534 11511 36674 12411 12357 48147 13205 45623 46153 29652 23122 25748 7956 20350 18037 8858 22564 48996 25603 27565 46168 1354 32011 9727 22644 5894 27554 43244 2137 2932 22324 41495 48376 48935 27740 13200 16435 18765 49646 17539 51521 36874 4900 26011 36734 34190 36409 13488 10844 18058 33334 4429 25875 50774 28651 11984 5564 43256 46756 36332 51786 14412 10811 12570 20721 29313 18180 32268 26381 38447 23807 27472 20185 24165 4236 43213 11211 26388 30228 30783 27701 50082 51164 49785 13254 26653 34732 46220 33160 53436 9474 4393 19309 48363 26861 20677 8497 32862 19035 20223 20444 39768 14119 6171 41056 8738 21145 42533 53297 24893 5209 14202 30511 38129 29138 41176 21420 29474 20781 23270 36664 42365 3821 33637 42093 23459 48485 43607 30758 2341 8653 50666 38782 30764 1389 8630 23649 40231 7726 49489 7373 13220 42295 35920 25728 1171 44183 43697 15789 35026 13230 40397 16026 50430 54882 23404 5962 22549 43027 42894 43316 35589 10031 33686 33111 22817 5937 9350 43027 35255 18925 279 33372 26716 27354 50689 45297 950 22793 2561 46906 54736 6627 38019 880 21031 23766 52611 34322 6616 43347 51727 41681 25684 33036 10679 48699 20468 9313 35051 33084 17850 43384 50969 43446 16917 228 74 11151 37500 42840 29183 20532 26182 36726 3766 18479 51358 37988 34354 31736 38232 10391 8117 5251 9004 22727 49160 53205 51947 13194 43510 44288 29063 29797 43015 38091 17071 28137 32953 53012 33862 40745 28527 25986 38830 6478 53698 46698 13138 19835 42779 42191 28133 11979 1624 17799 52232 16173 49041 28374 50447 17865 8812 44866 33000 7591 28754 21235 26272 34341 33571 11069 37783 41600 30580 41522 10071 34786 16513 30497 3588 10492 36087 9998 11262 27203 48710 30903 4557 29097 46979 33395 27678 
