// periodic
// number of jobs
1
// pi
90
// Cycle
100
// aperiodic
// number of jobs
11000
// pi
4 1 11 1 18 16 12 18 1 17 17 14 3 15 13 16 1 10 15 6 18 10 8 15 7 19 6 19 14 13 14 5 2 8 16 19 19 4 16 13 18 12 8 10 5 3 1 12 18 14 1 16 6 9 9 3 15 17 1 9 3 2 2 6 13 10 2 6 9 19 17 16 17 16 7 14 18 19 11 11 18 18 11 13 6 19 8 3 16 10 2 9 7 6 9 5 16 19 2 18 11 14 19 17 7 9 14 7 13 5 4 12 19 15 9 5 7 17 19 11 6 2 4 11 8 10 6 14 4 8 10 8 19 12 3 7 6 15 11 2 5 18 9 2 15 13 2 6 13 19 8 6 4 7 1 1 15 7 14 2 11 3 9 12 3 3 9 4 8 3 19 16 15 10 12 4 3 19 16 9 10 16 18 9 13 8 14 3 19 7 2 12 13 19 13 12 18 2 16 4 19 5 3 10 1 14 9 6 2 14 10 8 11 4 8 17 2 9 2 11 8 16 14 16 2 8 13 9 16 13 14 8 9 6 11 6 10 1 13 5 6 2 18 8 3 17 2 6 16 5 15 19 3 11 11 8 5 2 9 2 10 19 15 1 16 6 16 5 14 13 8 9 7 1 4 10 12 3 10 2 15 9 13 6 6 17 19 5 6 2 8 1 3 16 14 12 9 18 13 5 14 3 5 18 4 9 11 1 7 14 19 4 7 3 6 17 11 13 17 4 1 2 1 13 18 2 3 1 8 2 15 8 19 9 17 17 9 6 7 11 13 6 17 15 14 6 3 10 10 19 17 13 18 7 6 13 19 1 8 13 1 10 6 4 11 14 15 16 3 7 15 1 12 14 19 2 3 8 15 17 6 15 19 1 16 14 16 3 14 6 4 16 3 16 9 14 19 6 12 3 6 13 19 10 18 17 7 17 12 10 9 2 13 12 1 12 2 18 19 2 16 19 4 14 4 18 6 6 3 19 14 14 1 14 16 14 7 10 15 8 10 13 8 3 12 13 17 7 16 13 14 7 14 13 5 18 5 4 14 4 5 14 12 4 2 5 10 9 9 2 14 13 9 16 13 2 14 18 13 7 10 1 14 7 5 19 4 18 15 14 14 10 15 1 11 10 4 11 19 7 6 3 12 15 5 18 10 16 5 13 17 19 7 14 1 7 14 5 10 4 14 3 8 4 14 8 9 7 18 6 19 12 3 13 9 5 15 14 11 14 8 6 13 15 8 16 1 17 4 17 18 5 6 19 8 4 10 1 15 2 5 5 19 19 13 12 6 9 10 9 1 1 10 17 5 17 5 18 15 13 8 19 17 4 16 6 4 4 16 19 7 3 16 14 10 18 14 10 11 16 11 11 13 6 11 7 8 8 3 4 16 2 5 17 18 17 8 14 9 13 12 11 7 2 14 12 11 6 4 6 1 11 8 2 10 12 8 14 7 10 3 17 18 9 8 17 19 7 9 6 3 8 17 19 15 8 12 7 4 17 10 1 3 3 15 8 19 11 8 2 13 10 10 1 7 2 4 16 4 14 17 9 14 15 5 7 6 8 7 16 18 18 16 15 2 12 14 15 2 12 6 7 5 2 12 7 13 6 6 9 5 3 14 2 6 2 10 12 7 14 11 8 6 18 3 18 17 16 16 6 9 3 15 5 15 13 11 19 18 17 15 16 9 3 15 4 18 11 19 10 4 8 10 9 12 12 2 9 3 12 4 18 3 6 7 15 11 13 6 7 15 10 2 2 2 17 18 12 10 3 12 5 2 9 17 1 18 4 17 1 15 19 12 13 7 14 6 12 9 9 1 4 16 7 15 15 2 17 12 9 3 13 3 5 10 18 3 7 1 18 4 12 5 9 11 13 3 3 2 3 14 14 12 18 12 6 11 14 14 2 10 6 3 6 17 17 8 6 7 13 14 17 17 13 14 7 18 11 2 17 5 4 1 16 17 5 15 8 18 10 13 15 3 17 11 3 1 14 6 14 7 6 18 16 7 10 4 17 16 1 14 2 9 3 1 5 18 6 4 3 8 13 18 3 1 2 9 17 5 19 2 12 3 7 19 10 8 7 10 1 4 2 10 3 3 13 9 19 9 9 8 4 1 9 7 7 9 16 10 15 6 16 15 12 17 3 3 16 16 15 13 11 13 4 3 10 15 2 7 13 10 14 15 13 3 13 10 14 10 13 9 1 13 10 1 10 15 14 8 19 19 18 15 3 5 9 5 4 12 12 3 10 9 15 14 14 18 18 18 4 15 19 18 19 7 5 18 19 19 2 13 5 4 5 10 19 12 16 4 17 12 17 12 10 10 9 7 10 3 2 4 10 14 5 19 8 12 1 18 4 9 1 3 19 10 14 15 16 7 16 15 10 11 9 6 7 19 9 10 14 3 6 14 19 14 14 2 11 6 4 1 8 17 18 8 17 9 5 1 15 1 5 19 1 13 15 3 11 15 1 7 13 17 18 9 8 8 18 5 5 8 19 14 2 15 1 19 7 12 17 2 19 5 2 16 3 12 10 10 19 1 7 5 2 15 10 2 6 10 13 12 14 3 5 1 2 5 19 4 4 13 8 5 14 5 6 18 10 6 13 8 12 12 13 19 17 18 10 13 17 6 10 5 16 15 14 16 11 2 2 12 4 14 14 13 17 3 19 19 8 16 15 3 6 1 10 3 3 18 11 3 5 6 1 11 18 1 17 7 13 7 4 6 4 1 5 18 3 18 3 19 8 2 8 16 19 19 15 12 13 11 11 13 18 15 1 9 5 15 3 14 3 11 5 3 17 18 4 10 19 19 16 7 17 17 10 16 18 6 9 8 8 8 17 14 2 17 9 12 14 18 17 17 7 15 4 9 19 13 18 9 9 3 18 15 1 8 18 1 19 19 6 12 1 19 11 9 5 3 18 2 13 19 13 11 14 15 6 2 9 15 14 2 13 13 17 9 10 4 19 7 14 7 15 13 10 10 18 6 3 17 6 18 13 14 5 14 7 3 16 11 15 8 11 5 8 13 3 9 17 2 18 6 2 17 2 13 8 11 7 6 12 16 4 17 10 18 2 6 18 7 19 11 5 6 14 19 12 11 15 17 16 11 12 15 1 16 18 1 3 17 4 7 16 17 1 13 12 5 11 14 16 10 8 13 9 6 10 10 2 16 12 14 18 7 17 16 3 18 19 12 3 4 9 14 17 2 1 15 2 2 11 15 2 13 7 16 15 9 4 15 10 12 15 6 3 12 17 3 4 14 12 3 15 19 1 10 4 2 4 3 8 6 15 8 3 12 19 15 6 2 11 7 19 17 4 3 9 6 9 17 1 13 7 10 4 9 10 6 1 16 5 9 12 5 2 7 5 12 14 14 11 6 3 1 15 19 18 16 5 2 8 4 10 8 8 14 1 6 10 3 19 6 9 6 18 14 17 8 14 4 13 11 13 16 10 10 11 19 13 11 18 11 6 3 2 14 14 3 13 16 10 3 4 3 10 18 18 16 12 15 11 12 10 3 6 8 5 15 15 5 7 8 14 16 16 11 19 7 18 7 18 14 16 13 7 18 7 5 11 2 3 4 3 4 12 3 17 19 17 19 4 4 8 12 16 5 10 8 13 6 4 12 2 18 8 1 1 18 10 17 2 9 2 10 6 11 16 10 12 1 13 2 3 2 13 15 12 7 6 19 6 13 16 10 16 5 15 1 15 17 11 5 19 13 12 1 19 9 17 9 15 16 13 5 19 6 11 3 10 16 17 19 6 2 18 14 5 16 10 12 3 6 5 19 12 9 4 8 15 10 5 4 15 9 7 15 3 12 16 19 14 10 8 6 9 3 14 11 19 11 11 9 17 2 10 19 15 18 14 17 17 18 9 5 8 18 16 18 13 5 6 11 10 18 1 6 11 4 19 8 15 9 18 1 14 14 9 18 13 5 18 7 19 7 11 15 15 6 2 2 9 18 7 16 1 18 11 15 4 5 19 10 8 2 13 13 13 5 17 3 16 3 11 3 19 11 10 17 15 13 12 1 16 7 3 14 6 14 2 13 1 9 16 3 8 18 8 3 15 2 9 8 6 13 5 18 10 1 9 10 14 14 16 16 16 19 4 14 12 7 10 17 6 7 11 9 9 11 16 8 19 16 4 8 1 2 17 17 5 10 16 19 1 11 7 11 18 12 11 17 9 16 19 19 18 15 12 10 2 6 13 15 19 12 11 1 7 4 9 10 9 13 1 11 14 19 10 9 7 11 16 12 2 1 11 2 17 1 12 10 13 16 7 17 2 5 19 10 15 18 16 15 18 13 4 19 19 11 4 9 18 11 10 7 13 19 16 5 9 7 9 17 2 15 4 15 5 10 11 17 9 8 8 12 6 9 7 7 16 7 16 12 16 16 16 8 12 9 19 16 8 10 17 6 3 12 14 18 11 11 14 14 12 19 17 18 5 15 11 3 8 4 5 10 5 16 10 11 17 13 18 12 11 12 15 7 5 5 3 3 3 6 19 12 11 16 5 9 6 4 2 14 15 7 6 11 14 10 2 1 15 13 15 1 11 1 4 9 3 10 9 17 7 16 15 6 1 19 17 11 17 3 3 17 6 3 14 10 17 2 9 18 14 19 8 16 10 11 11 17 15 18 5 13 9 11 19 18 13 6 1 1 4 5 1 14 17 9 14 3 1 17 3 14 7 5 1 14 11 8 6 16 11 15 6 3 19 12 18 16 3 9 10 10 19 15 13 12 1 19 12 4 3 11 8 17 13 7 9 11 9 11 16 7 14 18 6 15 4 1 17 6 18 3 5 4 3 5 18 10 17 8 5 9 18 11 15 2 4 5 7 3 8 13 16 13 4 17 16 12 2 4 17 14 3 1 2 10 7 18 17 4 6 2 9 8 6 8 13 17 9 14 11 15 4 12 14 17 14 15 13 7 13 3 11 13 18 17 11 17 10 13 6 15 10 18 17 8 12 8 3 7 18 18 13 8 14 12 8 8 16 11 12 1 3 16 3 6 15 7 10 8 7 4 17 13 13 4 8 9 4 14 12 16 4 8 15 8 4 14 8 16 19 1 16 11 14 6 15 5 2 7 8 11 8 14 15 3 9 4 3 2 4 14 7 5 12 2 16 12 8 8 8 13 15 12 6 14 5 12 5 2 11 7 18 1 12 8 14 9 10 12 19 16 13 4 18 2 7 4 18 16 19 12 5 12 16 11 19 11 6 1 2 3 8 10 10 2 4 3 4 3 13 10 3 3 3 3 11 3 12 8 6 9 2 3 5 11 17 9 10 2 6 11 6 18 10 2 9 16 19 16 6 5 3 11 12 6 12 7 9 6 10 17 11 1 19 9 11 4 12 4 13 14 8 6 1 5 18 19 8 16 2 10 1 8 17 13 13 19 15 15 8 17 16 9 3 13 13 6 15 16 13 13 19 16 16 10 14 16 9 17 12 8 11 13 12 16 2 6 18 10 4 7 15 7 1 17 15 3 2 1 17 10 6 5 10 1 12 15 7 6 16 7 4 14 18 6 3 1 19 7 18 7 17 7 14 14 4 3 6 19 5 16 14 10 10 17 15 5 5 9 17 2 16 8 8 4 7 18 7 16 16 3 12 18 11 18 13 17 9 2 8 1 12 2 13 10 13 1 9 10 14 7 1 3 15 15 14 18 10 12 16 11 15 2 1 10 7 15 6 12 14 13 15 7 5 18 4 2 7 11 14 5 4 7 18 16 4 7 12 3 9 13 3 9 8 7 14 17 13 16 12 12 16 16 5 6 12 19 4 8 4 4 7 12 19 14 2 16 7 6 13 5 13 12 13 15 2 9 12 2 8 11 14 4 8 4 5 3 12 13 6 14 6 15 6 17 9 6 13 13 2 15 18 15 1 11 8 5 15 15 12 12 16 2 17 18 3 15 14 7 2 8 12 8 18 6 19 11 10 10 15 4 19 10 2 8 14 17 7 18 17 7 14 11 17 1 13 19 4 4 4 12 8 9 16 13 18 4 16 5 13 8 6 12 16 11 18 17 9 19 12 2 17 1 4 1 2 17 10 3 13 17 13 10 3 19 8 1 9 1 5 16 15 2 13 12 12 7 1 11 14 2 1 11 10 17 19 11 10 10 18 3 5 17 3 7 19 6 10 18 18 19 17 7 15 16 17 13 14 2 15 19 16 11 19 1 1 12 10 12 1 6 8 9 6 11 5 19 17 19 2 8 8 8 4 12 15 19 15 7 2 8 13 12 8 15 8 1 2 4 3 5 13 4 17 16 14 2 16 7 10 9 12 15 11 1 3 10 19 19 15 5 15 11 3 12 15 8 11 1 8 3 15 5 4 3 10 6 12 5 4 16 18 9 15 14 18 16 1 14 19 18 15 4 15 18 3 6 10 4 3 18 10 16 7 1 18 6 16 2 6 17 9 16 10 11 12 10 3 6 14 18 8 1 1 10 15 11 15 6 1 15 6 2 15 11 5 8 12 18 15 19 7 10 10 3 11 14 17 1 12 8 3 12 2 18 7 6 2 18 7 2 1 14 13 13 16 16 1 15 8 7 3 19 5 19 17 2 3 13 9 3 3 1 8 2 19 3 14 7 12 11 4 14 7 16 10 6 15 16 2 17 12 7 13 5 2 6 17 4 17 11 18 12 2 17 3 3 11 8 7 15 5 17 9 5 3 2 5 2 11 1 4 6 17 16 12 9 3 15 19 8 11 5 3 17 7 2 2 4 9 6 8 10 18 13 7 3 3 15 15 17 7 14 7 16 4 11 3 5 12 6 18 2 9 8 11 11 13 6 1 13 17 16 7 19 18 6 9 1 19 12 13 5 4 10 14 1 3 17 11 3 10 5 9 4 17 12 18 7 10 18 8 7 14 5 15 18 16 16 2 6 10 19 19 8 14 12 8 5 12 10 15 5 1 10 10 11 9 3 3 18 2 9 12 9 17 2 15 5 18 19 8 2 2 6 8 3 5 9 7 10 10 3 16 13 3 11 18 15 16 7 16 6 1 3 9 12 3 19 6 2 18 4 17 18 16 8 6 11 6 9 10 17 10 14 16 1 3 1 5 10 14 15 11 19 8 4 4 3 5 15 17 13 11 18 4 17 19 9 9 14 9 10 10 13 10 8 15 6 8 2 4 3 1 15 13 14 1 10 1 10 12 17 17 15 14 5 9 16 5 13 12 6 18 10 4 11 6 4 10 15 8 5 15 15 12 19 7 3 4 12 17 16 6 12 16 17 17 11 15 2 7 16 12 3 15 8 2 16 14 12 16 8 16 19 5 13 12 15 15 10 6 17 8 1 11 5 7 16 4 15 7 4 16 5 4 8 6 2 19 12 9 19 7 19 19 7 16 12 15 19 7 9 14 1 14 13 9 13 6 17 4 15 1 5 8 11 3 9 18 7 9 9 1 10 19 1 15 8 7 10 11 3 15 5 14 14 1 6 5 6 8 6 7 9 15 7 7 16 18 3 13 8 6 5 17 9 18 17 2 10 11 3 1 7 14 7 1 15 2 6 15 18 19 8 9 18 6 13 18 7 17 13 8 12 7 15 11 19 7 14 18 15 4 11 19 12 13 6 9 2 16 4 6 3 2 5 6 13 19 3 13 11 1 16 3 17 10 13 9 17 19 7 7 12 1 18 9 14 12 3 11 1 3 18 10 7 3 6 8 4 13 8 16 14 1 4 13 13 2 5 5 2 17 18 4 17 18 11 2 16 18 9 7 19 3 7 19 13 17 15 5 3 11 11 5 10 7 3 9 11 17 7 13 13 13 15 6 9 2 16 2 10 10 12 3 11 19 2 10 1 2 13 10 3 8 11 19 15 17 13 15 7 10 14 4 15 12 9 14 8 5 17 5 18 9 7 1 15 17 7 7 11 16 15 4 5 18 3 3 13 4 13 9 4 17 19 8 5 18 7 1 13 9 18 14 7 17 1 17 10 10 10 17 15 17 16 16 1 16 7 4 18 18 3 13 2 15 15 17 1 11 14 5 9 12 10 15 11 18 4 19 4 9 17 15 9 12 5 15 14 19 11 16 10 14 5 14 4 12 6 8 3 18 15 1 14 19 6 14 8 10 5 1 14 17 17 6 18 11 10 3 10 8 6 7 10 19 6 13 6 1 4 19 19 5 18 15 2 2 15 7 15 12 5 16 11 9 19 5 4 5 16 8 11 14 12 5 10 19 12 7 18 14 12 6 17 19 19 8 15 18 19 4 19 6 19 13 13 12 19 10 8 17 17 10 15 17 5 1 3 5 16 6 2 10 7 12 1 5 4 3 9 5 2 7 14 13 15 6 14 14 16 14 8 9 8 4 14 7 13 9 1 11 2 3 13 19 13 15 15 14 9 13 1 13 18 18 1 6 13 17 18 3 6 2 18 5 10 7 8 14 19 8 2 15 11 5 6 10 2 10 10 2 8 1 17 8 1 16 2 3 10 17 7 12 3 18 4 7 5 7 8 1 11 13 6 8 9 7 15 14 16 3 5 13 16 18 12 13 10 4 15 15 1 7 2 15 8 4 10 2 1 7 12 13 7 14 4 8 12 7 13 16 4 14 5 6 19 13 17 16 5 8 18 5 2 11 2 11 18 10 11 12 18 2 8 7 10 10 17 3 16 5 11 9 13 2 12 14 18 9 15 2 12 11 15 14 9 10 18 8 8 18 2 13 15 1 17 13 19 5 9 3 9 13 12 15 14 15 15 18 9 19 16 15 4 6 17 11 15 2 16 5 1 13 8 6 14 1 16 10 15 8 8 16 3 15 9 2 11 6 4 11 12 17 2 18 3 18 14 9 10 13 1 6 16 4 4 4 17 19 9 3 3 9 12 7 11 8 8 9 16 13 16 18 11 16 1 14 10 15 15 18 2 8 16 11 15 4 3 5 9 7 15 10 7 13 3 16 16 1 14 16 14 19 18 16 12 16 10 14 16 10 2 3 5 6 7 18 5 10 4 1 2 13 12 10 7 8 8 4 13 7 8 10 1 12 8 6 3 2 14 12 10 10 5 9 18 8 14 3 2 6 10 12 16 1 13 11 17 13 12 12 18 14 19 10 10 15 4 12 4 19 3 18 14 5 2 18 7 17 11 10 16 4 4 17 4 15 17 15 4 6 19 12 15 10 18 18 1 3 17 12 6 5 2 2 12 19 1 6 6 15 17 7 7 5 15 14 9 11 16 15 4 14 2 8 10 8 16 3 2 13 15 8 18 7 1 6 9 12 3 11 15 13 1 3 13 12 19 19 14 1 12 13 13 16 7 10 6 9 8 3 3 15 5 17 18 17 9 3 13 17 14 10 17 9 19 9 3 15 8 17 15 12 14 15 9 8 10 11 5 2 7 6 11 11 9 11 19 14 15 14 9 1 19 19 4 2 5 13 10 15 2 14 4 12 2 10 9 10 4 2 17 13 3 18 15 15 6 14 11 3 8 10 1 12 16 2 14 15 16 1 15 16 16 9 14 16 17 16 10 6 10 9 19 1 10 3 10 2 15 7 14 15 15 18 18 13 4 13 8 7 5 14 4 6 12 17 13 14 5 3 3 16 16 19 7 14 4 14 16 11 16 17 18 1 8 14 13 8 4 1 4 10 2 14 10 9 3 7 15 16 15 6 11 6 3 14 3 16 3 16 19 11 14 9 8 2 17 4 6 19 3 7 4 7 11 13 8 15 12 6 5 15 12 15 14 12 14 9 12 15 13 13 3 16 14 1 2 4 19 14 4 1 1 14 8 10 12 6 13 5 12 9 2 6 7 16 3 19 15 2 3 13 18 7 14 17 15 17 6 12 15 6 13 14 11 1 11 7 14 16 19 17 13 16 15 5 8 2 17 19 11 19 19 7 9 8 8 3 7 4 7 7 5 17 5 13 1 16 14 14 19 7 19 9 18 7 4 16 7 4 10 2 1 13 18 10 3 12 15 4 9 4 2 1 13 1 18 18 2 13 5 10 3 5 3 9 6 11 11 7 2 7 15 2 19 18 4 12 1 11 16 3 15 17 11 4 16 13 4 7 3 3 19 19 11 12 11 9 3 11 10 10 11 8 16 18 1 2 12 4 7 14 10 9 18 6 5 10 13 15 12 15 19 5 8 3 7 14 15 13 7 16 1 18 7 10 9 13 9 14 3 9 18 5 17 16 17 7 6 5 7 13 6 11 14 9 5 8 3 8 7 9 16 19 12 2 9 4 4 2 9 11 19 7 17 13 10 12 4 9 11 4 14 13 8 18 2 5 19 14 6 5 11 10 8 6 17 7 11 16 1 11 12 11 8 6 7 14 8 11 5 12 11 14 12 15 16 16 19 13 17 3 7 17 8 10 9 16 18 18 15 19 1 9 7 7 1 4 12 7 14 19 6 4 4 11 8 6 16 10 15 14 14 2 17 6 4 13 19 12 18 11 2 2 14 14 18 7 16 10 9 2 17 14 1 8 12 13 8 12 12 15 4 6 16 2 15 19 13 13 13 16 10 15 9 9 9 1 19 5 13 2 19 5 1 10 2 16 15 4 16 14 3 4 18 8 17 14 10 18 3 12 16 19 8 5 4 14 14 4 7 8 18 10 17 2 19 18 1 13 7 1 2 17 13 10 15 8 12 6 9 12 15 11 6 17 14 9 19 3 15 3 14 3 5 18 12 5 12 13 3 1 2 2 9 7 19 13 11 3 17 7 3 1 11 17 19 16 14 3 19 16 17 19 12 8 17 16 3 16 7 5 12 18 5 13 11 5 4 18 8 15 18 11 1 13 5 18 15 11 16 10 19 8 15 5 4 15 17 17 7 6 9 10 18 17 9 19 6 14 9 14 17 18 5 5 8 14 16 2 14 9 6 4 12 13 15 2 1 16 10 5 1 5 17 7 7 7 18 6 8 10 19 18 4 9 15 8 6 18 5 16 6 11 11 1 2 17 14 16 3 4 2 11 6 15 12 3 1 15 7 16 13 6 5 15 10 16 3 6 13 15 2 6 3 14 12 7 17 14 11 18 14 17 4 1 7 6 15 3 13 16 4 2 9 14 1 3 7 5 6 7 5 8 18 11 19 16 15 3 6 17 3 7 2 6 9 6 4 3 7 3 1 7 4 12 12 4 2 9 4 3 18 10 14 9 5 4 3 16 13 6 18 8 9 9 8 12 13 12 17 1 3 13 4 15 16 13 16 8 8 5 3 19 16 7 6 17 18 19 4 4 7 9 2 10 6 19 10 9 2 17 7 15 5 6 9 1 19 9 6 11 5 9 7 1 18 16 10 19 16 9 9 12 6 2 5 16 5 2 12 13 15 12 15 9 7 11 9 18 8 4 9 3 5 7 10 18 9 10 12 3 1 7 17 6 17 17 8 14 4 18 17 2 14 11 17 2 2 3 11 4 6 16 7 18 15 17 4 4 1 13 10 10 11 2 8 11 11 5 17 15 16 12 3 8 7 11 14 18 19 9 1 9 11 2 5 16 2 18 4 2 1 14 3 6 18 4 15 3 18 14 13 4 7 2 18 3 14 3 6 9 10 11 1 19 5 11 9 2 13 5 3 12 10 8 17 1 16 15 4 7 3 19 7 7 11 4 18 8 6 11 8 3 18 5 17 3 15 6 11 12 14 8 1 1 10 7 7 15 19 10 12 14 4 16 4 14 4 6 4 4 13 16 4 10 19 2 18 8 6 1 5 5 14 5 2 12 3 11 3 10 18 10 10 8 14 1 6 1 10 5 19 15 6 10 3 16 16 6 2 8 11 5 9 14 10 13 19 11 4 1 1 11 17 15 14 7 7 13 17 9 17 18 3 4 15 16 8 6 5 19 12 13 17 11 7 11 19 13 9 18 8 5 12 3 11 3 17 12 7 9 11 17 11 17 13 13 2 3 2 8 9 6 4 13 5 11 7 18 12 5 9 18 5 13 3 10 4 11 11 14 2 14 4 10 17 15 13 11 2 5 12 8 19 3 11 3 4 19 18 10 19 14 14 11 5 12 4 11 16 15 6 4 6 13 4 5 4 17 2 10 4 16 6 15 7 2 6 9 10 6 8 18 9 2 2 9 10 5 17 5 9 12 2 19 6 6 4 2 14 17 7 5 15 17 5 4 3 13 4 5 18 13 13 15 4 19 17 16 4 14 2 16 4 10 12 7 15 1 4 1 3 13 5 6 19 7 5 12 2 18 13 8 12 7 3 5 18 19 8 5 1 19 9 1 17 9 19 7 1 9 4 18 15 17 14 18 6 13 15 5 5 19 5 19 13 8 19 14 18 19 1 4 13 6 16 7 7 19 14 14 17 4 14 8 14 14 7 12 5 10 3 9 14 17 11 12 7 10 1 18 11 15 13 12 2 8 1 8 17 19 11 19 15 14 13 14 5 15 19 7 13 14 16 8 9 12 9 12 16 14 6 2 12 14 18 9 4 17 9 11 11 9 4 16 7 6 12 8 12 13 2 11 10 7 19 18 3 13 19 5 9 3 6 11 8 10 12 3 3 12 9 8 4 16 7 1 5 18 9 18 16 4 1 5 9 8 15 18 8 19 4 17 16 15 1 17 10 5 10 12 18 8 6 13 9 10 8 10 4 5 10 14 12 6 1 8 4 16 2 8 14 17 3 18 3 9 7 15 15 17 16 5 13 18 5 9 4 13 3 14 16 13 17 15 2 17 11 15 5 11 12 3 9 14 18 8 9 18 15 3 19 19 5 9 3 12 6 11 13 6 14 14 3 18 7 10 1 15 18 18 16 15 9 11 4 9 8 7 5 11 19 5 18 19 3 5 15 3 1 12 7 7 4 6 16 12 17 13 13 6 3 1 8 9 16 7 8 12 13 18 6 14 13 13 15 16 11 9 17 5 4 19 15 5 12 4 1 6 6 2 19 9 17 5 4 3 2 15 13 4 11 15 13 8 13 19 5 13 18 2 18 7 2 10 15 2 16 12 12 4 9 15 15 18 5 16 16 12 2 17 3 3 14 19 6 1 10 2 9 1 14 2 16 5 19 17 15 17 18 9 18 1 14 14 18 16 7 5 18 18 1 13 9 3 17 6 3 13 4 2 9 17 16 7 14 16 4 9 10 6 3 3 18 17 11 4 2 3 13 19 12 19 16 6 9 2 19 2 14 15 15 17 17 12 19 7 5 2 8 4 10 14 10 3 15 17 11 2 19 12 10 15 13 7 1 8 2 1 10 8 19 2 10 12 17 8 18 5 13 8 13 5 14 12 6 6 7 10 17 13 12 17 19 8 4 2 19 19 19 2 6 10 14 12 6 18 8 13 4 2 9 2 7 12 12 4 6 17 16 3 3 17 11 16 18 8 11 16 11 3 10 18 3 9 1 6 12 9 6 6 16 14 10 9 2 11 4 5 18 10 10 13 7 1 1 14 5 14 11 5 10 7 1 1 17 11 16 10 6 15 13 18 9 3 15 9 15 8 13 15 5 19 12 12 5 11 16 3 12 7 18 14 19 7 19 8 12 14 13 5 6 15 17 1 18 3 14 17 16 19 19 4 15 19 2 16 4 14 15 3 5 17 14 17 16 11 12 11 15 11 9 13 9 16 18 11 11 8 1 10 9 7 5 14 10 15 3 2 8 3 18 17 6 16 11 16 8 5 6 2 6 4 5 1 8 10 19 19 18 18 10 17 7 18 4 13 15 13 3 2 6 19 6 12 1 17 11 19 4 15 18 13 19 5 5 4 14 4 10 8 7 10 1 16 1 17 16 6 4 17 14 1 12 7 8 3 6 15 2 7 17 8 9 14 19 10 17 9 8 9 5 11 9 9 3 13 19 17 14 5 13 2 10 15 3 1 4 15 6 13 8 7 18 12 5 9 8 6 5 15 13 13 6 19 9 4 17 5 6 4 7 4 7 1 14 15 6 13 19 9 6 16 18 17 7 2 14 1 16 6 13 8 7 14 11 1 16 9 3 9 6 11 7 3 15 16 18 7 10 16 10 3 16 13 11 4 16 18 3 15 17 9 5 17 14 17 5 10 16 8 11 6 18 4 13 15 5 3 18 18 12 6 16 16 18 4 14 5 17 19 5 4 13 5 17 15 6 16 14 1 14 11 6 13 17 11 19 5 7 13 4 19 18 12 9 12 2 4 4 9 15 7 2 1 9 17 5 19 4 6 14 2 4 18 11 10 11 1 17 8 17 1 14 3 1 8 6 3 15 10 3 10 8 10 9 1 6 15 19 19 2 15 16 10 9 4 5 17 8 16 7 12 8 9 6 5 5 14 4 12 12 5 14 3 15 4 16 11 17 2 10 17 2 11 3 3 10 16 19 11 13 6 7 9 14 9 7 10 9 15 11 3 19 2 4 8 17 13 9 17 13 2 14 8 1 13 11 15 8 6 7 2 11 1 7 17 1 11 15 2 7 18 1 2 18 2 13 17 12 19 19 17 6 5 5 2 1 2 4 11 12 2 16 15 18 8 6 16 18 8 1 12 19 16 12 8 1 15 16 14 6 19 5 16 1 18 10 1 11 11 14 12 11 16 18 17 11 12 1 16 10 2 7 7 19 4 18 9 16 15 13 6 9 6 4 2 8 2 18 15 8 19 14 4 11 2 5 19 8 12 13 10 3 1 1 11 16 5 16 9 7 6 4 18 11 9 19 12 15 4 11 13 8 2 13 2 10 9 10 4 1 8 18 2 15 4 10 4 14 7 11 4 1 19 12 7 12 12 7 10 6 8 15 7 6 4 15 12 19 16 18 19 2 12 18 18 18 8 17 9 13 8 15 9 7 2 17 11 19 8 6 15 14 2 7 4 18 13 1 7 6 4 11 13 14 18 17 15 16 8 2 4 3 9 5 11 5 4 14 3 8 8 13 9 2 15 9 1 18 5 11 9 16 5 13 10 13 16 9 15 15 10 13 14 7 12 19 16 12 3 9 8 2 6 3 5 14 5 7 6 7 4 5 3 6 13 9 7 4 5 16 4 13 15 1 17 3 11 7 8 4 12 8 18 14 12 18 10 18 2 12 6 19 6 6 12 13 4 10 4 12 12 9 19 11 12 5 19 3 15 6 16 13 11 13 5 5 19 13 7 1 3 6 5 17 18 19 18 7 19 3 7 13 19 3 1 9 5 14 19 8 9 2 17 13 7 12 3 8 6 4 10 18 10 7 11 2 5 19 18 9 6 19 5 10 3 11 3 18 13 10 6 3 11 10 7 19 14 14 3 4 10 19 19 16 19 16 19 16 18 8 14 14 3 19 2 18 1 18 16 10 13 13 14 4 13 4 8 3 15 10 3 9 9 8 5 3 7 5 17 5 15 15 3 10 9 11 6 7 18 16 9 6 2 2 12 14 6 15 16 1 7 3 18 17 2 16 1 6 2 10 16 8 15 19 16 6 15 18 10 10 15 15 15 12 3 3 14 17 3 18 2 7 2 1 6 5 19 7 9 5 7 19 6 5 2 10 14 5 14 1 13 9 16 6 17 11 19 10 16 2 18 3 4 1 1 6 7 11 1 14 6 16 7 19 14 18 10 19 3 1 19 4 16 7 13 4 10 11 17 3 3 13 16 4 8 10 18 2 17 12 5 9 8 3 7 8 4 6 1 8 8 4 11 1 18 4 1 18 17 15 10 9 8 6 8 4 17 17 13 16 5 11 19 4 14 19 11 17 9 15 14 15 15 13 10 14 14 12 10 18 2 11 12 2 7 13 5 12 2 12 17 10 10 13 4 19 16 5 8 10 14 19 9 6 13 4 10 10 14 6 18 17 1 8 2 14 12 7 19 19 19 7 14 3 4 4 14 8 14 15 8 5 13 18 6 16 1 3 3 15 17 10 11 12 12 9 8 5 8 18 1 8 5 18 19 19 14 2 5 13 2 13 11 1 2 13 15 19 10 14 8 1 8 16 12 16 9 17 6 15 3 18 11 10 6 14 18 15 8 3 13 13 9 7 16 6 17 9 12 6 1 19 16 12 6 10 12 6 14 1 9 3 14 9 14 8 16 18 6 19 11 4 12 18 12 4 3 13 16 13 12 15 8 10 8 9 13 17 13 4 6 18 2 17 11 16 1 18 10 7 4 7 2 1 9 6 12 1 12 3 5 2 12 14 9 11 13 2 13 11 8 14 17 12 11 5 7 15 8 11 1 1 3 9 10 14 6 8 17 5 5 2 13 1 2 9 7 6 16 11 11 18 10 1 1 4 12 13 8 18 19 17 10 19 13 18 12 16 7 12 6 17 15 8 19 14 3 14 8 6 13 3 15 13 5 13 16 8 3 18 4 1 18 12 6 17 18 16 15 6 14 9 9 3 1 4 2 17 1 14 16 2 17 18 9 7 13 4 7 11 18 1 11 10 2 3 17 9 9 3 3 6 10 7 18 11 12 5 9 16 6 14 14 18 9 18 1 12 3 9 2 4 8 8 17 2 9 11 17 13 10 15 1 5 6 16 10 11 18 7 11 1 19 12 4 1 1 13 14 9 18 14 17 3 13 18 3 11 16 2 11 3 19 10 16 2 18 14 8 8 5 3 5 9 6 15 2 3 7 4 17 3 3 12 9 17 1 8 16 15 15 18 4 19 15 8 9 15 10 8 6 11 2 7 3 1 11 7 19 4 12 7 15 5 4 4 16 8 15 19 1 3 5 13 1 12 14 16 6 13 12 10 6 5 5 10 9 5 6 14 3 10 6 4 8 2 6 3 13 1 10 11 11 6 12 15 14 3 17 1 15 7 13 16 14 12 12 13 9 3 15 17 12 15 19 12 15 17 11 15 10 13 16 13 10 12 11 12 6 4 3 19 14 12 3 17 13 7 4 4 18 18 10 16 8 16 17 17 15 6 15 13 11 15 2 2 10 13 3 7 19 2 15 11 10 1 17 17 8 9 7 12 2 16 17 2 4 18 1 7 12 5 4 4 16 5 10 13 14 4 9 18 10 19 6 19 14 13 3 17 14 8 19 14 6 9 5 5 7 16 5 2 4 18 9 19 9 19 11 7 8 18 12 18 15 14 4 17 13 16 17 12 11 15 13 3 7 13 3 17 13 13 5 6 12 16 15 11 17 5 13 14 4 17 9 12 3 1 5 13 12 9 14 5 7 4 19 14 14 16 11 11 6 1 18 17 9 9 15 15 9 5 18 14 12 8 5 18 10 15 9 19 7 6 4 17 4 14 18 16 4 15 6 14 17 19 7 2 17 16 17 5 1 3 10 19 17 14 6 17 4 8 4 4 7 13 7 4 5 6 7 4 9 4 19 8 15 6 1 4 6 10 10 18 18 17 8 5 4 3 4 16 10 4 11 7 2 8 14 16 6 1 2 19 11 4 6 4 7 19 9 13 6 19 14 9 10 5 15 15 14 17 11 3 16 14 18 10 16 15 17 13 12 19 7 14 16 18 4 8 4 5 19 2 1 19 4 15 10 12 1 10 2 19 4 3 17 18 16 17 19 4 7 6 8 14 6 14 14 9 14 1 1 10 17 1 17 12 10 4 15 16 9 18 5 1 11 19 2 14 17 11 14 16 5 5 4 1 9 13 3 2 19 7 3 12 7 18 7 17 17 19 19 2 3 9 3 14 9 1 8 1 2 14 12 15 14 10 7 18 14 19 2 14 5 18 2 14 12 14 16 16 11 13 7 16 6 9 8 12 2 1 3 5 7 18 7 4 5 8 6 9 5 11 18 17 15 2 15 7 6 1 5 3 17 10 3 3 11 19 6 19 17 6 2 14 8 18 17 8 8 2 18 7 19 18 18 3 18 4 10 3 5 15 3 17 17 7 13 15 18 19 7 1 7 10 12 2 7 9 8 17 19 14 19 12 19 13 18 6 3 18 6 13 18 4 15 2 13 17 7 12 18 1 5 8 19 18 14 3 5 3 17 9 11 19 3 6 2 3 1 8 10 17 14 12 10 4 5 13 3 19 2 2 19 5 7 1 16 1 19 16 6 6 14 5 14 5 7 15 5 7 10 7 4 10 19 5 5 3 9 12 8 17 16 3 4 10 10 18 13 5 17 15 19 18 10 8 5 3 19 15 1 3 11 11 17 4 15 10 2 8 7 13 2 7 3 12 8 11 3 11 5 13 8 16 1 12 12 19 10 7 2 2 18 1 19 3 19 5 18 9 13 15 13 6 14 13 5 4 14 8 6 16 5 3 4 14 3 11 15 16 19 14 13 13 18 2 5 16 10 17 2 8 8 14 3 13 10 13 17 2 19 18 6 14 11 12 4 14 7 17 3 13 13 18 12 10 6 8 4 9 11 14 3 14 1 4 10 8 18 6 10 18 16 8 11 15 15 6 13 3 13 6 18 16 10 2 6 4 13 17 6 11 12 15 3 1 11 12 16 14 3 2 10 3 6 4 2 6 12 2 9 16 3 11 17 9 8 9 5 17 12 11 12 8 4 12 1 11 11 1 13 19 4 8 9 13 13 1 15 9 13 3 19 18 13 11 8 13 18 1 19 3 7 13 16 3 8 5 17 3 8 2 18 15 6 8 16 8 2 3 5 10 11 9 14 7 4 4 18 9 18 10 19 17 17 6 7 6 9 14 14 12 15 12 10 16 9 5 19 15 15 6 14 6 17 5 15 12 4 10 6 18 7 7 6 13 16 10 11 11 18 19 5 2 18 14 3 18 17 1 19 12 14 11 2 4 15 1 17 9 15 19 12 12 7 11 4 3 10 12 5 7 9 13 5 12 5 7 15 11 7 8 19 6 2 8 15 19 5 11 7 8 5 11 5 2 4 12 17 3 11 15 7 3 15 13 18 3 16 15 8 7 17 2 3 17 10 7 10 19 17 11 13 16 12 7 13 12 6 11 3 16 17 19 3 19 10 15 4 16 8 3 9 14 16 5 11 12 17 2 15 9 11 16 6 11 7 8 13 12 14 9 7 13 5 7 4 19 13 5 6 16 11 8 13 13 15 1 3 10 7 4 11 10 7 1 11 11 6 17 19 15 10 8 11 19 3 7 18 1 5 9 13 11 1 3 15 16 9 11 14 15 8 5 7 19 3 5 2 14 11 8 13 14 14 6 10 8 9 14 15 2 18 1 9 17 15 5 13 5 10 7 2 15 8 13 6 8 9 15 10 2 17 1 8 7 8 9 17 10 9 4 5 19 8 7 7 9 16 12 6 6 9 16 2 17 12 16 19 7 13 9 12 2 12 6 12 4 14 4 8 8 7 19 17 6 9 7 4 3 13 8 4 14 15 9 6 11 11 9 2 9 19 13 3 6 14 2 18 17 13 12 15 11 4 6 9 9 4 19 4 8 9 18 7 13 11 18 1 9 15 15 17 11 2 15 19 4 4 16 12 19 9 5 5 8 10 13 1 15 8 14 17 9 9 12 1 8 9 18 6 7 11 19 10 13 6 16 9 4 6 7 10 8 16 7 17 1 12 14 3 12 7 19 2 1 13 17 1 12 18 19 11 14 15 17 9 2 17 11 19 14 2 6 11 15 17 5 3 6 13 8 10 4 9 15 13 13 13 2 10 14 16 18 13 6 7 19 6 18 3 19 12 10 18 16 8 13 4 9 19 13 16 12 1 18 1 1 19 6 6 2 1 9 13 5 3 2 9 15 5 6 7 4 14 2 2 2 7 9 13 7 4 11 7 12 18 10 6 17 18 3 11 4 3 4 4 4 13 18 6 3 1 4 14 1 10 7 1 14 19 16 8 12 4 5 16 4 7 5 18 14 17 12 8 12 4 5 1 16 17 18 11 7 13 19 10 1 18 7 2 8 5 13 11 3 4 16 3 5 14 12 6 1 9 15 7 9 3 16 15 18 14 18 10 2 3 6 2 7 4 13 8 3 9 11 14 18 9 16 13 8 3 13 10 4 2 14 7 11 15 15 3 8 3 1 2 5 7 2 19 15 7 11 14 19 18 19 15 3 19 7 6 16 10 5 12 9 9 4 3 7 2 14 17 3 15 5 7 6 11 16 19 16 4 6 7 11 6 10 19 17 1 6 19 2 13 13 4 1 8 8 1 2 13 16 4 8 12 9 19 19 11 5 1 12 5 15 13 4 2 7 13 7 7 11 15 14 2 8 8 14 6 16 9 13 13 17 7 14 18 8 17 15 6 7 11 9 4 9 16 9 10 6 2 15 7 14 4 9 9 3 12 14 3 3 8 16 10 18 14 14 7 8 18 8 8 16 7 6 19 12 17 6 5 7 11 12 17 13 18 3 5 15 15 18 9 12 9 11 1 4 17 19 4 4 7 14 10 14 8 3 15 11 10 16 15 19 14 16 1 18 15 8 16 5 12 10 16 14 11 19 8 13 15 7 13 3 14 17 8 13 11 12 9 12 5 16 14 2 17 17 5 19 19 14 16 3 8 9 3 5 8 19 16 6 8 4 1 9 8 8 3 17 2 11 13 11 16 12 9 19 16 18 8 8 8 14 19 6 4 15 6 15 4 18 10 10 16 14 18 19 16 1 1 8 8 8 7 18 13 3 1 8 12 3 10 9 12 6 17 8 17 10 2 13 4 9 19 3 10 11 9 12 2 4 15 13 10 2 16 11 1 8 7 3 7 14 10 8 8 17 17 1 19 14 10 9 6 12 11 17 16 15 10 15 2 3 14 16 10 4 12 16 13 8 3 12 8 17 12 14 1 8 13 15 5 13 18 16 3 1 4 12 11 18 13 13 12 15 5 15 6 6 12 13 7 8 4 13 3 16 5 17 7 15 5 14 3 4 17 8 19 4 6 6 10 19 4 18 10 6 9 12 14 5 3 8 18 3 3 17 18 3 10 7 1 15 7 13 16 10 8 19 9 4 19 1 6 14 13 15 4 17 3 15 13 11 2 2 3 4 17 9 6 8 4 2 5 11 4 4 14 7 7 3 18 6 2 10 16 9 5 8 8 6 14 7 7 2 19 14 19 10 15 18 7 9 19 5 2 14 2 2 13 4 10 19 13 13 1 10 8 1 14 18 7 19 5 1 11 19 11 5 7 3 2 15 13 14 11 14 10 12 9 9 2 9 6 17 10 6 7 15 4 1 9 1 1 5 18 16 6 4 4 8 2 4 1 7 8 18 15 12 18 16 16 13 5 14 17 2 7 11 3 1 15 10 1 14 6 18 12 8 5 5 19 18 14 16 9 17 16 3 3 7 4 10 6 2 2 16 1 5 3 13 7 16 3 17 14 8 5 7 16 11 8 17 8 14 5 12 4 13 17 17 8 12 15 18 7 7 15 4 18 5 2 9 1 19 8 16 3 13 4 1 10 17 6 10 16 10 10 10 4 15 16 9 17 12 10 6 18 12 5 8 12 9 13 6 17 8 5 9 16 10 18 11 6 10 7 10 1 5 3 5 1 13 13 3 1 15 10 3 3 19 1 14 9 2 13 11 1 16 6 15 8 1 2 7 18 8 9 3 7 9 8 11 7 11 15 18 17 18 2 2 3 2 4 8 15 17 15 7 19 18 16 11 17 12 12 5 3 14 18 17 4 19 13 18 12 13 1 10 5 1 15 3 2 11 13 10 15 19 7 4 14 16 15 15 12 13 8 13 15 9 15 11 17 14 18 7 8 19 6 13 13 9 2 10 13 7 16 18 18 1 16 18 8 4 11 4 19 4 13 4 10 7 1 18 10 2 8 13 5 16 1 17 18 11 7 19 13 17 12 16 6 15 4 14 18 2 1 19 5 10 17 10 14 14 3 3 5 9 16 11 10 14 12 12 2 2 12 7 4 9 12 14 5 11 7 8 1 12 17 11 17 15 10 5 7 10 1 16 14 12 18 6 8 8 7 12 11 12 10 11 1 15 7 4 13 10 14 5 16 13 6 13 3 5 12 16 14 11 10 7 1 19 5 7 18 17 5 15 1 3 9 17 16 6 14 15 3 10 11 4 19 16 19 2 17 19 1 2 9 4 8 4 19 6 11 2 12 7 19 1 9 16 15 14 6 3 9 5 10 16 13 12 8 8 14 11 5 6 14 13 18 13 11 10 6 12 19 10 3 5 15 10 19 14 2 10 6 16 17 8 7 1 14 9 6 1 13 12 16 18 17 8 2 14 13 4 18 19 6 15 12 18 8 12 2 11 18 4 8 15 15 5 11 15 4 1 19 2 17 4 15 9 14 2 13 1 17 14 16 9 8 7 16 19 18 1 2 3 4 11 12 13 10 13 13 15 1 6 19 15 10 4 2 6 5 6 9 1 17 6 17 13 10 17 3 6 17 11 13 12 2 2 7 19 18 9 9 15 3 8 7 12 7 5 10 3 8 1 19 13 5 19 11 14 9 17 14 7 11 1 13 4 19 19 14 15 17 6 8 2 17 5 2 4 8 11 10 18 19 14 12 13 18 4 3 14 10 13 11 18 5 19 18 14 4 16 2 15 4 5 18 17 17 13 4 9 16 5 2 1 16 9 12 11 18 19 16 8 19 10 12 5 8 18 19 11 16 2 15 17 17 14 14 16 1 16 12 19 19 19 8 2 3 17 9 1 9 9 17 3 9 2 15 4 1 18 6 12 1 10 17 12 1 2 16 14 17 1 16 17 10 7 13 4 13 16 11 4 6 2 6 15 15 13 17 8 2 11 8 9 6 10 3 8 7 19 11 3 16 14 12 10 3 17 19 1 1 3 5 19 10 7 5 7 1 16 9 16 15 8 19 14 10 13 10 1 1 18 17 3 15 4 15 18 1 19 17 2 2 13 1 18 10 10 5 3 7 19 10 3 16 5 4 1 6 13 13 12 5 8 3 12 8 15 10 7 3 4 2 16 11 11 10 1 16 11 13 15 3 18 15 2 4 9 13 9 3 10 3 14 11 16 16 11 16 5 18 19 15 3 1 12 17 15 7 1 17 14 16 10 11 6 6 13 1 1 6 7 8 8 16 11 6 7 3 19 16 5 4 3 1 15 18 10 19 16 9 5 11 3 6 1 2 17 16 11 6 6 8 10 8 2 15 4 14 11 18 16 13 2 3 12 6 7 19 11 14 8 5 1 16 6 5 11 17 6 18 15 13 18 10 13 12 13 5 4 6 10 7 14 1 11 18 1 15 10 8 7 19 8 4 4 5 10 13 3 15 5 1 3 11 16 13 18 19 3 3 15 9 8 14 8 11 13 7 5 11 16 8 3 2 15 13 6 13 19 1 10 19 11 2 11 14 7 2 15 6 4 14 16 1 1 13 15 9 7 19 13 17 18 16 5 10 15 9 2 9 6 2 17 3 5 2 19 3 3 13 19 10 2 17 3 6 7 10 16 13 5 16 11 10 3 15 14 18 9 15 16 12 10 3 3 4 14 3 14 2 8 10 10 4 5 6 5 13 2 17 18 3 9 17 18 17 4 13 5 8 5 13 1 10 12 7 11 2 13 5 11 6 5 15 10 11 17 3 4 17 11 9 17 4 15 15 3 6 4 6 7 1 18 13 6 7 6 9 6 16 7 17 15 12 10 16 11 18 18 8 9 8 15 16 6 1 4 4 10 2 15 2 14 9 3 4 19 11 4 1 8 4 15 13 11 16 1 4 5 17 3 7 16 8 3 9 7 4 13 13 3 1 6 16 13 12 1 2 15 7 1 19 16 6 12 11 15 12 9 15 10 16 13 12 4 19 13 16 7 6 2 13 15 19 3 14 3 11 2 7 1 14 13 1 12 8 13 9 11 18 7 11 7 16 11 15 2 12 5 17 13 7 15 12 16 15 19 6 16 17 6 15 3 9 14 7 9 10 5 16 3 5 10 18 19 7 7 17 15 19 19 13 8 16 6 4 12 17 19 16 4 11 16 9 2 12 13 9 5 1 12 9 16 4 8 2 5 12 2 9 4 12 12 13 9 14 18 5 10 17 17 6 19 3 12 19 12 9 6 2 2 14 18 13 2 15 8 11 5 7 8 12 10 16 3 5 3 7 18 4 10 13 13 10 16 7 17 9 12 8 4 6 6 4 14 19 2 16 18 8 19 13 11 10 18 12 17 8 16 13 3 15 13 7 11 14 2 18 19 7 19 10 13 6 11 1 17 11 5 12 8 17 4 12 19 15 7 5 13 10 13 15 13 16 1 6 14 12 1 2 15 18 10 7 3 12 15 18 14 18 18 2 3 15 14 16 11 9 4 5 19 8 18 3 10 11 15 19 7 16 19 19 10 15 10 5 5 15 18 1 6 19 8 8 2 8 13 11 8 12 10 10 13 17 3 10 7 2 6 16 17 8 5 2 2 17 8 11 1 11 6 4 9 6 15 12 5 16 18 19 12 7 16 18 18 15 5 5 9 4 9 15 4 2 16 12 6 6 9 17 10 18 3 11 14 11 15 17 4 4 15 4 17 3 11 5 3 6 1 17 10 6 19 16 4 13 12 4 3 7 6 2 2 11 13 13 9 8 2 5 11 16 7 6 15 14 13 9 1 1 3 3 6 10 9 4 16 13 5 18 8 16 4 5 4 6 4 8 18 1 11 14 12 18 1 13 16 1 16 13 2 5 19 3 9 10 7 13 7 16 15 9 8 19 8 14 18 16 11 1 11 8 8 8 7 2 14 7 3 2 14 3 4 6 18 10 12 18 17 4 2 12 3 7 10 9 4 19 7 16 19 16 18 18 19 12 3 15 6 11 17 5 13 9 11 19 10 9 1 15 12 2 5 16 5 18 14 6 17 13 8 2 14 16 16 1 9 15 3 14 19 8 3 18 5 13 5 18 2 19 13 2 10 19 14 12 14 15 2 3 11 12 15 4 9 18 19 8 10 7 9 6 10 4 16 19 2 4 16 8 17 10 14 14 13 18 12 5 16 19 6 8 7 5 1 17 12 1 6 13 15 11 10 7 
// di
10285 7910 5041 9386 5836 9148 4242 9149 5444 2458 3864 6223 1395 7801 1658 3865 10639 6200 9772 8598 5248 10750 7792 7928 9380 9064 7370 2332 6364 7317 113 10512 6430 6406 4436 9269 6715 6933 4124 9538 5278 229 3145 869 8381 794 9445 3926 8031 9918 3844 631 9561 1248 8702 4384 2250 10557 6033 2357 8928 8309 2629 6268 1869 1649 2523 6607 2174 2241 5819 3587 4960 3218 2410 2825 9438 7651 7131 8399 6542 10767 1738 9880 982 152 7565 2311 7607 4856 9607 3627 1230 6878 4048 8548 7439 1964 3781 6828 4899 8609 3055 7884 1431 3781 222 9561 3484 5809 2209 9390 7271 2832 5855 4849 10972 1832 9501 291 9980 1703 10518 10026 4259 7848 3267 6930 6933 7329 10764 7776 6746 5089 9756 9067 4946 1426 7704 7000 4943 1914 4031 3851 2412 10232 2910 1861 9917 5399 10651 2218 3498 9694 7328 299 9197 146 10467 7063 3054 8047 1758 3088 1363 4045 2444 4853 4315 237 145 2303 6535 5510 7841 3682 1951 3782 767 8708 1828 3663 547 2268 1786 9246 2303 8668 3673 4361 8155 5499 378 9939 7058 8982 4571 5172 2960 637 10088 2199 4946 7473 3444 8964 8826 7096 3256 4161 10834 5414 6854 1964 932 8885 8013 5043 7822 4432 69 4155 3391 7554 7315 8427 3786 3863 7141 6163 711 1125 2808 8770 3857 5845 2057 10898 3283 1939 5822 9456 8744 1926 3937 9835 7121 9070 6684 9169 3295 1166 6721 2868 10646 3058 5683 4223 6614 570 1738 5874 1398 10440 10985 8371 2036 5711 4935 4494 4863 1788 5255 315 1928 5416 8525 4747 6302 5780 4506 6514 1315 10860 9936 4008 6463 8383 3885 9360 1032 1894 9167 5286 7937 1356 1328 5913 6236 4276 4576 1220 10615 5414 10092 9647 5409 10231 5850 3047 5608 9577 8265 10259 5113 8417 20 8554 1953 6691 6646 1882 10793 5566 688 6868 9697 9169 450 608 6984 2337 788 9921 6322 2578 370 3675 6733 6356 8608 8241 2022 8654 8903 2808 233 1362 6671 9056 9082 3283 5004 578 4076 2859 10932 3989 2142 4150 3566 10517 9883 183 3973 1294 6436 9601 7338 10069 3161 5273 5226 2226 5503 1504 6508 279 7632 7592 67 3352 2037 5903 9363 7340 10320 2064 2800 9372 5727 1578 2004 4994 4671 9024 6999 1720 1657 227 5289 2985 9295 1507 6171 1345 364 1522 6354 933 7315 9826 646 1983 8594 10605 7269 8751 8547 5383 8207 9805 1529 8890 1276 4958 1246 5131 1312 10210 1975 10542 10457 2594 4539 9956 8231 1403 10200 9886 1630 598 2987 3565 372 10949 862 9700 8142 3701 1299 10756 3831 971 6945 7951 6517 399 3235 5229 6505 3708 2377 5829 7604 10517 3963 8889 2779 1189 8755 4735 1597 496 5044 10368 2437 10534 6107 9713 7054 2368 5573 3815 7827 4609 3356 4396 9323 9561 6818 2572 5221 10173 10188 9116 33 8867 6258 726 5316 9470 1486 2251 4402 7234 1319 10521 6081 9155 10822 6129 10836 7061 4445 9771 6398 1329 8739 9140 9213 8786 36 6173 7302 3357 2690 6053 3066 7136 9312 7392 5221 4062 10151 10214 10802 10491 3046 1784 8568 7163 2283 6564 7032 4453 5460 2699 48 10953 4146 4450 10853 8106 6665 4082 4446 9131 6554 7674 8254 4676 9780 4234 3583 6936 5880 9555 10491 9375 5153 5806 8540 3775 2016 4474 5510 7691 7739 8186 6092 2210 3160 8837 10236 32 9961 429 10083 3677 8107 1185 3398 88 4667 6030 4492 7040 207 3077 8832 9694 2013 1617 4417 4902 898 7354 9382 7735 6751 4150 5403 10189 1601 4685 7723 5878 1896 4187 10864 10894 4552 7095 4988 135 8259 7831 2460 2771 8308 8429 3953 3761 1571 10662 4532 7736 3503 10648 3635 8247 8486 784 4345 5370 8560 5190 10795 8771 7637 2560 5905 10383 7567 8190 9245 2068 1483 10382 129 9023 9093 4102 7176 2409 8592 3869 10104 7218 8941 2561 3289 3305 8720 8112 7466 2051 9468 3140 7331 10957 2955 1756 2493 2690 10775 9262 9706 9874 4232 8166 675 6106 9183 2630 7362 9116 3652 6070 4698 1842 9498 10663 6104 6559 9984 8236 9716 2364 537 5224 7617 9922 2129 10062 6419 5808 9865 1368 5133 2539 7958 3691 3271 168 8145 4140 8289 2586 7057 775 3874 4670 4894 9531 353 5046 9051 10046 1018 7240 6734 8096 4561 6628 4345 2790 5008 5575 7909 4605 101 285 624 2206 8714 5097 7719 2549 49 1158 3276 3584 10668 5260 2129 1826 9570 88 8339 8418 7832 3357 4699 1725 2851 4197 492 1425 10473 4738 5243 7861 1288 6134 9866 7782 521 121 7165 6577 1825 6240 1838 5030 6603 8171 4849 5146 3632 6884 5663 6398 545 10542 7558 3949 2627 7388 6073 1183 3718 4645 5144 10789 9233 1555 8613 6904 3072 6596 5691 775 7713 5192 9669 9539 8541 4510 4537 5677 5852 961 7639 5735 7121 10661 10491 4030 6386 7019 7942 6329 3472 2568 10650 7155 4650 10758 1175 7519 3828 1613 894 10117 9008 6516 6727 1989 5615 10166 5120 1600 2274 1044 4244 1753 236 5921 7536 3767 1547 10151 7284 3030 1842 110 8224 5815 5558 4041 7515 6319 1429 7541 10567 9470 1446 8004 8774 9373 7892 7075 8744 8650 7452 4613 2891 6752 9090 1609 5192 7368 301 6389 6475 10341 2044 4176 10588 10100 7680 8753 5045 2219 8140 2327 8094 8890 10204 10093 1685 1700 6627 7340 10121 8530 10278 7907 190 7121 4913 9977 9461 3527 10951 9589 5870 8739 8552 7458 5073 8843 3029 8529 6351 1818 353 8132 18 10340 1554 3678 4090 10403 8364 1551 3691 10556 8580 4906 6197 6194 10927 1509 1887 4142 523 1486 2941 7091 9094 4567 6702 4489 5484 2777 10086 7683 77 8742 3810 3778 1131 6763 2316 7558 5649 10912 6351 2365 5862 5491 1671 5195 2803 2314 4087 6294 10949 8559 9368 8347 4639 2112 2141 8766 1268 6391 2438 4421 4840 3176 7689 1220 5723 1689 5623 7649 696 4407 4414 9829 4308 9681 8682 852 4837 3418 10017 4567 518 10052 1151 5021 10755 5788 1739 10383 7623 3720 7471 5352 1482 9959 7574 5682 5403 4305 91 6710 1643 7006 9953 9297 3345 2461 10501 4368 4767 416 4629 2727 2691 6962 9495 5631 1710 5546 4283 10457 4529 9300 1863 2281 3428 392 137 8204 1208 9484 1665 3070 7100 9467 9401 10538 8036 4409 7115 586 10342 7691 4277 8001 5558 3061 9540 104 4431 1675 8733 4448 7862 3142 2994 3952 1871 2657 4610 3395 2123 9419 1804 5489 9311 6333 221 8039 10400 4947 8349 1393 8061 2325 5384 9021 10201 10767 2325 148 10716 10367 1028 2834 7391 4898 8502 7127 6861 9223 492 4830 4612 4993 8841 1764 2862 8930 4399 4045 8314 6150 3738 4676 10734 6763 3081 4714 6837 551 3790 7948 6492 8209 10450 10490 3028 3063 289 1950 933 7514 4430 646 7850 7626 4400 1422 1535 1828 861 4763 6040 10642 294 9692 5008 3892 7999 10849 7614 2427 7607 9454 7748 3918 1360 10111 7100 10987 10004 5141 8772 6464 728 8669 10862 3979 2137 8824 10924 8531 276 5094 2927 9675 3788 5532 2098 10656 10225 5522 8172 6701 2362 8976 6653 10358 10615 2085 192 7381 795 2525 4832 5716 7012 6576 9729 3840 6410 5877 8501 2782 10095 204 1200 689 5088 2176 4933 2445 3630 7064 1063 4162 1430 6819 762 10163 10729 9723 10357 8175 8752 768 856 7629 988 6858 7332 2106 3920 7446 2354 1901 10586 10614 10480 4328 7720 2980 7389 9455 2004 6354 6844 8896 3698 96 3859 2426 8731 6333 3406 5652 664 4935 18 6917 9969 6876 7608 1632 10622 10997 6190 10604 9605 9628 8914 3623 10897 3462 10444 6109 10691 5443 1289 4056 10559 787 4372 4470 3084 7495 6587 1192 2919 7515 5757 10409 4565 4842 10919 7198 2417 1207 10024 2242 10595 10210 2849 10523 1916 4082 9755 4314 888 1569 9184 5970 7269 5565 8990 136 772 7994 791 7170 6042 2226 6441 3841 1138 9249 8996 560 3317 697 7900 7213 1952 3705 7417 967 4679 6775 578 7151 9435 10377 6937 5366 8506 4286 8701 1524 4990 196 2313 1259 6098 2911 5325 2591 1091 10158 2584 8408 2296 6530 5761 6248 2332 385 2052 5880 3684 9894 4811 537 10968 1172 6036 8692 1446 5430 592 7671 9251 8954 7075 4786 8992 1476 3081 4331 3244 10170 1317 1850 8959 1571 10830 8332 9157 5991 8327 8922 2267 10681 7598 2800 714 3993 2204 6267 7315 1417 918 8287 2093 1834 10832 4290 5854 10020 5857 682 7664 1931 4729 6250 1866 8073 2876 1586 3351 3487 10155 5455 7657 9193 7046 7202 171 885 9143 1650 757 3510 7386 6949 7424 3198 417 10627 5930 9745 4390 1732 4494 8572 5240 8359 10746 5112 5112 2601 3383 1268 9104 739 4803 2235 2368 8644 9798 5930 6158 4569 9306 5570 3781 10652 452 5764 9906 2749 8116 8503 9976 9995 1316 9020 9623 1708 10509 6619 6605 5203 4892 8062 892 5073 1719 7886 3217 4703 9045 6441 6946 3898 8224 7591 9985 5109 4516 2231 3662 7567 5329 9382 8155 3917 4141 4283 3371 7962 6671 1736 7115 5197 7636 2770 6354 6700 7084 4911 8677 10563 7515 10681 5275 976 10312 9183 6192 4160 6842 4926 5314 8703 7070 2589 5240 2420 1353 4882 6635 9413 10897 2909 8996 5711 8525 8707 432 8846 4486 6995 2711 2997 10915 3416 3654 6815 3359 9064 442 495 9053 6081 75 6802 8743 224 7033 2440 8445 6238 10413 9935 7374 621 2189 10669 7119 941 9141 9015 8246 7185 8942 9189 7794 4939 9588 1447 9126 8461 8022 8560 5525 7805 9891 8580 5481 9251 4175 9668 1812 690 4152 8356 3875 5448 10438 4990 278 2275 4537 7433 9069 1993 976 3785 2429 149 6555 10427 1066 6423 9230 6436 7115 150 7463 2216 5086 6044 7536 9139 1791 7671 1889 6874 394 5037 2317 4473 1582 7809 1060 3995 3147 6442 4984 2719 4744 1497 9088 6327 10131 7744 10915 5329 1964 1456 6343 7931 1026 7451 1083 6719 7242 2761 6986 8212 4759 217 6918 9037 7172 5661 4230 285 954 6903 8401 5686 2735 8770 1724 5895 9102 6883 6161 2253 7324 1917 4659 5767 3143 9699 3038 3671 3505 1656 7046 6040 5701 2462 3746 3252 768 9766 10932 4435 1437 8821 9898 8958 7355 10174 6650 422 5445 7183 5701 4164 594 713 1842 4531 2448 1496 1957 10011 136 5397 9706 4789 1084 8538 9456 80 7309 10912 10775 10925 7300 3326 7168 1732 8112 8839 5600 2465 928 2526 7230 7884 8300 5280 8484 33 10690 10641 10770 4907 8640 2124 8587 6800 3790 5902 10755 6287 1867 6698 7883 3066 5558 7536 4182 9277 7498 8802 8013 128 10506 5739 9495 5773 6253 2688 9717 82 10021 217 2778 8620 1169 7893 7721 7770 9358 1986 10161 9271 8773 4341 8169 8428 9408 855 5408 3062 1432 8201 1614 377 2836 4429 1509 2734 1870 1419 5427 2612 10512 9343 8440 9772 1300 2154 5903 6891 3168 3513 9999 4299 3407 2661 6621 5124 52 6023 3399 2183 3320 2848 5312 2765 4278 3829 9949 10018 7996 10763 4899 8859 6068 4041 7415 10402 8804 6894 2737 5532 1520 10558 3397 6257 8918 790 9847 8017 6021 2010 7679 9182 5830 7180 9428 6476 664 7775 480 2185 6722 6778 716 6951 1496 9213 10946 9506 2601 6458 5045 9056 20 1539 7873 1703 760 8620 9822 8501 663 1587 8529 6621 4718 2965 10870 5760 1188 6198 9549 8967 540 10150 1941 5249 10016 1338 1510 8905 7272 6835 1976 3231 469 4423 3578 1112 7946 4586 8208 7481 8519 1015 6077 8336 9813 2653 3218 9584 7585 844 3490 3210 3141 551 2400 1511 116 10664 8480 2703 4929 10989 5176 6933 6556 698 2717 86 8615 6087 4062 7317 9593 9543 595 8657 5653 10176 66 5942 4432 1987 7882 9594 3736 1352 7269 8960 8757 3917 6874 6949 3545 5368 2314 10343 8617 4320 1019 9313 3855 638 4603 244 9596 4914 10729 1948 10556 7910 5224 10989 1609 4285 763 6725 6144 9676 10884 9512 6388 652 8297 7749 10199 10286 2852 1835 9318 9971 5659 8726 5601 8646 9701 3294 808 1746 6008 10687 2943 1825 10569 5807 98 1761 6128 4063 8330 4861 506 8607 614 8018 5395 7129 6624 10251 10575 2343 9009 8107 10832 1868 5986 2339 7815 6731 10091 5416 2960 7562 308 1561 2274 4089 8796 3234 9522 132 3469 9469 2823 5822 1349 851 7767 2567 4676 1696 5182 6036 5069 1140 7417 7315 7401 798 8323 559 65 9186 3881 7150 773 2933 1098 9591 4939 243 3419 155 1781 2782 32 5968 10537 6605 10097 3552 8718 5390 5988 1134 8162 5482 2174 10387 4056 3149 7211 5326 10064 8201 7336 8318 4588 1210 9964 2946 1672 9304 7450 2997 1056 2197 6219 1782 5321 4920 1979 9439 10251 6431 7604 4318 6030 8970 1848 10 4550 4543 2286 7961 861 2776 44 7900 9908 637 4974 8927 4074 8654 1064 2480 5310 2371 10446 3759 10835 3451 3442 4950 5946 10511 867 5129 4281 5088 8233 2910 7574 8911 294 1987 9686 4685 7378 4784 9568 9677 4659 2711 9574 200 4659 2621 1630 5331 4850 3086 6535 2078 5944 1476 7786 1464 4830 378 4872 4443 257 6609 9185 5295 2999 10080 3004 8932 2351 5099 7900 3433 3889 4030 2305 7010 2492 6097 5104 6350 4493 9322 4663 6849 2544 4990 10890 4332 10881 2434 652 2269 8554 7311 720 615 7566 2964 3634 8984 9107 280 9348 10048 10701 3562 2420 6148 446 5701 3358 6996 1813 9481 5342 7067 8280 7855 7078 7245 4950 8074 9059 2565 5137 8813 5198 4089 1168 3458 9120 7581 8754 10027 5053 5334 1997 5421 6076 3096 4004 2653 2516 2312 5211 2352 9086 9465 5582 2993 7723 10333 2498 2838 1471 9821 8666 6833 7737 2411 10016 5440 10473 9264 8928 2431 6786 4263 4323 2376 9090 1821 8215 5445 9473 819 9772 10033 2058 1970 7680 8076 5146 8614 5136 4012 630 2164 4249 6927 9867 8303 4571 7344 2507 5239 7836 1484 579 8655 7435 2042 2322 10455 1624 9524 5482 3545 8605 2180 1726 1857 2435 2944 4788 6807 5464 5386 10312 8788 6520 10080 9564 3563 4591 5999 563 1207 7533 7321 5928 4865 4632 8911 8859 9976 8245 10470 1650 3853 6682 2762 7766 9737 8292 6783 10247 9826 10376 5323 7380 2626 9914 7755 10055 1243 5959 3620 5804 1642 6258 3777 4870 3585 1012 717 4141 2715 9526 3763 2612 834 8697 5753 6991 374 9994 6425 5120 7348 9113 2174 2210 1479 10179 8656 6052 1631 6368 8992 7486 9193 904 9646 10567 2419 1777 1528 9845 8196 4182 4528 2569 7274 1444 8775 1477 4903 9601 1865 1905 8625 3828 1544 5473 8307 9640 1347 8931 951 10345 5389 10173 10877 271 10225 4899 1392 955 10921 2422 2606 10803 5401 7590 3743 4796 547 6933 4933 4124 3021 3622 5181 226 10590 283 3460 10608 367 8643 1459 8424 1794 5084 7893 2815 7099 7315 2995 1139 7557 8229 2329 10987 4234 127 3033 4827 9021 7146 7225 7652 8553 5564 10395 1516 7426 2928 10657 6603 9445 3269 5861 8732 4520 8916 5623 8500 165 1118 4134 5826 1367 8791 7322 865 2714 6448 9130 1852 8854 7321 8370 5455 2627 5653 5497 7565 5960 9499 6935 8310 753 10453 2750 8391 8078 1977 1455 4538 768 9864 9242 9140 10515 9271 1740 8327 8505 2179 10856 1157 1908 4899 2931 2623 10141 4122 10757 2407 997 38 10422 8450 7659 3616 1449 4405 9966 10138 225 4800 7957 3303 10339 10723 9726 8214 10853 2025 4352 7321 10790 7652 5573 6524 10944 2315 8336 6462 7617 3129 8248 9587 3944 5286 6868 9616 5082 2907 2147 336 10930 9876 3691 9385 6444 6468 6493 7322 969 895 6415 1044 1094 9280 9309 10031 7553 257 8476 6565 10646 1612 494 8641 7152 7839 8165 2746 4787 9416 8028 5493 5988 2640 7169 1473 510 10854 1733 8768 7694 191 10047 2081 1833 4266 3501 951 4765 8421 9993 5901 6936 3630 3716 1540 10372 6463 885 4830 6183 4981 8590 5115 10498 6504 5453 1058 10632 6643 8839 5386 1146 1281 5490 5954 7932 4646 9130 8483 4637 9058 2142 9909 6045 5370 909 4951 9715 9158 5090 3178 2361 891 6079 5733 10918 10449 10883 4509 1298 9608 3838 238 9357 8958 8695 4172 4447 8441 8725 5228 2003 97 7019 6823 1797 2479 3752 5345 10464 4791 6720 10605 5430 6518 368 2140 9709 8406 4656 9654 1635 2641 5724 1213 8341 7630 1463 6331 6563 233 5545 3459 4301 10649 8424 4347 6489 5727 5509 6991 4597 4330 9596 5681 4831 10612 9169 8098 8053 10624 3899 3719 2788 7615 2501 7369 5927 10982 3201 1276 1202 7552 3570 4393 4526 7551 1079 5602 3116 2014 6331 5777 9833 1278 8834 2149 2386 10146 410 861 5218 675 4450 5580 6815 10396 5426 1176 6356 1356 9903 10584 5275 8068 2749 9523 8496 8232 8824 9829 8943 5060 10288 7045 10037 1191 7256 4065 9275 9468 8287 8567 8530 6358 395 10094 6826 4177 1982 9277 3575 5901 9285 1211 6507 5700 6403 10468 5684 9444 7408 5906 2715 1926 7705 10903 127 5490 9050 9366 6886 6149 9461 9181 3274 1528 8019 10144 738 5270 7006 1213 8487 807 2691 6242 6641 6264 3554 7940 1959 6759 6576 1131 8906 191 6925 8148 2725 1849 604 9294 4906 1378 3968 2022 6497 5186 7330 123 5139 10452 3746 4057 5188 8821 1991 9845 7699 2457 4281 8579 4457 4745 7137 7305 6498 7442 10808 2202 2331 6668 2212 905 7852 4862 1838 5152 10320 1187 7705 6066 9494 5713 2087 2964 2780 45 253 562 5125 3604 7501 2953 2555 7466 3769 5034 7498 9844 8860 5236 6793 6875 3247 10005 1286 848 2392 1849 7080 6095 7101 6921 3135 5583 3058 988 664 438 3524 1178 4096 8095 7349 496 6154 8723 5722 10587 5939 10919 5108 8547 7291 1295 221 4997 10121 3955 6979 2500 4689 7013 10481 6543 7723 8897 5582 7912 631 10599 81 3910 1908 9754 3671 9631 7978 2055 10671 2708 1240 9335 1580 7740 10482 7815 4762 10696 2919 660 8269 1513 7627 5548 5193 10597 5621 6387 7170 1719 1230 10336 8443 9867 3487 7959 9011 7550 8815 7167 887 1022 690 3980 960 7432 6668 215 8378 7715 3531 4557 4173 8509 6192 2328 6032 8176 1906 6161 2475 10191 4472 1259 10448 10432 5144 9105 2420 2948 4641 3285 10137 9558 1329 1074 2596 2835 3540 5690 9651 2977 6422 7718 4860 3839 6687 8152 1 2849 8641 3760 6826 2015 3161 131 7595 2412 2675 6034 5348 217 1768 1030 5758 1855 1768 6362 5837 7487 5230 5157 8628 7881 7911 1136 9884 7129 4093 10546 1015 969 7383 7557 7437 9043 6092 10571 3275 459 9584 10217 9308 3755 2423 2438 4650 10423 7506 7080 7443 6456 9413 2908 4052 7743 9642 10531 4209 9661 2245 4929 9303 5682 9815 9052 1037 7847 10163 7288 6536 5067 10990 702 10722 8948 6493 5408 9441 3404 1948 6226 4936 7385 10834 9702 1575 5140 9935 5247 9964 3642 9658 6084 6939 1823 2824 6597 7593 6049 3712 10388 9708 9938 8309 1775 10768 9389 698 303 9552 8496 8588 3487 9272 7229 8605 10225 8375 1610 2894 8328 4956 10791 8211 8931 869 6871 3958 1300 151 5211 10406 9674 7338 3718 1856 338 387 489 733 2943 2884 8612 9021 3466 461 5029 790 7952 3037 1391 4649 6468 9906 2065 10404 10968 2041 5010 4733 9961 2263 503 4069 4963 9022 1203 9931 9320 3361 2690 3142 1411 10700 5055 9357 7918 4140 7704 6964 2110 4769 894 7647 6328 10593 10700 6557 6629 2394 6046 1233 1173 1063 7811 6774 10335 6836 6726 4322 9196 1231 9954 634 4457 5441 1058 7415 4036 9751 10082 8669 3211 2160 783 5506 3809 3187 9915 10156 10748 6806 6993 5681 6819 9154 10912 4325 9383 2823 6083 5614 270 6399 787 8862 8256 3351 2158 9510 3908 8648 268 8901 4107 150 8099 9401 41 2850 7955 10686 5035 3523 4 4677 4490 4757 9760 2206 7814 848 3777 5104 582 7259 3209 9969 5296 8021 7728 2019 9760 289 7558 9814 7892 5263 6793 5189 3219 3588 706 8565 5052 338 8166 2823 5659 8938 2072 3730 827 4361 8694 3340 5803 3154 1788 8125 3842 6200 5760 5357 4501 923 4390 1607 633 4494 6288 7651 6161 6351 7372 7689 2529 1635 6029 6390 10805 10943 3771 2703 4383 9484 6022 1960 10818 700 4243 10056 865 5844 7990 7453 10239 8570 10894 2433 1952 2985 7907 6125 8387 5289 1618 7561 1518 1339 2364 7374 2540 3181 5564 3397 5495 9205 8155 1085 8081 9218 1201 568 8816 10620 1209 1317 1891 2945 7622 8552 5519 4972 9308 2659 9977 8708 5721 220 1555 9556 1800 2829 3983 10543 6051 9458 554 9395 10913 4786 7312 4108 5715 4767 10109 9522 1620 4620 7234 5598 7483 7305 8683 10713 10303 879 4590 9970 6408 8665 10849 1805 3252 7197 175 1990 5097 3320 9603 4138 5675 5441 6882 10579 9568 10282 8716 6185 4197 939 8222 4372 1507 9128 4401 1194 2532 10414 10695 8448 9954 1358 120 3014 9783 10342 10287 622 9418 6374 6763 6604 8524 9369 4507 5675 8458 5361 1069 5250 7772 8875 3002 10345 3331 6244 4331 10434 6221 4938 571 1469 10279 10996 4254 89 5808 9143 10657 8539 7776 10837 2765 555 1773 8225 5175 7588 5948 4054 3108 7338 9647 5239 9818 257 4610 5370 2731 2579 3517 7912 9679 722 4831 4153 9635 638 10918 9435 5330 9895 9061 5284 1277 10716 3030 9253 816 7719 10276 1443 3546 4806 4761 622 6449 4400 9787 8236 5691 1173 9775 9053 10367 8818 6506 313 3615 6993 10937 2269 8660 641 944 270 1900 8396 5240 4128 10402 4104 7947 1535 7684 5424 679 7320 2702 7130 9117 2351 5802 4460 796 8802 1611 8765 9702 6316 3068 2249 3472 6224 2529 7810 1638 7690 7943 8165 1901 1088 2948 10380 3907 937 10942 10414 7099 7564 840 4049 2582 408 4084 6352 4560 1775 4859 5911 5424 8061 1208 5485 1784 6449 4146 8357 10949 8859 9445 7959 6008 7033 7571 6912 6806 5666 9118 1976 255 1996 7990 8562 5267 4699 4454 7975 7629 1506 8637 10550 6589 8960 7177 8037 6859 7019 7996 4759 10720 9036 3823 3432 166 457 3228 3398 6942 2492 4598 5588 9980 2353 10388 2941 9831 647 1318 10566 4180 3982 2714 8705 9476 5902 1396 3536 183 205 1832 10037 1256 1344 3978 6213 7854 3046 8734 10061 3456 3123 7757 7033 7607 5759 4144 1992 2661 9850 10893 2208 10097 5154 7253 3861 7558 10148 5433 2839 8141 3157 9235 3194 4167 1911 5122 10656 1252 8817 9714 7173 6531 7062 2221 7757 4167 143 8914 4127 5413 2013 5758 4626 8257 4275 7682 1404 1889 978 3606 8702 8083 3260 10681 8982 175 3796 2942 2611 3095 947 3800 1430 2295 5292 4223 6669 10279 4139 1096 6112 10586 6784 8685 4895 10530 4447 3007 2487 676 6458 5284 5829 5361 8914 8975 10465 652 4246 4393 683 4735 5387 7967 3813 2720 4169 8648 7565 2125 7974 959 7529 5588 6876 1023 8630 2165 8728 3197 4615 6340 2221 10645 6975 5836 7051 5661 4347 4370 9886 9059 132 781 6102 6302 8295 8955 7187 7108 1596 10489 2890 9085 1095 6281 4114 2307 9059 235 848 7279 8436 134 3917 5216 9305 10255 10404 10605 22 7457 4050 6491 724 1954 7790 5095 8948 3971 106 5591 9159 8367 2727 7500 7609 4237 10066 1046 7854 10464 3856 10799 5132 8694 5484 5347 6433 4384 4402 5027 7295 6860 6321 5032 8966 7362 4532 10470 541 9965 10496 1008 3506 5625 7995 910 6200 1164 9109 2542 10408 10585 10381 3196 8367 6613 8014 8606 1726 838 1393 2784 874 5838 1507 9470 5587 1295 8492 2802 5544 924 9488 10014 7663 8045 5956 7537 653 3275 2132 6302 1130 1942 2146 1045 6970 701 8997 2317 7877 5411 5026 10055 10997 4573 6107 7708 143 939 890 9209 496 6917 8122 1321 7734 7722 2519 4031 2058 7961 4120 9577 2758 4917 6925 1804 2693 7451 960 4491 5015 1286 2830 6778 5972 9542 4456 8634 756 1914 4283 8056 5809 3949 10419 8021 3008 3649 3935 3373 7601 6930 5839 8852 7410 4510 10932 6668 5627 9355 2076 4085 10967 3226 1197 6662 9927 3069 7599 7582 1756 8382 6157 1994 749 10226 1029 5287 8084 195 2256 7749 2509 7803 1667 6000 5754 1965 5546 9059 10032 1051 8441 1427 5727 261 581 1497 368 6511 9566 8268 5708 7078 4227 7418 3679 8754 10391 9196 5318 7233 916 7527 1310 9878 1246 6102 1931 4862 715 10193 10611 6992 4986 9997 4974 6262 1492 6109 350 9713 8178 9038 3462 8869 7112 3854 7368 7681 8530 2721 3912 8931 5937 2126 5749 9788 3962 7730 10380 10397 7077 9661 2840 8385 4378 3778 3991 8793 9427 4166 7451 6085 2368 7566 617 5619 2227 10263 6752 7056 9648 295 2353 621 886 359 2903 8378 8998 4026 4386 2810 1860 503 1259 5233 4066 7190 1538 1664 6869 3765 2145 7026 4405 8498 10451 2561 3684 4548 2291 1467 7081 5586 4639 6555 10735 5952 930 9907 1962 3909 6611 8415 1618 2597 1278 3359 10973 7554 2233 5860 8923 6660 6408 1835 9517 5591 3185 8598 7698 5602 8754 3812 5451 5940 9132 9271 9097 7720 1153 1870 6380 4712 8625 8866 560 8958 3422 6318 8913 2742 10723 10077 9594 4341 5299 9406 8139 6678 5663 7118 1794 8973 4660 7026 7197 1674 10708 6337 2227 4178 7735 7769 10673 3367 5072 10707 6749 9924 5441 256 7818 10532 8343 1491 5054 2786 4181 3288 8002 9554 5103 9704 8438 2317 3882 8834 6313 7574 4485 1377 10243 7119 54 10372 8946 6795 7055 8705 9836 5940 9198 7018 6164 259 8752 3179 8299 10880 7100 10930 8972 5688 8730 4453 5753 2946 4215 8609 292 1703 6980 2230 2626 207 2251 6513 3834 9649 6069 1831 2971 10541 2547 143 3859 2284 6810 8710 7400 4815 9769 825 2358 4088 1012 7140 5865 8570 3771 9984 7032 5913 1781 4055 2049 9027 10047 29 3602 7637 409 10878 10007 8929 6846 2477 4096 10760 7792 6488 9915 2978 6702 1823 2030 7017 5804 5412 5883 8083 3824 5526 7533 1226 3008 3026 367 288 3497 936 10161 10512 393 9819 10601 96 5434 8762 6125 8389 9356 10192 5825 4042 144 7377 6581 1041 9062 6524 5757 5047 1088 9121 5347 1900 6734 5611 1632 5733 7017 3260 9782 6820 3369 7141 6247 4593 1787 7340 7865 10408 9158 6343 9817 8144 1577 5647 3236 3784 2093 518 1192 1782 2919 272 10724 3714 6969 8833 4042 10907 8563 9724 4054 3146 4169 2614 5481 6867 7661 10573 1316 1964 3715 2697 8047 10785 4830 2863 4939 10907 2264 2802 2286 8339 2165 5468 902 7969 2065 4022 3257 9668 644 10075 10062 4826 7986 8625 4001 2576 9853 8921 619 5290 6335 6831 6394 3564 5692 9541 7840 476 10501 7855 3115 1888 2683 10689 3800 3760 1464 2115 2189 5156 9625 559 4333 8311 4564 2758 4417 2123 9761 9941 10059 7226 9356 8775 7719 2688 1512 3686 1212 8006 6824 546 4124 948 7302 4814 8340 6671 3779 7653 9516 819 998 9390 1250 8880 868 1998 10344 10960 7762 10813 2549 6353 4327 5989 2712 6565 4987 9296 2808 876 4876 6545 5089 3262 9976 2025 1526 2706 6694 11000 2811 10890 262 9910 5391 10222 9889 4402 7433 2639 10685 10933 4239 4694 10298 5583 4478 8549 5994 7602 7042 3213 6769 8259 5484 6538 3355 3472 4199 798 4567 8581 4523 10922 5878 128 1854 7069 7623 1139 1852 3434 1199 6207 10663 8743 1720 2642 1692 6118 9793 10144 10032 5606 2783 4910 1478 10932 3817 9302 9882 135 1928 7653 540 4160 2507 4730 3221 2675 6016 10679 4597 8420 1469 8469 4807 7288 7857 8478 7177 8058 8816 166 6786 10880 5119 10853 2764 2320 1267 7440 5274 2646 8282 7714 3033 4089 3350 3997 178 10304 10000 2037 10671 31 6439 2441 8282 1599 1438 9118 833 7699 3682 9920 1636 5052 15 7669 2446 1358 2282 6031 1026 9389 2489 10330 333 17 966 9224 5202 1574 6390 6733 6741 8847 5628 4897 6047 10541 1707 4859 8979 7909 10503 2433 5323 8128 6605 999 6783 6360 6587 9050 3164 3246 8077 4776 5726 5246 5299 3855 2610 1495 9038 971 499 9994 8170 1589 5343 7968 493 1372 5455 10158 9190 1745 6582 7685 4807 8779 10093 6567 2315 7120 10839 8812 6147 1609 6661 9310 6323 6913 8942 6156 1440 9804 3994 10816 10656 9043 3619 7416 1693 6464 1870 7248 10282 5312 8666 6843 8958 703 3032 6521 862 4185 7344 6495 8390 1123 3808 7006 6150 1542 2108 9484 3480 8739 6759 3025 6859 10402 2627 481 4270 7686 3723 5679 8654 4004 2816 6150 6680 1817 9308 3510 2415 992 4952 1056 7411 1823 2626 10211 6373 3344 4186 2782 9537 7981 7160 1765 2427 8312 9701 1831 3243 2558 7459 2075 3551 4918 3457 1630 4402 9525 9352 4861 1570 9684 971 2445 8822 7280 6883 3862 4218 9002 2157 8977 9100 9041 6193 10903 5325 4627 9178 5928 6091 3556 2868 8973 198 6069 10973 1685 6216 3704 1493 3053 4847 1072 3713 8283 7392 5896 4625 4693 958 5746 7144 8592 4806 1157 4753 9094 6208 998 10763 10877 4583 7033 6949 1899 8122 7592 10176 865 1597 8605 5233 9074 10021 25 7105 7280 6369 10821 3310 1145 229 8957 2107 1599 1558 7531 10497 6375 4900 996 5031 3159 10046 4188 8806 8586 1 2682 3302 7275 8547 9195 8541 5472 1928 1496 5309 4833 1675 5936 10051 4974 7147 3151 6202 3079 10881 3798 1789 1291 6686 8839 4981 466 8514 8279 6059 3370 3426 1386 6216 9372 9824 8798 10017 6493 4994 4364 9835 636 4206 6767 3846 1590 2992 1578 3234 8744 7380 763 3454 2894 6947 2124 6126 2334 5015 7168 3538 591 4487 2417 4657 1071 10893 2753 4397 3566 864 2547 10532 2369 2741 8835 9255 3890 9929 2041 5483 5124 1460 3142 4405 5446 8823 6682 1614 1903 3158 2631 6677 2795 9760 4754 9788 8889 1762 959 9644 5898 7813 10441 1680 3095 6866 4347 8112 2819 8357 10456 1336 1688 7448 5963 2892 4603 4411 10842 9922 7395 1144 3171 1744 1213 2008 6039 6348 10293 8526 7007 8364 1696 4803 633 1175 8414 10565 4682 5252 6679 7746 2968 97 7286 1075 112 9997 5625 5306 8713 1129 9279 3031 5684 7325 5657 2513 9759 3398 8827 10865 2567 1690 9003 9673 8829 1524 4806 9185 7152 5719 8619 6066 1165 7892 574 1625 1087 4155 602 7740 3622 5120 3069 6039 2578 3071 2819 10198 4960 8510 711 9316 1740 3625 5759 5355 8712 479 1096 5302 10023 2782 10021 2709 300 1971 9472 8459 7114 4493 4144 3730 3180 2773 3189 7355 8806 7981 5323 6923 5254 7257 7293 10321 10645 691 8143 2425 10863 4008 9510 10278 7448 135 6499 3272 1648 9544 7459 6561 753 7256 8284 1879 40 3803 7988 7139 3607 1114 2665 10351 2174 7348 7563 7045 3002 1724 8802 1043 3422 8828 895 3712 8222 7987 622 6042 2166 2656 2076 984 2002 10377 7272 3741 4855 1369 1563 6355 713 8002 4010 6508 7299 2221 5366 3591 555 2141 274 9672 10193 8231 9657 1172 6831 10121 10907 8474 1203 5139 2725 6453 4086 2337 6608 4724 1628 7584 1485 6721 9452 4963 984 9067 4265 2977 6531 8754 240 4168 1879 2791 29 8255 2809 1919 5555 9847 4614 10514 1504 2678 4930 9098 3431 10059 1674 31 5079 10923 2052 4352 969 8158 4564 9977 651 10084 7646 8221 794 7250 10340 218 4587 9770 4420 210 5209 5993 6594 8786 9309 9025 2214 549 10839 10613 9665 4490 2698 1555 4119 3923 10952 2203 8752 780 1678 3024 3545 6170 9893 7076 432 9522 4395 7411 1149 8575 5715 1166 10591 3617 3293 4683 8981 4358 5620 41 8225 10410 4076 9458 27 2803 1942 4776 4223 2553 3358 711 835 1159 8556 6621 7648 4423 5153 4315 4046 2932 2071 6595 3685 7601 6656 104 4136 8574 7247 8700 455 6596 8252 6395 6491 4940 895 8010 10884 9913 10676 2181 1645 7378 8026 2351 9918 197 10225 6608 317 9035 8224 7800 6016 2135 1676 3437 6754 2600 7191 9703 8247 6403 1484 852 4510 8009 10569 8333 9330 3160 3588 232 2500 10896 8865 942 939 6456 4066 9308 285 1075 5221 9941 4253 8926 7096 2581 10972 9811 6918 6924 8931 244 7614 5602 9101 4285 5163 6757 4551 6482 5964 5739 4674 5233 7909 1604 9294 3339 500 1577 1104 6645 10557 2841 9655 8512 5503 9921 10930 8013 5982 8178 5433 2836 6177 533 7658 1488 6803 6777 10739 1562 6746 4883 340 1432 8466 9080 1776 10284 9558 1022 8520 1340 7145 9125 1151 1917 9450 3902 344 7342 3391 1872 9940 8079 8979 6331 9693 944 2060 402 10583 7850 9832 1837 1510 4992 1564 10338 9738 3999 6364 6650 8681 7978 6084 10477 9164 10383 687 6163 1931 7428 6691 2708 3630 10078 3712 1224 4847 10973 7336 5644 6362 6214 8273 6358 2651 5382 7250 4739 780 9911 2738 97 10478 5901 966 8037 2859 16 8057 6147 10040 9711 2689 8669 6420 1958 5820 1940 1968 8319 10011 9304 9499 10017 7923 6410 8099 8338 9719 10106 3300 9757 4878 9543 1533 10531 8213 8197 5949 9865 10933 4192 486 8714 2629 4267 7995 5815 3734 8686 10602 6562 6757 8666 10672 1393 6626 2129 1170 3243 2410 6458 6050 4191 10587 9828 3536 1060 4052 9064 4082 2169 6531 1575 367 6965 10306 6601 793 4788 3693 8149 3807 6868 3394 2325 4033 7570 327 6217 8635 7829 8421 7635 6600 2862 4469 4917 2 7453 9098 4298 10128 6668 6329 7478 2403 5983 7782 835 4175 1677 3735 10844 378 10864 9313 8168 7088 6941 3015 4388 6816 7919 9854 7086 8810 3884 9847 2482 5891 4910 820 6145 6877 258 9377 2169 5368 8106 5600 7910 2815 10448 3478 6142 5225 3478 6722 4901 3971 7123 9469 10811 2657 2641 9059 7075 721 3712 3616 7549 5887 10631 4363 3294 336 3468 2017 8110 3254 10212 9284 1847 9954 3321 2029 9046 2589 7417 10419 2195 4101 9321 7547 6574 8817 3071 5023 3159 9453 1202 9225 7275 3095 9682 3572 3508 4457 6819 9258 425 10140 2584 9633 2323 1684 2607 9572 1738 597 644 6387 236 9537 7793 10034 3913 7778 5825 4562 6622 6823 5304 5484 1027 10602 4269 6032 3514 423 5342 9835 6947 9936 8617 3077 5972 1481 1265 5962 6959 3996 5867 9470 623 888 1978 2950 8199 1869 872 8092 10035 6048 4934 10008 8413 7986 7092 9904 8183 2174 9407 375 10354 7475 10891 10451 557 4278 6580 8325 439 10905 7051 7287 8021 5629 466 5302 5676 7813 9336 8949 1385 8419 5685 4948 9109 7080 6528 7722 8052 7015 4970 10637 7406 4413 5854 7536 8942 318 995 6997 7545 3677 7892 4296 347 6733 8348 2081 10457 1254 8592 1863 15 711 1938 1746 2714 5855 5679 8437 5993 8881 10791 8877 3084 9063 6142 1039 10063 10851 10573 7391 8137 10627 1543 8418 5703 10512 2174 6996 2107 10463 5780 1906 6929 5876 235 2510 9913 3861 10609 2131 2038 3406 8080 7214 6490 1410 2353 969 192 5496 10637 6090 3469 10835 547 2570 6746 2848 8940 429 8616 1286 4889 1856 3706 9540 5629 1304 6858 5895 2506 7211 3751 285 398 7797 7548 8646 8829 3760 4415 4998 1723 805 10307 1416 8264 7102 10292 2605 1046 642 7363 2970 2350 10433 2592 283 7949 9081 6056 932 4756 8978 6895 4512 3182 7661 3838 3216 2714 4951 4409 2894 1866 6426 5779 1942 8690 6383 7551 7873 10098 8958 1319 10200 8094 7111 10167 3498 5262 7018 3201 5952 3324 8366 7996 10357 4988 7603 6037 6067 1998 421 3872 6321 6280 6171 7763 10789 4457 1114 6398 10807 9287 8564 5212 1928 586 9038 9056 5502 9637 6328 7711 9951 7034 5884 8016 6713 7920 3066 2527 5904 5052 1958 6950 9624 183 3376 7062 7098 2772 5922 6809 1913 7155 6682 8277 8976 6471 4813 2498 6583 292 10517 3069 4699 10222 9280 232 1029 9286 64 2509 10651 5677 472 9253 5389 7586 1088 7620 9044 2475 5225 6025 8771 1897 9388 6397 1257 1310 957 7749 7899 1978 2035 4900 1993 9435 9748 5878 8949 6070 10345 172 8248 1368 7804 10814 1203 7640 6062 9417 1938 6491 5536 3489 4036 6940 1675 2452 5950 4783 10301 5491 10701 3334 8792 6617 981 8018 10256 8585 6101 5126 9999 9811 10425 4837 564 7783 2318 7969 10526 4585 7734 6178 3205 3528 4297 935 2456 7806 6905 3214 10336 8465 5960 10450 8992 868 15 7508 9352 5861 8166 6708 3029 549 4637 5584 10714 840 1714 9307 8600 8279 6355 6853 4739 5703 8412 1476 430 3025 5886 1643 4434 3914 1396 762 6774 6389 3715 10894 7910 2506 4736 5330 6409 10694 8587 5594 4275 6102 6141 10031 2721 7144 734 5158 7638 2868 9035 4046 6361 6360 2574 1827 2720 5266 8325 10461 7331 5296 1960 7027 2305 10537 8087 9340 9503 8464 1509 1545 4170 2497 7720 7467 4752 1480 8830 4605 3281 7802 6020 1737 5510 2852 9526 6080 5632 10298 2154 8322 8402 7452 934 10486 4183 5881 10183 1267 1153 3948 7329 9807 1067 6680 2534 5418 4417 2672 4459 1819 8189 5477 10807 8414 1602 6646 9000 461 8752 876 6840 7716 8097 10592 8706 8415 514 322 9907 5390 242 7812 5898 2932 7748 10042 2 10829 6039 6736 4505 2898 7759 10159 7968 3323 2135 5499 8458 1929 3443 2720 5159 5955 1693 8871 2900 7958 5600 9293 9673 2694 553 9819 3292 4733 6462 9397 6382 1133 1357 5515 1699 2459 5481 512 2301 16 6385 8591 10421 2787 7005 9008 5555 8542 10257 354 8628 7892 4313 8261 5134 7127 7930 3166 10872 225 5733 9630 8556 10032 10530 9564 8362 5390 6814 3365 612 53 8311 4748 8792 9337 3955 5514 6612 6265 9391 5841 1695 3692 8486 2072 4046 3956 9634 4930 9214 8515 4945 10863 6015 1653 10974 526 1044 1949 6377 3161 4659 5052 9322 7801 3162 7461 10455 2391 9859 498 5366 5509 5610 5852 6493 8966 4672 9971 6346 3217 1909 7244 1303 2442 3229 3286 9656 1396 3579 67 829 1924 819 914 677 7971 6755 1572 515 6822 5962 4200 9655 4822 10864 3091 5780 9364 2077 5942 1914 306 8856 4176 6580 5789 7536 3528 1994 6502 3967 6814 7224 9076 9438 10253 6233 5244 8662 5566 1063 1615 6487 3485 3440 6740 3419 1992 4372 2614 2170 833 5386 2458 2175 3153 10459 8376 1856 10905 961 6347 804 8450 8521 138 4150 1300 7008 8561 6688 3619 3415 3399 10271 235 6440 4490 5437 6784 454 8778 5791 6621 5213 2708 953 6601 4904 4642 6429 893 7193 6559 2809 8195 5377 9543 9997 5525 1030 9701 6688 8978 691 3839 10083 4308 2615 5902 7546 9720 3724 6808 1896 6589 7833 4558 3112 2380 9239 1952 6686 2286 1380 830 10112 2906 10042 10010 3910 740 10168 111 2274 8679 9264 3403 386 2711 4978 7643 10824 7248 1814 700 5561 4428 9081 4771 9365 734 1318 161 3623 4765 2728 6885 7448 8072 329 6925 135 10582 1247 102 4471 7282 7838 4139 3226 8078 6808 6040 10973 80 6061 3649 3108 10290 5353 2266 9861 9556 94 468 6087 209 5622 10920 5100 1214 5522 9855 6253 8028 9211 3897 10512 151 6168 6623 6036 6486 6843 5594 5908 2289 5619 3369 6599 8975 2820 10454 2667 4441 3187 1228 8163 7271 7524 6190 6933 9916 2300 5697 6579 7305 10129 3899 9455 2617 2246 6892 6106 9455 4357 3464 3835 1476 543 3726 3304 7970 3866 2690 3249 9666 9718 2711 2644 9692 8776 1357 3654 2489 5697 9736 7891 6310 3968 4743 5180 9613 3415 9830 2245 6073 8878 419 9496 10066 7321 3145 491 7224 5001 2990 2 9601 1230 820 9399 417 63 1142 9220 7390 5121 4252 303 205 7845 1882 9708 6744 9881 1309 10128 10069 10632 1732 3780 9765 4375 4360 5484 6763 2641 447 1514 5884 10042 2223 7027 8839 9447 3353 10243 9738 3212 7290 8511 4300 6551 4856 4635 7915 10185 5337 9137 1512 5901 1747 5629 6623 8245 8216 5539 7699 50 5216 4679 2075 10891 6555 1897 9365 5810 1264 7402 6272 9261 3233 3782 7390 6394 5344 7656 3624 3853 10119 6814 8910 217 9011 8737 7290 7907 857 3100 7294 10645 2409 1319 7205 8563 2679 4930 2517 3868 6101 3694 1897 6035 6539 7786 1818 5026 4181 10815 1007 2859 3649 6443 4770 5553 1818 964 5292 4744 8881 1938 3957 1998 3229 6130 8752 1482 5716 4904 8058 6690 9855 7128 8184 6203 455 3127 8267 2732 10210 4555 10360 820 147 6 9694 4647 9138 1266 9148 6019 7624 3304 6629 2937 7896 6560 2259 50 721 8560 527 10116 3820 10447 6477 3900 10324 6345 10681 8766 9693 6385 2727 1083 2429 4199 5966 3250 2602 7857 6971 895 4777 3938 8035 2348 10302 2647 5056 7655 8606 3978 10410 1804 5618 3255 8801 6338 3832 6 6486 7473 6850 7066 9421 3347 506 10241 6973 1849 8753 8663 385 6506 10312 9263 1989 8464 2704 8452 5771 4875 10870 8127 1668 7100 2588 7246 4674 6049 2172 4543 2079 3550 333 3858 2207 8616 2371 5667 10121 5878 946 5858 3082 7335 5868 10363 6784 3729 1451 2819 3450 10724 7512 5994 6946 804 6480 2008 2564 1439 10536 6642 9391 9153 5930 5672 8545 10751 10529 8073 2428 5209 430 3686 9657 2460 8496 4450 10151 9706 9386 7385 10553 1765 1128 2234 1834 4563 3197 10921 7073 432 5417 9759 755 266 9624 4371 1333 9601 4778 397 7962 9831 6901 5551 3083 6553 9431 6429 5201 10238 6037 9372 1746 3720 5284 6186 7330 8983 7593 3199 7408 10576 7976 10039 459 603 8363 5992 6044 9199 3177 3553 6631 2865 5253 9901 5155 10604 10253 5355 7113 1287 6798 10767 1414 4109 937 9653 416 7912 8260 9671 1251 1810 4886 472 6187 10421 6293 4687 3374 5912 5248 1474 10262 1776 3728 9944 165 5195 5100 2825 8301 9595 6136 527 8304 8018 7648 3493 10181 2214 5396 9039 1452 8681 8420 5147 1431 3135 9322 10410 7385 4734 10236 1037 3615 8737 5965 10161 10818 8368 3476 7228 8333 590 5623 5499 6799 2672 4930 9650 9401 5717 7412 8888 8541 9851 9133 10093 8882 8992 1776 10058 1812 8092 8420 5592 8866 8986 5897 4311 8265 6696 4333 3212 2711 9770 1758 9260 5925 4597 6004 6708 477 10628 2426 5913 5303 8027 4712 8869 9494 970 3005 1986 4377 7673 1316 4492 5865 9096 2026 4145 675 9527 2561 4972 179 8760 2117 8327 4252 2912 6736 2730 7723 3791 9575 10984 4248 8681 4572 1621 6418 2070 331 5931 9204 3973 2492 5325 8397 9913 3986 145 4635 3718 2100 5871 2130 7387 4153 1140 7904 5991 3133 10301 10603 8944 10762 5836 9685 10701 10502 6954 8902 9472 3084 3585 6386 1943 6254 2874 6771 7765 4653 7559 9196 4408 10519 9457 4640 7367 2631 43 1076 128 298 1143 2505 6108 5631 3512 6562 1837 564 1239 815 8692 1416 3208 3176 1418 4117 9669 1648 831 7941 3362 8888 5386 2914 2612 4503 3687 10808 4773 7015 2031 10962 7895 2165 1291 8947 7118 4929 9075 2505 5033 10103 4824 3244 2784 8889 1141 10043 4146 9877 9743 170 1854 1037 7996 5216 3971 6318 10803 9206 7967 9805 827 7323 9021 5090 5894 1338 2901 527 7749 5964 4846 7909 10216 8782 5362 6097 3801 8647 5144 4913 2626 9433 5336 5405 7032 9377 3601 7679 363 6061 9641 9169 6561 6796 3901 1531 8429 5019 6528 3980 2283 9566 10353 8940 9181 8984 8331 10506 42 5960 7215 2560 8383 4192 145 7702 3710 1081 8822 10155 3585 7405 2567 7334 802 187 5564 9995 6282 2346 1264 9433 5837 8292 1618 8332 2595 5199 1258 5519 559 2224 8470 6002 9226 5303 349 2164 1228 8162 8719 1740 5203 53 1111 5471 7983 9876 9908 595 3766 5623 5323 2562 2695 5071 744 5758 523 5897 323 4570 9730 4141 9893 8933 5988 6865 1565 4952 740 1795 2781 5664 5653 6735 10456 6842 7786 2739 7316 10989 9702 1588 7682 5546 646 6218 9641 5928 5318 5186 10225 7796 6979 9677 10260 9035 2660 7794 655 10686 2063 6082 5875 2383 6118 8292 8297 10317 2328 10231 6552 10229 4625 3877 8847 8808 4314 691 3388 9081 9146 10853 1108 9867 10359 6099 2465 506 2593 3766 2412 10995 9113 1915 1154 8349 8946 10746 6261 1771 2410 6323 4629 5303 8793 7393 5194 10811 3540 7380 5583 6073 3802 2888 9312 9906 1232 2577 5782 10814 3880 7943 10885 9852 4363 9332 9721 6127 5492 1883 1151 5697 4906 10374 8887 7935 4379 3614 2390 7567 10795 8598 6708 9485 8775 1127 1343 2945 5338 5185 7675 6213 3107 4929 7258 2054 2071 5967 7352 9694 7581 8776 10538 4464 7402 2380 5476 2461 1885 3528 5297 4875 9023 8772 1279 181 7752 10331 10640 3916 364 4777 5456 10201 2911 10111 7043 10750 9018 10124 9092 8984 566 5344 3828 10043 2593 5924 7614 6017 584 2828 104 8061 9295 5073 3755 2215 5289 10516 264 2618 9890 2424 6851 3307 9709 4823 2253 10192 8847 10590 4224 8256 367 1099 10300 5921 2288 6824 2126 10425 8361 9191 10292 5525 10800 10922 4580 9886 8984 9886 1477 10741 8854 7709 4793 4311 1946 4307 1244 1937 5338 2862 2064 4888 613 8072 6566 7150 8770 929 6194 358 3922 10024 8189 8509 10421 5359 795 5482 6545 7660 7007 4606 7473 9030 4207 5377 9857 10861 8088 4013 751 4049 1705 8779 4211 3096 76 7934 6855 2166 3791 6580 1828 3976 3448 751 2070 5495 10268 2971 10427 3148 7038 3538 3095 2289 8756 9228 4120 5854 1135 6826 5876 3973 763 6352 8570 8290 3460 4395 2753 8035 10029 1002 8776 4058 9795 9870 9993 1902 10061 7919 3409 10517 9052 2641 5394 6154 5914 1461 10790 420 7596 9601 3583 7853 6632 9717 8548 10158 1089 6357 10536 1818 9308 7453 1028 857 10546 10978 4272 10757 2077 2896 10001 2522 3135 1741 5586 10198 5299 1133 8822 5525 6065 5806 8749 4741 3396 1767 207 3579 10541 8178 6867 8557 1091 8986 6325 10452 29 5286 2938 2274 3834 1968 10630 2954 1194 8459 771 4052 4502 402 10203 8717 7458 10916 3595 10904 767 4231 10672 8504 707 9571 1142 2363 4109 4131 9484 6620 9716 7912 7164 1036 3682 8838 3157 7294 3896 2823 9865 10484 3252 4877 2256 8130 2439 1059 7962 10217 5951 6637 8611 8048 283 2939 10468 3807 6458 9380 5405 8888 3515 3398 7550 4147 10304 10512 3516 7859 4118 1895 10059 4402 6919 6503 1023 5489 3883 6322 3811 1092 7857 10214 10939 6178 7366 8481 9525 9097 7699 2608 7257 2183 6787 3942 902 1632 6749 1958 2153 2568 19 2001 5863 8121 8532 1432 7523 873 10510 5642 7053 7524 7220 10947 7359 7119 5849 8218 6438 1495 7632 6133 10839 10832 3928 4005 10724 6954 6948 2968 1566 3479 10701 946 10685 4333 4864 739 2644 8458 9315 2844 10129 10343 9122 10183 8605 7670 5379 3124 5249 8151 2788 3577 3638 110 10635 6069 5497 7542 2781 10476 236 10526 9374 7132 2237 3644 840 8650 2907 9042 6032 4297 4498 3839 3371 6396 3167 6909 4806 7648 10854 6875 10970 2723 3023 5807 4081 9509 835 854 7786 186 6626 7721 4950 1783 1566 3487 8492 3599 6622 2960 841 8140 9399 2500 7664 2406 5920 2733 10967 9757 3174 1630 4727 6969 7688 10260 7516 4484 3685 8788 1356 1842 269 9957 3063 6538 6506 4376 7276 3652 3201 6291 7129 1441 5168 4513 3599 5965 85 2817 4587 2987 3504 2798 9305 1348 4562 3782 4625 7927 6462 6609 9304 3544 1675 6244 9670 668 10028 4434 10082 154 10833 627 3309 7109 6901 2162 4589 2332 4870 6645 6433 9348 2547 2672 1130 6936 7533 5087 2158 3215 4830 5289 7545 108 7525 8121 10152 9655 9960 6175 1738 6590 4116 8612 2428 6283 10837 8308 3868 5268 7893 1029 9250 10309 285 8250 7313 5734 2514 564 8294 5236 4576 1646 4145 800 9252 9849 2872 5647 5624 6145 10119 7558 2777 2896 9808 9825 9672 9393 688 9527 1755 8597 8803 9020 2566 4605 8026 3902 8694 10454 7427 4716 3540 3653 6442 8212 5995 5167 9312 3189 958 2396 6800 7719 10386 1266 551 9801 2168 1928 4833 2737 1697 8251 10717 8529 8838 10877 10638 2455 7716 258 5975 9861 6763 7986 182 6345 7603 5907 6330 8990 10588 926 876 8413 3374 69 8875 2191 9357 10032 3820 8692 10034 728 7487 1625 10498 10933 3695 5117 10598 9215 6031 9763 2484 5455 10131 9347 2995 793 6777 7635 5423 1668 2846 4527 8667 7339 364 6617 10854 738 5302 683 9622 9931 4018 340 2461 8529 327 8292 7951 9211 9121 6790 7909 5976 2111 1429 7191 808 570 5258 6343 6493 6391 10920 1544 9845 10100 9469 4836 10141 6860 6764 10461 10876 4054 49 1364 4139 5022 10104 20 9512 148 5071 4464 10335 3794 7011 10860 9184 5303 3454 10591 4945 10185 4108 8040 8639 2804 6564 9048 166 10525 3195 4431 3081 751 7055 3163 6299 4400 3144 4378 10130 1368 2670 923 10251 7320 5698 9782 2882 7791 3202 10610 3720 2384 2125 10221 6989 7569 8568 4169 9641 9291 2661 2166 262 1254 681 3876 2550 10917 10002 2457 3896 7691 4446 8826 5096 674 1595 8516 2407 5043 1826 3221 2550 1455 7376 9399 1563 6266 7366 2147 4725 5118 8629 10526 4442 5485 2752 1260 3866 2536 10526 4448 909 2946 7386 1932 926 9915 3739 4848 561 2630 10838 4904 3460 10957 10485 7918 549 8198 1074 4953 2534 6504 1201 2028 3 3307 7528 5300 5127 1872 6030 7814 1384 4377 4596 8403 4085 10616 6980 2526 3954 6007 9097 3389 3590 8565 8562 5080 8578 3201 9133 830 8258 1866 211 10984 1181 6445 8675 6220 1103 9360 10335 9762 2937 8227 5929 2941 1657 10397 1689 4430 8458 9426 8103 697 458 8285 6940 6604 5268 4904 1249 6172 4290 2431 447 5807 3973 1466 8935 2740 8093 3557 3706 10592 10641 4348 2084 10890 2603 3917 760 5163 3784 988 9126 3874 3019 4627 10664 9833 1720 4716 3909 6163 3696 10471 9277 1353 454 3770 6647 2955 7350 6357 1656 2005 4290 755 3189 1881 1216 7376 2127 10395 6153 7826 2723 3662 677 1708 7285 1144 10664 3327 9902 10171 2035 764 5276 4091 4213 6338 5048 4921 6080 3506 3452 10284 8883 9403 8946 10549 2352 5828 3778 2083 8291 8966 7170 3015 3170 1705 3244 3994 5917 3431 5998 1980 4272 8732 2054 93 5424 9013 633 2995 10896 2188 5954 6031 8059 473 3212 10202 9072 1722 9850 5138 10948 406 6993 8095 2308 7646 3211 6054 10707 7712 8930 5450 9363 1914 4159 10241 2793 4611 568 3462 4079 2560 5646 9583 8397 1642 8581 604 9700 1553 10371 8578 3522 2990 7528 1094 2696 2828 239 7899 10201 3164 962 3951 1107 4817 3915 637 3079 8570 2285 4821 10303 7942 5027 1021 8279 3855 10093 1565 7502 4909 4504 294 1124 8673 8839 4607 8091 934 584 2481 2357 10686 441 10609 7109 679 1066 10346 2022 10180 9535 5389 6675 7772 10015 6547 3367 9695 8440 10917 5634 4586 2702 732 748 436 9553 1605 1952 5160 6288 5134 5940 2488 8863 4191 10938 9611 7918 10619 9935 10924 7360 2621 8041 6343 8040 1169 9054 8261 1607 611 4839 1673 10379 7409 6779 10453 8574 9326 5959 9494 10673 10482 2984 10342 2490 1585 10858 10296 6983 4639 7562 7979 1352 6654 8335 10172 10607 7623 174 29 1508 7324 2115 2855 3969 1095 4932 760 10392 3458 9399 8299 846 4625 3433 4287 377 6303 8017 3590 10048 3075 7751 315 6916 7489 7024 9530 5184 756 2221 5844 9424 10745 10242 4014 5792 9981 6600 8242 5548 7249 2631 9437 9655 2628 2658 4265 4460 10695 8429 5830 7696 7759 1105 1329 2900 2968 1238 2203 6447 7044 921 10195 7152 2362 561 5181 788 2374 4141 8256 8118 9290 111 9443 2967 10957 261 9671 3040 4957 5185 10811 1094 7517 5712 2491 7374 1954 9292 238 9024 4445 6599 1582 790 3283 4102 9115 5829 1857 5503 7510 5572 7170 8199 6092 5628 6940 5610 3722 10374 5682 8593 10473 3186 3494 801 2038 3013 9762 7314 219 7163 8117 3848 3217 4660 7357 7580 7090 7033 8629 6635 5528 10676 9346 7985 8540 474 3139 6234 4967 6016 2434 1988 2874 1267 6135 3189 9389 6960 10306 547 6203 7199 1397 10598 7328 6494 3425 8222 6889 7740 4516 2768 7265 700 8685 6970 9628 196 1972 5423 10190 205 3512 7755 4321 982 6527 1216 8208 6023 1595 2387 9257 1089 9389 9392 3681 4964 877 8564 6898 7256 9227 5040 4322 6782 3951 1699 1340 1633 6666 6807 10500 7934 3194 7940 8908 3841 358 7447 2950 5265 7614 10958 5939 7804 66 2283 7427 6736 10082 10089 10965 4719 10297 9424 7024 2157 2067 4778 6497 9835 2300 448 8832 10708 5882 9618 107 3189 3201 206 5963 9893 8802 3077 10877 7384 8438 4260 7937 8175 6451 4519 3587 9277 2995 4176 7543 7502 533 3314 410 5514 2683 769 643 5517 8805 8917 10627 354 4090 322 4218 6687 4961 777 2534 6641 4506 7631 8621 8147 10528 7520 211 8482 9309 873 3854 340 7094 6294 3449 6947 362 9664 2749 7765 21 3967 10891 1528 1305 4306 1166 7280 9619 4377 6132 7092 463 5293 4950 1729 1664 9313 7915 6667 10938 7106 5507 2632 6977 102 3150 3214 7890 3407 2350 1115 121 6609 9693 2237 4887 2983 3741 9561 8160 4 3048 8667 5224 2706 4492 161 3410 9992 5454 4061 9199 6350 8733 5724 648 10479 1805 10712 382 6302 8680 9292 6181 6769 3441 7061 4985 2764 8036 472 7933 3046 10471 4434 10495 7452 8914 5452 3723 8748 4884 510 7201 8930 8167 3072 43 3685 3385 9981 10433 4289 5582 5177 8457 10210 8111 3724 10064 1116 4274 7685 3646 2147 7639 10348 9046 10401 4917 7783 8014 4859 10045 2471 688 7149 1456 2603 3958 6932 3921 2240 1200 2601 4623 3133 3898 2243 8164 3048 9885 930 6917 6851 190 8414 10898 6895 2827 10388 505 6005 6426 6208 5756 4344 9178 2878 9543 9079 7827 4595 8194 7537 5802 5669 1892 7843 4627 4897 3832 1095 3760 8610 1947 3804 3455 9354 8555 6479 1543 5052 8536 6724 1517 8220 2273 3708 9230 4253 2727 6189 1323 198 4235 8998 3277 7739 4937 9663 6705 10830 9833 4876 6466 8247 8448 458 7275 3425 7337 1875 4198 2256 482 893 895 3715 8860 926 5298 4316 522 7048 10477 10422 4064 1678 6657 1920 1823 3749 2231 5400 3353 9579 3756 1127 5346 8637 484 6477 10601 8328 1977 9557 10829 505 8973 10605 6754 6507 500 8417 3518 4203 4725 6916 7666 6673 6838 10120 8427 2171 5446 10749 6347 9999 6003 5291 1013 9498 9065 5083 2377 8047 4028 3062 7347 6160 931 4716 7761 3381 3546 7176 9140 9003 1154 10198 207 5737 3783 7900 6622 4856 1264 6175 3025 3297 622 10444 9132 854 2886 282 3287 3340 10751 6886 10007 3264 2295 515 1022 8016 4727 3543 1162 3350 6924 2160 8817 10049 9548 10312 8993 8441 10649 6316 4007 4684 7693 10528 198 9170 8589 4203 8696 6149 4091 1292 8164 5599 2699 7021 7717 3522 3334 6599 6534 7203 112 1652 3861 1444 1298 2279 2382 10632 4578 3635 2701 1165 8670 2868 2641 6414 8578 7088 5272 10761 9480 9301 7561 7045 9181 448 545 5103 9723 9061 8666 54 3186 2575 5766 2689 7695 2674 6317 8579 6068 5891 933 5993 10710 1486 5564 9024 8409 9933 2565 3369 4671 8790 1313 9957 5247 5187 4446 7262 4839 7029 1956 8067 5411 6886 7596 2625 5641 446 2629 5313 7806 8528 4517 4250 5022 573 4163 3331 4384 9190 3361 645 10266 4378 10613 4718 10906 5832 7225 6160 6134 4311 2952 9930 500 362 2764 43 5913 5685 2372 4807 10822 6057 5727 8594 2473 881 6655 8554 4430 7695 5438 444 2606 3037 9364 1222 4484 1711 5294 4806 1799 9405 141 8749 10493 9844 2600 1880 4743 6917 5787 1846 407 9 8238 8787 1526 8355 5467 3249 5185 6596 6664 2877 5099 4120 1329 8815 8522 920 8618 763 7927 4780 8021 10773 399 9073 6674 9504 6509 10498 2857 10435 6399 4515 2788 77 2904 1492 5235 6474 7034 1396 7188 7703 4908 6341 247 9536 4243 10062 8139 4198 5655 902 6891 8311 10124 8655 5322 6342 8138 556 4892 8251 6064 5437 8607 6163 3399 9086 6618 6372 9676 6468 8426 3801 3919 7142 6047 7962 2556 3059 3950 4670 5216 2331 9820 6171 7818 5958 2312 2595 7905 10975 3581 5388 3192 5686 8631 7985 3626 10515 2402 8976 10408 6671 5499 3271 9718 6774 6902 4438 7258 2172 8732 5140 7812 2576 3592 8294 1401 6244 10942 2065 5973 2234 783 6599 3351 7418 6964 7674 8880 6357 9114 8134 8942 9493 9076 4573 8023 7270 2763 9438 5449 9620 1461 796 7062 8021 2120 4052 10499 4622 1486 7301 4794 1915 9384 7405 5367 2013 305 8386 2186 962 10404 860 7022 7262 2876 6258 5664 10007 4282 3026 10285 5320 8792 6962 9621 4611 10644 1403 6565 10117 8472 7561 9058 9344 1782 3704 10494 7736 8470 8433 5781 8749 9105 9097 9498 9156 682 674 1281 5821 2254 8646 2096 7858 1519 356 3668 7613 3690 8483 7549 6138 9195 2550 457 7488 5573 7246 6885 3578 543 10003 7463 2589 2134 2719 2515 10684 7627 2996 10272 8210 4252 5439 10666 6017 8058 4233 4089 3650 1673 8803 5361 281 10575 2450 2811 9839 6299 9305 3640 10137 5672 8814 3249 9203 8703 161 2099 92 1953 165 883 6841 10837 1780 9939 1919 9705 1831 5155 141 10748 3233 7899 1939 2526 6192 9841 357 9752 4722 6971 2959 4887 5846 10993 6867 6219 6718 1705 1261 5794 5256 1993 10586 4067 9580 9120 9891 2160 10411 3322 65 5246 3268 7074 10139 6964 5015 5212 8422 10873 5398 8507 891 4966 1485 8932 7629 2216 10699 5375 5306 1417 8101 6385 5062 3245 950 4499 10992 3729 5088 4332 7316 3170 8488 5458 333 4446 9281 521 5262 7080 7248 3844 4985 8330 3209 8194 3917 3882 2774 4183 5432 10445 6603 5283 1364 70 5773 1550 4485 10501 3167 5028 1738 8551 10617 6327 10729 6228 7285 7773 2358 688 7974 5762 5161 8831 7505 1781 10354 10809 7661 6782 7755 8594 8965 7869 5263 10395 9712 10500 969 10399 6744 10762 2805 739 4712 1517 3871 1432 9796 5985 6001 6722 4927 6167 5646 3842 631 3346 3452 2000 2695 10646 6700 7841 9797 5248 6838 8242 5455 6155 7695 7331 7525 1329 8002 3894 4495 3734 6238 3215 6723 6525 1523 541 6030 5107 1662 869 6204 670 10430 7237 4788 7435 4228 4737 1118 9075 10562 9045 2878 1 8490 5073 8028 2619 7952 3489 9949 203 5531 663 2690 4347 694 9980 1090 9699 6220 1053 5489 2868 6957 8995 5612 5828 9007 10485 6231 2809 8851 6549 5736 9097 5057 2944 1023 6685 6579 10920 99 3584 867 7031 6939 105 9355 7043 9216 4709 7492 5542 3814 10236 887 505 10537 2193 4360 10782 5208 383 2043 455 665 3112 3462 6157 913 8956 8801 7479 1877 884 4012 3938 9708 7694 2238 9478 1700 8658 6575 1002 8678 6501 4809 8839 2 4967 9066 3986 9146 9412 5636 3049 1963 10994 1854 10611 4380 8966 5302 977 6301 3419 3361 10449 7794 10152 9902 4869 1501 7944 7519 239 6037 10076 5986 7452 10503 2202 7086 1760 2359 4819 3753 4645 2184 5643 6055 4210 8078 8108 928 4209 6499 4924 6176 6776 820 2776 10699 8302 6981 1528 2346 128 2291 7865 3997 3017 3147 1935 1415 7458 9724 6427 4066 6431 667 4704 5364 9692 2652 8406 4233 7221 8587 6035 2348 8636 8434 2622 7550 2488 3121 9718 9307 3453 3768 4047 4305 4271 8431 6682 528 5255 8146 8038 3387 985 9676 6320 6772 40 7517 3189 1532 5819 10554 10946 3899 8783 10560 2114 1782 6176 10123 7978 3453 3473 10406 9851 6920 9428 8483 351 635 1674 2865 6851 9033 5472 7493 9855 6439 3801 1369 8676 3519 5737 1772 9855 6035 10639 9564 10342 3842 4683 10119 2469 5504 6277 8479 8038 4204 8002 9850 125 903 4640 3108 532 5387 654 9573 9820 9530 10876 3577 8661 4871 2116 5035 2400 1747 4070 4311 3344 1251 5092 4467 9045 5501 6589 1364 4026 4288 10984 4020 1108 193 5012 541 3192 4683 370 10390 3657 8411 10602 9726 10016 3444 10594 7054 2876 3534 10410 3416 8869 10050 8082 10724 5061 8557 116 8276 5791 10761 1171 6342 8725 4067 3847 7108 9438 10821 2018 4083 3217 8325 9100 533 6963 9777 7235 6964 8161 3836 622 6802 10841 5550 5330 7656 409 10247 5628 10353 4046 4597 496 3478 5686 2402 1994 233 10571 5330 7277 464 6097 4105 982 2360 6966 10532 4076 4876 4946 3708 786 10794 4073 8290 7093 9034 7439 9164 8449 1166 1644 10930 946 8321 90 10664 7201 9940 7452 9289 10926 6349 9078 9887 5653 8869 6217 1770 9208 4807 7388 7549 2141 2199 7693 3879 1612 25 4756 9596 9275 8968 10444 9532 5212 934 5377 1772 6568 8802 6627 2308 5410 9868 7155 9690 1499 4730 2319 3223 8513 4503 7152 10684 6190 7436 2725 10638 555 3974 8715 8546 8434 10354 8868 1754 1016 699 1800 6116 8190 10331 2533 8837 7568 10070 2453 5252 9209 746 858 530 3610 6502 8721 1060 3040 1547 5991 4741 5258 4162 7158 5242 3028 9277 5109 9210 2850 8597 750 9232 6853 5306 2719 4273 7429 346 3273 493 4797 6717 9001 5719 9024 5240 6389 3512 2344 1193 2967 7295 2201 10157 4034 7374 455 1995 7513 2512 9476 6276 2231 854 5722 9901 1311 3831 6844 10316 8277 7120 10164 2027 39 8616 9496 7917 9962 9908 2218 8832 5630 9822 7884 9237 1020 5340 6101 8760 7161 680 10080 2039 1039 1366 3921 2051 6043 9760 1356 8618 9307 1659 8330 9012 547 3833 8963 3458 7226 8343 3229 4601 2080 2298 2192 9953 6041 7487 6962 5761 1064 9767 9368 8079 3945 2765 6250 429 8197 1297 6013 9530 9877 10944 933 1586 8941 592 4705 6253 3090 3025 3332 2622 863 9423 3816 3946 600 2786 4574 6046 10541 10573 7498 3035 3928 1727 941 5389 7122 9636 442 10652 1377 235 202 10356 9888 1912 10359 10358 6662 10309 3255 1175 4686 10199 8883 2181 8660 9429 101 665 6373 1476 2539 8508 3118 6478 92 10662 1428 2780 431 1848 1314 6286 6307 9427 1471 10946 4147 2408 9306 8112 4548 7752 8506 5561 4407 3461 7031 6619 4539 717 1497 4642 811 8592 5900 513 126 1272 1974 5317 2596 3512 2988 6781 8132 1429 6613 8804 5123 4129 6032 5363 2533 10721 4844 4300 6372 3185 8410 386 527 1289 5229 1981 7086 8813 1137 6034 3634 4774 4039 3386 759 2605 7439 7791 5030 4243 4174 3192 1357 3501 10418 6715 7865 2264 8870 4799 1849 9831 721 8178 57 3577 4781 9 711 2962 232 10183 7100 1433 7008 9817 297 4437 8150 6017 1166 4347 4540 1387 7016 10309 9564 8399 6189 9551 717 5631 919 10109 10232 5357 7993 9055 8516 818 1818 10414 2891 3235 3970 7602 4615 4887 9219 4336 6087 10829 6813 9529 2854 2941 8227 2026 7353 7810 10930 7581 1822 8483 2663 10262 5010 9437 4406 461 8425 291 303 2196 4290 2886 7360 8068 8517 3700 2503 10761 8711 1144 6237 8458 1508 2850 9269 6344 2983 1989 795 9455 5838 8964 9554 3069 317 10999 6108 4656 3693 3876 5515 9929 7165 1888 1462 5497 2551 144 3075 4277 9408 9492 9264 10143 9156 552 8717 2930 6843 9607 376 5867 131 3694 6044 9240 8287 3077 8287 4001 913 1734 8591 4389 462 1692 10385 7037 147 6164 6063 3775 2059 10961 10505 7503 3374 382 10229 6333 260 7248 10234 2390 573 1813 3723 7650 7783 6362 
