// periodic
// number of jobs
1
// pi
90
// Cycle
100
// aperiodic
// number of jobs
9000
// pi
1 3 10 6 19 7 7 19 1 7 19 11 16 3 4 12 19 18 15 13 8 9 18 19 17 5 5 13 3 13 3 5 16 15 10 8 4 9 12 18 17 17 9 17 4 19 17 6 18 6 3 10 4 10 19 10 10 10 5 13 11 15 10 5 1 16 13 11 3 13 13 3 6 11 19 17 6 12 4 4 19 19 17 3 7 19 17 15 4 9 4 1 13 2 18 18 12 5 11 16 4 2 10 15 7 16 15 4 12 15 1 19 11 14 6 5 5 8 6 8 9 18 3 14 19 11 19 2 7 2 16 10 9 13 19 3 16 6 8 19 1 12 6 1 1 3 15 8 18 3 18 3 18 13 9 11 3 8 1 18 14 8 10 11 6 11 16 4 2 6 9 13 8 12 15 6 15 19 3 11 13 8 14 11 6 7 18 14 15 8 15 4 11 8 3 16 18 11 5 9 8 10 13 3 12 8 18 2 5 2 19 3 18 11 10 9 7 13 15 7 4 15 10 9 8 7 3 15 8 14 10 5 4 10 6 1 16 9 19 16 19 12 10 4 8 18 15 1 8 10 8 7 11 2 3 11 12 12 10 6 9 10 14 11 19 15 15 4 8 17 19 7 3 7 13 11 14 14 16 2 12 11 7 13 13 18 5 17 15 18 19 10 14 4 7 6 4 19 17 5 1 11 6 12 18 6 14 18 6 5 9 11 7 6 19 6 4 16 14 18 15 6 1 3 17 6 12 6 7 12 17 11 11 10 13 2 16 3 9 11 6 4 7 9 4 15 18 10 5 3 15 4 17 2 16 13 14 9 10 5 11 3 14 5 10 2 2 18 17 2 2 5 14 10 13 11 11 12 9 8 19 6 14 11 3 7 6 11 3 19 1 11 10 11 8 3 18 1 11 2 16 12 19 19 10 7 19 18 5 12 7 4 10 17 13 6 18 11 14 1 11 15 16 7 12 4 11 9 9 3 1 19 11 5 7 8 15 3 14 15 14 5 7 4 18 16 10 12 17 13 16 16 19 10 5 8 9 17 9 18 19 18 12 7 9 17 17 14 2 6 8 4 17 5 8 15 12 12 7 5 7 17 5 3 4 9 17 14 15 6 4 8 10 3 19 10 13 8 19 15 1 8 11 1 13 17 3 14 12 17 17 15 10 14 2 17 13 6 8 16 1 18 5 16 8 5 2 10 17 16 16 9 6 1 12 1 14 13 11 6 3 2 14 4 16 3 4 14 8 12 14 9 18 18 2 1 18 9 14 2 6 17 2 15 16 10 11 15 15 7 6 6 18 10 17 11 16 17 4 8 8 5 19 10 6 11 3 8 8 16 14 19 9 11 17 15 19 8 16 2 19 18 16 9 6 17 8 6 14 15 15 19 12 19 4 6 1 1 16 14 1 9 1 14 14 7 10 5 11 1 6 17 6 18 18 2 18 7 18 9 4 19 15 4 4 11 12 11 2 18 17 12 1 18 10 12 4 18 6 10 12 8 14 7 17 11 11 10 19 14 13 14 2 14 9 12 16 2 1 10 2 9 5 4 10 19 9 6 15 10 16 1 9 13 9 12 4 7 6 16 19 6 7 12 8 13 1 17 11 16 16 7 15 5 11 17 9 18 18 7 17 6 12 4 1 8 8 15 16 4 2 2 15 18 2 9 1 7 18 4 14 18 3 8 12 1 12 19 13 13 16 10 10 15 1 13 4 7 10 8 1 2 16 11 11 18 11 14 1 16 2 16 13 12 17 10 14 5 1 18 3 17 11 18 13 10 9 7 2 10 6 16 9 2 4 19 12 11 19 4 8 4 11 13 16 10 11 16 17 12 3 13 15 10 9 17 16 14 18 2 4 1 13 1 6 8 12 13 15 9 17 3 3 15 8 8 7 17 10 17 16 4 7 13 7 13 2 2 2 19 8 7 1 1 16 12 3 17 4 4 15 11 16 18 3 15 3 12 10 9 14 4 3 6 11 18 19 14 19 5 4 3 19 4 3 4 1 8 10 4 17 3 17 18 16 4 3 12 3 18 17 1 9 7 14 17 14 17 6 17 14 12 15 7 6 16 10 10 14 6 17 12 5 18 4 7 19 8 6 19 2 8 11 14 11 19 2 13 13 10 17 10 8 16 3 18 11 12 8 5 12 15 13 14 19 15 13 8 11 11 14 1 5 5 8 7 18 5 3 12 18 17 18 17 15 19 17 18 7 11 7 6 3 7 16 3 10 11 1 18 16 11 4 13 2 10 15 5 15 2 19 10 10 2 16 14 17 5 7 8 15 9 11 8 3 2 18 18 16 18 3 12 4 7 7 12 16 3 7 10 15 15 9 6 10 6 14 2 10 13 16 12 4 16 5 16 6 13 17 1 7 9 3 10 5 14 13 4 11 18 6 16 7 7 14 18 8 8 9 18 9 1 18 10 7 18 8 6 6 6 15 17 17 14 10 19 17 15 10 6 1 3 5 14 3 18 19 14 16 10 3 12 14 8 9 17 11 8 12 5 17 6 7 14 12 14 8 2 19 13 7 11 13 6 5 3 8 2 16 4 5 8 8 14 11 7 14 18 1 10 6 16 14 14 5 17 16 6 12 6 16 11 14 11 8 4 3 2 2 18 5 12 11 11 9 14 7 14 19 14 8 1 2 3 1 16 19 10 15 1 12 11 13 4 15 9 7 18 4 7 15 3 12 4 11 19 11 12 16 14 10 16 17 6 9 19 15 8 11 16 13 17 12 13 13 15 18 17 4 9 9 1 19 17 11 14 17 17 6 14 10 3 8 6 3 6 12 19 19 18 3 4 4 12 18 19 11 17 2 15 15 7 6 7 9 13 6 19 16 7 16 3 2 4 19 10 14 1 15 18 6 15 12 2 16 10 18 1 1 16 6 19 1 19 6 5 16 19 14 15 3 16 15 16 15 6 3 15 7 15 8 8 5 16 18 2 8 9 16 7 5 1 11 7 9 8 10 13 15 6 16 2 17 18 10 10 4 12 13 16 15 1 5 15 3 5 3 10 8 7 4 10 12 15 15 5 5 7 1 14 16 1 3 7 14 16 14 9 16 5 15 14 8 1 9 14 17 7 19 10 12 18 14 13 18 4 6 12 2 6 17 1 4 18 14 8 10 3 2 13 14 8 10 19 7 7 5 10 8 17 8 18 12 16 11 19 16 18 6 16 8 17 1 19 16 1 6 5 16 16 15 1 15 15 13 1 7 12 4 9 6 19 13 12 17 15 8 4 1 18 11 9 13 12 17 14 1 8 12 18 13 9 1 19 5 11 18 19 11 1 1 6 13 4 6 12 8 7 1 10 11 17 13 17 8 19 10 5 6 19 17 9 15 17 15 10 18 10 11 3 12 13 15 4 3 7 19 10 2 7 10 14 12 17 16 9 3 6 16 17 14 14 19 5 6 9 16 18 5 17 10 13 1 12 1 11 4 6 3 15 17 14 12 8 13 1 15 8 10 15 9 6 17 13 16 7 16 12 14 7 10 12 9 18 12 15 3 19 1 2 8 17 4 4 16 19 7 13 5 11 15 8 12 11 11 11 13 17 12 8 12 1 3 16 3 13 19 8 13 8 18 1 7 19 11 9 15 11 16 15 7 17 14 9 13 9 19 12 16 15 6 10 10 4 19 6 6 16 14 9 19 5 10 12 3 2 12 13 5 1 6 4 2 6 17 7 18 13 19 3 14 1 1 9 2 5 12 13 7 2 14 17 13 2 19 7 16 3 14 11 6 19 6 14 9 3 15 2 15 8 14 4 15 6 6 6 4 4 19 7 19 11 5 8 4 12 10 17 2 16 17 13 16 8 13 2 15 3 6 4 12 11 13 18 6 15 6 19 1 15 18 10 1 4 10 13 14 10 18 12 9 8 6 8 15 11 18 18 1 12 10 4 11 6 18 19 16 19 18 2 1 12 13 19 13 15 11 13 2 16 10 5 2 3 5 7 19 13 15 1 16 13 19 17 9 15 15 15 17 7 19 14 18 8 5 5 17 17 2 13 14 17 16 12 16 4 8 13 3 1 4 3 1 7 11 14 9 12 13 5 18 13 14 16 1 13 2 8 1 19 7 5 7 13 1 10 11 4 10 10 2 8 7 7 5 8 1 7 11 11 13 14 11 6 14 6 15 9 13 15 2 4 4 15 12 6 9 1 15 3 12 10 3 14 18 18 9 18 19 18 12 12 16 9 9 6 8 5 6 5 18 14 6 3 7 15 7 7 5 15 19 3 7 5 12 11 18 18 1 14 9 19 17 7 1 11 17 15 13 12 8 2 10 5 16 6 15 3 13 12 6 7 13 1 4 12 8 18 12 8 10 16 13 10 1 15 6 2 19 1 5 3 7 9 10 18 6 4 5 18 12 5 13 12 11 4 17 8 6 4 15 2 13 11 11 14 9 15 12 18 14 13 4 7 2 4 13 15 10 17 1 6 6 9 9 16 11 11 16 3 12 5 8 2 8 14 14 8 4 9 1 12 3 18 7 14 12 12 18 9 2 5 6 7 5 5 6 2 5 18 10 2 7 14 9 13 10 19 6 19 16 19 13 6 18 1 7 15 19 19 12 5 11 1 17 12 10 12 5 6 13 1 9 13 6 14 10 10 3 10 13 11 6 16 18 10 3 8 15 10 5 6 16 3 5 18 10 14 2 18 8 6 3 6 4 4 19 12 14 12 3 10 10 9 1 19 3 12 17 2 7 6 14 13 17 13 10 10 1 13 6 8 10 17 11 9 11 16 19 6 1 12 17 4 9 9 6 13 2 10 14 2 4 1 8 19 11 14 13 18 17 11 19 7 7 4 9 2 12 16 11 11 14 4 9 16 15 9 1 16 16 7 6 12 10 16 3 13 9 9 4 9 16 7 12 9 2 7 17 16 15 1 10 11 8 12 9 4 15 14 11 5 5 14 4 8 19 13 5 14 11 15 4 3 19 16 7 6 16 6 10 13 18 17 17 3 11 14 5 18 1 5 6 12 13 12 18 3 4 12 17 7 17 19 11 1 10 18 8 4 16 19 15 1 5 18 15 10 8 2 18 1 14 10 17 15 4 7 10 14 2 3 16 1 13 17 4 10 1 16 12 6 3 14 5 4 12 18 18 2 17 15 13 9 17 5 13 5 19 13 19 6 3 1 18 3 3 12 5 14 13 15 14 12 9 19 2 3 10 14 19 8 5 4 9 14 1 1 7 2 2 11 12 1 4 18 8 5 17 17 1 10 5 8 4 6 15 5 9 2 12 8 6 11 11 18 13 15 17 6 9 18 9 16 12 6 6 1 8 18 4 17 9 4 4 15 6 12 9 15 17 4 13 7 1 10 2 10 12 18 5 1 16 11 12 4 19 6 8 7 5 9 4 5 8 3 2 18 12 12 17 11 6 5 5 5 2 14 19 7 16 1 19 17 15 18 18 10 3 12 15 9 8 19 11 19 1 18 2 7 10 4 4 9 18 7 6 11 8 4 12 17 16 8 7 18 10 7 12 2 15 12 1 7 19 12 10 11 2 4 9 18 6 14 14 19 17 15 4 4 19 8 15 2 18 13 12 17 18 13 1 10 18 1 19 18 4 3 7 7 19 6 7 19 2 3 19 9 8 19 3 15 2 1 11 17 9 2 5 9 18 4 4 1 8 4 17 15 11 9 7 19 15 8 8 17 9 2 19 17 9 7 12 10 6 1 14 9 5 7 11 7 8 15 2 16 14 14 19 10 10 10 10 17 8 7 7 15 6 13 18 14 18 13 17 5 5 15 3 6 9 12 10 16 12 5 16 15 14 6 8 8 3 16 7 4 10 11 17 2 17 12 3 9 11 12 6 13 7 16 2 13 16 3 3 5 7 4 7 8 2 11 18 11 15 18 14 7 5 10 11 18 10 11 10 17 13 12 1 8 14 16 13 1 16 3 16 2 2 2 5 11 15 14 13 10 4 11 1 18 8 3 14 12 14 9 13 3 4 5 18 17 19 8 3 13 7 13 15 15 17 5 17 7 3 17 2 10 15 5 18 17 8 13 5 5 3 15 2 9 5 15 1 12 15 4 3 14 11 8 15 12 18 6 6 14 19 6 8 19 8 12 1 2 13 3 17 7 12 6 5 2 18 4 7 10 7 15 16 6 10 16 13 9 13 19 4 14 5 4 6 16 16 6 17 8 11 19 4 13 18 15 1 14 11 5 9 3 11 13 6 19 7 4 10 19 2 17 18 3 7 3 3 11 13 19 14 13 16 10 10 18 3 5 3 7 18 1 14 9 16 3 9 1 13 18 17 13 13 18 4 9 3 18 11 16 15 15 8 14 12 14 2 16 3 17 12 11 17 1 12 9 9 16 18 10 19 5 3 1 6 14 2 8 13 12 9 5 18 17 13 5 11 14 16 10 12 7 8 3 8 18 17 6 9 9 11 3 18 11 17 8 8 1 11 2 17 6 6 8 11 1 16 3 11 15 6 19 10 1 5 16 18 14 3 8 7 11 18 13 17 13 2 10 5 5 15 8 19 4 17 15 3 4 12 14 18 17 15 8 11 11 1 11 18 5 15 9 17 14 15 2 1 19 8 9 2 10 4 6 17 9 3 8 16 1 2 9 5 19 11 17 12 14 6 18 10 15 18 12 3 11 14 13 9 5 1 9 19 6 3 16 4 1 7 16 1 10 1 14 3 12 16 10 17 18 8 14 7 4 7 17 17 16 5 6 13 19 10 7 18 1 13 17 4 9 9 11 2 1 16 4 11 10 4 6 12 5 15 9 1 16 4 3 13 3 6 17 14 10 1 9 18 3 19 16 10 10 9 9 18 19 13 10 3 2 17 11 17 4 3 15 16 4 8 9 17 14 14 17 2 1 3 9 13 6 17 10 14 5 1 11 7 8 16 17 5 17 2 10 17 18 12 19 16 19 5 17 1 2 13 14 18 6 3 1 6 15 14 15 6 5 9 4 1 11 7 9 11 8 12 2 2 15 3 7 3 13 17 10 1 11 13 1 6 7 17 6 5 15 1 10 7 15 12 15 9 4 4 9 1 5 2 11 6 13 11 6 9 1 1 16 17 16 1 19 1 18 18 8 9 3 9 2 3 16 18 19 7 19 1 9 15 15 19 8 6 6 8 18 15 7 12 13 19 5 5 10 14 8 13 8 10 11 8 7 14 11 2 7 15 16 12 15 13 12 6 7 19 5 6 19 17 11 15 14 15 4 4 15 8 17 19 3 13 4 3 17 12 16 10 8 8 4 15 14 10 18 16 14 16 8 19 10 6 14 1 10 11 8 10 17 18 3 3 6 7 9 12 9 16 13 1 18 5 7 7 18 7 5 13 2 9 1 8 17 12 15 3 9 8 9 9 3 3 6 12 7 18 16 15 18 4 2 6 19 10 6 15 13 6 19 14 7 12 5 15 10 12 14 13 9 19 5 1 8 19 1 8 10 5 15 8 17 9 4 6 5 2 4 6 7 16 6 7 9 15 11 3 4 2 5 6 9 1 1 9 3 4 18 3 2 14 4 2 18 17 11 19 9 6 6 3 3 8 6 6 12 15 7 2 12 12 9 2 4 2 10 10 8 8 11 2 9 14 9 17 13 19 3 7 8 9 12 15 6 18 16 2 5 5 19 19 19 11 18 4 4 3 9 15 17 19 11 3 19 14 7 14 3 10 12 16 10 19 9 10 4 9 15 2 12 6 6 18 1 9 6 10 14 15 6 2 10 17 7 4 14 8 5 18 16 15 11 7 16 1 19 15 6 3 12 4 16 11 19 12 17 18 18 7 10 10 19 13 19 6 5 14 3 5 2 15 1 10 4 6 6 13 1 3 11 8 1 2 18 1 19 17 3 16 2 19 6 13 8 10 13 5 18 5 15 12 16 3 11 18 16 3 11 12 8 5 5 13 7 14 3 19 1 8 14 17 5 13 18 16 13 3 9 6 13 14 16 18 16 9 11 16 6 12 7 2 1 8 19 16 18 12 19 9 16 6 17 3 12 15 3 9 10 7 4 12 9 16 15 19 5 6 12 7 10 5 15 17 6 5 13 5 12 4 7 14 16 14 2 12 13 2 2 18 11 6 12 13 8 6 15 18 19 9 4 1 2 5 17 16 10 14 18 8 8 19 14 3 1 12 15 16 10 14 1 2 18 8 1 13 8 16 17 11 4 2 2 17 4 8 17 1 10 16 18 1 4 12 12 19 8 6 13 2 3 6 12 1 15 5 15 4 10 12 19 13 7 14 3 4 9 4 14 11 6 12 7 12 9 9 3 8 18 13 4 5 5 19 5 7 10 17 1 18 8 14 16 11 14 5 8 4 16 3 3 3 8 16 8 15 1 3 18 3 7 5 19 1 7 15 15 18 5 4 6 7 17 5 15 15 11 17 9 10 13 8 10 9 9 10 15 1 10 18 9 4 12 13 17 14 8 2 4 2 5 4 10 7 8 1 5 7 17 14 9 7 7 16 16 8 8 4 10 12 2 12 2 15 8 9 16 19 11 12 1 12 12 15 5 11 11 16 17 15 9 11 1 17 19 3 9 6 10 19 7 2 13 17 5 12 4 12 17 8 8 9 2 2 10 2 5 7 19 4 4 1 19 7 1 7 1 4 4 1 5 11 10 5 15 9 17 16 5 16 14 17 19 19 12 3 7 15 17 8 2 3 6 18 16 19 10 8 5 11 17 3 5 2 13 16 5 8 18 3 8 19 7 10 9 10 13 15 4 10 11 3 12 5 7 12 3 4 8 12 10 3 17 17 14 12 10 18 12 12 14 12 2 14 18 11 6 3 18 4 14 18 1 10 8 8 1 14 2 17 7 12 14 2 14 13 10 7 7 19 7 13 9 7 13 6 9 17 1 8 5 2 11 18 13 1 3 3 2 14 3 5 14 16 7 8 18 16 10 12 18 10 10 14 16 11 9 10 3 17 5 18 19 14 1 9 5 6 8 15 11 8 19 10 3 15 17 11 13 8 4 14 8 1 19 1 17 3 13 14 2 9 7 1 19 13 11 3 1 1 2 15 7 3 2 14 7 1 10 19 18 12 7 3 12 6 12 16 1 9 18 5 5 9 11 17 6 1 2 12 15 3 8 11 11 11 10 6 9 18 9 13 11 10 13 16 10 1 2 11 6 16 3 16 7 12 2 17 15 1 13 1 4 18 10 4 18 19 1 11 17 14 5 7 9 12 17 18 12 18 19 2 4 19 4 19 2 8 6 17 19 16 11 2 5 16 1 19 1 9 11 12 14 3 18 17 4 11 16 17 2 5 15 5 15 11 4 19 17 13 3 13 6 1 10 18 19 10 1 7 8 10 8 4 17 12 3 17 14 7 3 3 7 17 15 12 17 2 10 2 12 18 7 14 14 1 2 1 12 5 2 4 16 4 2 1 19 14 1 1 2 14 16 12 1 17 14 3 1 19 19 17 18 3 17 17 12 18 16 8 2 13 1 2 13 16 2 12 16 11 2 15 10 1 16 18 18 9 10 10 18 1 9 6 10 4 7 10 4 9 14 8 11 3 17 14 16 9 13 9 17 16 6 1 7 6 19 16 13 5 5 1 16 15 10 16 4 15 4 8 18 3 18 18 18 4 19 9 14 8 7 15 1 14 11 15 19 7 7 15 11 19 5 10 5 5 4 1 5 9 16 3 18 5 10 8 5 2 13 2 12 2 15 11 17 2 15 9 4 15 1 14 5 2 10 15 3 16 11 12 10 4 3 15 7 16 12 17 14 18 1 13 9 2 6 8 15 15 17 2 5 5 2 7 13 4 1 4 14 19 18 1 7 13 4 3 2 14 4 19 5 7 2 15 16 12 13 12 3 15 17 15 18 9 12 4 8 11 4 12 5 17 7 3 12 17 13 6 17 12 1 13 9 10 6 4 5 17 2 1 11 19 14 5 18 12 12 13 12 4 4 12 19 1 1 9 1 4 15 4 2 1 11 5 1 19 19 11 2 18 8 17 13 10 9 12 10 5 4 6 17 19 14 3 13 10 11 12 15 6 5 1 15 2 11 10 3 2 4 14 14 11 13 5 15 19 8 16 8 7 11 18 13 7 12 7 19 2 6 6 5 12 13 14 15 3 3 11 1 17 9 7 12 14 18 2 5 3 9 7 18 14 2 16 2 15 8 10 18 15 9 15 10 8 18 18 8 11 4 15 10 17 19 3 15 16 10 9 4 4 7 2 8 13 4 15 14 2 16 13 6 12 18 8 18 3 8 1 17 2 12 15 4 10 12 5 7 8 2 10 14 19 4 2 4 8 4 19 6 10 17 3 1 19 15 1 5 19 9 4 2 16 17 17 9 2 19 10 15 1 16 19 5 5 3 16 17 11 4 9 3 11 12 7 12 3 2 8 14 8 19 10 18 7 6 12 1 9 16 18 16 7 7 14 5 11 2 14 3 9 2 3 18 9 17 13 18 8 15 9 12 11 19 16 19 4 8 16 12 1 9 14 7 11 12 17 5 19 19 4 7 9 14 16 11 15 16 17 11 7 4 18 3 4 10 10 19 3 18 19 7 15 9 17 10 7 1 10 13 18 19 8 3 2 13 9 16 13 12 18 4 8 15 5 2 15 1 6 10 17 6 5 16 19 19 8 12 6 11 14 17 14 5 13 14 16 10 17 11 11 13 11 11 9 6 9 10 5 9 6 11 16 4 2 13 4 16 4 9 10 6 18 19 8 12 2 13 10 6 8 12 13 15 8 8 3 2 11 5 18 12 13 17 12 7 1 4 12 14 10 5 10 13 7 19 15 17 3 7 3 11 12 9 5 15 17 9 19 18 16 1 19 13 2 7 15 10 17 14 16 9 15 19 19 17 18 18 7 1 12 17 2 13 13 5 4 3 19 7 3 10 9 16 17 2 5 11 4 5 10 9 5 16 14 9 12 3 15 1 18 19 18 17 9 6 1 18 13 17 19 2 11 5 7 1 13 17 16 10 3 19 8 18 7 15 1 17 14 11 7 5 5 3 4 16 16 8 13 17 19 16 14 9 10 6 16 13 8 15 18 11 14 8 19 9 4 7 9 17 4 12 11 11 17 9 4 13 10 12 1 4 15 7 9 18 8 2 6 8 1 14 18 6 9 9 2 11 1 8 1 11 18 4 8 14 12 19 1 5 7 14 9 2 13 15 1 15 9 9 6 19 2 12 1 4 14 12 14 11 14 2 8 14 17 10 10 14 19 18 14 2 10 1 5 2 18 1 13 10 3 14 1 17 15 18 12 6 6 6 7 18 4 7 2 18 10 14 18 2 3 15 8 17 18 18 9 5 2 19 10 4 7 15 13 17 17 11 7 4 4 19 8 15 1 15 9 10 13 15 4 15 1 18 13 7 5 6 10 12 8 18 4 3 12 18 8 14 7 5 1 16 9 3 18 8 14 11 13 15 12 12 14 17 2 19 17 19 19 13 11 11 11 15 11 17 4 5 9 4 13 8 17 11 13 3 1 12 15 8 5 7 13 10 15 9 4 2 14 17 10 1 9 19 16 9 16 4 1 18 4 12 18 5 7 19 5 1 19 6 13 14 1 5 1 11 7 2 6 7 8 2 11 3 18 16 10 3 18 15 14 6 4 14 9 17 15 18 2 9 4 13 10 2 4 19 14 9 7 4 6 13 1 16 18 1 3 3 6 5 15 9 13 5 6 4 7 14 3 13 15 11 10 13 16 2 3 16 9 14 7 10 18 8 2 1 6 3 14 1 3 1 2 5 19 2 11 11 14 13 12 4 3 15 16 2 1 13 12 10 1 13 1 16 5 14 18 4 5 3 5 9 9 13 19 16 18 1 16 16 13 14 4 15 8 19 12 5 15 18 6 3 19 9 14 7 10 7 18 14 17 9 16 12 7 2 17 19 13 11 4 15 10 7 13 6 17 7 14 5 11 11 2 10 4 3 14 1 3 6 5 13 7 1 18 9 6 9 19 14 10 18 6 10 2 11 14 17 4 4 14 10 7 1 10 7 6 9 6 8 19 3 6 15 18 16 11 4 7 12 14 16 3 12 7 5 5 10 14 9 2 11 2 18 17 11 16 9 16 1 11 5 3 16 7 13 8 5 3 15 19 15 3 16 18 16 1 10 4 12 7 17 4 13 10 10 3 5 19 17 12 13 3 9 7 17 9 7 18 12 2 17 8 7 9 12 9 6 15 8 5 13 13 17 8 2 16 7 19 12 18 7 8 14 8 4 9 19 11 10 19 4 9 9 12 17 8 10 5 1 17 3 2 6 19 12 16 19 4 6 4 4 18 11 2 11 18 10 3 3 17 17 3 19 12 8 6 6 14 12 1 17 15 13 19 15 8 4 14 11 6 9 10 3 17 18 3 11 3 2 5 7 16 1 13 10 7 18 3 18 7 10 10 19 14 11 14 19 19 4 15 5 13 11 12 13 1 10 18 4 3 7 16 7 6 15 11 8 10 6 17 6 8 4 15 19 18 11 14 1 11 11 7 6 19 12 16 16 2 19 4 14 17 5 18 18 13 12 8 3 10 15 3 9 7 2 7 10 8 17 13 4 15 11 10 2 14 12 14 19 4 1 16 17 7 14 12 19 11 4 10 1 2 19 11 19 9 11 3 2 6 17 5 11 15 6 15 18 5 15 3 14 19 7 14 18 7 5 7 15 4 17 12 10 13 8 1 12 19 6 9 10 16 17 2 15 5 11 12 17 12 10 13 8 14 5 8 4 14 17 6 18 9 19 9 7 14 12 15 7 16 13 18 18 6 4 6 16 16 1 17 19 19 8 1 1 8 17 2 1 6 7 17 13 19 5 2 2 19 7 18 7 8 15 16 10 8 3 12 19 16 7 18 17 15 5 7 18 9 3 7 16 19 1 9 10 16 8 19 14 17 8 15 15 9 12 7 2 8 17 15 14 4 7 16 19 6 12 1 13 5 19 19 18 16 9 2 19 9 18 15 8 1 8 2 3 12 6 18 18 5 1 3 10 12 16 4 2 13 7 8 6 12 16 7 7 2 6 12 1 1 16 13 19 6 4 10 2 13 13 18 12 17 19 15 8 7 3 11 10 5 13 2 11 9 12 7 14 18 18 10 14 2 9 14 2 9 13 15 17 14 15 12 14 19 12 14 9 17 8 14 11 3 1 18 5 19 1 10 7 14 13 1 6 9 8 9 6 10 7 1 3 19 2 17 1 13 7 17 16 7 6 15 5 7 17 8 13 18 12 18 14 7 6 18 14 14 6 18 2 16 18 11 8 13 4 9 9 12 17 8 12 3 16 11 9 5 18 5 3 5 7 8 4 16 7 8 6 5 12 9 15 16 10 18 10 8 12 12 11 5 17 2 2 19 7 5 1 8 13 3 1 4 7 13 13 14 8 2 11 11 1 8 10 7 8 15 18 15 10 3 8 7 10 11 19 10 10 5 9 16 11 3 2 10 13 9 4 16 15 9 16 14 5 10 19 7 6 15 6 3 9 11 8 12 11 17 16 3 5 16 11 2 1 8 10 10 13 5 1 17 7 16 2 8 19 10 13 12 14 14 5 16 3 10 6 1 19 5 1 10 18 18 13 4 2 1 19 10 1 5 13 10 17 9 8 19 18 14 19 3 13 16 3 11 9 16 1 9 6 6 12 12 6 6 9 7 6 4 9 10 11 3 12 2 9 17 1 6 15 19 16 1 10 3 6 5 2 1 8 7 17 5 6 16 15 15 1 10 3 17 10 16 1 9 8 8 19 7 10 1 1 13 16 14 4 10 3 17 3 8 6 11 13 6 19 11 12 8 17 17 10 10 17 4 1 13 7 12 12 12 2 9 1 10 13 18 5 7 19 10 17 9 3 19 14 16 2 1 15 18 1 19 17 1 1 16 9 12 9 13 13 11 18 18 3 9 10 8 13 14 7 1 14 2 9 4 7 9 1 19 1 7 10 10 1 4 15 4 4 6 2 17 9 5 6 10 15 9 5 16 4 7 9 15 5 18 10 2 18 5 6 14 19 6 1 8 4 11 3 2 19 4 7 18 14 7 16 7 19 8 2 7 16 19 6 10 9 10 8 12 9 17 10 16 16 4 11 12 12 6 9 17 2 18 1 1 6 18 7 19 1 16 19 5 9 7 6 7 18 10 1 11 3 19 4 5 1 17 16 11 17 2 2 18 1 4 12 6 10 12 4 4 7 18 14 2 19 12 2 19 14 3 1 15 3 12 6 11 17 8 2 11 6 2 3 18 12 6 16 12 11 11 16 17 8 11 14 15 6 16 4 13 3 15 9 18 19 18 12 8 15 10 18 8 14 13 15 15 16 8 3 12 8 6 13 11 11 13 11 15 17 17 5 15 13 14 19 19 2 17 1 7 8 8 14 3 4 17 12 3 3 2 13 7 19 12 10 2 17 10 14 3 10 4 15 16 18 7 17 12 16 4 18 10 8 13 17 17 18 2 14 16 18 12 17 10 3 1 9 7 10 15 7 5 9 17 13 18 10 2 10 17 13 2 11 4 2 9 17 6 17 13 14 8 7 5 17 19 8 16 14 1 15 15 19 5 18 2 3 1 15 14 2 16 3 7 13 12 14 17 17 11 8 8 7 12 7 10 3 4 15 12 12 14 10 8 11 8 15 10 3 12 3 1 4 4 14 12 5 2 3 17 4 3 2 4 19 4 14 8 3 19 8 16 17 17 19 8 13 10 3 18 19 7 15 17 6 5 11 9 11 3 18 14 2 5 7 1 15 7 11 3 11 14 1 4 5 6 4 5 12 14 16 5 4 7 9 14 15 10 11 1 16 19 7 7 14 3 19 1 17 17 7 11 12 17 1 3 17 6 16 17 16 19 7 8 9 13 5 17 1 15 14 8 15 18 12 2 9 2 1 4 2 16 16 17 2 12 1 16 4 8 4 5 10 19 18 14 7 1 5 11 9 15 13 8 15 9 5 19 2 9 16 2 4 1 12 19 2 10 16 18 15 13 12 6 1 8 10 10 17 2 5 12 11 4 15 15 9 2 2 13 3 3 9 19 6 5 9 16 13 3 13 1 15 6 18 12 10 1 2 7 8 17 9 15 18 3 5 2 19 5 10 19 8 15 19 7 16 4 18 9 7 2 7 7 3 9 2 17 7 5 3 14 19 3 7 12 9 2 17 13 13 5 19 12 18 17 2 4 13 4 6 10 1 9 7 4 1 9 14 3 10 12 9 11 4 11 2 4 7 3 15 3 10 11 16 19 11 7 8 4 5 3 17 10 14 2 5 5 9 4 1 12 11 2 15 16 17 6 3 7 14 2 17 1 16 16 1 13 1 10 18 2 2 3 18 12 14 8 7 18 1 16 2 7 6 8 16 19 13 3 7 2 9 16 9 13 9 4 16 13 8 1 17 12 8 10 11 2 10 2 13 19 15 8 1 2 13 6 16 14 10 11 19 2 2 15 4 7 3 7 17 19 7 17 8 17 11 11 14 11 9 11 19 15 18 17 13 9 7 16 8 18 12 1 4 19 3 8 19 5 5 9 3 11 6 1 11 11 12 13 15 4 1 14 1 13 7 9 16 8 6 16 7 17 10 5 5 14 4 17 17 8 12 12 15 10 8 2 3 17 2 18 7 13 3 5 19 5 2 18 10 16 3 7 18 15 3 18 17 14 8 2 7 14 7 10 19 19 18 12 4 12 8 15 17 19 19 19 4 15 13 18 19 15 17 1 10 15 7 9 19 18 15 13 15 2 18 3 1 12 8 12 5 4 2 5 1 1 19 16 18 15 18 14 8 9 4 5 1 2 4 18 2 11 1 5 9 11 12 1 5 19 2 16 14 6 15 8 8 16 6 6 13 14 8 15 19 3 8 10 8 19 19 18 18 8 6 15 16 3 16 15 9 11 5 8 6 5 3 11 5 10 3 13 7 6 5 8 4 5 14 8 2 3 4 14 9 7 5 5 6 16 17 19 13 10 2 3 3 19 1 14 4 11 18 19 7 12 15 1 9 19 18 11 18 18 3 19 16 16 10 18 18 10 12 12 4 14 4 10 10 16 10 15 11 9 14 2 4 2 1 9 2 7 16 6 12 8 11 12 9 9 7 1 8 7 17 14 17 4 4 9 5 10 8 13 12 15 2 12 13 6 8 16 9 17 3 8 13 2 3 4 16 14 16 2 13 18 9 15 14 12 10 16 5 8 12 7 7 2 8 14 12 9 17 14 8 19 2 12 12 11 17 1 3 16 15 13 19 7 12 9 2 16 6 8 3 9 9 11 12 9 12 5 1 15 6 13 5 17 13 4 8 1 13 18 13 7 4 12 19 7 6 10 15 11 13 17 12 7 12 18 18 7 12 14 2 11 7 13 17 6 4 19 15 17 9 5 5 17 3 1 1 18 14 10 8 12 2 8 13 17 4 4 17 15 2 2 10 16 16 3 17 7 17 7 12 11 12 6 7 6 4 14 2 9 11 9 3 10 8 4 12 4 2 16 19 15 5 17 4 1 14 8 8 19 4 4 2 9 18 9 11 10 2 1 18 14 12 18 18 5 4 17 5 8 16 3 11 9 17 18 16 18 6 5 18 18 6 15 7 15 2 14 1 18 1 19 7 11 6 2 8 12 12 10 14 2 4 6 4 3 11 5 5 18 10 12 15 4 5 1 17 18 4 17 7 9 8 14 10 19 7 3 6 14 5 8 8 1 16 5 16 13 19 7 7 14 6 17 14 5 5 12 6 16 19 8 7 17 12 13 6 11 17 3 11 11 14 9 3 15 7 13 5 13 3 17 12 18 13 17 8 13 7 19 10 10 5 8 9 7 9 12 9 7 11 18 10 13 16 3 14 16 10 11 7 5 18 1 12 10 6 5 2 16 10 13 13 10 3 13 2 5 14 11 3 10 11 12 6 18 5 16 5 17 13 13 14 16 6 17 19 18 12 7 4 3 5 11 19 2 12 17 2 18 5 19 2 12 2 10 15 17 1 4 9 11 15 11 10 8 7 17 4 17 11 19 15 16 2 6 10 19 3 2 12 17 11 15 5 5 8 19 16 9 7 16 7 5 14 19 7 11 15 17 6 17 9 17 4 12 16 11 18 4 3 16 16 16 10 12 11 19 8 4 13 6 15 11 18 6 7 18 11 15 8 12 16 14 9 8 3 10 3 4 9 18 15 10 15 2 6 1 9 3 10 12 16 14 8 18 8 6 1 4 18 7 6 13 6 3 14 4 10 6 18 11 15 6 5 16 8 2 18 6 3 11 6 5 5 5 14 19 2 15 11 9 14 8 18 3 8 15 11 1 11 12 3 9 8 9 19 5 11 1 1 6 12 19 2 14 6 5 8 14 16 3 5 12 19 16 17 4 7 2 1 12 19 13 15 7 18 3 11 17 17 2 15 9 1 19 15 12 19 16 7 14 15 12 15 9 11 16 6 10 7 19 10 11 19 11 11 17 2 3 1 18 7 18 6 2 2 1 16 19 6 17 18 7 15 14 1 13 16 11 16 3 12 3 2 4 3 16 7 5 4 4 4 1 5 14 9 18 12 19 6 2 16 5 13 3 8 18 1 9 2 14 7 3 2 3 10 15 14 13 16 18 1 17 1 13 8 16 18 4 19 2 2 19 9 6 6 3 5 15 9 4 1 10 17 12 16 17 12 18 6 13 4 9 17 18 7 1 14 15 13 19 14 6 17 18 18 13 8 8 8 12 9 2 4 6 16 2 15 16 18 9 2 13 16 5 4 5 5 13 15 10 6 2 10 13 13 9 19 17 3 16 12 7 12 5 14 13 1 17 14 15 4 5 16 6 14 1 11 7 12 11 14 4 18 16 13 2 1 3 18 4 3 15 8 1 4 9 8 15 4 6 14 10 4 11 10 2 13 18 6 17 19 3 14 13 16 15 13 5 11 19 6 9 8 16 4 12 10 11 7 17 7 9 6 13 9 13 6 1 17 13 13 14 13 19 17 5 1 13 16 10 6 10 1 4 15 12 1 5 17 14 17 13 14 19 12 7 16 13 1 5 15 16 16 16 10 11 15 14 7 14 12 4 9 1 13 12 7 14 19 11 3 15 11 4 7 1 13 4 15 14 8 12 18 8 18 13 19 4 1 6 11 5 6 14 9 3 17 17 10 8 18 8 13 19 10 7 4 3 14 19 16 12 3 17 15 15 2 7 17 4 13 10 3 8 5 5 15 12 1 1 7 15 13 15 3 4 12 16 1 13 16 7 10 17 13 12 15 16 8 3 6 19 3 4 13 19 19 18 9 16 12 15 1 4 14 8 3 10 1 7 13 16 6 2 9 11 1 6 15 13 7 9 15 12 8 17 16 12 14 12 18 17 17 3 6 11 3 3 7 4 9 4 9 13 9 7 6 11 10 7 3 14 16 5 13 14 18 12 18 5 9 2 16 16 4 2 19 8 14 2 10 7 7 8 14 8 17 9 7 14 11 11 10 7 14 18 12 15 14 5 5 11 18 4 13 8 8 12 8 1 5 19 13 6 12 1 5 5 4 15 9 8 6 11 7 7 17 1 2 6 10 19 10 10 1 8 5 14 7 8 10 3 12 10 6 6 8 10 13 9 6 16 17 11 18 17 12 16 7 10 11 4 5 7 2 10 4 6 3 11 13 9 16 1 12 14 12 18 16 9 7 3 8 1 5 16 18 1 14 10 8 12 9 18 8 10 6 15 12 2 19 18 5 9 5 9 14 6 16 19 11 5 6 11 6 2 3 18 14 1 14 13 11 18 12 12 18 4 18 19 14 4 15 17 15 15 2 9 14 1 19 16 2 13 14 13 12 7 4 12 19 15 19 5 2 4 2 13 10 16 13 2 7 7 15 12 12 10 15 3 11 5 9 8 4 18 13 2 6 6 18 10 18 11 5 8 11 8 4 18 6 17 16 10 12 7 6 7 16 9 15 18 8 15 7 10 14 10 12 15 6 6 18 2 8 9 16 1 4 15 4 7 3 17 6 3 9 7 16 7 6 7 8 16 7 18 2 13 19 13 11 10 2 11 12 15 7 5 6 5 16 16 10 19 15 19 13 13 2 7 3 10 18 8 18 16 17 5 11 11 13 15 17 1 16 14 4 9 18 4 16 9 9 15 1 4 1 1 5 15 3 7 18 14 13 16 10 6 6 8 4 4 1 9 7 13 8 19 1 12 7 8 7 4 17 1 5 15 9 9 7 12 13 1 10 3 12 1 5 7 8 7 12 9 17 17 8 2 11 18 18 15 7 11 10 10 13 13 17 1 2 2 15 18 14 7 13 4 1 8 3 14 11 13 13 8 2 17 1 7 13 17 9 1 10 9 12 1 10 19 15 8 14 14 12 7 17 15 9 14 12 3 9 11 19 16 8 15 9 7 17 17 4 14 1 1 19 9 8 3 14 12 1 5 11 12 6 10 2 19 12 14 1 4 13 10 19 11 2 6 15 14 3 17 2 16 5 18 5 15 11 1 5 7 11 7 8 19 16 13 17 13 17 18 17 13 13 5 1 1 2 14 11 1 2 10 8 4 8 16 18 3 15 18 13 3 7 8 5 10 11 9 10 4 2 11 6 18 9 11 12 5 7 8 8 7 9 17 9 15 13 18 14 4 16 8 17 6 19 11 4 4 13 15 19 4 7 3 17 9 13 18 15 18 10 11 18 19 12 6 10 6 17 1 3 16 3 8 13 1 14 17 9 10 18 15 5 1 11 19 17 2 7 15 11 12 15 17 13 3 1 10 8 1 10 19 19 14 17 5 17 19 12 16 13 2 14 8 12 7 8 8 19 5 11 15 12 18 5 7 10 19 19 8 8 8 17 1 18 11 12 19 6 15 12 17 14 17 9 9 13 15 4 12 13 7 10 12 1 6 4 15 15 13 9 13 13 9 5 5 4 12 6 18 2 13 8 1 18 5 3 1 4 11 9 18 7 1 2 10 3 7 11 3 13 18 4 14 12 16 5 2 8 3 16 8 1 6 3 8 2 7 1 14 8 5 14 10 18 2 11 13 7 12 4 15 14 6 1 16 13 1 7 19 1 10 15 11 16 17 1 18 4 14 17 19 3 5 8 1 9 13 1 18 5 2 7 16 10 9 1 15 19 5 3 12 8 9 17 7 12 13 15 10 9 15 7 14 10 7 11 12 6 12 12 14 12 19 19 8 12 5 4 14 6 6 3 8 13 17 17 1 11 3 3 19 14 15 3 19 11 9 6 2 15 8 11 17 12 12 17 1 5 1 15 11 16 18 3 19 8 17 2 10 19 16 1 19 11 18 16 6 6 10 12 16 2 7 14 9 17 18 15 17 17 4 19 8 1 
// di
4662 1208 3 1615 6379 1590 2027 6679 7850 18 6219 584 6704 2769 3171 158 1178 5065 8235 8611 3525 5916 5040 3097 5967 4904 1271 7190 1327 8696 7807 8113 7898 8009 8044 4635 7730 1300 6888 4765 4623 8295 8218 7337 6126 4193 3806 8653 2172 4984 3660 2785 7659 5493 3441 7895 4377 5882 3628 4795 7771 7138 5644 6331 5264 3822 7636 4763 8625 4379 6300 4246 3470 967 1476 168 2071 3692 693 4224 8407 6603 717 1405 2215 4757 3421 7114 8085 6982 5404 3885 7401 1810 7422 3855 4589 2979 4549 4719 3677 7083 5386 3350 2971 1894 1131 4520 4532 4546 4258 3820 4691 7907 4481 8878 6220 8989 1523 611 6426 635 5906 3934 1036 240 8709 4990 3782 5629 5480 1134 4314 4022 8397 1837 7486 3432 4077 6547 4148 8623 8519 2572 4457 3408 6822 3160 674 1718 8004 1744 4122 2950 7027 8108 3009 6015 738 7441 1303 3285 8935 5963 7642 6111 8257 1783 365 2369 1476 191 7413 2113 5019 2537 2338 2721 4837 7342 4546 6403 8789 5101 7432 78 5389 4663 1363 1612 757 2604 3041 6392 3663 6618 6126 5079 8578 5802 8763 1802 2815 6277 4889 350 5014 4853 3011 8374 3741 8959 3009 7969 6043 8560 2903 643 2806 801 3598 3108 7756 8900 7232 787 4653 6344 7257 3216 8685 3650 4183 6333 5772 3665 8887 2912 2294 3775 8566 6889 501 4681 4042 3895 8013 6331 4052 1285 4441 1794 5937 2187 3892 6563 3045 7730 4415 5147 8348 8959 2799 4957 6598 5661 4301 3891 3911 6568 6774 1277 1401 6137 3577 4039 5467 8643 4283 364 1942 7396 5746 2056 8326 84 6795 4611 7529 1232 5261 1579 6315 7098 1802 1507 6888 243 2980 4550 8695 544 6766 2600 2183 4999 1335 6162 1467 8365 4642 236 4033 3367 4055 3993 6044 3947 1507 8871 5444 6057 5881 4889 5649 2267 2550 4385 375 2205 6464 1000 8187 8700 504 2687 5288 1596 1899 5307 6912 5493 7590 8071 1516 6949 3777 1776 957 1036 1870 3729 8768 5930 8139 3383 6837 1395 6617 6548 1830 3156 4279 493 7827 1403 6556 718 5454 4696 892 3285 5501 8752 4714 1291 7293 7636 3102 4046 2317 6550 6900 2260 4064 8634 7048 5848 436 3195 5564 8633 1263 6606 5636 7654 3400 4576 3891 6623 8959 7136 6795 949 5309 5666 5157 6113 3467 5969 4037 616 6570 4895 251 1116 8777 8342 2808 5477 2741 969 696 5488 6981 4125 6956 2535 7370 1844 753 6558 4079 2464 3512 3255 3245 3321 2190 8052 8633 2953 536 5673 5519 2893 7419 2163 7061 6955 1788 632 6860 865 3599 8938 5052 1632 4640 4188 1967 641 7062 6878 3072 3687 5222 5536 7801 5164 1028 8979 3226 3948 5416 3718 8965 3218 3873 3189 5521 3467 3868 4566 4386 4832 3944 1630 7767 2453 3726 4175 3932 2750 5446 8495 2368 7097 8215 5724 6582 2126 1628 3157 7887 3054 5362 2458 864 8965 6179 5613 4973 5943 355 5865 8466 2038 7173 1766 4650 2889 1540 7053 3004 5405 5636 7425 7916 2555 8969 4576 1893 6572 5245 7717 3241 6629 1158 1796 6322 748 5590 4470 4666 7109 5194 7905 1038 6854 6072 2775 2754 2741 3551 1879 1617 2972 1906 3922 6790 4317 5548 3896 7248 931 6960 4686 5972 1826 5039 5119 2858 4534 6814 1456 1116 7988 6738 7996 7724 7388 3367 7176 4663 4310 5195 6621 8175 4118 2659 7312 3747 7127 8576 1908 1822 5368 18 6223 2159 5935 6389 7885 2585 6376 6891 1154 8641 760 735 1146 1100 6114 2569 7380 8799 2147 730 359 6825 967 8755 1463 6718 1996 7264 1043 133 3844 192 6492 4773 4960 986 5876 6270 6919 2970 5004 1477 5508 2726 1455 7098 5803 806 6372 2782 4705 4960 2900 7564 779 7901 6790 8823 8575 3778 5523 8229 7017 1187 2318 8606 8177 5515 1533 5951 3366 7993 8747 7771 4672 2880 2002 8150 4245 308 6062 1942 7526 4244 7226 8999 6047 5423 1874 4286 1224 5431 1241 8355 8325 5584 7594 8395 8671 2758 2818 3144 7433 2690 1420 3404 7396 8853 6098 1906 1767 1693 6324 3342 6360 854 5125 318 8574 4887 2781 5595 6360 2399 1160 5469 2070 7518 6564 239 6135 3659 8582 5779 130 2867 8422 6470 4354 800 2646 5250 7529 895 3630 295 7380 2987 5363 5749 1584 4253 1170 8239 5499 1248 7072 7628 62 1158 5133 3112 2161 3864 1183 5490 692 1114 1301 1301 2754 976 5886 6099 5753 6791 1264 1284 1561 6147 5027 2098 2263 6886 5725 5519 7256 2737 1781 320 553 4145 4565 2045 5562 163 1847 7115 7218 2814 1855 4769 2424 2607 7407 4748 6664 7077 5552 1290 3424 5720 6914 7080 4924 4818 8350 1581 5830 6860 4030 784 7353 3701 8251 3708 5059 1589 5998 1929 424 8109 8484 4927 309 7465 7778 8752 2147 4629 2083 3841 8420 8640 3316 5197 8831 6760 8439 8044 1815 3280 3954 8316 2091 5315 4291 1069 1762 1320 3024 5056 3588 3103 4537 3329 7296 1299 5049 885 1251 7313 600 4059 5733 7898 7119 5012 6429 5867 7122 6854 7273 5512 8126 551 2393 4599 3421 5487 8300 851 4084 1398 2714 6590 7113 1176 7826 1882 3555 2575 8160 6906 2239 828 6795 6689 3530 4532 4477 252 2843 3970 7161 8981 3069 2292 7225 7679 8542 6068 8862 14 336 3525 7957 651 3738 1656 2704 542 6670 1773 5572 5989 284 7120 4730 561 2806 3267 999 1588 6859 905 1731 5007 2432 2486 5678 3317 2932 4773 3476 5645 1286 2268 6231 590 3511 8581 8461 4087 5723 2034 2635 6216 8850 1926 884 2417 3884 4790 5180 1384 2798 5156 4373 2507 707 3371 3419 5188 8558 3905 2987 5576 6669 196 648 4090 4036 3845 1132 8147 8818 8567 8926 3254 8224 5497 8051 4435 4790 6401 5859 5686 8641 4611 6543 6347 7535 269 3066 5073 1590 8802 6460 771 2407 7817 7101 6949 7160 8991 7310 4358 2792 5050 2715 2132 6221 5066 8689 3849 3276 6278 8612 3929 6642 8952 7719 6319 2831 175 4595 3980 3825 6947 102 8969 3931 5657 8991 7265 3907 1181 7857 2145 26 2910 1563 8775 725 6567 7162 8929 5122 5544 3630 3347 3971 8880 487 6491 6240 4572 1652 2447 2636 7419 7725 4164 2694 5837 7852 21 4737 4743 7585 8173 8397 7274 6067 3783 3314 8040 403 5484 7354 2917 5833 7156 6288 5272 4103 7852 5999 2086 4771 2729 3989 1745 280 223 4924 3779 1663 30 7886 5743 737 8021 7653 3824 5821 8199 6917 6424 2716 8157 3204 1851 2821 6046 6460 1985 3092 7043 7116 3145 6657 3924 424 6413 1102 6406 2268 7099 6533 7567 3834 7899 1527 2794 3115 2042 5386 4959 8151 328 33 2004 8983 964 889 3837 4206 2245 6022 8708 4624 5874 8596 2063 6911 1467 6443 6879 8944 5704 6448 7189 7355 1547 259 3522 4504 104 4071 7951 1617 3839 8734 621 8939 7353 3625 1420 6202 1078 3851 4355 2596 1087 2848 4581 7389 2340 1217 1876 593 2844 8604 351 8027 7810 7577 5395 3060 7536 8035 1346 8814 4913 3665 4780 4454 4242 1432 3669 2218 6653 8098 7791 8491 510 7627 5386 8030 847 8746 1589 7705 491 5632 1757 1196 7456 472 7860 2117 2985 6763 6452 4034 6687 3154 4118 1078 1910 8671 1499 5456 7594 2980 7233 4234 65 6335 5506 5473 4018 8314 767 8065 5805 1493 2754 3748 2694 2052 2650 5233 6406 5870 8632 4811 758 5473 2561 4074 5810 1133 2270 7699 3189 8561 4048 4106 2097 8572 4417 2962 2734 5231 1673 1118 7241 489 3804 336 8168 31 6588 6692 8617 1496 3293 5393 3837 528 5065 5819 8198 2046 4200 8676 1155 8604 8801 574 8505 183 7402 6154 5200 431 40 1470 4221 1312 1425 8536 8614 1579 8452 2644 6341 3337 473 28 3010 6240 1798 3929 7466 4254 11 7309 6584 4320 3098 807 577 6716 986 8805 780 7789 8609 8475 4607 4588 1562 3413 6228 6422 5396 8944 6425 6191 1491 1250 8098 5040 7782 5168 8334 5859 8211 3119 132 2407 8705 6784 5519 8089 4377 7820 5879 7513 6987 6639 7443 364 1524 2668 5819 6636 4986 8546 3310 3927 6484 2933 6766 2228 6725 4519 1339 6333 1462 3918 871 3209 2582 797 2313 1267 4346 7051 631 6974 3802 2152 7853 1298 1262 5240 5585 1338 336 6402 2977 5122 4379 7279 6627 1963 6158 6836 1069 7687 1765 4795 7276 759 7105 8815 5036 3871 4027 8158 1944 4068 3612 2460 3827 2846 3399 7444 7732 1401 4461 7345 6567 7340 6325 5088 8262 8923 4184 1858 1936 312 4892 1564 4944 1856 7238 3072 1959 1794 6515 2141 3993 2083 3671 4280 5057 6876 807 2555 3237 6959 3995 1514 4744 8152 8912 6513 8428 7627 8754 2013 2560 2937 4263 4358 6749 5097 6205 5576 8043 8727 2853 551 4579 3953 5737 3298 3806 3197 4662 6094 7565 7616 6838 1440 198 8005 8692 6951 7412 6356 2741 7173 6783 1683 6095 2944 8167 5382 3592 3023 2980 4277 3557 4626 3450 1485 6105 7015 1181 5533 5376 7610 2820 8481 1696 8632 6492 3387 4904 6500 8516 536 2663 2042 8660 6023 7022 8785 7919 5981 8814 990 258 1397 4932 8747 5678 917 7849 8399 7106 574 6142 5798 7128 2379 7768 1128 534 6600 7712 1641 1339 4040 2720 701 62 2339 8984 1569 3216 8902 5180 1737 2901 6092 4336 885 8748 8473 8131 6630 6247 227 2295 1441 7811 6694 1763 1021 2775 4535 2691 7734 7754 5561 7669 7375 4136 294 970 1049 8565 2096 5903 2156 6366 2655 7482 6882 6403 8167 5676 6293 1061 2050 3965 7273 4519 3035 6490 6527 713 2174 3261 5929 3353 6019 1305 936 5266 5325 4287 3328 6349 2435 2548 618 8477 3882 3246 4955 8513 2493 8361 2163 4173 8261 830 2473 3011 5172 5325 8967 7857 7445 6490 7648 982 5480 7939 7492 4523 5498 2245 7803 8720 1444 2759 496 3603 4590 5755 7277 4823 4401 1342 1492 5911 7080 8303 3667 4197 701 4265 282 2673 3054 5989 6464 4188 242 1101 7710 14 6263 7110 7985 6227 4381 4882 1998 1798 4768 6469 1296 8720 8416 434 8696 3107 7437 4526 842 4664 3409 1609 4466 1538 1154 942 8588 1051 4864 1468 342 7674 2068 319 2994 1354 2643 993 8200 1406 8318 6413 2599 8772 3168 7078 4326 3558 4120 1963 3571 4417 136 1541 5681 8329 1648 5786 4260 8263 1834 1584 2183 2797 3892 3042 2894 221 4817 7111 7818 1546 4001 5392 5076 708 8476 2824 8788 506 5486 7533 8347 7787 5701 8293 4121 6744 5733 5186 6117 2441 4016 2321 1817 3451 1453 4757 110 781 5274 7026 8847 7062 4329 5514 1765 8402 1277 7220 6931 8636 1288 3459 1741 6279 4222 5577 6202 1660 1396 2861 5839 7747 5425 8483 8388 28 1232 365 3395 8606 8236 8227 3932 7711 3706 7329 1486 671 1455 3371 4969 1944 2587 8680 8906 2957 2039 6565 8728 6520 2980 4973 1602 1150 2225 1805 2561 5405 1317 4125 2055 4081 1769 2225 8786 6929 3951 556 4909 3132 4478 8230 3420 555 1429 7859 8985 6316 578 2176 5612 3885 7313 7114 7456 8744 8407 5980 1438 3010 6948 588 1717 7718 1681 5679 1777 2603 3608 5405 1034 8918 3831 1091 2417 4447 102 585 1696 4314 5254 5745 2727 5574 947 2793 8263 6809 4379 40 7554 26 696 8119 1374 7622 605 7873 5578 7938 8243 8321 4879 5473 77 6555 1533 557 6182 3350 841 3534 8274 3085 6351 250 1917 8542 3688 8763 4548 8196 8636 1318 8929 1314 7752 7159 3881 2279 1399 3720 8175 5924 2705 6620 8751 5332 4374 8515 5581 841 1826 5251 8683 1220 2485 5979 4852 7729 3695 7265 256 1112 163 4713 8245 4351 4013 4554 4793 8698 3162 6755 669 6796 3136 8181 6353 2049 1557 1299 2739 4695 7278 3105 2048 3687 4574 3966 4449 6876 570 6032 6043 8089 7454 3145 8123 752 2331 8163 6360 8076 133 6130 335 3962 3813 913 6174 253 6734 1049 4949 4450 1005 2469 7914 2236 5035 3326 5113 493 3119 7516 709 981 5249 8217 7788 3415 4835 8641 8010 3608 4695 1153 2215 1087 1136 4832 2372 6932 8018 2342 7147 2929 2945 8111 5178 8731 5705 700 6555 7435 7934 3576 2691 8890 2924 695 7179 2497 6184 6842 3188 1072 2094 5048 5710 8950 2858 4848 6585 128 8114 5470 7943 6005 3359 1869 247 4330 6794 6559 1249 4269 6937 1193 401 1848 7594 4658 1538 4045 2928 7961 204 547 6899 7502 1933 1193 1752 5147 1651 5215 8503 5279 6561 8692 3976 8850 1211 5444 8874 2556 178 7279 1412 3152 4362 1438 4836 1676 5367 849 6354 6140 248 4209 4035 4174 7709 4602 4342 6340 5449 8084 8237 7763 7996 6280 2226 1610 7082 6444 2451 3641 8898 3908 6653 2196 1831 1664 6586 4087 2791 2038 6331 8435 8517 70 5801 7871 3399 5729 6751 3418 2545 456 4044 5631 7207 3881 3182 6339 6138 8904 4072 1798 4664 5814 3181 4155 1700 5509 8506 7109 6450 212 4735 8983 5621 7809 3320 2771 2018 1708 7769 2213 8724 5841 2095 4978 3003 8563 8694 3917 2877 3564 6302 7344 2845 5816 3774 1483 6333 1553 8133 7351 1002 6492 4771 1937 3377 1482 5035 8512 7413 294 5101 2301 7394 434 2393 5937 6938 6922 2503 6614 5829 8366 972 544 7770 3984 3690 7235 7617 6928 2950 6813 6029 1822 6358 3905 3508 1948 2818 6463 8965 7647 3678 7789 1609 4409 6025 6931 1807 8331 7182 7678 6026 4342 2459 1766 6119 6539 6307 3537 207 3728 8599 5579 7740 8173 2700 2810 2242 5296 7223 5798 710 7032 2148 346 8477 8163 6769 2842 647 1341 8542 3092 1746 4612 4279 7863 8755 7305 5559 3603 8431 1949 1156 8297 4318 8869 8302 4482 881 8317 1726 7124 3747 8824 929 6680 2572 1309 5507 5388 602 8778 3440 5971 6600 6513 2719 3943 3778 5098 7624 5382 7157 3970 1375 422 1875 6100 7691 5356 5193 6413 2138 6754 1091 7503 730 7390 576 7859 2729 4154 8526 6755 1203 4836 7197 1629 310 5239 263 5076 1396 2385 8072 7346 4616 7426 3002 4440 2773 8366 1224 4522 4930 6856 8740 5450 1996 3484 5496 3817 5653 8941 2248 6568 8809 211 947 2623 2671 7109 5521 6916 5883 3880 1388 1683 8995 3158 5118 5764 6592 2937 2025 593 6251 4346 1789 656 2968 8909 6190 7371 3177 663 7200 4750 5623 2851 6036 7714 7192 8011 7452 4260 5042 6655 6970 852 6934 6279 6989 4864 1755 4587 490 6126 4619 4660 6647 4923 7172 3189 1830 1412 3629 8238 3355 6506 4032 314 5453 8929 8372 3043 8804 2562 6533 8284 8420 1324 7939 2429 2364 7830 191 8659 2744 135 8823 2729 6679 6797 5815 8984 5096 7403 181 8455 7208 5442 3825 5754 4625 5265 5403 6656 2980 5419 8984 4571 6386 123 7685 5365 5264 3812 2093 1283 7877 2975 3670 1802 7321 8090 7170 7659 3286 242 5393 2820 8881 3951 4846 1492 696 1024 6913 731 5084 3239 3671 1130 3486 3984 4597 1644 3699 8989 6819 5975 5680 5203 7585 8017 487 8175 4052 823 2222 52 8269 7038 5395 2393 1168 5083 6457 5872 1241 5523 1615 2756 8051 472 5686 8020 2715 5474 7464 4348 486 8223 7048 8331 4111 1553 6060 298 4209 3574 8028 4360 7566 2412 8905 7730 6336 2657 865 421 8374 1306 2446 3860 7195 8314 1261 7045 3918 8924 7653 7712 6107 1752 8654 6568 6047 834 6783 6226 5543 4467 6734 3044 2512 593 559 7265 3387 8553 6793 8396 3369 5365 3794 5775 7039 5478 5386 1886 540 162 979 108 7723 782 6382 2243 4173 5223 3550 22 4553 6743 4434 2637 8340 1005 1522 197 1286 39 1416 4718 4168 5665 6403 3053 510 6905 361 3096 3988 3019 7189 7643 1214 1553 8525 3099 589 5379 729 1363 6972 2151 4505 246 6566 3056 7494 6031 1034 8389 8110 129 2906 4162 166 7598 1428 8858 8255 7946 8392 7786 6328 5253 7696 6248 2778 1912 2350 6124 1579 908 4940 8658 5592 6829 3859 5351 489 8779 6604 1717 7218 8256 5353 886 7436 5037 2819 4911 1725 4737 3497 3078 8255 1056 2172 4861 273 503 8912 2527 3717 5128 5793 1102 4486 5581 7204 2314 8610 4083 1395 2202 3772 8308 1952 2989 3598 1063 5685 7060 2230 6020 2391 339 4953 991 3257 3660 5314 1280 1354 5081 2703 1831 5163 2766 6579 5846 6711 5022 2259 136 2245 2371 8474 6492 2667 575 5239 5470 3459 4383 8542 6530 4568 545 4799 13 3753 4511 4184 5628 945 8815 1555 856 6133 50 6574 8505 7119 7239 5992 171 474 1923 8018 5953 6693 7959 2751 5918 2667 2350 3999 2716 8939 4434 3495 7828 139 6497 4208 8746 3240 7772 7158 7339 5794 3552 7075 2405 8436 3754 4479 13 3705 8463 3771 6913 7269 4299 6925 3729 5712 1587 635 4062 724 1254 2611 1779 6491 4073 979 4623 7199 7081 5844 4596 3432 3188 3848 1762 4396 4712 2141 6835 6182 5347 2650 3483 104 6442 384 1351 8478 1883 3650 2099 3622 5449 3591 4121 6359 8618 5642 4844 8571 6210 7989 1887 5200 6166 2211 4873 5416 7411 6429 4323 8924 2405 1622 3736 7397 8907 944 4069 2875 7942 8267 3539 7470 3955 8308 3961 1840 3936 4563 5101 7675 7234 489 5947 1204 2316 3534 7450 1706 7779 5580 5004 4480 3800 8161 6151 3453 543 4927 2412 5000 4370 2605 5427 6517 6128 974 6282 7928 412 5636 6682 6168 5973 7361 7693 7290 8758 7790 692 4801 7081 4111 2041 871 7942 6741 7717 3781 2611 8210 2112 2414 4243 6134 6948 8997 3779 1973 3503 7217 6010 3177 2369 829 2770 6524 5996 8109 2181 1948 5370 3164 397 6972 2766 106 7829 4920 5092 5298 6412 7247 7142 7431 7808 1401 7802 4241 5956 6916 1812 7892 6458 6675 8898 2879 7559 3009 781 6319 4660 4938 8385 4064 3361 2704 1889 4688 7592 4979 5854 2599 167 7012 5248 6732 1184 6928 7626 886 7175 5977 3074 6215 1227 8842 4238 5658 4013 50 6907 8740 8446 1144 4559 1049 6574 8012 5341 7734 3314 8587 1841 842 6630 375 685 2265 3 2040 4576 426 5609 8215 7158 1797 4812 3407 8840 1507 7930 352 5110 4311 7757 2361 8419 7836 6880 2406 5187 1901 4392 310 2478 1193 2453 3890 5342 8549 6925 8818 2060 8984 5212 935 4942 5758 8295 5467 6626 5818 2387 2284 7246 1103 1708 5796 7145 4225 1238 160 2050 5355 74 1858 7142 2233 4924 6326 5145 3660 6519 7350 5446 1117 6589 8071 2733 8347 6517 6159 7117 4002 8985 5135 5839 3539 866 6128 5038 6442 4544 5882 4164 6786 865 2754 3750 4635 8962 8630 1581 5538 8082 5898 3849 5527 3946 2932 8506 4931 6439 4299 3314 2667 903 1710 6278 6454 8440 4879 6191 6284 5711 6796 7141 6743 6036 3476 8071 6662 6791 5881 3642 7123 4140 4571 487 134 1422 875 7623 1000 3797 1865 2893 3649 695 4859 8645 4928 8463 6147 5768 1055 37 7099 3614 7271 1566 5589 8584 2529 3985 954 8232 3401 3474 780 1722 3672 2162 7690 8902 4926 3122 6100 6176 6686 2809 5479 5704 158 1782 8842 6011 3381 4826 8396 5599 265 7628 6024 3119 4791 8213 8619 7894 7337 6833 8820 2123 3678 2876 5111 515 5243 2308 4778 8648 635 7498 412 799 2482 838 858 7750 6484 2098 1575 4977 8887 2705 6028 5675 2449 6065 7956 855 2397 4298 4038 7672 5050 6726 6270 8181 6192 5532 7001 5631 2931 616 5618 4502 4586 3372 2689 4979 1489 6834 57 348 8393 2193 6014 5574 1557 4826 7526 8480 8119 3204 3353 3702 3189 5822 3520 4802 5176 8781 6374 1666 1191 2711 5802 6543 5077 4869 635 7656 6209 1219 4763 8379 5602 3474 6561 7253 3867 6649 5634 8580 2361 391 4290 5519 5019 1063 4651 4912 3060 6507 492 8163 6964 6489 7376 2671 2286 4334 4167 1800 1470 6311 5867 1250 5398 89 4903 7233 4292 3836 4250 4732 3408 4714 7723 6219 6367 2799 6984 2940 5228 8103 2533 2601 4596 7927 8911 7456 261 513 3798 7670 6946 8577 6455 3469 1295 6290 6938 499 6795 1316 7162 540 2756 6603 8271 8643 1830 7904 550 4216 5329 5626 7641 2812 801 3555 8537 4964 2572 1623 3850 8334 2248 5557 5413 2910 510 8851 4123 2734 8099 2168 1589 5788 7613 5603 6828 4305 4800 5282 747 4931 8340 3406 8708 298 2258 1394 326 3411 900 8267 8649 2338 1791 2468 2769 8680 1603 5076 6131 2450 4330 2052 1166 6937 5030 7249 4882 1394 7636 4013 8341 5535 7244 49 4586 8159 5729 1126 2617 1528 3192 1731 3480 4030 3192 1148 1017 6685 352 2251 7696 833 2535 8730 2697 7941 4117 8226 1948 3899 3079 1153 4306 1468 8251 5842 7479 1482 7326 8124 4746 5703 6917 4360 3814 5461 1556 4097 1302 2012 8743 497 3282 2038 418 7001 4356 1421 6730 5219 2664 5458 6380 1506 4384 7240 1861 7016 3128 3849 7602 687 7733 5769 7738 4490 4080 5330 6463 2341 8944 8405 5916 8658 7314 4120 7247 5361 7741 3996 2943 8227 6007 2880 7369 3521 1193 5690 799 3561 97 7782 8237 4516 7598 2787 2399 3432 8767 3989 5364 4673 7529 5231 7645 5192 254 537 3116 5034 3363 3996 5296 3704 3553 3403 6538 3090 4757 4285 8449 8332 6127 4289 5719 5243 2237 2383 4192 5806 7535 4368 7914 2839 5890 6747 2394 3985 3394 17 8509 2211 3101 6684 2547 5598 828 3843 5944 4185 3843 6951 3099 3965 6489 4930 7161 2134 8823 4813 3240 7514 1 1705 371 8119 8909 3178 7240 7526 7695 1154 8662 5149 8327 7196 2857 8204 7348 6188 5350 746 494 8181 1895 2592 2659 8119 6504 4855 1558 8572 4978 8194 154 8855 41 7289 4982 6048 920 7985 1045 7591 5825 1459 2023 4910 2594 2826 2794 3697 3125 4889 7196 1604 2909 3398 3548 3158 54 6155 2799 3123 2547 4200 6588 2365 173 1747 4861 2108 3657 4413 7579 5641 4567 5258 7264 5803 2559 4686 6718 8650 1725 8667 6524 5792 7391 4806 1268 4995 1641 8948 7817 6037 2408 8842 8243 1802 7970 8481 1626 7897 3035 5676 4979 6188 6870 870 5372 1006 836 7461 6743 3981 7489 5834 5728 5131 7539 40 4597 1502 5336 4994 6362 4852 4224 6563 1143 3283 743 5357 1812 1172 3139 5120 1824 7022 8950 3687 3725 7112 3893 5536 261 1213 2527 3891 2237 3218 596 1202 4549 8255 5667 7994 4156 5020 2494 2605 1124 7712 605 4196 5449 8058 2911 4026 3695 2697 1532 5778 3219 7260 7604 2011 281 3620 7464 8804 8641 4857 803 3956 4087 464 506 8792 8660 6762 8603 2455 6780 2959 5425 4862 620 4087 1214 2881 2884 6645 2189 6609 702 5749 7258 826 8831 6154 1193 6583 1705 2149 5519 354 1862 348 8345 2121 4387 6196 8237 8048 7231 3910 1784 5473 3479 2516 6795 1037 3969 4328 1813 8677 2077 2158 4312 4596 295 2659 3667 545 1188 6692 59 1072 3550 169 672 7641 8158 8500 5299 4580 5617 2668 5882 1393 6584 6733 2502 5413 2368 6335 6008 3531 170 6028 1790 3705 69 3619 8615 8908 3318 5221 8798 6833 6099 7202 4010 911 6180 4386 3125 3356 5958 6849 3781 6108 542 3932 3020 483 7966 731 5869 5293 6573 5419 5248 6431 4371 7514 4447 5382 8559 7278 6624 8828 1172 7034 3182 8328 1947 2723 6223 3775 4008 4306 5529 203 7084 6066 5504 2200 7941 6109 643 6535 1717 6725 5785 8450 7290 6960 2866 4581 495 7521 6304 1951 5448 1244 3258 4015 3851 6327 6004 7879 5384 8807 7491 4449 1038 4392 3254 6018 4126 8722 1275 5665 8867 8518 3021 4520 1654 6543 6393 8390 1785 5343 313 8404 2449 2236 4855 6476 5661 1134 5099 8687 4403 7530 5502 8439 5000 5747 5351 8546 1335 959 8361 8510 6251 8377 7867 6416 3972 2651 7330 7833 935 3034 1556 4194 2784 5757 2451 6580 1502 973 7134 3509 6070 4885 4654 1006 218 3210 8526 2400 3733 5774 6690 5017 7085 6544 658 6884 8783 820 413 8236 4879 4933 4025 7385 6836 589 2553 4101 7856 285 2616 4958 3431 5436 2654 8918 5430 568 579 3608 4699 5510 8503 951 2170 284 3780 1239 8668 7005 7996 2523 674 8175 4233 2846 2136 7349 3114 1391 2150 2835 5279 5796 4723 2419 4811 419 7947 1365 8193 4250 4248 4778 6432 7027 6709 747 843 4385 1048 1760 2406 62 1301 7880 4266 6193 6706 8045 4082 5633 6054 5386 4866 8731 6271 2168 8303 5608 6174 4178 5562 4310 1465 3730 5169 7008 6091 409 1960 4601 6046 8123 6968 1986 1624 5699 7922 5551 2245 1544 4388 839 4877 6139 7691 4764 5201 5456 7729 2372 8125 6995 3431 1087 5068 6699 4605 6238 2573 5246 2155 7143 5030 30 1183 8747 2860 2306 2714 1877 7487 2017 7540 7010 3599 4564 3855 5396 24 6483 1811 6898 7577 2949 5704 4453 5123 6215 5874 3990 2488 4324 6050 8421 302 1848 828 3620 5498 8220 4253 5658 5111 6964 853 7894 7476 275 2275 6775 5629 1309 883 8499 1872 2566 6189 3196 6837 3164 1545 7422 3479 8675 1364 7695 6661 5993 5590 7705 576 114 507 3698 591 5926 4545 6343 1753 858 1266 4869 3733 4994 713 2067 6628 5948 1445 4419 8422 97 7605 4185 2792 8828 562 989 6955 8297 8271 3449 1964 2586 877 213 8232 4481 1610 6437 4254 4461 6367 663 4857 3177 2116 2388 8665 2247 327 3787 106 797 8806 5357 6265 5176 7636 5793 453 1018 5058 7833 3323 3138 922 8393 3549 208 2621 345 4640 7816 2968 7960 5203 4761 8341 1981 6744 2670 1307 2041 7878 5824 4731 5876 736 4729 1218 6518 1310 7748 6005 7041 3970 3391 4377 3263 1376 8969 6114 842 1615 6299 7423 4279 796 3255 471 7206 2754 6805 2436 5121 3918 3874 2048 8274 2709 7858 5552 4694 8162 8150 760 1132 8868 8665 514 8665 8983 75 5034 2110 7005 7848 6310 6791 1423 7864 5778 5583 1907 2789 8104 257 8575 5178 8355 8284 5319 2880 8781 3226 8032 6259 7579 6782 4096 388 6991 6361 183 2672 381 8454 3413 7845 7414 192 1498 6921 7742 132 1601 896 3310 8972 1689 114 2933 4218 2853 5483 2664 7712 5028 6927 2814 7666 6094 1624 368 4725 4471 7816 4777 618 5810 1305 816 2891 4919 5527 8219 3449 3441 8895 1790 4491 6031 831 2020 5249 3727 3938 7132 7545 3491 125 1370 4571 8706 1777 6955 1583 4255 7060 352 8771 8849 6374 8660 2839 4931 8158 1164 4566 5708 6910 6672 7778 4347 7235 3577 1677 3909 1377 529 3226 4426 3601 4452 6643 4002 1341 3673 5274 2557 7623 689 1400 4376 3295 8451 5221 5947 2535 4491 1972 19 881 7693 6788 8547 7956 1883 8794 8118 6114 3398 8931 6776 6219 210 5363 5730 4614 7012 3775 4801 5521 1375 197 8052 7206 1207 5027 8644 8421 3693 231 3958 4974 1366 6997 7057 372 1921 8786 7100 1690 5970 6880 3139 5975 8985 3053 5121 6235 6147 533 959 7705 510 1452 8951 7671 4305 1720 591 6799 6826 7839 6029 3703 2444 5483 5801 1211 2583 2168 4342 93 6011 7776 1762 5005 2790 7618 7618 426 5992 4493 3505 5841 3935 5284 8426 2133 7236 6062 4231 6458 1361 1064 1614 3706 7130 2132 5882 1124 8559 4142 8001 7302 4189 3683 6100 8339 5401 4720 5276 6240 5484 1166 1532 1080 7910 7718 4073 8177 7543 6479 2801 4160 8583 2406 317 6807 4254 1485 2968 6570 2738 8285 4503 7577 2261 3892 400 2465 4558 2486 5771 8713 1789 6247 342 5842 6939 1044 8127 4082 5596 7514 4201 4383 6566 8800 1755 8065 2317 6630 1682 8574 3717 2215 602 965 5449 1080 2371 3078 8066 3266 2089 3977 7855 4350 4188 196 1645 5083 3714 3632 700 1373 5500 7977 3764 6932 2317 1011 4304 8209 288 7206 8242 1907 6741 2464 7897 6542 6681 7289 3264 1213 7690 548 3771 3159 3459 227 5547 1794 3970 6097 2141 8303 4487 4215 5352 5022 3255 902 1497 1932 1658 5800 354 3625 8348 1049 4381 5154 433 3104 8435 8184 4582 8546 1441 7894 4408 7446 2867 6430 1932 760 5929 1013 2517 4467 164 8925 3971 3031 3596 2829 476 5522 5923 4861 786 6442 5528 3337 7691 6719 284 4299 5336 50 5238 1361 6291 6980 8155 6146 6380 4837 6746 2519 1862 2156 5750 340 2933 8248 2145 7347 1886 8999 1664 7784 6587 6449 7441 1803 3956 5811 1020 5725 8031 5253 4883 6444 3050 7405 8861 3080 8945 5966 2098 2618 2285 4967 2556 3717 3654 8520 8193 8241 7650 468 8136 8524 3124 6048 2836 182 466 5140 6463 5039 3734 2815 278 8440 2972 8814 279 8095 218 7012 6016 2455 832 7075 3341 4856 1572 2376 4956 1211 6342 7467 8588 8173 3397 6912 6879 1114 5775 5828 7311 2686 5751 5885 5581 3150 2752 1217 4484 2143 1631 219 4319 3147 5644 6970 1192 6307 6588 6477 5242 862 6845 8392 6247 655 962 6560 4791 7669 4780 1441 6262 768 2465 5213 795 8031 8058 5528 8737 8708 767 8657 7119 8298 5975 8127 8600 2053 8480 8786 4888 4354 6885 7428 2196 8048 6335 3334 7593 5098 4782 1705 4553 2763 992 7649 5011 5913 2668 6133 5973 228 323 4300 4764 5919 8105 1132 3427 4449 5709 2405 3352 7296 7424 1545 8057 7308 2938 8926 7391 924 5218 3900 6817 6090 8311 8479 6934 8191 3921 5726 5787 4698 8329 2504 8463 7463 7444 5945 4434 2073 5377 3779 6043 8798 587 3975 2891 8076 497 8905 6949 6737 8697 7306 6352 5270 8407 8623 759 7749 4071 8946 924 4659 6906 6250 8887 3047 5375 1126 8970 7356 6471 7232 8687 2610 7616 7340 7730 6033 1066 112 1903 4719 5926 741 4918 4855 125 1571 5050 8950 6656 1424 6704 3233 6561 1576 5309 753 5044 796 6177 852 7773 1699 3785 6725 5093 2966 7730 8019 8271 7818 666 1160 915 5947 6146 4319 1321 4161 5570 638 109 3472 3452 4225 1164 7599 6009 2296 1247 600 7815 3528 4358 8028 6484 6546 2261 8312 1655 1563 6234 5780 5608 2967 1040 6312 4278 8513 427 7364 5367 8481 1467 4079 5300 8556 2073 6288 2203 5489 1690 8726 6037 7563 6122 6226 4377 4820 6002 408 7339 5735 586 1795 7340 21 8611 6251 1649 7637 4668 1507 229 694 6563 5931 7479 7330 5497 3707 215 7854 838 5603 4042 711 5940 2199 5334 4368 4199 1635 7076 7303 3882 5045 5671 4856 7873 7147 465 2372 596 8486 1567 2338 6205 444 7976 3543 2074 6322 5257 208 7498 7603 3261 7451 1490 3867 5223 239 4634 4146 8212 3733 2267 1632 8845 5576 2494 4823 2492 3734 3016 6843 6413 7625 7045 8716 7552 7529 7013 2160 7697 4840 3979 7363 1086 5577 8976 7133 6588 8798 1638 8864 706 7195 4341 108 4481 2616 775 2836 4616 7368 8726 5627 3054 5623 3747 3679 7588 3896 1895 3834 2478 4003 7510 6695 5463 4022 5846 4291 1503 7680 1328 6690 4258 5047 7746 3274 2515 6597 4014 1204 2299 354 445 624 3851 7901 7288 857 651 1152 3769 5931 6331 3623 6860 2706 8195 659 7182 8284 4933 5548 518 4124 434 692 6385 3286 4778 6019 3226 4046 2711 7142 684 2371 2575 8284 6037 5500 7184 4884 6999 1041 4269 3931 5284 2178 202 7610 4853 3034 553 3370 4771 5693 1530 6225 4533 7828 7844 6925 4872 6984 2870 1953 5094 6908 203 6765 5444 3844 6051 3345 4938 5805 8364 791 7741 7506 6872 6885 513 2942 764 8325 2753 1796 4160 4597 2123 5789 3400 8203 3060 908 8010 3853 3411 6630 5433 2602 3982 4253 1137 4780 2689 1414 1033 7389 4233 8208 3829 6449 3295 1736 8174 7386 4079 2691 6564 2653 256 2258 2474 4865 6031 117 1117 3760 7573 7898 3633 2410 3470 5978 5535 1577 6284 1705 444 8446 8649 6112 409 6740 2087 7977 2741 8033 6000 4984 1149 7095 8840 8571 4294 1957 5157 4323 1637 4151 1911 5416 3631 2732 303 8619 2478 3941 4578 7748 7552 4252 8822 5624 4929 782 3266 8562 7800 2581 6140 8008 3750 3639 3666 7687 4131 8969 3449 5826 1148 2530 6877 48 8515 5 7598 4710 6255 851 6133 2893 7235 8250 1794 1247 3009 8122 3429 6121 4147 8770 503 8913 1161 621 8709 7403 8099 2520 7230 1206 6748 6493 8650 7582 4327 5798 2905 4797 8482 3187 7826 1405 6877 4956 1949 3906 8848 6991 8303 449 4509 2836 3041 8526 6319 1485 3987 4051 8707 4698 3230 2801 7595 7356 4500 5406 3807 2747 560 385 4813 59 2953 8838 3110 764 4899 4857 3420 3840 4197 5273 1762 839 1981 4074 4087 7008 2236 2620 2932 4496 756 6842 8244 2812 7299 8582 5503 4855 2842 3366 3233 5216 4056 1037 7255 5945 8453 4850 2288 6869 2454 2626 7313 8010 2150 1711 5548 2238 2167 4396 2015 4155 5242 506 2940 2921 7043 6257 4024 1149 357 7711 1055 2045 7787 4606 8383 216 4899 5471 3920 6489 7786 1149 101 787 5919 5704 3669 5173 6387 852 2652 5069 309 6586 2785 8869 3034 1888 6555 5643 5199 6908 7418 2555 7247 6909 4265 6021 6610 6790 6759 2516 5736 5292 7777 4230 8727 6998 1612 1407 2977 2030 3222 5714 3500 7024 7316 7972 5241 8650 6536 2189 3703 3996 1870 610 3436 2867 4152 5846 7856 1184 8603 4725 1976 6569 3604 8596 8870 6999 3202 6508 205 1409 2251 7285 2807 378 7508 4710 6524 1913 7698 6890 7233 7579 2741 1398 2035 8989 5899 429 7420 5097 4079 5658 136 1488 8025 1927 3133 1961 6547 7757 3425 4271 379 6940 6237 4563 6401 1043 3351 2856 1094 170 6470 4739 6454 3686 5144 4335 40 516 1299 5051 660 7721 1367 6845 5743 1893 4134 5358 6143 2904 4286 8596 1280 7365 7552 1949 6496 1319 2450 5654 2003 6029 892 1526 3427 8294 961 6180 1071 7129 4332 8359 4055 5794 443 4509 3764 2885 575 3093 3880 202 7637 2725 1976 8960 2522 1929 4197 2580 947 4604 1996 628 1625 2502 2577 2936 148 3561 3667 2783 807 8689 4821 864 6311 3625 4407 4576 4408 8379 8679 7021 1576 2345 3155 5230 2922 5179 6698 5809 6103 5071 8098 1541 5053 239 5049 5632 6526 8265 6298 401 7492 6713 8643 2601 2733 3517 8524 3433 5160 8960 4684 266 4895 1412 5681 4506 2068 6843 8647 4898 6036 222 5041 5795 694 1248 8885 790 4782 5823 6023 3795 1116 5771 2144 8473 4290 1530 6286 4776 1722 5775 750 8220 6119 4803 380 8049 6071 714 7633 4316 7900 2560 737 3740 744 6270 4934 274 7576 4054 7272 7349 1985 8446 4901 6504 6744 2979 1752 8995 1099 4513 8158 6107 5345 5138 1676 4064 5987 2426 219 418 2216 5661 6598 2921 6322 4049 3573 3694 4565 4753 3510 797 4296 5564 4015 897 5950 1395 4671 5976 8341 4828 3623 8641 1822 6671 8691 2575 1831 6946 2321 678 6608 7000 204 7602 4587 7896 1374 3425 4544 6703 1704 7233 4720 7212 7598 7994 3429 6558 4547 5076 4968 5245 394 4047 4147 2860 2009 6874 5131 6267 8002 7926 1924 430 2116 7323 8890 5927 3006 1080 2640 6443 1544 6463 7781 5449 322 608 4033 932 6479 8857 2608 1766 871 6672 2628 5013 1572 4208 1691 8503 1045 1823 2527 3546 6948 6779 2367 7580 4780 411 2801 4281 3434 8109 3639 5417 4264 7947 4866 825 3747 2351 2930 363 971 6407 8532 623 2249 5311 6212 8189 3851 7635 7604 4372 5170 770 6116 1699 8124 723 8267 896 516 6197 3369 2866 4020 2502 1712 1825 7490 4799 803 7791 4070 2631 945 8366 4790 6780 5202 6677 2633 2930 7473 3512 3838 4548 6511 6535 511 4572 8702 6417 1093 7214 2484 7869 5837 1163 5946 4667 4244 8609 8574 634 5014 8865 8454 4927 1612 6736 2217 1714 642 5917 6344 7825 6129 6636 5465 8457 6113 518 8839 8482 4158 8496 6876 7007 5279 5762 3135 6149 3938 3653 680 6727 994 2717 3246 2176 1740 1981 290 222 8911 338 616 8126 3564 3309 2244 6184 1933 2745 4985 5608 1460 7958 5747 6129 5615 6196 2452 5433 5819 7233 7960 2130 7653 7718 4954 7307 7299 1295 6872 8153 8473 6070 3518 8479 3197 3502 3966 1613 501 1355 8931 6463 8214 8902 2847 232 6495 8782 966 6564 7858 3299 7572 4609 7979 1388 717 7066 740 2652 3688 2292 1049 3316 279 2839 8377 546 4512 4990 8388 5005 4216 8377 3753 989 23 3689 1841 4650 5461 7403 4637 1376 7146 580 4090 3511 5547 6247 5868 1997 5494 8111 1176 5550 5611 2275 8113 5932 5904 5829 6924 2633 6130 7625 2151 2802 419 7866 8024 2573 2340 6663 2759 6905 6000 3495 2894 8189 400 3965 891 3063 5266 1593 1810 3046 994 6489 1998 5797 4183 2827 3956 2792 4274 6241 4806 4165 6811 8296 1934 2637 8403 6792 5625 5862 7407 2382 5093 8247 4666 6050 4213 1397 5799 8439 645 4832 5078 8588 6909 1391 5438 3155 401 784 2687 893 4075 343 1733 3883 3212 2513 819 789 8215 673 2559 5584 1109 2176 4231 6642 4011 5186 7388 1394 7101 34 1581 6126 7633 4881 108 5940 1583 8243 4069 7779 1608 1283 8550 598 7561 3782 2644 7720 7249 178 3571 2080 5913 4505 280 2060 5100 7941 7216 8110 2552 4789 388 8062 2705 1348 2091 6723 6441 7816 3916 3394 4295 2705 2507 2009 4065 1261 6179 2130 1445 1232 4597 1313 2255 8477 1294 8291 602 3509 3971 4991 340 5571 2468 4325 4842 7581 7308 6418 8099 2996 1495 1738 6966 2230 114 3692 6509 7640 3991 2558 254 7046 1484 5210 3522 8335 3733 2830 3554 6524 5758 7123 8937 7405 8706 7068 642 6977 1405 8785 7579 7538 4648 1006 5548 4451 112 6268 3090 5999 1950 8693 459 4561 7745 2135 944 8881 1657 2262 707 6882 8449 5572 2377 551 6004 918 7289 8549 3973 2239 7081 6157 447 435 7493 8926 8703 2233 7556 7887 5015 5848 176 2709 197 7162 2889 5125 5091 4322 546 1490 8101 4628 3876 297 3422 475 7811 3885 2546 4273 4336 1932 6117 7966 6700 8080 6380 5584 8580 6675 7861 4750 8299 7024 3752 8205 1798 8368 7081 3334 6371 93 5207 5002 5339 298 939 8632 5127 1010 1499 3654 2164 6494 4548 4774 376 8466 589 6431 1999 6343 1077 3336 5599 7203 3982 8003 2459 2031 4828 4680 4651 1552 8666 8320 4087 3845 2630 4940 4890 8413 258 3290 1717 3249 4594 4467 4750 7658 2956 8341 27 5496 6967 2033 2911 1725 5122 795 6966 7362 1708 4153 3894 7163 1675 8125 4411 4248 3723 6231 6429 5722 3872 178 3882 5869 7447 3474 4690 2913 7696 4148 6061 7987 318 1266 340 8239 8620 965 8163 8114 2226 5239 7485 1845 5513 6353 3511 62 7765 2425 7850 4234 3158 2929 1763 1741 5664 8348 7289 6406 8629 2502 6204 976 3167 7814 657 5045 8671 6978 1123 7223 5430 3600 7226 4788 4677 8188 8776 1216 5124 5611 4375 1182 2633 2107 5429 5939 2878 2602 3118 4311 5862 6403 3287 3157 6034 335 1371 8457 2521 1917 1930 967 1603 2828 6421 6039 4382 7938 5402 8123 5839 8583 6422 6875 7002 1353 517 1941 5327 1232 6501 3177 177 397 5612 2607 6518 7056 3650 8739 8718 6493 7665 652 3983 8521 7921 3427 3794 6109 7147 6445 6163 3269 6489 549 1503 4506 7364 8910 7790 8338 2835 5938 3548 6135 1865 4699 315 1758 349 4966 8712 7964 1265 4050 7418 6058 4400 517 2253 1792 3605 4418 282 1555 4846 5074 6008 7855 5666 3020 7881 5876 4930 787 8247 2493 4542 7266 7632 5392 1500 3652 8810 7450 7221 8398 1187 6911 3770 7644 2822 5237 5690 764 2996 4863 8180 1355 4441 67 2939 771 6422 1607 3359 3665 7960 5996 509 3103 6255 2667 318 2995 8943 824 4092 5278 7485 4977 4663 662 854 975 1555 3142 856 7218 4442 2961 6428 489 3024 7868 8518 6121 4952 6485 7053 4936 8906 3651 5746 5370 1060 5245 1191 3709 4235 1851 7732 6821 3303 7750 3766 4261 7931 4468 1489 1784 3256 8629 8040 2424 4554 8190 927 3034 8725 3791 3145 4080 880 8193 1359 6194 4109 8730 1455 5308 6434 517 16 1671 5251 4280 8896 4401 1284 6073 5651 5541 7435 809 6185 8858 2979 4794 6055 4899 322 1597 5111 387 4960 2469 6594 4303 6880 2735 6369 7063 2707 613 5248 173 1118 7943 6585 4718 4410 4157 5719 5251 1137 1734 6764 7918 4213 84 2987 1546 4893 4668 5508 4972 6269 1455 1589 2446 6769 5494 7076 3208 7437 1188 1162 341 890 3998 6582 1342 5334 8451 5003 186 5439 3603 1347 579 8704 7646 8087 5107 6021 8788 8233 8255 1297 1256 8426 8278 7107 8888 2611 7582 3167 6355 2526 1603 2856 3962 4988 5282 8372 2532 764 6890 7161 5758 4286 8300 5667 4460 3141 795 474 2827 8090 2988 6153 7848 496 8429 2881 1833 3527 5277 3676 2502 4368 2715 8998 5069 4009 5226 8315 8859 4596 7865 7913 3253 5616 7625 5202 6884 6800 762 5654 8447 5514 5184 7715 8423 8343 5789 1456 5944 7446 4344 302 1275 8444 7404 7662 895 926 3827 4326 5285 5939 7163 8074 248 5788 2732 999 1750 2229 4657 1705 3219 5776 1484 3186 124 2982 3526 6627 8041 3053 2452 4691 258 8680 8919 5052 6481 7457 7123 6443 1744 6621 2798 1503 3761 756 6100 3646 6615 2089 8701 6899 2747 6378 8151 4292 2846 5456 3600 2116 7598 8682 7222 1604 7746 409 693 5237 6446 1578 6850 7726 1734 2469 3747 7631 1623 3976 7766 4756 476 1201 3687 4877 4282 5789 3449 6218 1010 1942 5515 631 1151 1961 2167 7207 4988 4699 6700 5039 860 5573 4086 459 1806 2100 4077 3505 129 8283 5820 8860 7009 4625 7568 5837 724 7476 712 6192 5489 3110 8754 2511 7055 85 7260 4965 3833 4503 6110 5851 4129 8174 8341 4250 8565 2840 7592 6735 1251 8998 7831 4330 3143 1861 7793 4369 3895 5842 4931 6791 313 8634 2250 4599 3549 5927 2148 4075 5205 6848 5268 839 5179 4990 5020 608 5111 4295 8786 6981 3070 2340 6313 7815 2731 5065 8499 8853 3545 1586 2583 8493 3642 6478 7649 522 2915 1950 1419 3807 4231 7318 1424 3333 5851 2608 7710 7134 264 7038 3684 8918 4240 8420 2442 6280 3213 8545 8663 4549 8701 6542 7882 3234 2394 1602 6268 8843 2872 5727 6253 4559 4437 2534 4515 2796 2789 6999 5260 1786 5967 6724 3475 272 8528 124 6549 5681 6151 5422 7843 567 6847 2078 6654 5626 7090 1345 8946 4323 3650 1325 1167 5349 6453 8226 1477 6816 5489 7454 5963 7772 7114 4697 8160 6778 3258 8632 2584 3206 8874 421 4570 3607 1959 7875 8885 5395 2253 8198 6921 5004 5342 1613 4530 2292 1151 1195 92 2335 2984 5401 8111 4767 7391 8243 5829 8259 215 5164 5420 2883 1575 6761 3452 8429 4699 7103 1424 2556 2495 6085 6609 7829 3744 5921 8305 1397 2593 434 1244 2112 2787 385 6387 1258 5167 8928 1555 8078 2363 4617 8307 3917 2799 6331 5358 1119 7462 8944 1910 7749 3388 3714 1683 3679 1519 2811 595 6119 3301 1777 3731 2916 8208 5369 5633 6390 4137 6852 2296 6690 8193 6368 3461 1521 6548 5275 6025 6629 2337 6740 3454 8631 758 4749 7340 3690 2162 4511 4880 790 6905 1747 5399 5921 1286 971 2302 3451 6889 5728 8006 2239 1006 1615 64 5744 2494 1771 7503 3871 1622 1806 210 521 988 3333 3542 2115 6487 8366 5739 1851 5791 7540 4601 8527 7532 671 4520 8191 8772 3301 4484 4203 7684 3490 2430 8888 6443 5185 6588 8145 819 2798 6095 3320 4372 6342 8735 5653 2008 3895 6979 3845 5074 1453 303 4834 2955 5319 4229 2637 5834 7063 5862 2557 1985 2007 8054 2837 4872 110 1817 1659 808 1465 2831 7602 2792 6617 2053 466 8145 8337 7738 8738 2831 518 5664 4370 4863 5675 5862 5645 3603 6871 4127 2434 2808 2786 8436 8585 2608 1024 7379 6460 3205 8198 8372 5130 1501 4278 138 2995 1861 3168 6686 1776 4817 3594 6826 7081 763 4614 7337 2423 5659 932 4829 586 5439 7518 6223 3425 837 3097 8258 3129 8350 734 252 1028 6568 1008 876 7636 1408 4182 2731 2999 4939 1548 7094 2978 6603 3087 8011 4177 542 2680 7917 6488 5521 8606 6063 1210 6282 6353 1578 4564 3281 5205 2777 2981 7514 4731 8616 4223 249 4154 6349 5987 6050 1454 288 3225 6436 1000 2361 8105 5379 2091 3183 8195 3873 3235 8459 2263 6982 5123 6275 5148 2678 4703 3457 3599 7605 5010 6090 7881 2920 1274 6126 3290 3114 8915 1634 8432 957 781 6825 1653 3377 7448 2184 650 8207 1279 913 683 5871 2512 3702 7998 8213 126 5102 6957 2832 6939 833 8735 480 3644 7303 3967 2231 6133 5205 8009 2926 4070 1817 6310 5378 4385 7941 2916 8403 1466 1908 7296 3912 6000 6886 2601 1477 8451 3713 8126 3102 3142 4206 8394 2094 1415 3406 2792 3517 3436 3934 6387 4684 2869 6363 8109 3511 193 7591 8226 1975 7432 512 7744 7189 3681 1397 2497 8064 8052 7951 2117 4945 1801 5694 1923 4359 1063 224 978 7281 4462 1636 4293 8874 7969 6944 8771 3468 2018 2684 455 2535 5833 945 2084 1257 4358 8235 2340 2367 3152 2459 4436 4652 7979 3435 6051 3465 1459 5226 2165 365 5245 8159 8635 2334 5940 7079 921 417 954 4084 1945 5254 5440 6657 2243 6337 3798 629 4417 918 5156 6270 7391 2370 6139 4144 3319 2582 2864 692 2497 5029 2617 3319 7465 8655 6164 2469 327 218 499 6086 852 8037 218 3782 2887 3090 7749 3055 62 3974 4176 162 7071 6132 6473 8321 5085 6528 1040 1009 5639 437 823 1410 2341 1593 5575 1734 8891 8881 5368 6541 5442 4352 2341 8470 4807 7650 6422 7462 4169 3198 5691 4576 3025 8821 525 2988 7200 5536 793 6606 8536 2345 3458 4385 6374 7055 1967 7636 8152 8994 2986 6309 1438 6360 3885 290 6264 4025 3581 5216 1670 3950 8671 8195 2733 5962 8438 496 8223 6582 17 8804 6338 6094 6140 5954 1945 2220 8211 4675 334 2271 7248 4783 221 6988 6699 4068 4429 605 8914 1663 7119 6536 7502 5891 1555 4220 8551 6391 5210 4701 4968 8511 8527 2076 885 5179 8775 5344 5294 5033 3522 7668 8564 7658 4927 6035 4316 6963 7823 3426 1291 3953 4316 7479 3734 4033 220 368 7163 1448 6084 6775 6723 7984 2661 3364 8887 358 3363 7354 8471 6290 8294 2610 6633 4153 5905 8245 6047 7901 2750 4085 94 6995 3925 7733 7680 8864 6303 8206 1903 2898 2548 883 984 4885 7144 427 2724 7699 5092 1728 6680 7747 821 7875 6692 1999 6796 6107 1485 5718 6547 4256 956 2877 54 3391 8580 1116 2193 6095 7431 6452 994 7943 6501 4239 7004 5185 8470 6026 7442 4030 8847 7000 1477 7318 8932 6188 1613 3207 2261 5748 5801 7615 4591 5101 1604 3842 2010 8163 3866 1767 3928 4671 2906 5342 2951 2786 4634 3029 5337 8693 6762 4893 4845 534 6327 5197 1537 2463 1829 2482 4836 3670 1701 8076 6837 2157 8292 3044 6280 6824 2179 3806 2570 7267 6859 1321 1354 3920 6059 2674 5143 8597 1540 8940 8054 4583 8926 1734 1127 7024 4573 8089 1897 7306 5484 8935 1426 1634 6164 5023 7934 1436 3532 5864 5206 7608 2321 3930 2343 238 2202 3025 6606 7756 5017 8650 1129 1756 8629 4864 3736 6162 2928 7045 6449 8500 544 4277 2771 1478 6813 5821 7212 7212 5481 6539 3179 2640 378 4826 7048 1345 1695 4946 4397 4439 3135 541 7432 4467 3357 6376 2667 427 6611 7082 4519 562 2579 1176 447 7852 6173 8879 914 3416 7884 4728 4487 5330 4802 7144 3270 3935 1758 5083 3474 5163 901 1271 6216 8062 4620 7718 5172 577 4148 6646 6660 2948 3142 2996 594 8748 7088 2870 8927 7782 2933 3300 8463 5094 3320 841 8165 8328 6068 4205 6759 4310 1981 8097 1200 1658 5783 2688 8669 1508 4044 8284 4545 8063 4224 5574 3060 4799 8519 50 7229 51 4245 3103 3242 2615 1993 4167 4100 230 1199 8311 764 1898 3729 6443 5554 1286 6425 3117 7018 1646 1315 3282 6098 8840 8392 1349 4597 7275 2850 2331 7090 6001 8720 4614 971 785 5902 1201 3464 3930 4204 4114 8435 418 5445 2716 4670 2035 2578 8421 4881 7790 8279 7454 6111 479 1399 3207 8497 6383 1468 3441 2251 5610 4670 3773 3995 5938 3429 7932 2784 843 3889 7369 822 6661 8758 2909 886 6465 3737 5829 8194 8671 5556 6972 2690 1257 4191 1804 2961 2948 6958 1891 3284 5479 2259 2709 7150 926 2913 2194 7467 139 8859 2099 3211 6761 7852 4718 7067 2761 340 6359 5158 5867 5014 8859 5088 8733 6324 3085 8579 2167 1052 3076 3739 3993 584 3077 6849 4118 8543 5470 8555 1030 884 7151 2690 4050 4869 5191 5238 195 495 1222 2967 6520 4895 2124 7264 436 3774 7206 1497 8571 3697 7214 1091 3396 6072 653 5568 7799 8607 3532 7326 2901 1398 3008 6318 5353 5842 7393 608 2965 274 3057 839 2435 5974 7777 4149 1271 1563 5111 6377 7007 4006 3326 5198 1314 1927 6267 8767 2812 1339 5843 8809 5987 3729 2447 752 5059 7687 6141 3935 1099 4018 2936 5184 5830 3098 2744 5763 654 6051 3357 33 6177 4549 5774 726 3630 236 1600 94 7090 2118 4752 5950 7188 1295 8028 6600 4062 6904 8110 6461 1478 2103 5918 2106 6653 2025 746 3044 6775 7266 508 4319 8889 6671 6222 5877 4245 5534 8222 2459 4958 3365 2553 3387 5420 5065 6751 2612 4250 2790 5452 5360 5271 2154 2708 5939 8521 2298 7211 1395 8513 461 5589 5305 4074 5781 6682 6705 3496 7667 6425 6030 3065 8792 514 8781 6051 5894 4425 8343 524 2528 5553 6474 8503 4535 1426 4855 8391 4264 7341 3093 4792 6291 7826 2574 600 2717 5703 1598 7251 3548 632 3473 7890 8885 8014 6173 8160 840 5140 5069 465 4452 5030 3838 2539 1569 8682 7625 4872 451 4599 7608 4683 2882 6157 5935 2235 5866 3381 3633 4001 1925 3529 5036 593 5092 3531 4436 30 7837 8721 200 8894 4299 8882 8225 261 6241 168 6194 115 5743 58 4718 3148 564 2964 3953 6993 3041 3802 6339 4373 7288 8064 8194 5535 2157 8719 7958 1281 6248 1783 2056 5211 387 3605 7124 4298 253 5021 4486 3435 1814 5333 216 4732 4265 3661 2630 5180 5991 864 2288 8205 1073 2644 8758 546 6523 665 5953 7024 815 4532 6304 8915 724 6225 2369 1184 5575 3914 3691 4150 4197 4970 5017 5624 3986 7782 6567 416 6041 7121 853 787 5794 7849 3069 3914 8534 1027 6336 5723 3406 6814 1606 557 4553 6126 2795 8903 5708 6291 6678 1160 8183 3156 7829 2123 5485 7923 1022 7676 2390 3506 8290 3633 6481 7857 1864 1571 1194 1367 5213 7953 3136 6639 8941 2122 1869 3372 3382 1215 1127 806 5820 3782 2318 3451 604 7990 6129 4186 5018 1395 4493 3649 6113 5481 8995 8591 6962 4261 4915 1023 7939 4807 2668 5180 8518 3816 5165 7394 6328 6307 475 6866 8343 1671 8072 5480 4453 96 467 7779 2422 7944 7849 7723 6243 8756 7315 4882 6091 4385 7784 5028 1602 8235 1695 4440 1186 2567 5548 6785 4153 225 1290 2938 5192 1035 7749 3484 4446 2131 2700 7429 8861 7157 8601 907 3912 6109 7602 4501 1010 4437 8055 8362 905 6664 1553 7307 1190 6254 7971 2416 570 219 8630 8416 1679 2631 5397 1926 8868 2727 8901 8441 5046 2685 7365 81 5190 2942 6622 8314 5871 7341 7712 2169 2816 4295 6295 3053 8436 2578 7267 6842 5616 6274 8544 8234 3624 2400 6304 7736 3681 6096 5827 3768 7752 8415 8624 7772 8782 8926 6117 7566 5070 5696 2483 8507 153 2650 6864 6362 580 1713 1715 
