// periodic
// number of jobs
1
// pi
70
// Cycle
100
// aperiodic
// number of jobs
10000
// pi
21 23 34 39 40 5 34 53 1 34 44 2 50 30 57 45 7 11 7 35 31 54 7 40 29 54 35 59 4 34 13 56 23 13 27 8 52 20 52 9 44 51 51 4 7 28 39 16 17 18 6 42 11 25 2 56 33 18 55 35 38 42 23 35 9 18 6 4 17 29 10 40 44 4 5 4 47 31 51 51 50 38 13 51 7 54 11 21 5 54 42 41 38 5 7 43 56 24 3 33 21 54 18 22 13 8 48 24 18 34 12 37 26 19 36 5 8 28 46 55 27 24 40 30 53 26 21 43 38 28 54 43 57 2 10 16 12 51 31 13 7 57 54 14 35 48 6 35 31 32 2 28 11 40 35 5 18 48 16 14 5 52 15 20 37 2 43 1 55 28 12 4 3 59 40 46 46 28 28 35 23 16 21 48 48 10 7 21 34 8 26 42 13 23 57 16 2 4 1 54 2 57 13 29 48 20 41 59 5 27 48 37 42 26 48 30 50 9 19 25 36 33 16 34 35 12 6 35 39 36 23 50 36 3 16 17 22 36 35 34 4 56 32 1 3 29 41 40 35 20 9 19 53 47 41 21 57 55 9 52 10 52 20 38 55 34 37 28 43 24 29 52 22 58 54 9 51 7 2 5 24 24 58 1 14 44 32 8 17 5 24 57 6 59 27 51 12 45 1 56 15 8 52 28 15 48 28 45 26 55 33 46 29 11 22 54 27 57 19 52 58 24 29 8 32 39 32 39 5 50 54 52 50 6 45 35 10 1 49 38 25 44 21 33 20 18 27 47 52 19 11 40 44 43 15 39 24 22 24 57 37 28 37 31 46 56 29 47 16 59 30 4 2 19 59 48 59 42 20 45 46 6 18 49 37 22 24 42 34 17 37 48 52 35 22 9 18 33 46 21 56 57 11 23 31 37 6 58 16 19 30 50 15 47 37 49 5 35 35 31 55 59 34 10 27 8 20 29 46 25 6 10 43 38 7 2 58 28 29 4 32 27 49 38 4 57 31 28 37 17 31 57 53 20 30 4 3 38 36 57 41 19 30 25 23 52 25 19 17 9 29 36 8 21 10 4 47 42 15 13 28 16 54 41 22 3 35 25 19 13 24 54 35 41 2 13 55 24 56 20 35 1 1 42 43 24 9 16 13 54 50 39 49 30 44 37 13 24 7 58 53 58 30 29 29 34 12 11 20 33 13 28 51 32 57 12 50 26 19 16 36 2 18 58 29 49 53 1 26 53 31 2 50 14 29 31 13 56 32 46 10 51 59 21 24 2 7 39 47 49 2 31 38 47 52 31 22 31 14 33 9 43 19 26 22 31 55 30 24 16 50 6 32 45 54 25 21 32 54 41 51 51 9 37 49 32 42 18 53 21 52 55 56 25 42 24 53 36 32 30 18 29 41 4 3 29 21 36 26 19 5 40 59 18 7 54 42 51 30 4 14 17 37 34 32 54 43 44 44 17 5 42 28 59 29 43 43 31 28 48 1 42 2 42 26 22 13 24 31 6 12 23 33 9 18 40 23 7 34 53 3 7 59 38 51 33 33 58 51 56 47 25 6 20 4 59 16 31 20 48 14 47 59 48 34 25 44 34 39 48 18 5 23 8 56 53 31 38 27 50 18 23 57 47 5 22 28 16 31 17 47 16 2 50 12 22 4 42 18 55 59 2 15 54 46 25 47 44 38 8 8 42 59 24 27 59 50 16 15 8 23 20 25 57 7 13 28 32 36 31 54 48 39 59 17 45 35 35 40 36 53 4 36 32 10 59 2 25 8 32 52 20 56 21 29 3 2 3 43 4 41 20 15 44 11 3 51 25 50 28 18 28 52 48 22 25 19 40 32 24 59 3 55 40 50 26 54 52 35 17 22 15 23 13 20 34 42 58 31 11 5 23 41 52 50 32 39 44 43 44 2 57 6 53 56 54 11 9 47 39 17 44 8 35 56 55 4 56 47 58 20 12 21 49 1 4 1 34 23 58 23 8 39 41 34 30 13 22 28 23 45 28 41 24 12 36 52 18 39 51 4 56 15 56 12 29 21 30 57 19 7 12 33 34 44 25 44 5 11 34 10 35 22 56 43 29 47 21 49 56 37 47 18 30 33 27 47 24 26 23 2 19 45 30 35 20 58 50 41 28 7 43 51 58 13 16 3 55 32 46 47 54 53 42 40 7 54 20 31 51 33 4 6 21 36 32 24 34 13 22 9 20 13 6 37 5 46 56 30 25 52 8 41 33 2 56 25 5 2 18 30 20 14 59 25 50 37 2 7 55 57 13 16 39 50 47 29 57 37 48 41 44 42 56 9 49 49 9 20 32 45 42 10 41 14 9 27 27 57 58 9 59 22 8 14 54 4 20 53 4 36 37 29 45 19 26 25 16 19 33 48 11 5 46 49 51 16 1 18 59 9 32 45 49 37 5 30 43 4 49 16 16 34 12 31 58 32 27 32 38 59 13 56 4 27 30 4 32 6 27 31 19 55 45 31 16 23 56 29 27 25 35 6 29 1 15 21 46 13 16 44 43 34 58 24 42 24 22 39 14 48 44 37 5 57 20 48 25 40 8 40 23 8 50 59 46 30 11 43 30 35 56 3 12 23 46 11 50 11 19 46 54 53 12 5 55 8 55 35 48 26 40 48 8 55 39 24 8 7 7 39 38 15 46 19 17 14 38 14 58 51 11 30 15 8 41 31 53 51 33 15 38 42 58 3 56 41 18 47 28 16 32 42 34 57 13 59 44 26 33 50 25 54 56 41 43 40 20 44 44 52 33 59 56 44 54 10 35 25 1 15 13 45 16 29 36 9 13 48 20 33 58 27 23 47 34 15 59 12 10 23 20 6 48 23 21 3 50 23 3 2 25 18 52 9 25 4 19 53 1 5 22 12 14 33 59 58 28 21 15 30 42 7 37 26 12 9 17 43 58 6 44 49 20 22 16 33 33 26 50 21 4 13 42 17 24 48 4 40 16 29 43 39 27 55 32 48 46 3 4 23 30 24 53 36 6 31 1 10 29 42 6 1 27 43 50 16 48 17 23 45 20 46 41 27 47 20 39 21 7 25 40 56 22 18 1 53 41 38 45 23 35 47 1 59 35 48 48 31 36 39 53 4 12 54 23 29 25 17 45 53 14 18 27 35 42 35 52 25 54 38 58 35 26 19 28 40 16 25 38 49 26 34 6 33 43 52 16 57 35 7 23 28 42 27 11 28 31 19 9 1 48 22 4 21 26 21 45 41 42 44 43 21 2 4 20 59 53 48 48 48 36 57 9 23 10 9 25 28 55 44 31 40 11 50 12 46 52 34 7 20 55 5 24 48 5 45 22 58 55 54 16 51 41 15 58 51 37 32 31 9 29 23 56 29 22 52 14 54 5 53 28 43 19 19 2 8 13 23 4 37 17 20 9 36 21 48 58 25 47 5 45 52 57 15 9 29 48 15 46 49 45 18 37 48 58 49 17 16 42 53 4 49 20 24 43 48 14 43 25 10 19 40 55 14 30 41 11 31 39 48 58 28 20 12 21 49 53 2 57 50 26 23 41 51 44 6 13 57 9 57 1 25 17 51 42 2 25 31 24 12 35 32 52 28 16 43 33 37 1 56 13 43 17 43 57 17 21 9 6 55 27 41 43 22 32 56 8 44 29 37 13 17 44 12 27 8 59 26 31 59 54 21 8 21 39 33 38 12 10 32 13 57 58 46 11 32 7 26 40 7 38 15 35 35 44 55 37 15 18 32 24 33 13 37 52 5 40 23 42 10 48 32 44 49 6 28 59 45 53 49 34 7 10 8 5 1 46 38 38 3 51 34 26 42 51 11 48 10 47 58 30 51 13 48 46 3 13 7 14 3 13 22 23 31 21 19 35 28 51 52 26 23 23 19 48 36 57 20 5 18 9 50 7 4 13 4 58 17 50 57 26 28 35 35 19 23 10 21 31 52 45 41 40 19 43 29 3 7 10 56 6 19 28 55 11 47 45 22 44 48 53 48 48 34 47 33 2 8 31 52 20 5 10 11 35 12 58 1 5 33 27 23 5 5 19 28 12 21 34 16 26 33 11 28 26 36 43 5 18 16 41 11 22 33 39 45 8 30 25 30 34 55 33 49 27 18 57 35 54 38 10 44 45 20 45 59 7 29 12 55 59 18 15 42 51 25 32 38 44 13 9 13 48 12 22 24 10 54 19 9 23 42 3 14 1 15 43 50 15 2 6 12 15 3 35 29 2 21 21 32 43 12 8 1 7 12 8 21 8 38 55 23 20 8 54 38 43 33 39 31 40 10 34 54 20 27 23 55 7 56 25 50 57 49 52 6 45 43 17 4 34 8 46 32 2 23 23 25 3 12 16 28 12 41 40 26 2 26 55 57 24 16 18 56 22 57 12 20 25 41 43 8 45 8 49 14 12 4 34 13 37 45 19 25 22 41 40 52 6 36 33 52 55 47 9 10 12 3 6 18 2 26 18 8 7 51 30 28 18 56 31 10 27 52 48 33 58 37 39 23 57 55 47 54 14 53 22 11 54 42 31 14 21 4 55 29 1 59 13 38 2 4 41 7 23 29 56 30 31 4 45 32 24 21 58 38 43 34 10 2 38 43 49 2 31 17 25 39 34 28 45 28 46 7 41 15 12 17 21 6 9 8 11 19 30 8 47 56 1 54 55 4 9 9 11 34 9 27 13 41 34 56 26 5 43 15 30 40 23 54 1 56 14 56 51 46 6 7 30 41 20 35 49 51 26 35 26 37 29 21 47 20 22 22 2 38 26 8 18 59 39 15 28 22 45 21 41 29 28 37 40 49 5 20 1 21 31 43 41 52 13 43 17 32 38 2 18 1 22 36 58 7 53 48 13 10 50 9 20 36 27 46 36 17 14 36 54 3 10 37 3 52 43 37 29 23 7 7 43 37 52 42 43 27 6 17 26 34 39 25 55 29 52 59 7 35 19 41 15 32 41 46 50 45 15 22 43 53 8 27 40 26 3 56 34 46 53 16 36 46 14 28 9 35 59 32 47 55 26 5 34 37 49 8 35 46 48 55 38 34 43 29 40 33 2 20 56 17 7 11 39 35 31 19 26 41 28 5 15 57 34 35 5 12 31 31 38 33 8 19 41 23 9 27 24 20 23 28 21 53 15 26 3 45 14 23 37 24 44 16 11 24 30 53 1 1 12 50 48 53 32 33 37 33 19 42 36 43 41 44 55 49 13 24 58 8 5 19 20 25 7 40 18 43 5 42 10 35 18 23 17 59 56 15 30 14 7 57 14 32 10 51 28 43 3 34 18 9 32 45 35 44 17 58 29 13 5 15 43 49 47 59 28 1 56 40 57 10 40 49 58 19 27 23 15 16 21 1 3 45 51 27 20 25 1 2 39 14 42 45 2 36 44 20 11 12 31 42 16 38 47 19 35 8 38 58 23 49 53 14 12 6 9 52 32 19 51 3 16 25 19 52 58 37 35 16 15 17 26 50 1 2 32 41 37 5 10 6 27 34 39 7 25 11 1 54 57 18 55 26 30 42 28 52 16 10 35 50 6 9 59 55 11 36 54 34 6 58 27 46 38 40 35 52 32 43 48 37 4 51 49 9 10 21 17 55 38 24 26 15 25 36 14 34 52 49 15 16 8 40 13 37 44 50 10 44 52 8 18 6 56 53 31 54 32 51 16 19 38 21 16 14 26 23 32 7 23 5 22 2 24 31 49 40 17 44 11 43 46 9 19 30 2 43 26 38 18 18 54 38 47 58 37 11 17 18 50 36 44 11 7 48 31 19 18 53 12 27 14 12 33 23 11 12 32 47 58 17 12 36 47 46 46 39 34 12 56 31 12 41 36 1 12 26 25 13 49 9 56 9 45 21 31 27 12 48 24 26 50 33 47 31 9 48 9 3 15 8 53 31 55 36 25 41 40 52 12 13 9 50 56 54 1 6 28 40 12 46 45 1 32 15 57 33 39 36 14 25 11 25 11 8 39 39 57 49 31 25 40 51 10 30 13 29 15 8 46 40 30 6 26 6 29 13 44 58 27 15 39 12 35 36 19 28 48 46 6 59 38 57 15 6 24 56 18 52 2 55 38 54 36 46 52 14 11 30 50 8 38 31 52 32 45 54 13 5 19 42 1 14 13 1 7 21 41 26 46 35 24 44 21 36 51 17 30 24 28 26 3 28 9 36 29 51 6 55 40 24 52 25 28 26 28 12 45 58 28 16 10 7 56 54 48 4 35 19 53 52 28 25 46 41 37 57 41 38 58 12 47 31 22 14 28 34 6 37 26 16 38 11 35 20 37 55 2 41 7 27 21 30 23 10 48 1 11 59 43 30 44 43 35 57 56 52 17 41 47 46 7 57 43 2 24 46 19 22 28 17 27 42 4 7 40 12 41 10 40 16 10 34 43 14 20 9 2 7 25 32 13 53 30 16 10 2 16 47 58 40 55 12 54 38 3 7 11 7 32 21 25 33 39 15 3 56 6 53 5 39 27 10 51 59 34 49 53 29 29 36 39 55 32 40 45 25 24 47 20 16 30 1 35 26 56 43 5 5 14 20 42 10 4 17 30 12 44 54 57 25 31 7 27 58 52 40 47 24 17 39 37 33 29 53 42 41 9 31 20 3 26 15 46 54 11 23 2 34 53 11 5 25 33 18 42 35 52 54 54 36 47 37 52 4 8 11 35 24 43 45 56 29 40 12 30 42 6 37 30 37 41 18 29 28 48 2 21 49 30 29 37 26 28 3 59 21 30 46 18 36 13 47 15 52 42 45 50 39 58 11 24 13 24 23 26 27 27 32 37 47 17 32 53 37 29 22 15 47 58 55 30 38 55 28 36 55 59 45 55 50 13 13 59 43 23 35 9 24 34 14 26 13 14 9 33 9 10 4 39 13 14 39 23 40 7 58 24 11 21 49 12 44 36 41 59 58 22 3 46 8 15 3 49 45 7 10 20 51 32 10 11 18 2 51 52 21 23 17 16 32 29 7 26 16 41 2 46 30 55 16 39 26 5 50 26 18 24 14 18 17 26 12 58 45 20 12 56 15 13 25 48 30 18 50 33 15 35 10 11 25 41 25 26 50 35 12 26 37 11 33 23 11 21 25 58 34 6 31 9 17 50 1 39 19 27 10 16 18 52 31 52 48 33 54 7 54 55 30 22 2 55 36 47 22 15 40 26 12 37 46 57 27 26 30 26 3 43 19 25 58 2 12 43 20 45 7 8 13 59 54 20 34 46 25 30 40 40 59 45 30 36 46 14 22 28 34 46 35 17 6 44 7 59 35 57 9 47 42 47 6 36 54 15 52 21 56 13 44 58 41 39 58 52 9 58 44 8 53 55 38 57 4 5 26 7 12 19 18 9 15 37 59 31 42 37 29 2 37 32 44 55 34 38 43 27 30 21 1 2 41 49 44 7 59 10 30 32 45 25 36 31 3 41 23 30 31 40 40 57 6 29 53 33 55 15 37 9 8 35 36 45 59 21 13 7 45 7 16 5 28 59 47 23 35 9 10 34 18 32 27 7 38 51 7 27 16 35 38 23 45 37 18 47 51 14 19 42 6 47 50 31 15 33 6 43 42 5 7 13 29 55 6 59 19 2 1 23 58 34 43 53 59 24 47 9 46 21 49 19 25 19 46 41 18 27 12 48 35 41 37 37 35 39 47 40 39 35 43 36 38 18 20 6 29 25 58 51 46 24 46 38 52 5 26 9 34 47 23 48 19 56 9 45 47 46 31 36 55 56 39 7 50 5 36 29 53 59 51 28 10 58 14 27 29 10 16 4 44 31 4 51 19 51 9 23 55 13 10 56 33 40 41 42 25 6 53 46 8 52 18 23 54 50 18 1 26 28 30 31 55 17 33 39 15 54 4 27 48 37 24 33 54 31 50 17 5 56 15 34 25 36 14 47 46 14 20 26 8 35 29 17 58 42 17 41 14 54 11 39 26 13 37 47 56 7 27 17 52 36 11 39 38 55 3 43 38 28 59 32 26 53 55 55 39 29 38 13 43 4 3 6 19 35 2 18 36 9 51 58 45 28 39 47 56 34 18 20 10 6 41 24 30 47 20 19 28 14 11 5 8 17 22 37 52 59 56 48 44 4 50 46 56 7 27 44 27 48 5 24 31 29 49 42 42 16 59 47 25 50 5 55 18 13 36 26 50 46 6 10 43 33 55 2 43 31 41 47 20 28 43 56 22 55 37 46 59 31 44 38 26 59 44 14 52 5 21 54 16 3 49 39 34 6 43 31 17 37 46 26 42 23 53 44 25 51 25 35 28 42 28 43 3 26 12 15 20 3 30 48 34 47 2 37 36 53 45 46 53 46 51 22 53 30 51 30 47 50 39 33 12 40 27 58 16 1 34 29 20 59 19 22 1 1 40 44 58 7 11 44 56 26 57 5 9 23 5 25 23 58 5 51 28 32 30 47 48 34 16 49 47 42 55 47 20 31 22 35 17 50 47 7 39 58 41 33 2 5 51 14 35 37 45 10 19 8 46 38 51 40 57 35 24 23 3 50 42 45 4 16 55 21 44 17 30 42 27 26 57 9 31 41 29 56 16 4 12 17 30 25 16 43 34 16 59 9 55 51 44 36 16 30 39 44 4 5 35 13 10 36 45 56 30 32 49 45 7 1 23 20 7 19 29 13 53 20 6 13 55 28 36 5 1 7 29 41 21 50 34 43 37 8 40 25 39 27 36 20 3 42 54 51 52 29 35 29 17 58 5 44 37 25 30 54 18 7 28 38 48 46 14 6 28 42 5 18 23 13 5 56 15 50 12 49 25 52 15 16 23 28 26 28 22 30 30 56 13 19 24 58 59 12 48 28 54 52 5 21 54 32 8 27 16 33 26 6 6 16 25 37 21 57 55 58 3 36 47 11 31 13 48 6 19 51 59 22 52 57 38 10 4 44 33 4 12 25 46 46 27 20 16 5 2 55 27 41 59 35 17 43 22 5 40 46 5 59 45 14 49 51 32 56 26 26 52 48 53 37 36 10 18 26 33 56 12 22 45 26 19 34 44 33 12 10 50 19 50 44 17 35 19 35 36 30 55 38 41 25 3 45 59 35 53 56 17 24 31 3 15 13 53 30 58 10 25 8 31 10 10 36 6 23 44 17 32 54 25 56 47 16 58 13 1 9 23 16 44 7 6 14 26 9 16 57 32 52 40 13 31 32 13 50 25 56 20 45 41 40 57 13 3 35 43 58 47 34 41 11 28 33 23 8 13 54 18 32 45 22 26 48 30 32 37 26 54 5 15 3 57 45 9 52 53 31 55 18 30 51 20 18 12 45 28 47 5 7 37 35 28 16 30 46 6 27 28 9 27 21 25 21 21 8 35 13 30 22 40 7 43 24 29 42 59 40 10 16 55 43 7 3 50 5 28 23 51 27 5 45 37 59 32 17 22 7 32 8 3 15 39 24 42 19 43 5 12 14 19 35 46 14 27 22 17 58 5 7 10 38 15 32 52 37 24 14 39 34 25 52 32 42 48 30 41 9 17 18 12 39 15 5 24 47 56 29 43 14 56 51 51 13 41 18 55 8 40 8 4 22 42 5 11 17 14 39 47 41 7 36 34 49 20 22 16 37 25 29 18 35 5 55 4 41 25 48 57 58 2 24 11 18 29 46 22 45 13 18 55 7 35 54 57 59 6 48 42 35 44 14 6 25 58 48 23 22 51 8 35 26 29 46 25 54 2 43 17 39 41 25 59 3 53 15 4 25 45 11 48 22 21 52 12 58 56 10 48 29 52 11 17 41 50 23 50 6 42 59 1 53 49 55 8 54 42 10 3 17 24 4 43 41 48 34 23 43 49 24 35 18 56 56 48 12 31 57 8 55 17 39 22 30 9 38 37 26 33 26 6 23 7 1 1 45 33 31 35 19 51 26 40 29 49 59 54 22 52 42 44 38 54 15 3 45 56 35 43 52 13 35 54 52 45 17 32 50 9 23 45 16 2 54 23 50 3 34 36 21 6 25 6 1 46 50 21 19 19 18 8 35 38 15 47 13 33 26 46 42 3 59 48 48 59 26 26 54 2 44 12 18 15 52 1 41 20 34 34 22 40 40 24 52 10 34 14 47 49 17 23 30 6 6 43 4 59 38 17 5 25 41 38 46 27 16 43 39 6 26 7 8 14 31 14 38 32 56 54 19 11 28 54 8 5 48 37 48 48 42 23 44 57 34 38 9 9 40 56 32 6 16 19 25 7 10 56 26 11 48 52 19 8 1 21 54 20 56 46 3 3 32 49 38 23 6 10 53 22 33 38 51 9 10 31 7 48 23 19 29 20 16 49 24 26 40 8 17 41 7 46 10 51 23 16 54 13 57 40 44 53 21 40 31 42 55 4 54 27 32 23 13 7 25 38 14 12 43 43 55 46 6 5 31 49 12 4 44 19 48 23 59 56 44 10 1 58 37 43 37 28 35 29 48 38 41 14 29 33 8 18 56 14 45 30 4 51 40 24 27 57 30 17 39 36 36 14 40 40 54 55 56 46 54 3 12 29 58 17 16 28 17 1 5 17 15 44 53 35 6 43 22 48 12 13 7 57 29 16 48 11 34 33 7 32 9 3 40 50 48 49 4 39 50 32 11 29 7 58 13 12 41 36 17 56 32 36 26 3 4 33 37 28 2 49 6 30 15 39 54 4 51 46 23 50 13 56 54 40 15 40 27 52 53 30 7 48 25 40 40 2 32 46 5 18 21 1 48 59 57 4 20 10 58 4 15 57 52 43 39 27 40 53 57 30 47 8 49 20 10 15 54 9 4 15 44 51 22 55 4 7 17 23 26 42 12 44 42 13 23 52 47 7 24 21 22 53 57 7 26 47 45 3 10 21 42 36 6 49 13 4 58 36 9 50 14 43 58 36 43 52 49 46 58 9 22 20 7 20 12 25 17 49 46 11 36 47 20 30 8 33 10 24 55 3 51 17 31 18 27 26 58 6 6 12 11 2 48 45 50 2 36 42 50 51 39 38 14 52 2 11 13 13 47 56 48 12 49 39 13 8 4 31 59 44 9 50 11 32 42 37 53 49 7 38 25 30 50 14 9 8 19 27 10 45 42 7 27 22 27 17 47 19 12 21 24 22 8 30 28 20 16 2 18 19 47 15 48 27 40 46 25 34 24 12 21 35 45 22 18 16 58 12 26 35 9 21 12 32 18 28 48 51 1 27 8 1 34 52 55 15 28 24 13 45 51 32 17 37 37 12 56 46 32 12 10 40 36 45 29 49 33 20 22 40 56 19 22 30 3 1 38 6 44 22 18 46 33 43 22 9 52 9 34 10 26 40 32 4 6 1 37 9 11 14 57 2 37 34 24 45 51 18 40 49 48 57 4 27 7 40 51 27 42 50 33 6 6 45 49 3 21 50 27 7 35 2 59 9 10 59 48 52 24 19 53 29 23 16 55 30 13 27 45 56 43 22 43 8 24 36 56 1 38 37 5 29 31 53 18 33 10 57 17 23 49 44 27 43 50 42 43 49 26 56 58 13 19 52 34 36 12 9 56 56 13 34 26 45 35 53 9 53 29 35 38 30 47 19 55 2 5 17 42 34 20 6 15 42 54 51 6 47 13 1 3 24 4 11 53 56 22 33 27 3 26 12 46 31 40 35 1 28 37 45 11 23 14 59 16 51 13 18 36 47 47 22 24 41 6 19 25 23 25 57 5 34 10 35 37 31 13 55 54 15 36 24 54 3 45 18 54 29 12 40 53 1 59 34 3 10 49 21 55 21 2 40 59 32 16 48 58 22 5 40 16 13 37 3 27 45 39 45 48 14 24 33 20 37 48 13 52 48 49 7 44 52 52 55 36 20 51 45 37 48 20 10 57 34 2 15 45 53 15 36 27 3 48 55 8 48 55 43 28 55 35 19 40 37 36 27 28 15 30 38 17 53 5 27 48 9 27 42 7 16 8 11 58 52 11 14 36 28 42 7 20 42 54 58 55 56 13 36 36 9 52 21 40 22 19 6 17 32 3 37 24 52 40 51 30 30 7 35 37 23 22 45 22 15 45 35 26 36 56 50 28 29 12 57 2 25 45 49 32 30 30 42 20 2 26 39 6 50 39 19 31 30 57 57 43 35 4 47 25 43 17 52 34 2 27 57 36 32 34 1 32 8 46 2 6 49 15 53 6 52 42 23 3 31 46 23 15 12 35 14 15 41 36 19 25 27 3 40 19 36 44 8 25 18 27 22 2 47 10 22 58 59 9 25 21 16 30 37 33 43 17 27 51 38 44 36 55 23 20 14 26 7 48 36 49 48 9 10 32 37 23 9 13 21 7 19 30 27 1 39 28 7 54 38 25 49 12 58 8 27 21 2 20 56 40 10 49 45 7 49 44 20 57 8 34 20 21 53 12 4 12 12 34 5 30 35 35 6 34 44 48 38 53 23 6 48 10 48 16 32 17 15 30 39 8 9 54 5 3 44 1 38 22 5 11 19 20 46 1 19 53 20 42 22 3 9 54 11 38 2 3 16 55 47 51 17 40 7 27 10 27 42 37 56 2 2 23 38 16 1 31 55 40 32 54 25 22 50 49 28 12 17 41 58 25 5 9 56 28 44 47 5 1 45 32 16 52 36 21 43 34 6 40 43 40 40 48 58 24 10 54 59 23 29 27 23 44 1 45 31 15 55 16 14 5 27 26 16 40 58 47 12 17 57 49 26 31 5 59 23 57 4 43 18 11 2 10 29 36 18 16 56 26 40 55 53 57 32 5 33 50 49 26 33 32 32 50 43 19 40 54 59 54 48 29 25 21 41 43 59 47 27 52 27 47 38 32 59 55 22 11 30 42 36 24 3 4 32 6 16 10 39 1 52 40 12 4 13 22 28 13 18 20 38 24 23 8 22 18 36 18 22 3 33 1 32 38 53 58 42 37 47 47 12 4 18 4 47 40 34 10 26 3 55 13 12 30 9 53 2 38 33 49 51 25 41 18 9 26 9 43 27 52 40 54 28 31 23 24 9 58 34 25 27 3 40 33 36 38 42 17 48 7 9 8 15 7 19 20 53 23 14 36 11 1 54 6 12 6 48 14 6 28 38 43 45 14 11 30 14 53 22 4 15 30 57 31 26 30 53 27 27 53 50 35 42 32 30 53 26 54 46 41 14 42 6 5 6 49 55 53 22 16 40 52 13 38 26 58 11 31 59 12 45 54 24 37 42 28 13 39 30 34 55 58 32 46 24 55 36 23 55 33 14 8 45 14 12 15 46 23 54 36 30 4 40 59 29 20 13 51 1 11 31 59 5 3 8 59 36 34 45 56 8 6 21 10 23 16 6 20 59 12 42 36 51 53 45 20 14 10 30 34 5 34 41 30 50 45 40 34 55 16 50 53 4 37 3 18 33 51 32 52 23 23 17 55 20 17 57 23 59 59 37 48 9 44 34 35 9 13 15 52 47 11 4 27 3 25 19 54 25 6 2 31 55 27 3 12 42 9 55 32 42 43 45 38 36 44 21 31 48 22 20 52 19 21 9 49 20 30 4 42 29 15 20 11 31 32 40 33 52 37 30 44 26 53 38 21 17 34 9 6 56 31 19 34 27 5 21 24 13 27 22 20 58 12 46 2 32 49 32 57 31 40 4 44 44 30 27 27 1 23 38 5 2 26 24 41 40 46 1 31 26 12 3 19 47 55 58 37 54 56 43 32 54 15 53 39 18 25 40 14 33 10 51 14 12 23 39 11 9 51 10 32 24 14 31 2 27 20 45 53 51 37 21 4 19 31 7 57 32 6 6 47 53 14 15 45 56 38 59 55 59 41 18 10 28 57 8 11 37 9 42 2 41 48 39 17 32 24 49 13 13 13 18 5 36 38 27 35 43 31 28 43 56 14 8 29 3 15 37 21 30 42 5 45 49 33 23 57 50 24 42 11 39 27 18 6 8 55 37 46 48 49 12 53 39 40 37 23 17 12 43 7 38 42 14 5 50 51 9 2 21 13 13 59 8 49 18 58 13 10 58 9 40 51 41 32 45 21 12 9 2 55 32 28 15 56 29 52 9 36 40 32 41 1 40 15 55 58 12 8 24 20 47 58 2 20 9 49 34 37 58 10 18 57 18 42 56 20 59 52 15 42 24 1 55 8 28 49 44 6 9 16 43 32 58 25 1 25 10 41 9 24 35 13 15 33 14 45 53 25 3 4 47 15 44 48 50 24 22 49 57 48 8 23 2 46 21 11 57 7 32 32 29 17 10 48 41 36 1 45 40 23 43 21 51 27 27 57 18 58 50 10 5 59 48 26 22 29 11 8 52 35 55 32 24 14 54 46 54 32 25 12 58 8 44 21 23 35 48 54 55 59 16 55 35 31 22 16 12 25 19 56 13 24 54 7 43 55 17 59 55 43 55 12 4 26 7 38 17 39 35 23 15 53 14 54 13 12 54 26 51 50 55 26 37 37 30 37 29 8 23 54 46 36 8 43 6 15 28 15 17 29 14 34 42 34 46 8 40 59 19 56 7 32 28 14 34 33 18 52 28 57 22 13 22 53 20 41 39 51 38 39 52 37 44 11 10 12 12 15 17 47 24 8 38 47 52 1 15 33 16 40 36 44 22 30 57 38 49 11 35 27 39 30 7 25 47 16 47 41 30 39 5 28 6 44 53 43 14 49 19 35 1 41 54 17 27 41 57 29 1 56 48 14 5 2 15 35 21 24 56 33 31 15 35 51 29 20 50 34 11 28 18 18 36 43 24 22 51 16 10 51 41 21 7 34 31 35 38 20 12 1 2 5 31 15 42 59 33 55 51 38 4 52 53 26 22 38 41 24 33 25 55 29 20 31 17 55 51 56 36 33 26 59 37 55 46 39 41 43 26 8 7 45 31 32 19 25 6 55 51 36 24 29 39 16 13 8 21 39 10 29 14 19 26 12 26 11 35 18 55 18 2 24 32 21 4 4 34 36 47 43 30 14 4 31 19 35 37 11 5 39 24 21 41 16 26 12 38 58 59 28 12 9 59 42 49 34 20 23 29 50 18 26 3 29 6 59 52 42 11 37 51 55 45 37 49 9 58 49 57 58 9 10 51 36 15 25 55 33 23 50 31 18 56 52 11 29 42 32 49 25 51 1 19 18 42 27 32 9 11 8 12 14 5 55 45 1 16 40 37 47 40 53 35 39 15 29 43 32 13 50 46 6 43 7 22 21 9 12 14 59 41 56 58 48 9 15 12 14 19 6 35 30 14 10 54 19 29 15 21 58 51 46 59 36 5 55 43 59 57 39 42 2 47 36 9 5 6 50 8 48 50 44 54 35 56 47 53 36 59 30 28 45 6 12 46 33 40 39 49 28 18 52 54 39 30 56 13 29 32 23 3 58 5 5 21 27 49 8 44 25 59 41 38 25 41 49 31 35 55 56 24 46 6 26 23 11 56 55 19 17 50 39 39 13 21 12 29 2 8 33 50 2 18 46 1 40 9 2 49 51 18 2 10 42 27 2 41 24 21 45 26 3 3 51 33 52 13 10 33 34 59 46 39 43 29 42 27 58 31 15 29 7 17 25 3 21 58 36 5 9 44 2 32 13 22 31 48 29 27 50 25 31 21 32 15 34 18 2 38 6 27 9 53 41 55 57 32 4 38 10 22 5 20 54 24 24 6 51 50 27 14 47 14 39 12 1 19 19 57 19 15 6 25 7 21 50 21 22 26 40 27 15 31 33 53 37 26 5 8 51 42 27 4 11 8 33 4 23 5 33 57 42 6 29 55 10 11 13 23 46 39 3 42 47 23 51 28 32 44 26 19 35 21 36 45 19 52 30 4 11 17 31 44 27 50 51 24 53 23 34 18 31 57 12 5 14 47 26 59 9 5 37 31 11 42 7 51 18 56 56 12 25 42 34 15 11 14 16 17 1 2 6 21 5 26 9 36 9 32 17 9 43 37 58 51 17 31 26 31 47 17 51 43 9 56 35 16 57 45 15 11 44 16 49 4 45 36 24 12 51 50 30 28 3 5 21 7 23 23 7 23 37 9 48 40 43 5 21 43 48 43 25 16 5 32 8 49 30 36 6 14 15 37 19 33 28 42 10 41 33 8 14 23 20 25 47 19 38 22 5 41 28 2 34 21 47 31 49 3 30 8 40 34 14 24 28 11 10 33 27 30 51 2 23 21 29 43 16 20 45 12 9 15 16 52 9 17 28 59 24 49 5 9 7 21 10 13 57 50 27 58 19 51 25 25 48 7 1 32 48 32 10 9 14 11 59 5 43 17 37 57 45 9 42 42 11 38 39 19 21 14 9 13 1 57 12 19 58 47 30 41 48 57 48 48 13 33 12 35 15 15 38 27 22 45 51 16 23 57 58 41 23 59 26 38 30 7 57 12 31 34 36 4 36 8 7 33 16 55 35 33 54 29 52 53 12 18 31 6 3 24 59 20 38 25 1 49 6 30 18 16 4 9 14 40 10 44 51 58 3 52 56 5 25 10 43 58 43 57 53 17 54 13 2 6 35 36 6 4 6 31 15 15 39 21 25 13 53 24 2 15 46 46 24 42 42 52 58 30 51 52 21 17 57 24 40 38 27 6 42 48 10 3 53 46 23 48 6 43 18 10 56 31 3 46 44 40 38 17 10 28 54 26 49 49 55 14 43 1 56 59 33 2 26 22 44 48 42 37 38 58 10 48 56 51 8 13 29 22 33 50 45 27 2 19 18 5 43 5 21 59 33 1 1 2 43 11 34 23 11 23 30 42 42 34 42 5 38 7 44 28 5 43 53 47 40 5 12 36 32 11 9 53 59 45 34 58 52 22 54 16 18 16 45 16 34 10 29 26 55 46 51 11 16 51 44 43 3 41 35 59 22 33 9 46 53 26 9 12 8 42 24 37 58 53 45 47 29 24 11 48 35 52 22 17 55 55 46 43 27 1 16 58 19 50 11 12 54 35 8 53 52 30 33 57 25 18 5 52 3 47 47 48 29 10 6 28 54 16 27 21 32 5 19 51 41 4 54 46 24 21 24 47 36 31 53 54 38 19 38 9 52 52 41 13 14 51 41 6 3 3 26 36 55 12 27 5 43 33 11 3 5 26 13 38 33 58 20 57 23 59 53 59 30 38 39 7 26 16 4 3 17 21 54 39 19 14 27 28 3 26 11 15 36 3 22 57 30 41 40 14 43 44 12 23 15 46 19 59 9 32 14 12 12 30 46 20 37 59 51 32 27 42 3 47 21 22 18 9 5 48 48 17 56 36 48 8 27 46 31 53 25 17 10 23 6 19 26 1 2 11 51 54 18 28 5 1 6 42 25 21 42 5 35 41 40 34 18 36 57 17 18 50 31 37 59 24 14 6 57 42 49 29 14 39 19 14 15 48 14 21 30 19 37 35 57 57 26 16 40 39 51 49 42 39 39 35 45 52 44 47 24 18 38 13 42 32 30 18 34 46 19 49 45 17 24 46 11 16 42 25 7 5 30 35 31 53 29 6 9 10 23 24 13 10 3 3 4 16 25 5 34 34 20 22 39 29 9 23 53 15 3 16 2 47 8 49 57 21 20 30 53 45 32 49 47 50 43 47 23 1 23 45 18 33 31 39 15 5 20 33 51 52 36 9 19 20 18 8 40 3 27 25 59 36 6 7 10 53 4 51 21 56 16 49 52 6 3 30 22 23 16 35 38 16 22 8 24 32 39 40 20 18 36 23 43 27 21 53 27 48 36 57 7 43 38 28 13 50 31 10 54 22 13 13 3 9 41 20 58 18 20 56 46 24 44 6 30 47 13 13 27 22 38 41 28 36 52 9 34 30 56 59 2 32 14 37 53 57 9 42 10 41 15 43 55 8 19 8 40 23 59 39 30 50 44 20 24 51 46 46 24 56 41 7 23 3 20 19 36 26 11 2 31 51 31 49 46 45 20 16 56 32 48 53 55 44 48 32 10 59 1 5 58 23 23 33 37 30 38 4 8 16 33 25 52 55 12 36 11 41 48 15 53 11 4 51 17 9 9 50 1 35 57 33 34 45 3 32 14 18 6 22 57 24 5 56 10 12 55 25 43 57 21 2 39 14 13 33 2 56 27 46 12 2 23 21 12 34 16 52 40 55 23 15 54 34 1 32 20 15 46 34 36 34 20 16 54 5 58 13 30 34 51 21 34 19 9 57 10 15 18 22 27 19 49 35 5 21 30 28 17 45 10 9 27 37 8 31 19 3 31 24 33 20 8 9 52 51 51 58 35 57 1 37 25 21 52 43 59 34 31 48 13 28 3 6 20 42 57 43 17 12 14 14 27 24 23 32 50 45 58 33 10 26 21 54 27 44 36 27 50 59 16 27 57 20 48 20 36 20 13 30 47 59 10 4 33 53 42 47 25 43 21 48 54 43 10 7 25 9 24 40 9 9 14 39 24 23 25 18 14 43 47 2 28 5 5 58 43 50 37 24 23 45 38 53 11 10 28 45 37 29 27 22 12 15 53 30 9 11 29 48 42 31 57 6 57 44 56 11 53 17 28 22 44 58 20 50 26 25 19 26 25 50 34 50 16 55 42 26 32 26 27 22 24 32 58 55 16 38 46 23 37 55 54 55 34 41 26 8 49 46 32 17 18 42 23 23 36 31 45 17 50 55 10 16 14 23 51 4 16 21 16 8 5 31 17 26 4 32 8 8 24 53 33 44 34 32 27 57 55 44 19 34 34 37 57 11 5 38 15 50 46 31 49 53 53 31 1 6 43 45 38 18 21 18 15 5 15 12 53 22 9 16 54 13 22 36 8 41 55 23 11 16 35 30 27 37 40 29 33 49 14 10 46 16 13 35 53 22 28 38 8 44 34 7 29 1 13 6 39 25 46 49 26 42 24 24 58 23 25 11 32 25 8 2 38 55 48 49 35 50 35 34 18 56 53 48 11 36 49 21 54 17 6 39 49 18 27 59 13 21 35 38 25 22 7 24 28 44 27 11 3 47 50 27 12 25 32 1 57 33 28 52 38 59 24 4 50 15 30 32 51 49 35 16 24 42 8 44 18 14 5 19 40 14 47 32 49 15 59 17 44 46 14 8 3 7 20 30 23 34 34 5 27 30 5 47 44 46 37 4 15 10 46 2 7 6 49 55 57 18 54 18 35 17 58 32 15 57 9 39 41 37 54 30 21 42 36 17 51 45 48 4 3 24 27 47 40 23 9 24 46 12 17 44 21 46 43 27 58 38 49 41 26 58 39 31 39 33 11 32 37 58 48 46 56 31 58 44 34 2 30 6 52 47 29 7 40 31 12 27 57 17 27 30 35 45 45 3 15 21 1 51 30 40 12 11 16 8 33 46 29 59 5 36 9 17 45 31 25 3 53 36 53 9 43 12 23 47 40 21 58 51 51 45 31 12 28 25 48 12 39 15 45 13 36 41 10 36 35 32 34 24 53 39 49 22 34 51 43 25 7 23 12 17 51 51 39 21 11 23 19 22 6 51 42 31 29 36 12 54 43 34 39 4 38 19 1 55 11 36 28 27 3 5 13 8 52 4 22 22 45 6 9 12 26 55 5 53 6 3 5 24 44 19 15 30 8 49 4 51 18 47 40 21 7 2 28 7 5 7 5 23 47 12 11 56 47 19 58 54 23 17 37 39 17 10 52 49 19 33 27 44 21 24 21 3 25 53 58 3 29 53 4 54 5 29 44 52 38 50 21 1 2 53 48 54 6 11 35 52 53 38 27 52 55 24 52 32 19 11 15 33 45 6 10 40 36 11 24 44 53 54 37 55 39 5 41 31 46 36 47 52 47 11 41 32 13 45 14 6 3 16 32 2 33 46 11 37 37 55 58 8 44 32 5 48 33 16 24 57 54 41 55 55 27 28 7 31 43 54 1 7 40 4 42 52 45 31 55 16 7 28 22 18 29 23 2 59 21 53 55 43 58 30 44 25 57 47 1 44 24 45 52 42 53 6 5 4 27 46 6 28 29 23 18 11 29 18 56 34 51 51 43 19 42 8 24 2 53 38 6 4 33 27 43 18 52 19 35 7 30 51 30 41 18 15 50 16 29 10 47 28 13 20 33 17 43 41 45 14 9 28 51 13 54 23 9 39 2 25 36 16 49 9 54 16 50 56 32 56 31 10 9 47 19 8 9 57 14 28 32 5 20 55 56 47 39 32 58 23 2 7 56 57 25 37 25 47 34 38 14 11 26 4 59 36 18 15 53 37 1 45 30 59 27 24 39 19 21 17 10 16 3 17 59 50 21 51 12 43 48 42 39 48 13 21 52 59 30 43 48 34 44 13 51 11 47 9 22 21 58 7 43 4 20 19 38 37 29 2 6 1 58 25 53 47 46 11 18 31 12 28 27 4 24 29 17 4 28 30 5 11 19 51 18 52 24 36 9 57 31 16 33 31 19 46 27 39 54 15 15 44 57 27 3 21 45 11 27 36 22 43 21 28 7 50 44 28 48 8 37 29 15 30 11 42 27 59 31 31 1 48 41 12 49 37 10 41 40 42 54 55 50 57 29 24 2 32 10 39 44 28 29 59 55 59 54 19 3 4 39 45 19 12 43 42 4 42 38 37 35 47 38 35 8 59 24 49 18 41 11 1 3 15 4 55 47 4 47 39 25 16 41 13 40 20 48 47 10 28 42 7 6 55 55 53 52 28 4 8 45 55 39 32 36 12 49 22 26 55 12 55 10 11 17 17 44 11 36 12 20 45 32 23 37 24 15 37 32 13 30 57 24 56 54 24 34 55 15 15 9 39 52 17 30 55 30 48 8 36 26 9 33 3 57 14 37 19 35 31 32 22 38 49 27 42 25 34 33 27 41 45 10 24 31 11 43 14 55 40 37 26 9 24 27 14 58 15 11 2 1 20 51 39 35 40 26 21 41 21 45 36 57 54 9 49 28 51 46 30 33 23 57 18 36 12 8 2 2 6 25 58 27 58 22 5 39 30 18 51 56 19 29 39 42 42 56 36 8 53 20 47 9 22 46 51 53 18 29 34 18 57 14 4 36 31 41 36 13 4 25 44 23 9 48 49 51 21 30 10 29 6 51 27 42 20 13 31 57 1 28 43 51 17 28 20 15 50 39 51 37 2 53 25 49 34 27 59 20 59 59 44 24 59 59 54 9 13 35 51 18 28 51 8 18 59 16 26 24 20 21 14 50 28 20 25 33 15 9 34 36 7 55 53 42 24 6 34 47 3 35 46 18 33 8 25 39 30 35 16 24 34 47 19 1 46 24 43 41 8 47 5 24 1 50 18 5 44 3 2 14 59 45 8 38 48 46 54 4 3 54 15 52 46 23 40 54 29 27 11 36 11 56 49 9 22 20 11 43 7 14 23 57 34 40 49 39 38 9 13 47 3 41 20 11 13 54 58 26 2 10 46 34 51 39 17 55 33 29 50 7 1 59 38 20 59 20 34 29 40 10 3 37 41 41 18 41 49 16 39 2 50 29 2 49 39 13 17 47 37 44 58 33 12 38 46 43 55 25 10 24 33 25 41 24 31 25 20 23 47 45 37 22 49 38 34 6 44 12 30 48 8 15 30 52 34 52 7 16 17 24 46 58 30 34 8 39 41 8 49 51 5 19 20 24 40 40 14 16 26 29 57 2 17 34 11 58 12 24 2 5 13 57 17 19 27 37 36 1 54 18 24 54 59 11 24 26 45 33 30 51 53 33 14 51 19 11 49 35 13 18 33 47 8 33 6 54 12 54 29 1 15 24 47 13 26 54 20 8 49 49 11 43 51 46 56 4 52 32 12 23 50 1 32 41 18 45 13 35 7 24 41 6 56 50 17 3 53 11 4 35 18 35 8 2 57 49 3 11 42 45 51 26 18 6 49 1 13 27 2 22 58 15 35 36 2 40 12 22 17 56 6 51 26 9 33 34 34 39 52 49 35 43 43 13 19 41 19 48 52 34 55 15 9 40 36 6 46 47 22 16 31 37 1 16 44 35 49 58 20 1 18 43 46 17 42 40 13 45 50 54 26 51 33 39 30 13 34 17 25 55 27 13 54 22 45 59 26 19 38 1 51 56 40 23 3 53 41 45 38 44 50 15 18 55 34 22 48 32 23 48 29 36 1 56 55 37 58 15 49 23 40 26 27 26 1 17 36 45 16 35 25 25 35 14 37 39 24 48 35 29 33 41 19 39 33 44 26 1 6 2 2 56 28 38 8 20 45 55 20 27 12 39 48 13 27 36 1 34 33 20 53 41 33 21 42 48 36 35 37 4 52 14 50 11 24 50 32 18 56 39 34 39 27 43 27 58 28 55 49 28 2 59 33 1 8 9 34 36 34 25 58 27 15 28 50 14 12 41 29 17 14 15 38 32 51 48 2 47 23 51 17 55 15 56 16 58 13 52 36 47 49 20 16 56 28 20 34 16 26 32 57 25 35 6 51 17 55 55 9 11 41 27 44 23 23 40 35 35 37 11 6 13 9 3 53 10 41 44 24 18 37 50 14 57 17 54 10 10 21 15 23 12 51 45 56 25 55 39 11 15 41 54 18 37 6 51 50 40 58 25 5 7 46 45 57 4 59 47 12 57 8 16 
// di
9923 18545 6668 28637 19711 4318 10319 3242 1467 29988 15070 24341 9034 3988 29254 6137 21202 19885 4025 24920 3082 19923 3827 15586 723 7773 6316 10647 4765 12424 2829 8277 23474 20254 12553 6375 4683 8471 14078 6593 4599 1471 2448 10566 23646 23416 14887 1264 394 13204 18950 29065 21234 5775 24216 11054 20826 10574 1038 567 16294 9039 28300 8578 23934 18991 22229 8608 20789 9691 18948 12282 21299 19163 15868 27444 18709 13319 18068 12502 19702 26850 17529 6356 13011 2860 4041 13997 26837 14041 1073 18901 18403 1381 13354 25050 24683 18400 16464 29113 22447 7495 18233 25210 11671 15162 2605 28644 17858 16198 22245 16397 7598 3016 16977 1672 23165 2655 8778 27189 5349 5499 28506 1420 15145 16411 18231 7542 2374 14300 1364 14388 13415 21143 1637 27807 9972 11125 23350 15591 9277 2593 27644 13249 22385 4833 23681 19924 5254 1202 20034 29267 9412 17684 20781 8539 19520 14220 16788 3723 20189 22658 24182 15995 24402 19511 20390 13250 18950 16328 28877 23997 16855 20381 12369 633 14757 27690 389 28157 25080 9815 11430 18133 1929 27842 27704 796 23610 11047 478 13024 26946 5753 11517 16121 8900 12766 16397 4331 5170 28215 7221 18654 8302 11566 8162 18407 26771 5909 8981 13327 18087 5716 13269 1716 3004 10922 25591 4586 19427 8293 5268 15880 29140 8608 27152 25208 9490 15833 8842 10168 2920 15729 16086 13793 15875 19848 4947 23662 11245 22761 294 1252 17043 9095 25323 17620 25293 11549 18412 21576 29659 18446 1926 942 29912 16553 21488 13902 13207 22439 18704 5011 16799 4473 11593 4172 7756 4439 22144 5199 19140 3133 23142 2835 26340 9052 22336 26384 1296 28787 8143 17424 2780 16978 16249 11474 18780 14380 14102 21529 322 25217 7080 6754 19962 22120 13524 20685 7134 485 12414 3623 14567 3077 4691 19965 27735 3558 14502 14734 23541 14899 3822 29860 20308 8840 10300 25229 2430 10724 3945 24942 17777 6104 16864 6942 5293 12830 14496 6623 12963 17849 29767 343 18558 21369 131 5185 25929 16045 17007 3990 22738 6993 29732 2152 9382 3623 13696 19503 10121 21307 15526 481 12716 15543 12937 15936 27476 5618 13776 17617 22249 25631 29974 7790 25658 20120 22628 15879 18565 26135 4073 10301 26623 8154 29879 10782 13622 17020 11958 10808 17593 16418 25665 26108 20038 9317 9159 13216 13211 1182 20733 6774 753 11960 10565 25857 13768 24777 25647 24869 9725 15701 8527 16211 11150 18462 4325 12732 20007 17807 12124 4853 794 622 6288 21904 6668 6541 27484 2777 21258 8927 12517 28910 7787 8709 14254 26624 3048 6856 10264 17959 27136 6281 27231 20035 11978 15044 23830 12576 16167 15159 9754 5508 10606 27164 5567 25617 9253 10043 16788 25718 16071 22099 20791 10762 25726 13452 10264 20906 27370 26038 2698 14947 6715 955 16479 25615 25081 8073 916 16220 21028 28310 14523 1919 18016 24256 26004 19798 28618 22985 567 22440 7344 21072 2680 767 14180 18420 27251 29757 29311 13629 724 4465 21234 29058 24218 113 15201 7035 3416 18172 23461 22212 5927 3668 4005 18969 16438 2445 22967 2499 27795 6505 11080 16807 14797 29525 437 29471 3778 15251 28072 2244 12732 12127 20447 9803 11061 22131 12165 16417 26554 3905 24153 2230 18487 1799 12643 13867 19571 15980 24415 26426 7197 9617 28413 23537 5244 10537 1961 19887 27706 24618 186 29378 1130 2414 21679 17329 13229 11687 12467 23798 26289 25939 9206 1292 6421 6450 9618 19141 29292 8186 17479 28608 22904 13749 7921 12972 65 27894 7127 22626 13490 3066 25396 15283 26514 20000 28961 21245 17998 25179 1506 10697 21201 26685 21036 18540 10235 7799 12499 18932 23547 22406 29802 15836 7747 7027 20573 17014 26107 11635 19065 20956 6267 18197 21561 7712 9148 18859 4836 18998 27312 19056 21290 26012 10328 28454 25306 23354 27160 11246 22573 3430 26964 13174 22528 28964 24895 11805 10290 23506 25939 29071 14861 29713 5801 29475 6195 15946 8059 790 19916 23223 27488 3495 9607 9352 10079 2135 18053 9395 11125 13636 10642 227 12700 25269 1441 21779 1472 28540 8376 20125 2376 28439 12357 11516 25215 9837 18360 18990 25800 13244 2370 24040 6514 24301 29776 14322 3479 9389 27452 12934 2720 8643 531 13581 25259 15476 17218 25268 22667 19778 27302 2837 27194 29128 13553 13619 2580 11517 25558 4966 462 5639 29107 19687 18878 20540 14332 16745 18358 6609 16159 18316 24313 12378 7387 11192 3116 17966 20559 4826 5363 2278 5698 16567 8213 6383 20950 6877 21067 21129 17112 27716 12727 1049 12176 18340 23304 14726 1959 21914 3618 28550 2988 14120 12051 3210 21364 2757 6913 24242 28860 26134 4870 26013 23864 20013 3918 17374 7146 9242 20745 9550 20117 22369 7873 6896 2847 21306 13497 25569 14061 1895 2998 10850 15012 12444 16192 14283 20511 21735 13313 14108 8544 10998 3192 5355 25807 23529 783 29160 14098 28256 9878 9008 24183 5421 29997 15685 9694 9190 2653 3204 5666 27660 25687 4656 2637 8660 23076 21129 10873 27866 10937 944 29478 26531 21957 620 5296 26132 17949 15735 3812 6486 26570 13341 21712 3053 14802 11066 25886 488 9948 6576 18803 19504 5999 3983 28554 14681 28754 10507 12497 4619 25044 26883 12485 2314 28280 14684 4276 25551 11153 3687 17342 21713 5821 20489 3040 6555 5976 2476 28765 17232 16666 20297 17889 19957 10582 480 24177 24170 11998 6876 27687 24719 21581 26392 1744 5385 27273 644 21167 24099 4500 5263 13453 2451 20309 28613 28005 13789 8322 18097 22716 19368 29350 14162 8795 1073 7249 27828 26112 29058 13067 14325 13725 23774 7565 20008 27886 19662 19118 9836 2392 906 14778 8058 15519 9960 344 80 27337 12177 2030 578 23943 2582 27382 672 17534 13067 29553 3997 11152 14510 6252 21242 2746 22341 11312 20735 7477 5357 9094 22965 7216 19224 20587 11762 15475 8354 14945 9053 28115 28069 5449 18650 3785 3566 13639 1850 22490 19253 9747 20750 2242 6240 10014 16382 19288 27193 2675 14921 6479 17584 2112 21344 27719 6646 9927 9049 15707 12558 2647 11157 27138 27187 10003 12663 10154 7473 13926 16596 2574 6848 22382 14187 18159 17757 17375 17093 19338 18931 10346 8662 25359 28948 14900 13991 11387 289 15204 5508 5446 10195 23911 29914 27309 15619 5854 26691 25791 15207 14787 12059 18097 25632 24220 11806 22804 24290 3425 2792 19246 20301 25627 6767 17754 29175 26707 10794 8542 21914 29125 25066 5955 12968 17468 3617 11666 5876 5161 1841 2859 25562 20848 7970 4578 20172 1727 364 923 14129 4261 25292 8607 26918 25785 4020 19497 10409 2490 10499 17773 2945 3559 9752 29896 24422 24628 19287 15049 18633 25115 4560 15317 26604 25887 2408 6071 13393 9384 6510 448 19169 348 1199 23593 28364 21700 21895 9441 17730 1871 11 20455 18685 871 28481 4315 5151 986 4649 11620 27427 13892 18220 22355 14173 16524 5465 13847 469 14485 24603 2542 8819 2193 19944 11607 24502 22174 19881 4044 27249 16441 18631 6936 28445 23218 22920 24355 1368 8894 24517 20680 28573 24937 24928 28640 18002 25038 5895 18966 17548 2735 917 3113 14095 2262 8580 18279 10099 22571 5599 23408 24865 18337 16933 10650 16937 26698 25557 16930 16472 3864 2367 17644 25849 4307 29873 8928 18725 22479 19101 9434 19874 15047 9760 10372 8580 23795 10167 23135 23952 5316 18841 2990 21624 15954 28623 2782 8638 11876 2427 7649 16062 23514 26667 27795 14194 21963 17895 17426 611 25430 21776 9035 21843 21980 29719 27352 22589 29020 11569 6228 27300 24546 19191 9509 1657 20964 23174 20608 6292 26283 25014 1563 13434 12584 28120 8436 15554 14606 7964 21262 16389 10261 3037 2564 15920 11414 26483 12022 1429 757 4665 6846 24112 20181 8191 1911 12477 4939 10246 20061 9913 9475 7467 21063 23759 66 24309 5015 21147 22492 8936 15733 21702 5935 29862 16943 28245 22530 22299 7880 7438 14911 27393 22108 17803 22771 27406 1900 3522 9272 4550 6240 18666 14883 8709 8012 4396 17384 19122 27117 29962 23519 7923 17555 990 11587 18713 4050 19050 21376 9135 20985 15776 1749 18091 25501 25031 21642 23270 20655 3295 18852 20445 6987 7526 28127 18060 1870 25069 6383 20937 24882 3519 21748 19514 6735 22260 18902 27405 1286 8677 20974 10084 409 6572 6607 16643 4225 18218 6520 13292 27591 658 11964 4764 5762 14222 22583 18430 11553 24553 16825 1421 26506 12674 17316 17176 29598 25727 268 17914 18170 26123 10167 12944 18069 26207 15563 12034 15139 6071 12863 23999 28147 18569 29117 14429 29668 28126 1024 15063 25566 25323 17711 28682 859 26168 4633 24587 29662 14256 28283 13280 16119 15956 1417 22397 29957 17183 15640 5108 23248 21017 21422 17127 15920 29523 11958 11959 27797 28265 13991 1316 1130 7163 21491 28314 1397 24149 2983 3945 24548 20717 16729 2093 9921 8950 8980 25486 27597 6351 2033 16688 21519 26808 23939 8661 6291 26299 17741 18359 22447 4641 103 23772 8312 24603 27525 8865 18415 19290 5078 24656 9950 18074 24161 15653 1989 15182 21888 18695 19805 4151 6345 1276 20405 9856 15383 26352 12224 20156 10635 4289 8860 1343 27002 28766 28544 8752 28860 10871 18658 3825 28331 4868 6424 5867 9211 17212 11152 5250 13196 21758 25443 19574 14625 21046 21414 3014 8408 8218 29574 27850 20932 26113 1352 22795 22135 12977 18720 27439 29273 893 25612 876 15622 17744 7609 9143 26819 1062 12831 3856 26269 6306 12095 13530 21541 12555 16980 8015 10613 21043 2068 16220 16456 29032 5971 22501 8478 9372 6273 20641 427 10240 25321 9535 6872 5407 3968 8586 13639 12735 3568 26723 6777 6839 2473 27765 17221 29486 22484 17200 19215 16976 904 27691 24210 7700 11864 2149 23628 6924 5115 29671 19446 13226 8574 15258 11340 29995 16039 16595 23670 26255 6557 2512 8989 9620 25179 26253 6971 15077 17286 10646 27250 23110 18027 5906 6524 23098 20042 15988 18335 22236 22154 26614 7121 4823 23514 1277 23953 12031 10420 12455 2093 15155 12783 10081 24249 19860 8869 14118 18308 19078 13095 8714 29559 8493 13949 29199 16214 3333 24893 17649 16511 14710 470 2306 1416 9654 17233 3670 12435 20354 1556 12763 12647 20236 27232 4843 17031 1684 9071 14659 29109 3470 20358 25437 15272 25114 7715 21609 20772 17961 16945 8970 19697 5411 24126 4493 23476 23574 19580 18916 16397 15560 9895 11475 25997 8090 4304 9677 13260 19449 16584 123 16510 23984 2880 5137 25758 3496 9792 6968 28433 27776 10979 24829 18582 4770 13822 2396 19398 27993 15055 554 13498 5082 9343 25328 2838 16121 21178 21369 4180 6662 23617 7252 9543 2897 25569 2834 8668 25487 19845 23519 17753 6044 21940 19590 17925 20736 20347 1672 19235 8111 8452 21500 1553 6435 7621 9138 4449 4449 22536 14178 29863 26220 10902 21459 11022 17039 13398 27585 20740 11871 18976 11318 12125 13852 8063 24304 29398 877 25772 21358 22431 11348 1458 16988 335 27303 13442 25425 11996 28213 3997 26038 3400 517 8403 34 26249 12756 5816 13755 22769 22923 12075 17530 18350 6961 19147 5058 11125 26639 18268 614 2573 19835 12719 17000 2395 10820 26570 6973 13636 18331 27603 3772 4498 9289 8732 9736 27894 1789 18155 15592 10188 2723 3198 14839 7613 8063 21979 24228 29013 9510 28685 28738 12773 18774 21137 25857 16447 1004 13420 3858 14858 17871 3739 26363 22997 15392 24540 14026 4415 20073 15103 29460 6254 29282 11085 9632 1441 27505 20354 27994 29952 20273 29290 18273 27243 18578 14063 24034 4498 10547 428 8790 17653 16131 4855 18275 837 18186 12262 20372 16466 23337 166 1865 10848 15024 15410 26052 13369 25248 6405 10884 23013 16093 18413 26548 17554 19321 8138 23006 27960 18974 10277 8871 6445 22934 28605 17107 14681 10539 424 27011 17886 19175 20992 7650 5080 10195 20490 71 13390 25338 27268 9279 12988 14334 3887 6266 29581 7184 1554 15705 14298 14581 23267 6484 15235 3529 6643 19633 9668 5488 6184 11950 3763 8331 5932 24463 21361 18129 104 24656 25202 6647 21705 9433 5139 24815 336 13839 7825 27099 28110 6782 700 23219 6783 5970 24353 24023 24287 24739 4306 29281 6947 4896 13113 18905 15363 3573 4350 26352 5548 9699 16502 24545 12276 14698 2860 8169 1050 29912 11439 14673 15853 7422 9194 26293 15924 21866 22339 16818 28042 27284 1884 25686 23605 11645 15664 8603 10147 4003 25204 6067 25501 12621 9821 26696 13126 19345 26330 2559 18312 22061 29700 17745 5333 11957 26874 3332 14120 28854 29450 10454 15423 3257 8149 29033 6004 9518 14628 525 21288 5198 24672 15694 19091 12111 6689 24715 13190 25025 27257 21371 2866 14799 4596 7834 13386 8317 15558 16168 22855 1946 10065 13346 19141 25280 18688 2943 12696 19586 6777 6127 15682 29124 17453 7504 3308 23417 20087 9793 23098 26797 9689 183 7916 25795 2187 21083 556 3092 1144 20549 20695 22404 12482 16594 14858 19115 10291 28194 25323 11737 29655 13301 20018 25122 11143 24387 10656 11764 3420 7298 5440 14053 1875 2322 7969 24937 14000 12588 14552 20763 7980 9591 12023 11266 6783 18862 5698 23058 22238 23028 22357 6511 24584 2107 12548 20881 5309 8438 13129 6503 9149 14134 7530 29820 2488 6537 29952 16493 3588 13041 16739 19821 585 8955 12399 26824 2816 26430 28573 181 26892 4808 19314 5196 5608 11098 2811 26424 23608 19608 9493 24600 24081 1643 9165 28061 5711 27738 12723 4576 11946 28181 6755 10106 12196 23457 28649 3088 2496 11892 20855 16558 12369 11037 10746 13494 21266 17093 28476 743 19115 5723 20071 23606 11986 29615 3926 16904 10196 1212 14612 27884 16476 18384 887 22771 9134 4808 10264 3539 17320 1098 28520 11268 27524 16697 4164 1397 17447 29987 1548 16899 9302 29790 11846 8708 25897 22156 21684 4977 14400 22247 26642 24320 17831 4275 2002 22158 10553 14174 13920 8674 28287 10874 27176 423 13835 11132 21329 9408 15618 29446 22004 18932 29772 28270 9831 6075 3631 5826 15002 8638 4494 29609 17796 3395 23264 23536 28017 17637 19167 15047 10089 29714 19985 4546 11374 21759 22116 29652 1751 21230 21486 5475 14863 27641 28264 8744 29410 11681 9143 11832 19012 12714 18815 26743 11536 23820 8489 23409 18602 15405 21945 15758 13640 17526 26271 23117 59 12912 26487 19793 25630 14104 13396 23201 11063 4604 8225 23281 2123 22054 13163 1459 26274 25844 2817 18334 15424 1033 14421 14736 5620 1207 17165 27307 28575 25237 7877 29600 29940 10640 17794 11817 20373 4015 25344 25671 6960 6729 25631 11960 1921 15149 1841 27823 16053 5606 20204 12031 5756 10975 7455 27957 3806 20254 7967 9964 895 13621 13136 23705 22830 19226 20454 1372 7047 5797 10720 22877 17572 4586 27679 19866 24579 16071 7450 23596 23369 10757 108 27386 15081 10736 1064 28650 24257 13925 24218 16701 2900 26643 23329 9224 21403 19908 10075 27589 4172 17721 26749 13318 14942 25892 9386 5005 29338 29936 23382 24715 28510 25905 4642 14956 5606 1306 12991 24875 24447 15258 8055 27992 29423 7597 27905 8342 5167 12523 8923 12760 27413 26482 21741 6670 6409 24730 9135 10235 29032 7592 24778 8608 12189 27500 652 29915 29767 18006 21230 8845 12738 1412 20239 29176 25450 1243 735 25731 18747 5769 4785 5533 29871 19582 16349 2853 25526 26778 9246 12621 28182 28664 8383 20612 1354 22519 14074 3109 28799 20540 15581 915 29634 29145 2968 24438 27632 29596 6673 6648 27210 11248 13120 18879 21334 17659 25666 22559 28008 14619 22539 13032 2911 25008 12954 8265 28382 18645 3046 11231 5436 23353 5847 461 25444 6241 23728 26401 67 23769 29418 18766 19487 14531 29873 26352 28161 18777 17482 20907 16879 21487 6582 15695 896 8171 27266 23473 380 13850 20302 23023 3323 27593 9829 18693 23705 21509 4877 16403 12530 17442 18166 15129 1421 5207 17815 3581 27067 20357 17729 667 6814 26744 18121 10893 8505 12509 18916 14681 29056 13092 20976 13492 14768 26666 3635 10057 25470 16215 9771 6919 28690 21216 14790 16316 26090 17666 804 16897 3885 16291 19677 14058 27359 22618 27512 236 20960 3270 13725 26271 11637 22173 4076 21719 21394 8285 16005 10420 28360 17055 6660 26996 4438 3793 977 6743 9654 16729 10453 9169 1828 4409 22149 6263 27748 20236 19084 16887 24004 21898 24224 14548 18120 10874 29757 4313 2278 9018 20917 24251 222 23367 29602 5824 23563 10550 4755 2765 14444 7012 9470 17230 25125 23083 28304 6845 10239 24365 26535 4250 14789 18341 2245 716 3781 8360 10238 15603 15206 13740 14437 1953 28221 5402 18683 19671 80 9124 12935 459 2813 4234 16386 2270 16283 28060 24357 8445 8500 22935 26456 1691 15874 4805 27393 8050 29029 22967 3772 25116 3473 5767 14790 6475 28426 23814 23599 1660 27892 5705 18711 20144 11976 21028 9642 26406 10991 12757 22231 22828 14496 16913 11072 1916 10561 29223 18304 14523 27938 4137 29426 22440 6058 17912 20846 27677 26379 25050 16034 2011 6934 13641 2235 22220 3712 11453 13300 7422 24308 461 27772 22429 1834 28619 8707 18511 15845 17069 24440 1763 10707 26824 27863 23080 22687 19746 28084 27956 11205 5609 19139 15134 13763 18858 12510 29141 22319 25577 7351 3291 17780 6065 16514 15050 25633 16546 22089 25307 6701 11426 4776 13230 1381 20905 26480 2459 21046 29351 11538 6939 16637 14837 8307 18685 25391 25460 2802 14725 17985 14586 19537 6652 29337 28373 18101 4980 5490 14301 10592 20540 20464 16548 6831 1439 5860 24224 373 29758 323 2829 13165 24792 28990 15653 8706 8827 24817 23892 6271 24870 25819 14445 18475 7583 12055 10383 28049 13142 5220 4968 14157 15929 21445 7630 6048 5986 28414 9508 79 2299 3472 20523 9479 15493 6387 5130 5745 14165 8634 26793 25297 21238 20377 10305 5201 15337 9994 20609 23441 25825 8022 23905 5470 10590 1863 21655 5390 27345 15129 18289 4279 16571 2991 22512 13185 28734 12788 298 13402 2349 22664 21103 2811 4425 2669 23231 16847 19757 24448 14514 13026 19490 29035 18815 2873 19842 22627 3033 16840 10727 25227 12054 18570 15415 22562 20338 13439 3708 20118 3609 29834 29420 8036 5054 3765 25455 22148 7005 13930 2686 24576 1810 5082 17367 3327 16549 11492 5393 20107 18293 7371 20901 28441 23193 4000 3057 22192 21095 19214 17316 20686 10430 17189 14895 29866 8831 19132 346 2302 25665 6320 5393 24647 13735 10888 15429 19986 21314 16658 11979 1269 28097 16360 29118 6780 12270 4858 14576 18481 3057 9033 4463 27872 20943 6040 3008 3982 10810 25972 5076 12441 22760 16648 3431 5259 25089 3974 9664 16990 6567 28488 1784 13247 5395 24362 5377 16439 14309 21388 25021 8136 3017 6644 20434 19894 29801 15210 18825 9535 28320 3774 20766 22434 11413 25614 6972 13144 12850 2111 718 23662 5021 17859 5640 15210 28083 22606 10247 15695 23670 24727 7888 2187 16859 16473 24389 3073 2403 12172 16262 14710 619 25900 26988 22331 24238 16087 16036 6979 19255 9147 13877 26742 45 28362 6366 17354 15855 3399 28808 20075 23985 18577 25813 5374 14946 25524 7984 9364 438 23301 27439 27388 2156 15862 13582 9894 5406 23621 12324 2514 13267 28976 12556 10582 29496 17590 16587 14402 3228 15261 16794 27229 28959 4413 27286 15914 8459 4606 21669 9437 2959 10473 17014 18507 8945 22914 5166 23268 17722 17138 13494 17330 27652 8366 16577 11543 10837 28257 16896 9747 3333 18094 11650 16109 12575 14441 22075 27274 12239 13948 5648 18150 9846 8641 13786 14309 21473 10298 17820 6330 29260 11160 22770 1440 486 9300 22468 6219 1708 7614 4904 21126 16526 25367 10528 4027 24686 14219 3076 19090 29399 25654 24058 17473 854 2143 23760 12775 11144 5342 4295 20320 512 17589 18270 7253 10877 12210 12729 22510 25341 18684 20754 10166 13799 524 6539 28430 27659 15929 15848 12495 14841 19574 1358 17839 17200 17619 6153 12495 11647 9427 4872 22736 25717 6057 26065 29289 24574 19806 2523 24260 9413 15710 10968 22013 23577 20390 11248 3795 7136 3792 15391 4440 16255 4201 2534 18020 4290 12973 12933 3805 16780 18014 863 19928 2497 28082 8260 28702 19132 13618 13163 9333 23509 700 23789 23364 3474 24921 10535 22013 28686 6383 6122 20940 12193 24801 9394 6703 25704 1282 5381 7596 25187 6410 23013 17310 1622 23909 28403 2102 13679 15540 25729 13213 28150 23490 1757 18923 8028 7332 25170 3400 4551 29843 3316 5969 26318 813 21768 10501 11232 13779 9285 22387 21720 17403 15290 24882 27433 25922 10952 11063 22424 17462 10220 7990 20564 1946 256 21778 17936 10316 16098 9037 25738 15678 593 8399 14999 15762 20059 23411 11395 10777 4823 5981 11352 26337 28439 18828 1129 12348 17744 24335 12652 13408 10125 3357 27606 13925 25808 28726 23890 1632 27999 18684 19514 27359 5965 16715 1025 21665 4931 29398 23477 8008 17388 5933 7833 27045 13537 21964 4889 5186 1664 27443 8221 20392 20087 18962 499 9018 10159 7175 9363 5425 10397 28242 25050 13544 7217 14232 13406 11477 1303 10599 1116 17442 12251 17775 3711 16208 20315 21592 4460 9276 26050 3880 18798 24457 22270 13612 407 17263 2056 5696 16593 28836 8124 5136 24220 6885 19083 4723 29147 5107 1146 11649 18041 14165 21128 6557 23911 4359 10899 16607 5393 11439 14752 28703 5535 3752 10742 24925 12652 1956 26398 23685 15899 25925 12895 26064 10718 816 515 4356 2968 21921 23506 21645 26714 27767 28019 13971 8622 18634 28152 3285 25024 21605 21853 17675 29924 23552 6199 7062 7059 650 17276 5483 29248 2630 2962 12804 11372 7173 3855 14792 4661 19218 26614 25598 5933 3829 936 28841 20916 21450 14324 1529 14368 10060 26705 10465 19076 6440 25445 23314 5873 26969 9836 29814 29056 10040 24549 21274 21781 1377 1762 17086 19339 12781 12336 7363 23092 5302 9908 1759 27743 5108 28872 9319 15363 1844 17813 8605 6498 24375 13297 23614 29469 6738 10922 2695 28819 638 25023 26964 27202 21126 4357 28573 12995 19466 27100 24094 22147 14594 19440 21357 8872 16027 10454 2124 18855 11232 2790 25052 18146 15604 18581 26198 15965 13539 20271 6409 10374 1672 7439 18262 19906 2549 6301 35 10084 7617 1189 20001 1506 16739 19012 2034 5844 5920 16640 14460 27098 24726 13097 20787 1192 29160 9114 8965 13467 27839 10447 28225 25145 19708 22189 18383 9264 12094 17044 12548 24011 28782 12486 25719 16199 19631 5547 19349 28794 3551 23093 6873 12459 912 13036 7832 27709 21622 4053 16747 24663 25664 3668 29421 11499 13043 11656 20377 4926 11735 16508 8558 13788 8471 7111 15211 5544 13315 5991 25121 43 27072 22013 11228 9549 11535 29525 18520 19240 7778 5951 23901 7488 631 27401 17728 8072 13448 18391 8910 330 5283 552 13553 25408 17656 21671 11873 12179 21262 14002 16345 27444 23005 12637 25531 5925 21866 24887 26929 7088 3090 16677 26542 2986 27115 27869 27970 23123 26809 27111 13895 11377 12147 28730 17221 2428 29093 5795 2427 17844 11942 22939 12088 20732 10520 10157 8367 27187 18228 22192 3346 7288 116 4994 26180 8087 23990 20295 19178 9924 14374 1592 13036 4127 14600 6319 4259 23934 11894 1470 5288 11858 17402 23534 2803 4313 12650 23866 13121 12505 16091 28498 17450 3409 8647 25184 18935 12341 13307 28761 23529 4016 17301 6209 14625 12181 18650 23473 1684 28226 22863 6783 17138 9829 8373 27648 24112 12421 22527 8139 18961 7637 2 23340 24373 1996 19639 18394 17329 24211 14452 25427 11086 29560 142 20098 4887 13862 3836 26389 11014 9967 28466 27345 20546 5981 24457 9453 5067 21590 26988 5537 6265 6195 9661 8522 28992 28604 7329 15562 21165 15524 12387 24912 9054 16693 6988 24887 25933 5327 10268 27185 29242 10579 24069 27200 21105 200 15339 21030 16535 6911 18983 18479 29301 10192 3198 20801 16303 19404 14318 15509 567 10567 6491 22602 19081 16790 6400 22454 1540 12578 28773 17946 13163 25700 26218 23214 19823 19623 28050 26347 3460 6440 20917 29928 2113 9275 10755 28354 4398 3515 15855 19227 22642 6104 13748 17753 2808 18901 27930 23500 19012 610 20531 2412 24214 11226 19630 29776 3924 7757 26227 17712 25694 8116 15057 14832 9422 12307 14631 4288 3019 13542 5196 2885 16242 27902 1672 12561 25844 28596 26189 4814 6640 8835 1085 16874 19203 5381 27278 9934 23447 12462 4571 24808 5815 8803 13577 24267 23796 966 20224 22167 7410 10459 19967 20219 6087 1586 15447 27681 6584 19998 7672 26039 13763 12412 11314 15039 9225 2341 1522 20027 13403 312 5374 27685 29057 23252 7015 1824 7575 5030 18430 11365 17394 9805 19487 4889 24825 20829 14444 6110 24054 14824 71 8472 16880 23397 8729 2136 10936 7651 26324 1474 2009 28958 29011 13917 16295 9120 10491 16458 500 24755 24269 7273 18281 22660 18895 11833 17296 21371 29652 910 2466 17685 11508 3692 3799 23343 11938 19919 21133 26770 23988 6752 15195 24306 27746 2245 23752 25775 6914 15083 29111 11049 24928 24117 2319 1410 1665 13474 1712 8152 27700 16842 26752 2325 24991 9250 25603 12453 15960 9138 24036 26800 5618 7149 9633 13404 16160 9095 26115 28807 1700 3903 21442 13907 14387 1076 2073 12192 24852 29262 29929 3404 3803 22625 20544 26144 3146 23526 10547 1181 12799 15829 29595 22820 6629 15781 11114 17671 25262 9368 3211 27427 10529 26912 19021 17765 16972 3319 2262 11792 26386 5288 13683 14837 8869 20353 7157 23685 26543 29017 2634 2883 17771 19548 18347 20205 6455 11242 20395 7815 10004 9972 17445 4962 23857 8194 23786 9744 12278 26384 10088 207 2081 9439 3158 20360 15500 19583 962 20145 15112 4933 952 11520 10228 24800 27663 26411 5982 22944 10253 12566 20595 238 13842 2704 27216 24586 9741 25163 26451 1416 8878 7713 2175 4081 1762 777 7078 428 1408 14407 22995 12675 1729 22260 29892 28574 16180 7279 14746 5380 29819 19662 14494 21086 9880 17950 46 11748 12533 21979 9572 22352 5369 8382 9330 11116 17238 4837 29048 26791 11750 3443 13715 22161 5309 10998 1751 1110 17684 3055 27212 18349 15761 26836 10110 25962 10247 4155 20937 17981 20423 25359 11963 13320 14825 20256 27930 13253 26998 12523 8593 16601 18683 24176 24531 10757 22219 15008 23912 2812 22617 20847 9887 26027 20298 7851 25152 18754 15044 8773 13956 2820 16391 10120 23644 23357 12744 10833 28694 9505 23311 13301 13098 1801 17420 11953 7995 18466 20465 20298 11057 24394 11100 29947 9447 5109 10845 10881 25621 26513 11217 6850 13514 2058 11021 13701 10483 27465 12311 7945 17569 17594 9593 6997 19734 14334 27399 2044 9277 14996 11533 21382 17301 5942 15794 28686 21058 10437 4750 29588 1145 7726 6755 9514 15928 2891 15581 21474 4883 17705 10067 19445 4576 18378 15032 13705 26765 22348 10777 9407 17470 18983 17550 3827 4235 12384 16653 11459 5340 8802 9675 2378 15894 23890 29428 24571 11742 8077 705 8575 13384 23616 17026 15432 26842 6521 4300 15372 28196 26454 22843 25371 23060 16563 12675 13653 8338 13880 735 14172 10459 24335 9455 29338 5452 5091 7802 20997 9745 5927 18481 23373 21492 7395 29056 5664 24397 127 18912 9909 21140 29711 19481 29925 1403 10712 7224 14563 17150 10353 19557 17275 8695 29905 10436 11215 26572 10307 9037 2495 1611 18330 21933 13675 11225 16213 20431 17924 18163 28154 10400 13247 21310 11208 3481 10365 13836 23364 15057 16903 24334 25685 16370 25904 1280 4455 6890 27847 28231 12181 11870 13920 18939 26378 8671 16765 13293 5912 3243 25206 22881 14734 12600 23794 20905 2022 4295 18943 21166 4725 26647 7266 29930 27877 21422 6800 19712 12241 18264 23810 7745 24067 6974 506 763 9114 18392 19528 9650 18384 3201 6779 1642 2647 29523 27915 10128 6381 13141 22096 2442 5125 16025 28204 19037 28567 20358 27224 22543 25331 12179 4663 21121 22472 6027 13208 7508 19690 25775 16137 5415 2207 10056 29321 25228 9963 14232 3167 26162 14771 27017 29544 7016 20680 20669 24270 131 27736 23041 2049 25561 23257 17777 28600 18111 25670 1418 27105 27928 15341 272 28927 20476 17911 23776 14140 23620 11977 3290 18498 20937 253 8238 17907 13532 5455 25965 13682 29621 698 1425 23759 11611 18057 17560 28550 12583 10783 24147 9290 8927 13519 24561 21990 13888 14185 18424 19169 15347 3495 28593 8021 26080 10373 7299 12926 20236 7630 12371 2864 28151 3998 7939 7015 10561 7521 24147 12755 938 6433 9048 15941 21307 19381 8068 28533 11801 17529 4339 4973 16512 12647 5446 696 21294 4557 28001 7254 29863 1097 15471 18433 25427 5633 14549 516 19125 554 1023 4974 6674 2789 18122 5622 23798 13474 28297 26291 13021 16874 6195 23604 771 24160 24055 13456 18842 22838 16375 10276 29002 7462 729 27145 9442 29739 14239 27220 8164 11294 27069 4520 18801 25505 28069 21648 8357 17781 11035 1717 12771 28410 16804 21461 26962 10997 10048 7875 14772 28583 4943 26936 1851 5556 28605 29264 16728 12308 9771 22462 379 24894 26199 27836 17686 25121 10168 12373 16978 18654 2837 12577 26438 16334 2595 18126 7701 1582 22016 4009 21452 11377 26099 24187 11958 14373 14761 10280 10151 8281 15465 10333 6909 3097 22173 8331 22562 20256 28695 14572 28264 8880 4952 2341 13397 3993 27147 10934 22083 36 3510 512 5646 11222 2266 10518 6919 10284 9189 24388 18435 26647 20541 23376 13222 6704 9217 21717 28224 7426 24948 27864 29106 17346 10539 10977 3463 2109 22484 6670 13383 10838 14699 27044 23518 21197 24605 29756 17532 1517 2990 28514 10407 6470 14776 20358 10339 8322 10910 13187 6216 22195 718 2701 21600 25962 7370 399 24310 450 8638 24473 17248 25837 8232 373 1009 26060 21754 5848 13789 17088 15499 26235 26818 26360 9103 13295 372 8396 21176 22138 21091 25275 11793 28529 13809 6098 27450 23603 15685 16935 18648 13061 6161 20003 3886 21930 17615 21741 2937 20439 24474 26593 19618 4020 9715 19880 20711 29494 15032 22633 11997 25147 6628 18723 8564 22810 28431 20308 29806 28025 3997 6647 18804 7488 24708 10258 9609 23291 4198 28269 9743 26865 18773 15612 1431 29441 23371 24815 21819 10939 19016 24131 22880 22749 20837 9547 29043 25761 11989 6872 1767 19758 22073 18869 11929 753 6832 2570 6922 2414 19461 10463 10239 17883 13920 14410 748 25441 28091 13180 2896 12805 15010 5169 6803 10679 588 22317 6802 16813 19440 14963 26219 7037 29217 170 26896 17610 24281 16179 17406 29074 22487 26834 19555 15658 15483 8433 729 21153 5690 12511 9105 26879 25536 14500 28751 6261 2265 19900 20323 24920 17513 4262 11014 3507 8933 12700 8489 297 1563 3925 12788 4424 16894 26176 10107 27204 17829 533 24732 15560 15043 24433 24628 27993 21256 3100 24614 25271 22702 11267 19995 1228 28097 19249 12344 26585 7530 2881 2326 29051 6642 27083 7247 7567 8946 26945 27680 16343 12201 2225 25202 11307 12108 24068 8174 10829 639 24040 17349 17778 28445 29395 16898 17938 24886 4691 20615 10146 1081 22090 1609 3940 26432 19651 16420 12567 16825 9755 14644 9100 1321 13363 24463 10464 29192 3462 27933 15921 12187 1005 24732 16688 17188 29428 352 3429 24697 594 11012 15820 5395 19346 29721 24160 5814 12084 8110 4280 17155 18416 24721 22359 28304 19433 17262 24920 3562 11781 25620 19467 3722 11223 18843 16303 1486 18196 10897 5351 15003 4416 13408 7316 14707 10935 10071 14646 29015 17164 14004 11123 7665 17618 9126 26699 9794 11233 16632 20236 14629 9863 15410 19750 20590 18067 20804 14908 29205 3186 20136 13265 965 12018 8776 23287 12092 16768 10505 24470 19419 18986 22183 28671 27056 2409 23337 5315 5829 25068 25175 21516 4006 15036 2708 23009 22134 24360 22138 10178 8243 10647 6084 27271 13427 11862 23026 24183 17883 21638 2128 21927 29618 12580 24221 19998 23124 21488 27911 14705 6482 8633 19380 5734 16452 12780 4714 9214 28273 14737 25954 6283 14057 28557 26092 21342 6163 17385 26717 9290 19167 11006 27425 12785 3952 11986 6145 15401 21312 21942 23093 9471 17826 17401 27915 14483 21732 1434 7394 26521 22348 23366 5041 6205 1946 13044 25847 24624 16732 2880 2511 13918 14010 27935 15037 2331 2538 20369 15982 14013 3273 2887 19040 23256 18792 17203 26754 11462 5194 7547 23041 2352 13174 20544 4594 5940 21360 5010 4380 23845 8572 21512 14304 8401 25504 4397 8179 3112 3630 26047 22784 21551 27378 7643 25588 21109 15256 28168 24266 6843 10820 15367 16177 29469 22312 517 10539 22079 15400 22440 9343 68 14283 26731 17227 2253 2190 57 9549 369 20106 523 1787 22300 23466 15471 14565 17931 22385 26829 17460 29278 13510 22752 29741 12012 15170 1353 17705 8147 412 18434 17733 13577 15770 23473 25698 13152 1418 8158 6472 19921 13217 10486 8814 27915 26676 7895 26346 23522 11100 22210 15781 10429 29829 10129 12764 11987 29759 515 9539 4965 25200 1972 8196 28554 27576 2901 11496 3845 12128 24705 5301 20446 24969 15724 9159 24425 3262 3459 2528 13183 11996 5955 12300 11415 21759 26035 12884 16434 29873 16423 6423 5981 9047 25335 24946 10843 28684 11640 6927 11008 29481 1141 20862 22542 16094 13471 8104 1359 1221 18709 11963 15286 8554 6704 460 19714 23976 20967 5674 23982 1668 16344 14579 28968 2544 120 12570 26651 2292 521 25263 17723 28764 2734 18430 29765 20519 20351 24177 21404 13997 26088 12634 26982 29793 13651 6517 16726 5182 5022 18386 1460 25187 24070 29825 24353 4413 27459 20478 22319 19367 4996 15549 8577 19531 14288 29189 23717 14907 11142 1715 14253 18113 26546 15095 16161 1798 18572 24664 14918 28660 11724 20617 19852 11234 29938 17604 1618 1993 7311 5732 7926 20621 11860 13732 28954 8393 9227 14925 15488 11748 24551 4125 4305 2292 3201 1404 780 20793 8296 27744 3283 23025 2270 28384 23189 17847 3976 591 22902 11873 14219 5097 25934 493 24134 14895 13360 2838 12753 29968 8325 16184 15045 29123 25294 7786 17246 17850 26165 28229 26122 11000 18838 260 17198 26667 27392 12260 1574 13832 23075 28437 23475 18776 4268 23821 23328 23525 29949 22047 16105 25007 20101 28553 4319 17031 4276 22754 1007 22921 18715 11871 13774 1909 16398 961 27337 9351 5807 25078 16000 9521 22781 22101 7650 21674 1354 24417 8645 24881 23737 27857 162 14595 12138 1958 23899 7541 20273 502 15610 20586 3623 19403 10196 28624 21334 11701 26413 22290 20913 22283 18934 25464 21107 8811 28291 12017 26601 8407 29727 10188 26342 18171 2452 6001 3666 578 11139 8537 174 122 10451 1089 18607 6667 14907 29800 19195 8513 29160 6840 3444 29653 12825 29811 1768 17292 29386 25667 18152 25175 24940 10006 8692 21782 12871 26539 23253 17919 26462 12769 1700 14203 18243 29324 28720 1863 28176 27969 16514 9153 17482 2941 26773 8882 6437 19925 7782 6696 4865 25126 10788 29646 22627 7881 5561 14852 20250 13766 28769 4700 25302 2313 20236 15928 10019 28726 7307 18634 14134 9786 2439 18525 26549 12973 20221 21324 8947 7064 3516 27419 27210 29371 14892 26787 7855 29215 4594 11982 8629 3097 17260 5403 14479 12763 16547 13575 16475 28289 21963 10257 10712 14758 17384 26586 12494 16325 1454 20142 25759 21619 1145 18730 23415 8279 5100 26279 15755 713 24084 25412 29803 12987 16932 7572 12339 4774 3425 1107 22244 5133 26777 5217 6160 27842 23724 13449 22571 9175 9887 724 17138 5493 8075 18364 22733 17671 21775 4995 17518 8917 8367 27864 1855 20563 1438 24167 20221 13289 22968 25615 29467 28753 12861 26054 21167 6174 29515 8256 23537 17355 14360 22323 12925 12225 23393 26902 29645 19154 21466 21340 6228 6336 10207 2755 8517 1571 26006 1374 28684 5109 8119 11204 27941 23938 29123 14782 10015 27669 18832 4165 532 12405 17250 211 3409 25081 19133 12218 29758 26459 18521 8430 13195 25188 14256 6920 26252 16841 28075 7285 15447 1557 7619 19346 3563 4123 24738 19417 16689 12677 19361 13062 23959 2948 16510 27028 3470 8868 9114 18858 14010 17247 14134 21248 19976 19068 1579 6463 11594 11046 3132 13410 20676 6667 28318 22193 27365 26731 26989 7091 13092 17029 26449 1120 4522 13049 16826 21700 508 16418 29115 20163 22575 11318 27220 17065 18727 7194 17388 7728 6203 18721 16857 13190 25949 3042 23305 16394 28464 12919 26186 28101 23259 27164 17151 14564 21164 7778 10579 27171 21858 16522 20159 15935 9222 6422 11303 8697 19946 10669 9314 15450 12208 15912 16695 15832 15745 8063 26618 15234 3559 7921 5139 11396 1802 27900 28060 14634 22566 619 20501 23676 8522 4816 11382 8602 22396 9260 25731 5526 19826 4512 16265 16992 23987 29516 12278 24763 24267 28515 20301 5509 19690 12238 3257 603 9827 1622 12187 20975 3834 20541 23784 20811 4879 24686 9784 2213 28403 23077 8195 14584 29301 29038 27219 3566 13484 28463 6229 3052 15794 6636 10068 20539 21860 10166 4771 8459 18191 6229 27513 13409 15659 10971 11649 26 7333 29777 25994 17466 1705 23664 16021 27460 22557 10881 1751 21654 16410 18402 13357 14933 24845 7733 23866 18713 6738 11040 9410 12312 13052 15349 24503 10160 7515 1533 8065 24988 28556 12132 14635 26838 24898 407 28236 22730 19406 16565 23527 5496 19045 20010 12637 13654 19311 13591 27875 16699 19074 10158 8114 13455 27012 9058 28353 21478 15565 21620 20991 2331 16541 26074 206 26931 15729 16531 16426 28784 15288 6665 1118 24863 1785 4904 21272 11973 22427 12107 6640 21658 13811 9731 15059 5914 21945 27983 7501 3797 1810 10851 22639 15911 21726 4740 6463 28804 18573 16864 6283 16333 6572 28761 21087 7537 8461 27471 18959 15765 6554 23317 1488 23819 7557 18283 4626 26117 16695 15428 16740 20038 23861 22126 21235 11039 19592 27757 24824 3008 12391 26655 23315 14956 27604 17242 21912 17102 22916 12599 13464 21778 3355 29512 13916 2968 14634 21266 29331 24921 402 4497 26943 2123 11561 6141 18939 138 97 8282 2129 14918 14721 19515 21741 14957 2176 16573 24747 2355 10008 11571 2198 7383 22409 24590 4586 221 28464 7201 8981 25932 9633 6314 9660 23300 4099 29747 24662 10668 27534 12730 16062 8459 7224 12628 4789 8945 5759 6843 4922 1620 3335 7853 12489 11621 25509 5022 23875 23292 17233 29094 27094 5619 204 17715 24105 16511 28681 21239 1837 20752 24806 408 23049 18060 20301 24870 15306 25812 29247 4757 7376 21893 22540 14251 15085 3035 22714 6415 29427 5832 24651 6949 1738 12888 9164 16186 9900 19608 13537 22166 844 16213 19118 29734 19550 19335 12983 4974 26215 24504 18065 22221 10416 9783 22334 25021 23839 26288 22743 23366 25480 19405 2896 15608 3570 26747 22916 6696 10002 12132 1037 820 24807 22745 13044 17852 8580 20640 25662 13515 17077 2568 14476 6231 26700 17869 4696 1863 14740 4788 7358 13267 18374 29562 21473 18347 2056 18296 2045 27921 28973 15718 15977 20041 6912 17938 28561 11633 8061 14022 28153 10081 245 27084 26832 29173 12916 22594 22327 11595 10104 8245 21576 17219 2500 27894 19255 25519 24619 18960 9366 2737 14319 18375 19 9495 13359 1065 4307 23678 11992 14016 26526 18069 393 9375 25746 23900 28808 10287 9361 24905 7138 7105 1666 19301 9258 11705 28348 25707 3891 7495 5386 3744 15961 22151 28619 10377 28057 5938 9646 436 27551 23585 4669 5483 617 25669 18016 1764 25855 23472 23109 15003 26933 9865 8606 18714 17851 1456 27815 10099 17271 22430 3978 26508 10542 29620 8136 10488 21519 24242 7382 9314 20040 12958 15809 789 25266 704 18688 28331 10569 10035 27201 18809 9628 2149 16728 27149 5458 11283 14931 23314 19815 29981 27475 19420 141 29092 1932 27250 29504 26086 11822 11348 20775 18920 23994 12726 26154 231 3363 21171 495 11561 15590 8395 26572 25336 2592 10073 985 9184 8423 15476 5296 12546 3739 20119 17353 14080 14239 18499 6565 21039 25995 18631 13951 19226 829 21727 26587 1008 14188 457 28117 26267 19520 10907 17921 5182 4372 29872 13387 12384 20178 16651 3094 24634 15700 28230 3163 6727 2380 12648 8136 25712 25192 3877 22431 26669 1723 19080 8617 9328 5925 27645 11398 25710 13536 16770 23695 27926 23850 7718 11039 21086 7691 16087 20045 3898 16283 23882 627 15331 13087 5938 16992 25667 20225 5923 7382 5210 5561 7919 1503 16516 11774 20695 17102 28685 3384 5343 14064 14912 10624 1203 5761 1293 26141 19839 19809 11101 15897 27751 1605 21889 10896 27592 12847 11752 2389 832 5330 28650 15902 15645 21878 7139 29727 1913 29902 29723 16643 18785 21743 22783 28970 16145 7182 1915 19518 690 28947 14496 12669 23065 21531 4525 5710 26277 2045 29969 10106 8950 22421 1245 29393 9067 21357 28113 17701 29761 19699 16034 12654 25309 13883 23408 4460 4608 21011 6361 2142 1992 15754 24675 21000 3851 25979 28606 10634 27984 25039 1603 18214 25503 26027 19029 4739 2739 23602 7472 20182 6173 26600 19183 28848 20927 19078 11052 3061 11231 14854 9111 13947 21332 9062 18917 15742 9666 8156 22015 3158 14394 8884 2538 11497 29128 10494 23344 24727 5736 1353 13037 966 27092 4683 29445 13991 11698 9405 29235 15775 28361 16622 23233 23837 16768 5670 14337 4510 2288 11000 13501 3645 15273 26226 25834 28529 13560 15909 3884 14183 28553 7138 3456 13475 3072 20549 3055 9721 10699 20847 28813 27081 26761 7754 9979 12929 24023 13501 4248 11542 20594 3934 27278 7918 26951 549 22558 28681 7975 9837 21382 9074 7911 6319 10963 18446 14440 720 13562 1283 29968 129 27527 24165 12659 1815 1517 14187 6531 11161 23169 4879 26351 21786 18549 28089 17776 6708 25450 19028 13550 9495 727 27782 27964 20308 7360 22797 11234 5974 19599 23276 6103 22610 24654 7700 28090 4868 26412 13637 24295 6993 7047 3689 29266 9702 1891 1992 25217 9432 18952 24656 19967 13762 15185 25633 16791 9889 19407 13398 22675 9716 16099 16933 13527 2340 15791 2255 23155 25313 21047 20088 16549 19490 9022 17352 27223 21457 28571 14367 27136 19338 1324 24688 21129 24102 17798 23037 21809 28429 23357 22402 2932 29092 15674 18720 6977 764 10406 8691 22162 28214 4798 3655 23195 29697 1675 18209 5094 9872 15837 24849 4082 21727 25195 28001 3808 25879 5604 17981 17812 13662 19137 20228 21849 28512 602 19839 14822 15096 14650 20860 16823 2939 29543 588 11147 1279 6986 27805 10640 12539 877 16175 26068 15444 12031 15226 25337 26126 18829 18502 21825 21404 15738 23329 22108 23890 24659 1430 5028 11268 23575 12144 6022 13610 28347 29649 24465 16742 14988 23859 24813 29327 21056 10916 9836 29479 1501 24565 16464 4202 4987 14858 8254 624 348 3835 16781 19837 20567 25550 11609 29297 8367 15627 13199 17960 7650 20697 15072 14788 10445 16603 17734 13823 14852 26807 14932 5237 15638 28938 1702 17844 23192 8390 21473 15895 19881 12216 6374 28523 10480 21367 6099 28896 7773 20283 24540 16652 11705 1083 26812 27226 9646 19245 3040 13301 19006 17462 1460 15111 9780 21146 13911 12807 14904 13784 21828 26872 21950 22828 6382 28824 9102 20464 16588 27572 7772 20899 17484 22149 87 14691 15447 14492 12553 27271 16646 6216 25808 4959 2823 16124 2909 24754 4835 12784 8737 25943 6812 2696 8865 7502 12790 14966 12207 29053 28890 15277 5636 17805 27232 2713 13747 4863 24398 28941 15855 16168 26088 14743 21073 4016 17628 21408 20353 16281 13306 16208 28942 17316 26428 16950 2326 7606 26624 18758 17374 4217 15027 19214 4669 13049 2644 27450 16388 3566 20792 24634 18966 9733 3201 21705 17206 21060 25236 18003 29132 19997 29089 9739 4038 9662 4677 10838 28555 16290 6419 27997 12791 12085 4485 14340 6214 10662 10745 22762 4860 2288 2037 15328 20487 8382 24711 12808 4551 13268 95 661 15354 10026 18212 19168 23325 17230 6885 17528 1907 3890 1197 10376 24731 3939 18467 19143 27695 25867 11587 20779 14974 3263 4134 2799 9551 10021 26821 16554 23219 20741 27968 25081 12885 3533 22160 1614 17187 16405 23353 10600 22461 26389 23992 4143 12195 23238 1828 16686 16161 6168 25587 18393 22709 5343 4669 23660 13891 13461 3000 21225 26291 15475 25908 24 19011 16786 14628 9786 12944 18820 2309 18403 7631 26979 26436 28113 60 4585 13523 13244 19632 5959 3174 17829 11719 2497 5072 4183 6245 11884 22654 15492 28236 28631 19302 22395 7234 20001 26226 24779 13127 10047 6757 16372 27693 25334 4052 187 27281 10408 26877 5490 27580 28870 28328 10844 29581 4710 8663 5910 9712 624 811 7589 1031 9810 5076 8546 29579 13974 12777 17230 4810 22647 12151 12363 914 18090 20300 22865 14069 3985 25381 18755 20105 19168 27366 5945 17291 2830 4616 7049 23693 3592 22921 21382 3266 1262 9522 25810 4845 11541 2654 8840 990 3750 7341 6441 29466 26039 28941 13741 2969 15318 8437 1210 4131 15015 3169 27591 2842 25064 11284 12462 11173 23847 5549 27288 29067 16860 22088 6224 11166 29756 6323 7150 27011 21261 27279 5215 16401 20267 1844 24899 18197 16791 14955 23862 12233 25869 26629 14064 19578 24025 8663 5554 16595 4422 4809 17611 26691 25063 29047 16279 15055 9383 3910 13283 24992 27457 10108 8259 2008 3809 19496 26358 17539 4228 12955 12321 8665 27598 24554 22545 14195 13373 20956 8125 20485 13399 20447 21769 9606 27937 23311 20732 8478 7481 23639 24506 12528 24577 1933 5365 11675 26005 28121 22853 21501 13408 15929 20696 16600 27494 23228 23224 10335 9942 24196 29708 1987 870 7115 2688 19549 29167 25876 16251 19287 9992 12698 5133 24029 22282 22415 27544 5432 19541 28362 15817 2826 26213 14374 27408 811 25615 27692 16212 5639 28994 18804 21838 25964 14894 11512 2931 29964 27530 24040 12749 10068 13211 23635 9360 23392 15879 28571 22615 21414 11964 7304 26125 29515 6426 28178 19439 881 21862 9372 13298 20012 24548 28929 11628 19366 17679 6936 15289 19905 27475 612 1042 4725 21524 7432 13142 13189 5059 8762 28922 26568 19051 7663 625 11988 22159 6355 12718 2968 10805 8592 23250 14683 7650 12681 7854 6788 3751 7849 4599 13486 27787 11468 18526 16226 4231 26547 22148 16364 3413 4354 15829 301 19005 1706 24082 16187 22076 10943 18090 21888 18647 20842 6587 12588 8043 11668 6134 18836 5683 5862 8796 12937 13368 3905 26592 3149 22862 23381 6730 11100 11362 14533 7854 26036 409 17137 24159 14667 25598 14298 28257 19631 24151 4967 25505 8360 4993 10308 29128 18270 3958 23848 13067 28971 6952 14183 22154 29128 20726 11624 9302 21219 17891 18883 24084 19110 6253 7246 26428 27388 4695 9553 1386 6148 11255 2299 7515 21302 20184 15442 19390 11065 11710 2214 6239 4880 17749 2777 10981 2430 28612 5468 6147 22180 28826 26831 11436 20117 27840 10614 1375 21739 27317 25615 29196 12349 6280 6447 9988 14013 14074 2638 20928 16266 25333 2829 29569 25424 26759 9332 11785 13343 17882 24753 13599 20553 14304 1786 18130 367 28791 15413 27420 24759 20397 21539 7175 744 18996 17114 1374 17386 22663 25470 21186 22977 17989 27463 4941 12977 16149 22711 6711 11675 4722 4037 17574 17902 27555 498 8954 13248 6227 19445 22142 9370 8289 3140 21936 18080 26404 26541 25845 23424 19927 11774 10389 18906 7128 25170 22115 20468 29158 6194 22570 13078 27840 25919 18072 28809 12554 11711 26386 1592 4760 7842 13012 29451 24501 12515 18308 15225 7208 12449 14133 10744 16047 21059 11469 6586 9061 9849 5722 2096 7177 14727 6184 24379 23632 1936 749 1247 23027 7331 6423 19414 25270 4134 15948 1208 9318 377 27825 18155 8230 18294 12578 27293 24538 15737 9648 2027 22943 11846 24448 22554 14268 15872 26843 19697 4517 28360 9044 21827 11923 22477 28147 23259 14524 10895 18158 8582 25446 13087 19705 21507 7196 18118 8514 25275 24524 26630 25909 4961 1416 14532 10988 14255 13459 9540 18492 6283 5477 29447 28291 14906 4630 25633 10549 29067 1559 27946 5049 8823 15283 21534 13636 12138 12896 13096 17392 23002 28812 14971 6385 11307 10845 29222 1480 10659 13162 16231 15084 10470 13068 26407 6495 22442 6732 9055 22555 8717 16294 3426 17773 167 26934 12621 27219 24006 16956 12968 6320 636 19638 14285 29766 13311 7959 8124 27349 24832 8417 26152 27772 23861 17726 12351 21875 7596 8724 7939 19214 13166 26157 8348 12488 15068 27515 15058 7094 1558 15300 26904 13444 11573 19004 16031 9256 7202 6974 5366 27217 23414 2093 14792 2771 24118 10704 25101 27960 18084 2148 25164 28810 7103 19636 22882 13473 23912 28284 12250 15988 13815 9382 13747 13487 14288 15551 22469 27055 2610 23678 16937 24734 17970 6404 26584 27813 11069 25453 29201 7713 18241 17547 24820 27158 24003 10420 18657 8990 23796 29730 10222 28362 29090 28726 14331 26865 23765 25516 22937 7560 18772 7604 5790 4930 19469 8107 17733 11134 10962 10406 2995 3566 16331 23192 1556 1553 12717 23565 27563 23467 13659 24481 17181 18148 8708 25370 13112 20651 12465 4690 16698 14407 28305 15242 14153 18586 16787 15154 879 1259 15980 21556 28237 4885 18911 29171 16279 29544 26197 29605 23519 15166 20102 15158 11839 5957 2401 1999 25133 18205 14255 11542 4244 10512 3902 28811 25146 26165 19001 57 6141 28497 3320 28834 21726 18715 13667 18407 27722 6882 28443 10071 5280 21199 22755 25816 16898 18145 19951 4874 13419 1812 3106 4675 3812 18486 4089 23193 2415 23162 14224 11677 6376 534 28977 817 8644 28316 18804 3732 14448 736 26998 7497 14863 22474 10316 19546 16292 3879 28177 12497 7315 5483 14784 26346 5231 19245 14809 24116 26878 17007 15532 20868 20913 22434 15447 12365 9386 29403 10620 21036 9290 13862 11925 16188 8516 27552 4622 21369 29995 5791 29731 16977 27416 17436 24088 29247 26214 26885 1741 14427 12025 13173 23889 16373 10944 26767 8212 26031 18035 26586 5038 28220 9706 20521 5281 17084 17198 17588 24720 9537 25401 13962 26144 11962 15791 5155 19760 8639 11423 28771 16569 7926 19753 26795 6510 28154 7723 6977 7821 19226 16810 29088 1342 12611 20082 1348 17384 22522 3282 18100 2029 23057 12729 23099 12910 14295 17593 7285 7885 28318 15963 20516 27135 18998 7776 28215 1595 28553 15511 23812 13070 7848 16685 19617 7709 1125 24180 10586 28103 17553 13837 28736 18791 11562 22947 25285 22009 2849 13400 25129 494 21893 20856 2599 24532 26603 26190 13917 1958 26523 15671 2876 1611 21321 28007 15434 1664 6541 1005 10888 1001 20215 3978 16014 22670 12122 8048 363 12838 9604 15358 14063 16748 8502 29066 5386 17799 15974 4204 10302 14547 16932 25156 26474 840 14805 23057 28414 3301 26738 17010 21128 22988 20439 3692 861 15418 7665 10972 18302 5308 25399 3906 6261 19195 17414 25072 16043 8416 22630 29751 15045 2729 28331 1940 26741 106 1546 4791 16237 8970 4280 3708 25847 18190 10745 80 19439 3992 27845 12086 1019 12151 1517 21271 1073 7974 19633 3856 7413 17493 25550 22580 15072 26881 3060 13288 3931 23447 14865 11743 9813 26882 4527 6947 130 17125 17192 25707 3063 19970 28692 7073 10798 6504 4979 2198 604 3871 28912 16625 19045 26292 9051 10912 29233 5904 1226 11656 23851 23548 18999 4743 11395 1069 23567 29305 3463 19167 7870 4844 21843 4663 9216 3499 13728 27116 26718 11549 21322 20187 682 23689 26257 15219 1212 7695 5091 24666 1271 8809 28611 22693 2332 9997 6086 25306 26294 18433 27740 21514 12491 21139 5878 24806 18428 15344 4313 3894 21469 22299 4636 608 4792 20 6979 20610 12293 5127 14021 23630 26567 9424 29717 13313 26306 11690 18459 5931 13028 15849 23852 7520 479 8471 194 26359 11782 4577 22215 29929 13257 11510 12892 14071 16317 25693 28887 27214 4574 24126 5338 25410 6870 24188 20054 24496 5914 8944 25995 26118 511 28812 16309 21763 5060 13396 15962 4216 8384 15827 3367 28407 8344 11935 29780 18542 15008 3361 17463 14182 2363 18207 13362 27076 25544 17803 16600 19328 18238 10721 28328 12328 26126 27377 12461 22473 23560 1135 25628 2639 9313 28231 23241 20466 5840 969 21310 19070 15706 27324 2865 1528 15237 5456 545 10407 24148 29845 10384 3919 14093 14410 8489 19590 22737 26620 19141 26465 23884 3581 13034 19036 18482 25717 14476 14348 21463 26844 2298 20174 9257 22244 24672 20221 94 14349 23494 10948 13795 17639 5304 14602 27646 16171 24830 25651 13077 23924 6361 8650 17944 8406 4016 25797 691 25728 12733 6175 13084 11841 6719 14591 569 18486 25549 11355 9318 11610 18605 8855 8606 24078 12223 11795 24594 25912 17267 4510 10349 3287 10960 21436 17192 8710 21881 27743 2238 17387 3731 4210 6776 3006 1533 27639 15484 22124 4789 11354 24519 15610 12685 10808 6169 17944 10870 24179 14838 8382 28983 5205 28420 11249 17890 9778 15106 24208 16921 16329 20413 5811 9300 12906 7773 19614 24378 14157 15176 19415 20887 19908 8245 26492 23040 3421 27305 28360 22002 11406 16863 24979 13957 25549 20916 1352 24936 9120 932 2924 5418 19589 25594 8490 8326 18339 27132 2125 13847 1926 10003 28773 12884 26616 29405 27994 15870 29732 29398 10716 2061 9138 13952 22871 25407 773 7941 6235 19429 33 17488 3237 4640 1682 2568 22108 11027 2789 18993 23554 11628 25476 28645 4845 16417 29536 21425 1345 23930 26468 24705 390 27993 8312 3071 14938 9779 21895 25944 29796 28261 20149 22294 27632 22055 377 17533 19276 9832 20328 27979 25188 15673 9172 25229 17875 24641 15315 5224 18666 6316 6412 15954 5824 22262 6991 15050 24395 22733 17926 15358 12150 24788 4573 24422 10050 5852 25912 20901 11396 22321 8407 17052 26517 16480 3462 27266 10776 18623 28662 1494 26763 2520 10126 8379 27325 10974 14701 19313 23495 29809 1793 6941 14990 22943 17222 5270 25446 16015 19537 6386 29105 20573 5556 7036 3722 25661 298 5139 19903 28599 14912 23681 25458 29920 2710 24243 19284 4090 27995 16729 25938 28387 2935 4372 4395 8635 5617 21647 1088 1241 27950 25032 18275 28407 19456 12286 7139 27748 21155 4586 1554 19253 19561 22622 1321 19103 2507 21964 22573 18627 19371 13779 27814 24141 1185 2849 26846 28790 9481 4543 25880 9325 20266 9799 13001 26435 27454 5274 24883 2689 14369 4728 5769 11267 3896 27479 17589 23337 21723 10236 11182 16721 4993 25362 22332 6847 25554 14089 19493 15048 21170 1902 21418 24676 19048 3606 28913 29900 26749 14845 8594 10061 12536 8560 8385 19912 17848 23761 22701 7822 2917 9866 11405 24120 15315 28327 18095 21491 9916 1078 2759 25446 17533 11702 3170 11031 24731 22381 16945 8185 4224 23310 18929 2250 27105 16424 21017 22650 15015 23689 3021 1201 18407 8457 29433 14385 29427 22472 13747 24382 26762 18423 16743 25775 13526 8777 9492 17222 28917 18284 542 20643 17847 26314 12628 10002 16397 5592 326 10571 29546 22432 3227 6921 11327 22504 8575 29674 23869 21247 12261 488 16655 14166 6125 8233 12735 1512 25972 11792 5300 17747 28612 21499 8415 2901 17667 19017 24578 12921 13150 13488 27791 1241 23936 1803 27315 14970 26872 18982 2396 1469 9278 28071 14310 21738 10190 13748 4600 23706 2152 29171 26092 14448 21607 20551 2428 21457 29402 15954 25116 23138 12846 16202 10688 12172 22578 15379 28928 8023 539 15994 26152 14989 7755 29479 21708 17957 9321 6949 541 22523 21077 5493 13648 19357 7783 24412 4623 11375 5388 2470 17606 10816 16912 28891 16571 29334 955 16327 22123 6712 25412 28916 8065 8625 29578 22790 13770 6282 20614 29896 19615 18120 707 6765 5941 18307 13573 24342 8648 11488 1874 29179 22884 23247 6641 15920 23731 13828 3601 8498 5808 16310 16010 24906 27091 10847 27028 2537 7391 11735 16333 6525 16165 17350 5168 5451 4759 10743 554 11915 22431 23419 15443 1414 3964 27626 27628 11158 18444 17713 6408 9767 10539 1722 27076 22713 3404 14351 20388 14997 7337 10892 10484 2816 8118 13394 18412 11816 18754 11537 19567 15846 7531 14176 5856 17257 25187 253 6075 13904 27398 6986 26837 20899 20311 15885 12268 27159 1454 9301 24542 3549 19840 14306 28236 17073 16505 13393 28024 25499 9315 4961 27799 17955 7955 24956 23790 27650 1122 9815 4204 19071 3038 24638 4682 24748 16771 5891 3908 4214 22981 21175 600 2125 11721 18613 29045 24861 22734 989 20945 17756 11512 2066 23618 4747 10644 3940 12857 2232 8212 20934 3816 29573 10192 15166 9578 23699 13623 2092 29942 22947 13493 2479 22944 29995 20516 142 25289 23993 7767 12356 3858 24144 11358 14193 3562 9859 18485 18198 4800 11872 27991 12385 9136 10573 9981 25692 29054 328 28252 25322 29832 4349 21230 7155 4617 16688 7863 2980 4226 7131 17702 21837 13410 3609 20781 28425 12336 24680 2870 14860 22303 20958 29730 13197 12244 3637 16795 11774 7232 6145 16128 17171 4644 26986 2682 880 7540 13406 7645 16982 10492 2415 98 14510 2782 26989 16851 18379 23941 6260 8161 8666 9516 7230 5958 18864 2720 11398 19951 11925 23914 26318 8113 18243 8688 20770 17638 5479 7915 3175 2153 1986 9815 19015 15281 26090 20561 22050 18745 20735 7976 24254 17784 12280 14929 9633 29854 23468 11088 29910 24369 20854 399 14939 288 10291 3324 20273 4388 2814 18746 23253 7276 7975 4893 2452 1110 13550 27061 20363 1554 10053 14677 653 16933 20918 11127 4226 6786 286 22939 14151 25278 27290 23512 22501 19462 1424 3937 22184 22294 23543 12024 21217 10187 6736 18731 9553 9978 29184 4045 12034 29608 22270 3856 3748 5516 21063 8455 12297 26058 18741 13264 26616 26483 24826 20748 12319 27363 5458 9117 6081 19421 20297 27062 29438 1377 4703 14101 24703 9955 17830 479 24427 23127 20650 19955 5210 27947 13036 21556 110 24312 11797 20146 398 10701 21175 12943 13123 14211 8959 6964 22293 26557 14787 11981 21928 2669 2240 27416 177 2255 4457 2266 16022 10056 8455 11087 21311 26057 22018 15125 25961 22427 3396 16665 17185 29270 3160 5445 25173 17122 3984 12851 20178 18214 8452 15266 21819 12367 24663 5880 5366 1391 4628 29751 18016 29254 12951 13087 12494 5799 15809 14273 7901 4898 15494 8313 28100 11112 5226 2920 954 19986 7525 14184 16674 1134 22753 9075 22453 10882 556 29640 1996 10594 18712 21115 5665 554 6801 25768 25249 19615 12800 25414 8627 8558 18633 24459 18587 25529 6321 5933 15725 28110 18820 10839 19065 24125 696 17670 8999 23212 28155 13585 201 10300 2295 28900 18276 2292 21828 4098 699 2701 22846 19830 8031 7526 5438 27217 8578 13862 9035 22492 28998 9180 23598 22567 29241 7991 16762 25770 15680 4698 26183 21256 9494 9828 6608 5710 9461 7420 1689 19387 21447 4405 10771 2010 3404 17063 12910 1328 24073 4643 15131 12823 11976 17142 11816 23022 8812 19346 11866 16129 26699 29017 5451 29285 24847 18939 21706 2369 4444 821 22010 8528 16575 28120 6202 3593 29649 17483 6969 6931 18643 21237 14986 5260 471 12165 867 9605 5380 23954 18959 19966 10651 12065 19322 8740 10972 25484 26587 13832 8992 18912 574 21105 13098 2625 14739 15589 20020 20177 29533 1418 14508 13136 5143 17373 2105 2002 29396 20677 20532 16251 3959 20762 17712 5090 5635 20785 28345 24937 27139 26729 13923 13356 934 12287 422 23220 6425 4374 1601 28755 28519 760 1542 14854 4915 27040 21470 26932 16419 22043 3409 2912 8014 13967 21681 22527 4966 12431 22357 1879 12782 1699 9277 25268 26165 24516 11893 3696 7817 16987 24617 18542 3778 17543 19135 19475 28966 23648 20890 11235 12540 2426 23801 21051 24042 19970 6715 9426 28628 7876 26451 27081 24351 11606 8060 14252 12391 8716 3132 5171 2429 1110 10128 18431 6944 5076 22028 23864 5527 22065 22251 24508 3576 6942 152 15605 19701 21963 18033 24940 80 21161 15730 26649 3852 20663 9912 17873 18744 4598 9928 7864 24857 23505 13803 15213 27745 5219 6708 14852 26150 572 25372 15767 23066 24154 19835 22626 18626 24319 19900 25941 5900 7666 11242 27804 26921 18442 13284 2649 26637 18855 3057 15285 18492 21523 7526 17880 22868 2560 4390 16767 131 11401 16943 1671 5138 7215 10879 18284 22088 10858 574 28373 23005 19441 7803 28918 10699 8490 9978 29689 16859 15833 25951 3718 9566 6647 9678 22935 5917 14825 10105 16295 4766 17895 26409 24887 27560 17520 20362 13679 9952 16911 29144 29352 17700 6571 10799 13168 8071 9840 14546 15188 27203 28576 6812 10501 2997 13174 1034 8628 18464 12065 12239 28318 13322 1764 7612 1965 20045 8360 935 17213 4553 19800 12574 809 19313 22061 22710 684 19923 27778 24137 27842 799 14828 14930 2940 4480 18240 18632 6165 25061 11493 27193 4416 14119 22342 9982 16944 13780 20242 1582 21793 10880 
