// periodic
// number of jobs
1
// pi
50
// Cycle
100
// aperiodic
// number of jobs
1000
// pi
87 49 18 51 26 85 75 62 68 15 27 74 11 3 96 77 65 78 40 42 99 12 20 64 85 51 91 86 80 9 84 98 69 58 47 85 64 77 33 32 59 68 38 90 93 96 60 85 42 39 17 25 61 11 8 51 66 43 70 99 31 7 9 93 39 97 73 39 29 27 4 28 8 67 60 18 92 70 91 27 21 30 66 61 17 60 17 99 60 59 79 39 92 63 36 15 5 5 82 85 74 35 11 87 50 90 6 23 26 17 32 66 45 78 32 38 18 19 8 95 36 60 67 81 51 50 77 80 42 6 81 15 30 50 39 16 27 24 71 11 58 52 98 29 64 46 2 24 35 72 45 40 86 38 97 18 29 34 89 70 54 51 4 84 39 64 84 62 97 60 80 94 41 30 69 23 40 62 50 26 66 91 96 82 1 47 51 72 32 54 4 21 65 23 19 43 45 28 58 59 20 38 1 74 71 54 15 87 69 50 11 74 55 29 99 63 84 5 10 52 17 90 1 28 96 56 10 50 15 9 68 12 24 49 77 17 64 33 57 56 83 71 50 45 76 47 70 63 39 71 85 51 5 72 33 38 24 78 12 68 25 26 25 69 22 60 70 33 26 80 32 71 37 93 25 85 32 85 22 27 36 46 32 64 83 17 49 86 37 26 22 44 34 95 68 45 71 71 52 92 74 58 30 83 9 29 83 34 2 72 60 26 8 30 33 40 79 12 37 60 53 70 40 83 86 83 91 58 6 55 30 51 26 31 48 79 68 77 34 70 23 73 47 4 97 93 70 57 34 73 41 20 20 7 39 35 61 63 61 74 76 50 38 44 59 32 35 43 62 74 30 79 11 31 52 71 45 59 58 93 35 90 87 86 48 74 16 36 47 64 54 89 36 29 89 47 90 60 76 4 83 66 69 77 7 7 25 34 85 83 12 2 59 5 57 76 6 39 41 52 30 64 13 24 13 20 85 7 97 16 56 54 15 74 82 13 30 26 88 42 8 90 65 34 50 36 96 89 40 22 50 67 53 46 80 15 66 76 89 76 63 8 86 11 34 87 90 26 10 2 35 96 20 5 74 13 69 92 6 9 2 29 39 92 67 30 91 79 75 38 23 50 47 96 14 37 90 61 84 80 60 64 52 30 36 59 6 42 50 42 98 84 25 76 54 24 37 22 8 51 38 86 67 17 44 22 78 60 30 61 58 33 75 48 82 51 10 81 69 53 11 22 20 86 17 99 62 24 4 7 53 95 61 96 24 87 48 38 25 55 9 25 88 41 56 84 47 10 94 34 96 9 69 21 51 37 9 36 40 92 49 9 67 59 31 4 29 97 53 21 14 67 62 81 72 31 95 66 74 44 62 13 10 52 57 31 29 69 11 65 37 84 92 72 55 46 62 74 52 7 10 24 4 93 19 22 32 7 18 5 16 68 44 67 2 50 92 48 74 23 23 96 47 54 91 11 65 88 99 45 14 65 90 58 89 71 22 37 40 11 55 97 60 59 5 28 92 29 32 86 31 54 61 39 20 23 1 34 12 64 12 85 57 48 2 23 44 74 35 89 91 11 17 50 5 6 51 64 8 36 10 84 83 68 81 81 68 2 42 95 64 44 44 83 41 9 35 39 62 96 42 65 17 87 20 46 67 45 44 82 84 45 65 14 4 90 16 39 88 28 49 84 93 44 30 93 61 17 47 25 39 25 28 41 33 4 23 57 36 6 59 67 83 86 55 46 60 77 19 99 57 51 38 77 65 12 46 59 54 93 76 54 93 46 64 20 23 25 21 91 28 43 85 31 79 29 28 99 12 93 97 96 95 97 30 80 74 53 9 85 5 90 29 34 5 52 32 57 38 6 51 9 60 4 18 82 20 86 65 88 88 52 14 34 27 32 38 5 40 61 18 83 51 75 6 92 93 77 60 63 47 40 53 53 31 69 66 76 20 81 93 95 63 91 76 29 35 59 20 56 53 83 66 31 48 54 43 65 51 40 63 28 46 49 12 22 89 8 10 61 53 17 59 72 67 98 83 75 33 55 62 44 80 79 89 82 91 29 8 43 27 22 7 38 52 98 29 46 3 74 59 99 11 28 11 35 97 53 60 27 85 64 48 72 50 43 37 28 31 54 87 94 33 70 35 13 23 20 16 96 77 49 95 49 56 13 44 20 44 76 62 86 11 59 91 82 38 26 52 59 31 63 4 48 14 53 29 45 91 8 97 32 83 80 79 52 78 37 67 67 3 25 9 70 14 10 43 29 56 85 
// di
3187 979 3353 2919 2856 37 3500 3381 1893 3346 2927 1284 2031 4833 4034 4489 708 1946 4624 3368 2870 219 1520 1423 1209 1212 2626 3808 527 4804 2817 3738 339 395 812 4302 447 2532 1311 1281 982 1040 1562 2756 3084 3470 810 2010 3364 3490 80 4015 3055 2320 2534 4219 3438 4920 1013 3572 1809 2756 3379 3127 1114 3427 669 4552 3714 1409 722 2756 1270 650 3382 3658 87 1375 1811 1808 4990 1704 1601 2990 1538 1919 3498 3858 519 1131 290 4808 4220 4906 1160 1217 1525 3187 1750 3225 1281 127 676 3783 653 1452 4459 382 4384 4321 4588 1387 4867 3840 4955 2494 4352 2517 2690 3307 546 3617 1581 3990 1829 1423 1867 3318 1007 3197 4889 694 2509 3 2108 2692 2404 1295 784 2543 1335 4927 1571 3080 4322 919 1412 1331 26 3998 3831 2297 4227 2025 3062 2410 792 2501 3030 3164 3765 1434 180 3885 870 3424 1426 1892 1675 2402 3994 119 343 275 4223 3497 2301 4772 3535 4908 952 4618 3684 1258 2873 3731 2277 3008 2656 3662 3859 3357 1105 3399 253 528 1740 746 1328 2026 4307 1933 552 2026 94 1098 3554 1458 2425 3550 1508 3366 312 497 3868 1104 3870 4016 2280 4126 1666 323 4721 2398 1824 2559 2388 4790 4431 1947 1940 2218 1166 4243 290 1002 365 3382 375 1842 4257 3872 1416 2461 1280 3135 2698 4600 1800 332 2070 8 1222 1715 4362 4419 2881 595 4488 3027 1773 4051 1409 4847 3490 287 3824 1394 4925 3068 4203 3691 4632 4448 1248 1201 1977 3807 3801 2458 47 2189 1702 3023 1372 1596 3423 2145 4293 2962 1784 1177 3934 835 4749 3413 4584 3589 4800 4296 2335 4618 1839 4455 1113 4488 4278 494 1625 4923 823 1527 4357 3086 4889 4632 1270 2776 1414 884 3475 4039 2313 4575 4588 579 1652 1370 4793 1555 704 305 1603 2617 4599 1863 1567 433 2570 3269 4448 907 2530 4107 3945 288 3461 3613 644 2218 2124 4941 3203 1006 713 3706 3955 4284 3894 2968 948 4549 1650 2024 140 3969 4955 4664 82 3952 1443 2859 2891 2786 535 3893 4437 4104 2255 4819 3360 812 4642 3128 2775 951 616 2865 3099 4473 808 3518 3644 2202 2727 1330 2123 3569 3050 712 4023 4504 2590 1557 1132 3664 1543 4503 4482 3612 205 4638 781 4728 1807 1463 1305 3813 3240 303 1725 233 1652 4675 893 3945 2494 550 4164 818 4428 3787 417 1764 2729 3397 1650 3094 3582 3059 1541 3785 4180 4890 1604 2442 2024 164 4655 4525 2209 1470 3233 3004 274 2389 2850 981 2104 3529 4208 4526 4063 2762 3325 2964 3418 1674 2650 1889 422 2370 4438 4018 2416 1028 3001 624 4684 1049 4752 3434 1885 172 1293 4313 3706 3609 3244 23 2062 1126 3052 3891 3142 4312 2059 830 2093 96 4514 4471 2791 3915 1040 227 3864 4263 4380 4467 804 3009 847 171 2252 3453 836 369 2950 2891 4165 1089 4845 4615 3126 4168 3964 3382 2191 1378 4695 3917 1791 1378 2257 749 4389 2507 2230 1280 1523 2186 4873 1519 281 471 386 1038 1653 3523 899 4956 4847 2003 4100 1202 4275 1710 3504 2274 35 4551 635 3601 1300 4754 4896 199 1531 1040 1167 4351 1675 3632 1986 3262 426 1527 1689 3997 2389 243 2322 4880 718 1572 1778 1944 4763 4158 4273 742 2140 2100 4295 1435 2099 1559 4480 891 4540 4340 4572 3245 3964 4872 4936 863 3840 418 4617 1760 3606 970 4953 4359 3524 4734 297 1699 1831 410 4173 4378 1489 4583 1782 1303 4560 76 164 902 1743 1666 773 2553 4267 2962 2594 252 573 555 1489 2109 233 2704 3521 746 3398 4474 737 1955 4387 549 2505 459 4022 719 1700 1075 795 333 1083 3811 3266 3835 1546 596 2573 3108 1126 831 2808 3582 4239 3517 3180 4987 1597 801 499 2 4261 4593 4196 2568 2634 2252 4188 4094 315 4586 4596 2139 1074 343 4048 1547 381 740 357 4904 844 3215 4637 4565 4684 2091 1197 3410 4431 3037 3652 733 2225 4415 3017 2421 4139 3331 3692 680 1047 4590 2935 3793 2829 4238 364 4631 781 4463 4145 1061 4571 1089 4558 3031 4486 4105 405 3587 1403 327 4967 66 1528 212 41 138 4208 3702 2312 1525 647 3583 1588 570 2313 3032 1918 956 696 3544 3427 4790 4051 4417 1061 4263 3172 4038 1790 4195 851 2365 1343 1685 2539 4579 2837 2027 2131 3726 3821 1027 452 932 4113 4536 3163 72 3198 4334 1185 2184 2716 4377 2030 4299 1815 4455 3800 1123 4417 4095 757 1027 4450 4818 3342 3789 2978 1921 2134 205 1177 4263 3579 3547 2587 2890 2650 3077 195 4839 2099 878 4535 1231 3324 2179 1074 3694 2833 1040 176 882 1091 533 4471 4843 648 151 4190 3920 414 2561 1865 4083 4645 4861 310 1992 2429 3198 2668 4387 1304 3362 2755 223 4572 3894 3251 186 969 821 1214 2254 4703 4678 4434 3362 1644 4640 2810 2954 4085 532 4150 458 1871 1298 4840 2726 403 526 1076 1277 2372 764 1146 292 1961 2372 923 3798 3573 1640 4984 1720 1798 2538 3373 392 3209 2384 3564 2845 3058 2339 1274 4338 3508 898 3761 4167 2847 3830 4693 4170 1042 3977 236 519 1642 997 504 2411 4823 1914 4928 954 2297 692 1770 1638 4025 4497 3164 1873 3491 3627 3061 2650 2111 1349 489 4245 4885 4388 2549 4386 1527 387 1714 4929 3873 3570 3254 3331 1711 4425 1390 4380 4630 1510 4837 4787 4657 1388 1972 839 4171 4436 4932 200 2284 4674 4360 3087 2102 1564 3933 3261 1505 4994 4209 4707 3423 1557 4243 407 807 3710 1301 3680 98 631 
