// periodic
// number of jobs
1
// pi
50
// Cycle
100
// aperiodic
// number of jobs
9000
// pi
18 69 84 3 58 19 87 63 49 1 38 42 83 28 18 75 33 9 26 67 62 40 98 42 35 92 82 83 98 99 76 52 84 6 72 95 57 23 11 47 56 27 26 67 15 67 74 53 24 7 23 91 75 46 27 69 93 4 29 29 81 29 18 79 81 2 73 25 29 3 77 11 34 49 8 22 72 81 27 72 31 24 37 1 1 36 6 89 99 11 40 9 57 75 59 17 36 15 65 31 62 60 26 90 65 2 32 83 88 4 93 16 70 54 96 86 17 25 13 22 19 50 58 42 53 60 70 52 68 23 45 51 28 41 40 48 70 24 55 32 86 59 47 33 60 33 77 31 35 23 29 58 71 56 42 21 2 28 11 93 94 77 34 53 2 88 4 89 45 34 94 13 14 87 86 37 89 52 43 1 35 29 52 27 62 81 49 95 86 98 37 66 99 73 66 88 14 11 49 22 85 56 54 8 94 12 80 56 68 97 50 40 95 25 63 73 1 68 88 30 54 64 48 99 55 84 49 34 81 34 72 64 19 37 94 40 35 53 4 24 8 68 61 24 70 63 84 77 84 35 4 86 94 33 10 89 77 68 13 68 37 38 32 61 94 20 68 38 25 65 31 22 95 25 99 66 16 88 61 1 77 43 28 94 68 87 8 67 69 67 97 57 65 47 5 74 11 58 84 96 43 66 44 2 60 35 20 3 86 83 91 51 30 25 38 99 72 81 3 46 62 14 56 82 11 97 39 69 45 66 77 7 94 68 12 54 12 27 73 17 45 53 70 79 20 84 32 27 96 22 86 32 28 84 40 57 6 71 5 94 25 28 95 87 37 61 28 35 90 78 44 14 42 78 25 75 91 38 90 46 58 23 33 91 71 4 87 78 85 99 50 34 15 59 86 52 40 71 57 26 81 8 33 79 74 77 4 71 37 37 61 24 81 22 98 92 58 79 57 65 14 35 33 58 10 19 37 11 64 83 34 25 70 67 3 14 18 39 27 27 70 61 79 12 62 38 59 79 59 46 54 81 4 52 69 29 7 99 69 81 51 17 41 20 97 9 34 48 36 40 91 73 95 7 49 93 88 95 29 82 82 97 47 9 23 40 83 63 30 65 12 70 40 94 71 32 85 5 32 40 33 22 84 31 92 91 26 64 41 9 87 49 68 56 86 1 72 20 68 91 26 8 25 12 62 34 13 93 67 63 3 50 15 21 76 54 89 87 82 83 59 37 22 61 38 24 5 37 9 26 20 13 55 5 54 86 25 70 47 12 78 90 2 89 18 70 93 75 87 44 61 26 87 77 74 80 32 94 91 84 77 97 28 64 77 99 18 46 31 51 65 68 94 19 17 62 54 9 99 47 80 19 82 84 20 15 65 30 81 24 28 14 56 94 3 59 38 39 58 56 60 83 71 64 90 44 47 2 53 67 37 69 29 93 20 90 26 83 44 42 11 18 86 37 49 59 68 23 6 95 81 8 72 82 41 32 7 38 97 46 5 28 21 99 82 56 2 65 7 87 2 39 9 57 10 43 79 77 31 15 97 77 91 43 59 31 88 2 82 23 86 93 98 47 84 77 22 84 15 8 90 3 20 40 2 22 23 71 27 83 38 95 33 57 6 1 9 75 26 74 36 14 91 58 34 30 97 23 81 28 98 74 59 41 63 10 57 81 94 73 5 34 44 15 73 11 9 60 72 68 45 64 35 78 84 89 16 44 35 19 6 34 48 60 36 29 70 42 59 57 59 80 91 47 18 54 74 24 84 93 55 68 62 66 1 33 85 25 60 39 26 92 32 34 65 30 54 25 13 45 27 14 76 81 71 98 1 15 32 37 93 53 16 26 77 31 27 8 35 52 75 2 15 69 73 31 17 56 8 4 11 41 69 55 5 94 95 94 98 52 92 47 69 93 88 83 94 27 64 47 18 11 88 22 19 80 34 61 22 56 31 99 53 77 75 10 2 6 50 78 84 49 21 21 66 98 4 75 7 82 44 87 60 17 70 74 87 72 34 73 80 61 68 3 44 59 12 41 83 75 72 64 8 82 90 71 3 34 69 80 29 20 88 96 66 59 17 73 49 78 21 70 51 64 46 65 15 70 42 80 7 98 40 14 4 52 62 91 74 7 50 16 14 96 7 2 45 33 48 45 25 6 69 85 45 16 91 30 65 76 51 74 97 25 49 86 97 81 44 5 34 36 45 41 53 63 89 14 19 24 42 94 21 52 90 45 79 16 1 38 68 38 68 56 61 37 31 95 40 23 67 97 38 13 46 60 99 10 21 7 6 94 3 98 43 37 15 83 47 3 87 29 33 5 52 85 48 48 30 84 27 37 10 41 67 95 25 26 18 37 19 62 5 77 86 45 42 13 35 53 16 61 78 66 20 43 43 37 43 64 32 65 78 53 36 26 54 80 30 66 92 20 4 15 15 19 18 43 55 80 16 3 63 4 42 42 73 71 49 54 7 13 93 87 98 42 82 37 22 19 7 5 73 91 77 39 58 34 74 64 73 96 7 34 42 81 83 95 78 15 6 96 49 94 12 46 32 53 34 41 52 19 26 10 26 88 71 40 69 44 52 54 15 76 3 51 96 23 36 23 56 34 2 56 36 87 8 6 53 88 19 54 3 98 12 42 48 50 15 29 54 30 21 24 57 97 36 20 43 41 34 4 73 88 18 38 61 95 4 11 26 52 80 34 68 52 87 81 63 98 55 7 84 5 99 40 23 18 20 68 46 18 33 92 32 67 51 24 2 60 28 81 76 44 22 73 7 66 40 9 57 83 56 47 22 42 62 94 71 75 13 85 8 68 88 28 18 25 56 10 18 99 94 86 21 54 55 53 36 58 91 23 62 43 88 44 51 28 64 54 5 49 92 86 38 34 8 19 82 97 40 21 50 88 96 98 8 18 81 49 65 69 33 69 84 23 19 30 43 2 71 46 29 4 46 82 67 69 74 42 3 47 22 94 29 2 86 53 52 40 96 29 60 38 34 6 11 94 32 85 91 30 52 42 76 75 30 76 56 67 71 21 56 55 61 56 30 10 60 43 16 59 72 94 20 77 69 40 33 76 61 10 89 41 58 21 62 28 82 72 52 2 29 74 88 21 92 16 31 22 61 78 51 63 10 54 15 87 72 37 37 65 26 32 24 17 72 64 27 5 22 76 36 51 75 63 69 5 7 33 74 42 1 61 2 63 23 60 3 37 94 87 35 43 15 77 49 46 42 8 50 1 98 61 83 52 82 91 20 98 62 77 47 81 84 37 59 48 7 66 3 70 59 87 7 23 27 59 41 78 69 18 37 48 25 84 91 79 15 78 5 28 36 23 79 59 68 68 36 29 35 51 61 40 21 66 95 36 40 32 48 20 61 4 74 30 32 87 48 57 24 53 77 57 89 86 6 69 91 15 46 59 16 73 19 85 23 28 44 81 16 46 3 37 11 49 44 36 58 23 52 84 17 97 28 63 17 92 78 94 55 57 98 68 96 78 94 19 28 29 30 32 66 15 11 2 50 28 89 54 92 62 56 12 53 89 55 99 79 41 23 72 93 27 8 1 79 80 13 97 22 24 62 84 49 70 62 83 12 72 72 99 54 39 94 59 38 12 2 97 79 25 77 44 71 10 70 13 52 35 29 67 11 89 81 15 38 44 38 22 70 37 56 88 31 52 78 60 10 8 15 40 90 38 99 79 4 8 80 36 30 84 95 42 74 21 85 72 4 20 61 71 95 48 68 94 89 83 47 47 37 54 34 24 26 54 18 91 87 74 7 47 62 71 94 36 7 77 21 73 90 12 88 23 20 42 40 20 56 69 30 28 90 70 76 61 18 24 67 25 79 77 42 47 90 44 76 27 16 76 31 20 54 61 49 72 73 4 32 9 14 82 71 67 83 89 14 67 78 53 62 69 49 96 87 39 59 65 51 5 94 82 69 36 29 41 2 10 88 37 8 64 86 72 53 33 12 18 15 96 69 3 67 31 72 50 96 98 16 9 29 59 75 90 15 24 26 35 71 53 24 47 36 38 74 34 52 43 20 64 50 30 52 76 19 28 69 10 65 4 44 81 28 32 59 7 37 9 83 11 18 86 52 31 34 42 78 20 93 64 38 59 42 68 39 85 97 50 16 93 1 82 61 31 92 23 3 72 11 15 30 25 14 89 23 77 91 48 35 76 50 92 53 38 74 43 45 66 4 35 22 86 24 47 71 40 71 57 71 42 9 65 96 46 58 73 7 34 38 80 95 50 82 83 37 30 86 39 76 61 4 39 6 40 32 79 10 63 11 78 36 97 71 40 22 42 2 86 74 74 54 25 17 71 73 24 80 80 24 89 6 36 44 1 41 31 95 71 52 44 18 98 75 96 55 89 17 52 68 92 47 40 14 96 88 45 12 84 89 21 3 6 32 44 31 4 37 25 30 80 2 24 18 49 12 16 68 16 94 83 3 79 53 7 54 94 34 20 98 30 78 26 65 18 20 63 32 32 81 67 14 5 81 84 51 23 38 98 50 74 66 51 7 84 52 64 59 49 64 92 99 4 7 36 29 97 94 3 3 99 7 34 70 85 66 42 69 72 11 50 93 27 79 49 92 79 5 1 37 36 5 68 93 9 94 81 49 48 53 91 4 93 44 86 4 62 29 2 92 45 56 50 31 18 91 51 65 95 19 71 52 98 38 51 89 13 76 82 10 26 31 56 77 90 32 96 85 66 84 3 59 62 65 71 19 48 41 39 4 54 29 46 47 98 43 91 36 95 62 46 46 50 32 48 71 32 69 31 19 60 59 46 50 83 85 89 52 80 65 91 25 39 99 37 49 67 1 59 34 13 94 73 69 17 81 48 7 51 43 23 52 47 34 11 63 92 52 22 24 79 87 85 96 79 19 69 28 14 88 22 95 27 76 15 15 19 12 43 35 93 59 55 97 85 18 21 70 38 5 44 85 78 60 77 80 87 13 85 56 35 1 32 59 28 46 56 99 78 76 24 52 30 43 34 48 91 22 24 12 83 21 10 18 15 70 38 88 85 55 19 68 8 51 81 92 43 8 42 19 70 50 92 64 40 39 92 18 22 49 2 34 6 66 84 38 84 75 18 21 27 7 42 66 88 82 47 35 91 56 71 96 78 85 84 36 31 4 9 17 40 32 38 68 86 24 68 96 20 40 30 76 98 13 97 97 61 14 83 99 5 60 68 86 13 1 5 65 81 92 83 70 18 68 12 13 86 27 24 50 14 59 82 77 85 57 69 19 54 59 79 92 29 49 32 88 62 78 82 78 58 54 81 53 49 16 86 72 94 95 97 2 70 56 60 75 52 98 10 86 77 33 29 97 91 73 68 41 63 75 74 90 28 12 52 11 59 18 36 81 88 90 44 57 3 65 46 26 17 60 1 46 5 15 96 61 37 27 61 56 55 36 6 17 89 79 75 22 57 82 23 56 35 70 18 7 5 96 24 62 87 95 90 6 48 99 92 29 80 10 99 5 95 53 32 40 13 94 55 36 87 83 81 71 72 14 27 39 40 11 48 52 82 61 16 95 7 79 26 70 82 86 76 19 31 25 66 8 68 59 34 26 50 16 32 55 40 76 12 66 25 32 24 76 18 31 53 42 64 16 73 20 62 45 59 80 7 52 43 69 2 48 87 39 89 77 57 37 96 5 77 37 96 72 33 41 61 68 4 85 15 78 54 63 82 68 78 43 22 99 15 24 37 64 87 78 83 78 26 84 2 15 89 94 29 95 24 27 29 18 79 56 71 8 9 31 17 74 68 7 88 91 16 44 49 46 25 71 91 30 40 14 11 76 46 5 31 13 11 4 37 40 16 55 94 59 83 48 74 32 70 99 71 32 27 40 88 53 80 57 43 25 98 84 3 33 82 78 33 60 77 12 31 76 73 51 55 15 51 2 56 49 88 41 87 76 48 4 60 62 90 69 43 55 24 10 34 52 2 77 2 51 3 93 76 11 92 39 26 23 29 35 76 45 59 1 50 50 45 10 35 69 10 83 10 46 80 22 67 15 34 33 53 5 8 86 77 85 19 53 76 27 70 38 94 77 16 94 67 13 38 72 26 24 95 63 10 5 78 76 62 38 60 20 87 83 9 38 98 33 37 34 35 83 26 96 5 83 4 51 90 67 67 86 11 43 2 69 10 54 50 93 20 51 14 62 31 48 51 5 81 46 91 88 89 54 60 77 69 13 80 79 39 51 65 2 11 83 33 96 55 34 74 82 51 5 25 36 14 37 16 83 99 32 98 61 19 72 43 15 67 53 67 4 89 16 18 48 47 65 30 53 90 64 12 32 42 7 78 35 87 64 39 16 40 23 71 74 2 48 80 68 99 76 70 98 9 23 63 67 59 83 88 79 96 12 73 59 10 62 17 86 86 74 47 29 12 56 95 31 36 71 70 37 31 25 68 70 6 31 36 82 51 34 95 4 3 2 49 7 2 76 77 50 59 51 69 74 38 89 39 36 13 56 61 16 57 13 53 47 71 25 92 51 77 25 8 14 98 29 61 18 2 86 99 92 55 84 28 58 88 60 7 25 12 65 6 92 50 91 69 42 7 16 98 87 87 63 99 85 66 98 36 62 33 67 45 53 17 11 16 51 45 10 83 47 25 72 50 11 48 13 23 22 64 45 36 3 65 9 1 10 16 41 25 78 41 75 86 46 41 9 47 77 92 62 67 83 98 84 63 93 40 86 29 85 88 13 5 55 12 28 26 12 94 98 27 45 1 18 73 62 35 14 85 52 2 7 59 73 73 94 62 61 57 96 51 65 56 28 63 72 82 58 42 63 41 35 73 10 61 72 23 45 65 42 33 71 22 93 36 15 73 76 14 18 1 68 89 92 41 84 91 93 67 30 10 13 31 79 45 13 89 11 38 21 56 88 36 30 59 13 22 83 14 36 36 65 88 71 50 75 17 40 9 5 98 8 84 86 75 88 76 37 20 33 34 75 28 12 83 30 21 83 39 33 40 61 66 49 65 14 36 1 18 53 45 31 63 16 68 55 76 36 18 5 10 48 81 54 95 4 92 19 88 74 12 4 6 81 78 31 81 24 38 13 48 83 74 28 96 90 10 14 17 61 43 35 81 95 24 8 99 13 57 19 98 55 17 77 68 6 37 50 12 21 46 51 85 13 87 67 80 18 1 1 44 19 40 8 67 66 47 47 14 93 67 37 54 77 48 13 24 16 59 28 23 73 65 12 55 42 54 49 63 43 64 15 46 26 21 63 26 55 8 85 29 29 90 7 30 73 84 21 33 19 86 59 60 33 44 5 34 23 82 59 65 95 55 53 73 35 44 37 63 64 99 56 92 84 69 68 5 59 30 30 83 95 52 66 42 11 13 73 48 47 80 82 39 23 23 33 20 98 6 25 57 20 58 28 70 40 65 55 81 29 93 22 55 36 76 26 89 86 92 77 18 5 61 35 27 91 45 16 53 26 67 88 70 18 54 59 26 54 96 18 15 91 15 27 91 10 67 29 44 16 88 45 68 97 92 63 97 85 56 49 10 92 48 87 34 76 51 27 40 63 23 88 25 13 45 49 50 72 26 28 47 17 94 56 58 31 45 44 55 76 9 98 58 85 92 75 54 22 11 34 73 76 39 2 76 82 30 34 21 19 62 49 92 29 38 79 84 97 45 96 58 22 85 94 80 34 46 41 75 3 77 86 82 61 2 55 23 26 52 50 86 45 17 32 11 19 32 11 55 78 59 68 12 78 13 34 87 55 75 60 68 78 53 56 77 97 10 59 22 59 91 8 53 7 22 26 88 25 28 49 46 49 56 62 9 82 56 56 88 7 89 55 2 35 53 93 66 82 98 53 98 6 86 33 74 65 38 79 45 28 29 46 51 10 25 87 2 50 52 34 97 46 12 77 11 72 59 64 41 68 5 81 81 24 82 20 40 26 43 48 41 67 51 25 54 29 64 73 12 42 83 1 14 50 39 63 50 48 93 28 34 95 54 63 75 4 19 87 46 29 17 11 9 4 62 43 3 65 58 23 55 85 28 31 29 83 42 99 21 34 65 67 32 69 65 1 7 17 44 40 71 58 80 71 61 96 88 21 28 4 45 3 80 85 47 69 6 5 22 95 18 62 30 28 74 6 62 25 10 76 11 33 50 33 65 67 62 55 23 50 98 67 65 14 55 15 90 2 62 51 95 90 36 51 69 66 45 83 93 78 8 62 84 96 12 71 60 2 6 82 52 72 70 37 35 6 56 56 22 43 54 30 94 11 48 61 76 99 44 90 47 5 72 78 48 48 2 14 63 92 21 67 49 28 36 55 45 9 50 89 7 9 60 84 49 17 25 75 80 88 46 55 40 25 48 93 12 22 10 9 58 23 60 64 33 93 38 62 57 61 87 36 97 91 60 2 94 70 81 72 73 45 6 94 48 89 67 38 30 93 93 56 6 29 73 71 39 39 52 78 27 73 67 8 61 88 62 89 7 76 62 9 66 48 37 51 43 60 2 76 87 8 40 69 43 46 95 11 16 79 20 57 76 52 94 5 79 58 93 99 58 56 45 30 40 4 30 98 72 6 9 80 35 43 47 23 46 42 68 78 21 23 79 59 27 22 89 13 9 79 25 78 72 71 64 12 79 49 10 6 49 69 20 69 77 73 11 42 40 52 52 96 18 9 74 59 98 46 74 87 39 37 46 44 71 64 61 86 71 76 20 38 49 95 12 85 29 41 76 15 11 28 93 65 4 34 66 52 54 48 19 73 87 68 14 37 23 54 15 81 22 62 74 7 11 46 11 45 9 13 80 24 86 92 29 85 67 2 77 29 63 70 85 75 6 11 76 38 51 67 96 24 49 13 31 89 4 93 72 69 35 33 66 36 29 80 76 70 33 60 10 53 74 97 64 92 78 42 16 48 37 42 57 27 54 39 13 51 62 60 40 57 14 3 63 59 8 54 17 78 39 76 10 62 64 27 29 54 95 63 86 89 41 63 58 96 28 5 28 98 93 20 80 45 65 87 10 11 11 71 24 94 18 5 26 69 60 95 1 47 51 84 10 20 55 6 99 46 60 11 87 83 35 20 79 80 89 27 6 11 89 80 96 90 20 10 34 43 58 9 80 78 83 85 13 74 57 7 22 3 5 65 83 12 53 50 22 61 53 43 17 73 52 24 18 96 27 38 20 58 93 95 7 78 99 15 41 30 50 30 73 54 61 39 83 44 41 40 33 35 47 51 63 74 91 34 93 57 25 20 54 89 64 61 74 54 30 23 80 80 16 31 71 7 30 24 77 4 13 47 38 39 97 33 95 35 4 70 54 66 90 81 93 74 74 23 28 12 50 97 76 63 24 30 64 45 65 91 14 9 68 53 12 16 23 31 6 62 44 22 89 77 33 98 54 49 73 65 49 32 65 30 48 44 15 81 41 18 58 16 73 11 27 71 58 61 20 13 7 86 29 27 37 56 17 28 92 18 39 56 82 59 28 45 76 45 26 38 23 26 70 79 68 95 62 74 21 58 34 39 23 16 97 29 36 71 51 67 47 59 28 19 10 81 78 41 21 89 33 52 97 41 88 13 14 37 85 34 39 6 54 97 98 79 72 94 8 58 47 3 51 58 72 99 97 12 60 82 9 80 68 55 47 27 34 83 1 14 13 69 52 35 60 8 34 90 39 89 63 30 63 58 9 64 42 86 14 99 12 55 22 4 88 54 89 80 9 49 96 94 85 11 35 37 94 32 11 62 48 49 56 81 28 40 98 35 19 28 88 58 88 53 57 35 88 11 16 38 7 49 28 60 51 75 83 31 52 74 63 39 87 34 88 69 40 66 78 23 63 36 17 10 42 98 45 85 16 66 12 96 51 52 62 46 3 99 41 43 65 67 43 78 1 97 45 22 10 88 74 78 2 58 76 33 44 64 29 86 90 5 30 15 97 72 48 22 36 47 91 4 30 29 10 65 43 24 83 79 3 47 46 6 82 42 46 17 81 58 23 32 28 4 23 30 81 57 57 72 34 34 26 81 96 53 55 20 64 13 65 78 57 65 66 98 49 57 89 37 81 62 46 33 95 64 86 99 5 16 64 10 12 30 52 20 33 92 70 77 95 99 3 72 7 84 18 92 39 82 36 82 2 64 96 76 15 54 69 70 8 16 57 13 23 58 87 12 27 78 63 98 66 57 53 26 98 28 46 9 9 43 10 75 20 2 62 53 17 58 13 98 34 38 84 21 9 11 26 87 10 28 97 41 7 48 3 56 36 53 22 15 96 96 1 66 48 17 26 72 41 55 10 40 55 45 86 68 33 5 49 31 44 32 66 68 92 58 3 78 28 51 88 84 69 64 38 37 53 23 62 4 40 60 14 88 13 7 62 49 72 23 2 3 89 77 4 66 74 96 78 67 63 24 7 76 26 45 14 91 72 46 57 35 62 55 14 37 47 81 13 6 27 87 26 29 19 77 36 21 37 35 87 70 51 90 68 10 11 28 69 87 43 22 88 9 70 61 30 10 76 27 78 59 28 80 70 48 49 89 31 3 17 74 43 95 26 92 5 74 93 29 1 71 16 98 77 1 81 26 66 93 67 62 58 58 23 7 14 9 54 39 79 91 15 38 61 6 13 70 7 75 86 81 47 80 13 36 92 42 98 30 98 70 89 63 16 68 35 9 15 9 25 59 29 85 82 13 29 68 32 22 34 61 15 32 85 38 40 12 81 14 99 27 29 6 20 95 45 85 73 62 3 94 54 19 17 64 91 76 93 32 45 68 73 3 31 5 19 97 31 70 15 90 7 61 79 49 39 47 55 40 96 42 51 97 57 62 71 11 89 52 20 68 63 38 16 36 38 49 28 8 94 21 72 14 46 81 6 42 86 73 55 38 3 51 5 49 50 49 22 40 87 83 24 17 77 43 40 89 90 16 59 75 75 88 22 3 71 62 42 39 66 44 36 80 73 30 76 9 36 48 76 31 40 77 36 81 9 99 33 33 80 32 91 58 56 14 21 43 42 66 51 44 9 58 76 94 95 47 54 87 71 11 52 35 50 67 86 5 97 51 14 66 62 57 29 94 6 84 97 59 62 62 48 11 99 71 39 36 86 37 88 63 47 68 24 85 4 66 66 29 83 57 43 13 8 90 81 25 62 24 38 74 88 51 59 41 81 2 6 9 41 4 62 73 43 42 67 80 43 55 34 20 65 23 71 51 85 78 30 80 4 53 49 72 6 58 23 26 94 4 69 92 10 81 67 14 83 63 60 22 70 43 68 24 37 41 72 78 34 81 45 22 65 87 78 77 56 80 43 39 84 82 18 57 87 8 45 81 93 15 72 2 47 43 97 64 98 7 97 7 14 79 37 75 61 13 5 22 75 89 84 24 75 86 74 72 86 16 91 4 42 76 30 10 21 72 69 75 8 77 53 45 31 50 55 43 45 58 38 90 67 2 99 52 79 15 23 87 41 40 35 12 42 34 44 65 47 37 18 78 33 18 99 9 3 40 59 81 86 3 50 55 64 76 70 13 64 81 60 14 68 46 5 7 35 7 14 29 43 46 33 70 50 17 50 94 75 60 91 78 65 1 30 6 20 8 52 38 85 4 24 48 86 62 32 74 46 24 28 14 3 18 92 33 78 95 49 38 52 54 61 18 15 80 30 56 87 87 95 1 45 4 22 23 64 53 34 35 99 70 96 91 63 92 23 32 98 31 15 58 95 7 81 66 88 92 90 95 52 27 55 20 96 75 41 7 27 1 8 5 50 88 33 62 95 3 46 70 28 65 9 4 70 1 35 49 29 42 18 8 86 60 88 14 52 38 33 66 42 75 54 33 12 25 8 17 34 91 59 8 57 26 38 73 43 16 36 3 31 85 90 4 35 8 99 71 72 39 15 75 78 56 48 78 49 7 9 36 50 49 80 28 5 3 4 3 34 73 2 94 32 12 20 58 9 49 83 25 33 45 49 38 91 85 76 63 77 99 7 61 41 26 40 72 99 40 42 77 24 44 8 67 76 48 12 84 70 48 92 22 60 89 66 96 54 99 95 49 20 35 83 66 60 8 53 1 69 62 97 75 72 58 58 43 49 39 3 63 42 2 50 73 62 86 47 71 19 57 72 99 81 85 16 69 92 69 39 43 20 25 4 79 33 31 48 72 49 76 84 4 15 58 35 34 52 42 13 53 81 79 91 52 42 66 35 28 48 24 92 45 22 82 86 99 80 65 45 52 47 7 86 62 52 69 57 80 19 64 61 98 74 42 46 69 5 8 47 37 34 42 43 68 40 7 76 45 75 9 95 83 15 77 54 52 76 14 85 15 73 63 33 78 36 58 50 40 16 38 15 42 2 35 48 14 2 22 53 96 71 27 23 45 59 91 79 99 62 28 57 43 62 41 86 81 7 93 64 97 23 44 80 13 2 16 60 67 8 6 16 18 11 36 2 49 92 64 22 79 53 25 10 14 21 51 54 33 76 70 10 53 15 95 16 61 43 21 93 80 32 46 4 68 60 91 3 84 40 44 12 2 31 74 79 63 59 27 64 16 5 24 31 26 82 70 20 38 57 9 8 12 65 39 98 29 7 73 10 38 78 70 64 47 39 78 87 29 71 33 69 7 53 16 12 25 56 46 99 9 79 16 17 11 62 91 51 42 67 91 78 55 54 72 4 5 38 99 78 55 51 37 95 92 92 96 89 20 5 52 7 56 96 77 94 33 19 18 81 72 74 62 78 53 60 21 50 40 75 57 2 15 20 57 93 54 99 72 75 82 3 7 77 69 26 86 72 17 37 12 78 66 62 34 22 33 69 89 74 56 34 94 77 62 21 65 50 50 75 71 63 61 45 96 1 12 92 33 32 4 78 39 58 78 99 13 51 99 94 74 19 78 75 59 23 54 98 34 55 42 93 90 52 99 37 94 91 54 66 91 26 12 69 84 55 70 59 78 78 45 36 99 59 8 9 35 59 27 56 34 66 57 66 96 46 77 60 69 11 81 53 41 11 48 95 81 25 80 68 16 52 67 89 82 94 98 43 13 90 67 46 83 21 14 14 99 9 6 79 48 18 42 51 49 87 67 26 95 70 65 33 15 33 39 16 31 14 5 47 53 31 87 11 66 90 71 86 95 22 9 68 23 53 64 50 34 2 67 18 65 68 23 55 48 84 68 11 85 54 76 96 49 55 63 7 52 52 7 62 79 68 85 45 24 40 12 2 22 49 91 52 5 22 5 88 44 1 44 33 66 95 23 40 17 65 46 6 37 46 26 64 61 88 74 59 48 4 76 67 90 13 10 72 93 86 88 13 9 96 88 66 38 13 36 12 63 15 59 40 43 95 83 9 3 62 74 16 55 85 94 57 34 20 6 10 43 36 67 15 66 96 65 5 32 21 26 10 76 27 18 36 1 30 65 51 29 78 51 69 86 41 32 9 30 46 82 83 81 86 25 3 17 4 88 46 30 36 32 24 27 13 93 89 40 68 35 46 44 90 62 7 63 38 73 7 57 55 90 76 42 37 78 15 3 10 35 72 33 81 55 46 46 35 60 83 32 49 78 51 83 30 81 86 21 1 16 88 98 19 13 8 67 18 75 16 18 63 96 23 45 75 53 24 77 85 18 29 53 81 51 65 62 55 22 54 49 75 61 85 46 58 38 13 50 15 82 31 9 63 82 15 45 28 92 79 87 93 58 65 99 63 42 52 60 76 96 87 3 53 46 83 78 9 28 21 95 28 38 86 46 24 31 65 56 12 99 1 72 54 89 41 48 59 10 60 97 66 85 44 83 5 78 82 1 8 23 90 73 8 49 62 37 87 52 13 36 96 20 19 9 76 67 48 9 6 82 76 78 93 36 90 49 33 15 49 12 61 24 57 75 22 80 72 90 38 19 39 52 58 50 57 56 71 38 65 92 59 89 22 50 46 29 85 50 18 23 89 14 85 54 66 99 95 4 29 71 2 97 39 15 98 91 13 63 85 46 31 35 28 44 2 83 31 77 50 18 47 2 13 76 29 90 33 36 3 92 92 3 84 31 79 12 88 29 95 41 22 61 80 56 90 20 79 81 67 10 60 8 72 97 16 68 12 6 1 5 90 79 60 10 92 68 56 47 82 92 43 86 1 65 64 4 45 85 18 94 25 95 84 12 77 39 70 25 51 26 84 83 81 1 10 17 52 81 3 85 18 56 79 55 8 76 7 85 89 41 69 91 43 64 13 26 88 21 26 71 31 37 62 61 15 34 93 14 85 67 72 19 49 2 49 53 93 83 13 4 72 94 26 49 81 41 19 54 52 28 53 78 66 86 36 56 79 29 37 62 29 30 81 3 66 76 35 14 31 26 95 89 59 94 63 1 30 68 31 57 47 3 23 49 54 89 44 68 75 24 97 76 59 53 9 96 96 79 94 76 70 9 22 96 12 35 32 57 18 80 85 89 26 57 61 31 34 36 67 13 89 68 46 12 59 99 47 70 25 92 55 72 74 10 60 47 22 96 31 84 74 78 49 78 8 20 34 96 15 83 77 72 14 8 48 7 90 93 11 27 36 86 75 85 13 39 46 80 47 23 17 8 94 63 91 50 79 58 58 9 22 73 93 8 87 32 54 34 34 20 9 64 37 9 59 4 16 47 63 87 2 47 75 31 26 25 58 3 59 68 61 64 95 44 19 23 85 50 99 90 62 67 3 38 12 6 50 21 48 44 78 28 53 4 60 85 46 62 46 50 25 43 71 34 82 74 54 40 32 4 59 80 55 49 46 45 3 50 28 84 47 20 18 70 33 93 28 46 5 61 78 9 65 23 77 33 1 76 48 77 17 40 72 32 16 78 26 22 13 54 62 30 15 46 84 95 22 15 93 92 37 45 26 16 6 36 29 65 60 86 71 63 57 39 47 36 75 53 13 48 71 52 58 17 28 34 12 93 7 21 15 4 28 5 89 36 88 84 35 4 84 63 41 57 46 18 6 62 21 28 89 78 98 41 62 41 14 70 63 54 5 23 94 27 30 5 54 20 70 98 54 60 48 40 2 63 25 51 82 58 69 26 81 41 87 81 20 44 78 34 1 28 20 20 14 37 80 24 45 70 20 77 11 47 53 83 77 77 14 23 95 32 30 63 31 39 30 1 50 90 33 88 27 63 82 47 49 76 72 29 65 76 57 85 66 73 60 2 21 27 6 12 83 38 78 34 94 9 93 44 45 76 68 79 26 60 33 58 56 90 38 85 45 17 65 83 29 15 40 8 26 98 79 69 49 93 39 4 67 78 52 19 73 91 16 68 68 24 76 42 39 67 96 8 61 45 60 5 27 57 24 86 70 41 37 54 33 70 4 41 93 57 62 68 12 81 88 50 4 64 15 69 75 23 9 95 34 3 85 98 24 14 53 30 92 27 2 94 5 57 13 14 24 77 32 73 56 93 48 30 25 88 31 68 11 33 84 34 20 81 23 33 64 99 48 39 53 86 32 62 11 18 19 32 29 6 12 6 43 5 44 87 84 94 28 73 23 19 39 18 23 37 17 2 24 81 60 82 82 64 67 54 14 8 69 92 60 13 57 72 52 87 20 64 54 4 66 14 65 15 36 86 14 21 54 66 20 80 13 33 58 73 60 36 26 23 48 52 60 35 47 76 8 49 56 37 74 86 9 37 74 79 87 24 84 60 84 86 77 61 47 71 33 56 14 2 55 70 75 91 40 19 46 61 20 23 8 84 49 92 77 75 72 48 25 66 7 71 59 55 88 80 80 70 37 13 34 33 52 76 2 87 55 11 88 83 32 91 78 26 49 63 94 53 22 53 39 80 37 14 99 53 33 85 41 47 94 55 21 30 49 27 9 34 60 5 6 84 2 5 76 16 51 5 10 23 55 44 39 48 24 93 76 74 90 47 37 38 23 46 38 63 47 50 65 36 29 52 19 1 24 16 65 36 36 72 1 50 33 85 35 97 18 94 5 17 99 11 10 65 37 55 32 71 19 75 19 28 83 25 63 42 89 67 35 42 27 69 10 16 68 51 27 84 23 74 51 84 30 94 82 39 55 89 87 76 2 54 32 73 59 45 52 37 37 82 82 26 4 85 96 86 77 1 15 90 96 78 69 92 36 53 58 82 80 35 61 75 74 56 34 17 18 9 41 71 77 84 61 37 78 38 83 26 65 71 5 45 50 15 32 83 74 81 36 27 11 62 66 63 17 39 69 60 92 80 10 12 61 23 9 35 94 36 99 62 29 83 17 55 80 2 22 54 3 71 80 48 25 70 90 65 19 71 99 39 34 60 27 73 9 99 87 68 51 51 62 13 90 82 19 48 50 7 89 99 74 15 98 47 14 22 58 87 13 44 62 52 2 33 43 89 40 9 20 79 51 9 48 99 89 60 91 23 50 99 39 74 7 8 8 82 25 49 35 92 40 36 59 26 48 24 57 6 56 70 4 85 94 88 31 64 84 41 25 30 91 24 74 63 25 40 43 85 22 81 46 92 97 42 11 45 35 36 88 35 62 74 58 43 41 50 61 76 59 33 30 38 9 72 66 14 85 18 61 12 80 65 39 62 53 86 73 38 49 76 42 79 84 27 68 23 99 28 93 96 9 66 18 85 46 98 50 51 53 59 44 79 15 38 44 51 9 30 52 79 92 43 19 88 69 6 53 74 85 23 50 49 89 16 53 45 33 70 9 52 89 92 72 90 5 35 71 67 13 74 45 76 45 64 68 41 17 72 47 24 69 98 38 18 95 44 39 51 69 85 22 64 75 62 73 22 56 77 12 17 64 97 16 92 11 28 61 16 29 79 8 6 91 89 87 52 58 67 81 55 48 8 9 65 25 48 4 87 64 54 20 68 70 44 82 76 56 12 5 77 3 31 69 66 4 61 58 5 98 78 91 24 7 40 62 83 59 20 42 3 97 83 7 58 50 42 76 56 13 15 5 11 3 52 46 42 33 15 14 36 7 9 8 85 22 3 19 3 14 89 39 96 87 83 12 81 73 33 26 12 74 35 96 27 73 53 64 68 23 22 57 23 99 29 16 55 2 54 53 35 31 1 40 50 86 92 5 83 73 86 20 52 77 36 88 12 52 16 51 58 3 12 10 36 5 87 46 72 98 1 75 28 19 87 9 91 27 60 31 27 33 40 57 12 79 19 75 66 68 69 39 6 14 8 42 67 9 77 82 84 14 25 4 92 50 39 81 38 16 58 66 82 35 89 73 75 89 25 12 10 44 78 95 48 57 23 81 30 27 43 20 38 14 69 93 31 4 55 28 64 85 67 73 99 56 60 37 34 22 4 56 4 77 14 81 78 4 97 95 40 62 62 95 55 61 96 49 5 5 78 14 40 93 8 78 6 72 74 30 4 70 58 68 1 72 23 96 49 53 75 31 85 46 32 6 85 95 81 7 66 50 95 52 15 1 20 44 52 86 97 51 47 18 13 66 23 32 48 13 61 94 70 52 1 27 3 26 64 12 87 13 17 58 63 17 32 93 27 96 97 57 56 73 46 85 69 77 45 67 39 8 75 64 66 25 85 68 89 37 97 38 37 57 41 76 22 97 73 28 37 35 23 62 64 75 71 17 30 63 53 90 10 64 54 76 88 3 40 47 32 41 92 13 49 74 54 72 35 28 34 3 43 44 59 94 16 77 34 63 35 47 6 2 13 79 30 80 38 39 72 48 41 52 73 39 64 44 79 64 45 55 80 75 54 54 77 99 12 99 32 75 26 67 65 79 44 66 47 35 19 75 67 14 54 15 66 19 17 15 73 11 84 26 70 59 74 32 17 66 43 87 5 97 75 67 99 22 76 86 43 63 11 76 79 73 45 53 88 22 46 67 58 98 95 77 12 46 93 89 78 12 32 71 19 67 19 65 23 4 29 13 79 24 36 7 77 50 90 51 63 58 76 51 3 12 78 38 46 45 51 89 33 10 43 6 63 22 79 31 47 39 2 83 77 84 83 64 65 11 57 67 29 22 8 97 7 83 95 6 32 27 54 64 56 5 87 16 3 42 86 32 96 51 9 24 42 36 48 31 13 65 56 23 90 68 96 67 30 80 35 21 24 62 59 93 91 26 56 55 65 7 31 25 93 95 59 16 77 67 3 50 29 28 70 33 38 73 81 46 30 41 22 66 70 47 53 85 55 52 10 67 78 96 49 23 29 23 79 43 95 64 91 85 26 39 43 61 9 19 35 84 78 54 62 92 19 92 25 83 39 35 78 96 43 8 11 46 39 45 1 61 20 41 74 49 73 97 62 52 56 6 23 63 34 81 65 99 66 22 80 9 18 21 70 82 65 40 11 84 56 90 67 74 95 26 75 35 64 15 69 70 25 36 31 58 81 3 27 39 40 98 63 89 27 40 37 68 14 39 77 72 61 85 48 32 3 64 45 72 40 41 63 18 96 3 52 52 64 43 67 35 14 69 8 81 79 88 34 37 44 16 64 13 82 55 87 2 37 35 96 66 68 17 67 92 19 37 83 81 21 25 34 45 24 65 26 62 90 36 69 12 50 68 39 12 95 34 51 33 61 55 40 61 10 76 97 5 5 6 72 91 3 20 92 61 7 90 36 2 73 97 92 64 91 81 30 96 14 74 53 52 46 60 65 86 82 96 52 30 54 72 74 91 39 24 96 26 21 65 63 33 76 24 50 37 64 20 81 31 77 82 77 89 65 38 47 46 61 95 12 67 75 87 29 37 46 68 32 22 33 15 39 16 17 72 62 95 13 94 83 82 78 90 37 96 8 11 81 50 39 18 48 3 69 49 97 44 3 54 86 16 34 24 21 44 58 34 28 33 21 75 8 15 10 61 96 26 6 63 73 7 51 52 76 6 96 93 43 19 43 20 99 3 29 17 73 18 9 61 93 83 23 47 81 59 80 84 87 97 24 42 31 4 16 22 13 18 56 6 45 1 51 11 25 76 2 57 76 88 7 77 12 92 76 76 99 54 53 19 32 62 66 24 76 40 40 17 84 29 75 60 17 85 88 44 6 79 93 43 24 7 33 32 34 7 46 77 90 70 77 25 3 99 26 56 80 38 63 46 24 44 93 7 36 50 55 65 95 7 28 83 21 30 84 70 60 5 25 57 30 81 63 85 9 26 66 6 34 37 18 54 42 71 88 76 77 75 91 54 46 87 39 25 75 47 69 94 11 82 75 16 3 6 40 23 95 56 53 85 47 37 11 86 73 24 74 41 83 23 36 74 30 4 12 6 47 97 48 67 31 49 91 29 59 17 32 20 70 4 43 48 11 60 24 18 30 76 30 33 59 90 40 93 67 99 30 67 31 20 2 82 43 47 1 57 87 52 42 63 82 90 90 36 64 34 58 2 93 79 57 89 27 57 42 18 8 5 45 68 97 9 73 21 14 53 26 53 66 50 20 12 7 89 20 82 35 52 95 37 86 49 46 48 97 39 43 54 97 46 33 80 7 65 36 35 56 98 67 96 97 39 43 61 87 72 98 18 53 7 42 28 98 67 81 9 46 3 34 32 85 74 51 35 28 92 3 24 54 74 90 36 35 44 23 73 8 9 39 93 62 28 64 50 78 74 99 55 11 24 31 52 64 88 31 76 20 58 50 56 24 22 39 26 31 82 50 44 85 16 30 16 46 61 3 11 93 2 11 43 72 81 8 16 34 86 25 48 15 19 16 95 46 7 5 19 82 15 41 81 34 4 86 26 52 59 90 70 28 52 57 69 96 12 53 1 5 90 5 53 28 87 35 88 22 59 79 24 8 29 37 83 68 85 88 79 32 20 82 93 33 69 48 49 58 95 86 38 89 54 9 29 35 15 24 15 64 64 74 90 21 8 33 95 10 40 17 14 72 17 80 69 63 82 9 38 64 2 1 20 91 81 6 81 8 17 70 77 52 62 21 91 13 52 7 21 86 41 58 71 44 30 98 5 50 91 44 57 48 38 6 53 63 15 1 8 35 85 96 32 97 69 64 86 51 42 17 19 45 5 15 20 20 26 91 93 54 24 88 26 49 81 10 11 53 78 71 58 79 72 27 52 83 1 92 25 69 98 22 1 15 24 55 75 29 80 52 53 94 2 13 18 25 31 21 31 83 7 60 41 51 20 26 46 63 31 17 92 26 51 84 70 23 97 50 45 14 74 55 55 36 70 74 49 45 21 34 43 87 77 16 33 78 42 85 46 25 50 58 14 22 86 70 62 65 56 38 51 73 8 60 89 63 19 35 90 19 55 13 47 86 14 15 35 88 82 13 21 9 81 20 52 7 32 40 12 68 8 96 66 23 31 17 76 26 14 73 17 81 80 62 79 62 92 16 27 55 3 53 78 54 5 4 70 61 93 
// di
21713 2959 20300 7457 11068 21494 16994 18955 24162 44248 22724 12945 8349 34138 27145 36288 17180 25912 31953 10971 30950 32791 44632 26261 15853 10577 2307 14281 20019 10217 24411 13489 38465 28348 18548 10776 31444 32899 28682 32955 25447 31569 15185 37382 18670 21591 14678 26834 15757 28356 22343 43266 34411 14660 40671 22738 37470 35201 26981 28014 12626 30224 4101 14283 33071 15912 29076 34556 40691 12501 27906 728 6057 30386 44432 34239 2056 3424 32658 38865 39364 20138 12841 29587 9004 32528 2238 37731 26835 6779 43548 34790 6885 5452 17582 33439 7554 24703 18087 1625 2009 28834 4202 20164 26189 28383 29038 18107 2728 35263 19097 38490 3006 18888 12290 2675 32620 37461 3067 44759 40341 9340 34394 24300 10998 28062 3492 30814 7346 20021 32259 36624 19461 20266 10981 431 24657 15023 4000 31848 12527 39774 10518 6755 1306 7209 10998 38388 18357 12018 1328 27422 18423 23674 17558 15560 33449 736 17805 21539 8537 42289 12895 40226 41316 25640 36830 41798 6646 23479 31947 29592 16358 20811 34052 6619 35675 10223 44041 20909 25140 1809 44130 195 17214 23656 35202 38158 1853 36483 14515 7971 8801 28169 31546 33745 29799 6233 34385 27847 43647 1670 4040 6203 16763 18969 44939 24536 30544 29123 37652 35149 20041 40360 17032 41471 19909 39220 5033 31167 3608 43658 11950 3151 31950 28864 30456 30321 3252 15860 17548 7787 44542 884 18726 35295 43393 15287 12436 40258 1729 31831 18266 9498 27481 176 7311 40573 40783 833 1003 33037 4655 38338 28865 36496 43388 1928 31025 2383 42342 32525 10979 44567 9672 23734 3307 26932 1548 3260 27131 27129 19073 11469 37569 14157 44555 14236 18145 43971 16415 3313 1618 8584 827 15590 42268 32942 27119 6186 36819 44698 26700 43227 1780 21080 19753 39864 18805 5996 30258 43192 30111 9774 13258 8884 8447 27521 16264 19313 35326 37414 24847 518 4932 21809 33966 18632 6375 26195 5757 3690 40051 34392 14663 29745 13886 30088 2766 32244 6099 12430 36503 36644 34292 13537 36879 27550 35413 13199 1825 5609 39070 5854 44873 9875 12856 24598 1469 37221 32720 30241 39641 36132 1850 5972 29592 31652 5666 25865 11092 10803 38351 4044 20042 42836 30821 35121 23550 26243 4548 14157 708 23579 14371 10729 15565 25318 4443 523 42780 3125 32933 17636 38431 12809 1378 27967 35090 10746 2534 227 43617 18556 17816 6869 5734 22238 18795 32388 27099 9683 26971 23938 6597 25670 33987 43564 25884 43659 11069 19392 43056 23987 16626 34831 22273 19761 40619 35871 44444 4488 32983 33615 19003 12810 26956 20834 1455 34514 38751 12465 29499 23576 31498 27361 12044 24621 32211 42517 19376 25869 34338 11558 13113 36340 14968 27459 6141 29553 10294 2473 42331 28317 34599 22582 27096 38564 40352 33889 6508 26259 17020 18683 5971 6666 33394 39022 44052 15041 24015 13110 23457 43979 11920 20029 3607 43993 27874 25588 34812 27772 41933 43335 8681 37432 30946 27596 26373 1592 42047 11416 19074 39152 16653 37923 5684 38869 938 21968 4338 15323 38844 31500 16077 15493 28246 22799 18688 34550 20716 14513 44537 9069 44456 43508 1387 41664 29433 2492 19992 124 35422 35533 17678 4577 35866 10937 22926 14621 21976 11428 37394 32246 41115 44897 40008 32371 36966 29920 13471 6220 20176 3832 22211 17175 24480 44389 24768 40838 37728 10092 38474 12880 15361 39711 5272 10343 5948 17865 26674 9833 20408 42416 41126 9192 26977 28987 3235 13470 4228 11959 1784 18308 14703 2756 35299 23251 14366 38008 28151 9725 14088 904 3806 5915 40274 42528 36006 3250 37261 26790 18784 12766 35002 14650 34795 37393 20472 44219 13718 23589 43757 10618 35427 19010 42512 565 11613 13634 30396 33976 38284 32566 30881 19623 18373 44493 34128 12119 32957 34534 5024 39353 41521 5083 23459 14639 10155 8387 30686 4155 36847 30419 1717 35359 26047 30580 15885 16140 26965 32454 25523 30040 11533 44644 4991 26547 31883 34071 5786 18846 15739 41104 38905 18227 16419 40645 34562 41179 40972 10238 19322 6893 25179 10696 44865 19051 25885 41081 23884 23697 5139 5989 44035 8894 38008 43377 11458 3886 40672 921 27793 35921 30504 11094 22532 14174 20233 14499 38445 27529 723 40131 43799 2711 3606 44977 6702 37064 37352 39577 568 23880 16961 30484 20739 622 28255 21299 31678 39920 42295 28004 40958 3230 25476 20915 43919 41397 16498 30338 37040 34264 32815 4166 39800 563 27465 8709 39109 9643 6279 25473 1 3542 11243 37046 43040 4702 2786 6665 16142 12680 37154 26507 8021 40944 26461 39237 13656 20383 10305 42545 284 18257 27501 26807 28575 2001 22977 6867 1513 8412 3660 34078 37148 22067 40719 2290 10563 10857 22526 42163 1027 30843 41277 23392 11344 8071 8972 42240 21592 30861 6163 22893 35224 21718 21263 9766 24003 6442 15332 19108 27262 21831 37102 33941 22126 41196 9579 4068 34719 2814 44228 16254 9501 32120 26172 1343 3110 32097 19339 36905 18070 22229 41262 43471 22746 31405 26221 22409 40043 9552 2293 25194 26867 1759 21866 44728 28513 21639 18389 11531 10801 8170 10945 3640 30518 10589 41385 36710 15993 39318 16054 40872 18197 1326 662 23689 12300 9566 3332 6211 44020 13191 14724 2685 37601 4905 15347 16624 7632 36322 6846 25253 42632 31900 8762 30160 23788 9145 6103 39722 27587 2063 34561 39001 27357 27632 31742 10818 25051 36068 26192 26288 40650 3650 5360 14853 9429 40580 26244 19545 32200 24323 23097 9225 36998 17983 7728 15411 31979 18553 12087 7221 19217 21210 38221 43841 38172 26910 26179 38698 19976 21193 21480 2744 34170 42009 43379 12813 10469 9375 29024 5331 37612 11955 30695 21946 33959 37665 5555 8721 2265 20968 27615 8876 38437 33991 20244 14362 23853 1770 16494 21924 25720 15845 8699 3474 18060 18344 41665 13251 22998 33656 9692 20327 34792 4500 20514 2272 6531 5677 1783 43259 3325 39665 9404 12296 17467 12064 32692 26473 3077 15585 38442 5985 38232 20767 37658 14842 7615 37744 32756 28529 3204 31151 31133 3021 22805 7771 38064 23547 35102 24979 15840 31697 24985 8858 33407 30188 1964 24609 7018 16444 17536 43499 40089 22457 19355 6502 16202 36547 43946 2023 30175 38426 904 13277 13548 17706 15140 7680 31247 5733 41081 1823 20825 5033 5245 8600 42165 24612 18950 9136 22172 10102 19321 7069 35321 32548 30227 44810 36593 14374 21383 41773 30199 8083 39008 31045 42023 21312 28968 24111 36074 26679 37425 41149 40563 28934 31158 2163 13158 42560 20182 30465 17810 35372 42886 29699 40697 9066 136 30269 20737 36146 29077 732 35656 5374 39030 38704 24683 44392 44322 32861 29538 36154 31238 3784 13875 4948 34510 23669 33922 44738 42376 10418 5015 18177 6028 25641 22292 44813 12972 475 14881 6443 11866 4957 26801 9667 8688 29072 1514 11570 6138 5523 5817 36965 31509 19936 16084 9362 40737 44956 21791 2158 22208 26499 27527 2601 26378 22904 12954 35583 27543 15616 42290 33958 14932 5992 7375 40090 44946 34478 37004 29292 31898 605 1691 7064 42118 30093 37584 43281 21597 6496 821 35186 28934 34947 30086 8631 41083 9026 34535 19242 5474 10665 35820 1090 16909 7250 29049 902 32662 36582 32134 21191 44550 35879 40816 24957 39871 31013 44804 1678 16882 5705 29696 7564 15626 18432 15271 15800 39045 7566 41507 34939 6848 30103 2549 14486 11251 1850 13331 6909 24086 5035 7817 31724 43128 2721 3463 44537 11996 14362 22594 40309 1095 43699 32981 40688 17832 34670 19391 9484 21493 41399 37445 36730 26826 36178 10082 4190 4648 19632 30635 23628 44423 34215 26530 7299 3628 10515 39038 31407 17050 5456 16746 632 5875 8208 43075 8850 35892 4757 18745 2473 677 39170 23722 15172 18245 3285 40527 37561 18773 11839 18533 26331 32721 7555 36958 23834 28009 36996 6737 26725 4267 4683 38867 12099 29249 25686 886 9963 28552 37009 39081 19577 20811 7799 35776 24184 23949 42357 22880 24433 5250 16317 23536 36067 33160 10094 39624 15839 23924 29435 34328 31488 18528 32843 32547 37376 31987 41090 43384 16895 38004 7735 22102 2451 42330 22129 14365 23362 11087 3800 18018 41103 39590 19802 44285 8128 25307 26419 18662 1832 34808 32606 24381 16553 44556 1825 23698 12848 21515 38703 4959 41556 5904 20213 17965 34997 15481 25503 41402 9220 22894 26855 14248 32190 44070 25773 2159 27556 38600 32213 11915 28491 28239 3576 33865 41918 7143 31000 24205 27061 11475 8808 24852 32149 24597 40448 21629 36232 21930 13120 29526 38468 14563 6316 36154 6696 7723 6977 32915 10304 39962 41661 5232 5958 18236 36421 31251 35347 31590 13732 33644 36383 42839 1167 4998 1781 10359 6408 6966 29377 11015 31568 17210 12354 19758 29490 4816 16836 38459 30785 6005 16317 4525 5454 43955 16307 23140 6179 2325 6175 43787 33334 23485 7154 13080 30285 23801 32699 1625 39555 7509 10624 27328 37680 14460 29538 3769 29170 21782 15786 10144 7865 23731 18693 3697 11086 29898 23948 36731 12194 7236 15705 17443 12080 41745 1663 35685 1221 2378 36800 15321 42616 29241 19281 25786 40864 10323 4198 13741 23022 38984 23084 37472 7183 32337 14231 33375 11017 40174 40711 7449 37936 22410 5194 29317 33662 8953 35660 24986 8039 34706 28261 37716 23802 17904 5235 194 354 11924 2942 32893 36508 31608 22871 36201 19270 44792 37609 23764 31567 38694 5937 6743 2111 39332 5019 25412 33406 32714 38671 26160 1479 19252 38969 14022 18934 768 29742 35295 10889 21682 44333 26256 43354 3464 5159 35907 16042 44846 7163 10349 27379 35114 3959 20270 42526 5611 23618 43470 31702 37437 2235 28831 966 4824 31251 27607 33237 29397 5453 25727 19085 13343 12225 27361 27446 12562 6187 34745 3845 35234 27224 9943 44145 43839 20122 33122 17713 19235 17803 17564 21764 38891 42589 34739 24474 24823 16297 35788 30998 2863 20100 23853 30310 2194 39890 25028 21300 13686 30050 40265 42644 24803 17707 17528 33277 35705 32614 28817 36021 34249 4091 35223 10328 27000 9715 44204 39008 20392 33889 39806 24436 35403 39151 2062 21616 23491 4521 32261 25993 30183 27696 34269 42769 37059 17300 19304 35902 168 1819 5869 23769 27269 6055 16223 23926 7207 16195 22613 21537 36295 11263 23022 36297 36586 32047 24 43193 21425 29160 22053 40874 19726 21169 42908 28467 15865 23285 36000 33715 44685 21213 11930 43762 39253 23714 9486 25490 28687 36254 6852 36576 41462 7662 32722 34132 43811 18256 14584 39754 30511 4458 25762 18694 15458 20129 18436 21386 35408 21655 9672 13778 30211 40001 35955 43463 24026 15587 12289 17264 38475 30973 13487 12967 29610 4123 22577 38641 40250 16716 9629 41250 16620 4787 26307 38187 7100 9196 38821 13805 6479 10121 23358 4482 37008 28788 17884 33716 37108 20353 35559 13074 9715 44602 32596 39769 8782 7950 22883 10083 17805 28476 13289 9318 1410 23253 9996 38265 4836 4258 1915 24730 14919 11422 15823 25696 30905 12906 19920 15607 31484 38437 36822 16458 4898 26494 34255 35038 32997 19887 3089 14080 15035 2082 12166 21061 1963 18044 11671 16294 30974 17243 15620 9812 13539 2527 10784 42776 423 20724 520 20409 21976 33137 19498 41363 16257 26167 20532 35933 7778 19408 28062 39360 23863 10800 41310 15065 30566 27322 17464 2497 26991 39177 22398 43932 33167 39335 35262 10248 15050 45 35963 23184 5962 43258 31259 9813 1977 26474 11633 6509 25415 42486 17402 25072 26823 33022 1046 30523 35408 1552 41629 42500 20207 30367 27587 1358 12443 42772 10430 15075 14703 13123 39658 15100 38268 13461 33133 25294 26095 25165 8902 12039 1696 37823 16845 9753 6423 33300 10562 25875 21656 26793 43934 34736 32162 15901 41205 41649 35371 3411 21004 22570 21967 1433 26040 27110 21556 17537 42338 12887 37450 42023 42475 27080 32589 4113 12921 9435 13456 31676 6067 4715 12927 21614 4755 25118 37379 43986 13996 23852 22645 41828 20065 15746 2615 40448 32610 43912 25490 17377 36213 715 33088 35494 36156 44193 43809 16934 1239 16716 33289 31978 37512 21555 962 19176 6024 29036 35904 18839 26851 41773 44391 20945 15113 17740 31931 14924 43511 20377 11098 12700 965 35326 13908 12086 5499 8838 30792 32987 32218 5281 34138 43017 30964 3308 16679 44488 25256 18524 37141 3555 36453 20657 42543 36055 39019 24403 33088 18649 941 34715 27651 27224 19668 23270 19966 33642 41151 31707 12706 21150 35874 36135 22477 871 25229 32113 7208 11412 623 5923 35768 15541 22771 3079 24037 22039 28838 31358 14490 1254 18533 43407 35230 16796 39394 17162 37095 771 43770 13188 30145 5183 8975 12220 2412 12625 43988 15292 15089 42928 13706 1400 16459 27523 44941 8822 41400 35288 5200 24503 485 2807 3653 13436 26877 28110 24748 28057 3697 5435 28957 12315 21288 8236 41283 25370 18007 23713 20821 41823 31500 27654 27902 24 5431 9854 20222 27622 940 33995 34341 10671 12620 20714 980 31927 11009 21757 18296 11003 4781 34333 6717 23779 34351 37843 19637 4698 41841 6207 23517 38609 41021 12883 19791 3471 14346 34493 20788 3953 341 6715 1374 39497 10243 14768 35079 39489 32114 30086 9479 17629 28626 7097 26060 1460 24255 36403 26178 13191 14980 29334 21190 23245 30682 17993 25335 34192 15109 36552 30291 1019 37742 22055 39517 39067 3391 27941 14709 43554 1183 26115 28471 1239 44618 32976 38990 25395 23933 12838 43578 32006 2532 43377 14654 6331 18685 12441 34472 13084 24067 24922 33233 15201 2235 38434 175 33209 2811 21633 34588 16184 846 21930 32579 38297 24706 22857 34940 11278 6610 17177 8482 44070 4685 8830 11541 15180 11628 8374 34750 7454 25503 16716 44772 36367 23704 6297 28086 14204 16682 42791 34877 133 33235 40229 27186 22431 12542 15469 38261 22064 20496 3394 44995 36714 20476 15565 12648 42768 21689 41125 31760 31282 41274 32995 43867 32365 41977 5355 37052 38422 12212 13608 30081 42654 18804 21754 5994 16965 41428 35895 17373 32876 31009 13993 1042 14584 37886 24464 42423 34129 40858 33206 23457 6881 23684 4488 8362 32765 34432 24895 38946 9919 16569 1022 25955 22418 35568 26601 8024 13335 21438 21361 25061 12657 5683 1018 17982 13650 33523 25191 38005 5038 14340 16033 12952 13580 3599 32884 36421 37402 35787 34334 19632 37232 13717 319 30742 5645 39325 21198 42552 10362 12754 15703 20137 34420 17755 40746 31232 30000 34600 44903 9097 41163 10002 35455 22300 16304 26267 41642 13927 44297 17989 12573 7108 34113 21580 576 42601 37475 18563 44658 28816 25631 35622 31492 23375 29973 7418 35944 31679 19676 10212 22648 22467 24427 20890 39740 18592 32914 20264 19985 35391 38171 33406 33878 9845 3047 24477 4132 18490 10409 10573 42377 20087 20370 41479 36761 29181 22861 19767 11940 40891 22421 24677 29895 15891 452 41689 5923 44465 18521 37544 43800 455 1061 40680 3104 9210 28514 4969 9706 14848 7061 9445 22653 11951 8763 44466 1908 42290 27983 12324 36209 36228 24079 25771 41299 38184 24789 12982 6590 6361 1832 44037 1727 1294 23357 40187 8219 4791 17613 21110 35375 29192 10278 24756 21006 17635 31936 10930 34138 30455 13339 44706 43660 4136 14772 767 31283 36244 42607 31044 10302 11120 28776 41522 37060 40260 43660 40704 39647 7057 22335 38193 36984 17816 448 10683 12642 31069 16048 32699 31867 14449 37077 34348 20311 39248 15654 40292 2457 26228 12307 34091 15357 40352 22185 22247 30382 4100 44821 44108 23812 15451 19139 26951 28300 23404 937 39451 18215 22187 40917 27443 21269 7637 23777 27380 31418 11038 16486 40658 43608 15154 7530 26827 29862 27013 41204 14660 8664 25870 25390 4628 22592 31931 23309 11815 23809 9383 37836 6246 26793 36132 38720 35269 42166 41876 20187 13899 21891 30946 32700 36223 10007 24487 16228 3299 28696 39978 20145 414 24465 43847 7975 25396 38852 2469 34779 30630 12275 20225 34265 10190 22882 19995 31972 16115 39078 43038 2755 30655 33756 35644 25758 119 15267 30410 40686 21585 13300 8834 13445 29185 30402 16518 29003 28844 10157 26373 35329 22411 38938 26035 28701 25940 23495 3176 7426 26745 34941 14000 34256 17304 15159 36611 44488 24758 3777 22962 9268 39480 28667 6376 23748 28604 41582 1304 16784 44017 29022 43807 10823 27978 2705 5590 17757 3431 18751 11749 11411 29769 39733 29497 42699 26508 18655 6340 24221 41997 25460 643 31968 4781 27702 5032 458 14907 38577 5934 25689 30418 564 34339 5464 17408 37701 13803 20220 35641 4958 36581 2834 28273 1901 24425 5378 44869 7503 5151 23728 41638 7423 44423 23233 23436 7126 22583 31857 11181 25051 32722 41806 6240 34908 24744 30621 37635 15623 39351 9589 30487 36584 29067 35458 39057 30092 35340 37439 4428 1932 26534 26731 4111 33725 43340 29256 14730 14531 451 43107 17352 36445 27532 26417 13668 251 38459 25233 39341 7277 335 1840 43022 14819 12950 40072 17045 887 24006 665 43651 25084 10146 31913 32305 6384 9957 35544 34340 18902 36819 6369 35640 19126 24835 1229 6288 40593 35613 8128 39126 37889 16872 298 37445 392 9961 2198 34785 44940 41778 13497 16207 42184 19644 19993 27896 6878 13467 21095 33675 19089 39764 43923 15616 31637 21211 1403 36520 36687 38782 40367 19753 23037 8140 5863 5043 44576 23412 16151 28584 15663 10538 37045 20888 1391 21905 32982 11929 3249 33139 34994 16094 44450 30372 10161 32633 39162 19775 42377 11221 37767 41299 1816 13833 13982 27214 18427 25210 32586 37620 43592 25591 22424 11043 37871 34525 42830 14602 20757 41134 23908 18208 16017 41788 20168 2382 35059 16215 3244 22444 26659 28338 5137 17297 13993 4810 30841 28772 30990 25546 8856 34739 22948 27685 23186 32678 18046 40317 17780 32769 21064 18825 28671 8980 38878 23503 17595 20595 21050 32897 34035 14515 29197 22896 16721 5268 37573 34895 26353 4192 8867 16971 11979 19131 4358 20109 16046 2308 22602 26023 12336 43661 39608 14242 27742 2085 33237 5742 4907 44425 8039 37406 521 27793 44780 28222 44664 43696 21622 39404 33016 41181 37147 22378 24331 10481 12354 38988 34757 26493 11247 37819 39736 27803 28848 30520 21108 33778 14919 9156 6925 21336 37370 634 42941 4483 5437 33408 1587 3983 42879 478 9620 18943 34097 24095 11058 21182 29250 16742 3107 6432 31175 42399 15037 34145 12385 22911 20799 12110 42922 5426 43176 1620 35960 5110 8347 44301 5855 3861 40798 11294 11658 21617 12803 33983 2194 14244 27856 32257 36887 28508 43900 44799 24422 20914 12625 6034 33429 19592 16256 5087 14414 19472 25696 29349 33113 40467 37899 16255 24587 18465 39908 31296 602 30297 13573 439 32302 33644 4726 19103 36420 44503 32051 27263 16134 15985 25825 22286 8090 3269 42397 3428 30296 10154 37050 24207 11891 21731 40442 5928 12980 7089 22502 6064 2037 21522 27502 10096 5113 11460 42164 19022 42759 20237 11505 36052 7500 5009 11221 24415 16039 38680 257 38598 13638 36220 17150 29017 7215 6351 32795 30576 25271 40014 42363 3536 18169 35258 38813 40613 42548 5356 706 36117 27869 23784 24398 5117 41215 27143 12510 10153 28126 15514 20876 36110 31540 32758 16825 14207 15906 8833 41843 15692 7972 12009 22797 19269 44036 10880 6566 10412 32988 4002 20615 6334 11654 17735 24773 4374 34271 7091 19181 25595 24941 15173 15226 43735 40307 20686 31593 39719 1878 41560 20983 17918 9016 33744 40056 2320 201 28040 21930 6464 13043 11374 39022 21723 2805 39440 7581 23107 27352 26689 17851 42014 36877 28883 40825 42965 26462 27850 5521 20925 15559 2446 42480 667 1177 34015 1399 28216 15515 23603 44799 6693 17295 26235 41624 5828 40942 19133 17483 20535 38847 43303 43947 35237 10859 21604 32810 2731 32854 21567 24138 9293 27568 12781 1092 15379 17915 3328 41595 11964 13382 26458 10558 36929 36548 44767 41434 26728 7075 27863 21642 9832 33281 33261 34002 30139 33557 37241 41726 30061 13853 35896 9685 5003 17490 9779 15785 11228 29285 23465 15833 9479 34744 34061 21571 589 5611 42929 26279 30327 36622 43747 20497 33634 25988 33885 7834 43621 11227 33734 7526 6342 31675 42576 31462 17104 36297 35380 42528 22142 21645 38131 38070 10954 44796 35473 44226 39869 43357 44131 37722 26533 20873 17486 26200 40399 18449 25696 29687 43316 35426 27567 13597 33155 1258 18497 7180 2234 27509 27861 137 32366 34289 21563 24586 23029 8545 11994 1761 41 5217 18801 32674 34537 33532 42880 22495 20391 23253 28002 980 38843 31183 690 26467 1810 24421 4152 34893 2719 37926 15137 41758 8794 15922 27033 31237 14211 23237 12339 2684 9824 16495 1990 13698 28719 21636 4445 23035 13850 20922 21151 22487 19501 15301 7801 34298 23214 16717 5943 40149 23953 11158 14693 13887 39965 8129 24095 13906 36613 1651 16384 34489 25100 3430 9598 42344 32489 30772 22159 18397 10157 43740 26043 27514 14778 36503 7213 13384 54 19631 30901 38326 10477 44558 27847 36668 22421 22433 26619 24373 13756 7806 11119 14568 4042 14209 9266 44682 6277 2975 44157 31440 28948 22767 44483 8237 1368 41036 8853 43160 2901 1032 11888 35378 34987 29335 7545 31771 23669 38069 3284 35776 21878 14560 38634 38107 1142 44571 17395 29476 22953 12276 7510 2006 2494 12534 13493 21818 44381 28537 40423 41808 2859 11038 1086 22103 29967 38731 4447 27918 3848 11464 19491 32025 21209 34925 12087 9908 42457 25672 16911 4737 30621 42270 36575 42191 14322 37974 13683 24073 9953 10324 25763 25149 22415 10755 32315 39631 6860 18014 23337 10418 20698 6045 39823 7407 2946 14683 33936 42015 16268 5423 33906 40572 41587 22585 1824 27262 11637 20695 15677 26630 9105 25160 3780 5228 27908 4895 15122 15676 18546 74 27160 25457 8480 24915 15838 2255 9487 1904 19753 40166 6902 44950 3213 14919 1160 37627 1468 18491 951 5985 38103 33156 20693 19667 23537 36761 17442 20213 40177 19475 18312 36084 10953 35845 39301 30146 38856 15392 27347 20634 40929 26733 22852 44499 1191 31163 40924 7401 12864 19152 27082 9668 34052 16396 2455 43263 1785 29643 9293 22768 39406 22774 16885 29071 33201 27319 12911 37701 15044 42995 40049 41079 10070 12907 17709 22239 31021 2183 35295 2098 14225 21676 30531 23816 30270 36630 21008 6350 28201 22360 28745 356 22507 3136 11946 23787 29949 16360 1940 6933 14106 15293 7050 39317 40034 31627 40212 19811 18861 18133 44619 41817 26617 18714 11328 7873 40063 25866 28167 25708 43725 19244 27318 36621 24424 251 3347 27968 12747 25502 2457 33676 39310 21685 17977 11463 21988 32997 26129 27867 29472 35283 6732 36714 3956 9440 33860 36328 3971 19569 2539 19805 38004 483 43361 41810 20173 30076 5001 35874 38048 38779 36309 11196 9629 31931 36706 26560 43979 153 26205 4616 25952 9292 41039 22830 28964 11598 7871 18265 24533 40702 43439 14594 1018 44277 37244 33879 22568 25189 37910 43303 3110 36803 31066 6446 44681 39690 35035 2500 10324 2936 44304 38693 2839 12275 34295 19769 39575 10688 38019 26459 7493 23381 35901 42733 38654 7335 21640 5891 6184 24411 8881 31424 14990 3071 39877 40426 11538 13786 31260 35257 44622 8839 36305 34374 15384 4793 17082 15992 40234 12999 7097 15660 13188 44837 27349 26643 34061 29353 32260 30105 8939 9190 17770 15936 23963 16164 29323 14489 41576 15501 43431 41513 38956 38817 32601 42228 9788 22279 5436 17119 42663 10324 14185 15443 18885 22845 12478 4947 42290 10268 16932 9354 14855 37139 5269 7380 18189 29425 10862 14189 24747 16895 43452 39881 15891 35742 11911 29875 15820 147 36752 11562 31647 13951 24900 31433 33713 3032 32940 4341 27728 34057 44527 7540 40675 41296 8010 19711 357 7687 5059 40292 39699 42904 17033 44859 41325 37430 38165 2393 17306 40415 21856 32316 24629 2936 7468 35609 21756 40371 40306 18166 28684 18822 3973 28590 32255 20890 42706 11146 42831 4917 39606 18963 34992 5127 30447 31635 28890 14083 27929 15635 14411 16376 12939 15047 26443 11734 6715 23225 2976 44780 2825 26394 35496 3734 15210 27884 15928 3553 1986 26792 42479 20688 4887 37116 41648 17912 2592 25341 5591 36061 38176 14829 28818 34144 18913 8926 26525 24107 9439 29399 31285 41365 10772 22582 615 29170 22027 12746 30248 43106 13660 21763 21627 4493 8325 12324 1558 7729 25651 37905 6338 37087 2862 233 28712 33518 39475 43350 2629 8850 2877 38441 31374 18757 18707 17839 27955 35665 1985 2562 14870 43894 42108 3134 31043 19432 11638 33587 7564 38752 16565 38057 4100 9582 38447 13220 25520 6890 23942 2327 2619 15005 10817 11627 31260 18198 18400 35890 5418 22888 30606 9272 10600 12265 4274 2796 1589 14023 9354 18007 27652 37132 21967 9901 35642 16185 23205 38515 35737 24892 10836 38306 40214 20423 16839 23732 5998 35919 28343 1929 29628 13826 30553 7121 7908 6501 34192 18719 1547 26845 30822 40372 42236 16649 3512 10488 34643 6731 10676 35256 27616 27568 32791 2315 22541 11328 25564 20911 1433 10517 12794 14021 4565 34118 20452 12757 43309 37799 38572 8806 22576 42469 26925 1129 8526 8304 26242 22942 32882 34192 6039 3454 24261 6693 36551 27514 28065 29360 28581 27608 24941 32434 20573 44009 8097 40153 14557 41667 5991 19732 35735 34811 32330 37718 21183 26400 13039 42368 25635 39873 21345 37404 15995 32487 25289 29955 43312 18790 44245 12169 246 3576 36131 16905 41004 44913 21916 23898 59 17083 11523 6412 43840 18471 9694 12812 2172 13564 35150 26926 12480 26708 3398 11682 17707 4294 36506 18882 676 23346 5923 4986 30174 19792 13120 4654 36140 5200 33812 22438 13990 31055 39332 42883 34586 37070 36202 30509 34938 2994 16215 20562 25032 15813 22988 17881 41742 30752 20410 31181 20008 23692 32596 7186 6212 31429 44145 4846 43445 13566 25061 916 37001 34761 17231 17218 44569 35779 25608 37377 29799 44783 8674 30081 10147 14938 24327 40245 42871 24795 9077 18701 30899 37028 9376 12898 35754 9271 104 39441 26358 9846 11497 38231 37192 43067 37287 648 34438 30971 17417 30168 32653 6348 22044 19356 5418 8484 40661 44484 16708 30914 20359 14708 12205 27672 31990 30714 25427 7681 17125 43347 14688 11277 40525 6770 626 22715 20091 28362 34414 39767 26017 44192 8514 34489 37488 2633 35467 10020 23427 33781 28702 23807 17173 44956 21939 34574 41958 44181 43314 38052 3085 21791 5620 29643 35519 5137 13989 30840 13155 30366 27720 39164 71 2904 11447 38325 9220 18719 35094 29733 43453 27904 13755 396 36691 37901 28075 8596 20951 20038 27340 44240 6546 40866 19359 23325 23243 38109 30185 6692 9621 6164 6638 9365 44828 32335 38026 1037 39482 36568 9247 3981 31344 35949 7339 42843 39801 8356 39340 14879 32594 24202 1882 30064 8168 29601 32297 32818 498 33212 39808 37836 26631 32507 14112 42783 30889 26887 18602 23711 12423 19204 15362 35893 15588 26000 25190 40825 15055 27387 27323 26832 38181 9120 5742 24074 3123 18083 7528 39975 19012 27540 39645 16316 19421 33411 33151 22342 27745 17493 18562 15631 33281 40228 44726 15074 25613 8065 922 28153 3353 32947 33885 1096 19790 6810 16809 31068 14413 10268 27053 16692 24229 16804 33963 18659 39110 37835 12440 26391 15019 10820 31230 6113 4614 463 16937 37230 22732 11149 29137 24594 22678 32568 43963 2075 13029 1633 17413 30856 959 35976 27256 26862 43355 44242 44809 42431 18171 328 18987 31845 21372 41836 41372 25043 43212 16204 30963 33612 34715 10725 43199 18238 5675 35824 5666 1802 17573 17370 35275 30595 37514 23585 18857 40077 15693 20685 27601 36683 23550 21300 23960 20213 22084 27867 21052 2874 15790 26146 31661 39251 37728 28864 37117 13125 33927 43222 5977 44829 18514 14835 32551 6705 30871 12644 4739 38828 13181 38507 15185 13809 24354 44713 33820 24345 39667 42134 2191 2052 30313 9719 23398 23888 23768 39923 31671 12795 40542 33291 24896 12260 30000 44867 7881 1829 41680 31048 18046 4240 29704 43741 5039 35839 19556 4579 35375 5748 19079 24886 10161 36839 5063 328 31393 16328 9553 21197 31857 292 1348 11928 8143 38304 14821 1379 24624 15180 30851 24521 35328 41945 44118 8177 25719 31762 37119 19546 11407 2437 14673 18503 1051 19613 24143 21353 11383 44429 22027 10912 20648 28035 17565 36351 31621 12985 26865 24751 38327 44510 9752 33887 30855 5971 11701 2893 37650 11607 22223 6617 32561 24104 31775 39614 5491 6954 3575 11065 15149 26035 15812 36325 4238 14028 19031 34080 10937 26771 33397 3258 24556 13742 20395 9944 18296 37014 28000 19239 24002 10216 2044 39987 17470 13486 24466 8984 32704 43913 30213 2060 22033 38398 21995 9554 42668 43167 32118 25045 24771 41146 9533 31231 879 35516 38305 19271 37404 7062 20943 42058 7078 34837 5820 2695 11838 19535 32117 547 31174 26017 40925 43814 25405 5731 32467 1074 9049 2046 44447 702 28667 11771 18937 38503 17766 17768 40325 42709 7732 4920 30469 6940 5824 25921 43887 30450 23868 41095 27419 30865 36469 31923 2044 13453 32379 29343 8026 35980 34310 33456 34724 6253 11657 4520 24078 42376 28070 36684 44569 25616 17598 27910 10290 29511 34354 6583 23848 14454 5392 43748 30174 30291 41045 10040 19313 19556 37189 44491 12847 26531 18275 43602 7574 29100 44381 8705 13697 7969 17347 15330 14728 9056 37944 37258 16916 39897 15401 32620 298 28520 41631 3666 27515 39472 7843 6750 15736 36387 4579 6635 31211 37726 30464 6736 42682 28972 33731 11914 41884 15612 41382 8243 28251 4112 38623 37134 39954 26864 33476 29322 40132 16571 31739 2401 43335 36486 12555 7648 10871 23382 20953 18433 44519 41820 10568 37184 8132 11921 2130 28023 25221 18272 6259 26576 26170 16394 23494 40301 4211 18906 37251 41891 41291 37812 27694 11418 44586 7839 35797 11918 21429 235 37879 38123 6831 3060 25044 10457 43782 32711 39391 30360 41107 6540 41531 9597 13407 15046 9016 12667 20435 3353 43355 2090 10399 7385 22475 13932 30756 21215 12765 13681 12875 4498 34736 28160 15744 22872 19035 5805 15487 16265 21571 38206 18260 1708 33088 24414 4035 35205 31477 17053 34979 16210 17598 22176 31977 3901 25130 17209 42243 35001 8534 36205 2659 26626 39448 37606 791 15362 8623 4983 25450 30930 30950 20598 34211 1962 564 36122 9527 39336 616 40568 38675 19953 4587 8593 40533 43189 39482 35548 36374 13513 33145 1653 33287 40559 39229 38455 24197 6034 21973 30180 17643 43932 7187 13929 25274 29383 1092 41717 6427 29837 43531 6999 376 12077 36713 8089 4614 12047 24081 11561 39140 11620 20521 8074 6144 33097 14852 28480 27594 15943 39635 30446 11140 8726 28234 11912 20960 22053 221 28121 19400 3067 26803 9541 35924 14306 24957 40665 43764 11551 16502 22727 9883 7314 21487 32443 41436 1726 12170 39964 18337 23470 43654 23316 41502 19290 21610 26173 31836 85 7663 7517 17108 9475 42132 24417 4929 15792 36139 36110 37458 34770 40547 44344 14764 15750 41107 980 41893 122 2836 4048 26807 38765 31379 33369 23093 14791 16397 22335 4305 38577 4050 33753 31657 35757 23648 15262 21383 20250 19745 26971 9758 37289 31193 18500 3799 1533 35711 34882 25558 25657 27754 5926 41746 14685 41294 41959 35309 13544 25379 35410 44597 4280 42038 14069 11069 1588 22683 427 34740 39711 28957 29402 2247 24744 13277 10260 4176 903 29207 894 9017 32733 17855 28739 18750 8246 34547 7325 21767 22131 41216 39501 4805 8740 32153 9143 13794 7326 33289 43954 531 29106 26920 19956 31751 22556 19070 4344 16441 39504 20949 9528 20158 13374 31885 43637 36965 5371 2759 41065 41957 24761 9270 5295 31032 38564 22895 22470 41537 3563 42811 32377 42589 25914 639 27674 34061 12444 14484 26719 25494 8822 6377 40415 6994 33693 6234 41949 11008 22899 40059 44935 21566 36477 6534 42181 44964 23335 21349 7288 18901 29698 30793 22489 42800 23900 29110 1515 21226 6163 24531 156 14639 16132 27748 11148 44611 24546 36601 4386 4110 3247 35410 17814 16308 18879 913 22269 18799 27387 21139 22721 20458 36507 4132 20735 24640 28293 28314 7762 36265 9991 25464 31358 25113 32267 14557 3413 17362 22355 715 13405 15672 39151 27825 7261 42834 16688 5932 36414 36717 39503 5089 11391 34186 22795 27258 29650 9882 24941 43133 42824 29238 28477 33485 38749 7671 27642 10264 30087 3610 25409 17514 8201 4400 19371 4989 13448 32548 16327 17205 34595 6989 24526 37588 16985 5126 8627 32967 15228 10063 35234 4719 38628 16421 20793 29148 29152 34240 43359 9603 23611 21832 3500 17878 7306 22503 21587 31574 22401 16788 34217 37425 52 19943 42836 31466 43546 39478 16264 15199 43025 10785 453 23859 5989 40485 12240 6388 33569 11819 25154 34430 7076 32211 9016 9219 36043 717 34120 36755 21921 32257 21043 10286 44194 16223 21639 42963 38072 29153 5611 25491 35230 38177 26329 17552 42176 24376 35947 5398 21584 37953 18463 9361 13958 10601 29696 31168 40838 21661 27126 25292 42014 26251 34703 38775 18976 11593 11740 6016 41937 15072 10196 36674 8888 39191 3845 35549 30547 16169 26161 13964 5238 14741 30865 28686 6212 17994 23727 11119 18853 43358 29092 13692 39624 31262 24433 26524 34088 43048 4385 6724 36565 40951 40197 9157 24181 34120 41835 19912 34536 10526 3918 30490 37776 35215 7785 21653 4228 36622 29684 3077 44848 5987 40123 5785 39797 5242 5275 44771 14213 24656 32279 23351 44034 43371 2825 3892 12994 35069 22135 42281 19194 42967 29975 8307 31772 24680 3593 31396 9056 17842 44561 2632 13831 41017 1614 37593 12990 15927 1823 9625 35555 44282 20435 44816 2075 33986 17240 13770 20791 22084 6468 35488 18900 21745 43552 3514 32092 11333 4607 42122 12137 37747 33706 8614 17988 18778 12071 12068 12796 39601 18622 30845 19750 31462 33750 38367 42800 21692 13403 28488 37584 18996 38991 24644 5875 14809 44835 6823 29318 20235 15525 1422 29032 10194 21695 40801 12802 8026 28093 41642 22515 31358 27213 42135 29878 30699 25123 38444 16140 41520 37189 35741 20445 31518 18526 41786 22834 13025 18211 25755 8208 22209 42544 39147 38817 21385 23304 22958 11072 5815 3362 31533 8664 38755 32543 44297 27287 41998 42361 35107 17520 15485 34052 30816 31401 11363 30991 23339 3806 19798 14175 44654 35458 24537 23414 31349 35695 15702 10364 36954 10672 28557 28333 33043 22666 5992 10118 17549 17883 8020 18850 32417 44595 14075 35011 28355 2982 5582 27419 7783 19968 23211 27340 38370 9216 21951 34416 22295 10642 42182 8065 26883 20438 3692 9677 15313 44171 26983 42693 24473 26167 23730 13955 19136 35340 17898 17222 21219 23880 24735 4182 3538 3847 32152 30983 9686 43995 2617 9150 7896 8181 19491 13632 43304 44234 42220 35980 25631 28545 7786 1653 20948 30363 23027 17749 44979 1340 2190 38766 20369 27032 43263 8034 24715 33530 21004 33171 30337 37371 5176 32920 2519 2609 25763 14563 32989 27298 20041 44467 15396 12438 32394 16075 33310 27639 21146 22538 32241 38061 24875 28896 5664 20664 41657 37807 25055 36070 20969 11670 979 28252 1299 7778 32375 31149 35055 13558 34091 38709 29415 20503 23730 33706 28603 26700 36520 39032 5386 11536 43243 41798 17419 40850 39061 44571 10949 35445 33348 43221 19124 39937 26219 20673 7950 21797 6855 13144 10177 40392 17415 25097 34529 33280 23308 16287 40180 12794 20758 31392 29235 24899 13876 7625 39956 30284 16580 15303 33056 5031 13648 43981 24744 36521 23719 29565 8368 17912 27096 18843 12531 37711 20781 40173 5073 32934 38249 40477 25409 36358 26557 8438 13712 23199 23275 3078 31601 13709 5230 18307 2699 10069 21698 38961 7470 23425 4122 2092 24681 1677 9605 13307 19074 40253 3426 14605 39246 27813 715 20120 12593 32384 34348 1720 23610 36529 1376 16778 6224 35162 4329 42420 31051 26675 13386 29645 3735 21346 18641 18384 6437 30623 37776 3081 17569 18542 4810 18328 5588 20525 22521 28374 17835 35695 7760 14113 16000 6135 16689 23809 44158 4770 11228 22778 10450 40424 8914 27859 11018 29130 17173 24215 11447 21677 25947 21120 7343 30183 17784 18924 5660 12375 24782 7967 5846 41232 22201 17779 24067 26004 21461 34504 6733 35733 44361 42604 7747 13657 15753 34012 39226 6166 9041 13422 24701 12528 13764 38795 16506 24426 3591 20671 28984 11958 9635 28610 16906 41010 77 43894 34583 34509 20796 24329 14785 1472 5795 13708 4397 28756 41608 30989 41143 16335 789 22194 8993 44707 27644 37445 22273 14909 7710 12835 37752 7363 23526 32462 10406 26590 30830 17042 25482 37924 11564 36785 338 40253 3540 26271 5577 28174 1343 29638 16846 41379 18318 19933 10160 33641 17985 17975 43487 8242 28363 2349 12859 15616 22977 22007 10735 11325 38581 31236 4022 29307 41262 3491 20527 676 20031 27637 14324 11616 23104 25392 31045 33149 18365 32442 39556 36480 34000 1822 19950 35056 37027 28941 8424 30637 40043 40285 40911 544 1792 16494 10574 13421 31753 11831 33614 3224 25423 2252 29053 43600 32513 32450 7765 37339 38449 4448 2535 9226 32566 13755 20189 44724 43553 11934 36393 25493 25783 42222 37022 27694 26760 4187 1569 34672 41549 34948 3108 14197 31290 13905 21962 9430 24841 41732 15940 30753 32074 8914 5379 41888 31218 19577 436 5401 15584 14746 30804 20848 25088 17234 43674 14783 30732 25508 19956 32138 7852 12241 34215 33001 25645 29477 37418 23349 36808 15676 9624 5777 14868 288 36020 6443 13136 5144 12433 16457 28819 29273 33766 22862 30470 11050 7699 34106 24971 28468 11019 41470 2857 1912 25855 36674 24866 3630 565 36678 32619 23456 36096 34406 19363 6645 27734 14672 39255 24781 161 16014 9559 38679 25905 19384 7876 12543 28918 16350 39917 15357 24991 26945 16453 19092 3171 18306 37860 43246 13125 39705 4426 21458 31724 15174 18499 37308 414 359 5561 27941 31257 6025 31284 28028 12749 20014 2437 26794 20590 23406 11086 16869 16009 22488 30769 491 27077 43270 34293 12391 32186 18536 39946 2355 5984 11686 37199 15970 18120 23779 15373 10417 36474 21654 44710 39437 3886 15947 22169 25389 38595 10514 36356 31141 1741 21963 40607 20514 40965 7927 23260 16278 21299 35578 2520 39628 4301 4186 28178 21877 19199 17965 42420 9083 41063 4776 34241 20632 40834 42854 24246 2427 13148 16584 19627 31399 1149 25213 43154 15483 29247 26663 21282 6718 31743 33087 33279 26683 25089 8267 29063 32886 2467 29778 9404 29988 44449 24721 30190 4619 33382 31442 42660 33904 7587 33979 37537 2888 33437 36456 43633 20208 992 31854 43118 20930 26593 25003 32475 27958 1416 4794 29182 23258 20156 39564 39846 38727 2404 23186 25264 8853 24250 26975 26731 10836 22295 10680 5153 36585 44396 36379 13961 35771 40852 39082 27498 30888 44939 9331 43060 5551 11001 22115 32463 42255 43625 34989 22811 24738 11481 28047 43739 153 44852 44332 61 38772 22584 24589 20403 41457 10107 24768 24963 31420 16932 29877 40405 28730 26480 21143 16694 13347 15451 13242 19705 9498 43065 33017 42091 12562 1743 15954 34363 29306 6358 12200 36463 37295 31386 39942 28039 28753 246 27410 6675 16418 7896 5398 35607 15149 24816 1288 19134 427 19833 16514 25904 522 9990 42160 5757 12068 14642 25792 36034 4413 36558 29245 10907 4578 33745 38256 4787 23520 5327 2613 44199 32955 15901 12261 17827 35136 21000 16554 27879 27477 36802 40659 15030 30370 28139 40399 28542 726 17127 18971 12574 15430 24602 23603 18188 19370 33311 20033 6213 41680 9126 32360 10233 30079 5354 42978 37001 44286 41617 28593 2760 37395 41372 12227 41877 18832 13360 34509 11425 20566 25182 9979 32926 28525 22107 21848 32765 1896 26797 15218 36185 17158 1669 24670 22778 35321 15657 44087 8938 27749 2885 17786 5321 37086 17364 25706 147 31296 3945 17216 9180 20760 32693 41077 26297 25947 29695 22859 23021 10327 9380 19066 8549 36068 30660 35545 7190 9233 29500 17263 16368 46 28302 21625 40630 36191 26789 7088 24260 35042 15231 32939 2978 21496 10788 15428 15419 21906 33188 17198 28710 18542 33948 35895 9756 44224 10355 18831 26797 16057 23659 27552 33421 13502 32982 7808 20758 19635 32796 19986 39074 10272 34535 5369 13973 23024 13836 35499 16728 43740 6728 7880 20546 38395 30003 16107 43669 19700 31097 11699 19081 4204 42779 40570 27021 38436 30971 25415 21392 23353 30336 42863 23021 26046 37247 31761 17293 17669 12738 33771 39133 4698 4416 17636 21715 20286 6445 33275 40365 28378 6057 39416 32918 10599 25184 31854 36700 30117 8316 32902 21454 207 12882 19292 21939 20684 17736 19772 32583 5384 5527 26346 16190 32645 2578 14600 8671 13114 19727 462 13828 517 17354 7660 40258 18375 35718 19847 39048 31900 25662 23461 13188 7374 36009 9683 21940 10056 22231 22734 10009 17680 2899 17311 20130 41283 35280 34506 383 40870 32664 29354 22134 35683 16224 2733 6266 29600 41149 16965 43630 34449 39798 4824 4351 2912 37733 7450 13703 21779 10279 24397 23718 19214 33251 13446 5232 11491 27193 34308 11887 29003 7836 977 19778 791 23049 28118 2670 23109 41696 11633 37751 26831 14961 7260 19182 15108 27167 22362 5136 7233 23734 8601 16168 13485 44866 33980 40366 188 25522 1877 24418 32114 42892 43333 11053 466 37452 30898 36687 44476 3133 11265 11080 7151 33991 4206 37615 1057 36962 12041 43269 21068 16788 41646 33529 1686 23739 10871 28355 25363 2314 21869 44823 3925 18373 14766 42676 34776 11618 23611 35286 11106 30968 41794 23210 36864 2988 38852 44803 41116 7253 19395 21849 11397 35687 7025 5598 22743 32750 35774 14279 7864 20930 31106 6606 35491 9228 37419 18146 5590 17769 13422 40999 7352 18191 3147 3782 34931 38364 11087 14043 31223 30786 43363 1743 21671 4183 8884 37856 37317 15795 42105 37258 6426 2091 13543 42662 40968 36330 41625 22469 33742 39013 44489 34893 37557 7053 5218 12877 25827 20013 17769 16994 22833 403 23435 32988 23965 24358 12067 27879 7737 25093 9236 19107 40839 34451 2095 27116 14147 31181 13618 1853 4273 4449 6914 16712 37114 38869 9676 1991 7712 40589 36771 38546 3545 16459 19514 22387 12698 15530 23427 30929 4419 22006 9044 18554 33286 44149 40738 7829 30365 14368 3388 15472 37769 31530 2643 39400 29959 38623 22565 19737 28295 14707 16787 33400 44152 35826 5933 20817 42480 38638 40665 15226 2892 3684 25952 24112 22501 35403 36938 4708 14071 25164 4386 21713 22328 10748 12289 8493 23388 36140 30158 31223 9339 12370 301 24446 23804 34445 10822 23718 23251 32245 26958 26519 36714 18923 11384 5952 34045 24271 19565 8927 27311 32504 5656 27010 43220 3000 41721 19077 41587 1866 24253 2192 23151 37776 30608 40390 36218 19782 20898 13245 12345 32454 39243 8932 21440 23304 5166 42616 26161 25402 15347 26100 3036 3318 16588 39719 21807 8022 18631 43418 7699 458 30415 27885 11641 25189 6723 10095 15808 226 8352 2190 13110 9282 43419 41001 8659 6719 16358 31884 21942 43844 25497 26348 36286 25095 35736 22819 33364 7545 33995 36739 16811 20920 6482 28308 27621 23447 38900 23797 36174 5474 20892 32238 43784 35379 9753 23441 41554 8752 42911 38217 41021 27011 26746 18707 16864 32169 22229 24873 39691 9841 13841 36105 38782 2385 16516 128 17184 4486 16199 8350 14245 37994 42 44059 10182 30665 31368 33891 43093 6289 41400 40210 27743 28443 15398 25422 40120 8 28388 13487 1593 41124 17804 42419 13481 26919 13146 10280 17244 42328 21116 8278 11452 32153 9452 24704 12664 25104 30991 11959 29818 13647 18239 34246 27259 29532 15428 8564 35318 28783 43511 32941 27688 4002 11889 22241 43300 10483 22590 18052 32240 39643 17487 6375 38879 18799 14194 17266 14481 7708 24503 33558 28812 31645 40295 4358 16173 8417 7900 32434 16032 2115 31314 3888 9531 24707 3107 44112 1668 2515 893 28609 14326 37959 793 1748 28482 29057 36375 7919 5109 3165 4508 39771 511 22209 23003 12011 31799 814 24703 15923 1556 43521 34203 23104 41237 27244 10220 29394 2096 35479 38258 38504 19832 4449 14352 25526 41043 34660 22391 44884 44196 41888 28626 16276 3745 10514 1287 17116 26847 44310 28036 25763 22102 20443 28465 26146 1947 4417 8761 8053 25876 6672 36304 21727 28136 27713 7122 13533 42635 34676 22716 24573 5306 42379 27578 41960 15461 12115 42202 4275 40515 37324 35422 35756 44675 18883 4827 39896 8043 35655 10249 26023 26182 7330 37653 37712 28557 38307 20769 26713 28510 12393 5076 40140 16500 14445 29102 42199 34676 13775 42999 29880 21253 25216 28581 14405 40631 24700 4764 8051 13575 24637 29539 21382 25615 4458 17838 4153 2864 37214 6572 7396 1705 22239 1588 34812 6500 27613 36042 3684 28082 9598 24751 25179 21205 7390 35467 38481 7664 23464 2679 3515 16679 40783 38227 34465 19554 4691 21308 27437 30089 29062 32340 17917 17302 20839 37290 13672 30564 21376 6529 17609 35641 24607 18687 13245 38347 37447 41785 4515 36587 21040 9390 11858 43131 25981 30308 33205 600 17568 16130 44082 11048 39876 35310 11940 26731 31261 27218 487 337 5203 2284 13297 29006 5387 16024 25853 33197 11348 4799 16726 20751 37325 15788 43120 34646 24905 33212 36864 14790 42585 31891 24652 8305 9813 23889 13670 22343 16866 3866 33656 15238 36877 36086 24441 17697 34186 40225 36351 9048 44038 9994 5655 13537 18331 15786 11449 37935 28454 18263 25616 11879 11632 15140 31399 10570 7422 7500 37209 16290 33880 5627 38274 36654 4203 7675 37776 15411 17271 768 8175 42389 24753 34773 23897 12083 32287 25336 44489 29551 1985 8090 972 17339 71 36671 35428 38063 155 18011 34818 26962 30176 9844 6090 36984 42267 41730 17019 33100 40520 21431 38445 41513 24166 14322 41532 29766 5880 28071 44589 2675 3979 32967 32738 17113 33659 4665 14333 43484 37335 38339 14839 31988 349 12061 18468 43897 8843 10548 19556 29340 43486 31543 3522 8388 43982 32060 26834 26904 11621 187 30860 41769 24671 11567 43446 16847 28406 22074 10725 31050 44022 16114 22051 5923 25631 19419 29898 34324 39859 13066 650 44007 18374 44694 9058 3683 2332 18012 16964 795 14962 35295 10506 19584 5500 7639 21823 20842 31625 17745 18427 15362 35363 1421 31627 33516 26183 25284 24703 13811 27439 9511 3773 14797 14326 6834 30694 8734 37210 38347 41063 21356 34037 14345 8742 34024 2022 21238 37708 41427 32698 1461 24735 26092 17784 41963 22476 1179 9129 10130 16392 30778 43376 11725 37164 13250 20127 27355 26348 22019 43303 16847 15440 44861 3143 3993 42878 27886 5982 21132 36688 19073 9856 20694 35822 10601 28460 17991 12709 13698 41315 37394 44896 4143 2272 41104 15200 25459 24885 28414 44862 30892 28321 24471 18336 29452 24151 44440 35677 1569 31120 13504 29080 39921 36429 6122 28834 16864 35670 38179 33369 10591 31208 15467 25927 12324 779 19565 28977 35262 34214 535 17950 10065 32853 37495 34395 16163 44075 43709 14469 28383 11263 37816 15396 19748 40984 15391 36498 29224 10308 12918 5068 14295 27597 22535 29112 7492 24681 20690 13973 43107 1535 24681 10144 36906 25052 20144 8629 20761 17335 5371 27605 21781 44608 34345 35854 21824 39425 9833 2212 14483 5081 35879 24784 9022 4116 36484 43971 15894 16965 572 18107 1072 39955 25232 49 4523 22090 41868 44162 15619 6701 27633 23 27917 24498 20435 33796 9848 40497 30907 20336 44705 12259 18907 26387 20622 34774 13219 16797 17531 20674 1120 41037 31512 37230 25172 12752 41645 38064 10039 39417 35170 10101 24385 37292 21275 35753 25198 16653 28662 12007 18748 19378 29924 39297 26990 17428 1470 14038 43156 22699 5455 42744 5525 37411 39550 20071 3607 15513 16778 13597 34485 29896 1577 35140 10537 43418 21475 30518 44564 33574 40490 16989 7097 40338 32684 11309 35246 3358 41631 377 3267 40607 4277 2717 31380 6528 22731 21214 41926 28368 35420 28927 41736 6536 6736 11839 7349 35842 18922 32070 38689 40328 29948 17314 40635 3027 37050 30408 5326 43969 17588 43114 41671 1068 11680 39646 17912 44017 12805 41678 13108 33597 23045 16627 23698 4611 34553 38062 33454 6007 13861 43637 15940 14476 5384 1908 2086 39230 41148 24267 37044 21829 5522 22180 3470 11774 16702 30198 41387 16862 21829 34205 9546 7515 42469 44666 43490 4547 12484 17555 15298 13155 6812 33743 42665 65 14957 7248 1608 24455 29063 21916 44690 36150 10531 14899 8192 12100 23775 20955 28442 16519 37908 32415 3631 38291 32131 23442 15835 20023 11442 38318 35656 16969 28976 11642 20722 9868 10190 20932 36200 33550 28981 23101 43039 33583 22066 44409 6372 36898 36894 33166 30016 31851 4974 22205 37158 7329 13981 7128 43798 10992 44671 1994 12907 13762 38147 11970 5165 2463 24332 32548 14391 37574 17278 35050 24002 23328 31888 27749 31582 22495 13242 36257 16285 1911 23431 20209 4787 5120 22800 38127 13427 32643 21660 44228 10537 20294 31128 12666 24769 24643 13960 31728 2249 13311 13014 35046 43351 12434 27377 37728 41005 24597 13914 31451 20074 20065 18377 21751 5097 16094 4158 20048 44154 13544 41711 27227 41276 35297 20703 44174 25459 2176 42040 33267 8811 9201 19668 25249 37528 38621 17516 24270 16505 4753 29007 35265 12839 2359 5560 8256 36474 6339 40096 21506 6496 31275 29510 25409 25023 20166 43039 9560 27188 17752 10295 31234 36791 9727 24598 15259 33054 21700 13582 44213 2786 30936 18654 4247 11792 43876 13853 17287 39594 8561 39954 10533 16266 3458 13818 38139 37558 12351 6310 9042 39703 8204 26325 12469 42971 19204 43631 34935 43042 12058 7614 33250 42666 23759 17478 41656 27150 10988 39884 22571 30984 43609 8470 12194 23061 38568 24701 11673 3267 28891 31960 13635 24032 17873 7423 18774 20243 3577 24605 28446 33633 35711 11994 34637 18207 5582 13655 8670 39269 37863 12434 26197 9146 193 36885 38066 14058 20300 25852 11532 40586 31115 22690 32698 20642 20337 44481 34240 19047 37524 18585 13107 10035 19372 30903 44118 28001 38457 26786 6380 42807 32235 10155 6703 3289 34141 15804 21319 32295 12843 12945 24438 14456 21726 39918 43401 20906 25125 32985 7742 20376 40697 30584 2952 34061 14164 1293 19518 42979 37580 358 39731 14510 7478 18363 30061 11019 7071 8485 12439 26132 14034 28452 31482 6527 22082 3321 43502 11804 17191 17595 23345 43055 3509 31027 29344 4760 35413 26860 14300 6887 7690 13253 36884 15642 29699 29025 38836 8377 32840 26919 30209 13761 2968 27584 38796 22357 15716 10568 37106 28611 9198 14047 41521 12380 19262 30461 34467 24437 23642 20301 6590 25115 18113 19756 11157 41106 28393 25287 29021 1201 8314 2661 30799 33070 42014 8437 25307 5806 4587 36720 44875 31411 15999 39472 12990 17226 32253 22758 23540 8353 17111 3403 37203 19670 3159 31227 3676 14601 34031 20238 32313 31424 29222 9766 20609 22056 11486 44202 17672 12234 13469 12386 4756 4509 26269 40490 198 228 28446 38176 43216 11364 39109 35545 11990 11616 19574 25067 1300 37097 8072 22442 20022 42900 595 34623 12428 5746 8283 36332 7488 38056 10102 42918 34410 23032 35255 39778 33441 27620 20013 22201 14009 19007 8934 16558 9422 34738 4125 40726 29675 10659 23993 30496 42361 33009 28056 17515 24348 41620 24575 17349 9694 4831 4365 14579 22495 10364 38025 7504 9848 21929 14047 39920 1238 14800 2084 12775 17185 30677 30372 15423 33189 15346 42683 16719 27970 6010 24535 28863 43769 32102 26732 5129 23015 25724 18594 9070 3566 13937 18336 26385 34018 19432 26951 31376 20331 2732 30831 10831 23173 5096 38760 37515 1082 15849 31406 21364 10699 18554 3836 6150 15885 12163 8164 33081 10381 31426 16541 5843 30746 9464 14889 20930 37061 37773 29537 4607 39994 26772 35607 3971 22375 8151 11344 7970 12730 39503 6682 42698 37227 6621 28362 22160 20820 24287 14378 6671 28851 37515 42979 11700 29184 32080 4538 28636 40672 969 14540 27546 8223 23916 38161 4012 39222 26304 41366 28268 10820 34702 28409 7980 6893 14798 8450 34460 9052 35351 41691 20024 35574 33112 1431 9676 29348 6633 40744 15440 23489 41986 1163 22851 28294 27480 37431 9944 25253 38887 43844 37293 20516 9069 37703 28988 40701 7128 38156 150 14402 23693 32491 10226 13375 21922 41520 37370 43939 41144 22362 17927 12992 33663 36590 38455 17442 9271 36556 9549 42190 35209 41662 6565 24151 26068 44334 18251 10392 31707 37730 25400 10865 14808 18068 23631 19211 44949 3332 17417 642 25112 14238 4036 6543 28791 33537 5792 43908 30220 10146 24665 21000 18405 35998 32196 27698 7481 36351 39371 21229 14458 42273 27876 10684 19326 12390 27948 4030 29310 37696 27498 14483 39318 25020 24996 40124 39538 18270 32659 30897 27213 24608 8038 38882 43204 22871 12481 42520 25066 20640 8857 41113 6105 38731 42132 7345 7920 16131 38375 8946 34359 30091 32142 27894 4348 34252 25074 1469 7946 7247 2105 22740 42987 40558 15623 24896 4908 21500 41174 19978 5295 15416 8999 41881 27766 24787 41657 13850 19383 13274 44129 8276 15918 17273 14616 5104 5495 24919 38676 41070 23504 41002 22335 31577 6953 24222 44701 44273 26017 4495 42973 29948 44844 27623 30847 26785 40983 12201 42788 7137 37751 36000 29840 41120 2078 42922 28858 2732 35949 22611 18735 2639 29630 39236 32945 10379 19796 18820 12807 42343 1857 31287 15010 12083 22125 4621 19050 15641 4651 7150 19756 43262 16192 2103 32486 38707 3414 38007 18118 5728 6343 41264 9091 27682 41764 44339 16734 19358 21211 37825 3257 42035 28957 26526 25708 31239 25045 5669 19453 36528 34267 12458 9869 17463 14076 12123 38316 21053 27186 716 2116 1037 4699 8444 26740 19651 11869 24118 21066 12619 13492 31403 19303 26367 4584 39111 13083 922 37923 8922 32517 24400 14900 34464 40435 1235 23037 38332 27459 12060 14128 24699 30328 40916 24289 41182 16460 37427 29888 27031 30256 6992 9130 35010 3339 44501 25273 38324 3395 2576 11989 5845 31731 40804 22601 42285 27823 7880 26717 2495 35181 44174 26318 40444 40664 18165 44643 24492 43739 43076 31053 13244 31501 26412 19414 12236 4798 33244 3049 9728 17402 19338 41237 37663 34580 33500 28768 19059 37168 9797 34937 40012 42833 8821 43854 7489 28330 21654 8627 12180 37326 31437 8941 2914 11804 15092 7556 28915 14613 31185 21697 1185 14679 28015 4320 22435 5923 6570 37710 39085 16468 23393 27930 712 4132 20881 1865 24226 536 38252 41960 39799 25408 174 40082 11014 960 44640 4046 2572 29513 22279 39998 35008 23348 11048 13313 38203 18129 6663 10424 41712 44685 30374 19311 24896 37298 29755 21591 20433 38506 10141 33445 29970 21038 35342 41486 11090 3445 25754 14008 12760 38602 21372 24627 32631 9819 31943 10277 2805 40708 43310 35136 35901 10308 41638 32466 12827 43619 41539 38034 10138 12638 10254 34554 5046 21502 27466 44377 34624 32237 17739 18077 16787 39839 461 13373 13420 38479 17421 13373 665 36283 37151 1939 27594 21732 7756 38654 10230 12830 28709 42804 31889 4196 38735 1589 27954 15822 1156 25040 43631 29735 29347 6430 5476 5906 14483 12227 35967 25341 28827 11100 960 9461 9806 25228 35353 3623 35741 40934 16538 31357 41744 37796 2567 27070 13772 23131 27042 9932 
