// periodic
// number of jobs
1
// pi
30
// Cycle
100
// aperiodic
// number of jobs
11000
// pi
119 25 73 91 136 122 29 82 83 99 134 102 1 73 126 60 33 14 118 75 27 128 23 38 133 94 35 87 122 6 28 103 1 47 133 39 68 66 12 26 18 118 120 104 105 61 134 135 5 15 111 5 107 4 4 10 13 121 89 134 102 93 45 43 61 32 18 81 82 100 27 119 99 115 112 16 42 51 76 1 132 124 90 111 119 82 6 35 37 26 115 117 78 19 88 107 23 109 66 86 121 21 85 71 4 55 65 126 127 63 49 129 110 28 104 12 6 25 20 57 103 71 4 70 103 52 117 36 43 19 125 49 75 119 69 96 42 62 27 132 118 120 131 46 43 92 103 31 28 26 78 74 42 35 84 138 46 80 16 90 91 108 13 103 99 73 47 22 112 69 117 15 70 90 9 73 24 48 25 99 22 122 107 48 53 59 51 46 79 76 102 87 10 123 135 115 79 34 90 114 121 128 90 40 41 43 20 114 82 82 75 54 40 78 112 7 63 1 32 12 111 4 101 58 108 121 108 21 84 60 17 99 139 116 36 102 90 58 68 5 78 93 47 129 30 121 122 110 112 48 100 46 125 23 106 86 72 57 40 12 39 9 81 33 95 34 42 139 123 115 9 22 18 55 70 72 114 131 118 55 87 27 44 60 26 70 63 112 64 41 24 110 139 72 120 94 78 86 28 65 52 48 47 85 66 122 32 5 57 56 5 17 18 60 59 105 86 23 72 105 55 27 121 98 34 19 99 14 53 83 48 58 91 100 59 71 61 98 30 130 33 76 26 117 99 56 43 135 118 119 10 84 64 104 79 18 73 15 29 40 1 65 115 73 66 90 19 3 96 51 12 111 134 110 51 96 31 128 89 23 137 102 28 99 115 54 14 124 109 58 7 18 26 25 88 67 51 54 92 78 19 107 63 129 115 70 111 8 81 12 114 93 116 114 61 104 49 78 119 66 20 80 123 117 26 132 82 20 33 34 98 94 96 125 17 79 28 36 59 29 4 75 29 24 36 38 92 117 16 124 30 30 102 110 128 22 91 81 102 121 24 76 56 53 43 64 12 63 110 46 134 102 125 6 54 112 111 38 56 77 90 10 94 87 52 25 57 131 111 37 118 16 41 51 19 22 18 104 26 117 122 130 22 129 86 19 72 13 16 113 12 23 18 35 17 20 24 43 70 37 49 114 14 33 11 114 75 60 24 71 128 95 118 7 19 13 86 20 6 40 129 134 59 23 72 107 47 139 11 94 90 96 106 139 60 50 32 134 56 83 115 56 139 71 95 59 100 89 133 39 128 36 120 13 6 3 100 97 100 126 6 23 21 15 132 43 107 11 31 113 72 36 100 128 104 88 43 121 118 29 73 31 92 7 109 36 53 29 127 14 51 112 47 21 71 32 130 27 80 119 124 84 137 129 72 101 99 50 98 107 91 119 60 13 26 31 12 122 137 71 134 102 60 14 56 139 38 55 106 128 97 87 21 19 30 104 86 82 59 101 85 133 130 122 28 126 55 13 55 104 60 132 21 4 1 2 78 138 83 136 139 130 47 60 74 114 59 77 101 66 55 135 114 59 120 3 107 107 46 36 17 29 74 102 103 61 13 27 88 73 4 32 85 49 11 17 74 73 77 54 46 50 1 5 37 92 99 127 10 6 138 34 118 100 119 65 108 45 53 55 59 139 69 61 131 19 11 46 24 33 118 61 70 77 130 28 44 92 103 133 34 115 75 115 114 61 104 5 68 31 21 36 34 44 63 41 48 19 79 107 17 60 78 26 1 65 5 126 42 87 116 21 80 66 70 91 25 99 82 92 68 79 42 106 102 59 127 51 137 90 128 107 43 35 30 47 40 16 6 11 101 37 49 61 35 31 42 7 138 10 113 125 32 94 125 81 91 31 21 113 87 37 31 24 36 138 105 88 90 123 21 125 56 70 64 55 18 139 106 81 31 16 10 50 21 80 104 12 115 3 6 121 109 16 37 2 88 8 136 53 54 48 18 90 92 9 49 112 131 82 74 25 138 130 110 129 40 51 44 122 13 87 134 36 37 106 120 121 99 96 68 101 35 67 12 14 111 90 82 110 10 7 62 121 70 55 69 32 4 133 99 64 96 71 39 21 57 85 80 93 77 102 100 49 139 115 120 119 86 46 113 119 120 52 87 80 124 88 65 67 14 86 28 101 106 42 60 136 56 46 131 96 71 114 44 8 17 5 53 6 34 55 80 121 87 80 18 94 127 79 132 139 114 74 11 8 3 118 111 67 57 11 37 122 125 121 17 8 55 43 48 88 64 79 28 66 92 42 20 84 12 60 20 30 16 130 65 110 8 126 55 75 50 26 115 46 76 65 139 102 82 85 94 16 47 27 48 59 131 81 58 128 89 107 32 54 96 34 50 57 112 91 40 56 19 116 99 78 17 94 9 91 50 92 40 102 13 6 60 29 53 91 128 43 37 52 90 112 58 60 55 41 28 55 7 114 46 52 95 130 61 13 100 107 82 54 132 18 3 126 83 126 34 77 94 31 122 30 119 53 114 46 95 38 27 113 118 110 124 132 131 129 69 124 1 134 11 97 13 31 1 136 38 118 14 103 22 124 105 67 92 84 63 53 88 46 128 111 46 75 42 128 6 68 81 14 127 16 19 118 62 10 22 36 23 79 90 39 136 101 48 70 30 12 43 79 65 121 74 26 56 82 43 119 107 41 74 112 18 63 99 104 3 48 108 36 57 91 20 78 36 10 19 138 46 66 106 3 69 58 63 11 130 73 123 20 35 34 87 125 117 69 83 115 67 39 32 58 104 13 75 16 87 67 70 71 63 61 11 126 67 36 5 139 116 122 52 40 88 57 53 112 130 139 48 136 64 134 41 99 47 110 136 96 18 44 7 104 118 83 131 128 41 78 28 97 100 128 69 86 133 55 109 31 24 76 5 34 28 67 11 86 18 77 81 83 129 1 16 98 94 69 110 112 133 54 100 101 7 16 84 68 17 101 124 47 88 125 32 102 102 17 83 82 104 42 8 103 87 25 96 92 48 90 120 67 75 111 104 7 53 40 15 109 9 109 25 110 29 136 84 136 48 4 6 89 53 58 117 45 139 15 44 52 116 132 135 86 40 90 31 65 57 76 136 113 44 41 51 42 31 114 37 65 73 23 72 58 138 80 41 84 2 108 57 50 75 127 21 121 17 92 137 134 51 117 130 6 17 119 15 98 104 85 54 105 114 105 31 4 116 52 135 129 42 32 111 112 119 41 132 54 14 104 114 54 73 83 95 125 86 58 107 54 125 101 79 61 131 96 46 99 17 37 136 121 104 119 118 9 62 19 36 136 17 12 28 31 114 125 88 137 53 63 19 67 33 47 118 33 104 17 77 120 88 25 100 84 56 35 58 43 124 72 7 108 11 120 58 97 109 85 44 68 101 108 74 127 42 54 137 53 2 68 83 95 4 27 97 67 6 131 58 43 11 120 34 82 25 68 57 90 102 76 36 26 28 119 79 36 102 115 132 86 46 48 113 71 101 28 135 39 64 77 45 131 94 121 48 88 98 97 136 61 51 49 124 8 133 26 87 85 136 11 111 107 46 63 8 73 102 138 127 19 98 76 65 90 29 119 34 94 10 107 72 104 51 4 135 40 139 37 110 81 90 82 134 136 123 94 108 29 84 53 134 2 22 138 86 41 8 36 98 52 113 71 119 121 117 129 60 134 113 135 112 13 28 6 44 113 82 13 72 108 45 89 27 117 130 24 88 125 71 12 66 6 114 60 105 45 31 14 72 126 107 59 59 10 84 85 82 89 79 14 34 91 107 1 90 44 112 65 92 76 68 11 91 121 117 105 102 113 39 115 53 39 26 5 38 71 127 19 67 21 104 39 99 37 56 101 136 7 95 14 85 109 44 91 67 128 48 64 15 30 137 30 97 43 125 110 118 68 14 66 133 50 97 49 60 62 112 49 8 119 79 106 99 36 31 133 128 71 13 133 32 96 130 134 28 95 75 68 107 53 69 86 100 28 22 116 63 77 87 70 96 13 16 91 28 37 8 137 120 37 113 106 55 52 33 12 97 23 136 77 31 5 138 23 62 11 50 103 2 68 14 88 7 72 83 79 86 74 6 113 103 35 53 29 138 96 117 118 101 72 19 122 31 26 29 107 40 119 116 28 45 111 124 130 124 36 48 109 5 65 77 29 102 134 88 11 88 40 104 80 51 17 121 28 94 101 30 111 66 100 80 43 75 108 47 30 24 65 17 51 53 1 34 70 40 72 108 27 49 121 15 13 137 65 43 85 139 6 8 53 22 134 65 46 131 121 129 27 1 87 41 23 130 133 37 5 14 72 110 138 35 67 55 18 60 19 11 19 46 119 55 134 39 56 113 83 17 18 54 15 137 76 139 37 75 85 117 4 6 12 122 92 93 58 121 74 136 114 64 84 6 39 7 91 20 16 23 85 24 34 120 75 94 89 51 39 120 42 32 126 24 31 47 128 109 50 121 47 60 24 114 109 83 65 96 125 75 50 54 63 10 71 64 113 107 44 61 103 90 32 118 108 73 12 126 90 70 44 29 103 95 87 126 36 96 106 18 33 20 31 116 30 98 23 38 24 128 100 98 26 27 37 65 49 4 4 138 111 99 30 50 106 69 31 110 56 28 59 134 127 75 29 7 107 109 29 130 19 27 74 11 26 35 1 18 88 134 81 35 90 57 112 103 59 7 77 83 38 29 73 78 83 88 90 123 47 92 39 16 61 136 53 116 30 18 37 13 129 58 28 101 118 122 72 62 75 4 44 4 116 124 21 42 81 69 21 121 37 59 92 30 26 113 59 127 76 53 50 18 81 25 74 94 7 67 98 46 22 19 34 59 138 91 64 126 72 51 43 76 139 41 43 99 69 102 4 70 52 21 25 35 114 5 13 3 116 85 102 14 117 43 57 108 92 33 50 59 99 12 112 47 86 40 91 74 120 51 118 8 104 118 36 92 97 107 50 58 17 80 14 95 45 130 123 40 101 6 78 95 21 133 1 92 121 78 35 60 38 127 119 137 43 110 135 35 9 124 52 120 8 59 2 127 25 25 136 6 101 70 41 15 1 30 137 39 28 40 37 62 56 139 131 73 14 74 46 27 63 18 75 121 92 86 126 20 23 90 123 21 79 122 104 81 52 33 72 50 47 14 70 34 124 85 13 96 67 127 63 105 74 115 54 75 85 135 123 5 25 53 58 102 84 87 38 35 116 86 64 135 114 124 3 92 35 65 65 112 19 32 66 109 63 2 101 136 96 122 59 99 13 9 17 32 100 5 67 63 122 5 76 49 86 129 59 124 79 128 97 108 12 114 113 93 128 125 128 62 20 17 73 87 38 20 33 133 61 128 95 12 18 115 4 78 11 89 134 80 138 9 115 86 131 84 14 15 69 23 111 58 117 4 83 106 27 77 109 23 118 137 22 53 109 51 47 28 58 16 125 21 84 51 54 4 58 110 84 133 137 36 80 135 115 57 53 78 73 76 135 134 5 55 1 45 52 54 70 124 49 78 19 96 128 63 54 139 48 70 16 123 122 87 136 111 11 53 14 6 78 27 61 130 95 111 105 61 61 66 100 67 44 106 120 19 128 9 10 14 68 124 88 59 120 110 81 58 2 57 88 29 10 124 136 31 120 117 134 95 24 12 8 45 13 32 94 63 3 97 62 127 8 66 131 97 39 134 56 45 26 47 127 25 21 139 100 68 11 35 92 82 105 77 72 110 2 114 128 1 93 33 43 7 12 99 139 126 138 52 44 33 101 28 45 122 14 55 74 117 31 77 99 80 91 97 8 113 84 87 109 105 137 2 103 89 8 136 108 95 99 13 115 64 132 26 99 133 33 93 48 8 47 112 109 49 101 23 139 109 84 23 113 6 122 110 5 90 97 70 122 16 114 92 113 92 97 96 3 29 10 116 133 58 68 2 118 103 66 10 114 88 40 80 24 68 92 43 8 109 112 1 65 68 79 80 81 135 26 118 137 110 17 19 81 56 112 99 23 126 109 96 16 56 38 82 99 61 139 14 68 139 131 12 115 106 44 21 48 127 30 31 47 23 67 44 139 56 137 34 23 65 49 4 68 23 91 21 23 72 34 114 75 61 7 45 38 22 40 94 90 2 102 44 53 21 47 56 6 75 4 72 75 29 16 115 69 114 128 63 90 30 88 82 113 6 11 87 62 102 14 13 128 102 68 82 36 34 84 57 3 22 33 53 95 42 50 88 42 4 108 59 93 79 46 50 74 69 122 118 62 16 98 89 79 41 130 68 81 65 23 15 113 59 43 69 71 136 5 23 115 71 5 9 80 36 95 81 93 37 55 85 109 131 63 56 3 110 97 87 123 40 107 87 66 137 124 31 108 68 46 104 64 97 97 2 9 54 1 69 19 100 87 47 96 105 56 32 122 73 26 81 124 122 108 94 15 111 31 37 57 9 92 96 82 87 105 104 91 117 30 136 28 114 135 24 128 105 129 105 63 136 76 103 97 28 117 113 106 86 66 55 46 92 110 59 34 24 124 97 117 46 11 60 59 13 37 90 73 120 45 61 45 125 80 89 136 5 56 97 129 132 118 90 11 13 8 9 100 8 87 32 6 131 11 45 79 42 69 28 90 5 136 131 116 44 31 17 12 18 2 133 123 60 92 11 21 47 34 123 19 37 138 38 45 1 99 115 23 111 109 20 117 10 9 88 109 76 75 19 75 45 132 112 31 53 43 50 86 70 107 126 80 80 86 117 39 57 75 51 17 58 42 115 23 131 97 83 133 17 77 138 131 78 135 5 41 121 56 114 99 88 127 92 67 138 37 18 17 20 82 51 19 115 65 83 54 98 15 5 124 109 39 3 22 9 18 55 113 42 19 101 87 28 5 120 102 3 91 71 80 19 26 87 84 111 98 65 116 110 35 35 60 40 8 21 79 3 20 97 37 116 32 79 30 21 52 90 24 123 64 70 65 113 125 14 68 123 103 112 99 75 128 116 50 109 132 44 106 139 82 9 21 5 80 61 136 91 122 29 50 80 61 113 124 45 137 51 12 26 42 44 30 33 29 64 31 111 21 137 124 46 133 44 121 78 2 15 21 48 84 69 130 69 23 107 118 96 92 69 37 19 104 35 132 62 109 137 26 84 32 44 61 117 54 9 52 31 19 58 90 27 13 130 16 68 128 96 80 74 57 22 87 58 69 14 137 126 40 36 90 87 14 33 98 127 132 40 108 105 137 42 57 98 41 43 39 41 51 41 44 61 132 64 49 56 54 34 19 119 31 115 53 2 9 120 71 40 22 117 95 21 107 72 34 53 121 26 130 40 70 111 128 80 135 44 21 138 115 123 45 47 47 60 98 38 14 83 32 70 57 60 129 128 27 14 6 61 16 93 35 129 115 37 107 38 37 43 19 14 112 120 63 60 95 134 102 102 47 127 37 87 37 43 89 41 8 12 112 22 125 9 96 22 52 108 109 22 8 119 132 80 42 43 29 135 54 136 90 31 136 8 49 85 61 11 85 63 77 102 26 105 72 42 120 57 80 83 4 19 4 24 135 58 126 32 73 69 8 136 128 122 114 104 25 13 35 8 43 42 35 14 10 111 127 12 32 15 25 36 17 47 109 35 3 84 67 105 77 89 30 43 113 78 58 15 110 14 81 106 58 62 135 115 118 92 63 81 58 117 118 3 49 67 131 64 82 125 64 13 39 89 113 20 75 88 19 6 17 87 37 132 123 109 15 12 54 12 18 102 30 127 105 31 27 97 115 124 6 118 98 53 27 17 12 55 133 95 68 81 24 115 88 51 32 13 56 6 50 4 50 114 85 107 51 128 116 27 84 119 48 97 6 99 128 84 124 101 104 38 84 69 100 81 123 51 68 135 38 39 122 16 9 132 67 105 11 72 21 33 99 29 68 10 136 57 114 4 115 27 118 24 57 102 119 15 135 31 42 75 133 102 79 42 65 104 53 84 35 106 20 99 21 91 32 10 28 71 19 117 62 134 80 36 72 78 89 54 78 66 22 37 12 81 6 115 52 10 15 20 12 59 86 108 114 17 113 45 17 58 63 6 14 87 99 36 33 55 92 37 38 11 126 102 123 27 32 18 117 133 87 105 7 31 39 46 43 64 124 36 17 52 138 136 22 137 105 22 119 28 120 120 58 23 71 134 36 121 89 10 112 129 68 118 131 31 36 72 4 25 76 42 104 4 126 8 108 70 77 102 87 62 65 118 8 22 22 20 4 99 93 52 17 52 88 97 36 35 32 61 22 85 82 112 16 3 136 96 46 108 57 75 123 15 12 22 99 114 55 20 49 100 84 6 104 105 59 52 100 89 60 86 45 5 80 84 103 4 56 83 56 81 61 104 62 139 45 120 14 130 47 30 125 58 22 11 26 96 117 74 26 48 118 99 59 116 65 86 75 38 86 127 45 56 45 107 25 42 116 113 17 56 53 87 9 102 129 56 107 95 100 111 134 2 23 19 104 108 130 86 125 137 18 92 129 64 136 14 106 21 90 4 98 57 134 107 62 129 16 7 89 112 3 136 46 47 34 45 42 67 26 118 18 12 90 29 122 119 129 136 50 20 7 44 63 44 37 85 131 84 87 17 99 54 102 115 12 11 39 60 138 86 135 41 63 20 1 135 108 4 138 100 98 70 66 13 96 134 79 94 42 106 73 100 7 92 105 100 133 117 78 114 134 66 67 40 53 106 78 132 58 51 36 26 24 132 63 51 82 27 41 104 126 107 116 15 42 16 40 3 82 89 62 116 51 19 106 58 30 89 42 95 73 60 118 139 71 18 38 1 106 106 4 32 58 12 113 10 102 95 39 12 95 117 86 85 3 135 20 16 78 102 117 90 118 131 18 98 134 97 70 123 11 87 29 50 28 76 96 134 134 9 126 43 55 30 21 105 66 8 81 30 123 61 6 123 96 92 122 83 43 81 88 101 128 105 72 39 45 88 102 128 114 62 68 69 10 63 67 116 131 69 69 70 101 58 122 42 91 88 70 133 124 14 86 127 60 108 124 12 139 72 58 137 120 65 18 7 84 66 50 119 112 48 127 20 4 62 131 19 129 90 61 91 80 95 82 101 126 59 74 119 9 58 22 33 47 56 113 56 9 30 61 17 65 9 137 126 91 78 55 75 15 32 33 11 125 117 55 79 91 18 7 116 63 6 20 123 107 134 120 83 79 107 107 126 21 72 98 120 78 37 8 107 3 47 139 38 77 92 95 76 21 5 90 10 88 133 139 70 1 97 117 73 65 10 4 29 73 109 86 65 76 75 135 76 117 119 109 136 4 3 65 96 24 101 87 120 91 117 26 86 44 106 133 45 66 38 40 29 38 45 84 36 40 41 13 115 13 39 13 2 130 101 86 39 49 121 95 29 90 15 66 135 132 108 84 125 95 118 115 32 123 85 117 18 111 66 102 32 132 98 32 125 11 2 61 136 113 96 75 52 99 65 86 77 112 96 15 10 121 79 64 10 31 61 121 48 111 25 10 84 86 117 76 49 14 28 82 111 88 7 72 61 36 119 70 1 66 42 7 33 135 118 124 99 35 113 21 64 62 35 41 76 22 2 56 49 68 29 96 57 50 2 22 94 112 56 128 4 17 3 67 118 42 28 79 62 135 26 104 25 136 131 1 88 121 130 137 8 23 94 102 74 27 93 93 36 87 33 68 57 25 133 32 134 3 95 77 16 83 28 116 127 67 106 128 116 112 102 94 23 8 19 115 8 83 28 126 22 123 80 52 48 89 15 22 125 61 120 92 111 20 7 61 57 45 69 136 50 94 132 119 79 52 95 61 131 23 76 127 119 103 28 31 43 114 65 6 44 29 117 99 135 48 79 31 101 133 46 101 92 45 123 67 90 10 37 25 51 64 117 91 114 61 119 139 78 130 85 31 30 82 8 122 78 10 55 98 139 132 39 114 40 17 14 41 67 42 6 11 65 11 79 25 63 101 71 3 133 101 73 21 50 86 69 98 17 26 29 23 31 27 41 93 129 12 50 59 16 123 138 21 65 83 66 91 33 24 85 28 64 105 19 53 15 54 137 120 20 45 29 63 74 120 119 3 12 107 32 50 135 31 45 72 70 136 76 69 118 136 6 98 102 128 83 60 118 118 87 49 1 102 101 71 127 10 8 97 53 51 99 21 36 68 63 74 82 78 134 90 62 78 4 19 45 98 57 62 28 73 16 51 98 78 94 81 9 35 11 115 30 90 98 25 39 109 36 129 3 123 2 57 13 113 37 113 74 5 48 2 36 32 27 4 46 38 39 68 7 17 57 129 127 127 5 120 62 29 76 126 8 34 106 105 69 12 77 136 72 67 47 30 80 78 27 79 133 69 91 21 127 101 139 51 9 53 45 94 51 102 3 44 82 38 6 9 67 68 119 112 15 120 118 76 102 99 32 43 88 24 57 133 51 136 115 60 45 133 26 27 66 1 1 88 45 48 41 129 130 11 19 67 119 25 53 66 7 72 34 130 128 91 63 24 83 105 110 15 45 12 44 70 56 130 43 69 133 26 51 63 74 101 116 88 113 85 123 62 51 103 34 118 110 27 66 88 20 88 102 134 14 80 77 83 139 77 46 57 129 31 20 94 7 61 10 97 94 36 81 106 82 65 4 50 34 13 39 107 138 113 139 139 48 132 44 78 14 133 72 117 41 107 35 70 98 45 21 130 60 132 64 70 50 2 74 44 53 1 6 138 56 92 33 96 69 1 121 60 66 91 133 67 64 131 121 38 37 12 2 78 73 131 138 88 86 66 89 124 58 105 138 33 102 52 93 42 37 71 104 108 68 76 96 8 36 35 74 115 114 46 45 47 93 100 50 125 6 18 139 118 77 59 72 112 99 78 44 106 68 23 126 122 129 85 33 81 2 59 57 12 104 101 36 42 126 8 95 30 96 4 55 70 45 99 40 86 63 88 73 13 139 138 63 18 36 51 81 135 119 1 54 90 3 107 44 112 136 130 68 66 95 49 77 75 65 9 43 52 3 9 73 121 105 136 6 96 104 133 31 45 106 122 23 85 56 42 115 123 57 21 45 48 52 24 135 66 8 119 83 18 10 5 87 24 24 22 36 111 88 59 94 132 67 7 86 13 84 13 11 106 48 28 128 9 6 58 110 39 60 39 95 37 24 126 31 129 67 18 32 11 66 55 127 115 87 99 92 1 109 110 49 20 117 88 40 73 70 62 52 83 17 54 28 72 65 9 44 72 75 138 47 88 30 36 138 25 85 129 44 131 32 107 119 45 135 65 127 27 127 10 122 124 96 53 88 10 38 5 31 66 50 74 30 84 50 47 35 34 89 134 68 92 47 112 131 21 136 55 27 113 88 88 30 52 11 22 27 16 86 40 128 134 24 7 5 104 99 30 20 15 125 59 8 5 120 92 124 96 72 17 107 75 49 79 88 22 139 25 105 84 125 22 86 126 109 137 68 82 88 5 34 61 40 110 47 35 26 137 69 77 73 31 60 134 17 92 68 57 111 16 17 76 84 44 130 8 36 115 132 64 115 76 47 86 36 94 138 8 124 79 79 20 53 10 43 37 129 119 95 79 45 39 86 44 7 90 37 135 126 14 24 58 42 116 36 119 116 38 98 37 78 52 10 80 28 54 114 77 53 117 52 108 8 92 124 99 63 7 30 68 28 74 64 32 5 15 6 17 105 33 10 134 31 3 114 40 80 122 84 10 133 131 6 28 63 92 122 85 97 111 105 42 128 122 62 126 83 110 52 110 62 41 136 86 103 59 85 116 57 93 5 71 15 113 59 51 63 13 52 71 137 139 59 96 115 123 125 105 36 112 137 107 95 78 87 108 81 48 83 20 31 9 8 68 84 57 23 114 11 71 91 100 127 15 136 122 51 81 84 129 120 104 79 106 24 118 35 87 43 22 129 17 41 29 79 10 42 84 16 130 90 43 107 76 125 54 104 40 63 9 64 127 134 68 37 78 41 39 132 107 138 5 15 3 76 119 122 134 38 123 66 78 133 24 123 15 100 3 40 47 24 2 23 70 42 137 20 107 47 126 27 91 32 75 129 128 57 125 116 6 58 64 36 85 46 70 4 103 107 103 21 106 51 113 6 82 135 133 117 117 11 13 22 5 58 84 74 102 109 99 136 7 90 19 41 117 2 69 49 87 6 84 67 138 81 92 118 44 125 63 108 99 6 90 99 69 15 129 63 34 109 70 34 129 115 13 39 71 57 107 31 108 20 132 79 56 101 7 42 6 121 117 69 14 29 21 9 124 81 67 20 118 42 7 18 98 44 36 39 96 73 46 37 29 57 99 117 133 118 27 92 121 61 53 31 134 53 25 49 137 92 62 2 15 26 100 125 119 128 61 23 132 10 25 42 88 97 66 129 34 93 27 71 44 68 83 95 24 61 109 118 77 103 135 58 133 4 134 99 126 136 38 35 20 41 18 103 103 48 85 110 87 108 43 75 63 83 103 44 89 15 137 138 101 87 110 12 111 109 7 99 37 2 109 95 101 135 9 79 40 30 24 116 94 56 9 108 16 37 61 120 119 67 99 76 72 76 53 93 92 131 65 85 13 139 113 94 108 37 130 64 74 16 99 122 11 21 78 116 119 123 38 78 16 33 56 105 114 40 9 85 136 127 137 90 39 4 18 98 105 20 46 59 40 24 103 69 95 133 19 95 135 138 4 24 7 74 86 72 92 131 124 91 49 78 116 108 55 70 13 109 46 17 87 74 49 11 95 49 123 7 70 135 106 36 35 11 126 28 62 31 9 45 46 74 69 42 121 8 128 72 88 7 10 12 119 113 76 6 12 56 44 90 43 135 127 4 1 1 5 12 48 21 88 3 50 83 108 99 74 131 14 51 7 4 93 19 51 83 83 118 90 127 33 31 87 130 85 78 42 110 127 47 72 9 136 42 114 92 109 102 33 52 10 49 118 47 135 60 93 108 89 30 104 6 32 50 44 50 110 84 67 95 98 16 34 23 75 99 69 5 125 127 101 11 133 73 107 42 74 102 79 10 48 9 56 117 56 65 22 10 31 108 100 73 27 138 34 14 124 75 15 40 134 24 104 80 27 55 133 111 22 112 87 115 78 41 138 9 78 47 22 4 25 59 138 83 125 98 39 107 124 110 132 30 75 18 121 91 54 82 52 105 73 125 48 131 91 128 35 68 90 101 35 120 40 35 49 98 66 28 118 88 117 67 111 22 53 55 86 92 13 64 67 77 107 61 2 99 81 22 118 88 114 109 81 103 94 106 91 120 131 103 3 9 47 87 100 124 42 32 63 81 45 64 72 13 76 61 118 101 92 35 40 41 139 43 28 113 126 13 99 112 50 12 91 31 90 125 94 126 105 119 68 58 63 111 135 2 64 131 128 139 131 100 76 115 121 13 86 122 127 4 87 40 5 125 125 23 61 87 97 68 48 104 134 60 129 45 108 97 59 62 58 32 86 127 41 29 114 47 75 3 83 50 54 34 125 21 12 133 70 105 71 109 48 31 138 14 16 7 131 96 105 91 34 27 95 90 86 35 8 107 16 120 51 73 139 118 102 17 94 37 22 51 2 120 116 43 133 101 108 45 32 40 105 139 89 75 114 39 130 92 132 121 52 16 77 66 22 85 36 121 62 24 129 104 70 115 18 44 85 41 108 6 68 129 81 42 76 126 75 109 51 7 106 40 106 34 98 92 60 134 13 38 96 118 18 66 96 113 48 45 131 94 78 57 11 19 15 55 8 97 11 91 4 26 100 30 35 94 61 41 11 15 109 105 133 76 112 41 99 115 37 100 8 71 114 68 120 66 128 72 138 35 114 11 4 113 29 91 116 96 80 105 9 115 40 127 27 8 66 132 129 114 59 108 19 56 107 62 52 93 45 47 94 114 114 59 83 47 91 46 104 129 109 59 123 99 132 75 111 11 110 28 16 45 35 100 106 66 107 112 42 20 58 42 59 80 23 104 124 52 138 111 75 48 51 34 7 124 38 43 42 31 78 76 38 121 49 66 51 7 29 24 124 8 11 79 16 15 99 71 75 76 94 54 123 98 93 34 71 93 77 43 62 107 99 114 54 32 104 113 95 115 76 29 138 77 87 75 104 13 135 43 88 74 2 81 6 123 98 77 47 39 61 135 13 65 39 99 108 4 109 131 49 80 76 60 81 28 126 117 13 92 65 108 128 102 11 84 99 118 9 47 69 9 59 136 104 99 134 4 91 4 70 64 138 62 118 46 67 30 112 79 13 53 42 25 39 97 21 132 97 4 63 113 47 129 65 55 22 69 120 94 74 78 3 107 91 106 105 127 37 20 13 119 20 54 119 13 13 45 3 126 46 73 40 123 125 66 72 32 18 61 85 75 36 3 105 30 136 13 57 75 102 105 39 16 78 58 66 25 118 11 84 32 16 108 12 117 112 107 8 19 61 80 83 27 33 129 70 109 18 118 70 12 30 119 68 12 66 90 69 27 95 8 139 113 73 72 138 18 136 9 119 126 126 30 69 45 41 89 102 88 34 82 8 134 139 44 128 133 14 94 39 125 15 126 92 5 52 36 54 74 89 118 89 34 45 95 26 64 48 39 97 109 115 53 26 83 19 95 116 64 78 97 44 129 46 125 83 95 45 124 131 90 92 41 48 117 85 47 76 52 7 43 110 128 55 88 133 110 84 14 12 81 86 90 139 20 112 135 75 1 48 126 118 77 62 54 89 96 131 54 128 126 69 9 73 45 21 54 11 54 8 22 79 11 43 116 42 48 46 110 81 32 102 47 59 61 78 120 4 65 100 20 48 94 68 95 71 83 50 99 136 131 130 16 35 58 29 10 59 10 58 21 129 117 108 99 4 64 82 29 136 53 105 92 63 44 46 124 55 83 14 30 37 70 40 94 31 43 92 122 119 68 46 137 68 128 102 53 3 15 62 50 51 99 110 46 137 139 80 64 30 8 94 100 1 62 44 46 59 10 74 128 73 25 5 85 9 21 109 120 95 96 39 62 31 9 6 110 90 69 15 105 115 115 111 46 5 48 63 93 98 54 100 75 26 28 32 100 47 31 14 50 5 88 73 121 6 78 79 45 87 92 92 16 96 90 16 122 30 20 71 138 44 100 115 131 4 101 124 14 78 128 89 60 94 8 82 124 17 42 89 133 105 3 34 81 56 134 40 117 48 43 105 83 105 94 137 100 20 92 23 44 1 66 88 84 7 105 102 135 17 39 124 72 2 81 6 58 2 5 126 46 15 43 107 102 66 26 2 39 87 85 51 93 108 42 85 128 31 16 108 5 66 104 15 111 48 65 138 108 45 53 22 78 2 87 1 82 120 121 66 132 78 108 65 120 81 93 24 86 139 63 110 89 3 47 117 127 79 100 76 37 40 11 49 37 109 34 65 122 71 31 31 87 47 71 135 136 122 44 43 53 114 16 107 58 24 102 103 132 15 126 98 98 26 78 29 128 134 70 68 56 106 65 77 70 35 96 107 118 4 63 89 68 112 3 72 92 112 90 9 19 57 54 119 109 20 86 57 40 98 116 128 118 20 22 121 32 75 7 139 30 18 136 27 107 60 59 20 126 30 26 32 70 68 123 131 31 73 94 110 19 125 64 9 16 22 89 129 46 126 17 132 44 46 131 112 21 14 66 8 51 124 139 28 10 111 26 17 87 12 130 52 118 108 10 2 103 86 126 48 121 121 13 95 69 30 32 58 28 89 132 40 138 113 19 37 44 138 125 72 24 100 82 28 81 48 43 12 15 134 41 110 63 129 75 84 78 73 121 101 108 8 53 9 133 49 58 92 3 54 63 55 7 9 125 139 77 10 27 123 59 28 122 86 68 91 89 109 45 80 126 112 129 56 5 8 73 104 70 37 83 61 6 76 1 137 130 29 125 11 133 78 75 25 4 71 53 93 8 113 101 26 126 2 107 40 59 133 5 42 100 124 44 136 64 9 26 105 46 35 81 96 103 131 112 68 24 104 56 16 2 117 11 91 95 100 73 135 16 129 30 22 88 13 15 97 117 32 5 114 112 74 36 9 46 132 57 118 107 28 103 25 49 42 6 9 90 64 131 17 125 120 79 2 93 85 46 129 120 49 25 26 75 112 122 120 137 72 67 50 5 114 1 9 85 110 76 72 25 108 88 110 126 133 10 125 55 98 23 4 12 29 22 26 35 133 58 85 46 50 20 14 119 86 9 96 89 7 48 98 86 78 107 16 134 51 36 64 93 24 55 86 90 106 59 61 84 95 68 50 4 46 115 34 87 73 4 118 47 2 29 139 85 9 93 40 2 73 82 23 55 31 30 136 57 1 5 95 16 108 16 47 78 75 95 57 1 73 32 70 131 19 87 97 135 81 27 127 39 99 55 46 123 122 7 10 78 105 39 58 47 41 25 28 7 63 91 34 53 77 129 38 12 103 60 91 105 38 73 132 17 137 44 86 136 2 86 3 29 139 125 61 80 91 1 86 101 131 9 61 126 48 112 23 105 73 65 59 24 90 110 99 117 85 2 17 110 102 22 50 5 61 115 64 51 25 95 13 128 61 133 81 76 100 20 36 20 77 83 2 94 24 90 101 93 23 104 59 57 93 67 61 18 36 39 81 21 27 24 27 89 69 83 74 62 134 53 30 116 46 69 108 12 110 111 29 51 65 35 58 45 126 14 81 23 125 60 129 101 53 35 6 31 31 95 71 60 7 119 36 54 113 41 132 55 84 16 98 117 49 113 102 90 124 99 67 24 117 75 52 119 13 137 77 125 105 1 49 86 136 135 126 48 117 97 24 43 21 128 90 61 32 61 134 103 66 107 107 136 79 101 63 81 105 97 44 111 24 14 50 122 83 30 4 123 87 106 133 124 99 8 29 17 122 42 16 127 114 107 31 71 93 54 82 91 108 20 42 39 19 133 54 14 117 59 44 58 122 37 72 44 121 67 125 106 83 62 95 27 27 36 55 113 58 122 115 131 127 70 18 89 91 29 46 122 133 88 66 50 74 9 139 58 117 21 121 8 74 70 131 4 56 62 22 105 135 85 26 128 27 47 1 36 95 65 15 95 136 88 21 84 93 61 22 36 30 41 2 47 91 55 82 116 2 117 30 5 36 71 6 86 20 19 53 81 52 38 21 11 10 25 32 17 39 91 122 24 30 39 61 10 15 81 85 68 13 105 135 97 65 25 33 20 77 69 100 24 62 8 112 108 88 20 93 33 79 34 61 22 123 89 50 104 62 10 50 133 108 7 120 5 44 74 61 80 130 112 135 45 34 123 29 76 102 105 65 29 83 39 29 132 14 8 101 136 53 43 65 69 107 69 136 121 111 85 19 78 12 45 115 123 123 51 32 101 28 46 111 104 53 56 104 99 72 104 35 35 28 81 97 5 25 121 76 116 123 7 27 16 46 135 123 19 38 26 3 16 37 14 73 125 116 45 33 138 95 118 93 70 39 82 86 113 38 45 6 4 116 58 121 25 66 79 90 62 39 118 81 120 120 17 86 119 88 38 51 135 42 6 70 57 79 136 14 75 107 4 39 63 80 82 42 125 97 115 16 45 83 60 25 34 59 40 40 51 58 139 111 10 81 50 17 112 132 96 39 35 41 71 23 76 134 15 43 18 105 84 38 60 122 136 101 10 88 10 7 104 5 87 73 81 125 120 44 129 36 92 113 4 94 135 72 95 60 32 60 84 46 88 133 63 103 15 44 33 29 7 136 78 131 86 44 124 119 55 96 114 108 32 102 63 139 53 4 73 117 127 47 89 50 49 65 71 35 60 93 137 123 42 47 22 95 137 28 131 90 29 113 109 58 49 98 93 8 41 27 96 64 59 28 136 31 125 8 87 88 98 97 135 126 124 34 52 65 123 66 81 57 6 100 43 6 93 57 93 56 109 64 128 101 69 6 50 39 115 46 4 10 22 124 128 21 59 73 44 29 133 34 40 62 61 64 44 84 118 1 30 121 52 91 55 91 72 53 8 36 83 126 102 47 138 4 89 46 113 19 105 6 109 111 2 36 19 43 115 63 85 139 130 45 97 128 114 116 55 118 14 27 4 28 33 83 3 118 99 21 132 19 83 117 63 132 88 30 10 19 130 23 100 6 73 14 130 15 120 103 50 77 3 132 11 138 24 116 101 107 49 127 127 94 99 45 102 135 102 2 26 68 1 32 49 106 71 99 53 106 5 17 14 131 65 72 96 71 63 90 102 51 85 29 31 81 106 100 77 33 42 139 45 125 96 95 20 93 27 119 65 94 17 114 3 39 9 77 79 5 20 100 135 27 96 138 119 39 23 31 33 25 65 133 59 80 58 62 27 110 103 81 60 132 130 131 60 18 41 91 114 59 45 108 96 92 100 108 16 89 69 104 124 117 97 118 37 6 126 30 117 117 106 21 72 72 73 77 83 85 32 117 22 37 123 117 37 24 67 134 41 86 102 36 108 117 91 127 67 76 82 105 92 121 11 23 34 35 135 109 56 82 80 28 46 48 53 7 39 61 26 12 128 81 13 71 111 104 122 11 103 83 80 4 117 110 81 4 10 14 93 98 139 46 30 96 6 123 20 47 78 57 46 42 74 101 135 59 28 67 96 67 31 90 86 30 14 118 111 56 18 73 80 133 135 82 36 85 33 62 19 43 88 107 2 36 13 22 112 66 55 80 48 14 54 124 17 9 24 81 58 61 112 81 46 34 120 10 24 86 80 71 84 129 98 94 41 115 4 53 133 35 131 22 68 3 49 70 118 117 137 133 106 91 129 86 19 87 54 69 114 88 109 26 61 26 57 20 128 78 30 77 40 70 103 44 80 40 74 86 109 22 76 83 76 48 82 46 134 89 121 63 99 25 15 97 53 94 3 13 73 55 43 76 45 2 105 23 59 30 121 73 14 61 108 91 11 91 88 30 83 121 128 74 8 103 34 95 29 120 68 63 98 37 78 42 112 123 49 116 95 98 80 53 138 133 62 129 130 87 32 73 61 122 127 92 98 47 20 65 20 131 137 82 70 42 69 138 8 85 94 10 3 3 109 22 91 79 1 54 68 121 20 65 2 68 124 43 16 111 110 72 131 13 112 131 14 27 60 133 55 130 99 11 63 34 60 35 46 40 107 40 8 34 139 26 127 92 77 56 12 132 132 123 86 57 78 35 126 51 14 34 11 58 66 139 72 3 99 17 105 90 60 30 81 101 61 30 24 87 35 87 128 45 6 102 93 113 78 137 75 128 28 114 112 60 115 74 120 88 33 29 75 111 119 120 89 75 22 134 26 34 54 33 103 134 15 55 135 101 87 134 61 9 103 51 53 47 94 130 119 123 80 94 73 28 44 11 17 32 79 131 54 61 38 117 22 39 65 37 106 92 3 101 102 81 103 30 74 139 24 2 107 72 107 50 132 50 85 102 115 110 85 47 39 32 83 15 87 80 8 2 125 88 34 136 127 31 98 115 133 127 11 44 132 92 107 58 16 59 14 14 59 1 107 11 132 35 44 70 115 5 84 111 117 11 123 60 32 79 14 98 89 120 95 62 29 121 97 98 134 137 92 83 52 35 88 137 41 21 38 107 112 119 80 62 51 31 7 92 120 4 28 5 17 94 99 46 80 80 17 52 9 121 127 92 96 66 32 137 81 79 3 114 95 19 109 65 129 62 126 65 9 46 119 104 123 102 50 30 105 87 22 53 134 42 59 119 95 102 81 71 74 66 65 122 59 39 16 111 137 93 87 31 118 86 114 66 24 134 35 72 52 118 31 44 49 18 26 51 122 43 136 125 28 40 137 98 23 102 12 96 1 24 53 128 12 87 1 127 18 45 27 28 120 109 110 84 76 130 105 16 11 72 9 71 25 19 32 57 73 111 62 101 24 1 49 75 21 17 14 63 113 69 28 35 135 93 101 35 137 68 87 74 101 85 106 17 56 132 133 102 28 12 64 14 27 1 72 51 98 94 29 135 106 87 127 61 44 37 67 10 120 132 117 75 13 53 27 131 53 106 34 39 9 64 112 42 47 72 125 97 117 131 33 84 62 63 63 23 93 23 11 109 90 92 23 125 20 42 44 50 133 123 138 120 68 1 94 134 80 99 15 29 55 89 90 105 59 129 54 54 78 92 124 15 43 12 122 88 27 53 117 54 63 6 42 109 7 92 10 10 107 31 34 108 3 41 83 98 10 18 119 12 102 32 17 111 136 1 78 98 63 42 136 104 94 41 94 105 66 126 125 56 119 67 77 101 8 128 6 78 5 115 46 100 59 67 45 77 65 137 81 133 90 121 81 63 78 22 49 24 18 21 67 87 97 88 139 63 92 124 28 100 63 57 30 59 104 60 49 22 108 61 109 126 20 2 77 53 86 121 18 121 116 94 37 101 27 66 24 134 49 43 125 68 14 59 17 66 11 82 35 9 40 97 38 125 16 134 21 92 132 53 84 94 126 6 63 10 64 139 41 106 135 48 1 114 122 52 18 51 115 37 127 139 12 100 25 135 60 57 17 135 102 123 68 39 49 8 119 27 89 32 12 54 54 2 97 73 109 53 115 12 54 46 13 54 77 52 4 24 62 17 21 111 67 27 3 38 18 127 101 128 136 130 111 47 69 60 26 66 57 133 93 71 34 17 139 105 91 6 87 96 67 2 82 10 114 110 134 96 58 75 64 47 54 4 26 100 21 72 118 44 66 11 92 2 44 40 21 111 139 54 10 62 58 34 73 134 123 105 105 20 104 37 129 71 119 87 134 98 13 118 133 98 40 100 15 34 113 82 29 15 55 100 41 47 41 76 60 69 26 52 13 40 84 31 68 138 46 82 6 119 69 55 89 102 96 83 27 97 6 96 27 125 24 18 137 49 78 62 41 49 91 17 114 75 91 74 66 60 73 19 85 91 92 61 35 42 47 36 63 131 34 87 104 134 80 61 15 85 2 68 107 70 15 112 19 61 120 26 73 103 40 54 83 76 57 36 106 124 7 101 32 76 97 121 77 20 57 63 93 67 76 114 12 31 48 22 54 57 33 60 94 11 2 135 139 67 106 29 79 68 113 85 11 87 133 65 1 97 59 22 46 31 110 73 124 8 93 41 70 122 106 125 55 130 37 42 70 13 24 101 27 28 47 90 32 57 132 74 68 27 35 7 58 75 87 10 120 78 68 108 75 18 8 88 73 94 80 101 71 70 95 28 98 53 102 104 7 120 102 55 121 40 80 49 103 31 5 10 96 38 88 78 23 63 74 99 54 29 137 61 48 88 105 52 52 126 38 69 138 125 124 139 11 25 112 40 39 92 133 51 111 134 77 3 128 127 62 113 28 70 58 78 84 72 74 126 48 21 15 135 90 120 124 86 55 26 13 47 42 113 49 125 113 75 6 92 15 53 58 133 119 94 110 24 129 114 75 25 87 77 109 66 22 19 85 91 66 56 6 98 133 56 27 128 110 3 110 122 108 139 35 50 75 14 24 48 19 42 20 10 38 110 96 128 109 124 129 84 35 1 119 32 42 23 71 18 103 6 22 132 27 127 16 132 93 93 50 3 52 101 72 125 28 86 51 70 113 21 106 5 87 59 114 105 3 44 96 48 47 26 127 56 45 99 127 138 66 7 39 64 18 93 79 37 32 127 91 34 138 22 16 106 9 56 138 3 88 112 87 99 117 33 67 29 68 91 114 18 2 118 29 124 72 9 75 93 95 89 67 110 101 81 33 36 93 22 74 28 72 42 104 24 16 78 22 113 26 71 64 1 72 21 45 37 127 67 138 61 14 85 75 103 129 26 24 37 137 103 47 98 123 90 52 59 22 55 93 24 1 36 62 131 37 37 137 66 71 12 10 133 60 86 21 32 83 58 68 80 135 107 60 32 57 95 50 56 96 116 87 92 84 48 119 121 48 133 120 23 57 100 91 139 48 111 11 87 68 108 138 103 33 109 86 54 13 44 27 106 112 66 101 18 35 65 37 7 58 2 20 66 59 16 139 10 108 58 58 3 99 1 72 53 123 96 22 27 103 67 57 62 71 96 55 63 60 101 131 129 78 4 95 52 127 81 112 54 20 14 81 30 125 134 82 49 110 80 92 55 133 31 75 55 12 125 60 45 77 97 11 93 106 76 98 53 116 61 26 104 8 78 102 92 6 90 118 47 86 93 81 50 38 97 12 39 44 73 136 15 11 129 39 26 123 125 133 96 135 103 79 52 48 4 108 23 1 107 17 136 51 75 45 70 74 49 136 67 113 31 128 16 115 111 19 115 59 112 76 24 15 108 64 109 3 110 91 91 124 8 127 110 126 100 127 139 115 122 114 60 43 1 49 107 2 117 64 111 21 57 17 14 43 87 70 44 137 30 3 69 129 48 104 134 46 66 39 9 45 41 62 102 97 22 92 9 117 65 20 112 45 83 123 66 42 29 16 88 118 14 65 54 59 15 5 120 112 130 128 51 1 123 75 129 108 109 42 8 125 59 96 126 103 67 6 55 60 132 89 98 79 138 57 84 107 105 93 46 99 5 97 87 66 9 80 24 73 35 75 2 63 87 73 113 85 10 88 50 119 31 33 44 63 43 96 32 32 77 83 119 107 2 21 21 33 13 35 55 9 88 51 60 100 16 16 103 105 98 12 90 58 106 31 80 98 133 45 114 125 24 88 119 102 112 97 106 52 23 43 52 29 93 101 135 45 46 67 61 3 76 31 47 115 42 85 49 11 33 80 119 14 111 84 40 112 7 129 42 91 134 127 117 61 61 10 83 116 72 15 24 59 127 9 32 128 37 16 20 93 39 45 100 108 121 78 123 89 82 33 133 113 6 10 129 16 73 44 32 79 26 110 102 90 81 127 29 94 12 127 52 59 123 99 95 79 71 50 105 53 41 118 48 122 1 114 51 72 20 43 81 97 122 79 96 17 95 33 92 106 20 35 93 11 136 103 118 122 65 17 9 42 94 55 93 63 123 85 59 35 73 72 123 58 61 32 16 68 49 102 132 34 85 77 120 64 63 88 114 106 53 45 46 38 73 116 39 85 119 138 66 135 134 7 28 100 78 8 2 132 6 127 11 132 28 123 71 69 50 43 66 89 88 19 48 58 100 111 72 28 139 119 92 13 90 10 24 85 139 62 47 107 63 59 59 107 20 128 36 41 3 28 81 88 36 135 33 116 120 74 136 95 106 102 26 9 92 16 102 51 21 45 3 53 47 102 35 42 99 25 3 1 84 100 50 94 104 9 112 67 64 21 14 41 136 33 28 73 92 66 83 58 50 128 33 101 97 107 56 133 88 124 102 136 28 85 75 113 76 21 113 20 125 62 24 100 129 61 83 8 61 103 128 29 19 37 83 122 44 135 33 131 84 110 15 34 126 87 33 70 51 64 4 69 132 5 17 57 72 103 14 16 104 110 61 35 58 58 108 99 71 125 4 48 74 114 46 68 77 65 23 26 85 137 58 84 56 117 124 2 37 56 28 33 17 36 136 8 113 47 111 61 97 123 23 110 102 49 94 81 121 79 32 1 73 8 72 89 47 20 51 117 132 81 105 54 52 9 133 57 25 46 45 38 103 138 71 101 120 49 132 73 34 64 9 107 48 3 12 120 94 65 63 17 88 79 50 113 72 13 54 47 56 108 62 77 125 124 23 133 129 137 128 113 115 117 84 130 23 69 114 135 23 2 3 138 60 70 89 109 64 35 102 29 85 114 63 91 68 5 3 79 32 57 104 40 10 51 84 37 79 12 78 53 21 41 110 5 14 129 33 48 88 105 18 34 21 122 134 2 70 104 122 27 102 85 74 29 63 105 38 37 7 127 71 18 78 29 122 71 83 32 32 21 46 68 38 78 76 112 128 33 32 127 84 6 83 37 7 90 49 128 103 12 77 114 88 78 31 94 3 90 135 46 110 13 115 46 86 32 4 87 47 130 98 30 16 61 41 77 59 121 29 23 5 104 101 31 104 96 65 135 68 16 53 12 121 94 14 6 118 40 70 92 89 138 70 72 35 119 8 32 45 44 78 31 6 134 128 113 5 111 34 67 34 72 9 40 62 80 31 130 4 15 138 120 27 60 116 113 118 108 134 4 18 132 56 126 118 96 35 33 63 34 70 80 78 69 78 116 30 87 112 15 130 107 40 95 121 19 71 22 29 28 116 65 99 30 39 42 115 33 138 44 129 71 122 58 106 139 16 57 137 108 70 16 13 71 51 135 68 50 14 5 34 101 119 93 87 115 61 40 116 127 53 40 65 120 34 73 108 113 122 134 36 33 96 76 20 108 36 33 74 118 18 45 111 86 94 5 29 79 47 125 114 75 87 29 9 2 8 46 42 46 113 84 19 31 130 23 77 95 135 98 78 20 43 83 139 37 36 137 7 8 120 59 74 131 20 82 106 3 64 33 88 111 18 22 5 108 88 74 64 1 108 41 127 53 129 105 95 116 16 24 18 60 28 19 97 43 8 79 130 42 73 79 43 90 115 79 96 105 121 3 108 105 34 105 91 62 31 116 22 132 43 114 76 121 102 74 71 23 71 27 64 103 63 39 38 108 1 59 106 64 33 125 8 48 129 54 18 21 100 77 72 139 5 42 80 6 55 58 88 139 50 72 105 113 95 95 106 121 116 33 73 95 73 101 74 81 74 70 67 25 31 32 53 36 81 107 118 94 13 11 71 127 135 34 122 15 64 1 111 132 135 22 29 40 32 56 53 44 5 11 60 88 20 11 29 119 68 86 33 54 7 8 79 105 77 37 49 41 43 30 63 36 41 66 63 116 131 79 99 85 57 102 76 30 32 42 46 50 79 113 63 
// di
59565 3157 74407 5075 35427 5829 47602 2686 23133 46430 12650 51129 7044 2379 66900 14229 55705 43743 8853 18387 14704 64405 59694 4513 41884 49847 75815 4240 24554 36415 26721 28398 29305 11828 46088 1779 45297 62101 11369 65463 66319 8960 36551 27674 39153 51842 31221 41314 29361 42342 48077 30375 18815 69090 20215 9083 51789 29216 43472 30110 8548 378 19649 60280 48757 9797 75580 64703 48885 72081 23159 28997 52929 39531 23715 1429 17361 22478 36549 43764 7797 69618 29448 4697 35786 53609 52841 37700 30031 45346 19285 69715 8718 66785 60675 58214 11752 55105 25991 34820 38729 12100 8888 54846 16580 23878 19371 8757 19649 75850 52388 19756 67213 7649 43485 23878 75794 75153 2398 32858 68296 54206 51778 3233 7096 1590 39743 21203 33279 60103 66481 13315 32841 8595 5683 10519 63895 10315 33795 7267 14873 76396 49364 10430 1001 75754 62687 54724 73547 29197 1633 48265 55035 28597 2146 26897 56964 17152 655 74895 8264 39279 31301 46870 47977 19801 63649 28403 6102 50850 17639 54348 25125 23459 42951 59724 17015 15539 21449 4653 29647 53081 68319 16986 45572 48827 20145 71688 40943 59878 50350 66273 37969 28062 60941 1039 70190 67898 27150 62746 64898 22996 12125 34972 10627 24328 10153 62135 8107 265 26542 35391 52422 57555 36689 45831 25756 16108 71152 25555 11403 54663 18262 19794 37943 9042 74610 21146 188 57655 71486 74278 74310 64840 2899 33800 44418 72571 28768 38810 31565 52378 17739 50265 15938 8188 43323 72815 22627 72822 58838 60968 55102 75387 65344 16141 11614 34582 24286 56938 49367 48941 48773 50222 26964 76863 11178 10319 45060 43157 6778 69890 17285 654 52536 25739 19190 70008 23035 35226 36971 41854 29210 31543 14002 37519 54894 30137 2066 5352 11649 32751 17113 44572 39385 13374 14969 28399 28145 31128 66556 50422 66323 66011 58026 10298 12778 31447 76554 34827 2427 74993 73559 10937 65312 6821 53286 38330 73374 59809 41920 75788 9656 22254 62130 24856 8064 58350 57117 10056 74673 44345 39514 48447 70098 36132 15806 12688 1959 60834 64104 75000 11026 58153 21765 65304 72045 65016 24248 72109 63770 20219 44902 31530 46687 66341 59988 63271 61437 32879 13786 20268 51413 47597 45681 10763 75714 52556 28872 7550 22290 71568 20859 36186 60029 48073 23320 48903 44829 25692 41767 4336 51410 71960 19258 54363 42178 8597 23187 70742 12966 33027 67556 56700 72493 64969 66949 45203 15808 26494 61192 9844 58205 4808 64142 14373 3921 11902 59145 45671 16485 59727 35716 15085 32803 75053 15018 37867 28789 18785 18284 12390 2936 61625 59767 33164 25728 28739 14861 65281 24063 72556 41291 76634 62967 61181 53009 66619 55758 30033 14828 25159 55275 65326 25571 9587 4416 16032 73695 70785 43422 70195 62720 2315 33332 605 61491 38842 58248 40710 66313 1820 14818 74344 41379 62606 53086 20338 6572 40125 73628 38552 5594 70968 26210 36494 72138 1627 19757 36805 14888 2281 16231 75851 67430 5991 5180 59924 723 14695 44226 14505 20514 66841 58558 70924 8478 784 12831 28830 8937 65794 76357 61774 38638 50258 72895 18304 68808 58318 45764 23024 72913 63993 64186 57071 32542 46483 75429 5217 39108 1525 920 11078 73631 55386 10658 25958 40067 5127 5998 36241 25349 32032 72560 61768 41442 71028 43304 42273 42007 18670 48280 69552 56358 48998 32246 4662 34302 6262 68891 73032 14581 76671 73279 71385 8143 10372 51036 68501 58858 50237 66421 41283 11360 4214 75646 75495 20006 47580 60901 4637 74326 5870 38346 75247 73889 2512 3818 68816 67611 76446 33388 58258 11244 75592 46462 39388 13408 68883 16666 3464 52705 40988 30941 20098 60500 12694 56016 55577 34791 14397 50271 51317 54600 44163 20062 8515 12769 26926 55595 58854 19194 41049 45350 59586 36460 30295 69918 22818 58333 61637 61642 11386 55300 18338 70069 50097 47803 19806 69049 67037 68249 40926 249 57003 9377 74288 63027 63487 20651 68983 13708 44708 74433 30447 7710 49642 46233 59379 36342 66946 8673 33496 1519 43039 65578 46869 75044 75698 52975 45950 48840 15320 39899 72720 73947 63120 22682 73891 27758 26653 52149 5455 6877 3823 6759 39721 27770 58422 27263 60267 71116 38387 22783 66267 60888 60977 29964 58018 18242 31246 8692 63421 2820 22408 60364 48311 72147 46406 73475 60647 49127 9562 26656 13411 14806 60085 67305 54154 69199 55228 40886 72366 18591 66266 9989 22769 53219 21504 1458 51703 16693 15848 4659 26912 57867 39098 6887 4796 65327 42200 9466 57845 73800 6039 59018 72674 10074 17713 24194 2154 55282 17413 40113 15870 69218 20536 45457 9827 6295 31644 12280 30050 6279 22599 64627 58437 68919 71883 38723 2488 46348 20387 6376 47323 56738 9669 13380 5233 69441 53592 18526 50817 75653 20462 72468 76848 21947 11128 10384 27535 60992 41252 14167 37346 48037 46174 73676 12638 7752 59972 42993 63775 65557 75892 8643 36918 34881 74744 13340 35842 54475 9607 60621 37341 42795 71085 39937 46352 59154 25580 64823 62261 60840 55030 67315 45878 47048 43118 9007 29175 15788 57280 12337 25440 43065 16487 54686 59449 40169 22257 46654 73610 74368 18561 58392 1976 69637 70045 55231 2268 24657 17281 74267 56397 54687 70671 25660 46808 25011 27993 35810 3646 19730 7353 72226 48382 29827 24920 12678 73732 30626 24425 41272 34566 22882 37008 69519 46642 2374 3566 72020 7815 74575 54236 910 15213 71225 30190 5410 35232 23415 55095 49415 51610 216 8647 10019 51517 62712 47713 61252 24774 24253 46248 69029 72544 11711 52237 74865 44037 34649 62506 76527 64464 70688 36099 19686 4340 56336 69735 51795 43789 28527 74279 44631 12950 37249 50630 69173 14764 67174 49888 18437 7154 39660 75522 43949 12194 31946 70854 44669 23035 13667 39278 21789 35161 56116 44572 2256 28295 22443 14073 45694 35794 74509 20428 32540 34764 33332 51064 27082 54320 40341 6145 52389 12228 23446 31536 33219 31203 72758 72999 10553 44769 49415 70011 35472 17449 74295 4201 19032 18273 32787 4404 21178 25230 23197 27809 17752 12508 71433 64037 26794 12357 68023 68562 65936 67993 63115 72351 39671 43383 21766 75050 25539 76079 25137 34113 16134 49199 15722 49625 26648 9105 5020 59441 47170 69705 610 34227 51234 24360 59163 43928 36521 29773 67551 64597 1322 44016 19608 9135 62557 74185 30502 67131 57333 39791 25212 14619 30894 21153 71061 42373 49274 66886 55157 70893 53821 71972 34974 10435 61094 67065 47059 73196 24496 75164 19391 72187 55455 70249 56604 33149 8440 76077 61442 35558 22440 75911 31648 25192 16921 49316 3914 41184 16203 32547 9595 69332 51060 7506 3918 19750 36070 41411 33160 9792 31493 70634 37886 65645 37839 19303 60131 71953 21882 6801 64298 55087 70733 51914 51363 1330 52244 72336 5534 67875 40654 68823 53483 16630 67375 26183 75455 61606 11596 74133 46668 62499 18571 59465 71690 534 55854 62903 7808 30580 65682 74221 35613 57827 32651 5929 26972 39543 2993 27667 32821 25585 7211 44217 36361 27965 74436 9423 26945 28584 23716 52022 75898 853 38074 63076 43272 49043 48115 49043 71269 27609 24134 10419 51745 9225 9194 74196 26646 18481 52597 59220 72797 47024 28804 18217 27812 30500 40391 50947 13714 66880 42027 38090 64973 31044 8277 9868 55926 23507 63732 57710 34660 72161 33640 62922 72223 47369 26343 40706 12246 74902 16884 32356 21578 18841 9190 8820 51832 39675 40780 48627 18912 45757 20401 71981 76756 1664 26515 35881 45968 2287 23554 63117 58613 17838 27586 62344 36839 55046 38649 26481 12218 66329 68454 17592 61545 59158 70171 21609 60287 43182 30613 61106 56336 75477 32660 35641 67626 64029 53297 5377 72112 23463 11777 20143 15531 11561 45645 16453 51095 75538 9100 67333 50002 64216 61749 56265 42057 38810 46158 787 63337 8954 41545 16251 59122 6713 33294 31383 76906 17745 18870 75590 15486 45287 21989 52954 18118 3619 70544 59505 68409 8002 45676 59081 2032 63877 35876 26070 12535 65502 35848 76161 64375 4809 44394 71093 56469 42748 8893 17879 74685 63286 49679 477 30509 9298 8283 71466 66558 23459 25748 6640 59235 39907 52875 69010 49407 10113 51474 17286 66805 24736 51719 66923 42059 68836 30890 62650 62239 30122 46858 2243 38543 71001 43344 30703 68312 10517 61199 54947 63953 37629 8720 59011 13095 2285 46602 63034 50800 44600 26346 51029 833 39460 33147 43389 39790 25369 57522 55446 40427 5442 20842 69862 52791 62359 46876 57397 59872 76702 76912 57366 35576 4630 69468 15970 41462 28113 15735 49466 33910 25048 35026 40901 59727 60954 45571 1072 19003 34694 66907 18590 53485 70195 53029 69673 39135 52011 24087 75891 52131 66858 4380 16624 13005 31694 10398 60645 19712 51329 30361 76195 6448 60245 68165 6707 4872 43431 73037 5859 19322 12691 62307 37868 15877 49211 57975 70854 56738 5157 62960 28842 56887 55177 68982 12449 16870 23715 61218 56997 70110 5053 63419 10113 50891 18236 48326 66610 45131 28019 56682 47254 63303 69311 72382 32432 7711 68733 25144 73412 10915 39807 39240 15699 8572 47019 803 66602 10719 76742 30591 39586 44132 29036 28683 68842 34489 8508 9921 29103 67671 57086 57051 23200 23030 35460 7680 47824 67559 20188 37982 5075 48906 62269 5358 59665 40979 34600 22588 36556 4325 65318 29399 30823 66170 14382 45953 18835 54191 73895 13338 44726 54809 3464 69505 12341 73455 76053 16987 15699 15109 33004 14141 63675 29655 10449 75119 48388 10427 66266 34295 70518 75812 3094 12515 47382 6317 40786 60031 44983 45222 40812 38740 52199 6458 36524 7456 39696 19843 38109 49967 49999 72735 21159 22160 15550 74780 26428 62115 23595 42907 74119 38959 49661 62992 43444 42879 5729 30554 34398 36399 50275 12484 1589 22466 69475 62767 66656 17074 35615 12186 6307 71989 68069 5847 65873 50219 67892 30319 47064 54875 42436 27138 48625 21280 69897 55641 49676 54196 28322 62914 4395 3702 53548 58280 14709 38708 57961 29319 71971 76459 36579 32225 48196 1789 39638 72185 37977 33541 30961 38895 75158 28004 71236 52058 32331 27811 51156 2753 71894 51217 11212 66422 58908 41518 47396 44392 43716 3241 38176 32550 4517 32703 46775 69016 3764 7221 4704 67357 40652 35871 17676 25172 32340 40072 63992 43848 12851 65286 36580 57731 41748 46496 7433 64104 60127 5792 43738 9641 41853 73367 18004 65234 75069 1928 15018 11196 34479 37963 26887 54853 67154 39748 46 63882 65007 70324 55604 69234 37615 27490 36804 53333 49601 47563 16515 40443 2370 75922 10957 26923 69965 31553 48099 72901 55731 13633 67890 2975 25688 68762 9984 49626 74389 37359 50332 36089 14293 45553 2982 9498 61688 55678 33514 38336 59612 54048 22229 3248 70089 3214 56255 2480 40293 5181 6974 36700 19367 11801 69668 43560 51997 75108 25896 49020 25752 18118 50192 39029 44655 12914 20974 55021 18942 44677 9525 72890 4201 50057 4372 20150 8100 5129 7504 73231 56466 7330 65485 5077 33124 56502 28514 3941 61682 55027 4638 60953 76914 12207 14546 26761 38699 18082 26330 52402 18505 47131 20862 2182 60816 51633 7963 17273 67646 66784 37044 25365 69763 2593 6112 73664 591 22362 2539 27986 71676 2789 44954 28588 64510 18668 59916 75355 39839 22392 40202 75969 51167 55605 4900 72639 64986 9245 50053 12799 26322 48757 61805 1439 30263 378 21031 12598 54782 22421 42614 28633 63916 51029 28627 10358 39686 19665 65437 10602 8981 6206 7011 65812 70123 2594 25409 32965 24419 24192 70861 51083 64097 74896 55035 24929 17440 67653 61884 14495 10757 55898 70286 46219 34510 67254 13164 60979 19583 36928 51078 57728 20964 50028 53766 24500 35897 8131 44774 14688 64951 74161 35485 13465 65598 17351 76082 32262 26488 51119 72464 54641 65325 39589 43534 72491 24235 16411 69612 57991 15395 7751 47085 66401 57377 3323 63077 46831 35118 45260 11980 61764 11066 68374 64027 23881 16218 19135 33331 66618 2432 56446 19404 47349 40073 60512 60755 36225 75195 9861 24034 46005 76451 59947 22607 61854 29718 68376 12528 76886 54702 38599 28358 14626 55411 67164 2158 31633 67289 66457 44497 23804 35416 52667 48450 29778 50899 47358 57984 61622 73772 56486 61677 35320 38265 306 10372 53253 27517 32658 12703 44307 15009 48957 521 66140 25522 22549 76625 28091 71916 59100 2805 11488 76885 3719 53495 57031 67115 54513 11547 15720 75709 70034 65808 70943 22917 38560 74452 4868 45313 28184 75773 17298 40480 69792 37948 42515 53591 613 61254 35815 62513 39450 27810 19948 47854 72730 29691 5757 19006 47445 68524 36818 19163 58299 7617 12657 45428 45435 35266 50705 73646 34807 33860 61546 38492 11288 23762 14264 25780 10747 10387 19400 44731 57056 12058 69394 1559 703 23450 23463 17407 23750 32940 69294 27571 29635 6285 32217 58273 14093 75575 68133 68040 14006 47270 24974 3081 52906 72053 6910 10907 5769 76902 14037 24482 63925 12127 48201 65426 46701 20925 76774 52543 33988 3856 46005 1348 60312 10047 37411 15376 33095 66814 60868 42125 30808 13520 72378 23334 40580 43045 39944 76358 61007 43178 69678 75196 17859 51531 10843 38607 75974 17900 55258 41278 54162 182 45997 41558 60882 40514 46530 47540 8852 55616 66985 27097 47845 73642 54811 42581 11484 57314 53821 45461 12808 22271 10473 38929 38035 39297 45939 27148 65774 55628 16605 13916 24426 17764 29503 9441 35862 61236 2144 2062 71593 66978 34598 15111 51264 47775 23417 62965 62417 22467 28162 58649 37856 29493 32587 37447 34426 48623 62002 49647 42287 29345 61347 4546 4993 53198 50058 45153 9234 11011 68195 63691 35889 32888 35882 29961 71336 3047 3956 25585 16229 61275 68375 30574 49939 5555 26307 54794 47660 43437 64965 10599 37702 7561 70817 72119 22003 65162 20311 37638 12930 59123 62610 56403 27172 75376 76015 68689 60335 29798 16952 49507 29109 15980 75705 48709 15957 20714 4380 61296 57994 30242 39208 32211 18859 22561 69404 57946 61 10935 63489 184 70984 14362 38019 24635 38315 38220 75456 52698 57479 37929 42415 17826 53636 33230 26556 13614 61422 51437 50888 40667 5974 70680 36239 66435 38749 63879 48167 41133 76969 8228 31888 18644 25201 39664 11026 60249 21901 65967 60394 39152 32699 42669 42313 74206 47354 30764 20536 20498 60184 25874 24389 56419 70100 52998 51424 29534 62398 65504 50902 69569 56065 54020 61115 9314 66293 4937 76107 76142 67471 25834 36122 44399 74076 10064 74624 35935 32804 51411 44869 24034 26165 22669 14521 55980 53932 36593 72877 52898 35988 44955 40286 48708 62615 20444 55174 32482 15189 56196 59998 17152 308 44107 37195 30645 3185 47802 53592 1495 70140 44033 58669 25042 765 52560 66098 28023 38841 10561 5319 43895 20115 46289 4127 19225 52800 21047 46296 36077 45314 47070 44292 55352 20710 66216 46752 16175 15194 70751 9210 38061 53957 30058 21592 7887 51190 41655 17727 34703 49065 57055 42522 11455 58567 46801 75344 41763 45623 75630 67034 35185 50421 7763 51819 19488 34864 45871 48144 54171 61930 41226 52992 73810 66475 28066 2946 12358 28735 64500 41982 19274 74778 25408 44686 3585 76386 55867 24409 16096 22474 2167 32213 5451 28487 72005 2583 8562 19218 13866 32931 62656 60109 14733 5171 44596 17686 26018 43723 75428 72423 10826 22785 72023 45970 10735 46001 18376 112 15082 63491 71316 34631 7226 39116 18311 72504 71049 60882 13045 15586 26751 33901 14627 76880 409 22619 3778 52270 75364 21478 33817 22069 27934 7408 24059 14227 21790 11098 74224 55297 64322 10338 45144 7696 74 75569 48797 26536 4812 11975 44929 68250 60009 69493 28662 65584 54597 48084 44631 1916 32278 45224 37196 57569 68671 58369 73771 76817 17876 51806 965 17865 48503 39244 10025 1916 75050 70734 36845 36330 52182 8198 22346 59381 45787 16802 56926 11921 3707 57998 49810 30315 5427 1484 43948 56615 29726 70151 14590 44094 16414 54044 59725 30810 25845 1326 59097 73772 6408 63099 73902 65449 71903 52002 70516 74833 62972 2262 48283 41388 2208 30273 45403 59070 49730 12036 50094 48298 62238 69350 50690 60274 40793 59597 47254 21417 43618 69374 51027 41336 52439 896 17723 66012 61413 5077 62322 69072 17857 65426 59374 3702 4478 27738 40125 54780 26050 14771 28231 22842 40039 65836 63393 64866 37565 32112 16470 21538 15854 10357 54721 21880 42951 31015 64822 9162 2078 38277 24315 16289 6869 37644 25384 27500 53937 12863 27652 8026 72247 4293 68538 31617 48554 14394 7381 32101 66249 58693 15260 29817 4666 19186 15147 3548 68735 55511 55298 67947 30650 38770 53019 46036 11113 75538 32536 59222 31713 7067 44632 53681 31457 71588 58795 62242 25734 58075 540 76304 12818 15342 44898 68253 15931 46939 54537 72465 23174 54491 25144 58892 60431 27695 33521 14894 53525 15138 10081 14982 51991 32264 64429 28695 15232 34818 44115 36798 48782 14179 23203 4129 43394 11730 73614 67494 51879 45282 60398 2164 42874 56423 76001 70497 13414 50498 44502 44064 15689 1147 70586 16020 76053 39206 61697 51239 38476 12194 33548 12192 42343 25506 41095 44925 813 34475 11135 42047 42620 9311 14815 63229 56622 74254 15764 63333 40638 28925 10654 70528 28867 30988 26583 42031 6955 51887 74296 56594 55206 60284 6079 15902 38034 26171 56654 63651 59467 14456 15265 8116 31785 16053 61470 11295 64437 56151 49905 32004 5916 8757 71472 61128 60105 74892 65245 71591 43235 14383 74377 6343 18310 27906 72170 27294 69652 57565 67629 11430 31166 13520 52348 72079 26261 39977 39820 48571 69826 59547 74901 40900 61063 44462 3485 35747 64505 59062 26397 52097 38417 18111 74333 70707 46925 73175 60559 64841 2511 70108 11954 76213 27745 54160 50457 48167 46736 50834 37715 51827 38208 8569 33771 34094 46955 101 31597 36563 15507 64829 25237 4329 67794 67895 32565 76622 39528 28469 6383 64179 32597 39630 12436 63363 64912 46562 67852 37996 12220 65487 68817 4750 68071 22245 53276 9590 18334 49816 42735 40665 4810 25299 1824 42524 57460 30343 12388 6208 5384 71583 71134 61744 6843 30651 76703 67359 59729 17959 36636 16380 6622 59420 47934 38914 60969 67757 7076 7889 53172 20189 75557 45577 34678 14066 24120 65447 60583 59505 60795 25253 20860 19516 56133 25177 27682 1006 75487 1104 75482 16760 53872 9419 71787 75681 31134 11792 34782 1633 18495 59055 56298 6289 47916 66910 38020 24936 39110 68707 38281 7867 50913 18114 33742 33610 76002 18289 70526 11378 24697 39758 62197 63341 15126 8050 52393 37096 60950 64233 24246 4817 1072 54451 61516 44401 402 10471 33286 24209 60839 27737 18737 64152 71871 46804 53176 54178 41638 68868 73810 65741 18722 24530 68723 56824 7386 24355 10624 17617 29674 25700 11589 68437 1691 847 74891 512 69867 63412 71885 41006 560 4935 60314 8363 28485 28696 18760 58238 37215 34523 24274 1730 14977 60317 25713 75872 69479 12456 5202 5346 12215 69396 71176 66883 60645 47595 70405 24972 66674 66856 25665 51767 23632 75896 8335 59874 66701 51780 8191 40182 49793 40645 16405 65162 41610 23424 57850 62676 7588 17226 3988 60851 19152 35336 59817 36562 21892 12141 42655 40645 44443 35201 23355 68551 67801 38738 74437 1504 4144 43203 27871 2578 5311 29067 27734 3738 42255 41085 8016 62959 21218 17629 49122 47146 69761 48642 39837 39171 47750 4897 24663 37410 23545 44913 53493 68508 23649 28728 56899 46663 18808 30517 38767 75330 5614 31076 36200 16769 60897 59188 2878 76283 17386 75547 52477 32943 6299 6 23926 74504 66146 43447 64911 15376 5322 57190 56405 28942 60270 55092 5789 65831 76003 59400 24492 27908 49805 56219 18790 1606 2411 75123 46903 17018 5890 71580 68460 11506 19188 48876 50806 26372 32045 56592 64169 34882 67748 74910 54993 55101 41261 51738 52687 14269 21859 20648 29605 45392 16247 12924 16340 13955 54981 12716 61241 19876 13380 3514 24734 51779 43537 30243 70572 75298 66234 23866 42332 67540 11234 44295 57405 19439 15078 10530 22019 61525 50816 6113 24817 21177 27914 55723 56012 45032 4167 22159 16317 76052 73370 49303 34976 75817 22949 27007 58986 22276 44419 2875 48969 50691 73366 27736 24862 66708 5739 49171 6137 16801 31568 3707 33644 48949 71541 64133 24513 69526 55327 7897 26908 49340 15384 12494 13612 993 39853 51915 75169 24585 14457 56865 72411 4016 69990 13955 41309 14030 23006 56525 67564 39924 75937 17492 47191 46447 46426 64409 20236 14443 74666 20550 73577 74280 29253 54500 45114 18742 39924 62344 5658 34037 33792 18356 56282 55877 56357 5464 32649 14521 34107 463 76913 7083 2496 21181 61834 33149 76879 26420 8259 54101 76699 41224 3707 42060 59314 13609 34201 9940 61456 74774 3469 46963 69775 55979 8485 59326 47967 75493 65491 57822 21617 73089 27664 25325 52513 21897 70285 38659 30485 25908 61251 24234 52738 28539 32942 15501 16717 70304 6257 65348 68644 55366 14485 38498 3648 19846 10684 57679 54563 1116 26666 62839 32334 41444 43793 38606 16219 40040 37628 20087 30967 10685 22154 41715 34099 17646 59809 2875 45546 35391 61357 21781 74468 67460 11183 38622 16977 35508 39079 27235 15182 54218 25974 72192 42763 22709 66648 30524 60379 50972 64867 66133 15299 62564 72917 54999 52604 27137 54622 4643 12866 56463 76310 9 49053 59298 43857 20435 9805 18771 59333 12600 67622 25033 34098 27129 23790 68223 48453 63666 38564 74230 9915 57002 43488 73212 44242 4259 46678 10984 58556 15542 41915 38139 1333 32593 30563 45959 24384 75267 1802 26332 24081 74986 61013 39027 61625 27185 29831 65650 62643 29531 27570 2213 28653 11139 42174 58347 63898 9350 59680 63706 63357 75929 41064 34641 41816 2203 58422 12372 4086 75071 75090 8298 28903 58763 63916 5131 40128 43017 7185 58964 36872 20393 44545 63908 12156 25484 69462 76539 872 72380 62172 3744 40707 50855 24984 48516 74755 4762 6354 66735 26465 62343 60598 49146 19287 5736 24274 46844 68612 14623 35356 18345 37026 21145 65190 74275 55618 30593 41318 53728 41598 31147 56279 14504 14488 66801 38093 65221 63250 38185 3389 29124 17205 53517 62733 41650 14420 14389 973 59814 63305 18648 12041 69908 22024 55505 75155 45482 15452 13264 25210 5179 70424 73964 14377 72929 8423 778 29626 36175 28839 60817 72696 28143 27438 9740 68742 8865 19035 33623 35870 37833 4970 70175 2946 17500 30651 48760 17589 63040 31000 63743 34625 67819 45737 12982 37368 5806 1209 3665 58845 50256 25332 64397 12378 62620 75218 8891 25369 12795 70835 3099 33598 58872 34799 46424 12998 62849 67171 46829 53873 55167 74011 8349 45500 68798 66101 45374 51155 32072 63917 74804 28232 71926 65707 9108 63804 70558 46503 12944 27484 52754 6453 25113 3545 75885 30056 5428 19664 20472 28419 33274 48056 26194 40583 61081 3174 25653 22027 12598 62898 67889 11666 55367 62026 2738 64831 66274 57640 47615 27988 56369 10137 11413 55399 75230 71450 72810 836 3438 42119 6450 43547 14396 28335 54176 57953 55512 47006 43201 46731 9544 64843 52201 22170 59488 16169 37877 636 46666 10764 66933 15875 55326 68478 3778 59387 34222 68044 17075 5464 64125 62854 16476 46048 38310 39288 11782 20915 27606 67360 54886 63705 31808 50133 98 48677 66532 69837 57408 19123 7843 180 45141 31214 53738 41786 19926 25683 31965 14600 35088 47487 58719 75373 46716 63172 64960 16637 63674 20288 31260 46704 21080 24679 34493 57151 3639 36827 17140 13098 35929 67419 55494 24081 54930 65526 7066 27704 16649 52492 68193 18176 67451 37981 52468 73860 53965 62028 54710 3247 60542 18080 12240 54416 39720 45279 57588 14276 65925 62817 40137 14663 22279 57966 46542 13817 10398 2066 68814 74558 70251 42551 47349 16303 40532 7403 18412 28065 57729 48130 3338 65110 49868 59763 73533 60071 9063 4803 30300 56567 46043 51007 33400 37443 20812 76298 4570 9121 56899 45606 27363 65417 52575 42359 19505 72445 63005 50404 36597 39791 33631 67250 46956 73754 8198 68601 15579 54567 43243 34978 63723 14398 14942 66386 45447 967 61066 29586 17897 76959 19919 59503 25356 41084 62261 48268 38863 27872 63523 17408 37613 42571 18557 66500 59682 41363 30025 64030 58553 17393 55123 64639 38895 39466 43513 27469 49342 71340 17462 28474 25558 7684 69497 45689 63999 48 15904 40837 42423 11451 32070 34558 39827 48685 71966 67727 45685 53469 66695 53040 18632 5607 23634 61348 29307 7882 57634 37930 6543 16536 46553 55924 14767 41938 16512 34917 35442 59253 41739 2894 35265 13935 22195 65710 54182 35344 50352 65735 65842 76850 14616 61471 42242 7946 35085 28725 25175 69816 50555 37754 43539 31821 60954 22367 61230 11350 24918 38329 55165 11942 22541 2429 22132 18150 42719 47401 30310 54637 240 13533 67903 48443 47455 30632 49503 10622 69529 8669 60068 15099 22417 48694 16003 64403 4896 54528 73451 58682 60409 7396 64789 25391 28887 41895 5630 38417 65583 17690 36811 45551 58125 58258 44863 59903 9303 59865 37211 26638 19434 20962 24750 54864 34251 7160 1674 41699 14968 56111 9201 1237 68936 26176 29680 46162 67329 37885 54958 4045 62824 65148 17763 71109 23246 49186 53692 21436 35708 17233 16278 56011 48831 24908 61823 26224 65912 41315 4818 40167 69208 11786 53231 28064 1516 75396 75811 32105 21100 13768 17948 50244 73917 15166 16189 18329 40964 21060 68240 59809 37839 65737 53214 49350 44126 26811 23232 44117 1163 52274 76269 18882 8555 32583 61401 59715 44160 17577 71331 8965 54370 20801 26753 1502 51982 46343 10140 18627 10905 5299 37415 15270 8308 67620 72968 18296 42434 64310 8029 49728 49552 72948 58555 33660 65681 42572 8650 24360 45010 6978 72831 50760 10015 62842 64625 63098 59479 16238 32370 59646 37891 12369 60473 27439 54486 25326 5006 2345 49285 63836 26196 59185 46049 69565 14484 68102 49376 33721 46144 44454 16898 40591 61810 56560 16373 44802 24580 55242 23255 39217 72892 16390 32541 66187 6779 34007 1757 6419 33104 72764 36391 25272 5449 70483 72242 32919 42494 25271 19849 32190 15443 65636 27955 26185 13458 76804 45099 14376 49767 51424 17734 28235 24193 7641 921 15588 26363 4833 63703 20342 30860 62400 432 65154 1251 54797 35428 12608 66663 21897 2956 8258 22551 68232 48910 22162 34099 57960 49427 48719 73823 72488 50601 56815 11522 5449 24981 38571 15448 17312 32091 44345 53971 4393 7031 73557 699 47143 11034 60327 60402 45985 41659 68432 30142 9026 4026 72379 11629 19535 61678 7326 43141 57082 41534 15194 59338 41007 37899 61722 38649 55070 48533 30399 15381 21500 76326 63534 30455 39097 24606 13828 54034 28888 6586 65681 5015 38532 26838 52960 52971 28039 14111 49348 48878 11746 66606 67739 299 116 49667 14230 1720 4570 33083 58972 33729 26461 61099 28150 35351 22639 34056 40070 33635 64771 37977 9774 8803 7362 44752 33645 34725 21486 62769 13172 27520 4853 38877 45770 17269 17147 15063 73933 21227 69516 979 38072 16624 26147 70327 64685 36192 35740 5672 11237 70329 48265 1085 4410 47646 30806 65208 21568 27660 76245 25801 35719 56170 23923 12533 28342 28000 57040 21166 20208 14809 2381 14081 14265 67088 36529 8056 75372 28511 13298 40233 30580 8158 26049 62463 14821 44918 69090 44204 204 43266 65671 32736 47182 33111 15244 52709 25486 46980 50099 49422 5541 24299 74617 47672 20955 30690 43763 23805 6689 6732 72993 70037 76196 73437 56960 14637 75300 21347 62468 62430 61360 2916 20035 26500 15193 44079 35051 13193 54432 54943 50930 56643 26922 71581 42922 11383 35319 46500 49282 73918 25950 14381 44023 37629 53201 27679 75617 47217 14136 35521 41427 45234 58563 38883 69415 43734 41370 67042 49095 7700 71451 58452 6844 8635 5837 68628 45441 4609 2757 54694 22866 66164 38720 22922 33348 63294 20231 6387 45041 18653 52382 34568 62096 71805 8624 50430 22189 9901 15716 10200 70498 31851 64025 39345 4092 47785 8767 64299 44368 67052 44355 21529 18317 2591 24921 32508 76461 46397 60937 29044 55625 63086 65254 68367 16561 31549 27225 23766 66619 25839 53132 16936 52809 71558 34695 14508 4088 70281 47545 14292 52173 35291 6275 29101 3015 70721 18325 73707 58292 13525 64419 40720 14434 44296 51068 9741 64526 45694 28664 47702 49134 8916 23797 64193 15505 68241 31784 38488 66994 57927 25783 66900 73644 63136 71593 27727 37354 5342 40375 27027 14421 35400 48750 51194 23194 43147 69962 76823 73173 48469 240 32039 76393 15504 33040 30565 250 45143 48536 9735 61442 13217 68589 71748 628 42443 39565 27837 42682 70397 58148 30435 41869 34897 69587 14284 11572 36847 3293 62621 46136 6291 68147 69052 59581 59665 46263 70181 21565 66582 75519 60263 45312 22341 39926 76698 50428 43358 70665 51383 39175 76361 57310 3084 36655 22377 65804 32802 68489 23338 34728 29462 76675 43474 59444 64130 34003 30699 30420 21065 47474 73198 66577 21186 63946 12961 1467 49243 12279 16954 39092 65822 42554 58618 35617 29510 19177 20271 49129 39801 24989 10026 4487 57325 44923 2857 73148 41946 44876 73461 50287 50602 42307 66283 53089 35328 17288 15778 56032 18886 33596 19495 47142 7789 31462 75986 29840 976 4443 12079 76207 58569 23962 43745 36400 23101 17073 22403 34641 64081 1878 44077 59166 72812 13586 56848 40176 23309 57922 44618 50197 15515 47655 31282 32966 33484 22577 7606 70660 14448 53947 22756 49595 50019 50573 67110 28190 53954 19878 44371 35793 62665 9435 16654 30606 25273 25145 30229 16565 37134 31865 58769 48496 69059 24507 47233 63459 19392 40603 35460 40946 41411 69783 54801 24239 12762 75822 29626 14489 18835 72174 71822 50377 6819 559 51485 39187 166 38193 23667 44109 45629 62546 48556 35803 10851 24973 76735 4381 4330 2416 28211 36423 52139 3166 40257 74225 12603 20838 367 33916 30302 22775 50750 59344 16909 55079 13664 782 30027 29714 67278 72618 10342 49910 47950 73189 1897 40502 31812 22453 35804 20700 44997 62607 34866 27729 74884 26012 20394 13566 59979 38678 65920 2694 43339 13132 39676 24562 65438 31075 11631 6689 51621 29557 11971 70245 43141 66291 13384 54088 41829 33699 76194 26153 55539 6280 41411 451 14992 28521 22757 17507 2637 9427 66950 40942 57754 34991 61073 71303 52330 50993 38876 5622 34780 44604 62037 59088 11167 22146 4053 29899 25292 2513 62353 39374 5085 28064 13416 46012 14232 23106 31043 50524 10967 67609 59400 57598 38757 67824 4183 29777 67000 864 75588 24378 63486 65174 43881 72195 42691 2848 46895 74935 76170 52301 54632 8492 4748 56362 71923 10777 17487 25884 24488 59597 35443 28352 20321 14256 22931 50883 76363 58642 12672 18907 73793 28214 26237 14365 3289 22407 29243 52642 72199 12117 76555 52973 5732 10175 43591 63257 8336 73244 70877 36922 40140 43323 54918 74806 60394 40286 13440 62884 73573 38279 57556 70086 40468 1440 71583 71541 48576 73900 3195 68407 62471 15266 58545 32818 2210 6183 6046 22647 26376 22185 55552 55501 55338 49880 46135 48516 5373 51556 57140 72484 14272 54451 13492 72697 1580 56503 3 31973 8814 15255 30366 52832 32271 48813 44196 59959 24467 27351 55447 29983 70599 67482 2223 75670 35461 23244 71437 60727 40180 69679 47643 57470 1058 29181 68945 31969 61612 40315 58448 32467 29027 58085 38717 75085 20753 59916 66765 11817 23064 60316 9790 70731 69810 44497 62901 21963 30335 26986 59860 33000 4718 43277 47596 40073 16344 41524 10235 55486 35498 2231 9553 3670 1144 69660 11322 42438 44266 27360 40796 42974 34835 29755 39631 15861 4262 10998 35307 68559 4523 59415 50566 5103 73861 50808 73845 63368 40904 41176 38424 5020 27800 70176 9111 2904 67681 54999 57816 26861 20779 74956 39248 59501 44315 38385 1074 27619 12039 67596 7651 1389 68836 6892 29203 58416 51215 18798 35572 13258 7665 21509 2285 65866 33360 48006 4593 9754 71659 61766 26779 15042 52317 21990 40269 11469 59884 52692 20728 9339 55042 58161 634 70711 57946 29272 4663 50654 56831 55505 60781 69002 13050 76309 63992 29338 71703 72902 7214 59926 37608 3403 39431 10632 30467 25185 27317 70433 64838 32902 46264 67261 5989 16197 62068 699 10571 64179 69555 61732 62721 30536 36879 23922 71298 24631 11916 30070 2440 8770 58739 50251 49894 29377 69767 64205 52357 60663 69389 74980 75255 18759 4053 5295 28048 32046 12816 75136 23151 62462 44521 19698 4361 2658 12289 73187 16914 53206 20021 29470 52630 19213 70198 48765 46728 33658 21120 20019 55612 64550 26039 40137 70337 48423 12705 33181 55710 2415 44313 20182 45951 60279 17552 50446 37985 24855 51491 17936 56280 52897 12994 53178 3994 7952 52103 18523 76142 12993 61578 31715 30672 11336 70717 64574 32658 52051 39121 56209 24829 67916 11607 58560 45157 24955 55000 47946 31561 27499 67676 29210 76698 62522 74132 56432 44574 33719 13389 47426 37336 15831 52465 69021 44406 24308 5827 37512 70602 16787 74904 18660 73567 39721 25843 64287 29636 31107 14997 16682 22392 50991 70740 16516 47040 9744 8953 42257 51990 46362 48183 491 66727 6296 34562 76276 29549 41464 51665 1130 9979 1855 75069 21822 52746 17161 63656 17807 76334 24380 62591 57654 1440 54132 37755 2171 44013 24747 11410 46795 73783 65027 63724 2391 36785 67705 68098 15306 26352 18382 14477 34244 69826 68562 423 41125 44120 16279 63119 68450 52359 43160 53668 8153 44760 2773 33703 19748 1336 72299 36265 20719 27921 52174 71107 10101 3283 29557 10048 5361 61393 40317 45236 44387 22652 41066 72357 74800 61870 26478 8744 21318 20155 53798 44282 8723 4312 67999 36568 61240 49356 21625 72547 34394 963 73244 75060 7204 64611 64589 48118 2213 76500 37423 22124 71546 70008 52658 37441 45933 5493 2371 17760 5063 46265 71452 47235 13994 55175 51328 45071 4221 62072 47207 61091 63690 25959 59940 74373 36506 34660 55299 68692 11435 24392 10800 32414 19765 9921 58396 11771 13358 67573 3069 69582 69010 60585 39924 56545 42011 16725 75962 52576 22235 67185 53251 21057 17784 32547 21659 57680 22574 6488 30896 8373 59446 9125 52723 63109 52740 35862 61021 25993 44374 43522 57945 40512 7752 26574 44265 72153 25752 5089 2296 74705 71343 57561 51494 10598 6189 33961 24118 37079 4049 35482 30993 11230 3028 20531 13051 74376 54156 59170 30311 71590 61960 14387 23249 26093 68726 64619 18532 23426 44938 376 18612 408 54420 4966 32017 50192 35204 29184 3577 46251 47192 16953 11217 75627 6586 5519 39415 43757 33989 53468 17669 3118 60128 52743 18402 12975 41492 887 12642 69878 43815 25596 52301 70458 62479 31633 35341 41177 52838 49526 15845 69293 5550 61945 64905 43996 17530 49274 40677 44679 3254 4524 16767 55879 60256 73982 51505 65966 70326 16934 30054 128 62118 13416 18735 10461 74752 18510 43473 42378 17153 15844 56790 13702 58700 1584 5189 49158 74161 43325 15050 23839 59367 53969 12403 74016 6144 4885 24457 55192 36944 34886 15414 54195 62461 48834 5279 46503 72961 72670 37236 41174 37138 28655 58583 1454 68958 46699 58663 71367 22608 45455 75724 30227 75510 53646 53829 5337 71487 67694 31650 1570 29869 40078 48729 36234 14514 33801 20159 1338 63223 72011 30813 26054 20434 32397 43722 23186 72428 22730 40069 50870 859 52213 64894 54817 49855 72640 10373 70834 61757 6785 36379 53016 14108 44964 34796 76132 37667 71608 6989 63954 49888 44033 59941 35503 11821 63223 59581 68596 49651 35914 42039 12321 3405 10558 50973 63564 16167 21653 514 75017 53896 70616 38895 53421 13544 41956 38 9081 30161 12322 13264 47427 63659 22645 25114 12380 13415 28456 565 70076 6603 26802 75172 48000 76802 70392 45430 43926 6820 41050 54852 53875 42922 24573 63701 35116 28443 46096 3892 11196 26845 15097 63734 56308 60687 41391 38775 39231 28114 71856 57258 20649 23343 26156 50071 5613 72078 47401 42491 67684 697 3108 42425 2866 10395 76884 44866 41574 12263 33179 1714 70611 8802 68482 31096 71427 69970 71021 40039 45550 60443 48805 11026 47566 54840 75451 5997 7684 71138 13877 69585 10595 74758 43648 19818 29499 24209 8376 38797 8709 57343 18680 76503 76661 16058 63508 74726 13743 49604 14617 27061 6289 28615 49661 47134 33813 19577 11697 38548 10857 29930 66448 2384 35078 69713 9061 37854 25672 71012 2475 51222 49972 5565 12985 34355 59279 47386 68894 24566 9152 44377 64473 72041 5242 22358 4991 24455 69516 26914 40229 63546 34805 56946 19421 36930 61222 68843 48381 43847 70873 72898 65587 65134 57588 44297 9593 19743 58149 50590 18828 3351 29609 17120 21594 74766 68771 57620 60998 6104 55102 8792 16298 47077 31292 9498 27397 49268 43166 75515 1203 59528 14581 22871 20372 31087 59876 42892 59502 10837 43015 57923 33608 38084 13454 56743 67738 37554 48895 68528 50595 65006 47833 66100 50462 12761 29180 35881 30416 62485 16550 47244 45401 18919 37524 51606 25886 32401 41724 75160 73792 74150 7223 1707 153 12620 33462 33899 43813 65982 71860 65730 19440 26320 27397 50695 65788 14519 28988 26980 13989 15437 66514 53453 54873 65829 24237 34127 46295 2384 34402 59597 50495 27766 16877 61673 56248 29563 50243 37059 2254 8431 3751 41951 11369 47493 74915 20994 23294 31475 8161 41595 41766 29389 17380 8103 15299 30541 61689 13689 49564 27767 28537 63914 3275 15806 31457 52070 29748 41584 64704 58807 10989 74669 24920 36368 74799 65056 58085 63440 66691 2985 18790 4732 55695 51461 26297 61437 45942 24894 16515 7034 75926 18382 53774 42695 24903 26452 18790 9287 1272 56198 6612 75232 63057 14963 25318 12803 6722 65251 31978 53686 54234 71643 28158 61255 40175 669 69178 19093 38749 8544 42820 33825 6160 52138 25467 17743 37098 72288 8533 37915 53928 73733 17674 64630 56135 3049 50678 37679 59863 51317 17726 37467 13837 23437 548 45695 5032 65229 28158 29651 33239 29867 67069 70379 60961 40897 7146 35068 45044 8004 27134 39119 64209 47737 5181 32529 8348 24149 10869 75480 53149 8159 52099 17454 11593 15692 44982 73520 13713 66067 70498 59346 50802 55676 50605 55291 52426 63149 29107 47310 38784 7599 31204 34028 3989 27744 51348 66802 73686 72368 23054 49863 37922 14965 59299 57790 13650 34487 65330 44199 23572 24907 73726 65489 2961 22605 9218 24788 40772 30682 48890 49969 53262 33718 60528 52346 61980 8535 68124 61663 66909 60810 63022 63258 36413 50894 71006 15049 10866 32310 74923 38313 66723 21565 17960 19124 72407 9013 50259 64649 27083 36599 6276 67855 70099 75566 59115 45752 21940 22510 2037 11654 58933 73058 55189 6604 41409 460 37721 68173 43843 65139 69944 29690 46711 41971 51387 59852 41001 45350 19015 12168 13295 34657 1279 4593 58782 8229 39414 18971 70984 21883 16334 37009 64746 5640 9582 32788 36145 57370 75511 47026 63847 15859 12878 9752 53383 9591 13639 45700 76481 29283 9748 30756 57824 13401 10791 27677 13624 58688 20342 846 24782 32427 25297 46278 20713 3328 54758 38957 58688 52961 51232 28130 29604 21532 63485 20433 46397 43313 12940 41338 35816 4270 37124 62536 18214 3327 2740 2800 70844 37405 16905 39628 75224 58397 39840 28914 67785 18452 45310 60914 41245 33464 55876 58493 42575 20088 36341 48404 30159 30005 57734 72972 60073 42678 59737 65817 34188 11341 18639 4653 73712 14628 74486 17875 15613 16298 42374 64842 52869 72523 21279 70255 57640 73853 76079 67719 57250 38324 5110 76842 60128 57507 20052 17304 49870 70275 38949 43221 42570 67864 13883 74271 47757 62590 39664 67665 8547 12104 16309 65027 6729 38183 76533 47206 69425 51945 57775 27212 28493 357 85 60738 43477 65302 69907 24401 56274 11859 23402 38041 20881 26006 31807 76249 20251 7331 15427 56027 75895 68020 24972 50613 72299 41938 12967 45337 43528 32346 72495 12638 36679 14757 73145 65713 74008 52046 28741 57663 37643 34044 58067 21355 28932 75322 19219 56379 11781 22343 34345 72979 62460 13584 72745 26496 51035 24235 6348 57476 2769 7690 24063 60696 61693 39413 2241 16900 14275 56555 29196 20127 75094 5513 4303 14077 66098 43231 67162 14691 72238 60920 68449 46420 29600 33591 51996 58099 32967 6014 25698 1350 44384 65402 30398 35117 20234 72942 48706 74539 28602 24063 75835 32991 35210 31677 12290 14100 58461 27708 48285 6632 54315 36244 44927 22049 10823 51711 44737 35310 61812 63272 32532 4501 61623 1262 24218 5891 27463 53990 3291 28712 46836 33030 23260 3003 4857 9802 12642 59331 40760 50678 68741 23400 36767 44890 19031 23429 75998 50498 56984 41590 19833 49172 8977 65533 53865 34824 73903 51297 56262 76758 52958 14803 9160 16972 10722 36099 11243 63460 43621 40016 35124 35077 15813 70094 12861 20846 63496 54134 66396 37415 40993 76687 7947 22762 43865 42483 68096 12698 58510 29123 16461 67819 41580 58978 5974 46503 65851 45289 72681 8025 12513 3034 72722 1368 26814 56613 5144 24249 22884 22772 15252 37570 68440 35758 30221 6442 71560 26067 47387 12652 4273 27943 66720 50034 40002 22933 2773 7211 70065 44014 44014 70943 75405 73057 34217 8878 65564 17071 42338 20375 62976 44412 54280 30557 40662 70900 58572 11124 45783 33089 5264 66738 69752 624 72470 58807 56087 28729 52690 13871 13551 34120 55430 66726 31312 73653 62861 66021 50474 47388 11706 6291 30039 6304 58813 4307 32226 56916 66883 30673 39858 35282 21880 4890 37474 71584 15597 42489 60004 24038 36591 27212 39259 70450 377 29369 57927 39079 38656 21611 71092 64839 74153 19047 60673 4063 13457 37085 71659 50902 50719 49639 66259 34754 29698 51581 66069 61252 69417 28629 17313 37893 8286 21551 54069 25770 39137 20478 5591 27596 24389 14242 14877 46212 6094 25520 61779 55249 70672 70582 70563 58256 62810 13482 667 11343 64466 23036 4828 7655 54929 21761 63503 31337 36835 23411 38657 2766 31183 4365 29449 60029 75915 32986 8911 73853 1936 52267 36713 45598 30054 72179 24130 33667 65044 37008 14495 66386 41163 63907 65906 63100 63940 50904 7157 63841 18323 25387 119 53374 62426 30627 33053 19575 48484 31427 13727 55883 10260 76205 59055 3045 72913 71575 14088 16592 1292 18206 12972 71928 36170 41354 25275 43336 50378 71531 57199 27700 74645 63242 52237 8421 63555 20456 73026 56237 63016 52426 38605 25771 2034 25428 58309 1616 43440 3384 22440 63513 10690 9703 25296 6798 42519 25851 17951 45129 24809 24447 9520 26029 63509 52197 8345 3786 20071 17269 40539 64340 6013 28974 65755 55606 51072 2474 40130 30899 15883 37037 55531 24349 28778 53315 55207 8843 565 5527 39243 50911 28871 3132 48930 8324 62625 49324 24655 28830 70033 45954 53290 13411 45908 29197 50742 6409 34358 11843 12600 4301 73134 54272 59053 27890 28429 10608 45781 7708 36843 29423 39513 16858 54492 10326 54644 18926 8434 26373 63432 53935 17262 25662 10030 8576 66185 48707 62687 12171 64684 21152 20594 3154 17482 67961 20945 21185 66434 41780 76812 12878 25524 40277 55717 19060 27204 30005 22799 42262 51530 3469 17670 7901 70501 18459 8879 74338 23640 36629 18712 22708 1980 41408 27445 43435 6543 20519 12601 72900 59582 3368 60222 5688 42295 13217 67517 17326 17721 29971 73981 54700 56335 65790 64351 37295 38033 672 66483 11919 29744 18666 8612 36361 34044 67448 21018 10068 27587 56439 62041 5412 51839 46007 45480 59992 32487 33906 10826 71981 35616 45933 36514 7668 53981 73628 2100 65531 31428 68652 70009 44848 72718 58734 54189 44776 31842 5735 26778 37925 28118 60362 63598 16099 38421 27868 40113 4751 28783 26615 11502 70028 12260 41678 37143 8726 56687 17641 43814 23076 7846 55900 74039 398 54157 43761 19761 40754 35842 63666 13254 22325 42878 17460 59666 59347 5282 42654 28524 11458 51451 72786 32391 7961 74432 23499 21756 48074 36333 60337 66403 34341 14711 8707 58316 17943 56279 41870 59371 9362 75610 53366 12173 10412 52415 9431 61605 66924 71270 6902 38056 35352 15528 53720 25398 46694 21542 68712 43589 15329 65046 58515 65639 58206 34182 75869 32063 49674 17799 43395 76790 9270 14593 16590 49247 25780 66034 38409 31623 30213 61123 61353 72701 75158 44983 38172 51341 69538 19240 59115 58718 46325 34170 48703 29057 56281 65687 68748 37180 6192 23103 33762 62845 10166 3300 62187 75230 21572 18070 29360 8611 28348 52308 49166 28115 30503 31558 72940 4875 11417 11844 36062 63541 31977 9551 46717 51716 62897 74987 51221 1416 42870 49029 55506 10267 19616 45991 19428 757 63125 63778 42498 42788 28736 45620 27717 20641 14556 49982 55643 63044 15063 75232 73723 10745 28470 41007 8049 8102 45095 66065 66666 55937 19062 47803 19245 34685 60008 43482 66598 60709 53602 57998 64900 4238 38411 73978 10768 10616 58944 65508 4312 65046 68256 58117 71047 27560 5080 75575 68063 27372 74193 43290 72817 66941 69262 41910 32993 13485 71301 20522 35564 61861 1588 6199 3470 60478 53731 989 60511 56128 27067 34844 33166 40164 65006 45567 68836 20996 59549 51874 29830 46870 5874 44074 24100 39178 40630 75603 60039 57622 36825 15268 22596 14722 31175 61182 31475 2298 39395 13312 1020 31831 60848 75868 11169 30579 60656 7548 26717 25270 24134 46526 58750 18401 53288 3772 75080 73760 63169 21856 3695 61419 38037 15874 64493 4987 54802 35886 62333 30165 28182 25196 17843 9783 2276 36365 22041 73230 16860 27075 23669 64635 73089 70635 19634 19264 40452 68905 62737 57551 45893 17246 28733 73755 20558 10969 7877 37699 50432 15400 41548 66312 5735 59494 14658 54916 10680 70713 43676 14941 13645 49320 64389 4818 73369 15507 75790 68394 39418 22418 38355 59513 44553 29263 61716 6947 76436 19448 51808 1293 27960 40562 20445 32634 59549 2120 9730 43574 59748 41909 20472 51334 17569 60520 10338 54227 40683 51496 70380 45105 67443 52429 25983 11030 4537 54735 61940 26226 8471 32814 30855 54364 59220 12814 4356 15170 21021 23554 22179 44029 58186 55183 35614 4876 52339 63157 46341 11298 21235 35753 31203 16239 53039 6737 42098 27141 11231 19957 15481 60394 57750 26730 57595 69094 22507 49146 52971 22638 34708 65642 40086 17890 46578 69896 16868 36719 76732 11880 48257 32729 15946 5829 40912 6872 12607 888 13799 21992 27906 34144 76728 56099 71900 56763 42880 49030 68141 62088 47672 56631 59747 17670 28034 16092 76066 45650 68933 58160 33311 62530 4082 42689 22405 24171 36355 56740 44344 60636 4214 54803 65237 24687 62167 1124 47336 26898 61269 71748 38579 34943 64253 33267 3966 12530 13016 57253 25640 75577 18866 6262 18473 76118 14833 67402 989 59504 39162 25684 6284 56424 6449 4861 59374 76354 72044 24826 68198 64510 4119 21713 45799 2445 9527 35143 61678 67887 56505 2402 72084 50060 40378 41133 65848 25896 37524 45432 68578 56845 26974 17192 39078 50341 8762 5361 70995 9996 29056 32125 58293 76004 60076 22850 73832 14820 48033 24592 22563 69268 59393 75148 30745 12735 26830 47919 56117 25497 53828 63721 52655 58689 76072 9897 55328 49001 19608 71455 30285 32100 13348 11391 18484 42622 27681 39540 17145 37524 22730 26908 57995 32838 69214 72060 36224 44623 65893 60198 24660 48061 33569 40045 48731 1879 71309 50407 58381 56410 46712 48105 29366 66923 65464 19298 29178 31221 72245 42410 62336 21909 28893 43940 26642 55169 8923 18915 68846 36890 63214 14458 36476 34447 1469 56986 19847 43809 9943 11244 40469 74105 63359 48419 64236 21754 56543 50403 51740 38167 19346 22589 67515 28039 20893 20961 46919 76422 58052 52963 8179 6308 1516 35047 46249 21834 11657 72482 23135 161 75275 44881 60202 34792 42607 64082 45710 34370 33258 40146 3645 52047 7266 66867 26046 60583 14981 74800 63676 18232 49424 32583 45431 71952 72947 33067 12482 50759 36236 29026 36891 23618 35141 23629 63793 29686 24837 2101 59950 64169 61726 30167 72091 52590 40891 55130 19861 30711 67640 47322 5706 60919 20591 5742 22527 23588 44947 14633 6316 58538 20192 68642 8118 56953 72549 35478 10848 28395 21226 18068 22345 74574 16318 54554 15755 60345 60828 25639 65632 58911 72486 35434 43686 11903 51956 42527 14272 9883 42974 26021 35503 63405 36593 54519 40788 60187 32179 7669 52577 16712 45670 12349 24289 16235 19020 12602 41415 75368 62965 16403 60244 42788 28589 12400 11743 72342 36344 1249 63782 59953 46091 74567 48184 26407 21957 60865 39198 43526 50305 63025 63185 11719 33698 28807 42403 9778 46675 22161 56778 21501 76511 60188 44570 17215 54114 36646 63841 14292 63508 32589 42335 6135 67690 35036 50705 66915 4123 2899 18105 53957 59145 6994 56368 54383 30402 24493 68319 56640 28738 52109 29573 70508 3817 27376 45078 9941 33114 5729 3796 2403 19174 27315 75745 72240 70979 67849 273 48437 64757 71141 43345 25376 38555 29245 73601 17798 39759 7135 21949 43821 16771 29432 55840 74118 61067 15065 51064 65624 47632 62150 39742 16825 69054 53548 53223 3719 11125 52087 76412 29836 50911 65660 70638 28794 72811 75656 71413 10075 49221 62330 44702 40424 8048 59684 25379 41334 26456 76673 16358 9953 46752 34906 31967 58710 5005 19631 13219 19314 4385 33433 63317 46600 34735 45875 26801 1962 68833 17541 54895 27572 69324 35570 835 32888 21812 75201 57232 37246 42692 53151 12137 39945 62182 61104 8144 32036 63841 56481 55059 4095 5918 59807 21381 59681 35967 1941 76566 23641 60193 31073 69648 27651 65340 43439 60343 30809 35196 76626 22183 13175 37328 8166 24772 44645 16631 32979 76648 65754 2830 46760 17809 7189 4121 34945 63993 71375 47514 10123 75628 52736 74986 48162 38656 6941 24993 9053 2069 72297 52891 13219 74240 35263 37547 11740 53537 48449 74956 65072 70434 68717 70194 75916 60737 65650 25710 38658 29519 61665 48722 62604 73160 2321 12553 25422 21434 70792 54835 67539 29046 26341 54418 58872 53849 66511 30404 18117 36962 34063 17127 56145 30430 27373 56156 68507 29329 23564 39287 65750 36722 9811 21759 64170 5656 37797 57151 72802 22921 31609 53562 71227 45276 23229 20194 32920 63798 74369 58103 36581 56186 5688 68188 65415 32189 27545 13739 40812 53121 55018 71957 61446 41001 37633 20039 71128 50137 56223 51139 70809 36342 43144 74579 33284 75532 3440 37860 27659 49626 64166 39450 65498 69694 24697 52865 52221 39148 42400 25040 17887 31120 65555 23645 58729 54573 45490 66377 1175 16886 8722 5790 63673 13921 22111 68028 40422 43418 757 17045 19625 60134 30822 49855 28252 62941 8927 61233 52663 60254 8375 57947 45148 39192 15733 63713 61148 26342 14640 2462 9746 68031 68939 52836 73012 68140 5807 74327 45538 2705 60319 36560 43485 25871 33589 23188 49191 233 14530 46827 57963 11794 32456 54725 74243 23479 11218 65097 57699 31329 67259 64201 75113 17579 44037 74488 75231 21319 36914 63007 19365 70820 19946 10613 61171 37411 15424 23203 50975 71312 317 45455 29619 71220 27850 43595 1146 59431 55187 1170 35962 51228 24575 23717 36966 32485 56804 3383 46843 12126 9618 39241 22282 3325 68681 22276 63689 529 15546 50183 70458 38709 21356 43726 62551 57537 50518 52735 36770 11456 52021 37368 33620 20069 19712 29233 38975 1197 54324 61249 43219 35238 72499 43044 40950 11018 65364 55047 66433 65129 45453 49387 51712 2640 71123 33365 70915 36529 21423 42328 36941 12760 40291 17862 31320 35689 11661 74774 53152 60122 62261 62238 23588 41552 68431 73759 6674 74325 7525 54710 66744 54870 75633 6710 2577 52733 64040 48069 27917 76032 71769 9997 62823 63214 62687 43389 54618 73452 17952 29926 4035 64505 23849 16202 23665 28912 7170 43499 75747 37235 70044 6741 62729 56199 33089 76121 58681 60639 19388 6878 12647 69666 45937 47061 13574 57297 65339 1321 17062 66100 32399 39607 35239 55759 55514 68218 65651 14134 58462 76306 25988 71688 25906 7705 30487 39334 22874 2023 42697 53181 71256 4741 43154 74911 94 63989 76735 56445 21593 48042 32693 9563 42972 3719 52927 49432 1151 60470 75306 21342 8009 66241 40882 58555 28360 33814 72385 8615 68407 31696 6206 38472 32662 18749 20148 69134 27499 18887 62981 56093 31826 58574 12320 9008 5738 65000 33663 27735 61066 55458 61398 65325 48969 60861 67142 36575 24579 61931 39823 54269 37054 1900 51365 41266 30328 45752 62686 69590 17193 23156 33728 21122 45050 29333 47019 16704 46598 6352 45101 10226 23207 49180 70656 345 30922 35582 69419 337 32574 51272 27752 45836 1713 21926 67639 48045 69841 6057 39914 9056 49038 16342 15526 3931 32714 48484 6003 59495 64834 10085 16083 8796 40029 4493 46776 56409 69056 41835 15417 67893 52421 40462 18398 72699 60071 36269 49375 98 832 27167 13885 45075 9335 44067 22732 34990 30024 25695 15666 30489 34816 71103 23418 29834 25297 23674 36373 42439 68882 57375 65532 18778 59367 20476 1838 5031 65027 67645 60149 31529 26833 2845 18679 6424 60237 26512 68 22303 28960 73929 71380 45017 44551 34327 54901 21333 28001 17793 11811 34724 19308 9508 61277 63838 52747 73830 1511 48768 47505 27791 41919 5891 68920 51928 60158 9413 59480 40038 4018 25498 14187 69451 49602 55352 25784 13517 52144 24040 69374 43638 55270 61206 36873 10242 37354 30483 33971 45830 62808 46168 30174 73018 14776 380 36109 71597 55920 50447 15176 66438 76474 48696 21765 9963 20185 48910 61992 25581 24565 274 48518 19236 66199 18777 72289 24345 17740 2302 76729 3120 42727 30416 14387 33502 33261 6216 25360 33272 47020 62203 17181 73066 47776 55576 8779 63597 75529 59460 22648 42011 39270 9191 71565 56233 35457 7272 16016 32735 56227 43549 73446 18231 74155 35610 45480 18866 51870 4403 20420 51872 2580 16628 63610 1140 3177 51863 64825 70890 48289 69907 1274 9393 23656 25539 21942 52315 33650 44962 56542 65340 26587 61150 16847 50853 56215 14372 40305 36974 15361 37683 65237 71702 47242 7445 34738 53080 55590 76367 25138 48694 29788 14866 67418 65142 8329 26332 35299 17187 76892 37882 10174 32825 11219 45829 39877 26001 23925 66429 42981 23220 54687 13323 4441 13052 21742 70355 50109 62801 42265 24058 41365 68900 48769 67598 36467 10151 60854 46894 6261 25683 44395 10044 21450 54873 14641 1566 18679 36400 64210 74372 15875 48587 37420 51168 19210 33202 30210 43821 20656 65675 61553 53928 57441 52116 12191 60721 64554 6347 13562 53185 37524 58499 9944 60887 47448 19885 74520 37646 4007 15132 35752 65232 17742 65751 22624 32710 48297 53354 35219 73343 1452 37637 37070 29412 52048 10021 10176 20384 69791 46470 38805 51158 27662 16681 29861 3558 37118 43556 32955 55992 61478 71489 60682 26545 19115 35349 24845 22217 1978 12959 26294 62655 57917 18739 41854 44870 13163 6963 42010 4761 34164 40935 3046 43515 74202 43387 20357 10232 54914 22134 22968 13239 27361 1188 17977 24363 11524 43531 31950 62252 51093 69993 3922 22223 32420 72429 67340 37813 43341 33093 74276 3993 7508 44630 71382 60778 65484 39954 22981 53469 62740 71309 67418 33338 5277 61337 15412 40842 35677 10725 4965 27378 71491 21656 38114 47046 36741 12216 22704 30565 59991 40287 9185 12018 66791 65653 76792 60589 50282 18319 7551 65222 27856 13923 59263 59180 70743 15143 39282 19120 63581 16245 63555 25084 47766 19698 41839 47263 15039 57265 20570 58053 73741 53902 69855 30081 50314 10769 13840 16401 61152 64919 27595 47599 46496 53352 26992 23192 64536 11069 45688 840 74446 56185 45509 12729 35565 72097 28476 25035 59340 33120 55101 53657 15292 69226 34296 4309 34930 63804 24236 40853 54208 6590 3865 8041 21424 73887 44487 42809 67883 31017 68099 50924 18701 8187 9478 76322 6585 73418 73863 66480 27142 4123 56248 1896 65754 525 1565 47315 3608 47570 33354 47294 41599 58823 44933 58163 72995 23662 31198 19359 63830 61791 32908 72686 70508 5963 56356 74894 5979 24260 33897 28535 68431 10362 34285 22096 41579 48552 59391 50851 40020 8645 39833 7 13895 74435 74339 50134 46748 22807 68433 3362 31950 31113 40903 63865 5646 55235 63663 61656 40242 11076 49885 68799 57844 61735 69763 73321 1100 14393 35100 71226 9431 52795 32706 59829 16430 7754 44554 7310 28024 34125 65968 8544 47819 36395 29359 59569 6312 63824 71091 48471 48881 70371 34120 29688 29756 20301 10494 61521 14058 56206 27887 73952 43233 61272 23954 62453 51414 73225 28067 48556 41842 52545 17105 63046 36080 64925 51714 32843 31549 44317 44376 31683 9114 56946 42038 37451 71432 73818 48350 45453 72786 13288 53848 74920 33752 16237 73972 63385 41629 54207 51954 32675 29924 75283 34524 75022 42259 38991 62399 36411 54260 63033 60461 76153 43949 74564 56668 6741 27877 64629 69457 44780 5292 3228 25359 58106 36162 46381 46174 67209 72591 33778 22222 62123 22340 4313 53391 5575 41006 58480 49012 11958 71277 56918 71731 14208 26981 19816 60032 55821 72892 6094 38707 38255 50810 74898 51130 4841 11883 24814 48785 62471 69803 26974 56880 27293 58657 31007 43030 58152 67636 63803 16840 52410 6115 56554 22390 53432 76895 16116 39986 40200 16234 49992 24856 9963 60310 13446 1339 9720 40378 65435 59805 36135 25593 31508 69879 74109 14059 74025 9821 10362 36172 47452 42500 63795 57529 45914 33588 37612 16813 37896 37992 18253 62732 59057 74426 67717 1835 21320 59419 47332 18013 46181 45822 27459 15 2775 15397 43248 67162 22154 65942 54985 4674 40432 36270 35891 31272 24367 62759 55665 17230 47566 52512 28606 45688 17477 55208 46646 46129 62447 36530 37305 49138 23627 76858 33609 19879 34198 55967 32670 44859 46853 24593 53130 16889 18115 19671 34640 23415 4040 66182 28095 67118 2544 45895 10200 17638 35701 25773 16839 35835 11625 29943 23615 58363 18482 36819 32049 59921 19243 35814 36185 54515 21675 23728 59533 49578 61 52761 49246 26000 51497 29053 75426 68597 28277 20530 3666 54264 72197 59490 69754 69207 55642 32225 1327 70584 40193 73425 68498 2841 34982 72031 1179 38146 4830 68030 10373 4511 8465 70116 54745 67278 17638 45673 19531 63336 71954 51673 41976 3820 41558 50088 44310 57797 45689 32895 13424 71118 35721 11996 70150 44261 73535 32289 36883 11029 5763 26362 52056 30399 5423 55704 25789 56295 6683 7555 41840 71604 3542 62023 58746 65655 46712 52035 24503 10472 13526 31313 11475 5307 65384 33447 58193 75832 39518 59394 54347 13195 40915 23765 60014 26228 75989 36127 38010 14770 1794 71278 33036 63375 15584 57985 73169 35519 32774 42809 21883 54504 58765 69114 45818 29570 54036 51013 71244 64457 70762 43930 42298 71401 43854 73524 61600 28538 61511 28409 73922 69066 30353 44486 32634 46282 58469 55192 671 16773 7615 2114 60089 61058 55343 6237 69888 37622 64707 4490 15287 23634 59268 20443 49056 8157 14943 36092 16710 44643 21121 71621 66552 1408 57865 47445 1361 40819 7146 63349 43208 8787 71433 46507 32832 45735 3835 5819 67083 59082 70641 19647 32680 16467 15139 12999 44796 66226 66087 74012 68162 26676 21474 11890 5600 15541 35989 32307 30620 74578 32034 40781 74455 46296 24989 56883 11368 24683 23584 4731 54973 58269 11001 7792 38166 42900 42659 56184 50426 22195 73158 72635 69019 42701 40714 60049 4798 8949 23340 17215 74275 58750 4794 18570 76556 38141 60297 76630 76838 51597 14537 62122 75381 16036 41766 65467 27792 26585 12920 941 17262 19833 244 23920 4757 5946 27301 23477 44762 49005 13597 46870 1839 42204 36633 8574 42420 29584 55666 58755 59557 33755 62900 30557 34148 47593 59126 33485 42521 55924 60581 74367 34685 78 13189 32666 29243 76265 61718 71408 67021 50904 22493 54857 678 58324 36879 24296 50325 55865 63395 4991 64424 27509 10714 1939 69460 3169 33889 26368 61719 47736 38802 8642 54129 55311 21627 22602 27283 24206 47052 53409 17390 40767 43165 2583 48522 68075 50488 21668 53313 8072 61581 29368 68969 26434 16230 26783 3639 27658 16807 63380 2065 12607 70348 59474 61223 58603 42468 26532 6330 64638 12362 721 75059 34974 5996 63305 49600 45583 6890 73274 65149 106 39181 6727 48617 44237 2159 5261 23029 73509 64097 71540 28789 17562 28797 75554 62734 74582 25328 46202 75890 3904 37118 86 53187 8138 45876 57586 54146 46280 40429 61495 38598 73154 16774 55472 8824 44897 24969 4983 56115 57050 53098 5312 10 13547 41945 16027 64384 52585 103 41510 50835 47637 45559 57943 52783 51889 4760 67701 17512 31322 8460 37766 7007 8846 59230 33075 13732 53210 57881 24734 63915 840 21611 54663 31983 59515 22146 47219 23122 38815 19908 21923 75220 49336 20145 18659 8678 3057 76561 19403 39128 27980 50863 74179 48504 69126 32261 47682 4531 7829 74536 18532 35823 64839 61822 60006 24425 70739 54275 68365 25267 26800 61197 30447 20223 56817 24841 4812 37169 49064 15501 72949 75572 13026 20354 49416 17082 51910 14264 73342 53764 12130 10776 51930 56684 43986 13144 12031 55288 51004 31861 63775 26920 2707 23785 6612 18355 5425 20326 51511 57173 72898 67209 64588 41922 20209 36097 63793 65467 30437 42598 20542 47580 6913 20109 71704 350 43539 47995 27627 22259 40212 72911 16665 59593 69106 29261 60331 28483 29767 73386 71739 33518 32969 14135 4839 46389 69639 35617 76789 10582 44781 21234 61151 5619 12423 20357 66282 76633 10186 61204 45959 34020 30348 21989 45375 53103 3140 7440 3123 61722 10671 71569 69240 37465 21154 43498 54768 6055 31271 20481 34142 60361 17460 61780 54329 12372 48805 58325 2157 69986 38929 54796 76198 17944 4047 48471 10005 52454 55137 62135 11350 69021 34655 52087 177 17824 3151 34353 47206 39137 23495 34007 25901 17490 58897 72223 22896 73630 27208 56180 22336 56480 63936 57899 75407 70134 14038 50165 39670 28061 25528 25375 20632 58993 5192 69103 53074 19398 19045 69699 12945 47344 43027 4045 28259 30977 388 63371 43232 16361 64468 22240 31520 25433 68495 53163 31657 50378 58567 72828 74355 30918 21262 64164 23569 30655 61548 64185 55533 20926 37008 22926 55003 71905 44127 6127 12005 8910 76188 59027 46375 10343 71367 22934 48148 14744 63540 50219 47875 57335 33018 71793 55949 3128 64759 3339 76889 1493 13252 58073 22521 5715 8773 36826 62341 52786 75333 7543 46889 34905 13137 76717 37221 33936 11011 43476 52646 30332 2850 64280 43863 40530 17575 59774 984 35138 27039 3322 38043 51868 67676 34530 44502 53904 37888 66656 769 56741 54212 3738 51996 25005 66922 57700 76215 11562 29558 9566 69769 55844 72180 29638 5265 61595 9901 2741 30406 49013 38842 69569 75655 66502 55882 9811 33705 27127 40138 69549 27496 16027 51022 32097 3754 8842 75367 13167 71798 55664 40873 57124 27472 16748 68312 34991 7393 36725 70271 17857 41995 25634 65607 34482 4665 17757 64613 69214 30755 20825 49849 60898 49536 26086 60563 17054 74392 65750 30580 31319 36075 8095 47066 8294 2752 22547 41417 71040 75385 26943 31413 70536 73642 6188 43620 41110 62249 14088 56007 17462 46193 36813 38385 16161 55429 819 19649 15289 51746 13423 36245 52457 6683 42840 73922 69301 67482 13495 12763 63122 19234 19959 20773 72066 42987 23207 21574 30229 68697 44040 65800 43648 66308 72458 41642 70062 67915 14357 56846 45099 70057 41979 6787 48011 42051 7530 16581 30780 73365 34946 30909 40612 12276 74550 16496 9908 7180 11832 41667 69904 23751 14816 48229 5645 26703 32046 16840 16517 58935 24670 6845 3730 57676 70484 70565 24405 1346 44525 1010 71729 71924 70019 32686 10020 6888 70754 57516 34637 18755 51823 76762 42469 5907 5301 65520 12503 14132 41278 53707 76533 76339 15063 69661 29227 47161 40813 76425 27526 881 35618 46941 27741 24657 8342 2763 55245 67714 37344 34990 38005 16562 36352 39797 19050 29811 36641 22358 45911 55220 43347 29979 12899 43408 25203 53954 16413 54039 75482 71608 7090 41305 28809 6383 63584 52054 66583 41826 47775 4746 70803 23579 71385 55219 73143 19537 33947 23062 34602 25358 72966 72965 35459 13846 31109 47115 70303 64849 22275 59426 71798 76384 36020 58576 15552 27633 59943 29384 69294 1621 47279 60126 48779 30042 72473 69679 75287 32847 43032 39107 15386 5818 42675 30423 28461 27564 33224 6378 43070 15312 72124 27124 13283 53186 32077 32364 3199 72771 47222 52610 32056 8988 4860 56841 36985 66883 57012 56345 42383 59472 37197 17641 29467 13467 48709 37340 49165 24239 49173 16086 55446 32246 10574 28874 35932 35656 73302 58425 45469 71151 60311 70331 16188 55543 65249 64386 25840 51018 16842 55600 75479 66918 14363 36187 23003 54408 53973 13923 64932 15563 29757 38943 10086 10229 60196 8430 47818 3117 21578 38334 33054 22920 42934 55127 49318 28848 32272 62317 60434 15404 32718 72851 71017 38226 60786 6833 59160 1921 36525 64003 30562 29897 45894 6709 7738 20414 6787 18178 6697 64429 56816 64770 14825 40628 19290 16819 22689 22275 76870 28215 58054 17212 35462 67593 60560 24127 55054 13562 31850 56867 21513 27840 24852 43394 65437 27375 65935 12591 62576 13767 28179 21979 57254 59808 46443 45077 60310 41480 51114 36591 15973 64882 56211 69366 34050 59896 76012 16184 12964 5009 70720 36207 68675 39262 2864 60439 10721 30828 63436 28877 23427 73980 16810 1356 43321 73848 14920 41397 31442 50135 15236 33486 63592 1803 67648 51985 52460 75772 50221 18575 21281 42712 15069 22453 5228 26982 14615 46867 37404 49541 322 31262 76251 13790 17587 29792 38120 26502 15466 17425 35893 848 21669 52730 16754 40624 21994 31867 75869 32883 5312 66830 75046 34852 4707 40498 20106 38194 38557 14783 69405 62113 26991 19201 8723 61313 57794 44444 62769 50986 63841 3362 22996 65324 49765 29497 25564 52624 76733 43150 14258 35250 58516 33597 48448 71764 55574 5003 36994 28338 18760 45009 48726 5613 71355 51363 67258 13691 45314 54445 29514 13822 51750 23004 55550 47147 39381 50439 70411 5406 65761 40443 29150 42543 53593 54873 4663 24861 36431 9179 6577 38414 68946 53593 52052 17510 5842 31004 29066 20939 47006 70632 58051 21169 60567 76915 46141 6015 34598 72560 66729 56770 42444 18472 59646 13837 47614 44074 2826 67284 2269 10790 51361 21947 4479 13580 955 65650 5036 21824 21928 37860 28375 39925 13090 37809 16675 11023 48221 2467 58579 31953 38439 9648 10966 10303 4927 43464 17406 34228 74556 44862 66908 30189 6795 72727 31954 64720 1193 53696 43870 41567 52117 34540 48793 47487 60648 51834 75272 23796 74645 34982 48250 74361 73410 21857 41300 30921 50226 68317 73714 60379 30567 75697 21285 69877 55152 70766 40434 49909 50825 42563 1418 13575 15764 4311 21317 39639 42023 39459 54820 38674 68738 76239 63565 10555 73375 4540 76336 44178 12511 63785 45908 18933 65046 6127 60095 70763 11212 72476 52165 56034 29041 50989 3765 5253 55623 25777 11099 5953 67957 29374 40447 37517 69534 25404 5856 51224 56167 42620 39524 60798 36966 74613 43081 62784 22611 21803 66274 47844 71037 72862 10945 58994 11860 15758 22341 19842 2027 28305 44776 56252 62979 76223 8195 73545 55219 5289 76733 30468 57890 36979 29011 49468 22443 76684 67731 61714 57270 52663 38867 32093 14714 20154 30474 10057 49214 1098 67047 76635 6222 20582 28066 21984 3703 65007 7454 17009 28531 60996 76763 754 71448 20277 9705 37675 26178 522 63686 26274 42660 24385 15488 65947 31335 37214 65342 9852 57121 67264 16717 32529 74333 52830 32645 10938 18118 59321 74695 56198 69680 24470 17049 13133 54441 33903 31321 23417 21110 74929 22066 32467 66212 32675 2634 57081 42900 3029 46822 50676 9450 3355 45433 61536 20579 69647 22321 3093 40366 10011 59433 53412 9013 72123 67174 9445 41512 69652 475 6608 18622 64585 55077 36676 57588 54406 10611 12548 34901 17886 67481 36747 64393 15460 2352 24575 4192 40204 20250 33203 37367 46581 64056 65045 5245 75451 27695 74710 19405 27240 72049 2054 514 15450 42153 72482 8912 67043 21304 74627 22565 6981 26718 55395 38077 59009 20359 66222 34133 1819 34402 73627 21470 53828 16533 18416 43535 15780 70509 51515 37324 6605 56052 3380 24281 37075 1407 7667 45533 43780 27286 62641 62751 22453 25873 43255 51345 66327 38530 70934 35890 57026 17680 60114 68521 49933 71604 53830 1882 60354 50418 30833 1059 
