// periodic
// number of jobs
1
// pi
30
// Cycle
100
// aperiodic
// number of jobs
11000
// pi
125 28 71 15 16 57 30 41 34 10 24 17 67 108 119 65 6 68 9 93 22 24 86 44 92 38 18 9 129 116 73 62 50 40 135 96 17 31 131 78 138 119 58 66 113 2 75 131 9 74 3 41 39 15 137 112 136 67 120 89 5 47 7 7 132 63 40 8 32 45 95 73 46 20 19 57 77 102 88 7 33 131 106 71 33 22 77 126 26 78 92 63 134 25 21 64 20 50 44 63 79 96 133 126 127 10 1 38 113 127 119 122 45 101 108 40 121 102 29 112 72 44 133 86 7 33 16 89 108 61 66 38 13 21 32 95 66 71 76 68 30 54 85 92 99 27 31 17 135 40 19 99 77 25 137 120 13 90 66 88 7 123 109 44 46 15 96 135 14 25 90 8 45 109 90 81 26 98 13 132 125 3 125 77 4 41 132 89 137 23 9 54 92 8 70 23 115 22 16 109 37 112 87 43 114 107 41 17 96 14 135 103 113 93 83 130 122 90 114 106 46 103 12 15 34 131 36 44 133 85 3 127 17 55 96 101 53 106 83 122 33 5 127 114 134 132 130 116 103 119 56 94 52 100 131 139 122 135 69 38 133 55 93 73 115 115 31 88 67 105 59 117 126 71 29 116 118 96 137 135 101 6 115 49 103 139 35 111 84 1 80 35 108 90 36 63 53 76 33 45 68 88 73 77 31 109 50 62 74 45 71 32 88 121 6 93 122 6 15 7 13 105 23 126 115 106 133 96 37 108 75 14 3 92 138 134 34 78 49 60 22 18 109 41 91 136 92 51 39 100 8 3 139 18 69 109 60 108 32 45 85 104 49 94 92 95 78 2 69 11 103 36 61 74 93 99 134 99 111 8 28 16 38 41 96 40 113 19 69 62 122 95 121 33 8 32 37 48 123 50 83 108 37 139 43 14 90 1 117 123 104 15 128 11 138 7 75 91 91 99 19 130 12 87 13 13 71 44 121 8 50 23 44 95 84 65 4 94 130 34 7 8 136 20 20 133 24 56 35 38 103 105 25 114 126 1 50 133 88 40 15 36 61 1 104 101 39 115 6 3 115 136 20 111 102 78 59 2 109 121 6 10 136 129 68 42 78 31 12 113 40 56 83 30 130 43 94 96 23 75 38 17 87 40 61 99 131 61 102 74 18 72 49 68 38 43 66 120 65 44 123 88 119 106 25 138 89 131 120 41 33 80 93 46 109 123 69 105 110 133 65 72 79 91 128 135 39 103 99 104 128 94 136 39 28 123 16 34 120 63 6 46 8 139 49 56 89 80 14 40 16 84 68 124 53 26 70 121 15 65 113 129 42 68 48 37 57 9 12 81 48 47 20 83 20 103 35 82 98 130 38 119 78 26 4 20 56 54 38 115 26 1 76 31 114 16 114 59 124 24 71 110 129 138 25 110 9 51 93 91 136 7 135 7 131 74 6 120 26 106 28 128 20 16 6 103 108 108 125 131 49 62 53 115 41 102 95 98 52 16 107 99 2 27 139 110 97 108 88 124 56 76 85 21 45 21 108 43 43 116 92 132 96 73 68 137 75 73 98 92 84 115 122 9 35 45 121 134 50 54 16 38 71 117 34 47 120 94 120 104 69 64 123 75 91 25 10 46 52 85 67 102 101 9 107 20 41 69 16 48 65 92 51 18 90 25 107 1 67 34 14 35 102 28 41 38 2 66 87 128 86 16 94 98 103 23 35 121 57 44 116 110 118 40 133 87 100 47 123 114 94 89 25 32 22 93 38 49 99 56 96 7 71 25 106 133 17 96 132 120 62 79 78 13 76 16 17 76 120 73 6 114 31 36 2 39 138 119 21 57 121 46 56 78 45 119 25 102 131 19 109 19 24 52 26 126 115 132 87 99 38 31 124 1 10 119 4 30 113 137 1 70 122 56 117 74 15 8 44 70 118 96 86 72 28 91 75 56 137 28 58 90 128 23 126 139 36 37 126 62 21 110 106 35 68 133 80 78 95 17 65 41 31 118 121 59 34 76 10 41 115 127 74 90 100 135 95 67 80 39 15 123 84 105 9 115 63 115 46 31 74 67 45 14 106 66 100 115 19 32 113 58 116 121 11 122 89 58 117 101 130 103 91 134 97 3 111 2 106 24 71 69 139 110 86 114 115 37 13 136 124 75 93 116 27 106 59 42 8 32 28 80 129 129 28 107 114 92 114 40 36 101 72 38 124 30 17 55 124 28 39 106 32 86 27 33 126 69 136 87 18 51 45 99 77 125 35 16 74 137 36 114 89 118 118 80 84 120 138 70 61 118 7 60 24 91 135 79 87 100 41 77 112 35 87 107 137 83 20 118 83 97 102 138 65 116 14 125 107 133 91 112 23 135 3 84 101 83 128 62 100 98 67 106 34 34 117 131 23 59 53 120 107 19 129 130 49 94 104 110 67 7 86 66 17 12 85 135 36 38 36 24 50 21 38 75 21 91 41 15 34 41 129 55 2 36 125 55 88 20 26 58 67 138 67 133 67 65 89 88 134 69 71 116 8 46 42 106 26 138 41 12 120 104 29 109 44 82 6 37 136 110 41 128 59 12 75 71 118 132 129 111 135 117 59 109 96 73 41 30 49 38 128 100 70 56 46 74 50 57 17 41 87 40 82 47 8 101 89 138 115 28 31 136 121 109 72 27 99 120 125 22 137 9 132 23 9 110 75 112 35 43 10 103 100 135 99 21 91 38 31 106 105 38 126 76 117 85 15 129 70 20 102 97 25 80 99 72 131 79 49 106 109 100 77 102 76 88 54 77 126 28 10 96 83 64 88 119 124 32 38 21 75 1 138 119 130 130 41 17 10 40 123 27 108 66 82 119 98 65 6 76 30 101 86 107 78 8 68 62 5 97 2 85 56 96 5 51 111 18 11 34 41 109 129 36 41 72 108 104 111 122 41 52 32 113 91 48 88 61 122 121 100 83 63 129 8 114 5 117 56 138 1 22 114 96 23 97 103 112 83 83 124 85 126 101 41 21 99 26 77 75 3 42 47 39 47 83 2 47 37 137 90 2 116 67 87 19 25 125 109 53 73 54 45 52 92 67 78 48 81 83 33 57 89 70 135 34 106 7 37 77 31 86 34 35 1 64 107 32 71 68 8 81 85 116 137 109 133 24 28 42 7 17 55 78 23 35 68 43 1 102 100 86 126 87 53 2 36 38 51 69 46 132 21 75 77 46 10 102 14 58 129 33 60 74 123 24 42 87 121 53 111 87 102 24 88 45 84 107 120 25 89 96 110 127 8 52 69 115 40 32 132 5 58 56 28 103 95 103 132 113 87 20 69 10 40 105 21 25 1 30 89 38 84 20 80 87 62 119 110 59 59 79 75 59 37 14 79 21 95 124 43 18 24 19 113 125 52 17 80 52 46 39 85 83 23 66 66 20 8 91 69 138 9 77 111 102 118 131 119 50 28 119 115 13 71 20 65 84 38 41 94 25 96 36 114 7 49 34 99 88 78 10 25 1 135 65 12 35 106 38 88 35 12 19 32 15 104 107 78 102 139 81 124 44 89 45 16 38 24 94 132 46 113 39 67 40 94 42 125 68 53 72 113 108 101 125 60 126 109 129 32 40 127 56 25 20 135 94 84 76 105 103 75 41 133 64 82 129 73 134 35 15 53 64 92 79 42 74 110 101 111 51 42 117 81 80 1 26 20 51 62 78 42 30 22 47 86 8 127 59 42 48 101 84 78 73 94 130 86 100 16 122 57 35 73 113 126 92 93 110 91 105 94 48 99 75 49 53 62 29 79 70 48 137 21 55 87 27 53 43 66 107 113 6 61 39 50 37 20 62 120 129 59 10 66 21 120 42 58 5 54 39 12 34 131 4 90 136 113 100 81 124 11 80 107 128 16 118 20 114 114 59 63 23 55 78 121 135 95 135 104 106 59 60 113 64 59 97 6 79 62 76 59 114 76 71 97 124 49 53 35 47 89 45 23 102 58 124 50 7 115 102 72 105 116 2 127 59 64 103 25 14 11 129 110 53 67 116 96 83 84 54 6 91 106 48 27 101 95 116 59 39 12 49 39 55 11 63 40 111 138 1 121 54 130 108 79 108 52 121 64 20 16 5 52 16 92 68 43 103 22 15 2 44 25 5 120 84 51 62 74 76 93 91 137 26 29 39 43 36 109 58 89 63 62 107 64 2 22 109 134 118 118 10 136 95 91 31 5 23 84 132 113 71 109 78 129 77 80 53 48 104 124 51 48 44 106 86 103 137 90 60 100 10 113 68 99 86 89 59 43 87 18 21 75 92 116 17 28 78 95 117 78 43 26 92 86 122 3 138 76 108 78 38 102 122 92 18 123 72 26 104 1 122 53 26 92 34 39 11 10 52 97 137 138 6 138 10 58 133 137 124 59 15 127 39 96 46 84 117 109 132 46 69 23 18 43 42 65 73 81 24 12 27 100 45 69 101 92 84 113 3 133 138 76 133 123 90 9 82 83 115 84 49 73 113 131 93 69 116 89 51 113 27 7 33 113 108 109 80 129 98 32 131 37 132 62 96 112 10 97 25 72 51 46 115 37 103 16 66 78 9 25 100 83 3 21 53 64 93 27 134 96 8 107 7 103 94 75 54 15 66 48 117 42 13 103 80 46 24 26 40 1 74 32 81 106 86 131 5 26 122 83 32 25 27 41 51 15 136 132 69 129 56 65 138 85 8 51 29 80 31 50 8 103 68 21 66 137 61 41 90 47 124 41 92 78 98 123 81 67 11 4 34 107 29 76 97 123 100 36 2 132 77 45 60 14 18 138 6 90 70 113 92 98 18 2 138 36 8 3 117 7 3 112 13 56 123 21 2 24 79 68 6 4 132 7 69 40 99 32 99 111 75 120 95 1 6 97 74 86 32 7 103 92 96 118 15 65 134 58 123 116 82 11 1 130 85 14 1 59 127 102 70 99 20 78 71 50 105 117 135 104 37 13 115 18 86 47 65 87 139 100 80 31 15 69 91 71 5 51 54 114 137 90 40 47 88 70 10 63 98 117 24 35 137 130 22 46 53 47 30 138 107 10 82 103 60 101 66 119 2 100 44 4 10 45 12 62 72 8 129 24 77 49 61 5 104 3 91 127 64 116 57 2 108 120 24 133 32 80 23 37 54 115 85 36 24 32 124 52 139 51 94 72 64 64 111 125 109 72 75 132 81 112 31 137 9 128 75 126 28 130 88 4 97 60 28 77 37 100 109 136 86 92 134 134 97 115 52 35 128 4 88 83 72 107 81 39 28 85 131 45 79 121 58 135 129 89 50 85 54 90 65 2 128 138 84 113 114 114 118 132 50 27 68 76 125 131 87 139 80 39 120 40 27 49 21 67 133 41 83 14 78 129 70 52 10 103 118 120 136 108 94 78 76 60 66 87 111 132 97 35 92 127 103 113 132 61 38 9 122 19 95 89 69 16 139 73 117 113 128 127 61 66 16 59 121 127 14 15 114 89 109 19 114 3 122 72 19 47 120 30 84 78 96 95 50 60 82 88 128 12 86 69 5 105 121 33 66 41 109 18 27 24 135 16 41 135 15 29 82 54 121 62 15 72 120 110 37 64 88 20 72 74 138 44 53 87 126 2 127 114 138 92 56 71 32 3 2 88 4 99 108 58 112 15 64 73 4 124 111 76 111 38 41 65 52 45 106 15 2 126 118 114 24 27 63 2 129 33 108 99 73 47 4 69 107 93 67 107 126 111 27 96 110 119 34 100 14 12 20 91 18 27 138 4 56 60 127 128 20 5 21 43 86 52 106 138 95 59 83 6 72 64 96 34 101 28 8 26 29 49 47 11 106 29 32 103 90 129 11 105 13 121 100 9 132 124 62 130 139 78 48 88 129 98 83 41 125 120 123 110 41 10 42 22 68 139 80 64 134 51 52 78 67 134 68 103 117 91 133 86 136 97 13 124 30 104 48 62 38 36 49 83 11 66 26 97 15 51 28 71 32 75 46 131 52 110 30 31 111 75 42 125 102 136 133 89 78 109 12 102 20 24 59 54 19 16 35 96 129 102 68 12 12 35 109 79 6 127 29 112 97 124 26 126 92 115 87 16 60 88 129 93 60 30 87 29 110 80 56 94 79 130 34 13 131 111 78 49 61 6 38 101 119 37 95 78 96 115 8 96 53 40 74 122 84 134 56 138 67 39 123 115 70 86 110 37 79 133 18 21 5 32 60 15 129 97 13 10 95 74 31 122 107 45 130 103 33 5 93 45 6 131 14 16 82 42 25 55 73 73 6 3 33 8 11 60 112 60 107 19 112 56 32 66 109 56 80 43 65 121 119 71 7 52 73 91 17 82 41 99 45 44 130 56 128 29 46 94 48 50 110 94 109 78 129 131 75 103 134 106 116 40 42 4 115 32 48 94 39 76 121 25 130 134 9 115 72 134 23 80 127 124 50 75 118 59 46 89 31 104 127 103 138 100 67 137 80 48 117 127 54 12 102 10 82 46 20 133 16 136 65 26 109 20 63 96 56 69 82 25 120 102 130 111 101 63 73 122 133 10 103 96 14 25 102 96 82 105 39 103 101 112 85 33 61 96 61 98 89 71 17 125 35 18 107 118 124 83 9 81 5 129 118 54 102 60 100 121 114 19 79 34 85 62 53 123 20 62 82 60 11 74 29 125 111 10 6 125 24 75 19 22 58 104 42 66 26 118 33 71 130 120 37 134 126 40 41 110 17 43 126 77 96 59 74 126 60 77 113 33 101 109 135 42 41 110 87 113 49 17 106 59 83 117 101 13 116 128 115 122 83 112 90 41 139 132 114 119 38 44 98 14 20 133 63 132 42 130 29 73 88 133 101 43 4 109 77 87 95 51 78 24 39 104 95 139 124 80 16 109 78 119 107 96 69 67 20 4 77 29 122 17 80 50 53 19 35 78 40 82 138 123 26 115 7 102 18 6 93 114 60 59 134 70 57 85 43 67 19 76 74 97 77 66 63 104 56 127 88 107 133 19 137 88 30 42 56 48 123 56 2 104 56 92 16 131 53 115 21 65 119 107 101 131 35 121 43 22 83 91 86 132 12 136 67 55 30 88 33 17 70 44 121 75 49 56 132 38 31 130 114 90 117 117 30 33 90 35 3 105 82 30 110 129 114 33 24 113 107 28 31 64 35 7 64 50 124 114 12 53 8 109 131 105 23 46 44 66 38 46 47 121 19 28 8 40 103 86 56 109 123 61 2 67 30 137 8 89 124 70 72 58 80 73 89 116 139 51 34 17 49 9 44 137 72 47 64 133 5 125 77 86 130 134 102 14 47 78 74 72 53 14 19 68 45 73 133 8 84 25 66 128 117 94 106 30 137 33 121 98 123 52 89 75 55 40 79 43 13 14 100 117 5 54 120 123 124 128 79 134 131 89 45 139 119 5 51 61 27 131 8 10 29 86 108 94 23 97 6 127 124 100 129 9 14 123 6 91 24 112 68 40 86 99 87 94 59 81 70 43 77 119 38 1 29 117 107 100 97 14 92 21 58 128 110 110 59 90 75 20 5 96 111 67 106 58 45 9 90 89 26 72 23 98 8 23 67 3 20 130 45 81 3 80 133 59 97 44 67 39 29 121 1 66 123 45 104 62 93 74 65 131 60 20 9 13 55 70 26 121 122 68 50 28 65 100 80 18 135 4 5 16 57 28 96 72 97 22 68 120 113 61 27 30 9 73 60 65 83 126 115 72 123 45 109 104 117 19 138 49 1 32 56 126 39 49 66 46 72 36 79 68 65 41 128 5 76 16 58 50 112 97 127 57 6 104 139 69 46 54 65 110 104 78 72 75 21 64 2 126 108 136 39 33 40 40 130 109 29 124 82 129 38 73 7 67 8 76 11 61 138 1 127 75 20 50 134 61 67 76 13 31 133 131 128 91 127 46 78 76 67 138 109 64 109 71 88 138 30 12 97 14 38 71 135 113 119 135 31 25 102 85 107 30 88 29 73 75 109 57 92 111 90 50 44 10 34 8 123 71 19 38 74 15 77 57 62 40 52 106 53 15 56 41 95 114 26 22 56 110 50 21 46 42 85 77 13 24 96 119 71 56 41 116 74 72 78 128 29 66 73 98 18 61 81 44 44 107 10 24 82 91 43 2 66 13 124 118 90 49 115 52 65 113 89 17 12 84 139 50 5 69 73 9 6 23 125 33 50 112 62 108 11 109 84 108 83 106 126 86 127 70 36 125 59 103 13 28 126 27 9 78 99 60 118 66 92 103 48 108 90 123 105 54 97 18 53 105 37 125 56 31 100 103 112 114 32 29 108 60 118 73 87 17 77 44 2 126 44 34 26 97 92 47 26 10 67 132 130 44 84 83 126 125 135 130 132 103 115 14 111 115 126 108 26 30 81 83 3 2 38 118 18 62 39 122 99 97 62 25 67 12 90 95 72 108 32 132 99 85 66 106 35 54 1 61 81 62 134 27 41 129 133 18 27 99 16 77 6 44 13 34 131 53 45 34 33 139 42 117 47 129 11 60 137 104 72 62 86 103 19 28 135 79 25 113 101 42 81 70 91 61 16 67 48 49 17 107 5 133 106 40 92 134 11 123 20 51 118 136 83 129 56 66 111 58 102 125 90 35 78 114 128 66 99 88 113 84 116 4 27 94 37 16 3 82 33 68 13 32 102 18 21 109 131 95 22 54 94 7 7 73 72 128 19 103 61 70 114 1 30 135 132 24 21 123 80 32 72 94 64 103 63 128 47 75 104 134 61 136 7 101 114 105 66 10 95 95 25 107 96 65 115 73 26 128 57 69 35 71 55 38 33 5 4 32 54 113 7 54 12 13 67 79 119 98 32 103 36 93 76 136 106 59 138 122 11 4 96 57 96 99 92 15 119 47 26 26 64 40 86 5 4 74 126 69 38 104 24 45 87 125 37 50 2 89 114 8 63 138 6 112 79 33 31 15 117 95 76 52 84 57 121 118 81 100 129 138 117 100 18 125 121 69 18 129 10 114 121 98 31 63 107 15 132 27 102 79 109 25 114 2 92 127 95 77 62 115 136 133 78 99 126 100 82 89 136 57 112 53 72 36 52 9 66 44 88 44 44 116 69 106 31 59 111 103 38 111 82 81 78 125 6 98 10 49 39 56 24 36 103 5 28 131 64 104 70 14 114 103 128 131 9 7 79 21 9 64 57 90 67 134 12 44 69 116 116 41 59 24 45 80 23 69 26 26 30 136 98 136 16 61 58 44 66 104 118 22 70 110 47 54 107 123 59 27 25 72 55 111 6 72 4 19 10 31 129 95 64 51 136 127 106 4 107 97 4 24 38 28 26 86 8 87 56 132 14 10 31 114 50 4 103 61 8 128 92 117 58 112 119 95 78 86 24 27 14 6 112 107 125 60 113 128 22 47 40 85 114 118 111 138 135 129 93 85 44 97 123 87 81 4 1 80 96 96 101 126 37 75 32 116 33 135 76 129 50 22 95 32 93 75 16 14 111 56 134 99 6 98 86 70 116 123 122 15 89 107 15 87 29 71 78 135 2 6 7 97 14 37 69 74 25 2 30 128 139 121 80 1 97 65 103 24 40 135 73 79 131 57 110 52 60 96 131 114 114 70 109 133 125 88 129 28 36 33 22 79 13 109 86 22 64 28 136 90 103 17 79 2 111 17 80 118 119 62 18 101 99 69 52 79 71 14 82 139 38 1 132 128 121 106 96 55 99 12 44 80 39 88 123 3 84 30 87 77 84 90 58 79 76 58 25 42 113 5 109 59 85 80 67 66 101 67 121 69 124 84 2 80 135 38 13 23 56 44 58 38 33 24 59 97 20 72 128 36 73 43 39 97 133 5 91 102 108 102 6 109 119 49 104 121 57 96 18 82 80 127 95 27 3 14 72 66 123 99 125 16 50 90 100 114 100 77 70 11 61 84 105 29 42 134 62 106 78 103 21 17 74 122 68 112 138 22 17 126 30 113 89 85 79 11 2 18 26 108 25 133 109 99 73 90 47 109 46 2 126 30 26 123 31 31 139 90 20 109 43 60 52 75 139 58 20 3 5 65 18 24 116 118 110 111 58 128 33 132 130 17 105 9 74 23 1 16 69 84 54 49 68 19 29 131 42 78 61 12 139 122 37 28 30 134 44 116 138 92 97 108 8 107 135 41 107 135 56 34 122 6 28 70 118 106 89 4 57 70 41 122 17 134 64 17 108 123 17 125 137 87 60 38 28 111 14 36 120 46 18 112 103 95 76 86 69 49 113 48 131 59 123 34 16 97 53 111 13 38 98 47 82 38 87 108 4 27 115 10 30 77 26 101 86 40 63 83 33 111 62 96 131 99 63 3 21 121 64 73 32 6 45 38 11 137 121 99 99 40 116 32 91 92 22 111 59 19 133 15 73 31 43 19 44 85 100 87 55 49 98 125 43 112 138 53 52 115 21 79 76 82 125 6 9 9 116 53 104 11 100 124 125 26 110 20 106 85 113 24 89 51 46 78 124 31 53 123 7 46 98 68 127 52 23 138 61 99 75 62 129 52 41 46 20 68 30 57 57 66 19 48 15 34 45 9 40 8 40 1 29 95 126 38 65 66 54 115 90 2 109 62 91 48 5 80 65 18 139 35 68 116 84 3 88 112 8 103 90 20 86 76 89 16 78 47 77 20 114 71 19 83 33 71 137 26 111 40 113 111 66 100 135 46 10 84 95 103 48 38 85 64 73 89 95 118 133 94 35 24 58 63 136 108 41 99 103 25 57 113 108 120 78 22 109 104 100 8 40 132 88 3 58 1 137 51 95 11 89 101 61 137 42 120 12 115 129 16 115 72 2 101 35 21 38 14 75 95 36 111 99 51 51 8 95 42 118 114 130 61 105 92 70 30 2 69 133 96 63 116 86 108 69 102 29 40 78 104 78 92 49 138 136 136 99 89 43 96 126 20 75 125 130 30 82 9 41 100 7 11 126 16 134 10 36 78 128 57 99 35 47 8 134 121 126 46 95 37 77 23 54 12 4 74 122 17 108 130 97 33 12 3 50 46 63 70 42 29 129 82 62 39 57 107 131 16 8 121 96 36 76 33 50 10 130 85 40 137 45 6 108 103 90 136 36 28 1 39 107 95 19 58 134 137 70 51 92 54 57 106 138 126 132 9 116 16 92 39 110 135 105 124 24 10 80 2 18 105 48 23 113 129 10 109 42 63 102 25 78 99 14 61 97 126 70 72 86 50 42 66 120 131 96 10 5 89 128 100 73 30 55 105 31 121 2 85 64 5 3 31 97 130 118 88 14 119 58 44 114 43 103 52 65 55 59 98 121 68 131 117 75 87 129 94 89 115 56 136 17 10 49 13 75 138 136 63 62 96 42 103 77 116 126 132 104 113 38 35 39 58 12 1 118 137 85 134 42 42 58 84 49 123 117 25 94 24 20 30 76 89 47 25 127 2 63 98 96 95 43 102 104 37 94 1 53 6 131 2 63 131 129 92 62 30 139 61 103 118 131 67 28 14 135 39 85 38 35 54 64 61 125 50 48 79 42 36 67 84 62 121 118 7 121 54 20 27 93 24 23 112 36 45 118 118 56 105 52 67 130 89 10 64 52 104 112 20 117 64 95 96 13 1 76 14 38 81 9 44 54 14 7 84 80 22 48 1 113 132 96 77 4 126 129 56 110 64 55 110 139 24 30 53 107 83 84 99 24 6 59 6 98 87 47 82 19 93 91 25 116 11 139 6 102 68 131 23 34 52 89 41 128 50 116 36 137 101 28 112 52 80 32 116 6 81 21 50 109 63 130 43 38 45 22 69 127 32 49 40 21 115 19 12 63 70 97 133 37 46 38 20 102 138 124 75 120 29 40 113 2 40 6 42 97 33 72 100 109 79 65 85 20 88 88 123 105 70 92 61 123 69 71 28 130 116 20 100 49 46 27 62 52 39 6 7 133 109 2 108 106 60 18 21 36 124 62 38 109 72 109 129 138 38 79 32 60 13 80 57 136 59 11 71 120 128 102 61 72 84 139 129 117 14 25 86 3 3 113 44 111 25 90 106 84 121 134 14 35 86 94 130 34 4 109 39 38 103 28 7 136 17 31 50 4 37 74 105 57 52 85 61 135 118 62 125 30 102 76 72 133 77 138 30 83 71 94 125 27 125 37 119 52 62 91 24 132 43 19 60 25 139 110 114 49 47 73 5 130 7 125 71 32 23 130 57 103 66 92 94 20 10 53 88 80 138 40 128 79 77 83 82 92 104 24 47 80 42 102 32 67 129 9 68 38 38 79 132 115 137 71 96 119 28 4 118 6 45 36 2 106 15 62 136 126 58 42 70 66 8 117 50 54 34 104 134 125 25 40 85 13 124 128 15 106 135 92 34 103 57 16 105 90 68 129 5 8 116 13 52 117 125 15 4 112 68 135 119 47 112 129 31 96 14 87 21 3 48 120 113 108 48 2 74 2 60 92 8 128 33 99 126 120 68 20 107 116 93 121 13 59 11 14 89 87 95 88 68 17 52 96 27 73 65 12 127 126 67 88 4 96 112 103 13 108 8 74 63 31 115 107 3 23 59 123 7 71 115 83 16 22 13 101 96 97 63 35 8 115 103 101 48 56 36 78 6 49 68 78 6 51 85 121 4 35 55 54 33 121 51 69 47 9 1 9 58 18 13 68 36 62 100 108 2 48 68 61 79 72 131 101 19 112 81 4 12 8 51 21 13 4 45 117 108 20 116 80 112 32 109 33 33 3 29 5 18 1 54 44 25 60 40 97 39 102 13 48 36 109 37 113 99 97 124 20 78 121 41 138 121 79 112 34 59 50 135 13 36 84 39 65 126 42 101 138 91 57 30 15 11 25 91 83 6 78 124 90 89 20 29 65 50 20 50 91 94 70 107 48 43 107 139 92 11 5 112 9 96 131 22 4 53 34 18 121 98 10 137 99 18 74 11 1 125 6 69 70 11 128 3 41 113 49 53 116 16 46 7 112 38 88 47 102 79 109 28 30 79 62 34 122 86 39 94 13 77 8 12 18 11 100 25 125 93 52 91 75 70 122 22 124 76 121 66 131 90 20 134 32 110 48 102 109 119 55 18 83 7 38 69 16 66 30 70 33 100 59 3 34 39 92 103 73 87 20 6 100 104 80 89 42 19 52 134 48 47 25 96 25 119 68 95 62 98 72 38 47 16 107 91 22 9 130 1 124 132 42 101 113 40 21 61 115 47 19 139 108 124 127 66 13 88 34 95 125 18 21 37 2 17 139 136 57 34 131 84 53 91 124 81 97 115 17 25 49 55 45 32 52 78 39 37 59 27 21 1 115 5 114 52 130 125 86 96 56 85 107 136 96 46 100 52 106 132 21 101 77 84 3 122 77 130 100 94 91 24 82 81 37 45 67 50 66 119 38 103 32 44 102 48 107 82 114 133 106 95 40 18 44 110 31 106 23 136 18 110 62 20 2 50 74 2 21 26 64 95 113 122 121 99 128 123 98 31 105 13 46 43 69 120 26 135 61 111 39 36 136 60 61 99 3 109 11 26 43 28 6 128 77 120 82 92 85 34 20 85 27 130 21 25 115 108 12 101 41 26 128 40 61 110 126 59 20 57 62 32 31 15 22 114 53 105 8 92 49 24 10 62 49 31 5 42 85 9 27 112 48 93 105 40 103 119 88 63 21 34 123 136 37 34 127 71 101 102 101 115 2 12 34 29 78 18 56 56 133 79 43 68 102 31 89 44 118 75 73 81 22 66 24 126 46 58 21 9 100 55 63 37 98 115 133 51 77 15 106 39 100 93 135 67 18 107 112 123 130 117 20 38 14 77 77 31 8 112 111 3 62 12 57 32 126 73 79 90 77 91 105 4 61 42 64 27 36 10 92 99 76 61 105 30 55 30 69 136 91 7 119 138 40 51 83 1 115 103 6 95 62 22 111 61 84 86 77 87 38 129 10 63 19 131 1 104 35 120 4 69 49 131 135 89 54 66 94 132 19 139 48 130 15 135 117 84 54 128 119 121 41 56 34 2 55 100 40 124 93 105 127 50 69 57 6 113 20 40 33 37 137 122 74 94 106 107 95 31 5 107 94 61 25 44 31 129 113 3 27 92 65 85 30 129 115 81 16 12 19 90 46 26 14 68 24 14 77 82 17 27 28 19 14 63 130 104 89 104 82 29 21 69 114 102 108 59 68 126 130 61 13 47 107 50 127 69 132 42 37 117 114 113 112 44 75 78 100 50 60 25 49 90 67 66 138 139 123 92 114 58 132 7 138 121 11 90 50 110 139 108 108 62 66 79 31 41 39 35 66 127 62 88 28 63 64 42 15 37 58 89 11 63 41 125 99 132 4 13 108 90 15 35 129 107 103 18 71 73 97 62 88 76 45 67 73 98 100 125 132 131 12 80 120 37 108 76 49 4 35 20 40 115 70 48 38 74 123 23 80 52 80 71 56 117 110 137 95 69 105 46 73 16 11 116 121 103 33 121 129 7 67 107 129 88 9 56 47 58 16 53 92 39 120 23 3 9 100 108 41 97 81 121 18 1 117 28 59 84 118 22 7 94 89 68 40 42 98 57 55 18 49 2 137 138 122 122 38 114 62 34 107 93 102 29 29 128 110 83 19 94 117 65 138 45 107 81 80 20 49 75 4 135 65 22 126 112 94 66 120 10 78 49 15 89 39 138 37 122 93 33 54 98 20 78 127 30 87 68 108 25 106 78 34 86 113 1 75 19 108 122 72 25 84 45 100 45 128 81 44 9 133 64 111 6 131 65 102 105 22 65 134 90 57 75 136 137 82 5 85 22 137 88 134 67 42 80 76 92 76 125 80 20 130 91 82 134 55 75 40 37 137 21 42 28 82 130 74 32 29 50 41 37 57 111 2 45 100 131 68 71 57 38 116 20 16 31 26 52 41 19 113 122 61 98 61 45 58 122 5 109 115 127 46 98 3 138 119 89 107 15 112 50 13 126 74 59 76 54 80 21 20 18 97 111 130 124 67 46 100 127 71 112 113 133 84 56 48 129 96 76 99 135 94 76 62 50 119 7 118 85 43 41 74 81 112 24 105 3 29 122 90 3 84 103 81 137 111 63 32 125 103 98 38 33 131 127 104 48 115 102 63 34 123 135 89 85 27 68 19 23 39 116 20 122 59 37 137 107 43 60 94 48 65 28 99 89 35 39 64 80 19 47 87 10 6 10 105 8 43 131 80 24 23 8 133 93 81 78 97 116 98 5 53 53 104 49 112 137 33 51 23 135 22 87 60 97 99 86 9 139 31 29 13 31 75 28 80 11 78 118 27 50 131 104 65 93 134 87 44 79 8 101 35 76 31 8 96 48 68 125 94 62 28 130 86 5 13 11 128 19 77 124 37 57 46 128 75 18 50 6 108 8 68 47 42 125 68 12 100 94 53 32 19 82 23 101 125 35 35 45 139 8 135 50 76 36 74 84 5 109 29 46 16 62 83 29 111 11 96 8 120 55 101 121 4 9 134 68 115 86 107 54 87 13 8 47 16 26 14 101 105 100 123 79 118 21 114 23 10 92 67 17 21 7 17 3 73 36 27 96 77 48 110 53 138 123 4 99 73 85 42 91 79 34 57 68 34 20 34 97 113 66 6 134 38 72 89 109 110 81 135 58 96 18 35 93 26 15 45 6 85 1 15 133 41 111 34 83 30 110 19 61 62 104 23 87 49 48 59 112 106 138 3 66 48 29 24 56 124 69 87 89 13 56 104 58 102 118 92 86 107 56 69 130 96 59 92 62 6 77 47 69 114 72 107 62 67 120 33 60 72 70 87 113 77 7 102 48 75 45 32 93 113 39 137 121 72 62 119 39 30 125 70 67 61 37 59 13 28 110 105 28 116 62 37 76 130 2 125 105 89 42 64 5 46 49 116 39 34 35 108 81 61 67 14 6 89 27 108 58 82 38 109 136 62 133 79 53 5 24 54 115 79 27 79 64 89 29 6 4 127 46 117 101 46 115 134 138 71 43 48 62 51 4 119 63 13 8 7 26 96 34 26 57 8 7 80 125 138 16 131 128 107 106 118 87 84 116 62 6 135 42 33 95 77 12 88 57 51 137 112 49 132 56 16 10 46 1 56 25 98 21 34 8 76 111 138 85 107 42 110 14 109 39 124 129 83 117 99 38 2 49 82 21 61 69 68 74 18 34 95 62 123 37 89 41 90 132 3 23 24 112 14 60 138 92 33 58 118 137 90 136 88 2 77 98 96 87 64 9 12 11 108 30 54 49 20 122 2 7 108 23 59 16 128 65 69 42 104 6 104 25 56 97 85 14 77 103 128 12 36 18 51 3 101 26 49 54 131 71 44 77 52 4 72 119 63 61 60 87 13 52 26 68 100 114 38 57 62 31 128 124 16 112 66 102 66 119 5 124 69 135 123 10 51 104 49 46 85 47 69 88 50 91 114 35 1 90 24 85 8 49 129 106 8 136 132 14 127 111 63 35 51 10 11 34 64 2 29 62 92 37 100 41 60 84 120 45 27 12 86 71 116 82 81 7 84 105 98 46 29 42 51 132 69 101 84 71 68 121 60 47 125 118 27 135 95 23 114 4 105 54 96 139 109 46 34 46 46 38 129 123 105 47 115 10 33 25 132 133 55 32 123 3 103 97 68 65 20 121 44 138 20 126 61 120 59 113 100 70 27 78 111 92 85 134 82 1 56 131 34 77 127 131 58 10 112 20 79 36 125 33 75 105 61 130 89 74 130 77 124 130 40 33 21 121 73 134 85 127 75 85 87 102 136 11 24 124 41 86 45 42 95 40 60 40 83 132 14 4 79 121 17 82 108 61 14 24 132 45 29 27 70 105 74 77 57 136 60 84 68 82 28 106 40 23 9 106 121 116 119 80 89 91 3 101 118 95 126 71 114 126 121 109 55 83 86 130 25 38 78 97 29 86 113 125 91 21 83 11 28 90 7 66 51 22 85 43 58 106 93 43 19 95 87 110 90 51 18 22 136 8 25 105 73 30 80 50 43 31 30 54 117 68 135 76 94 31 132 37 30 57 72 130 128 95 86 88 84 13 82 136 115 12 102 58 106 119 134 123 127 49 47 26 74 49 65 44 60 30 84 132 125 64 40 11 54 88 98 56 104 65 132 21 107 30 49 49 9 95 130 35 92 126 86 89 47 96 126 82 81 33 111 36 101 103 126 133 36 118 72 32 136 124 7 37 30 35 139 21 75 94 17 103 26 1 72 15 121 50 72 62 96 39 94 20 135 79 69 63 88 108 12 36 46 85 73 68 108 68 69 80 88 66 106 7 122 33 8 106 77 131 134 82 28 134 136 139 115 13 62 97 124 3 2 82 86 8 58 56 31 16 104 8 44 136 39 123 35 79 38 112 53 119 17 33 10 88 87 63 33 57 86 101 80 88 81 95 90 43 95 106 63 128 88 133 67 106 69 76 83 59 115 40 72 107 96 47 35 48 97 10 127 6 1 69 36 53 19 111 19 33 9 93 40 32 120 81 38 49 96 88 35 27 78 96 38 29 56 121 57 22 112 91 47 50 120 115 51 69 121 45 137 30 94 17 7 59 22 4 57 107 1 103 1 107 114 53 40 92 31 17 70 103 134 78 109 117 37 129 40 109 60 90 23 79 83 84 135 94 116 15 62 25 130 129 24 115 98 54 122 42 69 23 84 42 75 73 102 136 136 80 68 118 20 87 137 14 114 44 37 72 47 27 84 102 137 104 55 59 135 21 59 67 49 54 23 134 32 33 38 99 70 97 30 82 40 104 122 129 40 59 83 135 39 78 83 43 29 12 86 85 30 130 75 106 92 28 93 41 4 137 27 133 48 34 29 76 116 72 83 114 88 120 44 30 111 7 65 108 53 85 54 113 117 18 34 31 58 5 91 53 110 103 128 78 103 69 83 91 93 90 129 89 66 16 88 91 59 27 19 126 98 28 78 88 5 17 97 80 102 102 124 34 81 1 51 76 40 93 42 138 49 82 29 109 95 10 93 27 23 138 42 32 53 9 122 4 83 103 127 19 102 26 120 118 2 135 122 41 109 41 84 21 113 15 117 70 82 121 137 37 34 36 117 3 31 87 112 3 20 92 14 86 90 3 64 77 19 135 71 68 86 51 46 107 105 131 114 136 37 77 10 124 1 69 86 124 12 19 34 131 77 28 106 102 59 101 20 18 88 58 24 95 43 75 50 71 23 48 35 25 98 70 95 93 46 68 24 39 75 36 100 118 12 110 114 125 96 83 32 138 130 131 102 23 56 80 121 30 116 91 69 113 28 33 83 74 27 118 75 29 18 26 21 105 28 103 74 130 33 114 120 14 70 131 83 32 48 55 2 137 10 136 69 83 122 52 78 40 57 22 104 80 16 30 82 139 120 81 12 139 97 60 70 58 27 64 13 18 70 77 138 82 15 25 5 102 33 50 96 112 99 109 15 39 137 92 75 129 45 116 7 44 85 106 3 50 15 5 67 26 57 137 110 125 33 131 53 19 66 122 17 45 27 15 95 73 111 110 76 19 89 125 93 42 21 92 50 132 137 13 107 129 57 73 3 76 81 78 92 5 29 4 13 134 86 91 66 101 94 22 108 4 40 7 125 99 21 105 66 5 128 6 123 72 88 57 5 110 134 67 9 17 5 109 17 10 60 89 50 95 19 17 57 59 9 53 120 96 96 50 84 36 35 76 7 119 134 80 85 4 80 81 112 14 88 120 27 3 31 114 127 94 129 108 69 79 93 62 61 14 79 104 62 125 18 92 33 4 42 105 13 122 91 125 78 99 113 14 10 32 1 50 14 92 9 122 118 123 58 28 99 10 68 99 61 2 77 40 88 21 109 4 11 5 124 124 48 7 56 61 139 54 71 66 5 25 108 32 35 37 42 8 5 107 76 6 2 18 139 81 14 104 74 16 131 130 66 48 59 113 108 130 95 79 53 49 32 31 86 77 54 82 109 119 46 81 72 92 88 96 131 12 39 4 139 35 20 39 92 115 55 53 120 58 28 92 116 134 87 18 7 6 93 52 15 78 6 74 125 84 120 124 138 75 76 57 28 10 38 37 48 58 7 75 26 30 33 104 132 30 135 5 35 27 52 102 32 97 94 31 4 131 63 134 108 117 116 13 98 137 10 57 20 39 112 79 107 74 17 23 126 68 19 93 74 114 12 78 86 17 123 36 116 35 116 106 127 27 33 72 136 52 109 110 131 105 14 71 44 31 17 75 122 139 97 115 89 91 117 42 93 27 95 75 126 41 71 58 55 28 15 55 113 56 139 11 129 76 29 21 34 31 139 9 11 52 3 75 35 119 39 9 87 42 9 44 115 42 46 34 108 124 32 106 126 70 38 52 44 81 13 129 86 3 139 30 11 16 138 50 99 53 99 49 38 4 115 11 122 95 136 79 101 80 131 118 100 108 23 24 12 1 79 99 105 38 69 4 28 75 78 98 52 38 40 123 39 82 104 135 101 135 3 97 84 128 92 25 132 88 101 84 6 50 120 11 72 64 113 62 86 119 23 127 93 33 84 12 115 35 109 112 111 137 35 117 22 61 91 46 66 17 100 57 64 116 98 28 5 38 61 13 121 66 80 19 91 136 37 120 33 125 116 12 59 53 3 94 54 52 52 112 107 132 118 103 1 60 80 112 53 54 101 14 79 62 47 76 37 64 6 87 37 137 42 109 136 46 27 59 101 135 136 97 127 74 102 76 84 14 29 48 128 48 134 135 77 78 120 84 8 105 109 78 119 11 134 124 68 76 46 34 103 107 77 137 82 105 118 104 12 116 1 89 53 121 16 124 57 81 38 79 120 15 75 110 137 139 61 115 29 7 77 15 127 112 36 32 2 117 82 117 61 104 4 122 117 92 139 118 37 70 6 63 97 126 56 121 94 98 73 48 33 8 78 88 56 119 77 135 51 100 5 36 130 46 62 42 44 56 64 54 48 101 93 64 135 133 7 79 69 31 33 55 50 83 121 39 58 56 139 38 31 53 102 109 65 39 26 134 57 9 110 5 129 75 139 4 40 62 28 45 49 85 28 90 83 52 59 106 135 28 113 103 64 125 134 7 8 111 72 107 68 102 95 60 39 37 121 10 26 57 73 72 28 80 11 111 110 121 129 39 24 44 33 98 58 62 120 54 112 46 125 7 138 60 125 110 12 122 121 96 48 1 3 79 43 138 119 101 34 87 51 131 104 139 64 90 108 91 90 73 63 61 128 1 32 32 38 74 82 58 4 75 136 50 22 68 78 49 2 79 100 91 57 51 55 43 75 80 28 38 64 23 4 119 1 2 95 68 62 35 15 99 117 25 84 18 104 7 111 120 122 125 136 121 14 87 102 50 14 100 30 16 128 113 3 39 97 125 131 28 35 37 107 42 132 55 51 9 34 100 138 65 86 76 78 131 99 84 4 50 111 109 24 3 14 117 120 49 31 138 112 46 61 25 2 12 1 100 128 36 124 47 22 88 103 126 73 2 123 50 33 114 48 87 100 26 28 98 119 28 99 97 64 69 63 13 78 10 1 138 89 96 117 133 4 67 58 9 12 33 45 94 56 98 67 122 136 109 14 124 44 68 53 51 116 3 80 98 104 106 88 53 110 79 80 83 89 68 23 54 75 124 8 55 18 72 9 49 66 115 112 23 55 69 103 129 58 128 27 11 23 10 3 50 18 19 70 23 9 10 50 80 98 32 80 96 91 6 56 73 26 57 118 131 7 94 56 89 125 131 41 28 126 110 49 69 40 107 127 111 112 75 55 114 94 48 57 64 72 101 105 71 49 13 51 14 67 80 101 36 57 91 86 88 125 51 40 1 70 120 83 46 61 70 77 122 77 38 11 108 57 131 104 56 94 119 87 111 76 92 92 87 118 85 27 108 123 123 17 1 9 100 38 108 3 74 129 112 45 28 112 123 126 85 4 42 31 40 67 36 83 13 98 24 55 71 100 105 86 29 74 116 98 84 80 84 27 116 38 62 136 74 28 73 83 58 63 79 77 38 61 120 62 30 109 49 54 109 10 131 123 81 62 23 78 50 95 8 82 16 77 106 9 34 76 111 44 31 95 115 128 25 61 125 13 96 67 29 94 99 106 114 3 85 106 13 35 90 117 13 23 116 48 52 11 119 139 92 47 40 100 34 53 40 123 41 15 99 18 36 91 124 57 28 124 70 99 105 43 85 59 78 35 59 104 107 5 18 12 58 62 16 82 90 51 114 60 17 75 105 70 97 94 57 45 18 6 99 128 56 56 11 60 87 117 37 25 108 91 94 35 102 37 71 13 6 137 14 53 4 31 111 39 89 83 118 58 119 43 61 47 77 119 3 112 13 117 79 15 33 92 105 65 122 29 124 30 8 25 6 107 29 17 104 44 108 88 116 69 115 78 67 99 105 40 14 13 33 130 23 83 59 81 56 94 52 28 41 99 115 33 32 12 135 132 8 124 38 33 134 23 43 26 93 8 118 94 114 39 88 47 65 136 39 72 96 3 73 18 10 22 23 49 77 70 73 137 127 112 43 120 98 63 53 122 62 53 86 13 85 84 32 47 116 11 139 111 18 139 127 4 65 99 137 7 81 133 139 132 95 1 43 69 84 29 120 117 57 34 24 24 108 50 15 91 47 114 117 55 34 115 96 137 72 81 12 5 9 116 70 89 77 36 77 101 92 2 86 47 110 92 46 56 106 13 20 27 92 69 35 73 96 46 88 28 74 62 56 2 136 134 56 139 23 47 105 47 47 100 134 12 30 84 67 58 17 126 36 112 45 5 52 103 29 139 113 129 137 96 28 98 59 66 101 69 102 120 11 13 56 100 128 57 34 15 35 72 115 11 69 38 123 8 79 64 107 2 39 91 30 65 121 82 15 10 134 59 52 88 113 100 132 81 74 120 125 110 59 78 117 60 136 120 135 126 85 22 112 28 125 124 39 29 9 111 105 119 52 86 49 49 77 108 8 5 21 20 42 136 36 34 83 47 111 105 84 47 81 33 62 12 115 91 97 92 72 23 69 127 10 8 119 74 125 86 101 54 59 50 124 68 132 11 53 47 69 128 118 52 125 133 89 1 67 88 66 21 108 7 48 6 58 21 107 69 46 13 22 131 132 119 53 63 99 21 40 87 50 81 35 97 30 37 88 23 18 81 65 72 121 122 109 105 118 49 17 63 38 51 137 70 51 36 96 98 18 39 75 28 38 92 13 64 46 63 49 117 1 6 53 113 97 40 121 123 54 31 73 35 139 139 120 52 81 16 111 88 62 118 64 104 81 108 104 105 124 87 45 87 12 41 130 92 115 63 31 60 95 10 12 138 14 39 74 97 114 16 120 97 31 73 103 4 5 112 80 104 75 123 2 58 73 43 126 42 129 41 123 47 114 118 68 82 14 109 47 27 23 137 133 57 95 51 83 4 77 83 11 124 23 22 25 125 120 135 45 15 67 1 50 108 43 62 137 137 60 111 88 62 117 91 123 64 20 82 127 114 58 134 109 124 106 78 55 59 111 84 10 46 102 15 103 9 84 130 19 89 61 93 85 72 136 120 49 46 38 32 4 114 122 103 127 87 64 136 14 23 116 123 9 3 139 115 81 121 63 120 102 97 1 96 82 18 25 64 136 135 15 45 23 73 95 18 8 1 102 46 11 36 119 58 38 90 20 98 22 46 132 11 137 44 98 52 132 79 14 125 59 98 114 63 42 38 38 39 66 39 59 30 41 40 47 20 119 130 89 94 28 43 136 125 118 54 60 136 112 110 38 31 41 110 123 9 2 82 131 70 75 39 74 76 84 46 137 55 74 123 92 38 113 53 32 84 8 9 8 82 3 67 30 49 108 89 110 118 6 24 55 31 86 57 122 3 95 89 50 6 125 33 124 100 55 90 128 49 56 120 37 12 31 71 107 78 58 44 130 123 95 65 104 108 32 54 68 104 16 49 100 1 123 77 21 108 99 27 67 58 134 39 75 20 15 30 62 38 40 98 105 41 33 101 98 76 42 119 134 116 11 13 58 76 101 123 109 24 99 92 69 88 102 122 137 54 23 106 16 6 13 42 11 4 60 109 63 129 25 22 65 106 26 138 44 90 129 46 119 45 4 61 104 43 26 80 16 21 79 133 10 93 138 88 52 45 14 47 83 60 123 17 45 53 14 44 131 108 84 125 7 58 111 8 42 97 11 132 96 122 39 51 18 7 58 94 16 41 103 115 62 73 54 128 127 65 67 33 52 34 50 123 121 35 39 8 95 12 121 50 135 43 45 22 136 109 32 83 110 85 125 139 97 120 118 56 58 89 44 56 38 79 96 9 94 72 106 82 68 136 27 75 32 50 80 120 121 95 57 95 100 40 26 100 94 61 65 88 12 19 48 53 20 65 97 136 12 123 126 31 9 99 129 67 127 7 29 78 62 78 127 16 36 35 59 37 91 121 19 4 138 59 42 131 72 1 128 111 117 108 73 37 8 57 14 16 12 59 49 107 71 25 21 40 22 19 123 33 64 3 50 106 97 83 48 3 112 16 102 89 14 93 131 41 68 5 7 110 138 20 122 42 102 78 60 33 28 59 105 106 9 90 75 46 20 31 65 77 99 29 56 62 6 87 62 67 119 20 37 61 48 125 130 7 24 23 95 107 41 35 87 24 45 54 28 60 50 94 99 126 40 116 129 6 117 134 65 28 17 71 132 79 108 101 52 38 84 23 79 80 100 49 106 37 112 13 15 41 39 74 92 71 104 124 73 136 21 51 65 68 44 128 129 68 29 85 62 72 75 114 24 52 61 71 118 23 85 16 85 28 76 83 46 37 112 12 120 39 91 15 93 67 101 15 73 38 11 100 87 8 25 28 13 124 43 107 126 26 47 124 122 78 12 112 66 49 97 94 55 6 123 87 11 86 39 28 82 46 83 5 53 14 53 131 78 89 4 33 9 44 86 48 123 112 64 51 93 23 135 109 92 37 136 95 74 28 82 40 24 92 124 61 130 47 94 52 3 134 46 107 4 85 69 86 97 1 104 135 85 93 77 99 66 48 44 2 2 129 53 99 52 43 21 29 114 104 6 45 101 90 118 22 61 38 64 81 91 77 13 122 90 9 69 50 9 112 136 4 132 12 10 118 128 113 121 39 30 14 85 93 136 64 54 82 33 58 130 38 20 14 7 103 18 4 69 112 112 73 84 139 26 5 78 77 108 34 16 85 109 59 104 111 86 120 87 46 101 94 127 127 130 86 109 10 41 54 64 85 42 51 15 71 28 9 120 106 101 79 41 56 14 2 94 134 40 41 7 30 51 9 116 81 60 67 121 48 24 19 139 59 86 65 50 19 93 3 47 51 114 78 64 129 139 44 20 8 113 131 122 132 26 17 135 74 96 111 114 132 122 118 24 104 24 74 98 59 37 125 46 76 24 137 100 57 50 69 43 9 107 34 127 47 43 94 71 15 35 64 37 6 55 128 93 3 63 29 44 113 126 117 125 14 15 133 81 138 124 137 57 87 125 83 50 134 134 40 139 2 24 65 81 24 9 42 68 80 101 112 72 51 60 27 75 15 103 83 18 131 99 93 134 8 132 55 82 117 119 123 135 101 49 71 95 44 21 49 124 33 79 81 38 87 98 139 120 10 70 98 118 58 100 71 16 44 119 83 85 53 104 11 49 125 103 131 64 73 27 19 91 11 42 94 29 127 88 118 18 85 110 114 1 135 123 15 21 60 118 84 110 6 27 110 122 116 125 2 99 27 3 103 46 45 40 68 49 135 21 12 68 94 5 126 58 20 107 64 14 62 61 81 135 13 76 37 91 39 106 1 104 20 28 102 52 47 
// di
68837 15937 48165 55775 15372 58646 39502 38832 37737 2495 74349 72620 69198 50720 62131 71447 71501 9255 51563 58444 67085 12069 13243 54117 970 53234 48017 76737 29111 19597 38112 68486 76892 25180 68544 7391 49189 46233 57486 21781 34036 20126 9253 75963 72896 50387 74752 45944 51860 7844 11792 7324 11084 60631 29968 35601 68892 61745 74070 31236 63171 4445 50700 21898 46047 34890 34320 9952 49250 59064 61155 39086 27591 67687 62331 22833 4549 22413 59983 41746 10001 9111 34734 19779 50649 73816 42114 43852 3991 44162 58430 54775 58851 54885 16528 71903 65757 64425 49868 50855 76220 10993 18495 9658 75993 26760 9365 31261 67491 18423 19492 43074 24465 62983 52306 30769 64842 21929 26429 19870 60229 64869 17414 62599 15304 12912 64514 68474 52522 45372 36889 35259 32038 4037 20213 53318 17900 54305 69673 34530 76871 74403 19492 17517 42221 64813 70734 27143 47822 27901 13772 31086 21887 23343 50397 52557 33013 41991 60046 56269 19533 42829 40658 75665 52492 45379 22491 68993 76083 23244 17995 63824 37939 74857 28635 57272 56407 6309 19531 66367 46432 20547 49168 27349 1018 13980 15063 58944 38114 68129 66111 14 31297 26241 41553 45555 19753 76674 71343 11635 64200 7034 26134 11759 23612 15901 25584 76345 59947 72557 15729 19895 49360 56595 3920 61957 60081 18093 1646 63067 33660 6837 1724 20559 75232 11736 14891 59956 50910 33099 54055 24700 39647 50632 3374 56407 8782 35819 51102 36811 14632 57390 12052 31551 21020 21814 36231 56424 24832 7891 138 63050 65873 42706 23718 15034 40546 57810 61029 24732 44070 61736 47875 39275 67650 27387 8122 1561 5093 11359 19266 42641 74289 35552 28965 61044 68473 60308 25471 71724 54627 49728 46931 27005 27422 40670 34261 55528 5339 76380 70748 12543 13450 6725 70359 40207 38297 14130 59919 5534 33484 43425 70745 11644 54830 59653 13278 37126 74773 58397 67517 31878 39771 53657 28919 28775 58834 12327 28719 65076 72111 30968 65453 22737 49993 34214 69966 31668 24358 45159 19289 67865 76319 15199 1387 48916 63713 2067 43968 63326 57697 62777 21325 23248 66791 73565 55784 28829 34123 39486 10017 27358 56895 57099 26276 44577 68897 3558 11000 27083 48674 75542 39227 35242 17469 73616 39570 61887 75266 51832 2772 9789 5315 4247 28934 62806 56369 56807 50203 7124 8334 68503 8531 29344 55597 36045 34575 50467 21740 20179 49803 65014 3439 11384 68595 48885 75245 2022 37646 29469 21255 67308 69998 44934 46114 50282 28160 58202 27002 5507 55715 76850 48756 66875 70112 38532 46203 73922 72145 433 56524 37686 58301 12008 61158 69431 49991 61298 69539 30975 39872 12477 49812 74911 63462 5408 24226 37213 52469 58273 19422 47467 26345 25687 57123 15398 2436 64083 1571 679 59617 63037 76258 8821 14324 61408 35429 19003 15036 40255 43451 26610 17083 3809 42077 59748 32698 61912 9464 49421 8137 49941 48567 70992 39812 73665 62646 9366 20244 16815 67047 21572 53175 30588 75894 5620 11390 71108 464 1536 26284 29548 37590 20173 36906 9248 52209 37657 26351 13853 10860 3223 50576 64161 47345 70051 60106 36478 74332 49115 72207 49167 66036 20316 62508 38289 58880 23063 46546 74494 74309 10746 58669 33571 9023 2427 72473 13363 5335 20861 65336 37214 64336 74974 37066 22671 67985 45745 23725 6075 5723 73742 36268 34562 69257 28247 47634 52432 4944 66445 22381 10808 37660 7741 18746 21513 38523 64540 63203 18233 29057 23425 66200 44589 43161 5038 20387 22062 13113 42766 6530 71882 76949 60121 76587 62577 22021 56887 34139 45997 3484 26673 26270 13363 46997 26106 47491 4499 61355 36411 4359 7561 7096 746 11854 31547 54088 12219 40668 29942 57600 27172 5658 72101 20424 46642 46010 36669 58388 47990 44725 40634 1249 34003 50966 67037 73602 71521 17676 8172 36597 35548 13619 16986 60921 20462 1681 6670 26297 1914 68386 22574 24330 35277 62613 42173 687 69470 73357 21978 44556 76171 16676 46322 65764 40790 12801 30662 49784 39270 72911 9927 19139 6898 405 8826 45659 61508 39095 7813 47105 21335 71068 71069 52363 73379 14539 59573 43489 35016 36887 73751 65436 7309 47499 57245 43272 6262 3002 4845 31621 62063 14277 24428 42307 39374 32776 6108 71771 11947 73200 63396 70059 33415 2641 46354 23674 62927 29356 68211 4367 74724 29407 8231 49709 1491 37293 16402 6296 40389 14053 24684 27948 19302 70961 32547 62985 69747 35412 73810 62375 67541 55715 65584 42863 16515 68875 433 54199 18927 76333 59522 51659 11068 47056 27689 48228 17026 60457 43804 24127 74085 57453 30361 17129 64074 57565 50188 52416 24964 30450 28298 46802 28435 29857 13284 55256 39578 39779 50877 43602 28774 37975 837 35949 22659 41263 8625 47178 7953 66975 7311 53712 19170 74930 57473 747 68888 26532 24650 8432 58752 17214 42688 20049 56357 6169 27161 65584 9681 3122 40622 49624 64670 9016 11269 50869 69607 9903 75935 74561 67841 34782 18280 70505 46024 27480 20023 70509 14103 7149 41582 55294 32401 42619 30247 23510 37356 44617 30735 33298 39720 25555 38778 26806 32735 64556 10255 54724 18384 478 48267 30684 42467 1843 449 32914 20963 58215 64574 24264 65770 74467 24565 28993 25154 29947 32789 53865 45927 62163 5511 67142 28093 3411 40096 59272 61205 73516 65140 62864 10765 66363 52122 36998 24244 53049 53512 13593 19390 59762 61813 45862 43050 26364 71326 30498 49635 36144 40091 26265 55113 70814 17101 39240 66382 42767 25189 29046 61337 9165 66207 62543 37210 13853 15576 14587 74987 58915 11666 27753 40922 39101 33436 63649 69393 5287 4650 4642 73851 6518 39304 62905 43161 23588 55642 13766 39563 15232 36625 50262 10560 67440 68902 75138 37261 16807 34545 58643 13676 62702 62083 69359 60705 47438 36126 60452 65124 5361 5883 70093 9091 6668 26500 4801 34289 24296 42095 34720 62178 70894 75934 46571 27553 53366 75447 66133 24473 75036 72296 56689 13164 35983 63803 3746 32696 4136 44764 72486 65692 20887 20906 44146 66188 55465 692 11390 52944 62365 58612 1906 51691 51299 21668 74051 32714 13016 52278 53226 73075 64919 61428 20442 67808 60720 34570 37900 16473 5701 34928 68283 51945 31992 40050 17679 40549 56941 8151 6246 76704 24880 62673 7339 9505 72451 31369 8395 41274 30570 42836 32593 42491 11840 58515 4787 39184 35234 27048 8354 48512 19935 75609 3035 69948 38231 8065 69741 46890 1853 14280 53614 72595 37159 45482 25368 35462 29967 32304 37339 39841 72870 8666 8688 3561 56806 24009 41408 22403 28634 44538 22116 70904 68198 65306 9954 12547 26361 54215 49419 27056 31269 35761 73786 40448 47245 5567 52225 75810 72407 57295 66591 12187 71591 50485 27319 22082 15934 46054 25868 19163 15419 71480 61515 44168 64982 32844 48427 16412 36801 61299 69367 55019 47202 32934 45938 2762 9325 37274 11371 14893 27792 44111 68608 24539 5409 59081 10530 36230 38194 33657 55758 42703 45604 19912 19974 16943 36599 72514 6608 2881 21395 56826 55108 60508 10238 3272 45450 60046 17931 41997 44727 72146 48286 2878 40151 22370 10703 71651 1427 71396 72438 69976 2917 63892 43862 13023 23447 19763 72431 71603 27911 16288 9928 275 26140 74656 59517 8257 43162 74997 59289 5420 63630 23961 3957 26399 39904 17545 16872 28336 54427 6074 56339 69092 45920 8576 23550 26151 51685 49452 73304 22005 38897 21855 18504 43924 32495 30382 41902 20462 18034 66132 12022 62781 51662 5160 54591 64057 15155 46676 23293 3341 12011 33073 30627 64765 75892 3188 63004 59193 58313 11929 24235 43121 27927 16263 54847 72808 51875 58593 21287 10104 26363 64874 21988 45816 626 50181 56392 19477 31281 12331 17635 17410 25197 64058 18233 11052 52713 11204 56635 30833 14994 7997 37303 54248 67210 24509 55935 72223 4840 55040 24029 34640 1828 24680 19784 29278 6915 27461 63702 9549 55980 39489 33881 30637 15801 64047 35136 47305 72812 51741 20930 58293 35868 60550 72335 70039 47803 69547 54020 29208 51569 8816 30532 37687 25207 72871 19620 33768 10294 46470 31517 36982 16056 7532 406 28788 21281 60113 9153 28351 30712 5712 24215 74925 73564 12031 2164 2153 55181 26813 61826 67318 52955 27254 48366 52389 41747 22356 64825 13577 3057 30086 56662 32997 7854 51688 39705 45958 12462 76301 14612 31858 23028 23177 829 70256 32556 65421 66147 29274 9021 48525 8880 33699 54118 46380 5677 53700 39480 28821 70446 251 36001 36154 69077 12610 58348 16416 71184 60430 9768 16491 39141 71220 58166 36062 19620 73656 43066 39001 67490 68905 45196 56845 52540 58447 11026 9509 4678 49369 66230 45740 29442 8603 15853 56101 67611 73266 12310 72742 58806 3062 65462 15229 3709 32109 8013 62108 48489 58083 53372 45761 20999 70571 47992 40926 48833 8162 75349 37893 37362 7437 53389 25561 60845 74831 41724 17488 54444 4347 22521 64253 21175 26137 41309 35582 4269 30428 16238 68903 67170 40128 61813 4273 22154 76340 5557 33179 48321 56693 11764 49307 1431 4488 37972 44377 54011 27235 57657 68756 28571 25007 23537 16523 33394 28828 13418 56998 40492 65207 37598 18621 23794 20246 62100 62 68285 61353 48256 11447 3936 45507 74860 50505 8544 8621 24506 70936 16 19897 56762 75649 69350 43582 50657 52794 30709 75312 24592 45519 61744 20433 30610 62398 9964 55997 62091 60967 68006 35644 67182 26852 21227 12255 76959 11575 58889 66878 32590 71676 25003 1362 32207 53638 2482 45768 5001 61968 44778 37186 37498 28052 27789 38321 31576 50139 22864 45065 34427 31900 15212 61776 4746 75110 38790 7583 76034 54425 67171 13382 3101 74806 47071 58096 29670 50704 12405 39962 66302 25804 57678 38805 57897 10224 37800 27840 76660 69306 9183 43682 32534 73723 39777 49411 10479 27950 23331 74361 76745 14881 69915 55838 59091 76545 28518 65836 22979 37749 76717 56455 50493 63797 47069 69673 68775 55584 47087 20308 66249 71614 24522 55355 66478 37902 3237 14119 65592 39679 42673 41609 30825 5310 73908 34754 22855 24785 31724 8155 37170 53979 13200 7909 75817 34784 28936 73028 60437 7350 63637 39686 13862 44491 48890 65304 8475 72571 76889 45415 75471 47694 51783 13749 41246 32945 60409 52995 4840 8962 5248 46278 49071 70805 64399 72323 54377 34690 425 46917 66340 3573 48487 50486 31196 25873 32554 7712 72006 20424 47419 15775 17043 26051 38178 51316 47459 9312 74864 68709 2705 24990 2691 58960 15908 71692 72982 1164 7623 53061 42300 4522 70988 14714 68679 33994 15591 48546 51252 44638 72098 38928 74465 17600 48896 4140 35570 14004 67233 24283 13710 20030 59246 17685 3693 13570 19399 76644 36318 63242 36264 12783 8690 66577 17293 39332 28677 55608 18174 59008 69336 15914 9533 16349 19605 46095 62869 59312 10162 42817 12481 27425 65921 11075 55983 19756 16767 46172 48784 46625 8758 69009 43564 14165 74162 53177 28550 33324 28063 42947 2338 34454 46021 59502 29362 46013 61154 18253 3145 44948 59003 11344 66975 57704 36554 38139 42649 48404 62088 30348 69522 10883 11577 12073 10042 31558 23991 36931 64767 29825 42817 3769 9432 19714 43625 48757 60480 58716 42726 63368 35941 37804 21900 57746 11544 17710 57680 36428 32645 9771 2055 39369 25421 62588 29822 4734 19504 13085 39423 12397 15796 38209 5351 64224 55906 57351 33613 32572 56109 53413 10304 16873 27838 1417 38156 8799 55592 61174 6530 8585 15800 23265 28803 10926 26354 73891 50316 29243 4591 36749 54868 65678 5665 46728 15626 1554 23991 7799 49676 14445 44586 72880 11906 35739 63067 18522 20533 71705 66202 49929 62910 52471 60009 71172 70827 27851 6767 2071 67734 40696 42719 16717 31638 17580 4068 25262 40726 34133 25382 64437 65691 13520 37239 6710 47402 38888 23309 38062 2357 29328 26633 70166 4044 28619 49835 72287 44629 37202 37691 71881 58177 52909 60825 24770 42032 70950 3420 71222 39498 901 16350 18581 11113 30457 3789 64445 9823 62090 35581 59334 42092 44911 67825 6357 2537 32260 71421 47921 11387 5098 17814 59985 76610 68150 55545 35539 70795 36590 47254 72320 56069 27691 49765 27977 29266 28089 70693 67800 68940 12584 36882 30063 39553 24977 27706 39489 28264 19012 76260 4475 10820 75332 70794 64350 51901 26111 53349 51297 32365 65249 40661 1250 70043 65658 19105 66522 62772 34238 8350 7996 47508 67867 32893 42230 8697 40960 30354 24508 3842 51428 19264 40222 49311 19227 61777 6287 64730 24950 32194 59192 23811 23908 31885 15208 51246 41750 10019 68955 18855 72260 49270 40153 25046 42245 76025 72026 29126 39681 45922 29894 19649 73324 26227 25081 65675 47873 69645 72623 20518 40529 48874 23478 9859 51382 39631 46652 34210 21721 4612 22333 5169 35409 3611 25473 40233 2404 76129 64471 41876 20075 43065 51634 4672 36192 3953 50912 66040 21224 42549 49924 31829 31934 17283 8322 44617 64813 39974 67716 59956 48615 43855 6077 58600 43628 42601 56071 63537 6098 22600 76427 40948 19087 1188 52090 5793 13098 40547 62766 42676 44746 9800 59135 39087 42547 26374 2598 8100 3707 47719 23702 75109 7975 60026 12498 50869 53874 61020 21548 62142 68039 50481 59284 10288 30133 61902 74995 58487 74860 46434 3029 54425 34394 55202 41936 54526 53934 70664 11091 3450 16506 55808 68722 34169 33131 47103 26638 2235 43070 15440 12258 25036 21034 5077 2338 51883 28235 22038 4702 71857 48210 69930 45887 57442 17067 26292 29598 71289 20710 68335 74805 33287 75532 53447 21981 62281 16929 73325 64022 28552 41854 54902 2968 15928 14396 53398 49871 72860 70380 64777 67315 46106 15314 22212 30443 55528 60192 22386 34546 14624 37866 5075 10754 39001 47734 60848 38210 796 50737 12151 74570 31160 16778 67446 1674 22548 60377 20595 10206 70490 46856 25357 37955 42151 66637 30666 53906 19377 7987 34232 295 5830 29153 74598 38634 18832 33310 319 7040 13022 70607 4167 40480 54236 63039 35857 41418 36345 47324 48328 53736 14524 45891 42946 31148 16168 5077 75082 10093 15786 36002 52337 22112 53947 25108 63581 70940 65612 11612 5697 28204 46462 52512 46375 46559 2172 19865 14321 6290 8538 66398 25255 60487 49057 31303 9363 32648 24516 33908 3316 41565 56449 32069 27481 14894 58544 6412 64993 28567 49917 64561 53037 42256 28442 66932 75339 4459 44661 22072 65453 23509 48983 42067 56430 49173 29223 2446 62893 62159 69330 2736 32674 15182 63384 67803 56820 35729 37615 36609 70212 13438 47870 18421 48930 63665 19323 44917 5451 62889 19176 73351 70917 61194 31057 48312 47449 6303 53376 25305 13133 32627 63565 74960 58046 45410 29172 62923 72515 71185 7838 52743 23209 923 40523 34454 59090 42318 55761 30696 21952 18237 73863 33270 73102 75061 29583 16994 45399 70907 63210 75100 5134 29210 52981 17663 71178 33387 10318 26955 9825 64317 24059 11377 20631 42863 497 37028 54646 48669 50872 58863 75728 5715 69103 42649 74701 28402 58323 11610 67059 4440 61933 19818 14639 3983 8570 41883 200 38201 44448 70698 59338 8557 61546 10699 48066 44796 22827 49392 73844 4934 21668 21254 63930 31683 24081 101 17258 8400 30262 22789 32267 38031 45661 68020 33566 19034 40121 24292 30319 5648 46412 21187 6253 64578 24328 2771 50382 65059 39230 17035 34924 46312 660 37303 64575 35112 23936 65160 16411 22325 47130 51516 71259 8358 7867 24149 33779 76150 68797 67952 39704 54652 2406 70461 65862 4898 28168 61122 50340 65812 68470 9048 56682 40755 36926 2195 440 44997 31681 29169 34525 72423 8990 49082 38164 6562 30978 9854 42744 11758 29961 60766 38100 44469 65718 37443 34023 50114 76202 46408 71735 27400 7496 71256 60809 21620 21886 16345 58178 17127 68693 45125 56798 36317 20830 7650 37621 59634 65252 14771 3722 45215 71809 14080 38514 34462 3328 66065 29464 15655 14174 48104 121 69118 74863 69376 18730 51045 33396 43942 14975 15801 71004 66002 33244 27767 24743 41107 75802 9258 32504 54095 6201 23724 20458 55582 66277 15461 10810 23772 26615 21730 58321 65305 69649 27819 10046 4747 59911 70204 19195 41085 23078 64860 14087 72349 59443 46276 53814 44068 37631 46781 37205 73603 68586 6185 49323 38378 16584 16450 23100 18832 11891 62500 5283 70009 49119 72710 39140 20188 26632 55187 20503 57 72347 42137 19725 37797 23456 51172 70284 43 55662 9405 43702 72295 11800 26464 8836 55805 51353 23538 40521 34974 26372 22378 34519 6972 4585 68987 2487 5867 63058 21602 38516 20322 7194 47638 65956 27776 1120 13008 72769 59176 76331 71764 57492 73382 14866 25275 43318 75408 25270 349 5260 53368 62263 61585 76357 58847 47930 49056 33599 76593 43909 6641 72690 64154 40780 54831 52529 64829 76737 56038 75696 55736 36943 57219 41530 53320 73089 74755 45450 68640 30504 48794 33122 55650 49080 36654 55401 20367 5121 54077 25768 17090 49462 5344 63696 4792 30790 58274 10475 25021 12258 24666 48950 68862 60521 60032 48164 51022 49368 28524 64912 14253 37727 31283 32024 42450 40715 69083 68141 76138 27358 75217 71365 75770 60423 14887 60269 75838 40840 12180 26827 18235 24342 43014 34413 57476 68671 42769 42438 26613 5528 45630 15027 37625 13034 13401 38650 12416 68847 26341 63929 36919 55611 1482 14943 40181 36073 25782 27007 28633 61188 67141 66596 724 61887 25190 55179 28917 61805 69377 3132 8581 54714 5436 14113 38409 36178 54638 51697 33836 44247 67543 29162 5311 14015 75840 4921 69408 11571 49910 45462 713 11006 67571 24519 61355 27362 24996 5608 65054 52654 1469 29195 14167 19091 605 14886 49349 45087 65161 10419 25083 67351 55242 59859 51255 42001 60735 21437 52910 40807 52036 19536 39771 7777 21022 71259 50276 75124 46221 34619 70139 23578 15734 13208 71401 25824 40295 41076 46125 19075 36519 54882 43201 12799 68200 14798 43934 75646 47154 44257 75485 56954 69715 14866 57727 560 57000 50164 4342 76065 40022 36831 44002 33627 70195 68391 20676 32323 34699 36824 57996 35491 3490 64579 19836 30920 56931 17783 29914 13166 58185 57479 14104 67654 68021 67477 9160 30606 13804 74420 2257 12409 9252 76968 61169 47729 69900 43954 8689 55777 30965 51084 24315 11078 28493 75848 1381 75834 54853 65692 12604 60605 64155 29639 26692 42866 37840 40508 13111 31831 56492 62757 38805 56587 60276 46238 16672 49826 72618 42071 27 20459 57192 61809 19324 50997 71524 52461 61589 67279 4927 39847 22424 73184 4509 68831 2791 35816 42284 34335 67264 54260 36680 43603 129 44579 27255 14273 60874 55913 35258 58576 9494 38952 31987 13017 42352 9974 32042 27030 34529 33172 76915 25450 36071 39119 19508 14664 31987 74002 955 33146 64618 74448 47902 45526 29606 36144 56022 65519 25069 55625 45329 48743 10533 56775 1858 26329 66048 70542 37819 36743 44517 56430 6891 18697 41699 54447 32045 51480 47571 22557 61001 47088 6027 69139 13255 1355 52085 74121 2867 4022 75985 63887 46637 39547 28062 52893 4172 30497 37093 67833 56117 66654 25136 29471 18186 26461 29871 57540 13674 62363 64452 33261 46697 53662 50395 26751 69971 57547 35627 7554 52372 51499 26527 48474 43362 40191 42926 63894 60703 17073 48318 62996 39175 57832 56992 10307 49090 7799 4942 55451 50390 32107 39326 12023 43907 76948 70692 74221 65625 40301 37158 33549 50509 11015 17251 54386 14947 27570 57688 5837 3213 51067 21917 9711 13352 71734 43311 14162 21705 29452 6664 71960 55529 51781 36835 52315 55762 44626 67374 50018 32355 25295 37958 56405 24460 60091 41625 43745 8372 13049 41988 51387 4513 75886 65556 48071 14427 34679 64179 3469 41021 18602 63832 62467 73190 42572 12708 41456 41997 11760 45421 62776 51247 10139 75568 35979 12841 8339 41137 30506 538 74087 23491 46925 66716 13644 6886 71748 39915 38506 47892 74788 18864 57555 22793 51762 54791 20890 37104 32799 39095 48943 59906 53145 23121 25259 21238 24322 24878 40685 25445 40166 29012 42506 3883 33084 55572 68274 66567 22152 24760 43784 51363 65120 52232 53836 26280 71685 48240 76113 17022 71102 39280 30191 52552 1471 28050 29625 45726 7193 13882 48786 66133 48899 47678 14975 2652 45166 10885 58004 19970 42930 31276 24403 24839 45325 60914 75059 2623 12684 41796 14729 8910 19865 33793 63290 68442 31026 7050 46725 56131 39827 55621 57393 12085 16319 68010 26286 58870 13063 44401 65612 40603 30262 10824 208 11048 52255 31064 61561 33212 4927 58627 43714 19299 25708 57497 19496 14262 3095 18538 16362 6336 44248 25353 51498 39877 8041 16418 43761 20061 27301 69001 32558 25373 57032 50354 44689 4532 3174 33711 39100 35708 70745 19763 47283 22928 39769 45108 1200 14187 25962 30107 12413 53152 70190 13788 1175 21138 22894 22740 25034 14367 72911 59513 51162 51312 46876 22062 11411 28867 45761 48222 46549 46822 46901 76350 53603 59831 37541 50357 56779 70809 2954 4826 1140 792 57135 50177 31742 33830 73735 38026 64600 36566 49687 43164 28854 1240 26496 22062 10093 14898 2764 45537 57711 52459 61547 22053 45614 20378 4147 63821 65619 39771 11556 73696 42202 36803 41535 29573 35858 50910 69561 44289 31651 23545 26477 4075 53141 61082 36125 721 64579 62712 10327 1635 9109 43720 3800 14050 57546 29442 48258 70747 55303 17200 56670 47900 34429 12284 16343 18991 26781 13364 29599 29699 56955 26748 40230 43410 834 58464 31442 49271 342 35734 62088 35878 6786 3258 8947 42412 1681 18688 48290 6252 42027 12980 17644 67011 67429 72852 47325 16739 23864 37769 71835 60888 44034 46589 69524 25444 29235 31500 51842 7617 44144 38106 67338 42857 43073 15680 44624 29069 51483 56035 38090 25230 61175 40783 21845 19532 59928 66774 6904 38127 28507 3143 58160 37808 23501 15948 7711 50768 18893 13284 59160 15135 64072 48188 63445 65205 60884 10421 3123 62345 57344 37416 27499 69002 6 14417 74868 63165 55797 979 57737 55757 3318 63144 46475 21626 33561 32057 16489 70281 62557 1141 45968 76757 28529 64420 47968 21863 37381 35136 38989 9131 43534 17376 14277 27530 29158 121 50656 38478 12046 76465 55291 63605 27672 34315 21395 53635 3071 45235 1678 21621 16718 72617 64360 39493 35384 16629 49636 21986 72678 64027 10629 63711 53026 48802 23484 83 24855 65855 55771 53349 28201 72940 70624 52304 653 40947 5784 71046 35934 28604 1760 53198 792 44085 65841 25676 6399 21058 29405 40526 53231 26866 44285 1495 38279 19311 16547 61004 24623 31650 32520 72847 9660 554 54206 27442 8657 47525 44026 3416 63234 38675 33771 13669 75321 66127 53136 5621 30423 51212 52565 36054 57197 76197 57706 43079 59581 27990 63367 48592 66044 3556 20881 16477 19683 75879 1201 33056 30893 15744 58377 69526 72918 24828 33719 69729 61749 43262 41140 25284 73849 78 27583 66858 26203 52089 32536 61559 24581 12065 23317 72830 73318 33177 63684 66034 76116 50886 11161 5615 22113 35608 13029 35044 15321 58489 29654 3522 9345 76247 19409 41917 59244 23744 987 57929 29753 26126 74800 28428 6698 18985 59269 38864 34970 52347 21905 50907 63212 44790 23614 30849 1966 69272 61462 15779 25713 33980 69432 24754 74403 13716 59710 66375 13089 75968 3198 62898 12930 65814 12583 62948 50935 32364 25740 4708 43328 41500 74340 35928 69378 6099 53120 64516 52407 67119 5244 5389 801 27610 63860 7474 20984 62417 27902 34488 64700 19487 31648 49074 7593 66611 66418 917 60333 52412 76747 25489 56397 6122 12374 6965 15307 20256 7173 31023 19778 51062 53577 51300 51905 37592 49927 25614 69044 60545 57317 24759 2028 43392 34731 45887 58962 11767 25323 58408 13386 3741 47616 70991 53632 76958 5323 40354 70649 31999 51834 41130 6225 30584 8698 21981 51543 21346 58553 46163 19687 46284 23074 57161 28942 66220 2591 51585 20779 40092 42004 14898 33432 67785 29861 37787 67098 75121 43034 27730 45279 20049 75548 61458 42270 66351 50892 69683 37539 61280 62246 70986 69244 14703 23913 50940 49525 16230 31248 73326 14565 71391 30486 56908 70266 40327 31906 66987 72693 23114 51268 61946 21281 50102 21089 44950 15108 62546 114 22296 68286 50780 527 61737 74060 47472 54635 71363 19511 25235 70854 3275 66532 45540 10258 63358 40088 76519 42217 9713 51393 32523 42869 60120 52812 38750 12099 66551 11239 11414 63437 55246 34796 32292 5882 60009 43900 51999 15123 53862 8278 19340 43572 67389 2736 9638 74196 36174 20022 10911 15952 71224 63189 32937 27858 35563 15411 49352 42773 39986 48945 51885 59789 14450 54560 31772 67062 22687 1756 63991 23857 51808 25794 35274 53334 22817 57587 6884 3289 17590 48590 43078 70909 67439 35260 29649 74377 2133 59292 12536 51119 56739 40550 30455 16734 38443 31160 23093 71466 10079 24196 41387 46439 27240 3708 33672 45653 2681 74465 2881 14620 54182 62329 18358 52624 34603 638 63200 52560 3218 49238 2991 34946 76496 65802 74444 71134 41525 59207 12980 13118 22300 24746 50302 68377 63667 1576 63563 62714 12755 51046 54180 23039 40168 76078 28591 15487 16418 11572 34979 75211 34373 29752 32713 56521 17541 551 54489 18112 54679 59665 34761 39689 52582 67686 75697 6651 33596 72655 38945 32272 34529 31690 30626 39051 37165 27312 56952 63737 51987 37341 63893 26164 1989 72884 33556 22405 48358 51407 64584 66924 59524 21720 7962 12835 18943 8642 36642 15619 57325 54557 39416 47239 18085 47003 33357 41823 48040 21704 72403 6629 74598 62990 31851 8248 65157 63278 5006 58744 26479 51972 51138 10162 67089 59464 31929 31413 5289 2929 41335 42370 39612 21424 51138 21411 46021 53890 68718 76211 50720 5013 62745 27204 7626 41018 62399 18654 39714 37468 22604 46416 62008 74342 34552 12635 60768 13458 8972 13191 2576 7401 15563 62179 3469 25793 18007 71559 21142 1220 48204 64381 23655 11627 24537 35944 68426 44008 62113 20691 66444 45181 9596 73268 68621 47419 41338 11476 67664 12155 72615 64340 53554 9506 5101 51020 53682 20932 23643 9598 15317 12138 60871 19408 25777 15328 47998 18449 21275 35439 42378 37830 5334 39375 74014 63706 20081 45463 58848 31586 31651 16528 10320 62485 59073 8498 44361 23229 1423 17040 75497 26075 46755 68089 34829 6045 22396 69710 51824 31345 35547 55327 37393 3687 54087 73643 21822 20669 34195 67687 46862 18609 1130 4610 38415 28318 63950 7346 62462 41538 18565 54087 28649 49526 34169 28470 54786 68641 48530 47749 56518 72034 17630 45815 30132 38278 15150 56112 49305 741 34989 42825 54031 33575 18347 29077 44167 34919 57414 11879 57068 3240 69460 3577 8310 42146 23986 15367 59292 52030 6638 50153 13613 29876 38621 40405 62940 48954 59497 9661 26670 26308 45524 41091 21220 7512 51084 25992 17612 58811 70970 68642 30942 5702 73511 36060 21985 27212 9411 14658 24830 1654 59804 56417 21676 42571 65109 15514 281 70196 17443 466 56200 40612 7392 56340 41216 76304 68728 15141 10093 22737 6185 61061 71959 24660 32252 33186 65851 39127 56630 21098 58677 21087 74874 55619 41281 28242 51952 45063 25245 27845 57927 66157 57689 38642 67780 59434 70003 36347 48004 54937 59808 63386 54517 41835 63503 56719 59926 67257 41614 8520 12582 41214 37421 65238 15275 21974 4641 44384 29548 15463 13761 7056 9372 29882 50021 11476 45525 31727 73114 32877 27811 63248 5071 76572 65282 62253 73997 54451 37837 40822 21672 76115 2139 3867 20036 52107 30417 30447 49313 12936 27764 5744 31076 10335 23077 48527 18561 29930 44079 17774 56972 16404 34713 29933 44098 55506 11587 26242 59299 39377 3688 76289 21996 29025 76311 43915 40086 33544 9075 72359 21133 9749 38889 30667 5439 21737 910 40765 70952 57149 57131 76317 10191 31990 13656 23471 31664 32879 21436 52371 64872 76571 54505 55105 25545 62011 5395 27267 13366 36642 15984 66657 33155 37050 47262 73979 39741 62155 60292 16060 1066 38043 71260 8924 28141 14789 51216 34200 44964 72270 62456 25560 60266 74132 61638 69817 17354 51391 50798 3159 1509 58095 43485 46629 44749 73859 29539 9024 48626 44909 56569 17784 70067 34569 45096 65229 39869 193 68623 66759 61759 1782 52494 72371 21627 61896 56608 5790 66602 74390 3253 11948 5085 74110 2644 36727 48995 15832 24471 65534 43281 36014 7849 13686 32001 1697 61984 38358 33367 57626 2743 66987 30959 40669 44397 40327 14173 38275 55041 13772 118 27540 31097 22116 21558 64214 76558 19839 28366 58480 52751 71719 22126 26519 51394 9518 13123 19505 58335 15263 42637 42102 36878 51640 34000 72057 32138 56188 23289 50994 49011 50604 2351 36056 13978 75465 61554 37025 23775 37947 71264 19484 65169 47818 74015 45344 72727 820 67347 35516 70002 53569 66056 31404 13847 6536 54800 17840 75442 55951 39532 605 36096 26271 51003 47523 22495 18422 74303 39815 31650 17774 53661 31399 19296 1704 29985 28759 25658 41513 4203 63802 66772 38484 29626 47196 58396 70770 2113 22519 7303 40422 44950 70649 33903 60111 76871 34701 59541 21490 20400 34174 73989 43906 41357 48818 64993 63754 47202 39454 34104 12986 74501 69035 12030 41655 6033 50219 38463 54078 73605 35152 65162 75841 72846 23878 32449 75836 8047 30549 55606 45597 17645 3835 15030 1107 94 6826 57620 4372 12437 17592 63797 17355 59514 19226 13160 3701 29829 24921 74150 47642 44391 75307 6644 38394 51605 3832 71180 44159 59518 75019 22533 19706 42447 3683 50558 63533 35448 29955 37382 25008 70017 8288 44105 65780 2745 20681 19491 74806 47769 45940 3025 43223 53045 48406 46603 45911 50912 8445 23715 53974 11477 3445 26866 49835 18639 9456 22769 11002 45506 14459 19400 71555 10202 49019 52325 1769 36061 68830 67421 52084 25302 33066 60430 64729 76543 4399 7531 36288 44559 28330 16140 47090 71159 54003 20699 15040 17802 49949 10662 59030 18417 44966 29982 61368 18988 11051 27462 34388 14697 52539 70746 11697 21638 14566 18417 59916 34595 22852 17013 47570 67633 31176 20073 66810 9177 20908 32063 76737 62706 58389 7715 20141 30117 56611 24341 75616 14151 61783 8849 36281 47122 14755 11426 46230 41403 55279 49352 67983 54805 21500 76116 39525 66663 22478 31406 30042 26010 52705 34634 11327 72658 59515 67818 23153 16747 20536 69045 19240 57456 75964 68729 49051 15024 10857 4123 15933 52851 1454 10927 23016 20724 35399 740 64967 10666 35771 44765 10774 50832 24542 30709 74747 22787 34533 26840 23586 42752 27385 52555 3668 20072 41355 66452 18653 1372 24783 71499 59031 66798 31631 2349 14354 20746 71079 3763 38304 69681 36686 22138 51114 44202 32713 16125 37109 74756 59419 68941 75345 23001 73680 47289 61352 21192 26778 59361 72315 25416 51946 46435 66517 70277 63348 75874 25653 39669 35372 57696 30280 35329 41566 68588 53087 69857 18305 44747 64886 52873 121 59557 7318 57549 37423 14031 10288 11355 57181 57319 75779 76807 49544 52801 59973 9059 73498 31695 42874 27185 71006 62190 35009 18081 64773 27084 13224 68060 75760 14023 55091 57691 8404 49212 35536 15418 31578 45825 54917 19527 47619 21944 4819 56639 62639 57164 70953 66083 15772 66201 49852 10822 16273 46321 11204 48974 29473 5335 6750 1273 55521 73718 61523 37545 31482 18903 11307 72719 54015 73268 43504 6616 12491 57674 19268 73463 43392 22411 5382 57257 16372 63814 40554 19902 68195 61534 40727 39430 17183 17279 33253 31668 1271 15691 8513 14126 46538 25521 56613 52746 13075 9480 17717 58075 15063 9024 17128 50929 29069 18196 67482 11843 14877 45035 14068 30913 43664 54474 24592 5060 73408 40633 49473 41656 11215 66112 27707 36796 18787 27202 75840 53818 62467 72391 29595 48562 52387 22949 45777 46097 28102 63257 61960 8043 10096 6449 33557 24455 48119 2329 1274 74246 8954 1352 32691 25401 61042 51128 28694 24854 27811 16558 46778 69614 772 67155 68261 51758 61097 47714 28926 25490 28371 854 14713 39326 48399 63054 43003 62413 57218 19972 54228 27935 61486 28965 63723 29987 70005 10854 35196 41478 39264 63916 64847 70280 74387 64628 65807 13924 65394 52359 44825 14047 30599 37844 31537 65924 49822 28368 15478 35919 281 33425 33429 31341 37905 29923 45363 4301 38581 8666 10896 25998 41589 42308 67767 37263 69177 61211 39618 69545 12061 49314 20174 2745 23033 21452 53799 68025 979 6048 10390 50798 75341 45878 64240 1378 70554 7515 39557 48867 7628 23402 13411 44401 25593 30146 16613 46464 76916 20778 16508 9038 13609 42538 44334 25872 23278 55314 55960 27657 74113 59845 8082 47730 46046 199 6251 56140 33543 10078 8677 66128 10833 23900 23553 38460 24374 68741 70887 52308 75874 11019 68567 25183 49886 70828 44930 43239 63607 71460 39197 61890 67837 50390 25166 10718 49088 21473 18468 11420 57749 66739 27390 11497 22141 1230 62307 12878 46858 15676 39539 54288 35540 35980 32515 1054 38143 16310 74078 66505 5046 9770 63876 17838 8165 61596 14646 59940 9914 31566 64891 886 9742 26438 66547 75160 13100 32122 43058 15013 36727 53210 24926 7009 679 53559 11375 16297 34277 59579 71188 35678 7338 8644 46003 55542 43562 30652 4003 36091 11115 52821 25945 19312 68350 65509 23730 70739 17684 63037 35092 17997 8069 16907 32678 39687 15548 36259 33182 32966 3375 4911 56800 20800 25848 66710 19089 73431 62779 73267 58961 20478 37441 70043 65296 15797 4141 57993 36886 74122 19389 6338 46388 37075 56044 231 27932 42452 46554 60341 44700 57385 69428 18027 29747 62475 29183 61184 20417 55724 71613 55979 49292 53394 32184 53884 76682 70532 22486 14109 6435 7202 53812 33519 14319 17834 38770 41606 33977 69645 13831 22028 34106 8341 18464 36737 37919 34932 37675 13130 27520 1729 55965 58188 18953 39818 21176 42291 45975 59932 27526 6663 40122 62933 44630 47432 1275 22809 76358 11774 59071 40356 74011 66599 13882 54075 20414 11355 25211 55597 21935 68259 67150 58875 13241 67078 40479 10028 21556 46252 56662 50845 60583 73112 22661 56813 73497 19059 41886 10907 51480 70015 65262 61027 52024 36579 76934 46995 72671 44778 9716 9159 11964 60829 57613 42153 69146 39375 57793 44520 7407 65374 39514 67228 13817 60346 72547 56288 4956 35060 55964 27394 22118 39388 3760 12706 2916 70487 53464 41553 73903 54372 24801 65630 35945 29277 8747 2369 15793 19322 8098 27175 27390 35868 64866 64689 54786 20263 7094 35906 38573 73962 53609 14167 68967 12380 76891 29326 46828 5202 37220 22703 16071 71360 71579 75729 70408 71536 65736 35195 61577 24495 35384 19224 3374 51461 19126 44273 72178 8553 28622 2473 48194 18522 52380 45080 22409 1125 68612 61284 40178 10091 74149 9922 37879 50773 42035 13087 20427 46128 70787 42294 21625 63740 22164 10122 60486 65875 4190 67451 69715 76524 49751 58787 13727 64817 24547 6176 702 2289 46774 45117 13635 24504 32070 70616 19460 40115 9344 69272 4778 53463 1015 45454 35548 5687 72999 76211 31741 13217 36901 64750 70448 15263 3334 54418 46785 34815 2340 34816 25128 33931 64154 45882 48706 46718 27942 32733 56451 70735 29105 59732 73926 47498 36016 23885 17742 10683 6983 9392 72478 49108 48114 25659 38730 38109 51493 63507 70563 7157 22108 44458 52531 37854 68386 51651 48684 22459 2590 3723 4805 39618 33336 45493 54026 19912 65770 43568 6575 63720 63329 58096 66699 69850 35377 8766 62301 60031 25972 49810 7337 31811 59929 75838 67459 55464 76461 63783 18482 61741 4058 16717 63858 1672 4035 786 62648 57964 12454 4589 47094 36211 64159 16287 34222 36643 65940 12597 48553 76534 16811 55558 26538 254 35154 8081 52264 61306 2807 47946 28241 54106 29671 74727 18711 3267 51046 21481 48133 4067 14076 72646 33968 12277 32123 17210 41252 5092 60253 1834 7812 14959 567 62338 2787 28481 76884 63671 56174 52445 3300 10075 70065 29376 62972 14446 75481 38487 11590 10926 25892 65526 22878 9371 2579 69446 42996 67078 42450 5107 32840 2029 15047 10711 74525 59805 19814 2319 28267 17060 14211 1472 66010 33080 67782 8249 65771 37690 32828 27145 32713 31122 10442 11029 27052 3105 58895 74634 49627 76478 13572 59111 4003 387 28741 30252 28587 49996 9383 75163 55497 33583 41115 34205 28023 4736 74254 23335 72528 38084 55771 9116 25160 46310 22289 66222 12240 50001 66360 69071 11581 34770 20687 12138 31336 37943 57803 14144 38638 11913 65498 70360 44564 36194 49954 62124 25529 70745 74119 36650 56944 27499 39481 43240 28705 75388 18612 23432 36166 42696 25676 73517 40183 34628 64581 62644 66827 39058 40146 69280 60864 72557 6616 61355 76797 13306 45009 41306 1297 11530 45253 55839 64513 65109 5681 3237 64168 66884 22566 27423 59119 43640 22660 26147 39940 56306 7141 52175 4464 45662 499 58978 25346 34147 14233 24708 69532 33263 49929 1541 13787 29183 50578 46181 27925 62892 63574 7993 42362 27525 53075 30578 67010 28003 14938 26964 13352 12413 28266 38223 45504 39787 14367 36079 28725 57313 48999 52975 6120 30148 46561 3570 21019 9769 2987 28536 23495 69300 5501 25031 19409 62273 26411 54705 46515 30878 67726 17187 64750 63863 61913 68300 40534 60819 38406 43451 15041 70569 66197 24190 14296 67420 26174 54399 8557 67972 29199 36643 75902 63378 44548 60569 18485 68270 60476 71115 62006 16275 59003 52069 28268 49497 58965 65441 29797 34006 19397 58958 36525 26932 35668 11797 67211 55960 64128 19132 24093 75774 40226 58676 8974 15029 19937 43475 38795 2643 17583 36681 46941 31528 14362 63708 7284 69266 53760 815 40491 16750 7617 37390 8713 25561 65883 61812 59350 32566 22333 31942 17662 45948 31377 46131 74384 61867 2367 46260 12431 48908 2808 10668 25193 54221 71057 65026 49981 34259 44913 19604 14988 45560 70041 57493 27967 48553 10955 36074 70871 47853 46949 36364 44104 8926 74316 48052 38580 30336 36426 67149 51854 74156 21466 67389 4791 66246 45759 30855 58575 13133 6027 40132 44906 10095 33565 1013 63594 28259 15422 11797 71657 10886 35584 30217 41674 61681 33275 11443 64121 185 41403 19117 26803 61217 53448 20723 5448 59280 4272 22252 29886 62062 65316 30237 28357 12244 22413 1562 73955 45002 50972 76428 42118 63128 12898 31237 72555 46941 34938 71576 64161 1447 62110 36647 54579 35286 15980 12832 10732 37020 69886 20605 73901 42560 49647 43631 6742 44845 73930 59713 12665 16595 21005 26440 44221 66820 12221 62775 53137 53157 74251 41200 7443 50297 39525 41665 41628 19634 2018 24315 21469 22679 6952 72460 72852 15728 14729 53133 70181 49596 8848 3633 19286 16456 37364 20636 16074 52077 37384 11891 51732 562 19732 29600 41612 42882 20652 23291 15632 45911 12822 52454 34118 50456 35096 17807 3856 12258 21984 27559 10611 63127 55508 38782 36692 57481 54288 51151 71251 34918 28112 18253 53193 29595 1516 65478 29415 15718 41063 24590 65477 26557 50257 47611 16235 16440 58162 39232 51587 61229 65277 48042 75468 74805 44657 37935 29223 39719 7506 53067 65198 61181 15436 3726 12379 73713 43152 10332 24740 64572 2450 57490 24794 15907 17519 55918 878 68013 41567 12295 55551 74485 35372 55940 9520 8250 7378 7873 53234 69787 14665 38188 70712 25510 40471 61026 2988 21587 53468 42836 807 57876 34708 46186 59799 43264 68145 44316 11550 40833 56037 47709 46496 8481 5448 22822 54561 63694 72620 43213 56206 33519 42773 70609 74510 62626 15593 55817 46139 28650 52880 64331 34616 67791 32768 66605 43824 15125 29425 63037 43819 44469 50803 46954 19717 18867 48217 75625 58839 75185 71899 49040 75250 23141 323 53575 63182 62595 51279 51800 39823 20998 43119 28991 10638 30251 26805 14796 65096 3660 70352 74611 75869 64305 21114 63580 73337 56211 63659 71459 10934 20958 11918 59752 19627 20497 46651 62496 68774 3725 51923 65583 15842 76344 46678 23841 48010 564 41266 57694 2622 30112 5894 21546 2505 12656 60894 21266 44351 2632 23265 27644 70636 22919 37039 28999 4235 30183 49367 19311 19503 70752 39682 42157 17162 53458 14423 25972 30325 6692 62781 58805 48448 73713 15562 45874 25660 73924 59803 23720 17956 48770 41335 13814 36679 32302 19247 49901 72996 68116 37827 7040 65873 14456 28346 44267 45154 28769 1476 22295 44065 56492 65560 7836 18710 11318 6616 23099 20031 47272 64713 49912 21475 23201 74591 33894 72136 21996 51202 36952 64690 53784 56838 28033 33351 73959 18372 72163 26469 57244 5880 4346 16960 20075 69575 7266 55582 5979 13663 46102 12381 52710 43263 567 53050 7643 27314 27688 25022 60972 62930 61584 24372 62019 73862 32676 43252 60105 52360 31349 75769 14574 63660 28286 22871 43860 43508 42424 15029 69530 61215 19047 38956 50152 55400 55983 57746 74948 19210 45276 54193 25203 52988 68796 61736 63164 71599 76677 67275 38255 37432 34794 60199 49763 62918 3083 42514 22989 2241 12462 12102 4211 8288 46557 43493 7243 53342 37628 20297 4310 33933 51533 33315 40633 10693 13693 11945 67848 48692 59204 62822 4472 57237 10947 18467 49788 11780 51648 28656 1002 41719 60137 33299 54091 50068 62760 54552 26780 35532 41322 54123 19802 27867 51248 16402 76565 35386 33128 24007 14362 13182 40243 43704 53183 13166 49023 67351 38466 58918 72190 63124 48244 34893 63730 21605 37191 71516 72556 39569 11548 52392 65155 72177 50853 23495 69330 74228 68395 47906 1447 15839 8828 28915 225 66583 61089 39314 69856 40154 72461 51759 33364 51256 24507 75558 6195 57225 60827 47947 29081 59835 56980 41403 26199 31522 11291 19042 12376 26828 21253 14881 49306 46375 52192 66231 76821 61543 47008 69917 47850 38108 30109 35974 24507 74432 25431 1682 46536 7784 22583 4901 56350 38236 71693 66877 74272 16094 75313 61237 11040 47552 20431 58390 27224 63182 11390 42072 6734 72891 47847 72208 74754 257 24033 9789 74324 21149 50337 35823 41222 51242 44733 6253 65913 50896 66674 39536 73437 65234 8862 62783 23982 11498 58640 4129 14345 2367 4803 73667 12188 41312 36283 67510 3344 50351 42392 456 41899 75496 41442 30185 44567 15807 31783 68046 47388 22217 17792 14995 68632 72730 71760 10433 21966 41808 27593 18624 73612 76548 9944 43802 1443 51562 14523 1558 1389 11187 9684 23932 258 66247 74393 74488 60184 20566 64316 76484 73809 9272 45061 26611 45710 18698 44664 17695 61937 37615 19963 43546 28903 42296 44994 31135 36457 37357 31586 61115 51500 64783 42593 49013 28651 32678 75794 19780 38498 28583 13126 26859 25293 45253 1165 50928 73235 40278 56206 44217 62720 36315 4960 59524 35355 61908 30973 63888 75730 45226 43306 62117 40387 73521 65789 33987 42122 53024 64125 715 4129 29684 76435 20622 51 22383 41760 19922 70966 17938 10409 538 58766 57153 44273 46000 39989 19375 18620 42252 22956 6473 15022 10286 60501 13342 55809 32863 7904 43555 4225 62811 53251 67586 65925 35611 59345 39867 12407 65013 50548 38200 9073 63205 60211 7308 42548 76619 16654 44726 30293 58983 7468 16589 28144 26468 26061 45764 48071 22276 10183 42087 72487 51795 36187 31564 8168 16297 71513 39882 61107 35247 4170 40302 2673 42906 69493 28347 49685 7230 16159 12800 31798 66781 43591 52160 75872 17364 58845 30125 63122 31961 17522 38015 14768 63639 52328 10538 33706 64255 3235 36900 64991 23374 46400 14295 26753 18626 41061 12483 40367 28840 17663 50852 5444 41363 7949 64052 13568 17980 53935 9473 14150 19655 32992 33637 25001 69595 71656 58802 16828 31096 9200 37920 15727 718 31960 39279 17504 59076 60157 59725 64117 3463 16739 76663 45851 29697 58252 61387 30412 11350 58685 52188 55121 15593 9625 72016 35486 25636 66690 42252 11671 42827 25473 56876 976 73106 14724 70486 53154 24650 65616 46187 5059 63827 47569 55445 73707 31719 46775 60042 6070 57970 5178 60292 51227 11161 9242 75850 1524 10061 70501 43653 67411 37647 34410 71572 666 60954 36048 5553 14813 52321 17860 17941 47318 1442 63058 6821 7001 73214 41535 68619 75965 63912 49095 35723 34400 57894 53065 20182 23101 73361 8544 52962 26477 35677 18141 52334 12641 73050 9481 43791 42960 12607 67042 38097 27251 779 40227 3498 30159 76054 25972 70744 15216 46310 1842 45911 66412 76096 38389 10698 49082 2851 14290 46582 19864 40105 65548 36134 43529 9292 58026 43683 60684 16389 59319 36717 26806 40141 66681 10645 71317 41171 55008 13597 27707 10131 52328 2252 25494 32513 30390 12268 66427 73590 63571 31746 22820 23963 48847 72296 76777 66556 52171 66556 21829 67710 47347 59484 66787 69824 4661 63114 51429 48918 53762 31139 1686 5238 20784 43508 44019 72378 7863 3842 17802 13901 62921 4354 25348 1239 38854 64381 50642 7709 37883 46727 59441 50033 30277 9247 15570 54283 70380 45258 68550 53190 23695 52257 25993 35122 58418 74345 15517 49672 60078 41003 8321 52312 73841 71981 43990 5326 17989 47838 48984 32956 21454 72897 37644 13895 74074 2375 8642 4817 47783 30221 21373 55295 4817 2556 28602 10350 74806 15782 18208 63848 76897 69841 55236 73874 70987 52440 48224 69642 461 34551 70271 15422 34508 28656 74271 13597 52475 8116 2339 63666 10519 62310 7015 47720 2203 38362 1255 23928 31833 59653 62155 69223 67146 64477 755 64296 39058 50287 7304 37265 27662 24549 2893 67513 71636 30480 74570 3371 43785 24330 39370 48392 37570 21538 29845 66183 38002 43867 3993 34735 44038 75215 33340 14659 4159 51138 742 16420 45909 14475 58845 71837 54501 68083 19685 709 40490 3940 46681 24792 52527 50375 20760 69322 74516 71956 29698 29600 28973 47449 7448 8826 43428 51395 18698 61830 68471 63538 66186 19010 42720 66287 18547 24651 7061 174 73493 62089 68707 13943 69067 66507 47646 29973 3481 31357 42852 46707 27950 7499 41115 67314 29132 61746 63909 48180 2116 58014 552 76523 30965 57110 64274 48967 14203 69419 17202 56404 10836 71031 19538 15817 55487 28371 6345 28417 65334 54496 23943 4176 47491 33959 68038 39250 40353 3442 64427 17218 15252 40947 20671 20576 40390 72002 14489 14065 21472 14531 71455 18009 5972 19044 41266 39535 64020 4353 39492 76040 66903 59169 5872 74236 72732 35914 76885 22649 58844 4034 15892 29816 32112 17116 22795 21064 20247 35044 9133 51718 41610 16235 32527 28337 49391 17284 72836 28848 52712 48397 70250 21110 19605 40522 2349 59168 9592 14368 65775 47085 47940 55092 51904 30692 35224 1840 32008 16718 35289 73731 66411 66135 36619 12921 52669 70859 16728 2856 63462 62457 75927 60889 63024 27673 6203 3110 23957 27275 71811 18115 61919 35782 57070 52734 64065 245 34416 52873 8983 5541 73334 72323 41328 59756 65547 14847 24201 56173 75454 32811 36866 23588 42479 64284 32272 6606 8332 28308 22995 20184 19729 71611 37489 71215 66352 84 63263 45610 2179 31000 19867 67720 34966 51835 39915 66094 13157 15173 8430 10645 49250 59802 58632 12143 51135 50251 20325 27637 8543 45729 67698 14028 49454 45964 43765 27837 41877 34144 71308 15470 57486 12022 12707 31865 25777 29545 46825 66950 35140 56597 38607 15005 22918 63097 65046 18243 61422 71757 692 26025 59656 55849 50864 18381 4456 45691 13239 71533 37343 55235 14537 64528 65314 32157 57641 58872 25640 19435 65988 62857 21628 76337 41257 24805 47719 43270 10754 13857 65551 61020 33586 10552 28834 9169 64719 65840 71220 65426 55808 870 47522 8047 29911 70352 73964 26828 73789 20886 29737 8601 52180 54221 10229 48902 26622 31073 47709 61070 42817 24431 42651 52918 29747 17588 29857 31020 34157 60496 4721 32576 40734 63465 27411 66142 15325 63632 44464 11118 57491 36560 26071 57749 66693 69987 56406 21061 60647 13736 44752 72775 31994 7119 65134 73361 53477 25951 53285 69604 43531 42860 34369 32094 69789 24688 47075 23507 47222 41541 18019 60510 33470 48956 31243 1028 73213 2233 43350 3488 10333 50180 47375 74327 46946 35483 62292 65092 2668 50735 43082 6108 63858 4001 14678 72422 27470 23970 10497 40421 42529 43162 4561 21451 17058 61599 39349 8681 66332 68006 48371 55814 33562 33110 2330 40236 45209 61565 51812 67993 63063 69869 73375 66112 41611 15207 6847 46629 61063 3738 9148 62780 8984 46825 49579 38186 55494 21494 9006 16555 13882 57248 41836 3433 69588 56532 61650 64881 26007 51463 14214 59877 21455 43304 37866 25978 68469 33634 45635 41505 67857 62487 55478 53377 17797 21947 72413 66140 16243 17220 64798 3906 68134 32790 25379 60666 25135 11260 33633 44567 9552 46730 15982 25128 36512 47052 61960 41135 43286 26016 49936 38064 23479 33504 12920 59516 1791 14034 5580 36688 8032 29509 73136 11512 65063 13480 55746 20762 20689 27825 41118 39835 48292 24904 23887 74161 43606 25854 54064 71282 66132 73806 45158 42844 2773 10501 31186 66063 41501 32874 467 58643 38825 1036 18666 19868 20469 17347 64713 75288 57230 2347 55857 61494 47386 9069 15772 67462 68708 48084 72323 9269 72462 16628 44256 48919 13980 57618 62505 37083 73116 58246 16360 46884 71990 24384 26201 46573 2113 40302 49295 1582 12284 4880 43796 5482 46228 73348 63847 29174 52604 63353 14024 51444 20426 9127 48177 44445 75450 71304 49872 11758 66728 64000 13600 58500 37387 62758 54714 55604 57207 67368 3421 73964 64323 45269 38246 9033 45729 67927 63468 37913 19440 53298 52075 14237 66410 1595 22564 40756 32689 58565 10033 47132 15363 20570 36529 5861 23165 73704 63406 50826 6886 61408 20022 47223 13024 32263 69015 46066 4790 9669 71940 39451 64526 7505 24391 60329 31574 9049 52549 71686 71981 57693 51255 45020 17729 2968 74875 18797 24158 65690 60908 41540 42882 75705 32107 56808 7398 42803 8439 27249 55214 30627 47271 69664 5700 16215 9412 49266 17643 32893 71584 17635 75341 49364 36018 12515 22894 5491 65189 65556 9800 37405 51215 2415 21124 14892 26984 27170 1032 9831 40934 13592 34460 73864 74892 22524 71916 38300 34144 40830 9765 71065 56253 35121 64170 10927 49635 72903 28143 19594 61023 70946 58496 71707 7554 70983 36285 15258 15605 52065 24610 11371 8153 3630 47038 65919 42844 9031 71544 17110 45901 33999 26818 35782 57362 74069 18500 67480 45544 48725 62943 51291 25861 5604 311 2137 67268 10708 38997 70608 42863 28028 40279 60165 13888 22284 46959 61124 36143 15544 4036 39932 49106 29577 18789 26002 44885 73323 51642 52128 71760 11982 62328 55056 65966 9563 69749 46640 67835 5426 24827 64796 75938 48144 45078 59486 69129 72632 47823 20738 75554 67358 64462 10441 1585 41983 69986 75721 6288 66140 35250 49947 51038 15300 34601 65214 50861 57672 40268 14811 27618 27430 3012 26670 45740 58176 73677 4583 1052 30708 49506 46309 71136 1510 57740 15825 66441 6280 69694 52449 6849 75891 21173 62695 48413 17268 59374 37812 31968 36390 3139 75472 76973 34010 15665 5575 16484 26708 36890 46677 75593 76320 59318 64122 54305 76281 30797 55124 45882 13854 47580 72699 49133 42744 10622 21887 16776 42161 2892 20316 22131 20429 15049 42321 59576 28615 325 57628 66726 22300 73578 11698 40650 66118 7117 36721 5470 40578 63261 42035 35753 12712 48672 3131 72640 28653 54234 75304 2869 61353 71042 12625 29944 36345 11656 75651 34640 34583 32485 9289 2334 6783 49133 16572 25879 19879 34593 34159 51118 48199 11880 21486 56484 65211 17383 62406 29703 29908 39489 58594 50255 61250 44084 19893 56513 70599 48222 52501 28492 14835 23812 20161 96 7013 59718 17804 19398 32657 24298 32028 1784 31110 58343 51889 4614 32035 24247 10520 14370 12209 8545 29859 30633 56294 26655 36181 24240 12773 67037 39143 56157 4873 20008 25480 54152 67761 13442 56196 9691 29028 49750 50730 46670 51574 8407 56757 54256 44341 50525 22468 15720 46997 51968 8719 29656 31148 67544 12778 65108 7681 59017 25507 10133 22619 10185 57426 19756 31725 4799 26186 45969 24584 39665 31109 6613 30559 45269 65734 31503 18226 3986 63213 731 51850 64502 50090 21639 47659 76923 68123 39285 50876 1231 58007 39031 20104 32816 11062 32733 1407 21160 20181 29684 44080 67004 64019 58072 14225 43099 796 12554 34770 21712 29207 76554 17648 5252 24807 67510 72708 46148 30620 18825 19545 7134 44834 33770 14887 75276 19788 45318 14562 10839 48756 11585 28381 4684 18927 29968 67878 30869 63083 41779 38622 66868 21592 14966 11217 34026 56676 2442 66883 30684 35798 18907 5119 68663 76177 11013 50409 17040 26786 57654 74936 44287 55924 37800 36300 41285 55506 36396 55895 62541 62427 11621 53299 54489 18658 39428 47410 39915 69668 73788 73466 19397 65824 33660 12742 71962 10297 13632 50599 22297 70177 6240 10954 50853 7927 31251 63465 55937 36115 60005 17492 52986 68787 29870 73973 23828 72336 51211 22195 6019 2244 52871 29847 71723 31729 26767 71627 31357 63877 41059 37083 76830 51208 10521 20422 62690 60866 26222 8654 64383 57108 51274 54354 23228 66988 14199 36988 28553 52816 49349 59569 54388 53598 68002 38507 20748 12546 22837 34675 63704 27476 33721 71465 43989 55761 33863 67369 20083 67484 56758 6826 74881 59092 4441 74641 47283 25772 14356 53342 57723 15938 40820 20716 3364 33019 70967 5463 16956 64137 40577 673 75148 16145 14341 5135 6023 26858 5116 12027 28684 64798 74847 67597 66348 63003 3186 62353 56690 35738 29725 64483 29991 1971 74487 27851 6711 50992 20738 2526 61363 33659 74807 30391 8268 8644 48720 71377 61789 3425 53457 66690 44981 42453 56819 71502 52229 27133 29183 51345 19339 40057 22614 73494 39817 11573 36824 9886 60151 50817 10416 41104 65219 61329 1076 65221 31232 45585 25933 931 45434 71779 47991 68059 25949 76265 11740 56463 24357 43277 35274 32754 75980 44161 36723 66476 19035 50315 35722 52474 625 31059 28054 46576 43102 26979 29948 18358 33080 35868 42955 14098 31576 67567 34610 16509 34099 1224 21493 38294 16085 33921 46417 31434 25459 73341 53480 64532 36589 71416 29044 42555 2361 52866 25746 11232 41483 67682 41287 22906 41774 16718 30443 75121 27489 14182 61904 60357 72439 3896 68004 42122 16112 58472 12769 47615 36852 20801 32282 6771 2031 18971 59990 62479 45337 27629 31223 2960 58422 14511 6189 29331 21511 23320 55912 64481 73951 16317 74436 25025 47820 38333 18708 40528 4083 58651 74530 71582 7143 17787 36453 33819 59480 27456 36519 10954 31076 4405 3384 68771 25200 75526 71551 39473 4642 39174 39376 32976 31041 46352 63026 28741 17729 29205 2221 21619 21211 6927 65344 14871 4929 3296 5664 26259 55711 19297 4764 24908 4693 5028 33012 54549 20538 9533 14913 5967 33817 49505 12485 12964 14512 75687 64830 57653 62862 24851 72889 23898 29712 35068 13648 36158 41362 33557 74197 61972 58172 8415 21464 55382 76243 18968 11070 37397 31581 33713 41046 12121 12160 5341 1161 29097 14562 23262 34772 75418 54434 13217 33356 30655 2827 51995 58522 40034 37611 42426 34102 5374 51283 60043 3425 8150 56814 35850 74087 46380 59624 51308 12941 24594 66454 8937 51921 53585 40352 67050 18816 58344 50015 60199 36571 48595 63141 73419 1625 12706 59168 28954 58886 32522 54310 72400 39278 48713 40484 58706 30851 66022 61991 2220 75134 24080 13794 67816 56846 24507 25697 43793 29188 45456 34899 48611 20731 64619 50522 18610 27032 3407 14200 63090 11950 47988 42889 36961 64865 67107 35346 14494 52619 33785 51397 9936 33216 32079 76214 70335 14083 25297 45443 60460 12322 37031 7104 19585 75556 47584 26731 47119 21483 36150 22307 3374 30137 67675 51988 59373 70823 51612 9439 54485 58190 15566 76316 19165 20289 24189 36806 10193 27799 7841 22885 46693 42100 69545 32209 16954 40872 60339 74501 13372 66347 71005 40234 71151 26119 27243 34410 46271 53633 45143 26651 63998 29634 6713 28691 19615 5596 29567 15523 69178 76480 54520 66536 24935 40171 50990 47897 41283 45798 39434 72855 24804 38097 20324 48137 34276 72626 10850 291 8206 62653 20713 31383 54705 72241 55622 21721 12872 40431 71647 74278 5900 67100 64300 33957 31021 66915 59240 74837 1893 71810 73523 60554 5521 64984 12715 2459 27056 3332 48022 55160 11144 60991 17601 53436 68167 25438 68456 7482 33954 64164 29050 27626 18783 37572 30992 70313 49471 31121 15477 38601 7578 12389 41878 67076 30335 44859 60377 69190 26062 44257 16673 39650 52290 76965 34636 15064 867 31176 67199 29535 48041 57828 65376 52490 19417 71942 60147 24822 32284 8089 2900 38169 34003 65058 71199 67782 7489 61254 28133 63539 65691 37780 7019 36100 53814 21229 62644 7036 65273 29373 42865 7852 50439 18916 46883 8640 4620 34602 31372 74527 70864 74968 62162 12279 24241 14732 40581 74740 23818 50418 32675 58363 66406 16635 73604 57414 47284 62509 28219 52035 47562 7895 42401 32706 30528 24492 6054 13077 39516 30392 1893 21746 27895 2828 7163 2961 60741 23014 3080 34753 59759 11518 28343 46500 35302 18711 74820 15591 46091 31892 8633 3138 35472 13907 58788 51640 70770 11662 58945 47305 19879 30421 56234 8083 29653 65264 6125 41481 46601 44899 38803 54903 37636 12175 75454 22479 16136 3251 19797 56889 40518 41812 1761 60383 1935 27584 19632 9812 69114 76951 14606 43253 58257 38376 12093 37443 26763 76206 62119 66930 28132 8170 41634 57792 22160 40152 1473 31344 40132 28726 17783 49561 16638 38216 44125 15705 58436 71833 37628 64849 43782 40852 61739 2026 52519 20198 61716 4240 60432 43234 59553 44267 10386 53901 28156 76948 4604 2275 59754 69929 1823 35918 57352 24999 66465 19892 73882 73934 29209 2243 20786 45240 34264 4158 35981 2489 1752 58676 58657 8569 52817 15067 38379 48238 53081 2089 15224 7391 16191 37899 10999 1332 24056 16891 73020 44361 3433 16825 66411 3232 1456 2120 48261 65898 6258 36556 17176 71662 50436 35038 75036 19244 1241 67287 38241 42255 26925 40641 68427 11285 52824 43598 16959 58459 64980 21760 14887 15127 75460 55118 3665 60065 68066 42772 38164 3389 35386 61690 22097 19788 51732 7171 61955 51695 55963 508 73580 51055 4703 73639 56141 59349 39725 58576 16107 65394 45561 6639 66456 25574 7993 29120 76797 29219 59363 335 67749 17058 21414 19388 17480 46357 20453 63366 44021 18839 69291 1070 40100 42998 4036 60891 6882 14846 72381 11221 24455 57470 40416 33810 67810 70023 40866 5100 74065 10662 56430 4119 71165 40838 46032 581 32914 48975 60957 73892 31423 6532 73313 26432 1916 31143 13383 45416 11124 18505 36875 23233 36292 41070 21036 22487 57679 8965 42369 70521 36874 9317 11737 64587 73609 45465 60688 2877 53341 65265 36167 75626 56012 74483 10231 6107 39882 21663 5103 7886 58427 35256 18390 11526 2813 66022 36901 49242 42825 43070 36257 66081 4047 49986 20883 62500 53416 4129 5993 1043 26140 60153 14353 59347 58229 42554 61090 61482 39040 54494 66926 68181 3953 6543 69513 2675 70982 75788 37276 17785 720 7581 72424 52191 68631 226 51263 39629 52885 10140 50328 1 25595 21867 52305 32738 44113 44570 38247 18468 39816 51020 70719 74597 48762 68488 72583 59896 71219 6557 33419 45746 69592 40564 26958 47674 12374 40999 1248 55282 69988 38777 58390 18948 10658 10442 67392 1287 31860 67861 13809 51476 21459 8345 11300 11374 40583 54853 75415 3650 24389 51412 64408 23022 1100 62356 57688 30902 45906 40983 43115 72883 72688 48305 366 50356 55386 11859 46778 67197 71486 24953 72442 17985 26586 75356 3071 62857 6690 66897 20150 16617 61538 43012 11698 7364 24729 65022 39107 18353 19896 653 22879 11914 48884 49971 33028 65989 52760 59770 40447 11299 6568 40769 6315 34940 61848 10058 8939 53392 69133 52060 35384 36192 35216 56025 14615 20468 28516 19859 63554 17107 847 19617 18400 75708 10762 38616 6211 1796 71911 64184 66299 57143 15007 36959 26462 9738 4644 55370 17425 71833 26454 60092 75564 14961 30863 66660 14389 5010 17756 5825 3217 32935 41583 74287 18215 22984 61419 45228 40527 37762 46571 64723 45148 64487 21256 30563 68147 50540 52909 76250 46306 60028 65593 25744 5305 36941 14185 10838 50106 7678 36889 37045 15339 70599 27820 20679 29158 34491 18069 39774 55208 9252 36898 56636 70779 49952 63957 72267 28023 18930 60511 30266 74068 9210 45189 44923 37218 48625 65315 71511 9970 36073 1011 18933 28998 27770 65138 2641 19039 69000 30574 7758 33307 48263 15893 75903 62752 36286 4688 1561 52668 20685 46366 53066 44649 31379 44993 9978 4 73163 65786 52917 32461 67338 7899 43322 40581 2581 72708 75814 75207 49495 19904 26022 3911 39838 42939 47282 65086 30010 56367 26773 75679 11891 35764 17395 61940 48616 67093 24375 26935 54357 38939 54276 39049 9320 71957 13490 41227 12041 59756 2780 12315 1058 42703 20310 64120 28654 32162 21094 64754 8833 51742 50350 48209 10002 15215 2616 21276 41931 58375 25081 9479 65781 3389 70204 40164 51304 35419 45949 40883 4739 65385 63826 7065 70636 697 2034 26473 9124 75740 548 41564 45908 65024 5187 12434 59064 41311 55522 14219 18044 67825 36946 71222 44346 19116 1075 40759 54764 75478 29673 30624 63088 21568 40073 54167 71696 15841 63473 51457 76268 47335 72298 19948 37812 34416 20954 27968 22961 48453 45721 9084 16113 54684 75080 8405 8015 34093 45821 49471 53921 53806 2552 13294 6966 16856 32739 22743 53935 73796 16640 64009 57272 11574 27285 47589 73003 61089 30234 2441 45258 60041 34527 39455 47328 51559 46461 46230 44654 4952 4791 50894 60356 47971 50392 9133 16425 13395 58676 36206 16691 66986 40788 46307 2774 14529 2169 47012 71910 69320 30786 14336 69323 13321 40327 21901 47734 9595 65584 50268 12602 1168 24178 76841 63609 29704 63851 6212 51737 50107 8197 32216 18019 8593 8352 66255 49773 15997 35469 76940 62221 29892 26647 41564 75481 62435 66987 32179 63125 41504 48330 24539 12942 47685 39655 46971 6985 40499 8148 59487 21920 21302 14692 4478 7660 32566 58492 20122 48201 56161 15475 41808 30081 13758 61363 32103 43137 8868 57732 31459 20597 40797 14478 20258 43956 51720 75213 34580 18463 65225 45639 36706 73174 65821 337 62645 53084 26162 27583 44258 3286 17429 1775 44532 41479 23027 35899 55162 11571 36059 23743 15062 13972 54437 57179 72937 65572 12668 6538 56823 25452 60978 60033 66972 29743 8549 32860 38695 23751 32489 33960 39855 51158 1526 30541 57882 56702 22310 23417 28804 30505 20148 17695 69942 68972 38936 25105 35574 64660 28052 22548 56638 56692 1813 25209 59455 6008 47673 60664 63968 73050 32776 25939 14713 56164 29164 53328 19241 40101 39523 4471 27248 54558 16084 73007 52557 38758 20640 17811 38126 50390 76996 34341 59942 65132 48631 26903 24864 36941 45881 18423 61012 35527 71165 5373 58870 14037 34414 51542 43422 33388 27883 15769 17415 41416 49478 50029 502 73646 28342 13291 8562 38681 66695 59629 70812 22477 67057 67149 2875 64719 8718 39435 68130 34449 56813 71618 20230 18225 45948 75397 59459 26714 30991 68662 47734 56784 828 4127 57372 68285 69926 15708 68112 15910 8282 12337 5450 70022 50728 30835 32843 25249 58526 61208 12226 51367 54019 42152 8392 2816 45439 17026 76166 40753 44930 73940 36098 76511 58218 14309 14160 14146 34309 56518 72100 66665 34576 67630 53806 73601 45622 33951 3685 18395 24711 52666 60145 47664 2366 7279 1337 47163 40599 50269 17335 71689 3353 27236 45723 68545 40980 21300 75242 68290 3174 50690 51544 58082 56605 25319 73606 40566 66930 12385 23228 28249 23966 31617 16238 47606 44767 63394 20140 57014 40914 46626 8721 12502 66099 37408 43393 63388 24840 70584 25167 10236 19103 68882 75622 37941 35924 70558 72373 13659 58314 60199 62009 35304 36770 9434 27707 23635 25360 57406 17577 16163 33321 44346 15439 59205 32107 16133 26336 64321 31432 38298 66714 15466 58065 17253 45989 69347 25077 49479 10473 63556 48606 61170 30553 7990 76887 97 21752 67494 1836 59459 43813 61302 68429 62692 18768 52542 54619 35817 10381 24705 57988 56634 27213 73297 22130 28809 67381 43739 51795 71394 13412 75893 74541 20465 64489 12603 74408 10292 21896 59358 10706 35343 28223 22616 4010 74566 46913 70337 19061 53815 6161 13568 30687 59225 24593 7314 60287 47726 29788 1702 44181 23349 32912 64899 39506 44226 20944 44377 44388 68403 53639 75502 64576 9407 51509 39311 63094 39297 26086 39340 39117 52001 53391 70060 72381 21659 47319 68059 49433 59553 69963 18608 26035 22546 15742 3982 42706 58859 62969 66472 54675 73873 36644 11622 29550 7203 15705 47401 46987 19355 47670 2677 23053 22200 75970 13667 75112 11160 25927 45619 43770 11998 39432 2203 52943 24898 4162 15657 38827 15939 74404 2111 70827 22184 66737 49899 34977 70558 6287 1667 14684 51615 35686 41187 24001 2091 29947 438 58836 73192 1935 38965 71989 59945 2135 10151 73085 65084 71028 62146 75250 4885 45041 60165 54725 4433 6332 60209 38106 58056 71159 60490 45869 62351 43764 61315 72108 74641 19980 671 10567 33350 4850 15462 27403 76789 75006 71509 9183 34506 68035 14061 2285 33221 9209 33933 42936 72754 62678 47059 7940 31655 5074 8198 37315 10929 8844 57609 75981 32628 62558 44753 59634 63527 14744 63815 41556 58069 34025 5230 53538 61634 41204 49910 62566 74371 67289 43213 12675 34525 27217 59237 60708 7407 8947 13833 35373 3424 14717 44802 19114 19282 9296 17576 14977 15270 54400 7163 30675 66793 5452 38550 25820 50741 72512 34688 18297 33610 22708 75416 24637 69834 52920 64624 5805 59415 6292 12099 57653 18660 52371 18861 642 11198 311 59632 26152 30731 47482 27604 56872 33222 44663 21902 29548 320 19535 40361 40348 4783 46772 19286 24541 52534 19526 29325 2039 12583 65844 31499 42726 53031 10558 10766 55282 22913 63451 33223 13079 22325 45400 55939 27766 18755 64356 44000 75442 49921 68233 50243 31216 16218 13827 59648 59700 73870 3128 3078 24554 21226 16148 22628 27163 32423 50255 30414 47495 16130 42935 49528 33996 55981 66094 16509 18544 25351 4470 36762 29882 64921 71353 27796 3038 39713 30755 2189 53899 52680 73845 69979 24571 75414 835 68951 53225 34289 2489 8672 11810 4281 18146 16281 68308 47684 74034 16535 4676 45393 59 4752 75735 1085 70514 12771 20137 41960 15022 44900 28502 15134 59139 66615 31045 34681 55889 45617 6048 4292 33046 64639 65726 62462 13263 75790 44358 20433 59346 19571 71132 21307 30197 39668 32119 66733 17033 74016 72302 23830 57615 2701 8596 54632 17748 14064 15302 4739 76285 4416 47781 15168 45485 46067 35720 50905 51836 6869 31288 72758 55101 1518 3502 3690 4836 45725 45316 8522 56825 6788 55485 18682 36561 24836 54763 24042 38176 41940 1343 22000 19768 11277 35852 27500 46656 56295 15845 40733 57526 4917 34167 18948 16780 29505 43882 65743 35503 39326 2581 60114 10165 12930 58476 14736 29379 33250 43158 60106 1641 43217 6666 64496 10047 43514 32181 7735 64603 15386 12544 8753 56985 3114 59709 62767 4943 64723 63911 43982 8450 70474 26623 76911 67580 70469 58409 64227 42741 9326 4924 7332 12295 70912 18658 66847 32025 53923 19584 61319 58592 58189 35128 2172 24627 8320 40539 69324 14195 45670 65104 63301 9840 50469 24839 39430 68766 18557 68018 67134 26464 44655 14457 4630 54994 5355 71030 65198 9187 75771 20912 39337 58476 18899 63058 53847 68698 56395 20074 22163 36613 54722 36759 13453 6867 57089 23368 13617 47547 58154 57910 11395 9250 830 65076 66294 552 8999 19397 10884 36101 18444 24158 48509 39276 30804 46992 50365 56761 71889 2658 20344 59296 36960 62949 39783 14118 60971 22490 54939 45697 31776 5626 18160 24153 35517 31496 27352 34033 62278 7474 62128 31260 38762 45439 17147 18978 64614 50647 46996 58996 74827 46430 69365 6136 61603 12479 61022 31698 43549 21417 15602 14509 50721 76518 2159 53881 69680 20313 68390 54298 44131 58703 56958 64628 62386 2609 32983 12479 66496 55074 5184 70884 7226 47276 68300 67015 8112 51621 55514 11243 32180 40174 41631 52775 7016 66836 7118 35373 23465 54577 59081 1749 55147 8278 57808 41572 65131 7082 63946 63024 49007 76268 35215 31429 67301 47571 73988 5540 59969 42098 74289 9411 33272 23121 47575 33725 44725 46664 64950 31092 18200 73959 29493 44042 35246 4149 47939 10445 6580 23016 34445 17964 29734 63766 58254 5029 39279 34759 20766 29458 28629 2959 5093 6674 62118 31710 35971 10036 5497 68422 72808 68780 20099 50623 30813 31359 51119 
