// periodic
// number of jobs
1
// pi
70
// Cycle
100
// aperiodic
// number of jobs
1000
// pi
37 38 25 14 31 33 15 14 3 39 37 10 8 10 5 41 3 17 13 47 59 56 2 54 11 35 23 47 11 4 57 29 52 40 16 3 57 10 9 1 41 33 28 41 14 28 13 51 26 56 56 10 39 26 50 28 35 28 20 50 37 10 22 49 27 50 48 55 58 17 7 39 30 11 23 25 4 32 7 9 11 23 20 6 5 42 50 11 48 54 41 40 23 24 18 38 31 46 11 5 49 38 5 6 23 52 51 11 47 56 1 59 24 57 56 56 21 19 46 16 20 53 26 34 13 47 8 26 46 10 49 55 50 6 10 41 23 39 25 50 22 52 57 41 26 54 53 43 6 12 53 53 36 27 5 34 45 4 4 59 39 4 49 19 43 10 52 8 12 4 23 52 50 23 59 51 23 42 16 16 4 54 43 37 5 52 49 59 46 32 8 32 51 51 7 41 54 46 13 50 32 32 55 19 52 33 25 2 47 23 25 24 41 41 32 24 31 49 45 22 58 45 4 4 27 4 58 24 26 54 46 35 18 10 52 23 48 16 54 55 32 34 9 13 24 6 11 39 42 54 3 33 25 48 37 34 18 38 45 49 55 51 26 36 1 55 16 55 41 5 37 5 32 56 53 9 15 52 22 4 55 41 8 5 4 19 36 37 8 43 18 20 25 12 21 41 43 9 15 38 59 7 53 44 11 41 17 3 24 33 54 28 14 21 53 16 48 34 49 59 21 6 56 1 36 40 28 51 11 23 28 3 32 23 53 16 55 57 22 51 47 46 11 24 47 42 16 9 23 48 45 35 11 22 12 56 32 54 46 8 7 29 51 25 48 6 49 42 31 19 6 27 56 57 47 41 17 2 17 14 4 42 29 46 37 12 28 10 31 27 55 57 41 23 40 13 21 10 23 21 34 1 37 33 5 2 21 33 12 35 40 8 44 47 57 5 32 30 22 49 18 12 30 44 21 1 53 48 42 15 46 55 34 43 38 29 37 17 6 54 48 52 59 54 59 4 10 32 54 19 42 3 38 31 32 45 5 29 20 51 37 33 9 20 54 27 3 54 5 34 7 44 30 46 11 7 6 45 19 27 21 35 37 38 44 25 49 18 59 45 21 31 40 13 59 27 24 9 31 22 45 12 2 24 29 14 32 18 11 51 49 44 32 37 55 17 15 59 37 50 5 33 58 58 37 55 30 31 49 2 45 34 47 39 18 32 25 42 24 20 21 19 33 8 11 20 8 20 31 33 12 13 15 46 2 30 21 22 36 1 52 6 16 43 17 10 11 42 31 59 48 4 39 4 41 59 46 12 38 8 4 47 2 37 51 41 39 16 33 36 55 17 39 23 51 45 30 6 52 14 19 4 58 22 36 7 44 11 13 8 37 27 16 16 18 46 7 12 13 5 58 1 49 56 28 29 41 36 4 56 24 45 47 32 8 41 19 55 6 29 28 55 5 2 8 48 1 22 24 54 1 41 15 41 32 54 21 7 7 23 53 17 4 38 32 42 18 43 57 45 7 18 59 22 21 59 18 58 6 37 5 4 54 43 42 9 25 45 22 58 37 12 24 47 34 35 42 9 14 37 23 30 28 42 40 9 41 17 15 53 26 49 48 11 2 23 43 40 26 51 48 47 52 53 2 17 18 5 41 8 37 11 33 41 56 54 58 16 44 5 42 10 28 18 13 37 36 45 36 51 30 43 33 20 59 16 12 8 41 14 4 29 2 25 53 45 17 18 24 21 40 10 49 15 29 8 4 9 34 4 16 4 23 42 57 31 34 35 46 49 29 55 27 6 59 47 53 7 33 15 36 21 31 50 43 21 12 56 32 12 36 7 17 26 10 39 58 15 50 57 59 30 9 16 7 54 3 26 17 33 31 44 18 7 22 6 39 2 36 27 30 14 37 5 4 7 47 58 38 25 44 10 9 31 7 30 52 42 7 6 49 44 24 17 16 18 13 57 57 34 15 55 40 58 9 37 22 53 28 42 31 54 7 9 30 26 23 7 49 25 58 45 49 47 24 27 10 4 42 49 19 26 40 40 30 8 22 59 15 58 5 35 25 45 23 29 44 14 40 58 32 23 34 7 23 3 27 51 49 58 15 56 51 8 7 48 18 8 55 35 23 55 33 3 57 35 9 4 55 50 41 19 55 11 50 1 54 56 36 46 10 59 44 28 42 31 41 50 23 16 21 6 25 15 15 35 58 41 1 58 2 15 51 29 6 27 48 50 49 6 13 27 31 27 13 14 32 30 7 32 
// di
9 2953 248 2246 1904 238 1829 2518 2889 1461 838 117 899 875 632 1213 899 1458 671 1703 361 132 24 2696 1542 1547 2189 1328 2360 37 2804 1799 843 902 366 864 483 1214 1293 69 9 1467 851 2745 2798 1730 463 2112 1014 2351 132 2629 968 2781 1010 440 2041 2431 2059 1809 966 38 2905 1557 913 2509 2636 2299 1207 2832 2057 1342 1207 784 1711 1468 1077 25 592 1458 63 1508 1145 2520 330 674 1933 921 1521 819 2550 1351 1894 896 467 1129 1002 2941 713 1093 949 1286 937 1137 1110 801 2997 902 674 764 841 2723 701 826 67 1773 311 1060 2100 805 1879 2794 486 2587 908 1749 188 2673 1203 1234 916 2836 1970 1942 1058 2047 529 2423 120 2073 2422 145 2321 106 2388 661 376 984 2707 2999 341 34 2635 2838 2569 120 87 399 985 1072 2822 1892 2592 7 1316 2949 799 1729 2282 187 1301 2258 1667 1931 2238 2525 1288 1529 1859 2292 479 928 1679 844 1950 2836 1207 2998 2294 1321 2092 2955 516 1546 1388 1972 295 286 2706 2037 1815 1553 1276 515 158 1135 2876 660 850 301 1993 608 2614 1372 1500 2865 461 2870 2386 927 330 2066 2304 1191 2188 501 2142 25 1521 2202 1258 1473 265 1046 1965 2169 23 2611 401 1794 606 918 1693 161 1294 945 1033 1097 2258 1498 483 2594 436 2943 1370 2848 1172 2221 1884 2893 2732 1184 2237 2083 124 2183 2302 2140 1043 1459 624 455 2866 1363 421 99 2148 2172 667 596 1269 2258 1515 744 2248 2771 2005 182 2958 531 1514 2756 726 114 553 1061 900 2262 159 56 2333 2289 584 2693 1832 543 584 849 2707 1481 2403 392 1039 2382 264 2931 2492 1220 321 2327 1509 696 385 257 380 43 2871 605 2014 1716 2410 2448 2518 2307 1257 1786 66 269 233 2333 2136 1126 1449 2867 2050 2832 1896 375 1651 1722 536 2162 1864 2960 1519 1268 2710 2565 621 295 216 1548 2652 284 2382 1610 1820 1143 244 1231 2474 1290 1217 2698 1377 1684 2506 887 2106 1075 147 1315 2661 1214 2405 2651 41 2443 2922 2842 1210 1768 38 2211 1952 1542 414 413 1521 2583 2072 2423 1533 779 1739 994 2451 727 1568 1886 1560 1242 2353 820 972 390 1953 2686 2726 2640 479 1642 1132 2448 892 2906 818 2396 2158 1289 968 40 1586 2030 1587 73 1324 1846 1607 122 1533 2363 1993 2012 183 1235 393 2113 2512 1769 2967 1531 2741 56 2312 2569 2716 184 1139 1375 534 1106 2787 2517 2303 1870 472 1509 2349 1686 2448 2776 2162 2390 669 2167 1934 2229 1010 2989 1293 2753 1892 1757 1850 1091 1250 2424 731 2402 2310 2093 2858 1593 2835 57 1792 2445 2841 1817 1836 1293 451 1396 968 2113 231 744 617 2294 338 385 1453 167 362 1081 1954 392 2916 2074 2030 1907 1893 2899 82 97 1103 1225 300 1075 553 2065 1033 2926 2182 777 1501 1171 1627 105 2608 248 2858 2704 1298 800 2139 1583 1441 509 2287 1218 2542 479 2653 2636 2103 2781 2676 1867 1842 1274 2780 22 1960 37 730 73 2781 324 494 1340 2622 1401 1998 209 1318 2714 1476 1548 1224 434 2368 372 1058 2901 1311 2059 345 1793 1434 2198 1427 170 2867 657 2143 1934 2112 2549 1490 2861 1418 120 989 316 1375 2465 587 216 324 1699 825 159 2000 1313 172 2629 2048 2295 295 1296 1952 49 1598 1732 1443 2326 2525 1704 1471 629 1637 371 1369 1229 509 311 1686 892 2200 344 1113 1105 1787 694 1469 304 1833 1336 625 15 1224 1256 2778 1189 150 797 746 2941 2883 1065 116 2972 1888 2059 1054 2484 22 468 2048 2434 2923 88 2403 429 416 582 2164 2963 972 1825 2913 2703 1348 29 2170 120 315 2637 1191 823 994 2257 560 1360 1588 795 1029 1265 946 2312 1223 1269 1221 489 2620 1120 317 199 2164 1250 2392 2565 2656 1368 1234 1965 638 724 2230 2043 2170 773 2164 555 622 283 2818 763 2350 2439 2934 741 397 122 1768 2706 134 1424 201 370 365 1874 286 1870 2889 1083 1431 1319 476 1470 1766 2362 1462 1880 1421 2685 399 1874 813 271 2632 2200 129 2444 1155 2453 1273 1954 2548 1748 1641 728 2979 2728 2248 1580 2615 2414 1427 403 2308 872 528 2101 2296 1239 1872 461 2844 1457 1558 2731 2789 405 1451 1294 1267 2154 2681 2412 754 992 1784 1448 578 2712 1419 657 1728 161 2042 431 1833 2719 1125 1618 1183 1336 1715 1744 748 496 896 466 2866 197 1126 1748 2976 1 1013 777 1533 1665 624 2106 735 2159 1777 1558 420 462 582 561 445 1714 2544 2476 432 1653 457 236 891 1221 1795 1044 1425 2047 1628 1920 2034 1443 444 130 550 2072 401 1687 1460 2262 1887 1715 2104 2094 2312 2281 1980 911 1579 112 826 2969 1005 413 1912 1767 1969 1190 45 760 1436 1244 2391 15 779 2403 239 2490 2523 2218 2426 1465 535 13 243 2590 531 2080 1431 666 1245 2445 1459 2929 2019 738 2614 2752 2661 1589 470 2009 537 45 1648 1816 497 2282 2307 2236 834 2684 485 2184 1492 177 874 1211 687 1297 123 1078 242 2099 2191 2194 1984 1078 2711 1542 507 2545 875 1841 596 2665 2348 1055 2894 2744 2514 246 1100 810 2023 466 2048 2057 2935 986 2074 1878 11 1397 2804 2615 1301 1229 1646 2568 2269 1640 2771 2826 2357 1985 1626 1630 1679 1590 339 1483 2193 1461 339 2732 2200 857 
