// periodic
// number of jobs
1
// pi
30
// Cycle
100
// aperiodic
// number of jobs
1000
// pi
21 78 128 11 122 97 106 54 123 70 136 88 105 36 34 85 55 54 37 52 91 9 92 71 19 76 53 130 61 32 132 81 48 128 19 7 27 20 77 132 73 90 92 105 77 113 99 29 83 13 96 49 121 63 116 77 63 23 38 115 98 60 137 40 85 12 126 62 78 139 99 37 129 55 108 33 35 34 10 56 128 71 12 26 132 93 51 30 101 21 10 102 97 10 12 25 130 137 79 37 126 19 114 89 127 99 4 95 55 20 20 71 59 78 111 113 70 67 22 4 45 129 122 131 90 93 128 70 120 35 5 134 72 29 62 47 57 5 58 135 113 70 78 43 32 124 34 95 137 77 43 20 49 129 9 3 85 41 67 31 52 113 100 90 23 55 23 122 27 133 80 2 79 66 102 79 20 101 82 59 100 77 73 69 49 97 71 15 46 130 134 47 71 129 135 138 107 49 135 66 86 40 102 124 49 31 121 30 122 51 100 81 28 72 128 17 100 63 115 5 86 134 31 88 96 58 103 133 94 92 76 53 116 90 51 80 100 63 111 36 75 46 35 90 139 74 129 40 66 23 64 58 4 83 102 49 50 85 40 18 22 74 122 19 38 24 126 124 73 99 89 126 114 36 118 18 71 21 88 117 48 71 77 1 60 12 50 56 58 29 69 77 51 12 5 72 48 63 80 138 67 44 41 2 134 134 11 66 108 116 40 76 137 28 34 46 89 16 20 29 64 134 67 52 51 130 75 40 56 69 3 24 135 51 116 121 38 103 121 43 73 91 53 136 8 53 52 114 127 59 129 75 37 20 117 108 49 85 65 38 68 108 45 129 60 46 103 94 130 27 23 4 31 67 71 74 14 47 24 3 133 40 128 82 73 13 66 138 39 94 36 63 77 86 131 115 130 51 83 130 42 119 113 94 40 100 103 74 123 112 42 92 79 49 98 110 28 18 123 14 6 111 127 48 86 70 77 136 49 96 112 97 104 100 81 36 83 62 133 134 38 44 89 34 70 15 89 90 39 121 87 4 82 65 104 106 68 6 24 127 12 26 18 69 15 123 100 21 30 73 93 114 21 52 44 139 86 133 73 53 71 33 64 92 14 112 65 114 69 30 128 15 122 113 49 95 82 64 126 40 42 8 36 75 115 10 75 86 77 101 73 78 74 65 107 43 137 7 55 74 102 54 101 69 115 113 134 2 87 76 101 105 99 71 126 51 100 121 99 97 41 63 55 73 117 106 7 19 34 51 73 130 107 3 30 104 115 53 139 76 61 4 45 3 119 23 94 65 11 84 32 120 81 125 54 16 57 92 12 108 37 101 83 120 106 107 23 61 8 56 52 106 38 26 50 54 17 61 81 102 22 65 51 94 60 120 69 37 35 30 108 111 111 124 66 125 26 42 73 42 80 41 18 19 7 122 13 2 67 7 26 89 137 28 92 119 94 82 14 87 12 76 22 96 59 87 70 73 17 83 132 39 36 41 91 21 39 65 103 40 120 8 3 110 81 51 52 32 139 117 45 12 113 67 27 88 26 35 50 71 71 25 110 45 28 93 20 99 14 44 19 80 30 54 46 107 77 106 109 16 47 95 63 57 18 75 52 8 109 81 124 56 77 8 103 14 7 114 139 30 132 131 107 24 73 19 5 2 2 41 86 72 67 67 13 94 110 29 3 16 98 10 59 107 49 93 8 46 32 119 6 7 65 131 38 32 67 90 64 25 92 97 65 119 43 45 36 43 40 52 138 118 31 80 43 117 1 101 36 20 95 84 118 59 89 45 49 61 107 36 22 58 51 10 58 93 24 112 79 101 26 113 60 8 98 135 4 98 98 137 102 31 12 117 5 9 117 55 49 94 2 31 27 12 137 42 18 108 8 37 61 73 37 93 74 133 107 81 120 9 106 74 25 117 139 41 56 123 99 50 16 80 45 134 66 71 12 139 76 43 51 58 15 80 85 10 69 99 70 105 66 96 97 126 12 107 120 120 3 108 7 127 41 15 51 137 88 64 111 138 71 38 86 9 32 83 97 108 107 39 102 65 3 70 84 116 131 105 93 11 51 49 66 17 70 71 34 92 73 97 57 68 44 91 112 99 119 139 6 107 130 100 64 112 106 90 67 76 119 84 30 83 9 108 136 133 16 54 23 41 9 115 101 2 81 123 69 62 20 47 44 64 26 136 52 98 88 3 24 120 79 62 115 139 139 108 57 49 80 138 134 107 88 22 20 104 74 89 97 29 115 88 94 116 87 131 136 42 14 138 
// di
3184 6389 6326 1490 5217 6245 632 45 4918 5992 5457 6869 667 1566 3033 4193 1333 6099 6574 6325 1025 2597 4248 2851 5591 436 3476 2034 6374 5475 3724 5753 915 4609 5830 3711 612 5372 5933 5928 732 1751 1421 2551 4433 4070 4715 5019 100 3406 877 6957 1971 1555 272 4941 2027 4094 1245 3704 2246 2542 6419 294 6715 2129 3324 4553 6909 4887 283 6032 6314 6289 2630 5199 6910 1348 1586 4296 1581 4697 6452 2988 4868 3656 72 619 5974 6845 1093 5611 4995 1503 6418 422 6922 4980 4685 1817 5789 2937 2828 515 4087 6268 1831 6892 1121 4463 6715 3376 4175 2729 1919 6798 5463 997 5213 1590 6019 5000 1481 532 6194 6736 3477 4246 824 4228 4852 3125 5393 5367 6699 1627 1734 5240 1748 699 575 5112 1446 6553 4362 5221 2106 1057 3851 959 3286 3097 1643 3496 4975 3084 4689 1613 1745 3735 529 3899 4989 5704 5098 1552 4803 4061 4812 125 1444 2936 4166 6168 1669 877 522 3806 2393 5007 4432 3410 3141 2435 353 378 2214 1692 5744 174 4920 2595 557 2294 6925 2790 6291 4649 4000 6843 2851 3199 1071 3660 683 5354 6765 5811 5438 3566 6066 4 6228 1715 3766 4634 3935 5566 3733 1178 5809 4072 3392 641 4159 4935 2788 6226 5537 2464 1054 1879 334 849 614 6417 341 3157 4345 3294 5516 4474 834 4291 6602 2645 1859 4639 3094 4078 1866 5205 1838 6507 4452 5118 5312 1844 1631 777 4020 5478 3300 937 2468 6790 1733 3665 4296 3327 4685 4237 1376 168 1341 2502 5698 6646 5608 918 5732 5105 5047 1641 5091 6068 743 6845 4215 4485 1111 266 3550 54 3320 624 4333 683 2267 4718 3660 3020 496 5048 3708 2933 3439 2997 3856 4596 5035 4618 1585 1330 4926 4331 3938 203 6055 4572 6519 985 665 4371 6286 1770 1844 1369 3852 3721 5788 3566 6632 2947 5441 29 6336 4948 839 3450 3967 4517 1653 5411 3199 3446 5452 5412 4659 1273 5621 5805 1376 3686 1028 1140 3751 6663 5292 4632 2374 1818 2079 6306 5375 4775 3315 607 1613 5315 53 586 3385 3586 2798 6587 33 4970 3411 5546 32 6991 5869 4190 3659 4814 2519 4187 5398 2068 6144 175 4501 1091 1798 14 4653 441 6963 5426 6448 664 4463 6341 3269 5294 1306 3624 226 6000 6857 3189 6178 2114 673 952 4965 1787 1765 4510 2104 4128 1833 2407 6067 4179 4583 5793 3932 2073 4162 954 3518 3151 4189 3124 3275 1611 858 2622 5151 2671 5110 5959 138 5658 5531 4958 5146 3733 3932 4404 933 6371 2806 4812 5765 6285 3674 6329 3779 4294 2570 1911 2795 3699 2178 587 31 6778 6363 1020 3693 2185 3394 435 2534 5570 2964 6123 5359 6371 6874 3256 4953 4360 6809 4307 2930 6312 722 3442 3047 1013 5019 80 6438 451 3592 5623 3089 6430 3914 4115 4342 6219 555 2324 4124 5050 1585 4631 4792 3772 4703 2803 1458 4555 3273 5781 3165 1340 3115 1554 1659 2876 5611 6887 3573 3054 4205 3241 5801 6188 6478 5240 2710 6487 3808 1463 711 1779 14 4235 714 3842 2749 2412 6476 1995 6949 6659 2184 4417 3395 2421 4505 3644 730 5418 3799 5339 2320 2724 5568 2091 5645 5651 4313 1855 3442 6197 2808 5411 2668 4829 5212 1050 3806 5183 91 5670 2018 458 111 5455 228 4502 2970 5530 5491 1938 11 1820 154 1643 1366 721 4009 4847 5826 4366 1646 869 4156 6652 5050 1846 2207 3543 2456 5983 6538 2726 3890 5281 3855 2089 6543 6637 2209 1993 6689 2427 5822 6265 1501 3267 1491 615 1824 5864 2073 6883 1270 3753 1308 1394 2772 3993 2920 308 2032 1661 3191 328 2948 4131 6548 1872 6658 560 5674 6067 4942 2303 5075 3629 3746 379 6513 2899 109 6901 2762 2684 3861 5214 4688 4045 5210 6847 701 5015 2329 4158 2822 3586 3118 6752 693 3056 3243 5559 1054 1640 1243 4819 340 1328 2172 436 1303 770 5710 6955 2775 1649 933 3149 488 3395 2576 3096 4028 3773 1310 2340 207 6011 6253 6387 3361 589 1550 5456 5105 6928 170 572 6675 5716 1805 6082 1459 2328 5766 3026 1078 2989 1083 461 2031 1660 3436 4632 5934 2131 3592 754 2633 1729 5742 5974 3658 3663 6834 5493 1547 1702 103 3821 5646 1636 3047 5915 6935 5298 3713 5410 334 3419 1620 1369 3664 4849 421 33 6277 5772 1876 6250 5398 285 4082 4943 1236 232 323 5565 2401 694 5759 419 3204 5166 2979 6503 4220 4258 4388 2049 3676 3055 1946 1710 5975 393 2443 5380 429 1373 3105 3702 6683 1256 1415 1374 625 40 4237 2642 2865 4076 3074 1917 4291 3512 5332 4156 983 6072 5805 1881 4810 1978 856 4578 1941 5958 2026 5825 2348 4643 3294 1227 4099 3692 5130 2733 1642 694 1609 184 4171 6900 6937 2925 4940 1279 2921 1384 742 4855 3045 3468 3341 4651 1463 3021 1949 1438 2631 4621 4357 1800 2982 6707 1586 1729 5578 3622 3728 6834 3507 6649 3194 412 4348 5116 1139 6997 6987 2921 5804 5387 5002 4218 1162 664 6320 6789 573 2786 172 2673 4737 6342 5102 5847 3191 2761 105 1120 1709 3427 5865 3513 1763 1745 2654 5643 1510 1511 4975 6638 1989 6363 1578 5789 969 3344 6785 1924 3914 5880 4344 77 2198 3491 401 857 6613 1293 6606 6038 1466 4445 4552 5602 4787 5299 6027 3482 2265 2280 4708 5540 6122 4783 2992 3374 4855 2513 6874 3702 3164 6964 5415 2216 2612 1302 5398 1002 4087 6026 753 6111 1371 5305 3424 2104 4801 4389 5670 3305 5874 5297 6450 5917 144 4106 4806 2560 1736 1509 3777 2446 3950 4858 2011 4233 5029 5329 2223 4251 5198 4790 6235 4316 
