// periodic
// number of jobs
1
// pi
90
// Cycle
100
// aperiodic
// number of jobs
11000
// pi
4 6 4 16 17 4 4 8 15 4 12 18 3 13 11 1 1 19 18 19 5 5 17 6 9 19 15 2 17 3 1 13 2 12 11 7 12 16 6 7 10 8 8 4 10 1 6 7 13 16 7 5 18 5 16 12 1 16 7 17 14 13 3 3 17 6 8 17 15 4 9 3 8 8 9 19 16 7 3 7 19 11 7 10 16 2 3 5 17 4 12 1 14 8 4 15 8 17 16 19 16 11 3 5 10 7 5 4 7 14 16 16 14 7 3 7 12 14 11 19 3 13 4 13 17 6 6 12 4 1 14 11 4 16 15 16 2 1 3 15 7 8 14 6 1 9 8 1 4 3 8 7 15 3 2 18 6 16 5 15 9 8 7 3 11 16 6 12 17 9 16 2 10 1 10 15 9 3 12 5 4 7 10 13 1 4 1 10 18 8 5 8 2 10 8 4 6 3 6 5 4 19 18 7 13 15 3 1 8 8 15 15 16 7 13 6 8 3 14 7 2 11 10 1 15 14 18 12 1 2 16 8 4 10 14 14 4 5 5 4 2 8 11 4 4 5 10 11 4 3 14 14 18 14 10 1 11 19 12 12 19 5 16 4 8 2 5 15 16 18 13 17 10 5 1 15 1 15 18 10 5 8 13 13 19 11 6 14 12 17 7 10 3 12 3 8 9 12 12 4 8 12 18 10 19 14 18 16 7 14 17 17 15 2 6 11 13 3 12 2 6 4 12 13 12 16 18 2 18 11 7 8 19 2 7 12 3 18 6 16 2 16 1 8 9 9 8 14 19 9 16 18 5 10 17 15 3 13 15 15 17 9 5 16 19 13 18 16 13 15 12 19 5 5 2 18 8 17 4 18 16 11 6 19 5 16 9 3 14 5 10 8 17 13 16 18 11 14 5 8 9 8 17 6 5 9 1 7 2 8 2 5 18 9 3 8 15 6 6 6 15 19 11 19 11 18 7 17 17 2 19 15 8 3 15 17 2 16 7 6 9 13 15 8 19 12 8 17 4 15 7 8 10 2 12 4 15 10 2 11 7 18 13 4 18 5 7 17 6 12 13 3 12 18 7 11 6 1 8 17 17 4 4 2 6 8 1 1 4 10 2 18 3 11 4 19 2 13 18 17 17 15 15 2 19 2 17 4 19 14 10 1 4 6 3 12 15 7 19 3 10 6 5 11 9 12 17 4 13 5 7 4 11 7 13 5 13 5 9 7 9 13 4 9 8 13 12 15 2 11 10 19 2 12 14 9 11 9 5 19 6 9 4 12 13 14 3 5 4 11 15 2 10 4 4 19 13 15 4 3 16 16 14 11 7 14 5 5 17 4 1 14 19 6 2 13 8 17 7 5 18 6 18 1 11 8 17 3 5 11 17 11 10 3 12 2 11 15 2 4 9 19 13 16 11 18 1 5 11 12 12 14 19 17 12 4 15 14 4 18 6 9 18 12 4 4 17 6 13 15 4 1 16 10 1 7 5 5 11 13 16 7 2 17 13 11 13 9 12 2 12 3 17 5 3 19 7 10 7 10 4 9 13 4 9 17 2 2 9 15 19 5 8 3 4 18 1 9 11 4 12 9 16 1 15 12 14 16 4 9 17 11 16 5 18 9 3 10 10 1 6 18 14 18 4 4 15 18 9 8 16 3 12 15 4 5 14 12 19 19 15 12 13 11 7 6 13 9 13 12 7 12 1 18 3 6 5 1 9 13 16 16 14 13 18 14 18 17 17 13 6 1 18 17 15 1 8 4 5 12 9 17 11 4 2 17 14 18 14 5 15 17 3 7 11 18 3 2 13 7 18 12 5 8 5 4 13 4 2 4 16 10 1 9 17 9 18 18 9 1 11 9 12 16 10 18 2 14 17 11 8 7 19 10 3 14 8 19 2 8 16 7 6 17 17 4 14 3 1 8 12 13 3 7 5 1 9 15 3 5 5 11 14 2 18 11 7 19 14 10 13 14 15 5 16 13 16 9 15 6 19 14 6 12 12 8 3 9 12 13 18 8 5 10 15 18 11 12 6 18 10 2 18 13 5 17 18 13 7 12 7 13 12 16 7 18 13 18 6 7 6 5 4 13 18 16 10 11 15 2 13 1 17 4 7 16 3 14 10 16 1 15 7 7 6 5 15 8 10 7 1 5 14 12 7 18 7 19 15 1 12 9 12 8 17 11 13 17 4 1 6 13 8 8 1 11 12 8 15 5 5 12 17 13 3 12 13 7 4 4 12 4 8 12 7 3 2 10 17 11 4 17 1 1 17 4 17 8 5 18 13 8 12 18 14 4 2 17 1 16 17 19 4 11 12 2 3 2 17 13 9 14 17 10 9 4 17 11 2 14 18 5 2 13 17 10 4 15 7 11 18 12 13 1 2 9 7 12 1 8 13 12 11 3 11 7 4 11 8 10 7 7 15 1 7 11 5 3 2 16 18 14 15 5 1 17 7 4 10 7 1 3 17 9 15 8 1 14 4 18 6 7 13 17 7 17 6 6 19 13 4 6 18 7 7 1 6 19 6 9 15 4 16 17 12 2 14 9 4 1 14 9 17 6 9 19 18 19 16 15 1 11 16 8 15 17 17 4 9 16 11 12 18 9 14 15 16 6 2 9 1 7 18 3 5 18 8 14 6 8 15 11 8 13 4 7 16 7 12 11 9 5 7 3 18 18 5 9 17 18 11 8 9 8 14 7 11 16 17 19 16 19 3 18 3 11 18 5 19 2 14 7 15 17 1 15 3 10 1 13 16 15 5 19 18 10 12 18 7 17 8 1 19 9 3 9 5 3 3 7 9 10 1 15 7 9 5 3 4 11 7 2 14 15 8 3 19 3 4 10 13 2 15 5 14 16 6 14 5 6 12 3 14 10 2 6 8 2 12 9 16 18 17 6 16 17 13 9 8 2 11 7 4 1 5 1 3 3 9 6 11 9 19 14 2 13 2 12 2 17 18 12 8 17 7 15 15 9 7 10 13 8 4 18 18 4 1 2 2 4 12 16 8 13 9 19 1 2 8 17 15 6 9 11 9 4 15 9 4 13 3 11 10 10 16 7 14 12 3 4 5 5 4 11 19 16 15 9 3 18 2 15 12 15 18 16 8 11 12 15 19 13 11 16 11 18 15 7 2 13 8 12 9 7 10 16 16 19 2 5 13 4 3 1 11 18 10 5 14 9 2 9 13 16 17 15 17 13 13 16 7 4 17 17 16 11 2 8 14 10 13 7 19 11 14 12 5 8 17 4 10 17 8 2 5 10 11 10 3 10 5 19 7 17 17 19 2 1 5 18 11 9 4 10 11 13 19 12 8 7 1 3 13 7 6 18 9 5 7 14 8 3 6 10 18 6 6 17 11 3 4 10 10 3 19 11 2 10 2 8 6 9 10 5 1 15 4 10 4 9 8 15 14 15 4 6 7 14 9 2 12 11 13 15 13 10 13 3 8 15 1 17 3 5 18 9 19 8 1 4 9 3 3 10 14 15 13 13 4 12 10 16 3 12 3 14 14 3 7 13 7 3 14 13 1 13 12 2 14 18 4 12 19 19 15 18 11 15 1 4 17 12 13 1 9 1 12 9 12 5 11 2 18 6 19 12 12 5 19 15 17 14 5 12 19 17 11 17 11 19 18 10 5 5 18 4 1 15 14 10 4 8 17 19 1 5 7 18 9 3 14 13 5 1 1 12 15 9 17 5 3 15 8 13 4 4 8 11 5 4 8 17 1 2 5 13 19 7 12 18 8 6 1 5 10 12 9 14 6 3 10 8 17 9 12 2 13 12 13 9 10 19 4 3 11 5 2 4 10 19 5 11 11 5 11 16 6 10 16 12 15 3 15 13 6 13 10 9 14 6 15 13 15 5 6 17 2 18 14 5 10 18 6 4 14 5 14 12 6 19 1 13 14 4 3 11 2 16 4 17 9 7 4 12 4 6 12 7 12 14 13 3 19 2 12 8 14 3 12 15 17 9 9 6 9 6 14 5 15 8 15 5 14 8 15 13 6 10 19 2 11 6 16 9 9 17 13 6 12 13 4 19 5 12 13 6 2 2 17 6 14 11 18 1 4 5 8 1 17 1 7 18 5 18 9 13 1 12 12 15 18 8 18 16 15 18 6 2 18 19 3 15 18 1 2 10 15 9 19 11 7 11 9 4 13 10 9 15 4 18 16 5 16 11 17 3 12 13 9 9 17 10 5 10 9 1 8 4 6 3 6 13 5 1 3 13 17 2 17 2 8 14 2 15 4 18 6 5 11 16 6 3 15 4 19 19 6 15 6 2 7 5 15 8 6 13 9 2 5 16 10 5 17 12 10 14 4 8 19 11 17 1 2 13 5 8 13 16 4 7 17 1 8 12 17 3 2 13 16 3 5 17 1 11 17 11 13 17 4 1 16 2 16 8 14 14 13 9 18 5 12 8 8 2 4 13 18 11 19 10 10 14 8 15 13 11 3 14 12 8 5 3 19 19 17 11 7 4 2 16 15 16 19 12 14 10 2 2 10 14 4 14 14 17 15 16 3 6 16 18 13 2 10 1 13 9 13 12 18 8 13 1 12 2 9 15 1 17 5 2 5 18 8 6 16 9 13 13 13 18 13 1 10 1 17 1 1 14 7 14 8 16 9 12 16 14 10 11 2 18 19 7 10 13 19 19 18 4 17 12 14 1 16 10 8 9 14 8 15 17 13 9 4 16 7 15 8 4 5 4 3 11 15 5 4 7 11 4 9 4 15 10 19 5 5 9 5 5 4 6 10 1 5 10 6 5 6 18 8 13 19 9 17 12 2 1 19 3 12 8 9 4 12 2 5 9 19 3 7 4 14 9 11 11 13 2 4 11 10 15 18 10 7 1 1 14 13 14 5 2 2 13 11 17 9 9 7 6 16 11 7 14 16 9 15 11 9 10 1 12 14 18 8 13 13 19 7 11 13 12 2 13 4 10 8 17 10 17 10 1 12 19 5 14 6 4 18 11 1 15 16 15 4 5 3 19 5 14 10 12 8 11 7 12 12 19 10 8 5 2 3 4 12 16 6 15 1 15 2 10 16 2 3 8 9 1 6 3 6 12 14 6 16 5 19 15 7 5 16 2 3 9 6 3 11 11 18 18 3 11 14 17 16 2 10 2 9 1 19 18 9 12 7 12 5 11 9 19 10 3 5 12 14 7 12 1 19 8 15 18 9 4 13 5 13 12 14 4 6 10 17 2 8 11 5 15 10 13 11 17 7 11 11 7 5 18 10 4 5 12 9 6 6 11 18 10 14 8 2 9 13 14 17 12 10 1 15 4 19 17 9 16 12 4 5 10 14 14 4 17 15 13 4 6 19 18 2 7 19 13 12 4 2 9 4 19 19 12 17 12 3 15 15 9 10 17 15 11 5 17 1 1 17 12 3 12 17 2 17 2 19 12 3 18 11 12 14 3 17 3 13 15 14 15 3 18 10 7 11 1 4 17 13 19 9 2 15 15 9 18 12 2 7 13 4 10 12 6 11 15 1 13 3 4 5 11 6 15 7 19 11 19 16 5 19 15 16 16 1 6 3 18 3 7 13 9 14 18 12 8 14 5 18 14 4 18 2 16 7 12 4 12 14 9 19 14 3 3 4 12 14 11 8 12 10 7 11 16 3 4 14 18 5 17 13 4 6 6 11 1 13 3 7 2 16 4 19 6 16 19 14 8 18 15 18 11 5 13 13 15 1 8 2 14 9 9 2 14 19 13 15 13 11 18 3 16 2 17 6 16 15 4 11 12 8 2 14 5 16 17 8 3 19 10 18 11 9 9 5 5 18 4 18 8 6 17 10 9 4 3 2 14 18 1 10 17 5 11 13 10 18 19 15 15 15 8 13 14 7 9 1 1 2 19 17 10 12 16 12 16 16 5 11 13 1 6 11 18 7 11 16 3 15 9 15 3 3 15 5 9 17 10 18 3 10 15 7 7 15 2 13 12 12 17 3 5 15 12 5 17 19 12 15 3 11 8 6 7 9 19 2 19 9 1 11 13 3 9 7 14 15 3 15 12 14 16 8 19 11 8 14 10 18 5 11 17 18 18 14 16 19 13 19 13 4 5 10 8 6 3 14 13 7 19 17 17 2 9 13 19 8 13 19 15 4 13 3 8 1 12 15 10 18 19 14 6 12 7 7 16 5 2 4 14 14 12 17 6 19 10 10 13 17 2 2 7 14 1 13 16 13 10 18 7 10 6 15 2 6 10 10 4 11 1 18 14 3 9 17 10 4 5 8 14 18 8 16 15 3 12 17 6 8 3 16 4 18 2 18 12 4 3 10 9 11 3 6 15 10 9 11 6 2 16 12 15 1 6 16 7 7 5 13 18 6 17 9 10 2 10 15 14 15 17 4 14 17 13 10 10 2 5 13 4 19 5 8 19 12 17 5 11 7 17 15 5 4 19 1 1 18 17 3 14 16 7 17 5 17 8 19 9 3 4 7 9 6 4 2 12 2 5 2 13 18 19 2 16 12 3 17 13 8 5 8 6 10 13 5 4 15 12 16 12 11 1 17 14 13 8 13 1 8 18 1 17 12 19 7 4 18 5 10 5 2 11 13 9 10 15 17 4 4 9 13 5 7 3 7 11 5 10 8 6 1 6 18 10 17 6 19 4 10 17 2 18 11 1 4 15 4 7 16 19 4 19 8 13 11 5 17 15 9 19 8 2 8 1 5 2 16 19 14 18 7 10 10 7 1 12 4 14 18 14 6 18 4 1 9 11 9 8 6 19 6 3 1 1 4 18 16 4 15 8 18 15 8 1 6 9 16 7 16 6 14 14 3 19 11 2 9 2 12 1 8 17 5 14 7 10 2 2 4 3 2 15 16 10 13 2 16 1 13 19 12 8 15 10 6 4 15 14 11 19 5 3 12 3 19 14 16 15 4 12 8 10 12 19 18 17 19 13 19 11 11 13 15 8 10 4 11 1 18 13 7 9 1 14 8 9 7 10 16 6 17 15 15 4 15 11 15 11 10 7 16 16 16 9 5 8 12 5 7 14 3 17 18 13 17 13 18 17 10 4 10 10 11 5 13 18 12 15 3 16 17 9 7 10 19 18 5 5 5 11 7 18 6 6 18 1 16 10 17 2 13 7 9 6 4 11 5 8 16 8 13 4 7 16 10 14 14 2 10 16 9 13 19 4 2 8 17 7 19 12 9 16 8 11 5 6 10 3 17 16 4 12 6 4 3 14 1 18 19 11 15 6 6 19 11 3 18 17 11 16 7 5 5 7 5 1 10 13 12 18 18 15 2 13 6 15 12 12 16 1 12 13 2 11 4 10 18 12 9 15 11 16 14 3 14 4 4 13 1 7 19 7 5 15 13 11 17 8 1 13 12 11 7 2 2 14 14 7 7 10 1 16 11 6 2 15 9 8 9 10 4 12 14 18 19 15 15 11 15 11 15 16 19 5 7 10 12 6 19 19 19 14 14 5 19 19 7 12 19 6 8 10 17 10 18 7 3 11 15 2 11 6 8 12 4 15 17 2 4 13 8 10 10 14 15 6 19 17 4 14 9 17 1 10 10 7 8 10 4 2 18 8 15 3 3 18 13 14 5 13 3 7 4 14 1 11 15 19 5 7 5 1 7 1 16 15 9 5 17 12 17 1 17 15 16 1 3 10 18 3 4 15 5 14 6 16 15 17 4 12 19 4 18 17 6 8 19 18 14 6 12 7 17 8 15 14 18 19 6 7 12 6 6 5 19 1 19 2 9 11 10 10 12 19 16 2 4 1 9 1 5 19 5 4 17 14 18 4 2 7 7 3 16 7 17 13 13 12 18 15 17 10 15 19 3 16 15 1 16 12 4 3 8 17 10 17 1 16 3 2 7 18 17 2 12 14 18 9 10 8 14 12 13 15 14 19 14 9 3 13 5 8 3 1 4 1 13 4 1 15 11 5 17 2 7 4 1 17 8 13 15 11 4 3 19 1 7 13 15 9 1 9 2 7 9 17 15 7 10 17 19 5 2 5 10 10 7 12 12 17 11 3 15 19 10 17 13 10 8 17 2 12 16 13 7 7 19 5 11 7 2 15 9 3 5 18 9 8 2 9 7 7 11 6 19 10 13 7 10 17 15 7 4 8 15 10 8 14 13 2 11 11 6 14 13 7 8 4 2 19 10 11 17 6 11 12 3 10 2 5 9 16 7 19 12 10 1 5 1 1 4 18 9 1 9 17 12 4 14 13 16 4 13 10 15 9 2 12 10 13 2 9 15 2 4 19 1 19 14 12 3 1 8 10 16 3 17 18 3 2 14 15 2 11 4 6 14 14 3 14 12 10 4 19 13 15 10 19 13 9 13 12 9 5 3 17 19 2 13 13 4 6 2 15 9 4 9 19 4 14 11 7 11 7 12 11 5 12 12 3 7 11 8 17 18 15 5 14 5 18 12 1 14 2 15 7 8 5 8 6 3 8 4 19 15 10 11 13 10 18 13 2 2 4 6 18 10 2 5 13 10 10 16 16 3 15 3 17 19 2 11 12 13 10 19 16 18 16 14 5 14 1 1 3 18 3 5 18 17 12 5 13 18 3 11 16 1 16 7 6 19 15 12 16 2 10 18 4 12 6 12 3 18 14 15 9 11 2 7 6 11 1 8 3 7 12 7 10 15 6 3 4 3 9 15 9 12 2 7 14 12 10 10 12 15 18 16 12 19 12 5 9 18 4 12 6 7 2 16 5 16 18 10 2 15 16 10 5 4 8 10 7 12 1 7 9 17 4 10 3 15 4 11 10 14 13 6 9 8 17 7 12 16 14 19 11 14 10 15 2 12 6 14 13 3 16 13 16 14 15 2 1 17 13 19 17 8 10 7 3 18 9 6 9 12 4 14 16 9 9 14 7 10 7 5 18 17 18 19 17 14 12 8 16 7 4 6 16 10 18 16 17 11 4 2 8 15 19 16 9 5 7 6 12 3 9 10 12 4 2 17 5 14 13 8 16 10 17 2 11 18 12 2 9 3 2 14 2 1 17 6 14 14 12 13 18 2 2 9 3 14 14 18 3 15 9 1 14 2 3 16 11 1 16 15 11 17 18 16 4 3 18 10 16 8 5 9 19 8 14 4 11 1 13 10 14 7 10 5 10 2 6 11 4 19 12 5 1 4 18 9 10 1 14 8 2 4 18 17 17 4 2 9 10 13 1 16 4 8 1 16 15 5 1 9 4 4 16 3 1 9 1 14 14 9 10 10 11 15 12 4 10 10 18 3 15 1 10 6 12 19 4 9 19 6 9 6 19 14 17 5 6 9 3 16 4 2 4 10 15 16 8 14 6 2 2 18 19 4 3 10 10 10 4 7 10 18 3 2 17 13 14 12 1 15 13 2 5 13 5 9 13 4 6 17 3 6 1 16 10 5 7 18 19 12 2 19 5 1 14 11 3 2 14 13 15 10 2 14 13 16 9 15 19 14 3 1 17 15 9 7 5 7 8 14 6 9 11 15 10 16 9 8 12 3 11 4 19 18 3 9 16 7 15 19 6 4 19 1 9 9 10 16 18 7 18 19 7 2 5 11 15 4 4 6 8 10 18 7 10 15 4 19 12 12 6 19 11 10 14 12 2 12 12 14 1 4 15 5 13 14 9 9 10 18 15 16 15 11 2 5 19 19 7 16 19 5 15 18 10 15 2 16 10 18 17 7 2 19 19 8 15 12 4 16 9 14 7 8 11 5 6 17 5 12 15 11 17 15 5 16 11 3 8 11 7 1 19 13 6 15 17 19 5 14 11 13 9 9 11 13 14 5 12 8 15 9 14 16 14 10 4 12 6 8 10 16 7 8 12 4 10 18 6 18 15 18 7 9 2 18 10 13 19 11 5 18 5 15 18 1 1 17 3 1 9 3 15 19 19 17 12 8 14 3 11 19 2 14 6 4 4 15 16 15 9 19 4 7 19 14 14 2 6 1 17 6 16 14 19 16 3 5 9 5 14 14 2 8 12 2 17 13 15 14 11 15 1 12 15 9 14 2 17 5 13 15 15 7 14 6 8 12 19 1 19 19 9 18 16 5 9 12 11 4 16 18 19 2 2 3 5 8 9 9 4 16 19 17 2 13 5 15 2 3 15 11 12 4 8 16 17 17 19 2 2 5 15 15 14 5 11 10 14 13 17 14 1 8 12 9 18 9 12 4 15 7 16 19 10 10 17 5 12 1 19 18 10 16 8 6 16 16 4 12 10 9 9 7 19 10 13 9 13 5 11 10 11 17 18 17 19 19 9 14 4 1 19 17 7 2 13 4 15 1 3 17 8 14 16 1 3 12 19 1 9 7 4 11 17 15 2 13 15 7 14 5 4 11 11 12 5 8 1 9 2 6 7 16 15 6 13 11 17 12 6 15 11 16 17 3 5 14 4 1 16 13 12 14 19 9 11 7 5 17 9 11 16 4 11 9 1 17 6 13 13 3 10 5 6 9 11 4 9 7 13 1 11 10 17 9 17 8 10 14 11 15 15 5 9 5 12 4 14 19 14 12 17 10 14 12 8 9 16 10 17 17 9 7 11 1 16 1 16 8 6 15 11 14 9 2 2 11 16 19 8 4 9 19 16 7 15 2 17 17 13 14 6 4 18 10 18 11 7 9 1 13 18 14 13 15 12 10 4 18 16 10 4 4 11 4 9 18 7 11 12 4 15 14 7 13 14 12 15 16 8 19 14 7 8 2 18 12 18 18 9 2 14 16 13 10 9 6 6 14 5 18 8 10 2 5 5 18 18 13 12 9 10 15 8 9 14 1 14 13 5 9 12 9 13 18 1 4 4 13 15 6 15 2 18 9 14 16 17 18 10 13 8 7 15 13 16 2 8 3 14 16 13 14 10 5 7 8 2 15 14 18 16 12 6 15 11 2 3 17 11 6 7 12 7 3 15 9 14 14 3 8 9 1 9 17 12 14 3 15 1 12 2 4 15 16 18 3 1 16 3 8 19 2 18 19 5 10 19 12 3 6 5 8 18 5 8 14 1 15 13 11 2 17 8 14 4 17 12 4 12 1 7 1 19 17 4 14 13 7 14 12 18 7 9 4 6 9 13 3 14 3 11 18 6 16 9 2 2 11 11 7 5 19 1 18 5 1 17 4 17 7 10 9 12 1 13 4 11 5 19 17 5 3 8 15 1 1 14 16 13 13 17 4 12 2 17 13 5 12 13 7 17 5 10 14 6 15 17 10 16 9 5 15 17 5 17 5 9 18 15 16 13 3 13 2 19 19 17 11 5 11 6 8 4 9 18 13 6 7 12 8 17 16 13 5 15 10 4 16 4 5 1 11 11 16 7 12 2 13 14 8 8 13 13 5 14 15 12 15 1 8 13 5 16 2 17 12 6 4 1 7 10 12 17 8 1 5 10 6 5 3 7 15 2 19 5 19 5 7 18 2 7 16 16 18 3 5 17 12 17 12 4 1 8 13 1 7 16 12 18 10 3 16 12 18 16 7 13 19 4 13 16 14 11 18 6 17 12 7 10 7 1 6 5 2 3 11 4 4 10 4 12 16 19 6 18 15 7 3 15 9 14 12 9 3 9 7 3 12 16 3 8 16 1 14 18 13 15 4 3 9 9 16 2 1 18 5 9 19 15 5 12 15 2 5 1 1 12 16 10 9 5 12 11 17 15 2 14 5 13 4 3 5 14 4 2 16 2 6 15 4 4 11 11 19 18 19 2 16 17 10 15 17 1 15 19 18 4 3 9 5 10 9 6 10 13 18 18 9 9 3 6 2 4 13 17 14 17 2 2 11 5 1 10 15 15 3 11 5 9 8 9 5 12 10 14 2 19 7 4 8 12 13 13 19 15 3 2 17 17 14 1 17 3 4 7 12 15 12 6 18 1 13 7 8 2 15 17 4 11 17 18 17 3 7 12 11 19 9 9 11 9 3 8 9 4 13 18 11 17 1 3 3 7 10 9 1 6 12 7 10 10 16 4 18 12 9 1 11 15 10 14 6 18 1 19 18 6 5 1 12 6 18 1 9 8 16 15 3 6 5 2 3 9 12 13 13 16 10 13 3 2 12 18 14 11 4 10 18 16 6 16 13 11 18 17 7 9 11 10 10 16 7 8 18 15 19 17 9 1 14 19 19 17 19 6 15 7 5 19 13 3 1 15 15 2 9 10 18 6 14 5 4 6 15 5 14 7 3 11 5 17 7 15 15 15 10 10 15 8 14 5 9 1 19 6 11 14 4 13 15 4 13 7 9 12 13 7 4 7 5 16 5 15 6 14 18 19 13 17 18 18 10 10 14 3 8 13 4 8 14 19 9 4 18 19 6 4 9 11 6 13 11 3 15 14 17 16 10 6 13 13 6 4 9 3 8 13 7 12 16 9 4 11 12 9 8 19 5 17 14 11 17 5 9 5 14 18 6 8 10 2 12 9 15 7 16 1 10 5 17 5 13 4 12 17 13 1 8 3 19 12 17 13 9 6 14 17 16 16 13 12 14 14 2 12 15 13 7 10 3 9 7 1 16 15 17 4 17 7 12 13 10 16 16 1 2 15 10 15 15 2 11 8 1 15 6 3 4 1 11 19 12 16 13 16 19 3 9 15 13 10 3 7 15 11 17 12 4 6 16 16 10 2 12 16 14 7 2 17 7 19 15 2 17 1 18 16 2 14 18 3 12 5 12 12 16 19 18 14 13 3 11 4 16 15 16 2 17 17 5 7 5 11 8 7 3 10 16 11 9 19 13 10 15 2 18 12 1 6 16 2 6 7 19 19 10 17 16 5 16 9 9 1 14 15 4 1 16 15 6 14 12 5 1 1 16 10 11 15 10 9 5 17 11 12 4 4 2 3 15 2 5 8 9 15 11 3 6 18 9 11 14 11 19 12 4 13 7 17 11 6 6 9 8 19 14 16 1 19 18 3 3 10 9 5 5 14 5 1 18 14 8 12 12 4 8 14 13 15 11 7 8 1 12 8 8 16 3 9 13 14 7 18 6 10 7 17 18 17 4 18 14 1 14 8 19 8 7 16 11 13 5 8 8 13 17 6 7 4 1 4 10 7 2 9 13 12 1 18 8 7 3 17 18 9 7 18 14 11 15 5 10 12 19 12 7 6 17 5 19 2 5 12 19 8 9 17 12 1 7 18 4 5 14 13 1 15 10 9 11 5 6 19 1 8 10 7 2 9 8 1 12 11 1 10 18 7 3 2 8 9 14 1 17 19 15 4 13 4 4 4 6 4 11 4 12 9 12 1 8 9 15 6 8 17 6 14 19 8 13 13 14 18 7 17 7 2 5 12 10 3 19 15 7 17 12 5 5 10 11 1 6 11 5 14 16 7 1 11 5 1 11 2 17 5 6 16 16 9 17 6 19 5 8 1 2 2 19 11 2 9 1 19 17 16 12 3 4 1 10 12 14 1 19 15 2 18 5 7 19 17 11 11 8 16 18 10 14 2 2 11 9 2 2 12 10 12 15 11 11 16 2 7 12 4 13 2 6 17 9 1 8 11 8 8 5 12 15 3 5 9 4 2 1 8 17 1 16 2 3 1 9 5 18 2 7 3 3 13 18 1 5 18 16 5 4 13 13 10 10 19 12 10 19 12 3 8 2 8 13 18 15 19 19 19 7 3 2 8 2 7 13 12 11 8 14 12 8 11 16 19 15 18 18 11 8 12 9 18 3 1 16 8 12 6 9 11 17 18 15 14 2 16 5 2 6 13 12 7 18 10 3 1 4 11 6 8 17 8 17 5 10 19 3 7 2 8 18 7 17 4 5 8 6 9 15 12 15 12 4 15 13 2 3 11 16 11 19 5 17 2 2 14 2 1 19 9 2 18 3 2 9 2 2 4 1 4 2 14 14 3 9 19 16 1 1 10 2 5 18 5 2 4 19 18 19 3 13 7 10 17 8 5 13 19 19 14 7 10 19 6 19 14 12 19 14 16 10 9 11 5 1 15 3 12 15 6 10 16 7 7 15 10 13 12 5 13 4 18 1 7 13 9 17 10 1 14 19 16 19 11 13 5 5 3 5 4 8 11 1 11 19 5 10 12 15 4 8 15 10 10 8 5 8 9 12 6 17 8 15 4 11 15 9 12 5 1 17 6 7 17 19 8 10 9 7 13 16 3 10 18 2 17 18 6 8 3 10 11 2 9 13 9 16 4 12 13 16 17 10 19 6 6 5 6 4 4 9 17 1 1 1 4 19 1 15 12 18 3 1 10 10 14 18 6 3 11 7 11 16 15 11 13 4 9 5 3 11 15 18 13 4 3 5 11 16 8 12 16 1 10 19 6 6 17 15 11 9 1 1 11 1 9 18 13 11 8 1 5 5 9 11 1 13 9 3 11 14 13 8 3 16 11 5 16 10 2 1 7 5 3 17 12 2 7 13 10 18 6 10 10 13 19 17 14 16 17 7 7 12 1 14 14 9 11 8 18 8 16 8 5 16 16 18 6 12 5 9 5 15 3 5 10 4 8 6 1 1 15 18 14 7 18 14 8 6 5 5 13 10 7 14 2 7 11 5 11 6 9 5 9 9 6 8 13 9 15 2 11 2 16 19 16 15 3 8 8 3 18 10 3 16 17 15 16 5 3 9 7 8 7 11 16 3 10 10 13 8 4 3 8 7 3 11 14 4 12 19 3 4 14 7 1 3 7 1 5 8 3 18 8 9 11 19 6 16 2 17 14 15 5 9 6 7 9 8 12 2 13 4 4 19 8 18 2 14 14 14 2 12 11 15 14 16 11 16 7 2 15 10 2 18 15 1 11 16 10 3 12 19 12 5 14 7 8 19 19 9 18 1 3 6 3 16 12 6 13 8 3 7 10 5 3 2 13 7 14 4 11 7 4 10 19 16 1 10 15 6 12 5 4 15 19 10 14 13 4 19 6 2 5 19 11 17 15 6 14 4 14 14 11 3 9 5 10 19 8 6 5 15 17 19 7 17 5 8 15 16 4 17 19 1 4 5 16 9 8 11 9 5 1 1 11 16 5 9 3 12 2 18 14 11 13 13 4 5 11 15 1 6 18 17 8 5 2 16 12 18 19 19 19 2 2 7 2 5 7 3 15 16 16 15 15 19 2 12 9 16 18 2 9 12 19 13 3 9 8 13 5 14 17 13 3 4 3 10 12 16 10 6 10 16 12 7 17 14 18 16 8 19 16 12 10 10 9 11 15 4 6 3 15 17 6 4 5 19 11 8 5 1 8 5 19 14 5 13 10 11 10 16 11 18 5 14 7 1 10 2 11 3 7 11 12 10 7 12 18 18 14 18 7 8 15 19 3 3 7 12 2 2 8 2 7 5 18 12 2 3 16 9 13 6 11 15 15 7 10 6 1 17 16 10 18 19 10 12 13 7 14 13 14 5 3 7 5 17 5 18 10 19 6 2 12 10 14 16 8 1 2 17 5 4 18 2 14 9 14 9 9 4 12 8 1 1 10 6 14 12 18 14 11 3 15 11 10 6 10 14 12 14 11 3 7 2 15 9 1 19 8 17 18 14 12 13 6 12 14 16 4 4 5 17 3 4 10 1 16 1 12 15 6 9 9 17 1 19 2 6 9 18 16 1 4 10 18 2 12 1 6 11 10 4 16 10 16 16 4 7 16 8 9 13 11 16 3 18 14 9 19 18 10 16 16 13 1 12 5 18 16 14 2 18 1 15 11 15 6 4 17 19 2 12 13 8 12 15 16 10 1 4 4 3 16 15 4 8 8 6 6 1 11 17 8 8 14 5 18 1 3 5 10 19 8 16 14 3 11 9 16 17 5 3 16 18 7 15 11 12 19 10 11 9 12 12 16 18 2 8 16 4 17 7 15 2 14 7 6 17 10 18 17 18 10 2 2 8 9 17 14 17 16 11 6 12 12 2 9 15 16 9 9 10 15 12 13 6 12 11 6 1 18 14 1 3 2 15 14 11 10 13 16 9 15 11 14 11 10 4 2 17 15 16 19 15 18 2 6 4 9 16 4 8 19 15 17 17 6 11 9 5 9 4 5 13 1 2 14 3 2 19 8 7 11 6 7 7 10 16 9 1 2 5 9 2 6 2 17 6 18 18 3 16 2 8 2 7 19 4 12 7 19 9 7 12 15 10 6 9 8 18 10 17 11 6 4 18 5 17 2 10 5 10 18 19 10 16 4 18 6 16 3 14 14 13 15 6 7 2 5 17 12 7 17 4 8 12 12 11 16 4 1 15 12 19 13 17 5 16 14 3 3 10 8 10 7 16 4 10 1 4 17 4 6 19 7 3 13 14 8 5 4 7 5 6 8 6 9 3 7 15 2 3 17 8 2 15 10 6 5 7 5 18 7 13 18 19 19 7 13 2 4 19 13 10 1 8 9 19 6 15 13 19 16 5 8 16 2 16 13 7 6 13 4 11 11 16 17 9 18 6 12 11 14 19 18 7 19 6 7 2 17 5 12 18 9 12 10 8 18 14 7 3 7 18 10 1 9 1 11 4 18 7 10 16 14 10 18 15 17 12 15 18 17 13 13 6 13 6 18 1 14 1 2 16 2 9 18 2 19 15 15 11 7 3 12 9 11 19 13 19 12 9 15 1 14 6 10 2 16 9 13 10 12 14 11 4 8 4 2 19 1 18 6 18 9 12 6 14 5 11 2 19 14 6 10 10 1 6 7 15 7 2 17 5 17 2 3 19 4 16 11 13 8 13 6 9 9 9 13 14 5 2 2 6 9 17 19 12 18 9 17 11 2 18 7 17 7 16 12 3 18 13 2 16 4 9 11 10 8 15 16 10 7 1 4 16 9 6 1 4 5 6 1 17 18 1 6 11 6 6 14 1 16 17 7 19 17 8 11 16 17 16 10 19 1 13 6 13 15 16 16 12 6 1 13 7 12 17 1 7 19 19 2 5 16 6 19 7 6 7 10 4 12 14 5 17 18 2 3 13 15 14 13 18 5 11 1 3 7 17 2 12 15 15 8 12 2 13 5 11 17 17 10 19 6 11 5 15 8 15 11 17 9 7 8 7 14 8 7 1 13 4 6 6 8 9 18 11 14 3 16 7 17 6 1 9 12 19 12 13 16 1 4 5 3 8 13 9 7 12 6 19 1 3 17 10 3 13 19 3 15 4 14 6 9 3 6 3 15 7 14 11 12 16 16 9 9 14 15 11 10 14 1 16 11 1 18 16 18 6 3 19 5 8 10 5 18 18 19 1 5 3 6 14 15 9 14 14 5 3 13 15 17 13 1 9 7 5 2 4 6 3 17 19 6 11 14 7 16 19 5 1 6 10 9 2 16 3 10 3 2 5 18 10 10 19 11 18 14 11 19 13 18 18 13 18 7 19 6 14 12 1 8 3 2 14 14 18 2 3 19 13 10 6 12 6 5 14 17 5 6 9 16 18 17 16 18 5 19 8 8 15 14 4 16 5 2 18 10 16 2 9 4 17 14 11 13 17 14 5 1 8 3 7 4 11 6 10 19 5 11 9 7 19 8 17 4 2 16 3 7 3 15 15 18 13 19 6 16 18 16 11 7 17 1 11 15 18 2 15 17 12 4 11 4 12 3 11 6 15 19 13 1 2 2 11 10 18 7 8 16 11 3 1 1 15 4 5 8 12 13 5 8 4 18 6 12 6 12 14 11 3 12 11 12 2 19 11 10 19 2 1 18 5 8 7 8 2 17 13 4 9 7 9 19 16 6 18 15 14 1 15 18 4 3 3 13 6 17 9 5 3 9 10 5 18 18 11 19 4 7 11 19 5 14 19 2 16 2 10 7 10 17 12 4 5 14 5 19 12 13 15 18 15 7 19 1 11 2 15 6 14 18 11 14 17 8 13 13 18 8 6 15 6 19 14 2 15 9 3 8 6 19 19 5 6 16 3 13 11 17 16 5 13 14 8 14 12 10 15 14 17 7 10 15 18 3 18 1 18 17 3 19 5 9 15 3 19 13 17 5 1 1 15 14 3 8 6 16 9 6 9 4 3 12 12 4 8 9 4 16 8 4 2 19 3 8 2 8 18 5 14 17 16 6 2 13 7 6 9 5 15 9 3 6 19 7 19 8 15 2 2 9 9 17 9 13 10 17 18 1 2 18 13 6 6 19 9 1 16 8 7 7 13 15 4 14 3 19 5 11 12 8 16 17 10 2 5 2 16 13 12 19 2 11 6 5 8 18 1 16 7 18 7 7 15 1 2 3 4 5 13 19 10 5 14 8 8 1 6 8 7 14 15 16 11 18 8 1 14 6 7 6 17 17 19 12 13 8 11 11 2 2 9 17 12 19 1 3 18 1 11 10 12 14 10 11 10 19 5 10 18 11 5 15 7 15 13 8 1 7 2 17 18 6 11 2 12 9 6 15 15 8 8 12 18 17 15 4 12 9 19 7 7 1 11 13 10 12 16 3 12 5 11 3 1 15 8 10 18 16 14 5 10 2 19 7 8 8 4 14 12 18 11 4 8 13 3 6 14 14 3 6 2 10 12 6 14 13 1 5 15 17 9 10 4 2 3 7 8 15 19 11 6 11 14 2 7 1 11 9 14 5 10 7 6 5 13 10 14 7 1 15 11 5 15 3 6 15 13 13 15 8 14 1 19 16 6 19 10 7 18 4 7 17 16 19 2 2 18 14 2 16 3 10 3 3 16 12 18 13 7 17 3 16 3 7 5 18 3 12 17 7 16 8 11 7 15 19 1 2 4 5 19 8 5 16 3 10 12 8 18 18 15 7 5 3 19 16 2 10 7 4 4 19 13 16 10 8 14 16 16 3 4 4 9 13 12 5 8 5 19 1 6 1 5 7 7 9 17 14 15 5 8 12 8 8 2 15 18 17 16 4 16 19 13 2 11 2 19 19 6 19 14 7 6 14 5 4 18 3 12 3 10 1 14 4 1 11 16 15 17 5 8 19 17 3 19 5 1 10 16 8 9 17 9 11 6 8 16 9 13 7 9 5 2 15 17 14 4 17 2 16 8 9 4 8 6 10 14 16 15 6 15 7 17 13 15 8 9 8 9 5 5 19 15 15 1 5 4 19 6 13 9 7 19 13 5 14 10 12 14 9 2 4 10 10 16 13 12 17 13 14 7 11 4 10 2 11 3 7 18 2 4 17 14 16 4 3 18 18 5 3 13 15 5 1 2 19 9 2 7 3 8 14 6 5 1 14 3 12 14 2 15 14 14 17 7 8 9 5 2 10 2 17 1 12 1 2 10 13 15 5 13 7 5 19 7 6 5 12 5 5 10 3 7 17 13 8 9 1 5 3 11 8 2 2 2 15 11 8 7 18 18 1 4 5 6 5 11 9 14 10 17 2 10 3 2 16 19 14 6 12 9 4 5 5 4 10 8 11 10 7 14 7 14 13 19 9 4 8 2 1 6 12 17 15 4 3 19 18 16 15 1 12 4 10 15 19 16 14 2 5 16 8 18 12 8 14 4 10 11 6 16 11 13 4 19 5 1 9 11 13 10 18 10 3 6 17 5 5 18 17 4 13 13 10 8 10 12 1 7 12 17 16 4 1 11 5 11 18 1 9 11 4 8 9 13 6 18 5 14 15 10 12 3 15 15 12 14 2 19 12 15 18 12 5 1 7 15 13 13 8 14 16 13 3 16 15 16 9 15 5 11 1 15 11 6 18 2 12 15 14 2 11 19 16 15 2 5 13 18 9 13 15 19 1 17 1 18 15 14 18 9 16 6 16 11 13 8 4 11 7 17 1 4 3 4 8 11 11 11 1 10 7 12 18 11 1 12 17 17 8 14 1 13 6 4 6 9 8 13 4 4 7 8 18 5 13 1 1 1 19 8 4 8 4 14 14 8 7 17 16 9 9 3 14 6 18 7 18 1 6 6 6 17 4 17 17 13 14 2 18 13 18 15 11 11 3 11 18 12 8 2 4 8 1 11 6 12 18 16 13 6 18 13 11 12 11 11 14 9 1 19 2 11 10 9 10 5 18 14 2 9 8 2 5 5 5 10 19 5 18 1 9 5 12 14 8 12 8 7 15 1 16 9 19 7 7 8 12 1 17 6 17 5 18 10 17 11 1 11 8 2 2 11 11 12 2 5 2 16 6 7 14 12 11 1 1 19 8 7 1 19 6 1 19 19 18 8 19 5 16 18 10 11 2 14 2 2 18 18 9 18 14 10 14 4 2 11 9 9 9 4 4 1 3 9 8 14 17 14 10 13 1 3 7 7 5 13 12 10 15 10 6 17 6 16 8 1 12 7 16 4 1 2 1 6 14 10 7 19 17 1 5 5 16 17 18 16 6 13 3 14 7 18 9 8 10 9 18 4 2 18 17 13 6 2 14 9 6 15 1 18 11 8 13 2 16 2 4 1 16 8 12 18 8 16 16 3 5 10 19 1 16 10 16 19 10 9 4 12 12 8 18 2 3 19 9 2 11 9 2 14 17 4 12 18 6 16 6 14 16 17 11 13 3 19 11 19 1 18 10 9 5 18 11 8 6 9 1 10 14 16 9 15 11 19 8 7 6 4 1 7 11 6 13 5 14 12 1 10 3 3 9 13 12 2 8 5 11 10 8 9 18 9 12 15 15 15 3 8 2 18 17 6 12 6 12 8 16 3 19 19 3 8 8 11 5 6 1 13 14 2 3 19 4 14 18 8 7 16 19 2 12 4 3 10 19 7 12 7 17 3 17 11 13 10 6 4 4 14 7 6 2 8 17 5 13 10 18 5 2 12 3 11 11 3 16 13 4 8 11 11 11 16 9 18 1 17 12 19 8 8 7 10 4 19 17 17 18 2 5 7 11 16 10 15 11 3 16 14 11 7 13 9 1 17 19 11 13 5 7 3 10 18 3 11 14 14 14 16 16 19 4 6 10 7 8 12 10 17 2 19 8 10 13 14 17 1 10 8 17 14 1 8 17 14 2 1 6 15 8 16 7 17 19 17 14 17 5 17 2 7 13 2 15 4 15 2 9 6 1 3 5 16 18 6 1 2 12 15 14 6 10 1 17 4 6 6 19 12 18 14 12 1 17 16 11 4 2 11 14 5 10 6 8 17 1 16 16 16 19 15 12 17 1 14 18 3 16 16 10 7 5 8 4 7 2 18 15 1 14 19 8 4 4 6 4 5 18 12 18 11 15 10 7 5 10 5 7 10 11 9 18 6 6 3 2 4 2 8 3 16 17 9 14 16 2 10 8 10 8 18 6 6 17 19 13 14 2 6 5 12 1 7 4 12 14 12 15 18 7 11 19 12 6 17 11 18 12 17 19 16 5 16 15 18 9 19 12 12 7 14 11 4 2 13 3 1 15 9 1 17 4 3 19 14 1 3 1 9 11 13 1 19 1 17 9 1 17 19 4 4 2 10 2 12 17 19 6 12 15 1 5 11 3 4 13 16 2 2 2 5 6 18 18 11 6 9 4 12 7 8 11 19 9 1 10 7 2 4 2 1 16 14 6 7 7 1 6 5 18 1 10 6 18 19 7 12 14 15 15 12 1 19 15 13 5 4 15 1 12 2 6 2 7 13 18 13 8 11 3 8 2 4 7 4 15 8 7 12 12 7 2 15 9 15 11 9 5 10 12 3 13 13 2 17 7 17 9 9 9 8 12 2 18 5 6 5 17 11 15 11 13 15 3 7 2 10 6 1 8 14 15 15 11 7 14 1 10 15 11 13 4 3 1 1 11 14 17 17 6 6 19 15 19 7 18 12 12 13 14 17 8 6 19 7 11 2 7 7 18 12 15 5 3 12 5 2 13 8 1 18 8 10 5 2 6 18 9 16 6 5 19 14 6 11 5 16 3 6 11 13 4 17 3 19 14 6 17 9 17 11 4 1 3 6 10 11 7 10 7 17 17 3 17 8 8 5 5 11 5 6 14 13 16 14 5 5 9 15 14 3 8 1 18 8 18 1 3 6 18 4 7 8 17 8 2 2 9 4 7 5 9 16 18 3 15 9 18 3 3 3 16 16 16 7 3 19 1 7 8 2 13 3 9 11 8 19 19 12 14 9 10 9 6 5 8 6 13 13 12 13 16 16 4 18 14 8 14 9 3 16 12 3 13 16 16 13 8 2 12 12 7 2 11 18 19 2 5 12 13 13 15 8 3 5 11 13 3 13 8 19 9 7 17 8 16 1 4 14 16 10 7 13 14 12 1 2 3 15 15 2 18 15 13 1 11 6 19 7 11 10 18 5 18 15 16 11 12 18 1 17 4 12 7 4 9 19 3 15 13 4 7 14 8 15 13 7 11 12 11 19 14 10 14 2 16 4 17 1 13 11 2 6 7 3 17 4 5 1 4 9 18 13 11 5 19 19 7 18 18 19 10 2 11 11 8 6 9 7 3 11 16 6 3 2 9 7 9 8 2 15 11 15 12 11 14 5 11 17 19 10 5 15 3 15 7 18 14 13 3 8 17 12 7 9 8 13 3 17 18 19 18 10 7 5 19 19 14 12 10 10 8 14 18 12 12 12 14 7 12 1 2 16 15 1 6 10 5 5 18 7 11 14 8 15 1 19 9 8 16 1 1 17 12 14 19 2 1 8 3 9 17 6 11 8 10 7 5 7 8 9 2 9 14 16 8 13 10 6 17 11 4 2 3 18 19 5 9 8 7 9 5 19 8 13 7 1 17 8 10 15 6 17 4 5 3 19 8 8 4 17 3 14 3 18 11 12 19 3 4 17 19 16 17 18 6 17 15 5 8 2 3 14 3 3 13 7 18 14 13 19 12 3 1 3 16 1 5 8 19 15 8 11 15 1 10 16 16 8 7 17 13 5 11 19 8 14 19 1 5 15 18 3 8 13 4 14 1 9 12 17 2 15 15 3 11 6 2 9 14 7 4 6 12 18 12 12 4 14 14 8 1 3 18 1 5 12 16 3 17 9 4 12 9 4 11 7 16 19 11 5 18 8 15 5 7 10 6 6 8 8 2 6 2 8 6 3 13 2 7 12 14 8 4 18 12 2 16 7 17 12 9 7 10 12 14 14 2 18 5 9 4 16 4 2 1 10 6 12 18 13 6 15 6 17 1 9 13 4 1 18 7 18 5 8 6 19 13 2 8 4 19 1 1 2 11 6 6 2 7 14 2 7 3 18 19 5 1 1 10 17 5 2 19 4 15 11 8 4 9 18 16 11 5 13 7 4 16 18 6 17 17 2 3 10 12 7 4 18 6 3 13 13 17 17 7 3 13 4 2 10 13 12 17 7 6 18 11 19 11 1 8 5 10 2 16 3 3 7 17 8 17 1 14 1 5 12 17 18 5 4 16 2 18 13 2 18 10 8 14 15 18 5 8 16 14 15 3 11 3 16 15 1 12 3 16 13 14 11 4 19 8 5 6 13 8 5 14 2 14 10 10 15 11 10 10 3 14 9 16 18 1 11 2 4 2 18 11 19 8 14 16 13 12 13 7 17 8 6 6 2 16 6 1 5 17 13 17 5 15 3 4 12 15 17 15 18 14 12 10 13 2 19 4 8 7 2 14 15 13 14 5 14 19 8 16 9 19 6 15 14 16 13 2 6 10 17 18 6 8 14 3 16 5 2 4 15 10 16 19 6 16 18 10 14 10 9 15 3 16 11 19 7 15 13 3 13 4 16 16 1 1 13 10 2 1 12 3 7 17 9 10 8 10 19 1 19 18 9 5 13 9 10 4 11 14 2 1 6 5 3 9 5 18 10 4 5 2 15 17 17 12 4 17 17 2 8 17 17 3 19 11 8 13 7 3 17 14 13 6 19 8 10 6 13 12 12 19 13 16 3 1 10 14 7 1 11 5 14 15 14 10 17 3 4 5 3 10 2 5 7 3 18 2 9 12 8 19 19 5 6 9 19 8 16 3 17 16 7 18 7 17 16 16 5 5 16 1 16 17 19 18 13 19 1 9 1 15 6 15 12 14 13 11 13 8 14 8 12 5 10 19 1 14 7 5 6 12 10 15 17 4 8 4 3 4 8 9 11 8 18 7 5 2 10 2 3 16 7 3 3 10 8 1 11 4 4 2 16 15 11 9 9 13 14 2 18 7 4 4 10 11 1 3 6 15 1 19 15 16 8 1 1 4 19 11 2 14 6 18 1 4 10 12 15 9 11 17 1 1 3 4 3 17 9 13 19 17 8 15 12 6 14 9 11 19 14 2 11 16 17 19 17 6 7 2 3 17 4 2 10 14 4 3 17 17 12 2 5 10 11 9 12 17 3 2 4 18 1 8 17 18 16 9 2 12 13 13 3 19 2 15 1 17 5 10 2 5 5 14 11 8 4 14 18 4 18 15 2 12 19 6 14 5 14 15 8 1 10 3 17 10 19 15 11 19 14 13 13 2 1 6 10 17 8 17 9 1 8 11 4 8 16 2 13 17 2 15 3 17 13 16 11 15 5 17 19 14 6 18 15 1 13 4 6 5 12 9 10 11 6 1 15 8 8 15 8 15 7 12 9 4 10 19 19 14 11 2 17 6 7 11 11 10 12 5 7 15 4 19 1 11 15 14 12 12 8 11 13 1 19 15 19 1 7 2 2 13 1 6 2 19 7 12 13 8 7 19 5 5 8 1 16 2 7 12 14 7 2 12 3 7 1 5 10 8 16 17 7 1 16 11 1 5 6 8 18 8 11 17 4 19 4 3 3 11 9 12 1 6 6 12 17 14 9 15 18 17 16 16 6 19 4 15 17 2 2 18 5 15 17 5 16 18 7 8 13 9 12 14 7 11 7 12 16 12 3 13 11 9 7 11 18 12 4 3 1 13 13 11 15 6 5 4 12 8 5 5 1 15 17 3 3 5 10 13 16 19 2 14 2 5 3 19 5 6 8 13 10 5 10 8 12 8 13 11 
// di
4191 3894 1163 1240 4131 3096 2582 7907 1356 10971 5390 6419 4211 2755 9846 5334 1931 1723 611 5267 8416 4938 4401 4581 9087 2471 8220 6885 3508 4817 5364 10536 8413 10932 6576 10906 4522 5077 5026 7006 3503 2516 7189 9848 3390 2411 2430 7190 2687 7491 8181 6034 9416 1690 2797 7813 7593 8808 9014 8049 8497 320 2796 522 5254 3527 288 9704 10427 4697 4171 2145 6456 8869 8663 3694 4276 7573 8897 8818 5942 866 6303 412 2895 553 10800 4492 3317 6315 5979 2739 2848 9697 625 741 333 2632 1342 3438 964 4303 5536 7947 244 4301 8530 4091 3045 6508 5551 8372 958 2270 3624 2069 9897 6524 5796 5236 5646 6719 5942 8750 665 5279 8253 9757 6234 10507 10182 5451 3825 459 10172 8500 1521 1215 10255 3417 6993 5283 6157 7848 5463 6853 7669 8252 6527 8124 8587 5405 6868 4598 4273 4977 3622 7890 10756 10623 8592 5049 3564 5608 8144 6324 8236 1773 8217 3381 3535 10637 9425 17 4484 4534 4528 6712 5226 10042 1888 10448 8943 1704 9269 10945 3527 7259 452 7982 71 3606 2841 3087 2209 8390 7779 4410 5058 7044 10248 4367 8567 4487 7379 1519 4651 9914 2402 4417 9410 3982 4740 8804 6787 10843 1939 6422 4999 5148 10862 4703 8057 4450 3952 3067 4552 5841 2667 2238 2878 5217 8247 9355 7533 10567 1976 1657 2279 633 4009 5058 563 7588 4558 8448 9529 3690 3182 10015 4024 7160 3907 9114 7851 1490 996 9985 2996 2561 4254 5283 6070 9706 6454 6605 3477 5097 6489 7926 1686 120 7326 8277 9392 7822 10473 535 9982 6004 8853 4770 9747 10704 2710 805 4861 1110 2365 6149 4260 1259 8269 2048 9066 3640 8469 1402 10239 8865 7240 3537 1458 8501 2962 3301 1693 4306 8769 3614 467 103 3032 741 5507 8139 8673 1040 7352 1223 3320 1654 5260 8671 10775 4785 2798 3569 9681 7309 32 3811 6632 10388 10528 8475 4665 6677 9475 3151 4463 9596 6388 8546 569 131 1326 8233 3391 8811 9580 1784 981 4435 8115 7599 1697 5424 9596 6474 1444 9240 16 10458 986 2926 6667 3564 5346 10215 2168 738 474 6808 5178 10645 10845 3730 9153 7511 3761 4327 9488 6228 8742 1720 1825 10734 8907 10990 10809 1816 9784 7335 7472 238 2365 7009 3065 4976 1580 10484 1090 393 4049 3807 6676 1955 1797 9647 5704 9821 6783 806 5343 3062 8281 4363 9042 10341 337 5814 2155 4854 671 1533 10735 4144 3012 3830 2160 8335 10591 9516 3933 4516 2554 9578 9724 768 8170 9768 5053 6993 4068 10059 2617 7959 10715 6060 1456 1197 7717 1202 9436 2219 8824 5011 3235 1088 10732 7905 1309 4479 8324 10655 6490 5198 2656 4393 8284 5846 6059 9365 2558 3723 1340 10896 7696 6469 10824 6177 4186 7957 6620 8213 4304 8715 10355 8295 6166 2080 122 6068 4859 3745 8755 1905 9976 7800 2268 2870 9712 6949 2591 4007 9029 5470 8672 3644 8265 981 1205 5990 1738 1047 7310 4838 5242 4377 8223 8412 6392 3842 37 3150 1944 2123 5319 2 249 8058 445 3711 1898 6813 7207 9151 2595 9977 10244 493 7770 273 5460 9841 6521 6400 6374 9795 9080 6401 9261 3167 9946 10573 10381 4025 88 6824 8485 4825 3731 5655 5037 9669 6003 8891 5064 1306 9742 25 1424 7376 10237 7294 8395 1391 7659 10283 10243 5243 5266 9594 5468 10690 5920 2456 7420 3144 9462 8776 4456 4600 7465 475 10184 7828 5690 5984 4866 9236 3593 3067 9429 5264 4483 8043 5509 10825 4179 9496 1079 1185 6089 6047 2847 7689 1765 3026 10172 4896 10917 2787 10560 3316 3163 697 2557 3390 9648 10701 7388 1523 2210 133 9752 10745 6591 9673 4442 5951 2225 7426 9051 8673 5897 7863 8597 6514 77 6319 393 6655 7696 209 7693 6327 2777 10316 5599 3867 8781 6040 4682 2474 8440 2951 10529 6057 1751 8146 697 3511 1992 7923 6115 3036 7671 7046 7880 4481 1448 3223 2379 6135 5682 5022 1736 1846 7234 10915 4191 10822 5308 9341 4144 1138 886 8172 6287 10877 8882 1523 3767 5184 6391 8560 9545 10894 5274 7807 2989 7166 7820 8127 5219 1094 6072 3541 5243 1135 7883 5192 7257 6610 4367 7296 4902 5331 10539 10110 6726 2427 6928 790 5796 4191 2571 7370 4499 9477 4837 8884 2946 1480 3877 2962 7956 8817 10437 5981 9323 8770 9053 2484 4724 5371 2452 4115 10005 4228 10209 3714 8682 7833 3911 4269 2526 6631 10364 8076 85 1870 9012 2896 3979 210 10304 4674 4039 5060 6319 6417 3450 8660 10181 3481 1784 9380 10525 5440 1534 4522 1713 1266 4013 917 9199 3528 2133 6416 10030 5130 10342 6236 4734 6051 6224 9472 8247 3215 5041 10234 2195 3966 7338 7721 7522 10781 4791 10482 10749 7204 5128 3542 9208 1287 4885 7770 959 5223 2080 4127 7248 1330 3632 4775 7654 7186 4038 7581 4196 7821 195 8762 10735 2867 3559 2640 1676 722 9048 2546 5359 2848 10693 1105 189 6913 2021 3112 1877 2882 5227 4221 3309 5847 8 9761 9098 10904 8791 7327 9683 7334 8223 1922 6809 646 6704 3738 5573 6558 10593 363 603 947 2626 3859 468 559 10565 6204 3868 10043 2556 5541 3333 7972 4579 6927 3068 6246 10041 4936 5238 10977 162 1263 10897 8375 5147 9766 7757 3730 1313 3576 8447 634 3024 8765 4402 2470 9495 4724 5250 5620 5711 5980 3953 5203 1191 5366 3293 7131 9307 5587 3295 7669 2445 822 1484 10592 1758 8264 10636 2214 4735 5981 5875 6079 9629 10022 2463 7570 9400 3202 5979 8900 3990 10344 8400 319 8431 1038 9310 8494 9384 4385 6546 1451 3278 5866 1508 4528 3954 7023 9898 8092 4543 9490 4782 6386 5559 560 6927 6583 3204 6269 5760 5219 1630 479 1713 3430 1680 6540 3042 7002 9179 10277 8669 1964 5807 414 5564 9139 9644 4433 4409 6459 7485 8508 7348 4366 8140 1348 927 8178 1415 3288 464 115 9826 10956 6535 9664 3284 541 4502 6331 6527 9997 4067 10395 5484 4623 8086 1181 3765 2333 164 4490 1040 5364 6604 7217 6069 9661 2553 4437 8121 2210 4696 2888 5944 645 8937 3000 7132 1314 10680 5355 8090 2610 10878 6770 9278 10339 451 10696 8435 10975 9887 3008 5960 2562 2937 2412 2903 4344 9519 3152 6521 8067 7296 6055 3189 3034 5497 4812 9037 1265 3841 8598 3592 2286 10704 3220 5524 4888 6505 3925 9861 4616 9173 2627 4576 5258 7787 9787 8479 6824 7204 992 5938 4549 3271 176 7750 7686 8143 5243 7361 1454 9633 2064 6291 9813 3806 445 2149 6668 2708 2241 5926 7158 9552 6746 9035 8649 10337 2433 225 7355 944 9422 5883 388 10343 9884 3760 451 2965 8129 5181 4717 3277 8947 1424 10547 1032 7986 5594 5281 6175 2845 3142 9719 8901 3390 7107 8960 322 399 4106 2581 1017 848 9755 2006 3643 163 9460 4047 1309 1221 8803 13 5196 10413 9695 848 10112 4052 8780 7331 1612 6794 10465 8477 4315 7189 10461 5287 9714 4521 6786 1921 5441 6824 4868 1197 1986 4752 6766 6737 8666 2723 5 778 3315 7148 7221 1808 4449 7293 7400 7989 8229 5321 3752 10199 73 10841 5644 1579 10072 3667 8026 3546 5008 6030 3422 2939 4146 4784 5266 746 1476 9591 1069 10602 3804 6205 5487 3617 10911 7527 3007 3160 6979 9792 5851 1964 3936 5974 6759 8459 9719 9418 9561 1957 8552 1026 521 1512 2320 7570 8089 3245 9248 4269 7975 3908 10429 1523 7010 2203 1349 10831 10164 6813 2685 8555 8981 6443 9120 8157 8149 6091 6103 7798 9171 4860 9094 2552 835 7302 10431 958 635 2171 10866 7044 1168 1231 4312 6141 9050 4680 3036 6207 7194 7550 7546 2664 5250 10554 7150 6184 360 2693 1029 3680 3060 5078 2018 1668 5371 8726 3700 7005 8757 4055 4998 7607 4335 8313 8977 1646 10784 995 2135 10522 5028 1369 6417 4109 9755 8035 7763 9296 8977 3122 9633 3938 9756 5394 8886 10633 7655 9482 2654 8545 2234 4789 10499 1165 9237 4470 133 8068 5580 9005 1913 2796 8321 9578 228 8848 5377 6928 10650 10898 188 5788 1952 3399 6025 6888 2580 6564 10266 365 10409 6580 3504 1074 9637 5215 8875 9901 10229 2284 9238 6371 2188 553 2840 9882 9793 5544 5293 2178 7603 1408 10834 3739 5667 4572 10054 6347 4056 1589 8817 4502 9076 1085 5185 9934 9242 10824 4514 2386 6112 9364 3833 667 1386 9566 1288 256 2088 9114 6008 6208 2492 3655 8586 5308 2978 873 6337 1248 5519 6510 3062 9355 10040 4634 2112 7907 4287 6889 4082 4255 8792 6795 6191 7721 5940 3070 9769 4703 218 6281 7516 1833 736 718 9005 6938 7766 9519 2541 6413 4099 5204 2339 4519 10196 1624 3725 9134 8644 9453 4532 10288 8444 6067 6244 4432 2405 8370 9125 7732 7919 3878 1077 10338 4685 7061 1459 6157 2524 1148 1792 7679 7856 6856 2530 6385 6913 9988 5655 207 7833 7182 2420 7263 3212 5912 8281 9462 10082 2180 7866 2001 9161 3733 2594 10274 6648 9058 1011 5127 5777 7350 10526 9418 3096 4202 3648 912 9584 4437 5030 3024 6611 10993 2743 7944 2791 218 3135 4597 6638 3132 5596 8022 9893 2068 4563 4022 7428 776 2460 824 1418 9098 2429 3784 5258 1140 1412 4199 10038 10727 5837 3852 5567 7741 1575 8320 10313 5140 6828 6597 1844 4695 2571 777 9395 10645 4887 2820 6742 7917 5553 7328 8153 3383 10710 142 1457 608 8243 141 2471 4539 426 2459 6198 506 8165 1481 9550 6205 9635 8357 9554 5246 2678 2196 2967 2334 1333 7655 2188 668 5383 731 2966 8514 8302 8187 4327 8338 7854 10399 4474 1301 9490 5674 322 4550 1279 6284 6008 5121 6401 7613 1289 243 5864 7700 1199 3215 6251 6799 2853 4049 1668 6033 5986 8396 7046 1896 9767 4075 5662 6161 6791 2363 2349 2194 1705 1496 9755 7602 556 10795 6633 3409 9643 8827 2981 2857 9945 659 1142 8127 6329 6764 58 2367 333 9941 8981 4697 10692 3310 3329 9015 6572 6495 10007 2838 5484 4959 7446 1396 8425 7126 1263 3580 5475 6643 5085 10204 8680 1466 755 3821 605 8683 1888 6652 1679 7684 2718 2508 8329 3088 1099 10975 9981 10430 6547 330 2958 8193 7710 9970 10274 8088 1492 3296 1124 9393 9872 4198 1731 157 5205 5948 10854 10195 10163 1109 370 3003 7277 5288 10799 9574 2922 10461 9224 6913 8161 7700 7150 5269 8341 9370 471 1663 9776 5628 9672 1692 6493 3314 8605 3850 6143 9448 7429 199 2123 613 9797 7658 4553 10910 942 3331 2993 7142 4266 2132 9423 2003 7111 2594 2160 8626 3989 7080 8581 5560 9342 3920 1344 8775 1091 4577 4374 10623 179 5522 8623 8532 10708 5331 1044 5604 5748 4140 6657 10457 9633 5796 1749 2084 8921 1510 8194 3961 1515 2003 8619 6876 1241 6516 7466 499 7611 7186 6673 5639 4858 368 5129 1894 9097 2559 692 7644 9080 4170 8728 5098 6953 6674 5936 10435 9905 9694 10792 5337 9286 6040 8854 3529 1942 5886 1606 10423 8990 7191 6054 10485 9201 6769 3323 8135 1450 4256 9870 525 7137 8254 2685 4121 7868 6919 815 2919 2096 7262 7425 5008 7093 2659 254 7507 7318 5673 6512 5022 228 10045 3873 7880 8644 350 8283 2510 5323 7688 10445 7562 4988 7394 342 9290 2694 2097 5899 12 8833 10066 4834 5657 3291 10080 5635 3575 8785 10389 10736 6713 3992 4539 9056 1344 6505 9422 3797 8374 2353 2203 1680 2737 4580 2785 7424 4281 7921 4448 10999 9063 1027 780 6227 10202 6734 4978 8200 9022 3726 1290 3908 4945 8660 5718 5077 310 2904 6922 8771 682 10164 5809 3912 2299 8385 9577 3129 2902 4452 10714 9281 1922 7535 4328 2154 10348 2067 8423 9129 6844 3332 3851 4429 4769 2746 2698 6408 3136 1715 2830 9641 4574 7909 2349 2411 3921 3189 7098 4646 2573 1381 6832 1977 10292 5601 906 10273 3684 208 2157 30 8647 3003 9639 225 764 8459 1268 957 7126 7494 3423 7130 2222 512 2543 1233 1650 4151 8501 6119 6943 10689 5939 6646 7638 2314 3232 4355 1413 10152 747 10255 8854 1146 8908 6631 7484 835 7904 132 1949 9111 8300 8677 318 6741 851 5434 6436 966 471 5004 4016 8484 7076 3631 6172 8117 10242 8658 803 1572 10113 10834 5219 809 8792 9772 5365 79 7881 9681 6770 8846 2111 3700 3022 6149 10067 5923 5410 5927 8978 3702 9759 6 5542 1241 6845 8083 1744 4204 710 505 7319 10820 2847 1154 2492 613 1803 10340 5319 439 4100 6563 8549 2446 965 9221 4685 1532 5674 2831 2512 6957 6157 179 5568 429 3582 2823 3981 10057 8242 8195 1921 4408 6799 4493 8296 9741 4137 6023 4915 10427 10925 4884 7631 7510 1637 2362 3253 10384 9554 1714 3157 6467 10139 3952 10774 4522 3369 6608 7392 5705 2777 10611 3460 9215 10171 9755 10588 5488 932 5361 1319 572 9396 1140 10117 6794 1312 10532 8457 6623 2197 4674 7487 7699 5841 76 5194 8797 9774 3454 9184 1578 5449 7773 2837 2781 7559 7860 10767 10982 7032 318 10234 1960 5207 11000 7577 1599 5780 1011 8386 8273 4587 3298 8211 2392 10108 8098 3602 3633 4795 5604 2373 6216 3239 6474 5869 3246 3314 5038 7132 8846 2002 7152 4805 2805 7871 3159 847 5486 7740 1741 8945 7758 1915 7247 10024 1539 2367 2096 5806 9388 4255 2229 3675 8496 10685 8288 10361 2830 1389 3036 5434 6771 156 640 431 7528 5928 8117 6623 6504 7497 7994 5350 1053 4290 3405 10378 6917 2801 7295 7522 1435 5964 4388 7282 10197 1644 9509 6411 6028 5540 8839 1460 467 4906 6778 5462 4758 9116 9801 10272 8660 4928 6970 10367 10397 6094 6314 1005 6108 7199 9442 9318 3836 8020 6986 9755 2118 3421 3898 6386 5584 6488 8068 231 4380 8164 3872 7891 2505 3346 5290 6683 4684 6214 9472 10504 2109 1560 10437 10168 4360 7279 10101 8211 5527 3528 8678 343 1360 1249 9202 10155 2639 8199 6428 3832 3754 4758 5652 537 171 3701 4403 4954 5829 2934 9646 9755 4291 8536 8641 9030 5458 2478 7636 2869 3287 8490 10020 2675 151 7888 2143 8504 7966 5281 8133 8322 1323 7242 7434 2310 554 5971 4636 4645 7706 9708 7474 6122 5510 3589 3064 6929 2003 5873 674 6596 2375 10704 474 2022 434 7580 247 3779 2276 7160 4880 8967 892 10952 5845 1256 1448 311 10802 5861 7184 1058 6953 2778 5735 6766 943 8750 10140 9029 2079 1998 10484 5288 5818 2797 263 6509 4744 1143 9474 6369 3766 75 5787 8255 8064 1072 6796 1195 10354 9705 5146 4761 9939 6748 6111 6627 6597 9304 2843 2933 7479 1138 1312 7201 4283 3729 4939 3933 10886 6477 2479 6518 9684 1904 9883 4069 3943 4905 7112 6890 10081 10357 5566 1381 1540 8383 9048 7840 2448 8346 1527 3961 7940 8501 2334 8607 3700 6373 936 9107 10581 6429 6512 7290 3799 7920 7684 480 6717 8782 8330 2814 9711 2614 838 209 10694 6279 2834 1245 8725 10180 7375 4193 5647 6190 2424 5739 2026 8469 924 4694 10555 9231 5205 1126 8380 7819 10797 5160 4622 8070 5742 4343 1590 1596 7869 3505 9593 3745 4266 5725 4475 1933 2412 3523 9964 1138 5633 3306 9267 679 2185 3706 9951 3541 5819 8503 7132 9665 2016 4315 281 2698 2255 4143 7028 9915 9029 6255 8028 4142 6043 9965 1351 10115 2584 7197 3437 7833 5962 7070 10283 2288 5896 7992 10822 3111 5627 2397 358 1889 2442 5551 8851 1711 9788 4992 10556 9014 2152 5717 5241 7425 3077 10454 3282 10463 9138 9443 8327 5524 6478 212 5947 828 3483 5403 3187 10498 8888 2204 8104 7019 9487 7583 2594 10476 7689 3415 498 1840 6196 5125 3002 3959 665 9955 3018 1085 10091 4513 9465 6652 3321 9924 8441 4880 9511 3517 5031 3175 9795 1875 1869 7988 6585 8820 2411 7827 4990 6022 8401 1365 6750 10158 2524 8967 9416 991 3515 1904 3593 9515 7310 608 6080 5825 8400 202 2584 2463 4802 7972 10637 3670 1554 45 1018 2753 5634 9731 5526 8850 5431 4462 9613 6687 10587 3084 8820 5107 420 147 8220 2063 1974 5850 760 1167 4701 2745 932 9313 982 10365 7571 4525 9290 2736 4029 10227 4779 577 8412 4068 6536 1524 10374 7750 1389 8049 2933 10495 4189 10383 1705 9698 1684 8761 3713 9220 2988 3482 6079 8802 5645 7490 6321 9255 10634 6844 4987 4258 1575 9510 4057 6165 8263 6304 1028 9495 271 9129 10918 9177 8774 1698 8263 187 10297 160 7008 8795 2383 5285 5556 5604 8548 2523 571 998 8223 992 9741 1912 1076 5228 583 7859 10592 168 9301 8253 6968 284 8358 7905 6986 6233 255 8646 10346 4734 8157 9961 6957 1922 10759 2703 1724 6940 6524 3755 4544 3180 348 6752 5425 1283 9045 3803 8379 8906 2222 4206 10041 5297 9400 5775 2729 3369 10687 9662 64 3810 5920 467 7811 458 744 4216 7555 7479 782 3590 10906 8731 10025 5262 8082 935 2248 7235 1747 1970 3757 1752 10372 1919 227 2158 1570 3848 8108 7877 5770 6832 7770 1732 4138 1720 8171 8551 8285 1435 6777 2102 335 5954 1753 6994 8989 1925 157 5589 6508 1594 10485 6098 9926 1314 6187 10535 1135 1020 498 7358 4429 5655 7018 7434 2444 3263 6468 8013 8947 8317 7767 3269 5622 2324 6858 4959 9410 8607 3251 1031 7295 10172 3194 8501 1904 1131 9495 3703 10913 6937 4303 1039 4352 9651 3804 1496 9367 10051 10894 10883 8097 2313 7851 5745 6084 7150 8066 227 3811 7755 437 8646 7568 9868 6857 5904 10802 2169 3024 10049 4008 8507 4319 1130 7418 9845 3949 9090 7565 3893 9664 4082 2031 652 5888 1015 10232 1831 5056 8965 5500 529 5387 10854 8299 487 4262 510 4974 4690 8960 1962 3150 8216 8889 4727 9536 8000 7848 6037 7637 1428 5599 7529 811 2022 555 723 5948 6241 3689 9210 9409 6570 4828 6849 27 10965 5151 8866 6798 8514 10826 3472 562 4249 4258 8395 858 10007 1827 677 2914 2061 8277 1887 10026 10925 4109 2218 2388 5754 6520 3048 9988 10192 3087 3449 8567 9285 6534 6814 1179 3958 9810 9924 10834 4539 3492 9217 6462 7322 9035 3222 3087 3421 8593 1343 3842 1973 3718 2680 6170 9756 5035 1965 249 9124 8520 854 6464 5212 2463 10123 399 729 7277 9033 5825 4496 6549 1963 6543 1742 2662 8483 621 5582 2994 472 5518 3330 4362 4319 9175 2073 672 10707 5750 3327 10598 131 4945 6771 2044 7783 4729 10475 7435 2103 10267 10993 2823 4595 6064 421 1170 1938 9824 674 8803 2576 524 5569 6901 10791 3502 6604 6713 5212 7986 2365 1145 1363 3122 9747 2923 7130 4449 6492 2443 5997 7411 459 9687 7830 4304 333 3101 5219 260 1023 10248 860 929 6748 2887 7288 6132 45 9045 2908 9343 5640 9592 2060 8692 8668 3008 7217 9236 4395 3916 4572 2553 7265 8399 6259 2496 3567 6875 3252 8794 5292 9084 1214 5892 3888 5885 2713 5419 6857 9766 443 5329 10069 1459 2912 2593 1498 3516 10504 8398 3385 5669 10072 3736 10245 575 9913 187 7247 3756 7983 5717 9875 8348 4978 3130 8358 5985 1443 7242 8162 2546 2698 490 7979 1879 9741 8529 294 216 10063 6708 8075 9140 9240 8111 8081 3221 2464 1669 5658 3886 8433 1302 10839 9460 10829 3819 10464 10007 8559 5584 5030 1562 1733 576 4528 4303 8947 2092 4145 2878 9838 8489 1529 1487 4240 2210 1844 8084 8344 5301 3140 8357 8232 10533 6624 1945 852 9161 6271 1324 8685 1298 593 5456 3838 10444 3929 5100 7967 3645 279 8945 2537 9198 376 591 5360 9013 7027 9559 4422 8404 4327 4228 2875 6499 8362 5870 1474 4590 7979 6267 4260 8366 7620 6835 6077 8485 392 5215 10988 8596 4792 8022 2683 9787 144 7540 9856 10980 9359 5218 8309 6473 6092 8502 5352 6242 9580 9283 3659 10887 7972 7317 10626 8718 5964 9179 8963 9644 4969 1683 7448 6485 8087 7251 2523 8507 797 6292 6261 8069 10502 4193 4505 9009 7180 6318 7517 8256 7945 4608 3303 10037 5757 4181 1535 8239 5081 10760 3460 6418 351 10655 7315 899 7701 258 9407 7492 8754 2742 2040 4829 10374 3154 2798 3629 5256 9417 10783 4250 1826 5590 10741 9829 6465 6592 2451 6508 3941 3827 3739 360 2868 7954 2285 10954 9567 1048 4368 5423 5739 7828 4246 5637 4171 427 8373 6924 7956 8219 4919 9454 7765 3968 3333 7801 7078 5095 8313 3947 9931 4519 5011 8018 6226 213 9435 5784 9843 3683 10295 8757 968 10853 3213 1232 6972 5393 9800 205 3474 10321 1578 6202 2921 9879 5179 2604 4673 5515 700 5478 5013 9268 4990 10704 8278 2020 7158 944 9374 9063 1939 8832 1542 7116 384 5934 6028 1467 3194 2182 5609 189 3132 306 6234 7249 9390 8851 318 7119 7542 5499 7464 1802 304 6052 3045 3807 4032 7797 10907 7338 432 4616 4377 5934 2141 6047 1484 1028 7125 8912 3292 8758 6426 2906 1768 4781 8959 4524 7168 10085 9889 4601 1122 2230 4407 1420 4391 84 5017 5693 5861 6847 2618 4622 8803 4387 734 1155 1017 9100 4868 7930 9588 8026 2716 2416 1327 10006 1412 3528 7028 1945 9925 3441 6256 1714 2855 1247 5866 677 2078 3714 2484 3972 4799 2314 8472 6144 5684 4126 9809 7721 6789 1115 2394 7897 8101 336 5613 9024 9873 3396 3496 4853 2024 5879 4222 7488 2222 4452 10417 5710 7765 2763 8523 6332 5635 3897 94 9384 8804 3029 10360 8406 8771 5350 1140 2251 8087 8036 10742 10292 3673 3540 3860 2542 3499 3788 8491 8559 1552 2765 3124 2640 7201 7573 9619 1805 3880 9606 2054 4017 8816 7220 6999 2582 6195 4997 9910 2903 8783 5994 3624 6053 10564 4668 7391 5690 5588 4731 7837 6395 4108 3192 2259 3334 10777 3334 752 7931 3271 9110 2983 2736 7921 2838 324 8843 3068 7874 1896 4216 731 3287 9524 8815 9419 27 4079 8949 10401 8222 2710 1624 8659 4223 7543 7806 1515 10944 2268 10091 9204 2744 3090 5388 4606 729 10733 1948 4331 5781 1692 4624 1137 680 7817 122 4461 8196 5095 9340 5935 1894 6424 10202 10198 2072 1362 3765 4671 5984 2307 4399 2243 98 1579 8189 9181 10440 6025 4116 562 298 4269 6056 8977 10693 10522 1462 7047 544 2449 9656 3245 7326 5115 9631 6405 4761 870 5955 5910 5196 9308 873 483 118 9472 8028 2101 10178 1659 1222 4714 2271 5598 7991 5801 4588 7624 7148 9724 1550 3965 3713 3898 6767 1990 5661 2561 5353 10930 10767 7852 7633 670 1146 9653 6020 6177 6650 6793 8641 1269 2980 9479 10774 2472 8290 4145 7772 8242 3770 3313 6108 8713 540 7699 8344 4047 7698 7348 9035 5518 7143 5614 9723 7693 4534 1158 974 164 4497 1398 888 1343 10384 1501 8109 4482 6374 2734 9780 10971 5349 5026 7212 9642 3631 5329 9415 1175 1804 2092 10648 1876 4313 3871 9437 7928 3093 4028 4061 7430 1466 3907 1955 5067 8024 7009 6959 7552 10436 8064 9324 3748 4498 10147 4709 4316 5926 8016 2483 2917 3161 210 385 5511 3988 5965 3243 8885 9837 5260 4745 2609 10350 9293 7335 2759 1333 1529 3016 631 5824 1604 1413 2114 10169 352 7232 5217 2802 9689 10051 1971 4700 10503 9995 2751 1953 7422 6135 5028 1242 5096 8330 10761 4644 7222 600 10269 2089 3882 6630 4812 2182 8780 5887 3302 1081 4346 7629 10348 6340 10812 8384 4720 2954 9667 7947 3267 3818 3163 3768 2177 5002 5724 10316 1841 9196 5906 9249 8514 7120 1282 8225 4322 7400 6211 1782 10599 9437 7312 9332 1921 7614 4710 6726 1207 8067 2284 66 6176 5397 10309 2563 4527 9540 10766 10319 10957 7334 6453 5997 4121 2298 1946 339 2216 5881 2952 765 122 1897 6508 6542 2189 2040 4590 5301 3961 7848 2433 3610 7478 3480 6904 366 5481 713 9804 7780 7515 9488 5904 1807 5753 4336 4517 2619 2106 2372 321 10689 9884 4622 9589 5209 963 8153 10909 4118 9386 5863 4354 7034 3872 3239 1702 9450 10266 6623 2163 2050 3165 8508 10661 935 2685 2232 463 8001 7293 8570 1161 7784 9581 10456 4787 7443 6250 8064 10475 2351 838 1850 9566 3868 8341 4009 10013 4643 8844 7364 5014 9549 5253 1707 1148 2509 837 10440 10259 8066 5954 10494 415 3334 6341 5953 10923 6649 10900 2825 7548 3158 237 9333 5184 5486 7001 775 10091 3728 6041 4674 3446 9890 6498 6217 132 4208 263 8609 7290 3193 9530 9543 3562 10886 4625 3567 10887 2931 2270 10742 2968 2299 10440 6616 6279 4347 1570 8983 5103 8354 3801 6309 5968 8185 2838 4496 1271 845 3397 9340 4064 7775 8828 3158 8277 5403 5703 8464 6936 1247 3940 9522 111 6473 1922 2331 10717 6581 8407 1605 3586 3517 8210 2554 221 5736 1480 7362 2297 7317 7691 7010 1525 1053 4038 10145 5546 3716 455 10907 518 2608 2639 1415 799 1776 9642 8552 5849 6957 10814 10972 5486 10666 883 142 7716 5209 1427 7329 7292 353 8808 2862 595 4388 4597 2126 5425 52 353 10469 10797 5373 5683 5825 10481 4390 1858 4599 1196 3564 6458 8946 10883 9287 2075 3608 10677 155 2940 9428 7386 7689 3152 5537 2576 10390 2046 2960 1937 8860 8744 3913 2559 3227 4041 2288 8811 4909 1973 6817 6231 436 4853 4647 3207 10650 8603 6379 9492 436 4112 10498 68 4989 4890 8967 2027 1472 2486 476 10682 5236 4628 1350 10305 9239 3511 426 8802 7144 5747 8595 2088 8054 3692 2317 4254 3348 7848 7590 3981 598 8400 1667 10916 7922 6343 10457 4241 2845 1845 548 418 1832 508 1049 1099 2373 6338 1995 10812 850 8179 4281 4035 1241 3557 7812 8503 2282 346 5719 219 6693 8695 8053 8414 8480 8743 1302 6435 7584 6072 10473 8585 142 5565 6118 4971 41 647 256 5237 624 4900 9224 2098 10520 3367 1067 1809 366 3692 9024 4563 8453 3820 6552 7551 6038 3720 5539 6469 10982 7067 6874 9824 10046 142 356 7658 1544 3863 1960 10967 3259 9369 10928 8762 5037 4618 8084 2975 900 10923 7182 2468 9333 10357 9654 7920 3816 5308 959 7166 2878 8096 2304 746 10235 7327 1365 926 6054 7739 6541 1282 3368 4585 1666 892 8537 4121 4153 4423 8092 10108 2688 10050 9442 101 2066 730 2394 395 10868 5124 1940 8106 367 6472 7501 3146 1012 7033 6566 2274 1465 1644 9468 5864 10880 7749 5056 10612 6893 3811 9672 127 488 8115 1244 7690 9175 315 4549 1548 5652 4240 5492 4383 7934 8807 4933 4824 7190 1856 3906 8019 9620 3094 1304 5544 7503 5036 3154 7714 601 10037 8035 9245 1363 6018 5109 2397 5000 1050 1016 2465 414 8471 10959 4493 8653 2806 7453 3853 6408 3485 341 6333 8715 9736 590 10847 748 9815 1837 10713 9823 10191 289 9534 8787 8855 825 4901 3713 10253 10845 6673 4188 3345 10447 4808 9809 2163 8891 7981 7751 2752 10339 8391 9303 9581 2651 1893 8760 7435 2721 8344 156 844 7560 1045 2624 9163 10828 670 3026 6454 1870 8911 866 7185 5710 142 8163 8958 2520 8468 6293 10965 10283 9014 1524 487 10366 4186 7380 8800 418 10502 2177 6326 10428 5658 3165 7249 4741 8964 574 8375 6569 10841 5704 2117 8505 9528 1567 9005 4491 1416 1766 6825 9120 9077 8180 391 3140 4627 4379 7932 8188 2925 4487 1974 8357 3008 8923 8452 6164 1431 7094 2150 10906 3653 9085 6102 10883 4912 1884 7155 2917 3107 5064 9117 6319 361 9124 7014 9460 6587 8861 7430 6491 1632 1686 5862 6090 7226 3294 3971 4610 2369 137 7634 2316 8939 4927 2486 6651 181 1281 10086 4955 8789 5693 9656 3320 3641 822 5268 4799 798 3936 2000 6226 4810 3737 6712 7460 5825 6400 6809 2146 10637 1728 6796 3065 4688 4876 622 3487 2117 2973 7565 6482 7577 2673 9999 10014 4110 1166 5937 10259 5393 6951 6515 4352 272 2144 6397 8692 6737 1070 7265 2004 7237 3209 7094 10859 10300 3823 5479 9531 3050 3316 1654 947 752 3612 4700 6539 1379 7927 7119 7003 9713 1083 1796 2255 6161 9338 3177 10035 8989 8165 10555 2421 6130 9860 6790 7796 6909 4211 6918 10890 7145 10026 3165 1525 7522 3904 558 1812 2490 710 3647 5881 193 7401 8363 9513 8668 1736 1243 5575 2160 4636 4328 3842 6415 2899 4572 4436 7992 9040 10605 2344 8843 3890 6725 2263 4727 10446 8399 8765 10689 268 2707 5161 409 4111 6214 8069 3858 971 10498 7472 1672 4295 5812 7470 9735 4323 6064 10842 8496 3342 10075 10427 10187 10047 9526 5975 4565 12 10491 9597 7729 9768 9693 347 5091 7439 8078 3304 2962 7253 847 9110 749 9767 6141 4420 1908 4934 8050 2578 6081 4666 3972 7606 7404 6681 8398 5781 1285 4222 3056 3171 1099 7155 9231 5450 1536 4348 6498 4342 7007 4586 8871 8512 6914 440 423 321 778 1564 2500 10813 9288 6682 6339 1417 8378 389 3371 695 3800 3255 1754 9569 6579 510 6282 7260 8981 8640 8149 1933 1743 7357 3913 4305 6571 4901 9383 10659 737 7068 7069 3261 5485 10408 5319 3977 4993 8649 3681 4840 8524 6611 7077 4908 10491 1122 7981 10743 2319 3099 2601 8320 202 9254 2073 8855 6388 1449 10854 3317 4963 6106 739 10845 9869 197 6661 7382 7869 8335 4607 3123 8440 881 6175 746 4030 6709 1261 3695 87 10971 4623 4514 6150 10949 1503 3689 9658 1077 5743 71 8753 5873 1253 6216 9733 6026 3364 6487 2464 7958 3613 5822 8820 4150 8024 10968 8432 7223 7893 1475 8632 4177 9514 9342 6906 9123 948 40 4016 2497 9712 3354 7922 5844 5978 5621 1439 5757 6358 1774 8666 8031 10841 9296 7527 5516 9642 3409 6874 7050 10486 3910 7319 3636 8266 7431 7262 3914 9895 3909 8115 2581 1184 9533 4493 8601 1751 9964 6338 5121 8495 6309 4959 5026 4453 8981 9676 9223 1467 8728 10519 1557 984 4933 6544 3127 10221 6645 3391 776 3434 9752 10038 3910 6261 8212 6720 5129 5620 3804 716 1180 6343 9383 6441 9956 10974 576 9337 6378 10760 1845 10698 8096 3107 4957 10489 2019 1792 2655 9201 6325 9900 486 3945 10433 5016 3894 8505 3999 827 3471 2101 5753 9466 10974 3608 3089 5436 10360 6371 1702 948 1385 5399 6634 8562 4449 7726 8528 7715 4179 2520 6992 8916 1532 1708 3001 3068 3249 10148 669 9015 855 2496 3891 8056 2686 9409 2961 905 3637 8002 10354 4941 3567 2310 2848 3537 768 3241 8543 6457 2763 612 4953 3593 503 8181 10346 7157 3190 575 7044 6731 4203 7022 3550 2731 3480 6834 9474 2881 3178 1412 4613 3679 3424 1984 660 4072 7888 919 6519 4105 2306 9616 2673 5212 2818 7917 3500 2945 6069 4732 5166 3622 3569 3263 305 3012 3096 3001 3623 5908 5585 10761 5358 4184 2727 4341 6673 641 7155 1845 8 1539 8838 2634 3631 1483 8406 981 8842 3854 6781 1884 7497 8076 7588 6370 7720 8389 7770 6698 137 5754 5014 10575 9577 8800 5682 6645 9574 9569 7180 6871 1166 3738 8034 3570 4127 7347 9237 801 3834 5746 436 10490 2562 276 6333 6724 9711 10649 2507 4402 7904 1739 919 6657 6425 521 3651 1651 6655 5748 4126 5669 10008 4540 2981 10278 1261 7314 3121 4922 9519 7257 875 8630 19 4461 10659 5000 9402 2221 7979 3471 8402 5607 10206 10935 6198 3999 8007 2115 6184 4886 6016 1265 4159 7800 5195 8202 8836 3201 4170 5696 9281 8266 141 1158 7077 6358 10358 2846 8000 5055 7192 4266 9369 4246 6794 6326 10265 870 6394 3384 6307 3697 6576 2764 4148 79 5739 5716 6770 4119 5491 4352 9908 2419 806 8689 5323 5756 3453 6943 6557 6029 7363 932 1923 9364 6135 2068 3851 8287 8641 9032 9854 5652 9960 8466 6860 7356 4233 10127 9298 9214 3221 5619 6207 9867 4384 9488 5656 459 2278 5358 3692 4434 7434 2106 9549 10914 8665 8227 5538 10412 865 10578 7020 7538 964 9984 9885 2637 8177 5621 6281 9662 7442 2049 1485 4417 1921 9015 5204 2651 6873 5245 3482 8907 1755 4422 2336 10214 6074 6725 766 2468 3135 3127 7558 6953 3625 9506 9729 1284 8793 2803 8706 9423 2654 2592 409 8973 4453 3810 7652 6672 8947 5844 5672 2130 8235 2598 5226 5225 4509 4479 5275 1825 5024 3453 8018 3871 7216 2887 4333 1064 6505 7577 5869 714 8131 4121 2268 10161 2425 3001 8860 792 2113 5110 1553 3151 477 5430 7725 8666 1316 10618 7065 9742 1799 8964 2916 1086 10620 6214 5112 5769 5588 519 5173 6694 2414 2962 5202 2025 8656 10299 5009 3173 1780 7337 1402 4833 4127 94 155 1530 7620 9658 5013 6673 8175 7255 7844 5178 10318 2412 5456 2128 9564 2186 10405 8893 10689 9899 8010 7793 10788 7170 10789 8180 7657 1622 2380 7026 9202 3686 3584 554 2161 7846 382 3122 5207 7420 7655 8567 6551 6774 3754 326 4762 7329 6658 7494 3565 2932 7007 2140 8437 10804 6720 1189 8867 5495 4767 5483 9692 2515 1195 603 8480 1141 466 1685 2329 10274 10097 8826 2419 9147 3213 6017 977 5327 1254 3110 9768 4140 589 1887 3432 2906 1267 8449 8905 473 1228 9089 10571 7459 8419 8301 8717 2013 5498 10046 8981 7894 6531 7163 6299 6375 4632 7868 8527 3896 10121 326 5436 4647 2482 7108 5798 9027 1497 3058 8578 8690 5958 2877 1009 7438 5684 4367 1489 9777 4665 10455 6231 6290 2990 4934 9921 10078 2342 70 8311 6693 651 3563 8593 8433 726 1713 10834 5299 4302 2054 6746 176 7975 1072 5780 10072 1035 1420 7611 9 9802 8189 3178 4959 5981 7641 7210 75 8570 6350 2992 4796 145 3562 4736 5720 113 7941 6867 5932 8721 6567 4866 2685 10834 148 3244 6829 929 10128 1643 3023 4323 2815 9640 4703 3815 9890 9312 3422 8365 4118 8395 2426 6767 7530 1175 3965 810 5453 1236 10735 10408 5081 2037 1429 7454 10814 5775 6446 1954 6838 10307 7985 8334 10321 3869 7172 6630 9690 8620 5845 5187 9589 7337 8185 6467 2062 4381 10441 620 6508 7326 10042 5964 6278 9306 9829 5054 3031 6038 7775 506 9057 1337 4450 2405 8836 7531 5244 9543 4105 10750 8273 3664 3524 3380 10690 7454 4684 9346 9893 1656 10266 4047 7646 3132 2715 10519 9833 10702 10156 9093 5693 6876 10423 8579 826 7407 6402 5084 2529 3058 1083 9443 7811 9172 7346 10362 3034 3310 3581 7514 4169 8075 5675 6816 6083 5751 10591 7531 6103 5054 6498 3974 6961 4251 5763 8997 1502 2055 7884 5931 777 8231 3241 5676 5072 889 4071 2982 4058 10716 7895 232 2901 10229 1573 1571 5511 2822 4205 615 1154 2111 4488 6951 10145 7254 668 2145 6699 6836 9115 5829 2820 5886 2719 5847 8119 356 8378 3640 10311 700 6719 4896 9510 5372 10013 856 1989 4030 7090 10775 643 5334 7296 10569 1618 7693 445 1981 7948 1701 5616 3700 8817 1488 1899 937 7902 202 700 4778 6791 649 4492 4798 7522 1780 2303 8040 10462 5925 9259 2908 22 3083 9805 6273 2223 6428 9062 10540 2782 159 9228 5231 2379 10279 9771 8809 2435 3609 6835 1159 9129 8923 414 10697 5711 578 531 5485 5849 7662 8469 2503 9920 5975 3565 7978 9633 806 8303 4179 6996 5826 8111 7968 3390 827 3898 9673 9162 7480 7031 1006 460 7439 6148 9099 6800 2210 196 4602 623 9641 1874 2251 8813 957 5175 5645 1474 5741 4018 7067 5871 10043 10479 3583 10233 2188 2052 5734 1471 3247 5738 172 992 8700 10621 6673 2739 3727 2416 5942 297 3021 10411 10601 3221 10073 10845 9526 4875 2181 496 1758 10032 2036 336 4664 6406 9097 7273 4837 6121 5796 1260 4373 10310 10421 7946 10694 7146 1470 5943 7195 2959 10114 1896 10767 3890 8012 1719 8727 1352 2286 8700 2308 1588 3353 6924 9824 10480 9476 5463 2038 8246 3520 2562 1987 4076 690 8797 1860 1796 9330 5019 8736 8498 843 237 4135 2761 9676 2791 9757 417 5665 8296 1393 4968 615 2125 4468 9901 7119 638 732 3521 7718 2554 1805 3765 10520 5431 3492 3096 3075 5410 6437 4367 7003 10637 4235 4813 46 1744 3214 10132 6807 8645 617 3759 10872 4222 10143 9382 3957 5418 3756 3563 1502 9168 6240 10336 2027 2702 1963 1128 7010 7945 345 7893 7720 7649 2635 3487 249 103 9345 3545 5282 1527 9018 8747 4872 5156 838 6175 8853 6337 4973 8114 1796 6414 10425 2867 1895 2987 1698 5740 10536 9299 7665 3667 4691 4254 8324 10228 8168 4810 7661 9965 5853 5974 2795 425 6272 10867 633 8064 1069 3258 8504 3859 7919 10481 3945 800 4909 27 10773 4211 6061 7430 5790 7762 4442 10408 1715 8787 10615 1592 2273 6872 10394 3353 3450 4504 4692 9534 1082 2129 4703 4128 7615 57 689 8693 8685 2738 8980 5919 5379 6168 7104 8620 805 7675 2847 7385 6691 8712 9205 2720 656 3794 10622 1310 3421 2476 559 97 9115 2081 4291 7741 10478 9452 6802 9905 30 10378 8107 4197 6344 6749 1801 5457 4635 3282 1702 243 2336 3616 8750 2434 2744 2987 5976 2124 9824 5693 9946 10783 4299 709 3564 7737 10323 7514 1853 6367 8489 10585 2217 699 9181 8239 6078 10435 3765 7673 5537 1892 9552 2066 9027 5005 7026 7419 10450 7316 7463 3883 5913 10786 5746 574 7074 1748 4942 1684 3461 10814 2970 2286 9003 1144 6580 7586 3495 423 792 3226 3806 1528 3748 858 2353 6547 5283 3521 480 3977 10685 178 9186 10598 5053 10496 308 4208 2809 5676 4832 2680 8552 2078 5943 4769 2988 4048 9282 8302 9981 4137 6518 6319 8305 1542 10585 1152 1446 2082 5939 10915 9147 1901 7676 2320 8756 9499 8826 980 1989 4621 9952 627 904 6932 10122 4003 4843 7727 8727 6342 5708 2475 8244 10066 7969 319 8611 2043 620 10747 2432 4337 3946 1084 9401 2536 4398 1734 1098 7713 4996 951 1097 2118 3934 2732 7544 299 2505 8939 8842 3759 676 7238 7966 432 6020 10231 1524 9037 1206 10544 9544 7781 5174 8935 282 9272 4324 169 650 2614 9658 1695 6776 1985 5252 9980 9151 5175 287 4138 2770 1880 6339 3937 9733 10840 10378 143 8629 2403 2888 9725 8999 2768 4535 687 8486 3646 6449 2043 3511 4347 20 949 1793 1309 3239 1501 1941 2181 8612 7094 881 982 7277 8240 7543 4306 5883 2710 3098 2158 3137 8649 9460 1516 7058 6380 4353 8592 8426 3664 6216 3764 5113 7737 3783 5257 8579 8582 8412 1911 6380 4387 7515 2125 3479 7027 5929 2847 6300 3660 8713 7339 2974 5435 6386 9686 10547 2370 8054 8074 985 10704 6872 4747 16 897 1198 9859 3989 5174 9277 8139 4807 3619 6186 9000 10426 4993 2222 7977 2296 7646 10149 5318 8186 2522 6234 4524 3382 247 9700 1278 1062 7304 8572 1702 9117 7434 4382 8297 6651 1614 10953 8963 6576 8547 2691 3304 3965 3442 10282 10206 918 5343 1439 4370 1055 4384 5278 4346 6905 6268 5801 3661 3462 4913 4253 7567 952 9184 10148 3844 2185 2529 5362 10756 465 3029 6656 1088 6272 1682 4316 8478 2263 7067 6885 8170 3520 1889 2868 1686 6064 7606 176 1401 7554 6727 10078 4723 7129 6146 8492 7742 7098 3571 1892 2436 4776 10065 10392 3130 2473 897 8413 4502 6252 7622 4440 4507 5567 3471 5503 1303 8481 8014 2286 4548 6816 9536 3441 1640 7093 5924 3384 372 1779 4712 5914 9350 4030 9722 9300 4546 3783 5994 8480 10778 7513 8618 4855 10891 1826 10281 4001 5979 580 10735 10363 10277 4685 2765 3338 9862 684 4394 3406 7182 2191 6061 3184 6085 2201 4808 8796 6739 7146 10456 1703 1193 1486 9326 1552 5582 9677 6571 6210 5123 288 6537 6284 7302 8622 1166 7160 9161 2786 5258 7562 9996 3384 10260 7168 9884 2036 1761 9590 7568 6031 3224 3935 1166 3154 532 10979 7552 3767 6500 6372 9986 2057 6760 5086 7810 8711 6015 10429 1441 5570 7797 5629 2887 10951 9558 5750 4186 5594 2372 6867 265 2956 2887 50 3655 3398 2474 7336 4458 847 46 2533 2279 10681 8268 1872 8748 3909 7464 3751 8063 610 3006 7911 9103 4191 1734 5966 8377 10779 10581 4933 6677 7950 1075 1182 3595 418 8669 4892 241 5576 1416 1534 6863 639 1325 3590 8568 4343 10375 2815 10006 2487 5418 8176 5698 6810 4868 3805 3304 7610 9693 5204 3484 8681 2138 10161 443 6995 5680 2967 5808 8861 10792 3832 7787 5330 9039 4014 7282 8420 7174 10288 2136 1135 9553 6711 6093 10701 244 9216 4848 5133 5468 10780 8925 6537 10842 7436 8356 2380 6784 10240 484 10296 6076 1541 9951 2580 7687 3638 10848 5536 2218 10632 3118 1467 7481 2023 6545 9158 373 7230 5608 6248 9806 10593 5067 5087 5505 10497 2072 6503 6231 9080 10907 9755 9829 5091 10338 799 10207 1421 9646 10055 1345 9922 4942 568 7549 8028 159 5550 8697 4190 3022 6785 687 2002 7309 9738 1479 9115 3783 2159 3351 5843 9025 2872 5063 5442 5073 5489 10265 10253 6673 1388 383 403 7293 3852 6011 4702 7907 8419 1710 6937 5912 2161 6894 5283 5907 6992 8018 8505 8381 1698 8068 10100 10079 3951 3021 1549 10831 9670 9025 2791 4013 4352 7997 4408 4695 3262 1734 3844 539 10584 5863 355 8822 273 8809 9138 4332 2546 6163 9038 381 6452 4356 4396 9282 4887 3402 7458 411 3722 4073 3106 10310 4417 5940 5705 5496 6120 1665 1056 2373 7996 5485 6188 8309 8745 4127 2566 4799 8971 6401 10002 2088 5317 1378 7541 1943 6752 6163 4464 7650 9041 4590 2631 5084 8620 6084 2453 937 10533 5199 1958 9205 9128 5298 5251 1489 4999 3273 10928 2439 10845 1428 10648 8764 1148 9546 8017 9376 4832 9294 158 9054 4368 10992 3282 8970 2851 10985 3607 2639 9623 9499 10247 3418 1949 4626 4803 10216 1202 3925 4014 2815 10287 194 961 4061 9413 2761 1420 7324 802 5335 4247 2163 5338 977 7447 3446 360 2204 3149 4292 1925 2837 4568 73 9811 4100 7668 7388 2801 5590 646 523 9492 840 2423 8165 2513 6924 3701 2440 7775 4074 5941 5264 1938 4283 3920 1936 2008 9872 10352 8558 298 2972 4730 6200 10757 3621 3712 5473 5830 9321 5879 4954 71 6015 3411 6942 2106 1464 10687 3330 202 10334 1960 1341 6957 6063 7288 8225 2650 9524 8762 1813 5620 7134 1631 5320 2842 8431 7097 2049 5097 8926 7854 430 1435 5204 10681 5537 3327 2743 2085 4300 4020 6316 8401 3268 5589 6611 2782 3949 8217 7041 5662 9433 1029 663 4992 5197 838 6818 1874 2751 1160 2417 2020 4127 1072 332 4355 5135 5085 1945 10987 546 8011 3726 1083 10372 617 5782 6701 8921 90 3014 6103 2125 9452 8687 7246 5015 9963 4588 5875 1713 5228 8014 6689 4654 9266 1289 7545 2302 6443 5422 2979 3582 5483 7566 4922 1737 9337 268 8110 8006 9219 10628 10317 4510 6408 4164 857 1616 7602 5475 10766 7326 8550 3117 1848 3457 4268 2880 6188 3663 3735 10634 7723 742 1313 8182 1477 8856 7243 2742 9391 7388 213 5585 667 3167 4081 10830 2632 4257 4841 7705 10054 4586 10298 2428 4875 2157 1217 6793 1551 1750 2455 8912 9705 6967 2256 5517 5307 437 8796 5734 3758 7262 9449 2931 10443 10566 6991 9707 4392 3210 4204 6450 8097 1452 3013 4825 7450 1288 6880 7299 10816 10043 1607 1878 8681 204 8175 7781 5818 3926 1925 1606 3635 9518 5206 3491 4609 9653 5089 6137 9241 6266 2596 6476 9585 4575 1835 7366 2229 8683 1656 2523 5866 5179 1572 8619 10487 7515 4169 4709 1047 4392 2173 635 3366 8599 848 7965 8892 2142 4299 10755 372 5833 2225 3728 3142 4156 10924 10817 5112 7858 3370 2874 4490 420 6135 7263 1727 5460 4689 1565 8136 1184 1611 7322 3480 8791 3701 9164 3570 9838 7245 6481 1040 10554 4568 4218 3251 5071 3682 10566 1076 5379 6504 8001 9688 2892 5068 8979 5832 606 6543 5882 10387 2160 8027 6995 2881 1366 4736 8066 4946 6008 9632 803 150 7833 1633 8564 264 8126 10154 2115 4749 10500 4721 4689 2726 8656 5849 1513 7734 4540 8037 8279 6480 6853 5291 9473 2920 10120 3756 543 7245 7044 7130 2682 8925 9815 9284 3645 10768 3316 1581 6320 10260 10632 4145 10079 9187 4489 690 6799 5875 1131 1526 3645 1311 2559 5320 3761 8387 10443 1386 5444 3640 2548 9079 5741 1967 9682 9773 9960 6468 6511 8464 10842 5540 8698 1813 3219 3379 8309 9601 2806 4957 4315 3333 4001 10444 2988 7362 9324 10727 6447 8505 1728 8256 7422 8535 9863 6221 898 9672 3796 409 2348 1754 9480 6403 2322 7370 8778 4043 6631 1650 2493 7363 10366 7156 8851 7790 3073 5141 10859 1720 10099 2979 9124 10665 3110 4458 7858 2948 8548 8999 144 4311 2895 7684 10539 863 8874 4475 6091 9088 6852 7871 10785 4675 9502 8687 6006 1914 10091 10830 5386 3296 2848 8948 3295 5547 629 7937 5450 3848 8913 7277 8436 604 10766 3088 6357 4724 10641 100 144 2989 10674 9753 9923 119 2483 4156 1237 2587 8146 9115 3020 9967 530 1249 3213 1570 4620 6470 8797 3591 2217 4627 10103 2424 208 5905 6279 9104 5593 9659 6301 8289 9682 3554 8085 3091 192 4944 1826 7055 10759 4235 668 578 1962 8187 2579 8947 3366 3992 8296 6766 5676 2464 6185 790 2769 2754 5652 3902 7673 1363 2390 8272 4108 7130 7817 7916 7762 10023 10242 5319 2165 4417 4835 6089 3709 10972 4625 659 10092 4578 6677 6073 469 8701 4552 423 7978 7518 5171 1282 3734 9018 4602 2774 4333 10872 2246 7303 8033 3751 3225 9804 2636 6557 3507 3186 2654 10020 10560 4813 6027 1558 10977 7028 8490 583 4650 7085 2165 3557 8773 4271 7602 925 128 4103 4250 7396 2422 8049 2370 1373 7169 5482 9825 1470 10854 2389 6604 6594 5298 696 2574 6057 8805 3078 2354 3923 8320 3509 2186 9403 6758 2263 242 9804 1994 5119 8723 3525 1697 309 2477 716 9556 464 8695 10281 7642 5168 5629 1271 8331 9086 111 8235 2878 5144 9457 5810 6446 3401 215 8066 7428 1763 5572 761 10849 4739 2314 2266 6260 8887 5489 2442 9470 8976 8021 282 5654 3847 2574 1921 4321 8275 8403 6041 110 9561 788 2049 2674 3515 687 8312 918 9943 9122 1865 1056 8657 10021 8570 1465 10341 4272 9893 4416 6587 7816 2223 6459 7724 4207 2130 6280 4424 1462 6407 9571 2723 10533 10890 2363 5958 6367 416 7241 1559 8365 2328 5854 4344 4745 9512 10497 7137 1534 4976 7946 2017 8311 5021 3037 9821 6746 6094 8107 3449 6893 9003 2809 6809 4435 902 8389 131 3784 10649 6843 6728 7723 8994 1433 3791 933 7215 10585 9384 7575 10481 288 823 10130 8602 2976 5681 53 291 79 7086 810 5815 3267 4172 5358 10466 210 10822 8670 4834 10970 2572 2127 5498 5412 3055 2695 4410 3790 5177 2766 5666 7103 5867 8257 1586 2509 8471 7899 10024 7188 3798 10872 9048 10529 5902 9438 9939 8776 4558 3730 1034 5817 7043 7995 3636 2524 7683 5374 8830 7850 682 7468 4324 1025 7412 4621 10784 8093 8907 8726 8572 9442 8232 8635 4592 5620 3287 3780 8551 4455 610 610 5535 1869 3842 4895 7401 3172 3592 1134 4556 6606 10530 5008 5815 8543 9610 8066 1246 7438 1572 10102 10758 1447 5910 1215 3161 6120 2439 8356 3007 7110 10539 1823 6600 9154 3006 7657 1766 5171 1427 1003 1256 337 2785 1533 5507 10030 7272 3981 1359 5316 7743 2089 3439 6337 513 6565 2325 7714 7528 6778 202 2052 7012 9965 5205 4039 2241 4361 10835 1625 9962 4739 10876 6970 10819 2576 9085 8271 8722 9308 1162 10812 9534 1618 7053 1444 1734 5820 7937 4218 3847 10725 10157 7039 8762 1289 5103 2893 8714 4470 2580 10963 10931 1580 6741 2052 8521 997 9445 10285 5334 7046 4294 792 1371 2312 8460 9618 7502 3114 5189 9818 4590 5264 8278 1560 10802 1236 9023 4490 7444 1634 7676 9621 145 6088 3480 9058 6275 8370 3540 7738 9685 1225 312 3343 8164 692 5727 7084 5785 1990 9370 5619 217 9107 1543 2895 8356 10994 2084 5483 10908 10251 5627 10355 1363 9990 3307 2236 2295 2537 3644 1273 8875 1145 2708 4956 10554 8719 3352 10325 8503 8150 462 6334 2524 10694 7468 6536 1006 185 1972 8265 6125 295 10559 4382 10848 5803 4597 6974 1253 3436 4343 10624 10494 3047 3380 802 7817 4914 797 1780 8089 8494 2446 10531 2384 2712 5526 4424 9879 10603 1979 6471 9690 4429 5781 6456 10125 2284 10597 656 1782 6462 1444 1094 5657 8331 6678 5424 10571 8267 5657 10948 6398 5543 2714 4811 8899 9797 431 6727 2773 1395 6781 3150 2988 4050 10588 5306 6550 3013 463 8467 2321 1636 1758 2815 1813 9508 10454 8731 6634 8587 1163 3732 2305 9537 10643 3652 10148 550 9371 10856 6585 5443 10972 8060 9337 1968 3910 4283 8640 7080 470 3277 4787 9377 3736 10714 7287 1808 4998 5442 338 10194 39 6026 8799 3112 10560 5969 4987 10249 7359 6737 1414 10991 7483 6298 8259 9081 351 10807 5501 4484 3802 8226 10912 10713 8459 7657 9097 9315 5735 8293 7647 2768 2305 9150 9485 9024 9402 2383 5925 7790 351 84 2584 8132 8272 9173 6684 7061 2168 10283 991 133 7622 7790 4075 8537 10507 1176 2445 953 5493 3745 1986 7593 450 5471 3345 2241 1539 7846 4479 10875 8030 7682 2705 10040 1692 533 8957 681 4215 7191 6802 10128 1605 1195 4168 1334 8439 2176 3984 7281 7297 6312 8839 2787 4154 1390 2345 8599 1367 6720 1554 9907 8718 10896 7668 2601 5783 4779 4805 831 8139 10512 3961 4427 10882 5998 10955 7583 10306 4070 9985 8708 7593 6513 3869 4783 10710 2411 429 933 3670 2626 8068 5593 1557 3670 3628 6378 9186 497 10575 7081 9735 7013 9765 6142 5848 7897 6548 3569 963 5940 3389 10140 6888 6651 6135 6388 6272 3802 5375 2311 4562 4991 10383 10285 2543 6612 6872 4632 3662 8290 6405 4291 3176 9122 1817 5289 541 6293 725 9446 6339 2000 6346 7389 773 613 7722 8872 4970 9217 4984 4631 9029 10651 400 855 1326 657 10847 8381 8761 2154 4444 10875 8299 6629 7441 10692 8665 5342 2056 1524 2875 8955 10273 1042 9989 615 5140 9979 5876 5229 543 3104 9797 1132 547 7143 997 1910 6257 9549 3234 1245 310 486 9718 2607 4075 3878 6723 907 6106 7964 8328 2965 378 3181 220 10014 282 2969 7604 3418 1642 1156 721 5278 8176 5819 965 300 3584 908 7363 4236 2179 2817 5714 5663 113 5540 9685 2773 5218 883 6935 1873 5659 8124 9640 5167 8174 10586 22 10500 10392 10877 2119 8344 7626 9002 9926 5123 2882 10034 5615 9162 7893 559 6796 3702 3273 719 8898 1625 7201 3887 9557 10423 8920 5417 7691 2757 4884 3302 2289 1646 7135 8642 2445 8756 7721 3069 6831 2896 3020 64 586 9450 4469 5454 4212 9547 222 6599 10307 9163 9759 9411 5189 7493 521 1532 4871 1538 3630 517 438 5230 4321 3036 6275 8774 10009 1432 10582 473 5631 3619 4905 5773 8401 2598 2902 4428 8765 4269 10736 50 6697 1869 9049 2108 578 2640 8300 3057 8320 4509 3284 8991 2812 1319 2190 1967 205 9827 2583 2357 399 8263 7287 7494 8243 9439 329 4276 4081 3258 9456 3218 5524 8945 6012 1358 9617 6536 5192 988 8266 7839 7493 6829 10974 6358 4097 5690 5767 1447 6896 2730 10591 10577 8748 6771 1767 3584 7882 7284 7416 3002 7128 8604 8477 3142 554 2411 7737 10753 6133 4528 2273 128 7739 6197 1687 6205 10356 9868 2430 6820 6263 8335 852 3164 465 9572 1563 4276 3579 9689 6691 4780 2255 7650 5101 1395 4722 5786 4838 102 7275 4539 5973 2976 5165 5200 5362 9876 4319 4162 1950 10905 10437 5557 8061 2254 999 1137 7102 9288 9444 375 9189 1863 5981 5330 2825 5813 8430 10562 7364 8569 3220 10860 9288 6417 1936 5940 8049 4379 1667 3451 7735 1075 6657 90 8726 1407 844 7799 9228 5507 3703 4387 5615 6501 7297 2420 7655 10136 2618 6977 8313 8133 4295 7510 10773 7148 2063 10600 8130 4507 925 4826 7406 4862 7325 2761 1752 10994 7643 2603 5663 3585 1981 3757 3810 1446 4094 2143 1287 380 241 4809 10165 6620 2175 8724 7943 6132 665 1399 6157 5672 6279 7389 6959 7761 3472 2794 3171 1874 9176 4727 1705 253 8153 10382 2478 9955 5743 2168 9491 3743 4627 6906 1278 2448 3084 6639 2898 3419 6724 3031 2002 5420 3724 5980 4606 3979 1913 720 1888 2780 10566 5934 2270 3399 10182 4422 526 1310 5722 3264 6389 4209 6913 1086 2478 10752 5129 10056 8814 774 7801 3918 4745 3056 6711 6340 637 9430 5809 231 2764 9628 10001 7164 9793 8189 8702 2865 8654 5203 3389 5005 1034 4473 10621 9513 2381 6129 934 3962 2015 5217 2834 3916 6050 4688 10056 7262 6608 8597 6133 3018 2289 2336 2370 8153 5597 10433 4706 7003 4060 1280 5154 2198 4405 10651 1686 4802 1975 1769 5698 8892 2872 6059 9628 1652 8093 8511 6500 2276 4627 3977 5632 6751 4027 4725 8806 9103 2414 7414 6965 5387 9953 559 216 499 2314 10354 1799 6598 9098 4313 7393 4764 486 2505 4154 3605 10223 10608 10626 5866 3688 10991 7251 5925 10651 573 9572 644 1206 6158 2339 8320 7162 2596 7732 2743 3085 7597 2648 9995 2938 460 8138 4955 3916 5616 4267 3337 10116 7145 2119 7637 9237 149 3500 4674 2895 1038 5547 686 720 10620 4985 3735 9839 5713 505 1169 8848 10032 8357 3739 3886 3052 10569 8052 3163 2981 1184 3551 5173 3595 6138 5706 5331 77 9758 4210 8359 3971 5629 5015 5166 8896 9991 2388 274 1444 9711 5538 5054 5045 10669 2543 4689 603 10621 3388 293 3013 2912 8586 6123 8374 10723 9447 7346 3299 9673 1663 5593 2236 5948 5927 5684 297 820 9865 5469 936 4297 1215 4785 8863 1503 6753 9088 7388 9418 6268 6766 7916 9906 7232 8017 4926 8073 1194 3749 154 5044 6814 10353 4612 7769 1698 9697 6913 3111 148 7473 4981 8117 1097 5395 5166 10583 4928 2710 9357 3772 7625 6848 4699 9140 445 7892 7687 7760 10286 2731 912 6122 5167 4960 423 7757 8027 10105 4384 6040 5750 4809 3272 1821 938 1607 1028 2500 1308 10873 8304 4442 10680 1047 9414 6657 8830 5751 10863 2279 1521 3764 3104 7096 575 754 5383 7911 4517 4496 7610 8180 9697 6165 10930 3840 9541 4113 2371 4973 10183 3660 5585 478 10016 7697 1505 4651 10376 3090 9300 3664 7082 6337 7142 664 10137 5294 8728 8808 3795 2171 4595 8754 3202 9367 5496 3184 8051 1867 7585 4477 10227 8014 531 5170 1756 3556 4720 7502 10100 1045 4312 6205 9589 3911 6611 3040 474 1160 1614 4566 4005 7894 7019 10940 8449 6434 8256 355 4636 4616 4994 272 8593 7021 6801 10949 10069 10608 5810 4277 3508 6992 4723 777 6664 3994 8342 10877 7361 10893 6763 5822 2099 4770 76 5667 10250 5004 10591 8266 4245 1908 722 9884 8250 10274 6679 2931 9120 10397 10314 6301 7483 6360 10063 2083 9345 5736 253 2674 5063 8705 4846 10814 9921 9895 7605 8890 8862 9700 8474 2558 3161 4139 4896 4929 8613 10873 2844 3050 403 9119 2960 10725 9665 2985 4680 4972 7786 9202 7421 9063 10793 2088 9135 7639 7551 5879 9581 2613 6571 2651 7436 4158 7635 10436 119 2587 8311 1351 1927 9688 10803 3994 1890 5032 707 2260 7318 1243 9866 2180 3999 427 4570 2515 2900 1097 6599 4603 7050 1487 2958 10046 9522 7456 1859 1590 6092 7089 3973 8449 3343 5832 3262 7352 708 9517 10878 8033 1354 5050 6205 9054 5832 4893 287 4328 9242 3308 6803 6641 2948 8940 6860 4108 3090 6289 1580 4884 8255 7395 754 2229 105 7113 1152 5513 7982 5416 7974 7392 7762 3010 5597 10562 3260 4883 3458 5712 492 2739 8110 388 7071 5677 5644 9647 982 9335 1851 10812 7783 5124 4910 4371 9341 8163 1978 7951 4873 706 1669 2046 9093 5462 9554 191 10568 10121 9566 6095 10152 7492 7755 7165 6430 455 756 5170 9736 8743 2652 1115 8268 885 4007 2093 2997 1265 2556 4748 2781 7191 1439 9486 3367 1057 4455 4557 2238 2863 3520 2598 7718 7357 2541 6666 2424 7953 7461 6276 5319 7807 8427 508 1986 5802 9042 7167 10693 9301 7487 5482 5248 8180 6729 6219 5887 6887 10324 3053 911 7811 3676 386 4553 6350 6189 7466 7701 6129 7934 10215 10785 9411 1161 1559 3570 8791 8083 7476 4012 7147 10467 8205 7611 4852 89 85 2087 182 8856 8322 2249 1771 4610 2586 4061 875 10947 5097 5194 7052 2266 3562 5575 3321 31 4759 2274 2313 4586 8446 9476 4528 9803 902 9880 9631 9808 5838 1411 10745 8178 3253 7733 6183 9930 5477 6987 617 6245 3694 4418 7883 6241 1871 7756 497 3283 9584 2060 8981 3280 5887 7539 4360 5697 8506 1728 8572 3867 10915 7375 186 9041 3869 6531 6309 3729 6877 10888 10628 10561 674 4707 2287 3723 8747 4768 10861 977 9089 6887 8146 5605 6228 1107 5354 5938 6085 9604 10931 810 6230 8701 8329 4517 9311 775 8968 4854 9990 4687 7711 5226 7479 10472 10342 5026 10804 8188 9753 2199 2014 3941 38 3477 134 3437 7268 7246 8750 8106 3005 3632 5884 7453 5238 4614 85 9485 6814 7205 2457 2022 3515 175 3574 4664 8107 4519 5315 3255 7265 4119 10039 4501 5752 256 4090 4430 7951 4958 2646 6540 4443 8859 8087 10596 2563 10784 2969 9358 6319 4529 2427 3859 6167 9544 1759 3681 10813 6954 8892 4283 2311 6661 5534 5028 7267 9368 5455 7891 5274 7999 3416 8623 9034 4843 37 5190 5401 9147 1778 9592 4563 8394 1260 9622 2699 6660 9616 5171 3762 1611 6975 9011 6729 818 9948 4227 2955 4458 8718 5849 8386 1890 9983 9090 8058 215 877 233 3607 5549 4006 1391 1228 6509 852 2509 8445 3757 9076 101 10471 898 10326 5387 4679 2021 3019 1605 10605 2657 6899 2623 10732 9108 10489 3817 1167 3344 3132 7018 9240 1471 5801 7487 9112 8588 27 5721 4750 10925 9321 7312 5687 1576 6106 10341 9391 5046 5449 5438 10994 10429 5184 10796 8153 6500 4812 7382 6476 3330 7437 9952 2322 8316 9047 9850 1741 3186 9796 1385 9548 6882 5935 4091 9503 1953 4274 8847 10437 1186 4457 2219 2377 600 2203 4348 10229 2461 9644 9024 4882 4931 3710 6661 7515 4798 5645 3099 3891 6029 10787 2467 1884 10023 1426 1447 10465 7211 7235 6816 9434 1415 6483 4330 9570 806 2598 6112 9899 488 9362 4689 2916 4586 4033 8767 8563 10017 4031 2206 4485 8489 5452 10377 9488 5110 8736 2837 2301 6382 1770 3949 10526 2326 7327 3617 3893 6 6142 1 10393 1733 10089 495 1772 6499 6243 1553 1950 7619 9736 1470 2117 5533 10987 3543 10792 125 2224 5321 10658 6556 6359 9745 8871 7601 9892 7530 3545 4325 3917 6579 8300 1255 5179 694 2901 1506 9034 9734 6114 6363 8914 4458 6663 2202 283 2889 9072 874 7410 2429 1464 1814 2938 10701 3871 4373 5727 8605 3017 5670 1047 8130 5840 6553 454 7729 4695 9897 7531 2257 5130 5822 10379 8789 9894 6998 5331 3538 6576 3521 2753 8065 9767 9806 8020 7995 5408 7028 2251 6976 1873 2354 2801 10557 6725 5616 9330 1636 6856 3873 3922 9903 8425 1535 6618 10728 8704 10989 7937 8726 4845 3352 1569 67 3232 480 1429 3729 3954 10676 3975 9821 1845 9082 5945 9771 10632 5702 2726 3653 6429 7131 10261 10543 2101 4260 10 5578 3638 858 9560 4614 3297 1421 7304 5302 10966 5132 7690 8052 10361 1833 7888 9324 8158 326 1035 3728 8137 2605 8867 1581 278 5425 9316 3543 5862 8528 2484 3433 7690 4875 7208 5645 1614 4093 8844 9934 3214 9452 2184 8851 8831 9522 1819 8591 3193 9679 7142 6043 9967 3949 3980 7894 116 2066 10185 381 6807 9377 5217 9163 3131 2832 6370 7974 6363 4850 10221 1791 5922 6198 6722 4235 10349 4941 7799 9101 4585 10494 10764 5807 3993 8289 7984 10979 4688 8056 6295 9797 421 6788 7283 5782 6530 9633 4180 7086 8964 7802 2165 8108 418 8085 1781 3864 3452 7534 2814 1517 1898 3757 1191 649 5563 5463 682 7804 10077 1817 2304 10218 1978 4068 5869 5450 3252 8569 2711 6423 9971 8474 7161 2031 7859 5787 5053 3813 4929 6449 77 6557 7050 1322 7711 8977 6353 3303 4113 3793 10241 5154 304 6278 6495 537 2270 3584 7024 10890 2565 5952 5625 6858 1177 5524 3285 1165 2801 10575 9885 8654 1785 3954 6529 9419 9510 2634 2211 1895 4316 5735 7307 6042 4702 9313 4427 7820 5610 6353 5103 1176 8446 1838 4755 9713 10825 7676 7064 10051 623 8769 2209 6439 7782 7291 1980 6332 105 8662 9555 8623 7818 9040 9629 68 682 1325 1988 2302 9817 8116 2680 5102 9548 2330 2654 469 10561 4633 2011 6921 6189 7787 8442 212 5922 5837 8860 1057 3624 2679 1347 1131 8604 1205 8321 2940 1782 6166 6262 4775 9341 1456 7071 7632 5926 6223 3549 4989 10513 471 7261 8465 129 3266 5220 2979 7866 8327 6420 4718 9292 3284 4354 8836 761 9637 7043 3709 3804 4191 10181 6385 2640 1229 8391 4035 2969 6749 10481 7688 8184 2544 6531 8018 6476 10830 8880 3971 7327 4208 3668 7967 10593 4239 5174 8598 1058 86 8932 7003 6076 10925 7543 2123 5206 1191 7709 1575 9189 9811 2132 9494 10482 9286 1340 3799 1820 9408 9258 1533 1536 6558 4657 2989 3216 9990 2522 964 2732 5020 10016 5779 584 4669 2732 9972 4799 8935 6366 5058 8714 9164 3971 3730 4956 8596 10921 7832 1693 4123 2620 3595 2795 10092 4888 8240 197 8537 710 438 7308 1309 3481 117 7610 9039 6283 9018 5932 6819 3646 6280 4619 8028 8828 3161 1316 4855 1295 5570 965 9661 4195 8900 10753 2729 3673 1011 8166 8760 4284 3016 9553 2243 344 3320 4611 2376 8894 3208 5003 911 1905 4319 8184 7303 8182 1671 820 10334 1462 4813 10911 8158 1275 3405 9516 4013 9825 3192 9254 1269 10794 9001 10371 9762 3982 4865 1535 6169 6266 494 8700 6942 8990 857 6593 9223 1750 51 9318 6164 7151 7339 8747 9819 6800 690 8694 8695 1323 5900 619 700 668 2769 10742 2140 6850 540 10392 5189 2548 497 6351 3625 9355 5323 5044 3038 5063 4825 6603 2891 3698 10629 690 9777 3344 6398 7406 239 605 5941 2065 2391 4970 5884 1236 3697 1362 148 6844 8949 4694 8251 1673 5059 7849 480 7076 8093 4418 1884 1502 1659 6197 5539 6455 557 5235 685 7826 3907 6927 4720 5293 1314 4857 3767 4252 6929 7096 5491 9860 3593 4958 7171 426 6751 7013 1184 7254 9680 10556 5881 3916 3934 1723 4468 8091 4882 3684 921 8694 8879 1634 10727 2454 8292 8547 10851 3523 9648 6740 8673 2496 958 641 4568 10600 10297 8381 3827 7375 8358 2204 8314 7258 8761 8150 8627 65 2869 907 839 5065 383 10650 7097 6744 1335 227 47 9760 4286 8481 5439 6786 4937 1954 4398 1417 1566 2945 9876 5942 1559 6671 4427 10807 2156 9693 4219 3122 5194 9531 8708 4028 2425 6878 8018 984 1293 3449 9860 6522 5318 644 9905 10708 2783 2386 9722 8858 9274 10719 6645 9798 8826 1814 4015 6007 7517 2998 8414 6722 4089 1495 8116 9079 7797 5440 4949 6138 6948 7967 1642 7195 1893 4628 6427 65 3537 3428 2191 4173 8928 7897 8367 2364 9374 3373 172 2823 10727 2032 10731 6410 8098 7094 3766 8655 1226 2144 5991 5548 6067 4360 2806 5339 4150 7896 6081 6655 8503 5007 10353 9740 1789 5407 4212 5970 1441 4395 171 5433 10746 457 9964 
