// periodic
// number of jobs
1
// pi
90
// Cycle
100
// aperiodic
// number of jobs
12000
// pi
17 15 1 7 12 8 17 7 9 13 9 10 11 11 1 1 19 2 12 8 2 7 14 15 11 17 7 5 17 15 9 14 3 1 2 1 7 19 12 8 11 3 6 6 7 7 10 4 14 4 7 14 8 12 15 5 1 9 15 11 2 14 11 10 5 2 14 17 1 9 14 10 3 17 2 8 5 19 19 10 9 8 7 13 8 2 13 2 7 16 15 8 1 4 9 4 7 9 1 12 9 8 7 6 19 16 19 4 8 7 11 17 10 9 8 3 9 2 9 14 12 4 1 15 11 4 12 8 13 18 19 10 5 8 5 5 19 18 19 8 18 17 2 19 9 6 1 3 10 6 6 16 19 3 11 14 18 12 14 6 14 7 1 11 7 17 12 6 13 6 14 3 16 8 15 1 16 8 12 6 16 5 4 19 15 17 10 16 1 13 6 14 15 2 15 4 12 13 16 13 11 17 18 15 16 4 5 1 13 6 17 3 19 12 18 8 10 16 4 5 10 6 10 15 5 15 16 18 16 2 8 17 3 7 13 1 3 14 16 8 10 12 16 7 17 8 6 2 3 14 16 1 2 15 13 3 5 16 6 18 5 13 17 10 2 9 18 1 16 14 18 10 12 10 9 1 18 3 15 3 3 2 11 6 4 8 16 5 19 11 7 7 10 9 9 18 6 10 6 7 1 16 1 7 6 13 2 14 12 13 10 8 17 4 11 8 10 5 11 16 9 15 17 5 19 13 6 4 15 8 10 16 13 10 7 16 11 14 18 16 10 4 9 4 17 4 19 19 15 1 7 16 7 6 19 2 16 15 18 15 7 3 3 19 16 11 13 5 2 15 2 9 7 13 1 6 19 14 14 11 6 15 4 13 17 12 11 16 8 15 3 14 3 14 13 18 6 19 12 19 13 12 12 11 18 12 4 19 4 5 4 7 2 6 18 5 4 19 9 1 12 6 14 4 9 4 13 8 7 6 6 9 14 14 13 1 8 1 18 16 10 8 12 10 17 9 11 9 13 10 14 17 10 2 14 2 7 3 14 1 15 7 13 6 14 18 8 18 3 10 14 16 14 10 1 18 8 16 6 5 18 8 16 18 8 18 7 7 14 16 18 4 17 5 1 10 7 8 17 9 15 3 7 8 5 10 7 6 16 10 8 13 11 4 8 13 18 13 12 5 3 11 1 8 5 15 2 16 9 15 13 1 8 12 15 12 8 4 19 1 5 9 6 7 13 12 10 4 19 10 6 1 9 17 18 8 5 9 12 16 10 10 2 6 3 6 1 11 19 14 2 4 15 9 13 4 1 11 6 3 16 8 5 10 13 7 15 6 9 15 8 7 7 13 19 12 9 6 14 9 12 10 10 18 16 2 10 9 7 14 19 1 6 5 11 15 10 11 15 17 1 3 6 2 5 11 13 13 4 9 17 15 6 5 12 6 13 13 9 3 4 3 7 11 7 9 10 1 19 1 11 5 13 6 12 4 16 10 5 4 13 2 18 14 9 15 14 7 9 18 5 15 1 8 9 15 4 12 10 3 14 4 18 8 11 19 8 10 1 17 6 9 5 2 18 4 3 3 8 9 19 13 8 6 1 10 16 4 9 11 10 9 17 7 12 13 14 3 14 5 9 9 14 17 9 6 15 8 6 19 13 12 4 7 11 14 1 17 19 3 15 12 1 15 18 3 1 6 14 16 16 9 8 8 13 3 12 17 4 18 18 10 3 16 12 3 13 18 18 13 12 17 10 9 2 7 17 10 15 9 3 10 5 13 17 11 7 18 9 1 2 15 4 3 18 18 1 5 5 7 2 12 16 13 1 14 16 9 2 4 2 2 12 15 2 16 18 13 15 3 1 11 5 7 19 18 2 11 11 9 9 4 12 19 19 14 4 1 12 7 6 18 11 13 5 1 11 3 5 5 9 15 17 10 19 11 8 14 17 18 3 15 18 12 7 4 1 11 14 7 8 3 3 10 6 15 6 6 11 16 16 3 5 19 8 19 18 7 16 5 1 15 15 18 14 2 14 6 6 6 13 16 1 10 4 17 15 11 17 7 11 3 9 17 16 1 7 17 3 1 16 9 7 14 9 8 19 4 15 9 3 12 9 9 6 3 19 16 1 12 8 4 5 11 19 8 13 2 13 4 11 8 8 14 10 19 18 5 5 14 15 17 2 4 14 5 18 18 9 12 13 7 9 7 9 13 7 18 14 14 13 16 4 3 1 5 7 18 1 14 8 11 18 4 5 14 3 3 15 10 5 6 14 11 13 7 14 9 5 5 14 13 5 12 10 15 9 19 13 12 12 2 8 3 4 16 11 1 18 3 12 7 1 10 19 14 7 6 17 1 9 4 17 14 16 3 3 15 15 17 4 17 8 3 19 17 10 3 17 10 8 19 1 8 9 13 15 16 8 11 10 3 19 2 19 16 10 16 8 1 11 18 2 13 13 2 2 6 9 4 18 10 6 1 1 6 18 18 19 1 5 11 9 9 10 14 14 6 4 17 11 16 17 6 6 12 17 9 4 10 10 13 11 3 12 8 19 13 10 5 8 17 16 3 11 6 7 15 11 15 17 13 1 12 1 5 9 15 7 19 18 12 18 10 16 17 2 9 18 2 7 17 10 18 2 15 17 15 6 5 12 2 11 8 2 9 4 15 6 9 18 6 17 15 7 6 16 8 19 1 5 6 9 1 17 10 6 19 3 11 19 17 7 9 17 12 14 2 15 16 2 19 19 3 3 13 1 17 12 10 9 5 12 2 17 15 8 3 8 3 2 1 2 18 11 13 5 4 19 8 8 14 11 11 7 15 12 1 6 12 3 18 7 19 14 15 8 19 19 17 3 1 18 19 2 14 11 18 6 2 18 9 16 11 18 4 18 11 19 9 4 18 1 12 6 4 6 3 14 2 14 3 7 2 2 12 6 12 6 4 12 18 6 4 18 10 19 10 10 1 18 3 16 2 12 19 12 8 7 17 19 10 3 4 18 19 18 18 13 18 7 7 10 16 5 2 17 5 9 19 16 19 3 4 6 6 17 6 7 4 7 9 5 12 12 7 12 13 6 4 17 1 18 4 12 6 18 15 15 4 10 16 6 10 14 8 2 5 6 15 2 11 8 14 17 11 1 17 7 7 10 2 12 15 16 9 8 8 16 18 9 14 12 10 3 3 6 3 18 14 5 19 11 10 12 1 5 12 5 8 19 10 19 2 8 16 4 11 5 8 7 7 7 12 4 7 16 7 6 8 4 17 19 11 18 13 7 5 14 9 13 13 5 13 18 13 8 18 4 14 8 2 15 3 13 12 6 6 7 8 8 7 11 17 9 11 1 5 6 7 17 3 9 7 11 8 9 14 13 4 7 11 13 9 10 8 2 5 14 14 2 4 6 13 18 18 16 19 15 9 6 12 3 11 11 9 6 11 19 19 13 4 6 11 15 18 3 16 15 11 10 17 11 4 8 17 7 10 12 6 6 5 16 13 1 6 14 8 11 1 11 5 4 8 1 8 13 13 16 3 15 9 11 11 3 14 18 6 10 14 18 9 11 13 10 13 6 3 1 7 11 12 1 10 2 9 1 15 16 9 10 6 5 2 5 5 4 8 5 4 14 14 6 16 14 3 15 16 18 1 16 14 6 19 1 19 11 13 9 13 11 17 15 10 6 3 15 14 11 6 19 11 19 19 8 8 17 7 2 3 18 6 17 13 6 12 14 9 17 8 17 3 17 11 18 5 16 3 15 6 11 4 2 6 16 7 15 15 11 15 4 12 10 16 12 10 10 11 17 5 14 2 10 19 2 9 9 13 9 14 17 9 16 15 8 17 5 12 1 15 11 1 17 9 4 11 10 7 12 2 17 13 1 11 2 12 15 15 19 18 7 13 14 19 16 3 13 3 6 17 2 18 4 19 14 13 15 6 4 4 14 14 3 7 16 9 2 6 1 11 13 7 18 18 9 18 10 18 15 17 19 4 2 4 2 9 8 17 5 11 8 15 14 10 13 6 9 4 17 19 3 5 17 16 7 2 13 12 11 2 10 10 6 15 18 5 11 12 15 1 17 16 6 18 1 13 15 7 12 15 1 3 15 9 17 14 19 12 6 4 9 1 10 15 2 5 7 17 10 2 5 17 5 19 8 1 6 6 5 5 1 13 12 5 4 14 10 10 19 14 8 7 11 14 11 6 13 4 12 1 11 7 11 17 3 7 10 9 4 10 12 3 17 18 6 6 6 11 7 17 15 7 9 5 14 14 2 2 6 3 9 15 1 8 8 19 11 10 12 15 9 15 11 5 13 14 7 12 3 4 9 9 8 9 16 16 18 14 10 17 10 15 18 16 13 19 16 11 11 9 17 8 14 10 11 10 12 17 4 10 6 4 1 9 18 13 11 10 5 1 14 18 18 1 15 7 9 3 10 1 18 11 13 19 10 16 10 3 11 10 7 5 3 19 13 15 7 15 7 1 8 5 8 1 18 17 5 17 10 16 5 9 17 14 12 9 9 9 19 4 9 16 8 1 1 11 18 6 13 16 16 16 9 5 6 9 9 11 1 9 3 9 14 6 15 1 6 15 3 2 5 12 17 4 3 1 17 9 5 19 2 8 13 17 3 1 4 5 7 15 5 18 13 5 11 18 1 19 8 10 10 18 7 19 15 1 7 7 17 11 9 1 13 2 6 4 7 15 3 2 8 16 12 1 6 1 13 3 15 19 18 17 10 6 1 18 16 17 11 10 15 8 8 11 18 1 12 19 8 2 15 8 6 18 13 8 15 18 13 18 18 3 13 4 3 15 10 9 11 18 8 19 19 16 15 15 19 13 1 8 1 9 5 7 9 10 18 19 11 13 10 12 15 2 3 11 9 17 19 9 14 16 14 15 8 11 1 17 16 13 8 7 5 13 15 17 17 14 11 17 19 9 4 7 13 17 1 15 13 19 11 15 18 14 7 17 2 7 6 14 19 15 5 14 7 15 6 15 14 18 14 2 19 15 15 10 7 18 15 9 4 13 15 9 16 11 13 14 17 4 13 5 4 19 5 6 14 15 14 2 10 2 14 10 10 15 17 6 5 18 3 8 1 5 19 14 16 2 5 11 15 3 14 17 10 11 18 19 6 16 3 6 6 10 15 18 15 9 4 13 2 12 12 19 14 2 6 15 3 5 9 9 10 14 15 9 16 5 2 3 10 11 3 15 14 10 16 13 1 4 16 10 8 19 10 10 14 19 1 7 16 12 12 14 6 6 8 10 19 14 10 19 15 18 10 1 10 9 10 7 2 11 10 12 5 15 17 5 6 6 15 4 18 19 4 12 1 15 17 10 8 12 2 14 13 12 14 18 16 3 17 9 4 8 7 14 11 18 1 8 5 11 1 18 10 1 11 3 1 10 12 7 18 5 17 3 11 1 12 4 16 11 17 18 14 10 7 13 18 17 19 9 17 2 2 5 17 7 1 10 7 1 11 11 16 3 4 1 5 2 12 6 16 10 9 2 2 15 4 18 5 9 15 11 4 19 4 16 13 10 12 6 16 1 3 19 19 9 3 4 12 12 4 14 14 16 13 16 9 17 4 6 9 6 3 14 8 4 2 17 13 8 6 9 9 10 11 4 8 8 3 18 2 13 10 14 7 17 13 18 19 1 15 14 11 15 16 9 18 12 11 19 19 4 6 15 3 10 12 14 15 16 4 10 6 11 3 2 18 12 4 9 6 11 6 7 17 10 2 18 5 3 14 15 12 4 12 15 13 18 2 11 16 1 17 9 3 3 5 5 11 3 10 13 1 7 17 14 4 18 15 12 1 4 12 2 5 10 18 18 4 1 7 7 12 2 9 4 3 18 5 6 6 16 10 7 14 11 14 8 17 10 4 12 16 10 5 16 19 7 5 4 14 7 18 5 18 8 19 5 10 2 17 15 11 10 13 14 13 15 4 15 10 1 2 4 7 2 17 10 3 17 17 9 15 2 8 18 17 12 14 2 6 13 6 14 1 4 12 16 1 12 1 19 15 11 9 6 2 7 12 14 2 17 5 2 2 12 6 10 3 15 3 10 8 11 14 13 18 9 6 11 13 11 9 5 17 19 12 12 11 1 6 17 1 15 7 19 14 2 13 2 3 17 15 6 19 2 19 13 19 14 8 11 10 13 14 14 8 2 1 4 17 19 11 11 10 11 18 17 10 10 7 19 3 11 17 1 4 9 7 2 17 19 8 12 4 12 17 3 2 17 19 19 17 8 9 10 11 19 10 3 17 19 18 15 15 19 13 14 14 12 4 8 10 5 13 7 1 16 17 4 19 15 16 14 18 15 14 7 9 5 4 15 18 2 12 7 5 14 15 11 18 18 16 18 5 16 12 5 18 13 9 14 2 15 3 3 7 16 1 1 14 1 5 4 2 2 11 17 7 13 11 7 17 9 13 3 13 7 17 4 19 14 16 17 13 15 15 6 9 15 19 13 7 7 13 19 16 2 6 19 19 11 7 7 1 12 4 3 11 11 15 15 4 13 18 7 19 3 6 16 18 8 3 17 11 10 1 6 1 15 12 16 4 4 1 8 11 3 8 1 12 9 16 9 15 7 19 1 12 9 11 17 14 10 19 5 3 19 13 12 16 8 8 12 4 11 2 3 9 16 14 6 1 3 16 16 16 12 9 15 11 10 19 17 17 17 5 4 16 5 2 15 3 17 14 14 9 15 7 8 8 17 15 1 11 11 14 4 17 2 13 4 1 5 10 5 10 5 3 19 15 9 18 9 5 5 2 6 9 2 10 14 4 18 10 17 16 3 5 18 16 12 4 10 10 16 18 17 16 19 1 4 18 12 14 5 5 11 15 14 4 5 8 12 9 18 2 10 11 10 18 4 8 17 1 8 8 19 10 12 1 2 8 5 4 19 6 1 11 9 13 14 10 14 7 3 10 9 8 19 3 8 17 14 5 10 10 13 9 15 9 11 4 17 14 8 10 3 16 17 1 16 13 2 16 14 4 19 7 9 14 4 8 11 14 18 5 19 3 1 15 11 3 9 5 14 8 17 3 7 7 9 12 10 16 3 3 4 16 4 19 12 5 12 19 8 2 14 19 6 7 12 13 3 4 9 6 11 7 15 11 12 19 9 7 1 9 9 11 19 3 17 18 14 4 16 4 3 17 7 11 18 2 5 14 4 2 6 9 1 3 3 12 5 19 17 8 18 19 14 6 16 19 11 8 15 6 17 16 6 12 3 16 13 15 12 4 6 13 5 1 3 6 9 15 2 14 9 16 1 13 6 16 11 12 2 8 3 5 13 4 6 3 7 11 8 15 13 7 16 6 15 4 18 7 3 6 12 6 9 15 4 9 6 14 19 5 13 10 14 19 4 7 19 5 15 14 7 11 1 2 3 15 12 11 18 16 7 10 2 7 7 13 3 18 11 17 9 9 10 15 3 12 13 19 17 4 7 16 11 13 5 18 13 10 17 1 12 13 16 19 7 14 3 12 19 11 10 10 18 17 5 3 16 18 10 16 18 10 16 19 18 8 7 14 6 19 18 15 3 18 14 8 10 16 9 5 5 17 2 12 18 3 14 2 13 3 19 1 9 2 19 3 3 19 9 19 10 6 12 15 12 17 11 7 12 10 19 10 4 9 9 14 16 17 13 9 17 10 16 4 4 6 7 7 19 9 9 3 11 14 13 4 9 16 12 13 18 14 19 16 15 3 19 14 4 14 7 10 2 19 16 7 4 16 11 5 10 7 5 7 8 5 12 7 1 18 13 15 16 4 16 8 16 17 6 4 14 8 5 10 12 5 10 14 15 12 14 4 13 3 15 1 11 8 2 5 11 10 3 15 10 12 12 12 8 3 16 4 10 15 3 17 19 8 12 15 3 6 8 18 8 1 13 2 5 5 15 10 11 11 16 12 6 19 7 18 14 19 16 8 5 9 8 18 2 3 16 16 15 16 12 17 13 15 1 6 3 7 3 1 14 5 19 4 14 16 13 6 2 19 19 7 13 10 12 7 5 17 7 2 14 14 5 9 17 14 10 15 8 4 14 13 11 10 15 11 5 15 16 12 2 2 6 11 11 10 4 4 2 17 5 3 8 11 16 18 1 16 4 17 19 9 12 16 14 7 15 16 1 10 8 19 8 19 16 2 2 4 14 7 5 18 3 18 16 11 17 8 14 5 12 16 16 4 19 14 5 4 9 15 6 8 8 18 3 10 14 8 2 18 11 4 19 9 17 19 7 11 2 13 16 16 4 18 1 11 18 10 7 1 8 5 9 11 16 6 11 8 19 9 15 6 5 13 19 13 10 12 8 9 18 18 19 13 11 17 3 13 9 1 10 8 14 10 10 15 12 17 7 9 3 1 17 15 5 2 16 10 14 10 12 18 15 11 16 19 13 17 10 3 11 14 6 14 12 11 5 8 8 18 7 17 11 15 6 6 9 8 6 12 12 12 5 3 10 11 5 9 18 14 4 14 11 5 5 2 5 10 2 3 14 5 7 14 19 17 8 4 3 16 19 2 19 5 7 4 3 3 19 16 5 4 10 5 15 1 12 12 13 12 10 19 9 18 12 5 5 17 17 10 19 17 2 19 16 5 11 19 5 8 17 9 8 5 15 4 10 13 18 1 12 7 10 6 9 6 4 10 18 2 19 14 4 11 18 9 7 6 5 4 12 1 14 12 13 6 5 11 4 18 7 10 11 7 10 16 13 15 19 13 1 14 9 1 7 19 12 9 6 3 1 8 18 10 7 14 9 16 11 7 7 18 19 6 11 10 1 3 7 19 17 15 3 1 4 13 17 18 11 19 10 19 16 2 8 13 5 8 2 11 8 6 12 17 5 10 14 10 5 19 17 12 3 7 8 11 1 13 2 3 12 16 10 10 18 12 2 17 1 7 19 7 7 8 6 4 5 13 3 5 4 11 14 3 1 13 6 8 13 11 12 12 4 14 5 17 11 9 14 14 9 1 7 1 13 1 9 6 16 13 18 2 10 10 2 5 14 5 10 6 3 8 4 15 18 5 12 5 18 15 5 18 5 17 14 6 8 13 9 8 19 10 1 5 18 16 1 6 3 11 13 9 6 8 3 18 1 8 17 12 3 10 18 7 3 3 17 10 18 5 10 19 2 14 15 12 7 1 15 7 9 18 5 1 11 17 1 11 9 4 19 10 12 6 2 14 18 14 10 12 7 15 8 17 11 14 11 15 2 14 11 1 9 7 17 12 4 19 10 12 11 13 12 14 17 10 17 13 4 6 19 4 13 7 15 8 17 8 6 19 13 19 13 15 16 11 19 2 19 7 13 16 18 12 13 14 7 9 6 18 12 12 8 13 19 4 6 11 14 2 3 5 10 7 5 17 4 4 7 14 13 5 19 12 10 12 10 6 19 1 7 6 9 9 12 1 18 2 8 19 18 16 5 14 8 16 19 10 3 12 9 17 13 12 13 5 13 13 10 13 4 11 8 4 4 9 4 15 13 10 11 3 10 9 1 19 4 9 11 6 11 14 5 19 8 10 10 8 13 6 15 2 4 13 11 1 18 6 2 1 18 14 17 7 4 3 4 8 11 5 11 13 9 11 1 4 2 5 6 2 15 11 16 18 11 5 9 4 3 1 1 11 14 13 16 11 18 19 2 18 13 8 16 3 5 3 16 18 1 7 5 1 7 18 1 9 19 18 6 14 10 3 5 6 10 10 17 9 10 16 18 13 12 14 2 15 6 3 11 8 4 4 6 18 10 4 12 14 13 7 11 12 9 4 14 13 2 6 18 2 19 16 13 19 9 3 17 16 1 5 12 15 6 8 9 10 11 3 12 10 9 4 18 12 12 10 6 10 14 5 10 3 6 16 10 15 9 14 1 2 16 2 10 19 11 18 7 9 19 14 19 9 9 5 3 13 2 1 4 1 18 16 12 12 13 10 9 4 6 4 16 1 3 16 5 1 10 14 17 4 19 15 12 2 3 11 5 17 2 4 6 19 4 16 6 12 5 11 13 18 5 9 14 19 4 6 5 18 1 8 14 4 11 12 8 2 16 1 4 6 16 16 8 11 18 3 9 5 5 11 11 4 7 11 18 7 1 1 4 6 12 17 16 15 9 10 9 3 11 4 8 3 16 14 3 15 5 16 4 9 7 18 17 7 13 17 19 12 8 12 16 13 19 18 11 3 8 10 6 10 19 17 12 11 16 15 12 8 17 4 14 13 18 18 7 11 16 13 17 19 9 10 11 1 18 8 14 3 6 1 11 12 3 12 14 1 6 18 2 14 7 8 4 15 15 11 19 5 16 1 1 15 1 12 13 10 3 16 9 1 3 17 18 8 1 1 5 14 6 13 3 7 10 15 6 2 18 10 8 17 19 9 12 7 3 11 18 13 9 1 6 3 10 15 8 1 18 7 8 19 5 3 11 17 4 9 16 16 1 14 12 14 16 17 8 8 9 11 11 13 18 4 2 15 14 10 2 15 13 11 7 12 3 2 14 19 15 8 3 16 2 12 3 8 10 1 6 19 19 19 6 7 18 1 18 9 8 6 14 12 18 7 8 1 12 11 12 1 19 8 16 2 5 10 1 19 11 5 13 19 10 17 8 10 13 18 1 3 18 17 4 8 5 16 15 13 12 2 18 1 5 4 1 10 16 17 14 2 11 18 4 2 1 9 12 11 9 12 11 14 3 17 17 15 17 3 13 16 13 18 17 1 3 14 12 15 8 3 13 13 4 18 9 19 18 12 17 15 4 8 12 7 10 14 8 16 19 17 6 12 8 13 10 12 18 3 1 10 3 16 6 17 2 15 14 9 6 7 4 9 4 18 11 10 16 15 14 8 18 3 8 9 15 17 7 6 5 6 17 5 5 8 19 10 6 4 8 19 4 12 8 14 3 14 18 3 19 8 11 3 19 10 3 13 14 5 7 11 4 16 11 16 2 1 6 4 18 14 19 16 3 18 11 13 16 7 11 17 6 3 4 7 12 15 5 10 15 11 3 16 1 6 3 6 18 6 1 5 19 9 14 3 19 10 1 9 7 3 10 9 14 13 13 7 4 13 17 13 1 3 6 18 6 9 9 13 14 9 2 4 2 4 2 5 9 16 1 14 12 3 17 18 11 2 5 2 15 17 2 9 19 3 3 16 5 11 10 13 16 17 5 19 10 11 11 7 12 7 16 3 5 12 13 3 12 7 13 15 8 2 12 4 9 1 14 8 10 7 14 3 16 18 19 11 9 15 2 3 6 13 18 4 18 17 11 8 15 13 9 19 13 8 11 5 19 5 4 16 17 17 10 17 14 9 2 8 12 17 6 2 17 17 12 19 1 12 8 17 11 14 9 14 3 15 14 13 4 16 7 6 13 13 2 19 14 8 1 3 2 18 17 3 15 17 3 19 13 9 8 15 1 15 8 13 9 2 4 6 18 10 1 6 12 18 12 10 5 12 19 11 17 11 6 17 9 11 4 17 14 12 16 11 18 6 12 5 17 11 18 11 9 11 4 5 14 17 6 3 13 4 16 3 1 18 5 12 19 15 8 12 8 9 11 17 19 4 10 3 7 5 14 19 11 11 19 10 2 16 1 7 8 19 17 11 3 6 3 5 3 16 10 19 14 12 19 2 15 13 10 8 13 2 5 6 14 18 19 13 13 18 8 2 2 5 9 5 8 1 18 1 12 16 6 8 11 2 16 1 16 3 1 5 5 8 18 18 5 9 18 8 1 14 4 6 14 18 7 8 2 6 2 13 6 8 10 8 8 4 15 3 10 15 19 13 12 19 2 2 8 8 14 1 10 3 5 1 4 2 9 2 8 13 12 9 2 1 4 14 5 1 12 16 19 7 15 4 15 14 18 15 14 14 12 17 12 5 3 6 19 2 5 12 5 1 17 7 13 17 19 2 17 15 2 14 14 16 2 5 6 4 7 17 8 9 14 15 11 2 18 9 3 7 3 16 15 3 16 17 1 13 13 3 10 19 2 12 18 2 17 19 12 9 17 6 5 2 15 18 17 13 18 1 19 15 19 4 8 4 4 14 6 8 9 17 19 13 13 12 13 6 15 16 8 17 15 16 12 10 4 3 6 8 17 1 19 5 9 16 9 17 11 18 7 13 2 3 16 17 8 15 9 2 12 4 5 13 15 14 4 8 16 4 11 16 16 1 18 15 10 1 16 3 19 13 7 5 10 19 6 12 11 13 11 1 16 15 8 1 10 1 3 5 5 8 19 6 6 19 19 19 5 11 1 9 3 16 17 11 5 7 12 15 13 18 3 13 11 4 1 16 2 5 14 12 12 5 4 3 18 9 18 15 3 13 11 10 1 10 10 1 7 17 14 2 16 19 2 12 3 9 19 14 4 7 16 3 9 2 7 11 18 9 4 16 5 13 10 2 18 6 14 15 17 1 5 12 8 5 15 7 7 6 11 11 12 17 15 6 4 4 14 1 3 10 10 2 19 4 1 11 3 7 4 15 5 19 2 8 8 17 8 8 18 16 14 14 1 17 18 9 13 19 4 6 18 4 3 16 15 9 2 8 14 5 16 2 17 6 9 16 3 11 11 3 5 18 8 12 11 11 11 2 11 7 3 1 15 3 11 10 8 10 10 9 16 14 15 11 12 12 18 17 12 6 1 6 2 10 3 19 13 5 9 11 11 14 16 4 11 18 4 17 19 2 2 16 16 9 3 14 16 16 11 3 7 2 16 10 1 6 17 14 1 16 17 17 18 7 1 1 9 15 10 6 1 14 16 10 15 3 10 18 18 10 2 8 11 19 1 14 1 8 19 17 1 3 16 9 2 16 13 18 1 13 13 18 15 18 1 4 4 4 2 12 4 17 14 2 16 2 2 10 10 2 5 16 1 10 6 16 11 14 7 6 11 2 8 4 10 5 15 6 19 1 16 17 7 15 18 2 14 9 18 7 1 12 5 18 1 10 1 1 4 11 13 2 16 6 17 7 11 19 2 19 13 1 15 7 7 3 19 19 17 9 16 9 1 17 8 1 19 1 9 3 15 12 16 13 2 3 1 4 19 12 4 2 4 13 14 16 11 19 8 17 13 15 5 1 7 4 6 4 2 12 6 14 9 3 11 11 9 12 8 19 19 17 15 6 11 9 17 16 18 11 2 14 10 19 9 18 3 19 10 2 5 1 3 9 7 18 16 11 2 7 2 1 13 14 9 17 14 15 15 9 17 5 4 5 10 8 3 2 7 15 16 12 7 16 4 8 8 13 5 15 16 14 11 3 1 17 6 2 5 2 3 10 8 11 2 10 2 3 10 14 12 11 5 7 17 3 19 4 15 15 2 10 14 7 15 14 4 4 19 15 19 3 18 3 15 5 19 15 1 4 5 2 7 3 15 7 19 9 14 14 4 6 11 7 15 12 19 11 3 10 17 4 7 4 6 4 19 5 3 1 15 17 6 9 9 14 3 5 13 4 13 5 12 13 14 4 16 8 4 12 8 14 12 17 19 9 7 8 2 7 4 16 1 16 16 1 14 5 19 7 15 15 5 7 17 1 15 15 8 10 1 19 13 5 8 1 1 9 10 14 16 5 12 8 15 3 10 14 16 16 5 16 19 16 2 5 14 15 16 19 12 19 7 11 12 6 1 6 14 7 12 13 12 19 9 18 1 3 14 18 19 7 12 3 3 3 8 16 5 19 17 17 9 1 7 2 15 5 19 18 11 8 9 9 10 5 12 7 3 17 18 18 2 13 19 13 11 14 14 8 19 10 9 9 8 9 8 2 18 1 14 18 15 18 7 17 16 5 15 3 7 7 5 16 19 13 10 3 13 17 19 14 1 3 3 15 1 12 2 13 10 1 17 15 7 2 1 16 3 14 9 7 12 10 7 9 4 15 4 15 3 7 4 14 11 18 9 15 2 7 14 5 9 18 6 17 5 7 4 2 14 1 6 3 14 15 6 15 17 11 9 17 1 12 5 13 2 10 12 19 12 11 18 12 17 15 14 3 8 5 9 10 3 18 18 17 8 18 1 7 16 11 18 14 5 10 4 8 17 4 11 19 7 18 18 1 3 15 7 10 19 6 7 2 17 18 7 14 19 11 6 10 3 2 10 14 14 1 11 16 16 13 15 14 15 9 13 8 12 3 3 12 19 7 5 13 16 4 17 19 9 10 13 4 7 16 4 7 9 14 1 14 3 1 18 17 11 12 3 6 8 18 13 7 1 13 14 2 8 14 19 11 11 11 17 8 12 11 8 3 7 16 7 14 4 11 2 3 16 15 14 17 17 16 15 14 2 17 15 18 10 15 9 3 8 12 5 19 1 11 16 8 2 3 17 7 19 2 7 9 18 5 7 4 11 7 16 14 6 16 18 6 13 2 1 6 15 2 6 5 3 17 12 17 7 1 14 13 7 18 6 15 12 7 17 15 16 12 16 2 7 9 18 14 7 15 2 2 16 13 15 13 13 19 8 18 9 11 6 8 4 2 5 11 6 8 12 9 15 16 18 15 13 18 10 2 12 3 16 14 14 13 6 8 9 19 17 2 6 10 1 5 16 10 18 2 9 13 15 18 11 13 12 6 19 14 5 12 3 10 14 8 11 7 11 1 13 5 1 15 5 2 12 11 19 15 19 13 19 10 16 11 18 7 11 1 12 19 3 5 17 14 5 15 14 11 6 4 1 5 18 9 10 11 5 1 6 3 5 8 14 2 17 8 12 4 15 16 7 3 12 11 9 16 18 5 18 5 15 5 7 19 10 17 10 19 19 6 5 12 9 17 14 1 16 11 18 18 14 12 12 16 19 8 18 15 12 12 5 9 18 11 8 16 8 9 6 13 6 5 10 2 7 10 13 15 15 17 15 3 2 4 1 17 6 3 17 3 14 5 17 8 16 2 17 3 14 8 9 16 14 15 12 9 16 12 13 6 2 19 9 13 19 3 16 17 13 16 15 11 6 12 3 1 14 1 17 13 16 14 10 13 7 10 2 18 7 5 14 7 14 9 5 8 5 18 2 17 17 6 11 18 8 9 18 18 19 16 9 16 6 2 17 14 3 3 6 17 8 14 17 12 2 9 13 1 15 17 16 15 17 19 9 6 12 11 5 12 13 4 19 9 10 12 8 18 1 6 7 17 5 2 11 4 17 16 6 6 10 7 13 13 11 5 2 4 14 4 1 7 7 14 6 11 9 10 19 13 6 3 3 19 17 10 4 15 4 11 2 13 18 12 1 17 16 11 4 2 9 13 3 8 11 14 8 6 7 17 3 9 5 3 5 2 9 14 14 6 18 12 14 16 12 19 13 1 5 17 11 17 14 2 5 4 19 6 4 18 17 1 12 1 13 6 12 12 17 7 1 3 2 9 2 6 18 13 9 9 15 12 7 11 17 14 19 6 13 14 10 13 16 14 3 16 11 15 18 10 17 7 4 10 4 17 10 19 7 15 8 7 3 17 5 3 6 4 10 8 6 15 17 7 16 2 11 17 10 7 11 16 10 18 10 18 12 4 12 11 18 11 5 13 13 19 3 3 16 3 16 10 11 4 6 7 9 14 16 12 16 17 15 18 5 17 19 3 14 15 18 14 11 9 12 2 16 13 14 2 11 1 5 16 7 2 10 10 14 17 3 9 10 19 4 9 17 19 7 16 14 2 16 12 8 11 9 10 19 8 7 18 2 13 10 6 5 10 10 6 14 13 17 12 15 3 19 9 13 7 3 18 4 9 4 10 8 4 18 7 9 18 12 14 10 7 8 18 9 5 17 13 15 3 15 15 14 3 4 14 13 14 1 3 9 13 18 7 17 18 2 11 6 14 4 2 18 9 9 11 8 9 11 15 1 11 11 8 2 10 2 16 5 16 8 11 16 17 4 17 8 19 19 14 16 14 11 12 12 10 7 3 13 17 2 17 10 9 8 8 7 4 17 13 19 16 13 2 17 11 14 16 4 16 15 15 19 14 13 1 11 13 10 12 1 18 7 7 19 19 12 5 11 18 6 14 8 5 14 7 9 7 10 14 9 18 15 10 2 13 5 17 10 19 19 6 1 7 16 18 17 4 13 9 2 10 9 8 18 17 15 9 11 1 1 3 1 18 15 17 10 19 1 10 12 4 10 8 14 15 6 3 2 10 8 6 19 7 2 4 3 1 8 15 3 16 13 6 19 15 7 2 18 19 1 4 16 16 12 8 5 14 9 17 12 2 2 18 14 5 8 11 6 17 14 3 7 17 18 17 4 1 4 16 5 1 5 7 6 14 5 15 2 17 3 13 9 12 16 15 15 14 3 6 14 15 4 16 3 10 18 2 13 8 5 8 16 12 12 2 15 11 19 16 8 19 13 6 16 2 6 11 10 7 18 9 15 18 8 16 14 8 2 12 3 8 19 9 2 1 8 3 16 5 9 4 12 17 11 1 19 18 9 11 1 16 9 16 16 10 10 7 10 6 5 6 6 17 4 15 12 5 14 12 14 6 16 7 19 5 17 19 7 4 17 5 4 17 14 18 13 18 15 8 4 12 6 18 18 17 18 19 14 9 7 1 4 7 14 3 15 12 4 15 18 15 4 11 15 17 12 8 7 15 15 2 14 7 17 19 12 14 15 17 19 14 17 17 7 1 2 12 2 10 6 7 14 5 7 14 16 17 5 12 5 1 10 13 9 17 14 16 2 6 9 3 8 5 15 12 6 12 10 16 8 5 10 13 19 19 10 8 8 19 9 17 9 4 18 6 2 12 2 3 16 8 19 10 8 12 6 3 5 1 15 6 7 4 17 3 13 13 10 5 6 11 16 12 14 1 5 17 1 18 16 13 16 11 2 16 15 10 6 16 6 19 2 8 3 5 2 4 16 14 18 18 17 15 5 8 17 2 9 9 12 11 11 9 13 11 19 13 13 13 14 5 19 8 6 10 15 16 17 16 9 15 4 13 14 2 13 6 15 6 11 2 9 17 1 7 17 1 11 4 16 7 17 7 15 1 19 13 1 4 13 10 6 19 11 3 4 4 7 18 7 12 1 15 11 16 1 16 13 10 2 19 1 6 16 16 12 16 1 8 10 7 7 3 13 10 13 3 10 15 6 5 19 9 19 9 1 15 1 4 16 4 15 12 6 15 8 9 5 4 3 18 13 15 4 10 6 8 16 8 7 3 1 18 4 8 16 11 15 17 7 8 2 6 14 8 14 13 11 17 14 8 1 15 15 15 15 8 17 6 19 18 13 6 8 8 12 11 4 14 19 15 3 4 11 10 3 15 12 2 17 11 2 19 10 9 15 4 14 12 1 1 3 2 2 14 19 7 14 5 8 8 3 2 16 10 8 12 18 14 3 16 7 14 11 2 8 10 8 12 13 8 12 3 9 6 6 6 10 14 19 1 15 8 5 11 18 9 2 9 2 12 10 5 11 14 11 6 2 9 2 16 7 17 11 7 2 4 3 2 13 13 5 8 10 16 7 11 6 7 6 10 6 4 19 16 15 16 7 14 5 16 2 2 1 10 9 6 5 2 7 5 19 9 17 19 2 14 10 15 10 7 6 16 5 15 1 9 14 1 15 13 5 18 14 9 3 8 11 5 10 9 7 19 1 5 7 4 2 9 13 2 7 1 2 15 11 13 15 19 4 17 3 3 5 16 5 7 10 18 4 17 19 15 13 3 5 9 7 3 19 19 7 2 1 3 2 2 2 12 16 19 12 6 7 7 10 6 8 3 16 6 3 7 16 13 5 18 10 10 2 3 3 7 19 3 7 18 4 18 18 10 7 10 7 4 2 17 5 19 8 7 4 7 10 15 11 18 19 9 18 3 10 19 15 8 19 10 17 2 15 19 8 17 9 18 8 2 12 14 16 14 18 2 1 6 14 8 18 9 18 14 10 16 18 9 1 6 10 3 4 9 8 5 15 8 17 7 9 12 14 7 8 3 2 16 8 16 12 19 8 19 7 1 5 7 6 1 1 15 13 3 15 19 12 3 4 1 7 1 1 16 5 1 11 7 16 8 11 19 13 7 4 11 19 5 18 7 19 18 4 9 11 17 9 5 13 13 18 16 11 18 13 7 11 4 1 1 13 4 19 12 5 2 16 6 6 10 17 8 1 9 14 1 3 2 13 18 4 2 9 6 11 3 9 3 18 5 15 6 5 18 16 13 7 13 13 15 6 5 3 1 12 16 7 16 11 15 16 13 7 7 7 6 7 6 19 2 4 16 10 9 17 2 14 9 5 12 5 10 19 2 13 18 17 16 6 2 4 14 5 3 1 2 10 4 5 5 8 13 18 4 12 9 8 16 14 15 1 6 17 2 18 11 10 14 9 3 18 16 4 7 9 2 18 14 7 18 13 13 18 15 8 16 19 17 16 14 7 16 13 16 3 12 18 6 8 19 1 4 3 5 16 19 4 13 17 14 5 18 3 11 4 7 4 16 8 4 19 19 2 16 5 3 13 11 16 19 18 4 17 13 17 8 13 16 2 14 7 13 2 8 10 16 7 10 12 7 5 7 5 10 12 16 2 7 15 4 4 13 5 10 10 10 16 3 17 2 10 12 9 9 15 19 3 11 4 18 18 11 10 5 7 19 18 19 3 10 11 4 5 14 16 10 3 16 18 2 16 14 17 5 18 1 11 15 11 4 14 13 1 5 1 1 9 11 14 13 14 11 16 3 11 7 14 12 13 9 13 2 8 18 1 4 7 6 7 5 7 9 10 18 15 13 4 8 12 1 16 13 1 10 6 11 10 16 5 14 1 3 17 12 15 3 6 4 12 12 19 12 5 10 11 9 19 14 16 3 3 19 4 8 16 13 18 16 19 3 12 11 6 2 8 17 1 12 19 10 12 17 19 17 2 19 7 17 2 15 14 9 11 2 11 9 8 9 1 3 2 3 10 1 10 18 18 18 5 7 6 14 9 11 15 2 8 6 13 6 10 1 5 18 12 7 8 13 5 19 5 18 5 8 15 7 1 18 13 11 10 3 14 13 9 4 2 8 8 11 16 14 16 14 7 13 8 4 13 12 8 7 11 3 14 17 11 6 9 17 19 5 7 10 15 12 15 4 3 6 3 18 18 10 13 8 11 16 2 7 12 16 18 8 19 16 6 8 5 12 9 4 12 13 19 1 10 6 16 4 18 8 18 13 13 4 5 1 19 5 6 12 7 15 2 6 13 12 6 5 12 14 1 3 14 18 16 13 13 13 7 17 4 12 5 4 1 15 19 14 5 6 17 5 16 17 12 9 9 17 9 7 9 4 1 15 8 10 16 13 9 5 4 5 17 1 18 1 18 2 11 16 19 19 13 19 7 8 16 8 3 14 17 1 3 5 2 17 14 10 8 4 16 14 6 11 2 10 12 11 17 11 10 4 5 2 8 18 11 4 16 19 14 10 1 16 3 14 1 18 17 2 8 13 15 5 3 17 11 17 15 9 2 11 15 8 9 5 19 5 12 9 1 7 2 2 16 16 12 10 19 14 5 19 8 12 18 9 4 2 13 3 19 11 12 19 15 14 7 18 4 19 9 5 3 11 12 2 9 12 4 2 19 19 14 15 12 6 6 9 19 11 5 1 15 18 10 14 19 9 5 9 5 9 10 13 3 10 18 11 8 15 19 17 3 11 9 12 5 17 8 1 19 12 11 11 17 17 19 6 14 14 13 7 3 16 13 15 4 13 13 17 10 12 11 19 7 14 14 19 10 9 10 1 5 12 5 1 15 9 6 13 15 9 6 12 17 16 6 18 15 15 17 16 1 13 12 6 4 11 7 5 2 9 13 12 7 4 13 19 14 15 19 6 17 7 5 5 12 12 10 19 19 18 17 19 3 1 16 17 1 18 9 4 3 9 5 13 10 9 7 14 3 15 14 1 1 14 2 6 15 2 8 12 11 2 2 5 14 6 1 19 2 7 18 1 8 1 6 14 18 15 6 19 4 11 8 4 2 19 2 5 2 5 1 18 13 4 8 19 18 2 18 7 13 15 1 5 2 6 3 2 3 9 17 15 8 15 11 18 13 10 10 14 15 19 14 7 15 11 17 4 5 11 14 11 7 17 4 17 13 4 17 17 8 10 7 4 19 6 10 6 18 18 16 14 19 7 10 13 1 9 15 4 15 11 8 16 15 8 8 8 5 19 14 18 7 18 7 9 5 11 3 5 14 14 8 14 10 12 17 8 17 8 18 7 14 18 13 3 18 13 12 9 15 8 5 19 7 6 16 4 2 7 14 18 13 12 19 6 19 12 1 7 3 10 2 12 10 17 4 8 19 1 15 9 14 18 16 13 5 18 6 2 15 12 11 3 16 17 6 4 14 10 14 16 2 6 16 13 19 18 17 9 15 2 3 11 15 14 14 12 17 5 16 19 13 14 9 14 19 9 5 15 1 14 12 11 10 19 17 7 17 17 1 1 14 16 2 11 7 18 8 14 16 14 3 17 9 10 18 16 2 3 13 5 15 2 7 16 11 5 18 17 15 13 17 8 12 10 8 13 2 13 9 18 12 6 5 10 8 11 17 6 17 2 15 15 13 12 6 9 17 19 7 12 7 1 15 16 6 13 16 17 16 1 11 4 7 3 8 9 16 1 13 9 13 15 3 16 10 9 1 2 2 17 2 1 3 13 2 4 7 4 10 18 3 4 7 17 1 12 3 2 16 4 19 8 6 1 7 5 19 5 6 1 1 4 4 3 5 4 16 8 1 12 18 3 14 13 9 6 8 2 10 2 5 7 12 3 6 2 11 10 5 7 5 7 14 9 2 13 19 7 2 18 17 18 17 10 3 1 16 12 6 4 17 9 14 17 17 6 18 15 16 13 9 8 18 13 1 11 7 14 19 6 2 17 16 11 14 6 16 4 10 14 14 11 18 5 17 10 4 12 16 4 8 14 19 10 19 19 1 1 18 19 2 15 13 11 17 1 15 12 19 10 15 13 1 16 7 5 5 10 7 3 19 2 18 17 16 19 5 6 3 17 5 7 18 17 12 8 8 2 10 13 16 3 14 14 3 16 2 12 11 14 9 7 18 15 2 17 14 10 12 15 16 19 6 1 2 19 9 10 13 4 8 3 5 8 10 16 14 19 19 14 9 6 1 17 16 9 2 13 16 15 18 16 13 12 2 11 5 13 3 18 2 1 18 4 10 2 3 8 14 12 19 8 12 10 2 13 5 10 11 10 4 1 19 17 13 8 11 8 2 10 4 10 18 11 1 2 11 6 13 6 19 7 10 5 9 16 10 14 13 9 17 12 7 16 3 19 14 13 6 1 11 10 12 17 8 15 10 3 12 16 10 7 14 16 9 1 13 15 16 12 6 5 12 2 17 11 18 9 3 8 13 12 15 13 1 12 7 8 2 17 16 8 2 13 14 16 3 17 6 19 17 7 17 19 5 14 16 1 4 10 16 6 3 13 1 12 15 2 9 16 15 17 19 2 10 18 15 8 12 8 3 5 17 9 6 18 9 12 14 3 6 16 11 19 18 12 12 8 10 5 2 15 18 9 11 12 18 9 18 4 13 6 17 18 10 11 3 5 9 5 15 9 14 4 14 3 15 4 17 1 17 16 1 4 2 1 7 4 11 16 18 7 1 15 4 17 11 17 17 7 9 14 14 6 18 19 15 6 7 2 7 9 2 11 6 9 4 16 8 3 13 6 12 4 6 7 8 15 15 15 3 3 8 3 7 11 2 4 19 6 16 5 5 16 12 8 11 15 19 19 9 11 12 4 10 13 16 16 19 14 10 4 11 16 13 18 8 5 9 10 2 15 14 13 4 19 5 1 9 8 4 9 11 18 11 14 5 17 15 5 16 7 7 4 9 12 18 12 6 7 12 4 13 5 14 13 3 18 19 1 14 10 4 19 3 5 16 8 2 16 18 19 13 16 15 1 2 12 15 10 4 11 13 15 11 3 6 11 6 12 10 10 13 9 10 4 13 1 12 4 8 19 13 12 17 18 9 9 3 14 7 7 14 11 3 14 18 16 9 5 2 19 12 12 11 12 12 2 1 11 11 8 8 4 14 15 17 3 10 19 7 8 7 1 16 11 16 14 5 19 3 3 2 19 13 7 14 14 7 16 6 9 3 16 3 5 18 14 19 3 16 13 1 8 2 17 16 17 11 12 7 5 1 14 4 8 19 2 4 16 8 6 14 12 9 8 9 10 5 9 5 6 13 7 9 3 15 17 1 19 3 14 11 17 8 12 1 9 17 8 2 8 2 6 6 3 15 11 10 2 8 15 19 8 10 16 14 2 18 4 16 17 2 8 1 8 6 15 7 6 8 15 8 7 14 7 17 14 15 7 11 3 2 17 19 18 4 1 4 10 17 15 10 11 7 13 12 8 12 15 16 13 10 3 13 4 9 3 15 16 10 12 1 18 16 11 12 14 19 5 13 9 18 9 16 1 12 12 4 6 10 5 10 4 13 13 2 16 12 13 17 2 14 17 10 2 19 6 6 17 10 15 19 13 15 3 19 15 18 16 15 10 2 5 19 17 2 16 12 19 12 1 16 19 1 10 8 14 3 8 5 12 5 1 15 19 18 14 4 18 17 13 4 14 16 6 7 14 18 8 6 13 13 3 3 5 1 18 17 8 8 2 3 8 17 5 18 18 9 7 10 4 9 14 17 7 8 8 18 6 8 3 12 14 8 19 11 6 8 7 14 10 11 6 9 4 9 1 2 11 13 2 5 3 8 14 17 17 11 5 9 13 15 17 5 8 2 6 17 10 2 12 9 8 1 2 17 3 13 13 15 10 12 3 2 5 10 2 5 19 1 13 7 4 3 16 2 15 12 19 17 18 15 1 1 1 12 9 17 3 6 11 17 6 3 2 12 19 10 13 18 6 5 5 14 14 11 8 12 3 11 6 19 17 3 18 6 17 6 2 10 13 10 6 1 16 9 19 11 13 5 16 12 7 2 6 6 15 13 3 19 19 17 8 14 7 10 12 12 18 6 9 15 6 15 8 14 5 14 17 8 3 3 8 6 2 19 9 14 4 7 5 13 19 18 16 4 6 4 14 8 3 19 7 10 5 2 7 1 18 9 9 18 11 2 8 13 9 12 13 13 8 11 16 11 6 16 15 8 15 15 16 13 17 2 7 15 15 18 9 8 18 19 14 7 19 16 10 16 3 5 17 17 19 12 2 7 1 19 2 14 8 10 15 7 19 3 18 7 5 15 19 18 16 11 7 14 9 17 10 2 2 18 18 8 1 7 19 6 8 15 18 16 2 1 6 18 13 16 14 4 19 10 10 5 4 1 14 16 18 1 10 14 6 9 9 14 16 11 2 4 19 4 5 17 1 12 12 4 17 18 13 7 8 5 10 16 18 17 2 17 3 15 19 3 6 3 6 10 6 7 18 18 8 7 3 2 14 16 15 12 5 12 14 6 1 7 18 14 7 5 13 2 15 17 8 7 17 2 1 14 17 1 15 2 17 11 11 15 3 4 17 3 8 14 2 18 16 17 11 7 19 6 14 8 11 3 7 12 10 14 7 17 14 5 3 10 6 5 13 11 17 15 19 15 6 10 3 8 10 11 8 3 9 7 18 14 8 13 4 9 14 8 4 2 13 16 14 13 16 3 14 18 14 3 13 5 2 17 11 14 15 18 9 2 14 7 2 17 4 8 17 3 2 19 10 17 19 9 2 13 7 5 12 8 8 5 8 5 16 6 1 1 2 11 16 1 12 6 7 6 19 19 5 3 7 10 19 5 6 18 8 14 6 6 15 4 17 16 17 4 1 11 15 14 19 16 18 15 8 4 3 7 17 16 14 18 5 7 5 16 7 14 14 19 3 9 14 15 1 1 12 7 3 1 16 6 14 2 13 8 5 14 5 9 18 15 17 16 8 17 13 13 3 15 7 13 17 15 7 4 5 4 18 2 15 8 8 7 12 18 18 11 3 14 2 5 16 15 6 13 12 7 16 3 9 4 3 6 11 16 13 10 19 1 2 6 11 15 5 3 14 1 6 15 13 1 19 12 15 14 17 1 3 15 3 1 6 7 14 11 19 4 17 18 14 16 4 5 8 8 8 18 5 18 11 6 10 12 13 17 3 3 2 10 4 5 1 12 13 15 3 4 5 6 6 13 15 16 19 3 17 5 15 2 8 14 14 8 11 11 2 12 14 11 16 8 13 16 6 5 14 18 3 2 17 4 1 3 18 14 16 1 5 8 12 16 12 15 17 1 17 4 5 16 13 15 3 15 15 1 10 8 14 19 7 3 19 19 6 12 18 13 8 14 1 8 4 19 12 17 11 18 2 18 6 1 18 7 8 3 15 12 19 13 9 15 17 18 19 16 14 12 19 16 10 19 7 5 17 6 10 8 15 18 7 5 4 14 8 18 11 19 9 19 11 16 13 15 19 6 17 13 2 7 4 5 8 6 11 7 7 14 1 3 1 18 14 17 1 8 16 6 8 2 12 13 11 11 14 10 17 19 15 4 14 3 5 7 1 13 3 17 9 19 14 10 2 11 9 3 19 19 2 15 3 19 19 7 4 3 15 4 16 15 10 18 16 9 2 13 5 17 18 3 15 3 6 8 17 16 18 1 14 9 9 10 1 11 4 11 7 3 13 13 7 16 2 6 19 11 12 17 15 11 16 19 14 14 19 4 6 9 8 13 1 16 14 12 4 10 11 10 8 13 16 15 4 3 19 12 1 8 18 7 3 7 9 11 13 3 13 15 4 10 9 2 7 1 6 17 9 8 2 4 12 18 19 17 4 19 19 18 13 9 18 14 1 11 14 16 11 17 6 8 12 15 13 13 10 16 10 15 8 9 18 4 12 8 10 9 15 18 13 18 3 12 7 8 14 9 14 9 16 19 5 8 5 1 16 16 5 14 17 4 4 10 17 1 3 18 5 6 12 14 19 10 17 12 5 18 2 8 11 7 2 7 5 11 8 8 3 17 9 18 10 2 10 7 5 19 10 9 6 18 15 3 7 5 10 13 15 11 4 11 5 8 15 7 17 3 7 9 11 18 18 5 8 12 14 8 18 2 13 2 8 7 3 10 8 18 14 15 18 1 15 8 17 18 1 18 2 17 12 3 18 14 6 14 5 17 14 3 14 1 9 15 14 14 13 1 17 13 16 11 12 4 4 8 11 12 16 3 7 2 6 1 12 12 5 16 13 12 13 7 19 12 10 3 3 14 13 11 16 18 12 5 12 19 3 17 8 3 18 5 13 12 6 19 1 10 19 10 6 6 9 12 16 2 14 10 4 13 12 12 8 6 7 4 14 14 6 8 9 15 6 4 1 9 1 17 7 9 18 12 6 4 3 17 14 14 13 17 10 2 16 14 11 13 19 8 9 2 14 9 16 16 4 2 10 13 4 1 14 11 7 7 13 11 16 16 2 17 18 15 16 16 4 10 4 19 15 16 8 13 9 7 3 16 1 13 12 15 15 16 1 9 4 6 8 12 9 19 15 4 2 3 19 2 15 12 13 4 2 12 14 7 12 15 18 8 19 14 2 15 15 19 9 19 6 15 1 4 8 7 10 3 17 4 8 7 18 17 15 1 7 10 4 10 13 5 10 15 10 4 4 4 11 15 8 6 14 4 10 19 10 13 15 10 10 6 8 8 15 1 6 11 16 7 14 4 9 18 9 11 9 15 18 7 16 14 4 4 6 18 6 4 19 12 6 18 18 12 16 18 14 1 14 2 16 17 9 8 7 9 14 8 12 9 4 6 7 10 2 18 18 12 7 15 17 5 6 19 12 7 6 14 16 12 18 11 12 2 5 15 9 3 6 14 10 17 15 6 11 2 8 4 6 1 8 15 7 2 3 10 9 8 13 17 12 16 18 8 8 9 12 4 18 12 13 9 6 17 15 14 6 19 19 19 15 12 14 3 1 8 4 13 4 13 5 6 14 16 7 18 5 14 12 17 13 4 16 13 17 13 19 7 2 16 13 5 14 5 18 10 3 16 18 4 3 15 19 4 7 14 2 14 7 8 8 6 16 6 1 8 10 18 11 14 15 1 8 2 11 5 10 16 8 6 1 4 3 16 11 17 17 15 11 6 17 16 3 13 13 18 4 7 6 12 2 6 8 5 15 16 3 11 15 17 7 3 1 1 11 5 11 14 19 2 15 18 15 15 12 1 19 10 14 17 16 1 12 15 1 11 12 9 8 12 1 10 11 12 9 4 8 11 15 6 10 1 16 12 2 7 6 18 18 6 18 5 15 3 4 9 3 19 7 14 8 17 4 2 7 3 7 1 8 9 14 3 5 2 15 8 6 13 18 7 8 1 11 10 3 17 15 8 17 11 1 3 1 3 11 9 5 19 18 2 7 5 12 6 14 9 19 4 1 2 19 12 8 1 3 1 8 3 1 15 8 8 16 13 13 18 19 12 15 5 16 1 13 10 3 11 11 11 9 7 15 11 13 10 8 2 11 9 8 7 10 9 9 18 8 15 19 10 18 5 19 15 19 14 9 5 14 10 10 18 1 3 2 6 11 13 7 14 6 16 12 14 11 14 15 13 7 12 13 2 19 16 5 1 9 15 16 7 12 7 6 19 8 14 16 18 16 5 13 15 16 2 16 5 9 2 19 4 9 4 12 12 18 8 3 15 17 6 3 10 2 17 19 8 14 13 19 3 11 3 5 15 10 2 5 9 6 10 7 12 4 8 13 11 2 8 14 4 5 7 17 12 8 14 12 3 14 5 7 7 16 18 8 14 2 17 10 12 6 13 16 15 1 4 16 6 16 2 10 16 5 2 18 3 11 5 13 12 10 15 4 3 18 11 11 8 1 12 18 5 18 7 4 8 5 6 16 8 2 15 5 10 5 1 14 2 13 15 6 14 13 10 15 13 2 19 19 1 19 2 5 13 2 11 14 14 5 16 14 13 14 3 3 12 15 17 14 1 7 15 3 6 2 1 16 1 15 16 7 3 10 10 8 10 16 9 5 5 17 15 3 2 16 3 16 3 7 2 14 12 18 5 14 3 18 13 1 4 8 15 15 2 1 16 17 13 6 1 14 14 9 5 16 9 15 13 4 9 7 11 3 5 11 3 2 8 2 13 18 16 10 11 9 10 7 7 7 6 15 5 10 11 17 9 17 4 19 9 
// di
1966 8796 2948 1100 11582 2882 9352 688 11117 9481 2778 2109 4262 2090 8711 5417 3400 2559 675 4953 9715 6206 8841 9002 11155 728 1814 5108 6691 11588 9192 9910 8738 11728 9130 3976 1172 8939 1420 1737 5716 4628 2144 8876 8324 7852 8520 3109 1496 709 7839 5757 3060 2678 4180 5354 5720 6814 5550 10065 7007 4283 9711 3115 898 9686 5278 9450 2396 1796 350 2471 1401 4527 9388 2023 11904 5068 10861 1344 2725 1882 539 4670 2360 3215 372 3848 9081 1114 1186 9410 8141 9936 1801 4904 1274 5531 6465 10422 2552 7775 216 4685 5113 5124 9986 7255 8144 1449 1030 2796 8038 10522 7166 492 6587 11953 10282 7755 9616 436 5304 3376 9346 2383 4929 9489 10449 947 11918 10705 4193 1363 9867 3672 1345 2956 10100 5949 943 3848 2813 3276 1784 1711 3604 3590 6334 1917 9830 7162 11622 4623 7226 8629 9079 4934 5299 2722 1862 5974 10039 6292 188 1564 10393 4941 7534 3817 6694 2094 5289 6294 899 10699 1044 9160 11458 3634 6857 1666 5603 8979 2824 4282 7042 6221 11328 513 11834 5967 3761 9948 9208 6266 6123 10581 8991 8217 9668 2289 5471 4352 3721 1266 11263 7053 3313 2971 7593 6428 3430 4942 2573 110 10253 10200 483 3532 11915 3621 2190 8284 10127 1986 9969 3373 1942 3461 3620 11991 2103 9264 5799 111 8089 10165 7230 10633 5943 7308 959 200 2463 8203 407 8925 485 7765 6995 5130 5410 3219 5241 2542 1735 4384 5467 1100 7170 10903 10098 1412 5396 2047 8636 2937 6248 11548 6937 11011 11355 7249 1107 10787 10393 2298 404 11194 2479 5012 5134 5067 9368 8693 6797 9500 9942 10222 1359 8471 4450 10594 6507 5280 6421 5369 9159 10895 3801 4952 11436 7417 4121 11945 6381 3100 5317 1227 4802 3306 2096 9068 11336 9065 261 7254 3372 9224 5691 9553 6101 3875 5600 4284 1813 5484 824 8250 9468 8920 5423 9959 2102 6664 5569 1060 8483 11814 890 9771 6632 5944 3718 729 5618 6490 10719 9531 5548 3499 10559 6484 9425 11652 7775 6958 918 9121 2377 1436 390 6262 11955 2999 9244 341 4847 552 4787 3628 4432 9828 8421 9593 7838 6823 7415 1544 4876 3118 704 4709 1211 3837 2992 9355 9225 3432 10606 526 6429 3416 3726 5913 6538 10898 4935 10192 4233 1002 5955 11291 4072 6917 7926 9975 7462 6051 11958 8712 11812 2897 6274 424 3458 7699 10116 6123 1269 7241 9630 7223 5806 2088 409 148 1062 1631 2801 9194 3002 5333 10657 3239 1828 7198 4802 10566 7895 5594 1197 10364 1945 11270 6714 1650 1408 4079 6831 5508 2046 9813 6572 10094 10182 822 8318 852 11840 11092 9600 9200 7712 7661 5897 1989 10679 10401 7905 9951 2360 11335 5006 8368 2189 10351 2827 5801 7352 4505 882 8372 2086 8896 5501 10875 5212 11065 7641 3998 7469 8285 11222 45 4617 2197 1163 3755 11657 11426 7056 4496 4985 1529 6181 9101 441 3953 2943 6331 4966 6839 11558 5675 5079 1899 2645 6718 3998 10924 10364 8333 6878 9149 6713 3410 8954 1582 1556 11388 1626 5131 9754 11550 4923 11844 3058 5081 2806 2836 1531 10016 2644 8581 10793 9873 4787 1734 3309 1714 2422 4500 7452 10750 1179 7677 26 9406 2993 6261 7015 229 9402 5142 3220 6026 8571 158 10136 6608 10767 4502 1020 6806 55 348 8371 6053 6902 8409 4686 1008 4944 4616 11217 5 11699 6642 5328 8472 508 4241 1978 542 7170 10941 343 2936 3995 1284 4169 5871 4619 10053 3377 8424 5220 10353 7906 4852 6145 10466 9515 7468 7493 4248 7255 5329 3921 909 1170 4847 3705 8305 7028 11967 11701 10295 3433 9270 11672 8755 11790 8483 10482 911 9344 677 11362 2481 4772 7509 2909 5217 10671 5204 7442 5773 8559 8281 11421 32 2128 5732 7267 7843 6250 9462 10626 10675 8216 9102 6196 2453 9696 10716 916 7374 8602 6327 10932 1047 6979 9574 6732 2557 3583 5195 4497 3786 6001 8770 10094 3222 632 11670 9973 5392 1853 1980 3592 276 10866 8964 7486 8593 1864 6980 8831 5461 11487 11126 8966 54 3172 9623 9943 6085 7958 5458 2647 3359 5291 10545 340 396 2012 10041 2608 9239 7483 1570 7690 5494 8682 4318 2864 11855 6713 10156 3154 5759 464 1694 839 6439 6511 5209 7441 4425 4868 373 6798 8851 7319 710 9287 9156 2683 10070 1811 1829 3264 3133 10592 1735 4750 9726 2887 4470 6454 11265 1786 5349 4001 4693 8902 10345 2688 4418 11089 8767 2019 8612 7122 6606 8938 3696 1517 8730 10648 964 5034 3146 10352 11310 9064 3416 10525 2234 5004 9417 3711 301 3172 862 4827 7269 5150 11185 10727 3206 2106 10170 11092 5277 7431 9603 7123 4758 9621 11914 3851 10531 4747 9283 8676 3669 883 8192 7967 1447 3745 3585 3975 11075 3569 3154 8037 7361 2530 8791 4644 2845 1784 2664 5586 1287 6814 4221 2425 9231 6347 9350 9573 5106 4562 3201 6049 2299 5979 4305 1346 5187 1110 11892 1324 10507 5675 1712 1208 6882 10540 11612 8870 7852 3617 1239 5224 4565 10796 11898 1812 1787 11616 10114 5735 910 2965 4924 7735 629 8038 10096 11298 1965 1035 10854 3455 58 1360 6719 2986 2694 8429 8032 7069 1281 5697 10138 6127 147 10302 7238 6776 4953 10206 4825 697 4501 9067 192 7593 2813 2624 10949 5718 109 7509 8167 4563 6130 10935 10357 2039 1695 4174 4335 10618 6477 9450 3341 1791 2590 10054 8751 11269 5914 8202 3665 8496 7664 449 8054 240 9236 7413 5790 3594 8014 5265 1109 195 8781 2641 2775 1771 10523 2975 9002 9413 9581 93 3332 11106 3535 5089 5559 8827 7416 8545 841 5513 6789 4966 2944 1636 2842 1449 4294 9927 4235 11734 10839 4275 10451 5497 5372 2504 8936 7663 4027 10700 9850 1649 3841 11936 6625 6426 6872 8902 9756 9167 10396 4596 1352 3963 11060 10816 10024 3503 11579 2708 11580 6931 1080 3652 582 6877 6981 2540 8296 2445 5643 4130 2341 3647 2810 5755 5453 3670 8760 3308 5679 7743 5138 67 8060 5729 9435 931 5629 7126 5033 10336 6307 5202 2760 7640 6693 9639 2514 1481 5464 10710 180 4198 9279 7079 4645 6420 1699 793 5220 3164 2995 3656 11560 5396 1311 9456 6246 10165 9816 9329 842 4414 4468 6692 6810 127 11445 692 9767 4994 8425 11669 10917 739 1973 10885 10455 10750 7316 4042 10463 8378 7177 2542 11164 11658 5595 5756 11395 9313 5978 4325 8154 1112 372 5156 2241 5908 5522 1516 8823 8844 7833 7542 3583 3872 5990 452 11925 5952 8703 9300 5243 732 1268 7045 3259 11652 1034 6303 3204 8173 1022 2064 4640 7125 4596 9328 5242 9069 9174 10429 5456 2712 3702 11577 11497 771 10427 5773 4833 10473 7823 704 7484 667 1487 1641 9132 8578 5924 9043 11211 3062 5945 9861 10879 3612 8955 11889 482 2654 11744 3836 10120 10550 6408 5823 10909 4517 7330 1358 6041 7197 7529 10653 11128 2007 4111 1781 9238 1183 1203 5956 10692 1254 3963 2297 6165 4452 2378 4047 2908 3515 9231 6911 5716 4226 9439 2193 6405 8348 5067 2500 8314 10663 4710 7001 343 6113 10291 3330 1558 5924 10245 2545 6086 9608 11212 8492 1108 2228 10306 7876 6707 10959 340 10086 8887 4341 11308 11902 9468 8626 7260 11708 9876 9485 9530 4231 5340 2428 5605 9161 3020 8733 4329 10800 3926 6557 3838 11744 2321 8656 5786 2630 782 2650 10848 682 2502 6035 1735 2873 7009 2007 10643 2760 3423 6191 3684 8550 5936 5806 1474 10103 10673 275 5483 8081 5133 6442 6306 9188 5153 2941 252 6905 11542 9306 6041 2703 8866 5073 5873 10114 77 337 11448 10724 2293 4148 7810 4116 4938 9255 8240 8881 10894 5946 44 1530 11910 2609 1260 9013 2258 10423 4230 5055 2431 9633 3637 2578 10335 8545 5304 10601 4844 10945 7991 4831 6646 2644 4420 6828 9802 2268 8960 8727 7550 6258 7463 8195 2656 1151 3974 3913 11253 4921 3158 2761 1649 2606 1518 11905 6124 3483 5917 5482 1113 1438 5306 3101 10512 1041 3348 8900 5510 11681 5803 4605 5351 9259 9717 5048 2479 2253 5049 11698 3533 4349 1522 10006 10417 360 8554 11378 41 6166 3156 7289 918 6913 220 8845 7412 10037 7693 2964 9423 10240 11058 8320 10088 6562 2937 4803 1893 1815 1213 1754 11675 2685 5617 5240 1255 8882 4733 7968 11253 3784 1278 2320 9359 1962 6813 543 4594 6392 5356 3559 10394 11520 10739 7475 8581 1156 3934 8269 4710 5463 9525 1420 6192 4876 1552 10647 4138 9376 2694 240 3516 1779 2510 7771 6797 10271 7668 8778 8342 9017 1168 4634 4412 7569 1412 6962 5206 11796 5102 8508 10034 4954 8761 5483 7431 7717 2392 3384 1930 3958 5031 4541 1420 7099 10234 6457 5120 1339 9778 6815 5288 10806 3192 3642 960 4785 4408 9887 10835 10315 1904 11122 2029 6176 3099 10274 3349 8319 7381 3443 3053 8967 4850 9864 2400 11589 6307 8671 8206 10939 10320 2144 4739 10176 5228 7201 11540 6138 9744 3159 4872 9641 11534 3023 3172 576 553 5693 10633 3923 8383 11043 10167 9395 11977 10104 6062 310 10022 9140 7593 7703 3302 291 3371 406 8936 5678 11798 11265 8102 6810 11394 7005 9870 9685 10480 634 7787 3627 9264 7158 1499 9861 926 8467 8528 6757 10161 4323 5426 8792 8138 1312 5577 8791 697 7259 9348 9416 3266 10615 4023 5927 10613 4369 2633 7604 6485 2686 4378 9022 2392 918 1470 7303 10388 584 9495 3092 6001 1094 2278 4173 9799 7141 2255 1465 5323 3881 1627 5018 8503 3339 4836 10967 2257 5103 4452 4253 2611 7478 9877 7937 6058 9607 10960 4663 5014 7978 5987 11371 1834 11945 3366 158 2979 7517 10454 929 5637 5496 8425 4852 7074 10626 3486 3942 3168 11386 9067 1028 3743 9413 1758 3499 6160 2560 3109 3996 2978 9597 1216 8834 6235 2714 5316 7728 7406 2242 1529 10739 2999 1466 7885 9263 9015 7937 7318 3390 3184 3665 5518 4089 9975 837 3651 10597 6747 9398 1359 2568 9226 10255 4441 11021 3447 7546 3795 8027 7480 3890 4108 8752 4950 8128 7950 3322 8354 2267 2735 5399 6233 4225 9268 9688 5102 867 8753 6899 7648 9428 3379 8902 6144 3211 1585 7909 3495 6785 11383 3808 2045 1973 2913 10402 2299 621 3557 5828 9061 11943 3764 2918 6066 5917 10907 9585 1781 3299 1757 2604 7442 1619 1757 794 7705 10474 4867 6934 1443 237 1625 1618 2260 11486 2524 4345 4867 3584 9336 10301 9220 32 227 4942 2390 3244 3851 6641 7033 10399 3624 9415 11727 9076 6774 9561 10290 2424 4678 5116 8778 3659 2840 9922 7013 3356 10467 7592 10571 10870 10003 10619 8058 8488 784 1274 682 7775 2853 5299 11962 7646 9945 3076 3412 541 282 10303 8268 10583 2217 4946 8269 7804 409 956 140 9705 7762 2014 7896 5562 7887 3297 2258 8929 9964 11502 948 2740 9870 7132 8776 11600 4821 714 6843 9175 7048 8153 8064 2336 1742 6913 6611 6579 11159 2505 4094 2166 6082 1768 4140 899 7306 8980 2703 1720 9767 6777 7044 5647 9272 6791 8500 11614 6189 2552 3255 3018 4018 9493 5859 4940 5521 7050 9137 3407 1608 6210 6013 10572 16 8784 270 10818 7681 6688 4461 9638 10851 10172 3899 11499 405 9960 10795 4826 4924 10869 502 4760 11026 755 8797 2433 279 1643 9412 2460 10886 7603 8963 3571 69 10818 1191 1567 296 6497 7210 2264 8381 1501 7076 10345 4600 3866 9319 10677 198 5966 1124 8 8840 6477 9910 9754 11341 10319 2327 9290 2526 3118 9480 10113 396 1667 4444 6972 9279 11365 10991 5866 7977 1873 9877 1067 1203 6253 2938 9560 8781 5049 9248 7657 2462 7141 11573 4319 2825 10031 10041 7660 1456 3673 793 3916 8447 407 6265 5059 11252 11266 8518 6952 5660 3607 1143 256 10371 10422 3756 6419 1144 608 7976 11022 7110 8826 5182 7146 5952 3833 6246 9499 6102 2689 1795 2420 7932 8150 9815 2426 9581 4704 6391 1947 11542 3153 10701 11917 6606 1254 9931 2849 4760 3785 8219 4637 4468 10016 11610 2975 473 2062 7019 842 10937 8741 2612 11233 1147 6123 9960 8143 2808 9823 7428 11741 2104 4240 5553 11593 7049 1133 6058 10462 3227 10254 681 6218 6696 1360 10611 10825 714 5479 11193 5670 10216 9511 9099 8188 190 1990 107 833 4457 10909 9367 247 3906 4131 3927 2529 979 10750 7210 6492 5345 322 3073 8234 389 2611 2908 6935 11602 941 2125 6510 1232 10215 7457 10087 7122 379 322 660 11310 7155 3211 8087 8809 3837 4572 10353 10585 5834 11668 7503 9997 5417 2471 9046 8867 382 10557 9112 5483 79 1286 4271 3046 4601 3381 4241 3128 6945 6801 8569 1059 4245 2411 8856 10539 630 11494 1476 8633 5064 7959 6111 10455 11233 3018 8365 11074 4111 7493 4507 9225 4373 1571 10557 11150 11927 1220 3972 8114 7097 8827 6003 41 2141 3080 3252 7753 7621 10085 2646 8572 10264 7593 1357 3830 5831 9055 4863 8207 8564 5485 2808 2382 1344 7670 10574 3551 11587 6560 3408 2428 8558 8048 8607 4710 4160 6253 308 1884 7635 6518 3936 3856 5709 8274 6544 3750 4456 8588 6755 3845 8338 8010 2076 11233 6795 1029 11501 4059 1408 7368 3903 4048 3668 4181 10526 5309 5456 10903 4312 6336 10340 7264 3735 5386 4064 5920 1101 1300 11874 3172 1894 6210 3917 2679 8833 5802 1759 4340 7435 10103 3072 7834 6440 1930 5153 11128 9486 2282 10071 2167 1045 277 7505 8402 6063 4669 4042 4209 6969 8603 2280 9733 5340 4690 8757 6469 10747 10481 7887 5665 6572 8307 1216 10801 5153 11269 480 11353 4239 4431 4602 7821 1049 6577 6503 6259 11725 5386 7251 4526 8957 6268 7275 8540 1545 2183 2398 5496 8860 11568 3888 3567 3779 4713 7288 4403 5055 11514 9642 8084 10813 10452 8467 9671 10947 10752 3524 6955 11850 7121 6910 9415 8635 1634 2988 2491 8765 10117 6073 8886 5338 10407 170 8973 10268 6039 407 9510 4857 11331 751 10795 6133 8804 7152 3386 17 1740 113 7924 5524 539 4159 7268 6627 8868 1998 4476 2387 7512 10917 7673 11647 4808 11924 6380 1642 3471 4972 9433 4401 10227 5952 8438 11293 3738 3108 9229 10658 8515 10993 4345 3444 10411 6495 1947 11989 5288 9956 9056 5416 9755 4663 1106 5171 11950 8705 4664 5690 3284 4782 4717 10853 3099 1429 7806 11507 8655 1980 213 1360 11664 2651 2052 10674 4625 634 8584 4471 5109 4206 9044 2268 11909 1181 5573 10148 7482 2183 6636 6305 6024 11934 11998 11561 2744 11776 7364 1829 2386 4079 3842 7740 1564 4377 11012 74 7876 8883 10804 8606 3049 654 1401 5019 11405 8313 1939 307 5706 8915 5007 1256 1852 1190 10969 4645 8703 8428 10585 11703 1218 4041 6978 7394 3364 7982 4459 11483 467 7966 11917 461 4954 9906 8000 8532 7562 1399 8953 10349 3910 4529 5678 11481 8489 4943 10341 1300 8199 10841 11038 4468 11232 8538 8389 1096 5254 7721 2373 744 11514 2112 10033 3243 10827 3290 8128 9287 6908 4922 3524 5089 9598 1561 9198 4130 4760 1116 11152 5132 10522 9906 6261 10926 4507 5123 4947 1312 2934 3252 10886 490 3227 5346 6492 3173 10859 1350 4445 1594 4305 10569 10288 5081 10461 1660 561 9271 11198 9427 7273 7478 11686 3244 2624 482 7825 5852 8687 143 10742 3501 11533 2244 501 9661 4013 10168 6920 4638 4929 11152 1274 10323 145 2275 11707 669 874 3917 3564 10746 11908 8946 11906 11130 2693 1605 1309 5686 6567 3342 5916 8780 11137 6887 535 1414 11592 7063 6580 11842 59 3831 61 3390 9697 11978 8335 2590 747 11040 881 8506 9962 525 3689 5892 1375 5336 7633 4030 4026 9855 8919 3882 11771 2937 1989 5342 2247 607 4318 11029 228 2754 5328 5780 7095 8762 2614 4257 9534 403 2025 3328 8600 11972 10885 7712 4822 5096 5972 11989 6988 5847 250 270 8653 1339 10041 2005 9856 2213 6522 11762 7404 8502 6516 2970 3395 5142 3366 4118 5450 5527 3178 6162 1588 9904 3246 4663 9435 396 4965 2684 7494 3560 8210 248 7227 150 7911 2453 10267 1616 9639 7989 11208 9000 6998 11417 5758 1383 599 3120 8931 11240 6895 2645 5395 9264 6701 1056 2682 3150 251 2701 5882 5187 11616 1022 3816 3999 6179 11138 6846 5381 4701 1832 4287 10334 10123 7165 2515 5940 11034 8957 9226 10398 587 7183 8046 6429 3015 4023 2226 5665 9327 573 7604 7238 2345 1870 1908 6359 8982 1585 3707 8218 6006 7498 4405 6176 32 3653 4840 2059 11150 10094 11162 5194 3820 7505 10737 5811 604 4812 4171 6096 2984 6456 5970 732 7686 1617 7258 491 4022 3312 7331 78 2226 560 8818 5434 10877 8127 7249 10839 6419 852 3563 4425 5656 7455 11891 5742 10115 11906 10678 1948 10073 6639 6114 11577 2497 3432 10892 8837 8848 10560 10211 2263 8961 5529 5409 704 2201 4548 10497 6332 2625 6571 6066 1376 7866 5042 1875 10077 11001 2252 10783 4589 8806 1026 11285 1701 5361 5539 4685 11713 4286 9223 8197 1924 1127 7699 6042 5125 11694 9067 3575 8893 11661 7780 5260 2271 515 2261 1935 10449 8299 2726 9806 11052 5155 6178 6118 4528 3290 11630 7108 3529 6974 2945 2208 2617 34 3540 5688 3133 3565 253 8627 4429 8145 11233 3046 8770 2882 9405 4222 7987 5128 7037 3054 2200 11480 3892 8421 10522 6284 5006 7416 4256 10331 9601 8287 1493 5458 8722 10958 7386 9980 1700 9955 8178 8168 1585 5220 3626 5898 4806 8264 11255 11147 6563 5105 3318 5831 7442 9437 385 6663 7146 8593 2824 4582 10581 3579 7614 4672 10653 8128 2987 4801 11839 7555 10981 3031 7116 1489 9471 10049 9312 11108 2161 9050 5035 9734 10679 5683 11 2386 5170 9202 7800 11448 992 10743 5950 6135 3187 5805 2279 8446 831 3592 3278 368 5145 6997 9051 6604 1799 2441 11045 7411 770 4902 6163 6574 5417 9957 2622 8640 8599 10041 6685 2887 542 9823 10011 8996 3976 806 2144 10053 9272 9912 11919 10204 9788 5442 3693 10892 10432 5880 521 826 9594 4207 2427 1122 10727 4834 10299 5131 4065 9075 2309 6485 3090 1716 680 8514 690 7434 9125 1905 7131 8098 7633 3992 4818 11925 7868 3392 116 2517 9119 5051 884 4704 7424 1605 7981 10887 9987 3788 8075 7676 10051 3696 6122 2502 6392 9148 9135 2667 3449 10422 10815 10556 466 10787 2204 8467 50 5744 486 10846 4991 6577 4842 390 5657 11476 9935 2429 1061 3819 5637 5826 5822 6571 3945 3443 9585 7621 2222 11596 1357 6371 3585 5990 1041 7433 10373 6616 10686 3584 961 165 2062 11553 3950 6509 5447 2495 1293 383 10005 1556 1884 7702 10105 5665 5259 7912 9663 11386 5243 10241 458 6521 11557 8520 6389 2486 3425 439 10546 5278 10147 7326 11025 11579 9452 4266 2049 6876 11850 5954 2540 8526 1713 3250 4224 477 8185 10544 2560 4477 2632 531 6256 9677 3561 9185 10407 3860 11659 1559 10167 3918 10070 5496 5096 9029 10813 4971 663 10282 4183 4674 2186 8902 4364 3154 5395 8537 1515 8049 7079 2538 9714 9404 2527 9973 8044 4154 10239 7713 2851 192 1792 9056 1035 6543 6215 4146 7544 4844 9308 10462 7322 3470 8633 7189 8878 2476 1769 928 3661 7843 800 3647 9265 962 1767 3135 497 11903 11815 6946 1058 4591 5053 4727 7983 1800 10981 7553 3297 2426 4452 7993 1982 8789 2365 7774 706 10280 11401 7124 3926 1789 8537 3448 7106 9414 2679 8808 3432 4236 10328 4526 1951 3331 4346 2010 7241 8127 5964 9849 8551 4678 3912 8692 6288 1325 8786 11897 11405 6771 7915 5144 6437 2291 5146 7407 7008 2331 10000 8802 9189 5374 2515 10581 6656 378 11099 9805 11613 3903 4891 11450 4883 11689 662 2493 6539 8733 5102 545 2946 7438 11652 1473 250 8238 4180 5943 9426 557 7726 10856 2263 10781 9390 3365 3706 1791 2803 2286 7806 618 6335 9917 8147 10612 1674 6302 427 567 10925 4395 9129 6169 11893 7044 8137 11709 1376 3858 8535 8520 6430 3333 9362 7210 2911 261 1829 9426 8155 3707 8997 7830 6583 9740 1805 8516 5651 5338 4478 1101 9782 8870 5507 4385 6042 1100 7209 7794 9221 11729 9706 9796 11991 9518 8796 2432 5284 6336 7565 4853 11629 1649 1554 3809 7953 9259 3112 1911 11114 6929 10535 10387 11653 6394 5949 4764 8600 6996 4469 9137 8013 1439 10318 10945 3930 9662 6405 5757 4066 6626 188 7276 11489 11911 5875 6543 6027 9990 3931 5935 1512 830 1061 3614 1810 4188 1888 3563 6902 10857 5424 423 2509 320 6552 9926 6202 6453 5968 10392 6437 11816 11798 3234 4786 1617 8352 7433 8014 64 3854 11601 10459 2558 11222 5542 6699 2252 817 9051 8574 8885 4079 6191 4966 9318 4522 1063 10663 7613 7760 707 11020 8513 3710 8943 10870 72 5856 1597 10580 1744 8117 2649 11323 1530 4599 7831 1938 704 11116 11405 5649 5274 6355 6362 1667 4127 4590 11981 99 1552 10840 1509 5131 1515 6364 4693 4348 8947 124 7459 4995 1128 5752 1916 5693 3266 6368 6985 7534 5378 10505 10339 10233 723 4159 361 11829 5895 5918 1256 11619 3180 3974 6228 4234 11615 905 2297 6312 1186 7321 9170 2519 10294 122 7035 7985 2779 4247 5568 8332 5538 4069 11124 7003 508 8863 7901 11892 10173 1062 9913 10977 4598 7722 2374 9470 1009 6162 11831 7787 7753 9339 3480 3531 4567 3975 7384 9226 4815 6235 5190 2591 10554 11426 4652 10478 5036 9505 11264 2221 10577 10991 7107 4220 64 8711 2282 6930 4152 5748 3880 6795 4711 7026 6859 860 10412 8558 4665 4807 4156 6090 4627 800 6074 11518 9695 2124 9954 2210 6452 8426 2573 3598 2673 5352 1494 7956 690 8534 7341 9539 7629 11887 9723 11122 10107 6077 4352 9093 5204 3920 6585 10830 3351 10356 7021 7408 7797 117 11867 3636 1779 9815 4173 2487 8314 7036 7727 4348 4221 2701 10442 6744 9920 10576 4541 5585 11363 6620 9488 5281 10482 7262 8689 5741 5861 1085 10231 11536 10462 11320 2845 5293 6189 11356 10107 1752 4134 10806 4271 2020 5771 8833 11835 6432 7770 2405 9871 4037 3769 1651 10125 7638 10794 8221 824 170 4059 9471 2783 4034 217 11402 3831 5735 6722 259 2626 8151 9235 1353 2805 11642 1991 1551 764 4797 2045 7853 125 2864 6916 8923 3806 3492 11739 2489 11280 9214 6438 10835 4270 10006 6719 1550 754 7906 11717 11208 9004 346 2052 11002 6470 5114 7878 6485 8830 9491 3145 10962 10025 11904 8734 4560 939 3045 7367 8359 11061 1573 11558 3188 623 8314 3731 8169 897 5239 9849 3238 3437 1643 9008 8947 7380 8539 5510 64 2193 8402 11170 6121 682 9679 537 5401 9703 4561 6851 10864 11542 2061 3752 6004 714 11042 7403 10766 8476 11997 7264 2707 10934 2737 4764 6246 6182 8568 6877 11326 2585 6209 1852 8068 10011 4828 4933 7018 909 38 1586 11320 9410 5990 4609 7453 8573 9269 10138 5872 10023 11155 2295 9716 8359 8295 3221 5341 7346 9462 6835 6262 2634 9349 11714 590 1193 10078 5864 4003 5689 9233 11366 4469 10510 7414 6624 2949 7909 9598 6715 6361 2121 10522 5528 3950 6355 5493 10885 7547 10825 6771 11503 2603 4919 6805 6286 8147 6659 10089 4735 11699 1834 4749 5795 1204 1222 1248 10029 7131 7979 1947 9037 9203 10128 3495 7612 11012 3475 7172 11551 3508 3546 4963 707 11373 2659 1605 10079 7551 9351 6683 4141 5058 4113 6794 2595 2399 4432 10566 6372 971 3401 9548 7375 5390 7891 5435 7898 11071 9573 8963 7789 10392 6937 10606 1474 7357 3575 939 2587 7296 1053 2841 10998 6988 4842 11438 270 9941 4568 10444 4192 9516 11649 9449 10500 11878 5091 8027 7708 3382 10084 5085 5061 4238 1293 868 7729 4745 1239 5577 2030 1801 584 6148 11833 1754 6172 10389 3920 6383 11191 8994 9258 181 9137 6084 5691 2145 9184 10091 7532 2795 9385 10629 7687 11184 2730 8263 5195 866 3913 1180 1911 1281 11022 8825 3503 8684 11069 5318 117 7606 3779 1059 10522 10103 4233 9743 7878 9781 6306 7971 1184 395 9405 2454 2360 9390 9002 9532 6965 9645 3445 6065 6209 1679 9286 3148 10914 9597 2228 5437 9706 2290 7157 1431 4920 6972 5700 11904 1567 3736 1424 2008 693 3293 894 829 6614 11980 5426 7930 5250 495 1610 4000 11269 1161 3951 10939 284 10560 10289 860 7209 8727 772 6834 9805 4955 2910 11616 9296 2659 1948 1724 4443 8334 2158 8859 9724 11453 4033 10793 10523 9063 5823 3250 9987 6709 787 5217 2058 10368 11683 10295 555 10353 4391 9813 268 2905 7916 11434 11100 4771 10452 7975 9327 248 6740 9674 8282 11827 9186 10069 6964 9399 5275 1089 10656 11536 4216 5466 1831 9611 519 823 3123 1885 6679 5625 7381 1487 4667 4146 641 7057 9740 9575 10751 7453 5955 11862 1369 7544 5365 7001 1417 1013 611 9093 4101 10682 5948 9451 3549 2612 206 5550 7949 64 6922 2293 1615 7968 1559 6396 9735 3482 729 2081 1240 10687 8287 10927 5702 5266 3358 7014 5568 10509 11808 9604 6820 5030 9983 1035 11054 404 8887 7991 11581 10067 8947 6537 7731 4185 4681 7009 9264 4009 7214 5455 1806 7272 79 9810 7036 8031 2624 2392 10166 11901 3127 5659 2864 10427 4371 10703 7432 6936 11003 533 11229 11247 11365 5389 2320 7379 1430 9016 9475 9567 10314 6467 3392 8543 8737 7165 4805 11117 8898 5983 7850 10367 4934 10746 950 506 221 5833 8540 11612 9643 10555 2484 9904 1022 1807 11039 4941 4847 7797 7196 10582 1906 3671 2482 10882 11682 9067 9660 5275 4569 6978 1573 2627 1795 8453 1596 8089 3317 9378 8716 8482 8187 1150 1455 5080 1923 8846 3270 951 7205 7222 7518 6881 5804 964 3021 7761 7827 9757 2149 8358 2995 6935 7997 8710 6684 7044 10690 10049 10177 7350 525 2610 2764 11544 2521 8760 1645 10861 8996 9033 3623 11821 7058 5876 7460 6837 4113 1447 8621 3011 9160 526 7621 3218 3675 10503 6072 2482 7330 8340 4290 7907 10130 1056 11417 6573 10613 10149 6337 10201 5609 8157 1080 7920 9715 11508 7922 1573 1363 2835 11948 8034 9296 4979 6001 11598 2667 2617 8540 7241 8719 9867 5097 7512 3663 7350 6725 8988 9446 9606 9128 1811 9628 7326 8845 1134 7172 1984 10 5436 5224 7027 807 9628 10426 7420 11393 11857 4270 769 1902 10384 10636 7897 3204 2623 11159 5224 2241 6011 6321 7892 9816 10272 1265 6804 10263 5107 4987 7904 6072 10452 8382 7836 7195 6455 7035 6760 2831 7370 3011 6663 1461 1537 5035 2006 1085 9611 8752 2811 11969 3164 13 10570 3995 4195 3822 5847 6563 3568 10190 1030 4902 6728 5147 1189 7208 3746 10257 1820 11534 2580 5833 5384 11361 8272 6980 6538 5978 4089 2871 8042 2451 3334 4238 3996 6264 9360 438 8158 7913 10446 7237 7789 11117 8953 10236 7570 727 4212 9457 11105 7167 4889 10145 11770 360 9229 5222 281 8357 7481 11376 2763 10265 8432 11563 10856 3058 7631 7866 1718 6960 11558 8749 7440 1796 3248 9784 6168 9356 4097 1053 11177 206 10867 2752 2390 5113 9407 2074 1974 5366 728 10981 9667 7056 7854 4415 11342 11710 3738 10543 1550 6434 10699 3519 11093 5392 11584 248 3783 2980 6203 9928 10917 6387 8184 6383 828 1689 8341 4811 4711 4255 1439 10962 10605 11020 9879 11680 10383 4577 1741 4585 2454 11405 1258 7389 3152 157 4007 11361 1184 3398 3427 9250 8718 312 7905 59 5379 10384 9194 7779 10407 6092 7675 11349 4762 6262 3866 2074 1964 7246 3257 1116 1125 8609 11283 814 1522 4785 3257 1462 10139 281 10178 7649 7058 10324 8819 4903 5176 6303 93 6663 6352 206 7921 552 233 4793 7916 4842 6779 11953 2028 7511 9891 9890 3937 2981 3082 3931 6956 3876 287 11109 6304 2080 11542 2386 5360 7550 4157 7356 142 9577 10002 6343 8175 5572 1717 652 6823 10272 7491 749 10354 9258 5059 4268 752 1217 6672 5124 6241 8975 5298 8066 6790 6086 6714 9783 2808 2891 2165 5019 3725 7576 6857 1517 10628 939 6514 3190 10335 7761 3252 8349 10665 3557 4788 213 3621 448 7656 5820 3646 10395 5657 1567 8099 3028 7071 6500 4540 3926 1611 10522 5824 11423 11214 4846 2973 5107 931 2969 9127 10749 9888 10307 8818 4104 6961 5402 11989 1168 795 11627 6766 6042 6849 8912 3332 7122 1755 9361 7729 5849 7637 3397 5666 8934 6490 9048 8750 5047 4671 9330 4315 10142 6657 7327 5918 3496 9536 9389 10566 456 5615 11932 10951 3725 9049 11734 10455 10257 8810 3281 1802 7083 11584 2605 6937 11616 5690 585 3691 1939 11358 2159 2001 1262 10461 3733 11188 11361 6234 1153 9361 11849 2980 11143 9859 11174 967 3700 9694 7565 910 9705 11730 8464 9384 9170 10319 2681 4323 820 1139 9917 5743 5222 426 2887 6633 761 3491 5172 4080 7061 10705 10292 2333 2735 520 2878 3122 8199 1507 5042 7457 11188 1486 1864 9997 10729 5598 9618 2369 1107 11576 5331 6147 8723 488 2790 10849 2515 193 1113 7736 9859 7082 4424 2901 5551 8446 11797 5617 10241 6681 1096 5883 6586 5633 541 4035 1568 1976 7250 6635 2931 9886 6730 7836 11037 8446 6753 6390 7661 11546 9195 4865 5010 11543 371 1337 4064 8366 3427 2279 11731 9305 6938 9481 3831 8862 5322 4682 116 9036 8664 3260 4792 8597 5326 7207 7187 6139 3473 915 4761 3544 1055 9700 3828 8329 11059 5664 9648 2098 2504 4542 10324 5240 4185 9587 4847 8748 575 9369 5626 8513 8253 11969 3470 4090 8050 10250 6144 11344 5569 2079 1972 7262 6 1234 11506 7637 1234 6896 5765 8523 3863 7644 8082 7721 11858 8993 7001 4183 6718 8038 7328 1035 1875 877 2558 2934 9867 6386 3137 4499 7259 3722 4742 2753 2585 10019 11053 7661 5424 5090 591 7681 10015 557 4462 7101 9097 275 8390 7759 7137 4734 1836 1436 6067 9392 3229 4896 8574 996 2856 7160 3595 8258 10914 4044 6425 10835 8784 2455 1594 11998 6345 351 4448 8326 4187 3982 998 4022 3122 10085 1734 6035 8412 8891 283 10109 9508 7597 6725 9276 4324 9928 8165 1347 6257 5991 4210 8287 9240 8668 5224 7768 4836 10544 3231 6280 10752 3747 2103 9673 1142 1008 186 10782 4033 11923 4832 4869 8463 5726 1364 4701 1463 7778 11924 2773 8183 7040 4167 5827 11720 9522 1864 404 11823 11614 6137 5718 7773 7321 6193 1275 1124 9770 4101 11390 4300 11453 4863 5301 782 11541 8221 596 10675 11663 7105 9162 7541 31 112 11993 11947 8843 45 8253 6303 10445 5050 71 8567 4041 10790 6819 11323 3262 7352 5200 3532 9679 10321 4921 3940 11908 11996 5247 4036 567 2975 6879 3320 6006 11938 11199 8182 8072 9361 1491 4827 1718 1952 7540 2269 2327 350 11226 3330 9135 8596 1142 10166 1753 3827 7698 10846 37 120 8035 4778 8499 2223 10418 6429 6625 8722 2646 3637 8919 11884 1630 11349 975 4237 10718 7369 11239 3414 10928 1038 6350 2183 2573 2487 11741 2423 3821 7339 5420 2865 9656 7970 3789 4287 8879 3228 7612 5909 6980 6255 4682 414 6783 8132 3116 3332 7368 11152 3719 5479 11638 11564 132 11862 686 687 3649 11021 4130 5208 6059 1203 1856 6992 9319 6402 3887 836 972 8093 11903 8144 11983 2946 11142 8152 4332 5748 3399 3434 5055 7316 4164 6782 3772 4640 3884 3936 5985 9777 130 10344 3190 201 3515 597 10438 4264 11034 852 7536 6733 9583 10579 1462 166 5532 3984 4191 3102 1560 9764 684 7905 5216 8726 3622 7412 5271 5745 6518 8600 2321 2081 1616 4560 7255 4052 6366 2469 9468 2438 3408 11400 10 4244 8161 7583 11095 3879 1067 11647 10961 967 3789 956 5432 9839 10897 586 3354 3570 10664 7323 10028 9741 8444 8382 2343 8637 3161 3395 7810 1605 5162 11049 7673 8924 7828 1674 2976 4643 10747 5339 9914 8729 6875 5375 9532 4271 2814 2307 8891 484 5774 6131 7332 10117 6926 11645 10864 11831 11663 9061 9704 1537 8319 2052 5649 8865 3116 4505 11104 5928 11919 748 3737 352 4090 622 4338 5704 3013 3320 1144 2886 7294 8623 11298 10388 2586 6255 11742 11344 11827 9977 9141 3730 4886 6358 1215 9468 5526 10291 9430 2403 5365 1118 1403 1010 2163 260 6178 8600 9946 7588 1790 2137 7942 392 9557 9330 7520 9510 1517 8318 10448 11443 3831 480 2492 11755 3489 4614 1467 5054 10259 7924 8688 8660 7939 653 5715 7452 5048 1561 3409 1263 269 4035 6825 5139 6395 5322 303 9919 6494 9677 8101 7882 7029 1044 11487 10975 688 3574 11354 8244 8956 3618 538 6445 6732 1986 3108 1468 8347 1461 2197 1853 10737 593 2054 10814 10636 3330 2362 3452 9790 5868 11968 9560 8171 6730 2511 9545 4664 10499 4144 3925 3481 4853 1831 1171 3422 1822 6902 10648 5210 9422 11168 6119 5000 911 1353 10647 5608 8647 9464 11819 3385 2003 8765 10829 5062 942 5716 3779 8389 10864 9068 1915 9884 8434 7931 2308 4528 8183 7027 9938 6954 6414 11444 11875 9388 7035 10724 4148 6812 9394 1228 3631 11464 7682 4151 4427 3310 4037 11326 3536 2432 8720 10145 11738 10454 9950 9650 3307 10879 5884 10996 8764 873 6010 5100 5465 2871 8306 11001 9715 1886 6684 4030 3892 4318 7690 10655 10673 764 7370 289 43 11754 512 3890 8401 1324 4503 1687 11962 9255 1850 2941 6854 5169 8192 4983 5220 7565 10708 4053 6482 6831 10795 1629 7337 11983 9969 4236 2501 8823 9884 5161 5826 9092 8126 4253 8914 1299 6141 850 5814 3403 10154 7228 9646 1115 4345 11186 2149 3465 1617 9916 2947 3206 4084 11841 5510 10458 8766 818 11675 3435 9238 2913 8734 9907 8740 1298 6677 7448 10732 4061 4169 33 7092 2919 10141 1720 11546 6645 4093 3526 7714 4003 3894 5615 9414 7022 11784 2751 9331 11667 4043 6033 5100 10215 11676 3351 11292 11351 8247 10925 7114 7432 3017 11913 7353 6211 5607 6438 1109 8849 9667 5293 7962 9113 5221 4303 249 201 11887 4419 2619 9614 11498 10189 1059 7141 7577 4967 559 7325 5617 7501 10946 1970 6690 8939 8753 9205 5615 11163 10819 5622 39 11313 1655 8354 7337 2232 8117 3494 1068 8623 5273 3977 1634 9266 1410 6588 10472 2625 3042 7535 11834 11434 4511 7706 10046 9285 4033 2852 10077 3494 4618 1256 9012 5409 7177 1234 8227 5451 1897 1007 476 9830 6076 4779 5237 6637 2081 8437 2503 8435 8349 8142 732 64 7095 8869 5729 11870 7024 2915 9526 6369 950 8890 6155 778 6089 7160 1350 2204 1957 9682 6644 10738 7980 7298 3922 997 3796 4146 9222 6642 9908 8006 698 11414 6395 9187 4246 1828 10526 600 4470 881 3913 5443 11085 8048 5703 5844 11712 10964 8702 4847 4139 3707 9182 2775 4101 2 6453 5461 2107 9168 9060 4753 11972 11108 1132 473 7823 6407 11999 7211 8918 2683 8019 471 6167 92 8905 9991 2779 7351 2968 2427 4246 7490 7112 3830 3396 5458 6860 8860 1891 5852 1582 6761 11407 5356 6461 10013 1818 8264 1572 5902 8063 7678 10753 10520 3831 10048 839 935 10393 1949 892 7913 5438 8930 11843 8317 7415 9584 4162 902 4365 6205 4555 6633 917 6378 10437 4903 8971 10455 10821 2891 11100 8009 4149 299 11309 1252 1990 6172 7438 10186 721 3627 8910 11938 7262 6496 10593 10179 4955 7977 2146 2107 2170 1759 6879 3668 11745 974 11765 3750 1794 6208 3839 11403 6884 11412 8005 5745 10618 241 4704 11576 4732 5753 4467 6624 6607 1954 2167 2235 5953 9272 661 9409 11802 9585 1893 7417 1285 6055 11842 9021 4380 2459 8204 7476 7148 5261 6671 6106 4812 6646 2371 5821 7954 6947 3728 10890 7281 4583 921 5064 9353 11940 8557 6748 10516 11797 6260 97 4535 11618 1313 2325 10390 9029 3157 5589 4080 7186 8970 9531 965 11004 11391 11247 9835 527 5531 1329 5872 5306 4685 4454 11306 1387 5593 1328 7656 3517 3895 11298 3003 4626 3101 10846 6445 775 6892 7745 1527 953 8285 1128 7271 4123 399 7502 2393 4113 11558 1164 10823 2653 7579 4586 6592 4693 8209 7463 11307 1073 6856 5525 75 10004 2405 10123 7856 4751 6849 7459 10276 5627 8338 424 7348 8980 7280 2754 4594 2350 7177 7748 657 6383 7577 3793 7222 857 11191 4548 11898 8200 1071 6349 4796 165 113 4753 10717 5995 11038 6278 1426 7883 11361 1829 6121 2999 1339 359 11196 11424 8008 4587 5745 2150 8717 2047 5979 6322 9774 8514 732 1326 6779 9804 1592 11766 3767 8562 8887 5959 3496 5444 6728 104 5159 7441 665 6942 4847 2592 9474 10421 7661 5923 2087 5326 1264 10451 5068 7804 2074 3306 7627 7500 82 750 7722 8982 1051 1860 7263 1586 1102 6356 4884 11341 10617 338 7700 9056 10213 5379 4731 11879 5223 10106 1637 1417 6083 1927 6177 3385 3527 5820 8305 327 746 7672 6120 7743 7270 10174 10093 6867 7227 9034 8208 5968 9544 3565 522 3361 6759 5345 2418 10508 8225 5334 4120 4558 6019 7935 8637 4815 2460 844 7886 718 4480 2451 1218 9884 8394 9802 1889 8483 2897 2307 8531 11769 8569 7813 1092 4900 7166 8770 6713 7750 3556 2980 8777 4745 893 11798 721 6182 8157 5498 2280 11756 4614 5645 10814 1498 5720 11 2418 5777 4498 5569 10785 1335 5824 2532 9225 9267 2680 10808 4666 191 7214 10278 3180 7894 9970 2527 3137 9867 9053 3409 3330 5976 1580 6243 10469 1776 500 3397 7247 6039 10225 468 8402 1579 5200 7018 9605 218 4000 1841 1563 3687 1240 11251 10856 2938 6407 11599 830 10916 2441 991 10335 6727 7451 1087 11666 4238 10716 2686 2115 7039 11892 4326 1841 2639 9546 5267 3928 11547 5378 5631 8263 7306 7725 211 6899 9753 8606 9602 4185 1251 3103 10654 9025 6538 11785 2380 766 11585 9859 9802 3311 6575 5589 1313 306 4057 2028 4516 1356 4479 5965 1222 10540 353 9772 1049 4238 45 10874 9718 2801 6766 2630 3358 837 6010 4322 4526 11061 5071 575 9267 3409 10963 2800 8677 2665 10735 3584 1054 4510 4652 10370 7732 311 2152 4554 2203 10835 10349 3845 10803 11455 10962 2301 9396 11195 9136 4468 6641 1912 7133 4174 6513 249 894 9778 8990 8648 7022 8025 7727 3627 10566 8209 11002 1878 7644 1817 2519 3124 3005 11502 7552 4557 3169 11428 154 6962 7655 657 3288 10131 3745 9359 1157 9085 1052 3241 3341 5859 526 5679 7593 2056 4583 9477 5662 10461 1973 11162 3638 8066 7382 3866 4423 3262 8553 5489 11679 1192 1250 10790 7145 10337 651 9806 9453 4442 4364 5078 10070 6741 9219 3613 10740 3712 4003 4748 4252 3820 5281 9974 4246 739 3141 7049 7749 9675 2679 619 2513 3778 2382 11718 1764 10255 7574 4355 4122 2502 6184 4257 8206 8125 6279 4359 8737 6951 7913 8042 5424 5389 11115 3004 1142 4130 3516 4276 2244 214 11563 5406 3268 3636 1021 11921 2967 5261 8657 10087 2779 5332 9221 8481 5694 9716 4254 1763 2003 2405 10321 10231 10241 9400 4907 689 9659 5072 1416 6424 3223 8356 9604 11814 9553 11467 10922 818 7475 7008 9955 9979 10483 10860 5765 3613 9567 9323 11739 296 10203 7642 9666 1915 4696 6293 3264 1591 644 9045 2434 7340 5383 5173 7675 10360 709 8280 10416 10870 2643 5954 11935 3543 11322 7080 4756 5938 5096 2272 4593 6889 8849 7269 2647 3039 7973 9029 4012 10816 10588 5514 2112 8608 2356 2911 7164 2086 9307 884 6653 6164 766 6797 9501 7370 11907 2245 10167 9546 9644 8790 10684 442 317 4250 3741 587 117 4466 2230 8858 11502 8859 6053 8010 9056 2981 2215 6794 7476 2700 1821 3222 3961 8759 3099 9866 9250 4912 11037 11298 11165 11782 2015 8651 5133 4991 10506 641 10283 10948 10812 903 9137 819 4274 3041 5863 9001 6989 11076 9657 802 2832 532 152 7633 11276 3023 7022 9957 2652 10268 7365 1194 3804 4097 11546 1176 10135 2123 8031 3646 2900 10477 11843 5007 7687 2158 10507 11251 7433 3884 1366 7862 9017 9161 543 4631 9716 1262 1857 1180 4058 2393 10602 7494 11781 9163 1003 125 792 9241 8267 9714 10205 8346 2268 7885 8449 6517 6523 5987 5024 11672 289 5255 4728 1294 10464 7683 9438 10227 6477 5526 4980 4064 11782 4854 7786 4656 10984 4724 2244 2654 7267 11757 11892 11501 10247 7838 5214 8289 1834 5935 7493 5197 565 4149 1618 2359 9121 4021 5718 10571 3782 1318 5735 10515 6724 10121 4231 947 847 2984 11549 5998 8815 5224 1325 2522 4309 10193 10795 10762 9661 3395 7661 6028 11635 327 2634 2936 6130 1618 93 8341 7794 5759 11121 8522 859 1592 9008 10809 3607 1664 5596 4457 9412 10678 2718 9684 10591 9497 99 3582 869 11733 6044 10223 4727 2364 7647 8713 6869 10905 3075 10006 50 11418 122 4849 93 6155 5554 10679 10718 4996 5219 7106 3710 8716 2502 2142 10547 8698 7265 2212 11824 9219 2791 11904 5981 11077 2480 4115 347 6718 4627 7227 8717 5738 10060 10144 11508 11162 491 6960 5895 5933 7537 7219 11216 1441 9540 4244 9678 3101 3528 5234 7834 10648 3893 4992 1689 574 6622 4957 8067 11673 895 5555 4809 10807 4079 3573 881 11478 731 7652 10937 8996 8949 129 6578 10152 8473 7012 4410 9926 9068 7091 8793 10173 7366 6881 2178 3907 8016 2143 829 6252 10719 4899 1417 4016 1477 5592 4852 5473 10840 9998 4760 10847 3567 5258 4210 409 6401 157 9433 1486 8938 7555 4847 3202 11511 3707 9270 10039 6949 2576 11692 9820 272 9286 1315 10433 9050 6190 4224 7266 4420 4125 8388 3648 2090 10554 10813 10565 3823 6704 8822 10282 431 3055 4505 7326 9718 5818 116 6190 5713 9719 4130 3707 9552 6308 7697 10530 5363 2821 889 741 9446 8302 2637 3955 2133 11439 11235 5818 550 7526 6741 615 7880 1249 6714 7369 7760 6638 10058 5954 6201 11257 2773 10261 5092 10738 11734 9545 1186 2635 6669 2558 9468 2051 8909 9654 1460 9646 2742 3098 242 4167 2308 7305 4474 2888 258 7122 5631 11915 3298 2914 940 11828 8659 2587 9075 10409 11567 4724 8479 7139 5963 10079 3099 8347 8185 11555 6885 6180 10031 228 1653 11204 11756 6899 1453 9516 962 685 5553 3502 11343 6643 4197 11270 997 1291 4446 11339 293 11921 4558 1440 755 1086 7265 5259 5547 5363 4460 10070 11343 7232 9700 9822 9532 2410 9093 8209 9570 9283 8385 11753 4727 4610 10688 2386 4680 10080 81 5807 2538 4591 467 797 7465 5416 11342 8749 11545 6961 262 10076 9078 30 9416 8535 6258 2817 793 2232 296 4770 6709 1358 4283 1614 633 3048 10361 9139 8169 1629 2723 1904 5022 960 8973 5194 7362 7432 10253 811 5651 11741 10253 10122 3429 8641 8687 7241 3257 11944 3233 8526 2386 66 2386 8784 4694 11384 11198 5580 7663 11757 11779 7404 2213 4956 8987 7477 11702 3257 717 7599 5307 10799 4039 6899 8363 4148 4986 6780 1749 5573 11728 549 5039 1748 3211 1861 4597 4304 5820 687 4195 1976 11811 5261 10759 1921 3578 2937 2626 6798 8353 241 11935 11035 5071 649 5951 8244 10811 10585 11233 11323 9498 3808 7445 5481 10053 4367 11224 3757 695 7296 1679 6511 7368 262 6363 10791 4475 8136 4314 11544 7647 2168 8128 3391 692 9280 9700 7906 5808 2736 6687 289 8977 10166 5794 2581 6036 6221 10559 8350 1034 8411 5325 350 1210 4154 11496 11384 7663 6688 10589 11049 4964 5220 4560 11833 3282 7257 8577 6211 7138 8602 9482 9244 8708 8715 4847 10958 2935 9489 3132 3678 5793 322 6205 329 7350 8298 1856 11622 5619 5452 6847 4454 7553 3427 1712 6538 1281 5717 9613 1522 6354 10096 3395 2150 5829 3477 467 11914 6317 4399 7516 5762 5481 11892 2397 5450 4991 10234 7987 1984 796 5793 1485 293 5825 10162 206 11845 8308 8106 6965 3573 4834 2228 6053 5314 150 3284 2511 9594 8110 7370 5218 1697 11308 1975 7071 7191 3863 285 3251 9573 2592 8806 1902 3947 5778 7256 6671 4247 1254 1403 2783 8253 11629 9642 10878 9616 1974 7860 8641 3062 3883 4960 4983 6993 6393 9670 66 829 8230 2450 8430 2843 11991 11653 4838 2253 4744 6258 1825 1888 6967 8914 220 5713 2265 10498 8989 8451 9498 7685 9452 5512 10340 1426 8060 9721 4017 2310 2580 9415 3951 10144 5066 4408 7041 5455 11629 6187 4051 11983 1895 10478 606 3900 4123 7823 7689 9696 8046 3551 7305 11482 10027 8603 7563 362 10567 5846 8102 8219 1543 1671 11403 7416 11805 9229 4033 9276 8116 7884 1128 2563 9610 2547 4597 7926 6422 7405 10020 1155 9825 85 2101 9073 2116 2091 10836 6684 2908 3897 9207 2581 3844 9674 214 1234 3689 511 6016 508 10778 4591 152 3642 1881 618 6769 7832 2676 4977 783 400 6681 4250 4375 1622 2277 169 10967 1845 1885 4288 2306 4844 5470 6040 11005 5434 5833 4505 1345 7992 2726 10293 1082 4414 1560 7330 981 328 7417 9805 6182 3557 657 9316 7117 8791 11843 399 6061 5669 9463 6226 8556 2898 2652 8168 11881 4911 3597 7545 4969 9434 9514 821 3185 7706 3983 11244 8494 7667 7776 1237 582 11581 5116 9591 1294 9264 1432 2842 6213 1384 1395 11212 7544 7935 7858 10674 666 7729 8918 1038 775 3219 4310 8003 5728 5113 4009 7177 7188 10442 634 2768 7164 9723 4233 6811 9254 10947 8004 5897 10321 2279 10093 11398 1912 361 7266 9507 7001 1393 6466 11687 2058 6850 4697 857 9413 4933 10885 7141 7255 8693 8749 8074 2287 4680 4593 6185 5994 9890 618 7362 918 9431 11816 3316 7666 11262 3600 414 1064 10299 1903 5664 2834 10077 7309 6026 11680 4494 11148 10833 11565 7022 8178 2857 7975 9143 8879 5054 9402 539 8733 11634 4328 6683 10712 6851 11618 4538 845 7665 247 9232 4291 7948 3546 5428 70 6154 6650 5194 4704 6990 2560 2705 1071 11271 2196 4232 307 5886 1418 4524 9533 8315 4459 3766 3194 10574 325 680 185 8758 8158 4885 8548 4300 5315 534 6157 2169 11939 2092 11791 869 11933 1998 8248 8670 1741 27 7623 8138 7315 957 6007 2668 10228 9162 11414 4050 8669 7271 5541 11963 8753 87 1505 1234 3511 4833 11494 9789 6532 514 6134 7278 8519 5354 10130 4779 7502 4076 2395 5638 2849 378 240 10241 3763 9644 1109 594 5336 3754 3249 8222 2857 990 1639 1885 3514 2528 2225 8028 11733 11401 6210 818 6269 3859 5422 5788 8077 2859 8292 9161 8371 6023 8283 4051 7806 7192 8110 2947 3310 7494 10737 4468 925 133 4144 695 47 2778 8187 10486 1560 2927 11549 11639 6103 3956 3954 7738 5442 11071 5119 9737 11651 9103 11300 3886 3279 2515 1035 10783 6001 10264 2674 10432 2543 8327 1406 11702 8021 2391 9846 1543 1257 508 7520 8070 1510 9883 8567 9624 10808 2885 10885 1710 429 9911 950 6095 849 4744 10084 2635 978 11295 9827 492 857 7548 7559 1798 3962 7892 124 5364 10921 5021 6187 8268 159 165 1592 8569 4271 190 11206 10056 10603 8300 6838 6809 11294 6641 1730 208 4918 10542 11597 2321 3399 7900 9435 8503 7189 7016 6357 8208 7476 1429 7545 4007 8435 6404 64 1585 7741 8693 2422 478 9763 10292 1526 8054 7361 5022 88 10670 5549 10868 1972 7546 9271 4739 3862 4633 643 11265 972 6166 7879 8001 10997 10700 6087 3710 1873 4140 5836 5600 1667 8885 4822 8155 8720 6274 4724 8241 10737 635 1797 8522 5772 96 6404 3400 1089 11906 11600 7827 1703 8097 2459 974 11445 4396 7535 10532 7590 5147 5488 9151 6016 11738 6686 653 4577 9034 2648 2689 5286 4087 1504 2470 7404 3279 8239 11669 583 3244 1640 5840 6457 7504 10753 9350 7107 4744 660 2589 4424 9715 1870 11550 710 11797 5718 8410 10109 6140 6157 2862 8769 4905 1778 5579 6589 3193 7437 10092 8322 10992 1807 2999 9774 11985 10879 5757 3357 10913 11731 11300 2999 1508 976 10716 10268 1980 3931 9047 4916 8147 8016 11632 476 7470 124 2056 568 5678 8857 5276 4421 3500 10620 970 10717 4420 2038 9903 6427 10271 11227 11301 11047 4724 5780 4121 4616 4442 5812 8123 8229 2737 11099 8121 11756 2615 11518 4624 880 10707 2824 8980 96 8060 2243 5055 9581 6708 6420 6114 4193 5843 8869 2101 3853 250 7369 4524 8177 11284 8246 7291 3057 5944 7098 427 2546 7585 2944 8611 3113 9593 5043 11220 11070 2114 8392 4894 628 3968 1067 9759 10626 1773 11345 5720 4218 9353 2388 9272 528 10920 5412 2835 1456 2107 3177 9306 11642 9566 9609 4476 3317 3954 6184 627 6546 2805 10661 3853 4953 10191 4361 9661 1212 3281 10755 9184 2318 2274 1481 1198 10239 4663 8902 9214 3898 9241 10601 5187 2895 6886 7620 4074 10250 8739 4303 6802 8235 7439 237 1958 6072 4713 1700 11245 6224 4971 9027 5436 6509 2125 5391 5042 5995 11413 9414 8868 3602 1254 3976 4304 7939 5181 9831 9412 2749 1459 5741 5210 7855 9679 2134 323 226 10704 3611 10330 6772 9280 185 6121 2239 8543 7797 5255 7445 8121 1608 488 6122 8637 9909 10574 8358 2382 5930 606 11309 8778 6425 6418 4279 6119 6077 8015 10814 8916 10076 2320 4853 7614 8909 9071 5505 1741 2705 10024 3752 3951 11970 5399 3218 10822 11054 2653 10602 9107 5936 4267 2019 7446 7341 9776 8664 1995 437 2259 2549 8303 1262 7016 9604 10240 5152 7674 5797 8120 464 9704 4794 8876 4898 11627 4365 11164 2922 8881 4071 3259 2968 3444 6214 9163 6289 11440 7342 7161 8482 11650 3097 8387 3960 3894 3571 6757 5962 9113 17 10953 7020 5288 3311 667 2847 3474 10581 8181 11976 11431 717 6328 114 4073 3813 1022 3924 3963 10788 6087 3761 7440 1008 2458 9796 3962 5975 5084 5782 3199 8066 11635 2715 9704 5786 6511 7675 1873 10809 8571 5752 2279 7558 3505 8026 131 5499 2752 4041 3628 2835 3444 6104 4909 2408 3123 5882 663 3676 6341 11017 6464 4741 8180 2398 1089 9620 7724 6243 8618 4592 2055 4090 9530 6788 8902 11809 10632 3819 10531 6081 6001 492 9353 11967 626 9524 8085 3665 11101 1994 6490 2566 1703 4523 4785 1445 9894 6658 890 4437 11504 3721 5142 10560 1536 8515 5712 6457 8005 6639 5860 9747 6007 5367 5181 4037 11709 11903 2202 3761 3953 1239 778 1814 5827 9672 3348 11464 8806 2491 3140 263 6044 9792 5212 134 6722 154 4862 3031 1319 351 9730 6238 1542 4283 5982 7937 5887 11310 2206 1873 929 2609 825 4393 4251 3504 4145 7382 4916 9908 95 3749 2349 7958 2154 11522 2102 11605 10475 255 1698 5094 1144 2493 2502 5691 4790 7067 1217 4423 9962 7375 3641 1440 6004 10465 11339 8301 10106 9840 972 6969 8420 9667 5942 11297 8957 4255 6835 1368 3556 7188 2802 8989 5329 7001 5770 1799 3776 11775 3070 5231 10255 1503 566 7268 10266 3412 8042 6184 10353 8526 8378 6874 1580 3515 7619 812 9032 6730 401 5073 1453 10769 6126 6107 227 7136 5530 4775 6717 8566 5885 7700 10462 10854 7250 9658 5252 2859 11213 1977 9045 831 107 4180 10463 1024 4241 6915 2781 10497 9518 4269 2310 6373 6131 8217 5058 2561 6505 5237 3485 11052 3735 5844 3385 10790 3712 10049 5353 5476 10651 9169 11730 2929 4158 4663 10123 6135 2094 5395 476 10135 10439 6797 2509 10879 7719 9947 1142 6768 7568 8563 10975 4014 1619 10450 9446 4169 9199 10907 6791 10257 7753 504 4485 802 10576 9035 2168 11303 1782 6656 2537 6214 8802 3419 7470 3147 3830 11697 2040 8705 5451 2159 7824 4425 4019 9517 579 2989 6875 11500 390 3103 35 1966 11378 5497 3694 639 9463 10816 8091 8146 8214 7438 5430 4295 773 4202 10492 2921 2362 4431 6074 11135 10840 7835 5316 3366 7183 3190 89 11809 9830 2018 11757 10180 1864 10455 11114 1248 1465 527 6417 1782 7411 11897 7212 10641 8584 1977 5000 9917 9876 4776 3080 2288 4326 91 837 6469 3639 4919 11127 164 11628 3582 291 11278 3966 11793 8633 7672 5227 3807 6716 1001 7297 8266 9602 2334 7915 6248 5129 9861 6592 988 9790 4511 3624 405 7612 768 1505 8477 7093 7659 4030 782 7464 4313 3498 7709 9428 11446 3010 8598 8450 3941 4255 9039 903 8808 3399 6862 6123 2526 6709 11337 9304 10526 4559 743 9757 5771 943 4294 4100 524 10844 11376 10669 67 5050 5719 11160 11152 9629 3538 1827 760 7894 9579 5255 1374 10160 3293 462 5368 11671 2262 11362 5655 6986 11457 4578 4905 7240 3684 9793 10168 9244 8395 4063 2478 9438 1730 10860 9252 9927 621 1440 7754 1376 10166 1500 7240 5366 8468 2080 1611 1158 3780 2444 472 11608 6857 4161 2326 3583 9846 2501 3741 1436 7829 8096 9128 3826 611 1207 5683 6148 10996 2647 1484 4857 2282 7611 4976 2103 11842 4180 396 5632 8300 8812 11284 6928 3557 516 7213 4907 7637 6195 6836 5427 10980 6506 6109 5063 4388 8696 2011 576 9784 2968 9691 11891 8299 2574 10343 8087 804 4998 9642 2245 8297 3623 6126 7168 9556 9383 9621 1550 7826 9907 9947 4856 9621 8326 4061 183 8918 10806 4178 5530 10139 2024 1316 8773 5674 8573 1709 4097 5807 431 5097 8189 8588 3434 11976 142 9736 8716 10589 11159 99 3499 9642 9293 9243 11102 7507 7448 2487 11386 2148 6705 8993 8251 7699 9801 3573 9771 8450 2513 54 5329 10705 7918 11747 11228 7017 1072 7274 392 6867 11673 8000 11971 3397 5625 5043 11989 1382 2177 7355 8667 5567 3108 3209 11694 2016 9461 4280 2796 3860 9828 2375 11321 6376 6127 3094 2001 179 2955 9782 9428 8950 591 8399 11048 2483 5961 3147 8399 8848 334 3765 122 7982 8586 10353 7266 913 167 9877 6711 517 618 7306 4726 4052 416 11308 11452 4448 5410 11639 11250 2050 11495 7347 8253 2014 7759 10260 3516 11568 3032 4719 11994 896 5659 9554 1182 1861 397 8142 4170 2843 2644 4801 350 5648 4481 145 3048 8472 7260 1953 348 11588 205 4281 8881 7507 1414 2603 6990 2562 5693 6953 10196 9062 1000 4986 4243 2603 3467 10072 1117 8357 10014 6453 5578 4043 2089 5588 6455 6294 7988 1842 8344 4795 2625 5868 5097 11568 4768 2844 9373 11102 6934 3996 1117 4392 10982 6793 7735 1341 4475 9026 7042 6875 9467 11243 1569 3521 8392 1258 4984 11858 6113 10192 11382 1306 5670 5192 6959 10304 5074 6374 3767 6385 1099 8490 3159 10913 3702 11550 8223 828 4576 4218 4087 8557 3625 374 2847 3617 10617 4430 7179 5148 4379 11876 9898 4137 10274 5930 720 10729 1540 9082 9055 1730 7738 5739 10966 5190 10608 6140 7811 8146 6057 6311 10850 8396 7036 11709 6977 136 9331 1193 7860 4452 9318 5508 5365 6617 7747 3726 2796 8725 10506 4238 2162 4404 1312 8560 1944 1809 11188 4973 1837 5891 4266 10081 8324 11154 6904 5021 9149 10391 8737 8733 5206 9274 3077 4809 3302 6345 8946 9721 3404 11654 2123 6398 6013 3734 10274 4246 8301 3460 4776 1032 8605 9743 5176 8786 7256 1277 3267 7603 7313 1372 11081 1608 7837 5905 1891 7231 543 599 2613 2205 4159 9927 10443 5923 9742 8634 357 10118 9911 4993 5623 1025 7634 3447 2500 4181 6489 8539 3771 361 5341 4778 9274 3228 444 7618 1410 9335 6615 3637 4250 6474 1805 6806 9665 7970 9759 430 3351 2322 4206 7052 10852 10379 6723 9483 3116 4102 11089 9778 1472 614 5453 5578 6846 1441 7066 8652 6463 1228 9016 10908 10366 30 6760 2773 10165 2624 2754 9227 1219 1243 344 524 3576 3858 11946 8538 6183 9396 5044 4374 6224 4022 8760 7529 4581 9439 7340 8425 3283 5729 2597 5871 4848 10722 3936 11590 9714 5125 10112 335 10396 9671 10710 11903 4965 9930 6217 11404 9475 1340 7848 8330 2718 1794 6236 2453 6371 9716 2345 9689 10732 1386 2652 3795 8288 2750 112 2605 3297 6870 2225 9532 2642 7179 5641 9202 2378 8586 3112 6177 8019 7714 2828 11491 7514 7275 9401 9947 11123 9226 2930 7758 7666 11657 1678 9841 7104 9525 3336 10032 8520 7571 7091 4832 1062 7219 3142 11774 2272 6266 5838 9572 4832 8651 1173 5753 6152 3974 11050 11666 2150 2589 7766 4426 1778 1151 9374 5892 11945 686 6348 7878 4299 9128 9582 10083 5597 3338 11894 3168 9829 9744 8481 1434 7696 3999 4438 4240 6746 6646 1765 6602 7217 6439 1307 4122 4086 1174 2486 3582 7312 1481 11799 3639 10587 9758 10788 460 2718 2269 9064 7916 9566 8356 133 10469 7825 2106 11656 3052 11457 6990 5410 4573 8095 1904 11905 8447 9974 6955 5800 3519 11850 6525 11754 3898 5838 639 4882 4705 3202 4572 3876 3688 11031 4425 9489 11793 772 4689 9422 8156 8674 6034 9692 738 9517 2614 11872 3512 11915 4664 1926 6536 7437 7606 2592 413 2669 4011 6300 7135 44 9380 2971 9439 10931 3237 8742 9557 7031 4691 3805 5777 5371 1547 4069 9642 2147 2758 3658 9640 5458 4601 1225 5572 469 7321 6764 3062 9165 11710 3395 6418 5906 267 9705 11657 5170 8903 4722 6818 7804 8981 5937 1304 5183 4767 6866 9030 4607 6544 11211 10455 10106 5441 10212 5233 8823 8950 6863 7210 8256 6394 1956 10876 6379 9441 923 10269 393 9283 10003 8393 10429 6829 3128 11113 232 7648 11107 6582 2407 1985 10446 2213 1624 9652 517 11089 1361 11403 6364 7109 7924 621 345 4552 1662 3227 11061 9931 19 227 6526 4381 8924 5100 2178 4270 307 9948 8129 7234 3712 5028 7372 737 7592 7221 9887 5332 177 11297 73 4999 8035 1266 682 6603 5809 9392 9533 11153 5293 8232 5631 11713 6056 10848 3605 9435 2863 2887 4233 818 4792 3377 3235 5152 468 8459 8190 5835 2598 5929 5203 2027 5436 4759 9730 3383 6413 11398 6958 3298 6741 3512 6816 8640 813 1612 4244 7586 4230 8484 287 1617 8823 8748 1153 9610 7235 869 5430 6951 2675 6194 3021 2416 337 11677 10947 2027 652 3749 2473 5941 6399 10976 1944 11680 6613 5559 2642 10242 5908 9583 8770 10569 3956 10290 11925 564 9347 1401 3889 7003 11950 10893 11496 6196 11703 491 9226 2093 4171 11671 101 2375 6474 4060 2166 4481 9828 4113 4806 10307 9103 4558 9125 10280 6324 5011 8514 2471 8736 6093 438 7512 9983 5249 6103 5078 2021 5610 9167 11361 1012 7759 2495 997 9033 6555 8947 5075 4870 1080 6467 10737 2299 1780 11281 7401 10774 3123 5169 4019 3146 11679 7152 8385 6890 10684 5146 8548 5238 5199 11812 10656 3882 2503 4472 11508 3314 2147 9833 6399 2195 2425 9434 973 10630 7134 8037 8023 7346 3049 16 659 2293 631 11946 3491 2250 5044 5251 7145 6259 3660 8319 9945 9269 3707 6746 1610 10313 4546 1882 7774 5156 11454 11266 8056 6778 3651 11511 8774 9067 10155 3095 1843 5592 6484 870 8328 8875 9457 8076 92 391 4010 8638 9148 3123 326 3640 9737 11466 3823 11094 5211 5552 11664 11459 1713 4941 11163 7250 10141 5587 2874 282 9236 115 10747 6145 1196 6525 2686 10099 3432 469 3475 4882 4612 8511 8183 7283 10038 2401 7464 1239 7118 10001 8334 7176 5301 5964 11862 2658 10715 330 10710 10799 4166 7990 10838 7694 6440 9685 11545 1624 7062 1327 1033 8537 8226 820 11528 783 9418 5485 1149 5338 10982 9215 11116 6066 9647 7368 4318 8362 7827 57 11403 4937 3176 238 2256 5712 11829 11379 1999 11783 3862 6922 335 6043 3008 11069 2149 2521 6707 886 2403 11441 1583 913 203 6717 1500 10996 1957 10067 5317 4233 593 11901 1725 10084 6287 4426 594 11949 2174 11917 7766 1274 10443 6379 10687 11585 1942 59 8105 3765 10272 9747 11562 715 3520 3565 6772 6949 9255 2978 6926 8220 3877 1528 9890 2835 709 10084 1435 527 11798 5979 5915 8594 8327 5394 2998 1278 2794 11604 4400 7838 10426 731 3741 2722 6804 8767 771 6692 4123 10085 10459 8571 3509 3217 7140 4563 10137 11976 7960 4546 10195 6180 9888 2341 2009 2783 9917 2000 1084 2981 11192 9022 7711 3464 9577 5889 6300 6009 3046 10650 9376 7631 4880 4849 9831 10707 568 9364 5008 10253 9730 5771 3965 594 6324 6354 11767 4473 11149 5256 4976 11113 97 6503 6423 6641 9744 9526 375 2723 9076 6834 2998 2330 11556 1110 11437 3889 5136 1083 7410 2704 2644 10642 6460 4893 2453 10683 67 6193 494 6875 8815 10695 3889 7594 2474 505 2518 9403 8655 8398 3533 917 5732 4444 1785 1595 3830 1251 9510 6969 9896 3355 2374 7199 11238 2432 4353 3070 5338 8898 7489 11377 9992 6790 8379 1983 6749 6596 10101 2906 9367 3815 7933 2747 445 6558 5222 9466 11266 1215 885 4229 5018 6993 3654 8669 8906 6650 11119 7663 9654 572 8238 9680 6454 2438 9200 9064 3158 11439 6957 7608 9177 3024 8791 4682 8516 11688 1167 2400 10937 566 7366 6193 4443 8342 9697 11220 5690 10219 24 18 6030 10453 11441 6889 9306 4689 8262 9691 33 10257 1045 10092 3833 2855 5556 5398 4884 2059 6733 8563 601 3966 9624 11877 4338 2366 386 2163 4035 8320 3002 1476 11294 11595 2075 7369 6025 8260 9143 8375 7415 11500 1838 3966 11482 7440 628 1308 6278 9841 6872 9521 7637 7410 9013 11399 7377 4519 9811 8500 5429 712 7445 8010 448 3733 11450 7495 511 10644 5059 5989 1745 859 5160 1061 2018 866 5218 4676 9191 6517 7729 3958 7489 1411 7890 10294 5765 4703 10861 886 8992 6966 975 7172 9051 84 7543 5427 6801 7369 2077 6038 11670 7900 10472 7411 1282 9339 4967 2710 6835 791 11285 5630 2807 7837 10333 9190 9737 4523 3377 10654 2326 10475 4358 2279 682 1353 1359 11712 5844 5439 10055 7207 9758 4252 3720 3763 8850 5864 11226 960 545 1626 538 2910 5019 5543 8243 7801 10778 7190 4904 7983 9414 6805 4636 10525 165 11072 8432 11232 9602 1199 493 6092 4286 11137 3765 8656 5079 9519 4866 9364 1155 5631 8363 6432 4235 6529 1901 1430 1259 11842 2103 6618 6778 8706 5706 2702 6763 8400 1607 2380 7483 8825 3663 10997 787 10063 6132 553 4597 313 4124 10577 132 4786 11863 7658 1003 834 11986 2238 99 6360 11882 1176 764 11912 7056 2539 6051 7326 1242 9056 723 432 834 7478 265 4201 7520 4267 9639 2074 3467 10923 7146 3868 4080 5819 10483 8478 5569 7374 7132 2564 9578 4566 9673 3763 1635 6263 10928 1813 6489 308 8813 2347 4615 3844 1140 11 8484 330 7558 8998 867 1411 1260 10508 8355 4864 4579 2724 8881 3282 9668 11401 10964 4204 2963 3564 3550 10067 1587 2733 8305 103 4929 358 9630 5776 10589 1195 8911 4313 1430 6658 11584 3857 1456 6782 9829 501 11307 10212 9188 10211 3338 9282 11650 2528 6126 9737 5915 1064 3979 1587 6705 9874 2158 5707 6416 5083 9570 11763 11675 3383 7513 5024 10777 11361 7162 2404 6598 1432 8445 3694 7618 8948 2050 8187 11328 3306 1607 3826 11196 11449 9636 11576 4937 5659 8282 2281 2707 9809 1435 10060 8535 6605 3253 3990 11461 8750 10968 9738 11802 10700 6880 3612 3979 8680 5290 2678 11383 11352 1171 6131 6798 3349 7323 8029 387 4901 10188 1157 11314 3949 11414 56 11261 6906 3763 4491 1276 2306 9586 10948 8021 8963 7548 4594 2358 8882 7055 10539 1726 3459 4486 5116 1492 10878 8812 3947 6341 2514 9393 9884 3522 346 11362 11724 6101 9670 7485 2052 5308 2674 8307 9230 10685 3485 4008 3888 11980 2119 10120 4491 10605 4320 5585 1021 7739 1665 3527 6722 1556 6893 4982 5463 5823 5528 2863 580 3661 5190 3692 10718 9508 8143 3639 6517 7402 2695 1350 11145 8341 2582 3861 5808 7155 2433 28 3715 8296 6345 182 347 11565 11852 9335 4554 10256 11437 2130 9687 10299 6853 5317 5364 1947 1659 6909 8098 10037 5491 10257 6331 11487 9776 3596 4306 4576 5507 6163 899 549 5378 11006 10635 8980 1218 3932 6062 7114 7272 4215 11776 7835 4489 10277 9784 7135 3924 1857 5845 8661 6663 8331 8481 4347 10726 11781 4783 9628 3048 11686 4572 2497 864 1210 10271 3833 1775 5289 5453 4779 1959 11933 7585 6652 10650 9822 8999 2841 2170 2375 1909 8061 8936 2640 1260 6663 3842 5511 9297 6999 10158 645 5989 4504 4169 7791 8931 1541 10956 820 10048 2115 1963 3567 2061 11661 8325 1206 2968 3795 11358 7243 8905 3312 7049 81 1008 1162 812 2534 8569 602 10700 1760 5823 11182 10215 4611 7655 7288 6912 11874 1432 4456 1523 2685 11638 11511 9288 1958 9818 10624 8959 1177 5542 7623 11803 9636 10230 709 9780 10137 8960 5724 4060 9824 7920 10065 3540 4475 6929 9514 1392 7151 6246 5420 11427 11407 11282 11633 1092 1359 417 186 2282 9752 7508 6787 11667 10880 3997 8689 6648 5465 8082 890 2428 4079 11420 11758 9567 3540 9795 5235 4361 5811 9863 166 11513 584 813 4816 4675 2496 897 3717 5709 7295 8006 5139 3507 9954 2895 5111 5500 1036 7648 4777 5467 7215 9328 6836 8982 4392 7247 8594 6481 5268 114 5960 3580 8922 9350 11098 11167 892 10764 3330 3583 6308 729 3702 9597 7244 10809 7068 5765 8337 959 10588 2590 452 6560 9226 951 5611 355 5602 659 10443 10794 3550 1137 3501 9509 6526 4755 749 8972 5009 4247 4921 10992 11897 8834 6306 11785 2296 6913 6607 818 1096 2989 5201 2720 4862 6709 3209 2051 689 2030 10103 9898 4938 9887 9875 5561 4997 9396 7271 11331 10786 3822 9565 1429 1498 5337 4704 5059 9314 10383 3883 1152 4592 1719 2087 6872 5577 10518 4442 7061 2507 517 9081 9896 6423 11351 11911 11294 4354 2578 4853 96 756 7027 5311 3263 11725 10000 3784 6455 2770 103 682 4359 6311 8481 4105 2761 4656 4560 11633 1988 8201 10477 1855 3516 2965 3512 6870 9561 9620 6893 9506 6550 2817 3812 4728 11837 2882 4375 1938 993 144 2780 10976 6530 1912 2919 6589 11362 8518 11098 7985 4222 10797 6366 82 9683 2787 11896 1730 7074 2655 8098 5119 10171 5120 6282 5499 11479 6228 4475 11003 775 5661 10941 11816 2606 6885 10465 2638 9675 10117 8391 8205 11234 1887 4764 7517 10623 10706 1016 6083 6326 7161 9108 7112 1360 10155 4015 2656 5493 2945 6701 730 6022 3675 8314 10916 10170 5462 60 2691 11537 2872 7288 10131 11619 2733 6664 12 7384 11848 5031 5173 10928 7838 8021 6329 4071 9447 6270 2147 11754 3216 11206 8887 995 7513 6319 5736 2171 5847 4541 3018 4741 10435 1216 9947 320 8487 840 542 10651 1969 499 7020 910 150 9832 10828 11125 9496 10917 3490 11161 7440 1078 6141 2910 6442 9724 4342 10705 1602 9528 8148 11088 6996 5715 5376 9772 10239 5695 4337 688 1989 4616 6899 9210 7284 10179 7331 3417 9431 7468 8071 10573 6543 5215 9105 10032 1651 6419 6603 5498 6163 824 6889 1197 826 896 7257 7386 8023 9210 4812 6905 9059 6961 1997 9293 10508 207 10347 10955 7062 4197 3216 3636 4197 3999 11873 5197 11983 5318 9096 2435 1194 11266 6897 1427 3899 6385 8073 5534 9821 5710 728 1142 5030 2331 9338 7408 1263 4087 2991 4833 9835 10719 11740 11982 11643 9164 8247 8938 6967 5045 7120 8463 5066 6567 6235 6584 2684 10096 4984 4977 2310 10343 2743 8256 3914 5474 4608 7225 10586 6568 8083 8809 1498 4361 9428 4793 10202 416 11568 10496 552 4298 6400 23 4399 10912 7204 8947 11182 8439 9181 742 10596 2224 1677 9992 3782 9301 6604 5131 4343 1934 1647 11929 2445 4921 5885 4190 5856 5329 9552 2984 3040 6987 2529 4478 7910 3464 4569 8753 1782 3458 8709 9797 3963 2850 618 6399 6279 10293 7169 3929 7480 6520 5926 7692 9641 2316 11802 4409 2287 3839 6432 7804 612 3653 8433 11108 3486 4976 116 4000 4013 844 10166 896 8487 6775 1621 8569 9856 5911 5502 8411 2584 10932 5407 6094 2431 5088 1941 8937 6268 6954 11570 1979 3430 4906 8696 6523 10789 887 5501 10214 73 1447 9276 7677 1329 6961 11590 7521 5742 11052 1436 10073 10246 3527 8924 8124 306 8704 10404 3584 4739 3618 2899 678 1057 5355 7498 10382 3986 8177 4764 4447 7133 2900 7577 2084 1093 8462 4623 10849 6523 9404 10798 3961 188 5805 11669 9284 3309 618 9639 4753 8168 8063 1017 5356 7191 10774 11009 5601 1746 9555 960 473 5265 4018 3723 1611 4111 469 4361 4227 2409 2635 1422 6403 9399 3842 9587 6127 3123 11454 140 4263 7525 2442 692 9641 2416 10635 11279 8967 2692 4941 6867 9434 8934 1961 10673 45 3484 10616 9603 4173 2691 9506 3150 4379 8032 1085 2933 5970 267 10802 11106 8782 1024 4924 11296 1073 5399 6546 1364 3242 9071 10451 5402 6878 2538 11524 10875 6653 11446 9941 9326 2639 7343 5370 119 4982 2351 1324 7096 7174 8301 769 11826 6913 10805 2572 7727 2306 1519 11634 520 1167 5935 3810 9321 2986 9010 2699 9046 94 1722 4374 3425 7450 4336 3968 9219 4722 4077 10296 2864 9858 5063 4399 907 2964 5381 5118 3548 2513 612 8415 3986 7893 7342 4157 3055 4184 10542 3837 4806 10060 1880 8574 11723 7767 11461 3591 1694 2802 1390 4746 2525 8571 11026 4449 10786 884 5902 3619 5139 1794 10922 2895 7443 10431 11193 2795 5151 157 3213 8742 9528 10094 3834 10995 6651 2064 11063 3577 2184 1276 266 22 143 9982 1989 9681 741 2419 10058 9945 6272 11046 2641 10848 10423 11414 2229 6204 10883 6347 10458 3860 2852 9076 525 6262 7242 9086 9078 1161 3539 2439 6257 2659 6356 3179 5886 7894 11419 8872 3237 10862 2205 9331 1023 4144 971 2871 2019 1032 3576 904 7876 3346 759 2691 8929 9386 
