// periodic
// number of jobs
1
// pi
30
// Cycle
100
// aperiodic
// number of jobs
10000
// pi
127 33 96 34 135 42 137 89 69 30 79 7 116 16 2 22 117 49 6 21 43 71 70 110 105 77 52 10 21 7 76 48 43 128 120 86 79 20 88 115 54 39 29 127 53 111 77 54 125 83 79 90 114 43 87 83 86 9 25 72 8 78 94 44 101 22 133 61 1 135 137 103 42 68 95 124 46 52 107 21 54 43 93 10 36 131 107 49 122 108 127 43 75 86 103 55 128 131 134 91 138 59 52 33 89 115 49 62 36 131 1 126 134 67 16 60 52 135 90 82 85 74 30 14 112 110 107 25 130 71 101 96 102 56 82 15 137 3 28 3 32 42 33 95 93 91 71 19 89 17 46 81 67 126 68 121 58 136 130 73 119 67 71 43 124 51 34 121 115 114 112 106 2 4 44 10 66 74 4 133 68 86 66 84 72 112 68 104 83 107 124 50 96 114 38 138 4 110 32 135 58 86 46 71 14 116 86 127 105 31 106 22 78 12 39 4 46 39 27 90 119 25 71 11 62 91 100 138 115 7 8 124 89 28 100 66 36 17 132 110 67 138 78 36 1 106 125 114 114 7 18 123 97 91 35 106 86 34 78 91 46 43 42 121 97 26 33 18 67 16 81 27 74 79 101 118 34 31 114 118 45 10 102 47 94 113 113 105 56 78 126 60 36 39 56 23 103 73 66 108 123 48 86 14 139 136 71 111 71 134 101 28 104 73 104 74 37 63 94 97 77 34 110 73 2 111 79 62 79 60 106 69 29 13 47 71 47 96 76 91 50 3 84 23 101 72 14 31 10 120 66 113 47 24 50 26 53 117 17 74 28 29 64 83 14 91 67 50 40 33 75 18 13 86 107 36 109 40 26 89 31 15 89 40 64 88 96 54 24 75 69 92 58 6 99 139 113 87 15 112 104 136 83 55 71 46 6 104 139 112 76 6 121 41 52 109 124 107 122 63 106 73 3 84 87 125 82 45 38 66 31 116 1 33 103 99 78 82 82 1 85 37 106 128 131 106 16 3 110 137 105 26 69 14 96 23 52 44 33 101 45 35 56 20 75 120 45 13 72 42 6 20 53 124 131 52 71 60 49 22 128 119 34 32 117 61 74 56 19 53 22 51 136 10 115 93 10 8 111 59 31 81 33 31 2 20 99 21 86 27 108 103 64 26 130 139 2 18 107 79 29 111 104 46 46 129 125 17 97 111 14 4 43 128 68 34 82 126 2 102 32 1 103 131 59 125 90 55 118 62 19 42 80 18 22 121 53 87 4 78 32 10 46 46 42 124 35 14 12 1 122 63 134 126 19 122 51 96 22 130 101 20 58 73 67 130 109 101 93 14 62 138 136 112 101 12 89 61 49 37 60 28 87 26 2 3 88 129 117 18 75 71 99 13 136 127 1 66 81 54 135 106 56 7 48 115 72 30 112 107 70 52 130 1 86 35 17 118 37 117 40 136 103 52 122 37 74 78 82 127 4 120 28 54 41 103 83 120 78 114 4 113 106 77 22 69 56 76 49 45 137 97 38 29 8 68 125 137 128 118 130 2 79 121 132 78 4 52 47 98 4 45 93 10 91 31 68 48 8 45 42 82 112 79 92 75 61 31 66 38 5 43 130 101 121 51 78 136 100 121 119 99 59 74 84 22 37 138 94 66 92 8 68 138 5 2 97 85 129 2 80 45 139 45 55 72 70 66 71 86 12 71 116 73 70 81 76 2 58 47 60 138 128 95 85 52 24 8 19 21 118 95 9 74 3 12 126 59 16 50 138 17 73 23 71 69 36 12 108 19 133 99 107 10 22 73 122 113 71 139 92 96 29 120 49 138 88 89 137 74 74 61 41 47 120 7 120 120 42 100 54 79 70 7 76 117 12 123 85 90 5 22 95 103 111 116 122 17 64 87 71 58 32 123 139 43 35 3 1 58 107 132 69 113 101 73 100 19 55 62 5 62 38 1 67 64 91 5 132 64 127 1 112 31 34 94 82 17 138 26 45 31 52 97 120 58 100 49 138 79 77 105 52 116 132 9 50 49 65 49 111 106 43 22 78 104 21 90 47 107 109 138 12 138 98 1 106 74 27 110 110 106 88 91 105 83 134 27 2 44 100 54 124 20 113 82 30 115 117 57 6 69 59 52 13 114 17 102 3 2 51 7 109 70 46 35 43 115 99 9 122 27 24 125 101 133 29 24 138 72 102 77 77 7 75 107 7 109 127 83 23 63 75 14 129 30 75 1 68 128 117 15 63 48 46 126 65 55 3 40 98 62 18 105 117 84 126 93 44 61 75 115 106 95 80 95 78 126 18 97 103 115 97 5 78 136 48 3 96 25 92 35 63 99 21 61 100 79 5 2 24 121 10 35 47 55 133 24 54 93 53 96 64 108 96 81 115 79 126 14 23 92 26 66 124 50 103 45 12 36 137 86 117 133 24 23 61 86 3 104 127 47 1 3 55 34 22 72 69 109 78 91 95 126 49 56 110 21 93 118 119 73 121 95 86 61 76 54 87 51 23 34 94 16 19 75 24 30 112 115 62 42 63 88 18 29 62 97 104 127 13 1 33 70 41 95 110 45 46 36 41 53 133 121 49 95 37 88 16 90 52 79 92 100 109 122 78 136 62 75 104 101 130 130 117 88 39 45 1 128 99 72 44 6 21 51 43 17 116 43 128 43 120 100 111 12 28 55 8 26 14 90 73 105 109 77 121 84 27 26 27 18 121 77 115 19 24 83 59 14 27 135 113 102 47 37 5 129 31 100 101 89 114 8 67 10 87 117 88 62 117 29 9 19 3 32 57 51 49 96 74 61 118 86 79 68 95 67 49 8 127 51 22 12 67 111 82 32 53 22 108 69 74 15 96 10 10 23 68 71 110 7 24 105 6 7 31 68 16 130 10 125 36 62 66 103 102 37 103 19 109 6 45 27 90 27 33 47 63 59 111 15 9 30 25 74 134 115 58 123 68 18 137 39 99 47 120 30 38 14 10 34 5 83 41 55 101 30 1 109 63 100 14 26 45 77 13 107 19 34 64 66 135 30 42 22 49 119 91 124 134 1 28 53 126 7 31 121 83 124 59 101 113 71 24 111 14 120 136 15 55 48 115 75 127 110 124 23 50 97 104 131 135 42 55 80 68 99 88 126 107 59 55 64 99 93 56 69 23 26 68 72 79 56 124 71 61 65 73 49 95 137 111 133 9 107 75 45 111 86 37 3 76 124 118 33 83 1 123 118 87 80 54 139 5 31 129 23 58 39 47 79 21 3 29 119 17 114 98 76 2 55 125 19 19 133 1 16 31 11 19 52 107 109 31 121 112 37 95 87 113 63 119 88 13 44 133 72 38 71 13 60 66 50 68 121 103 2 117 38 52 77 132 93 95 18 134 122 99 53 13 74 42 91 6 84 87 94 127 42 89 135 100 100 61 38 136 71 53 81 37 129 82 92 104 103 35 15 67 17 130 68 119 138 100 33 50 92 75 2 129 98 9 36 11 93 18 73 124 49 16 39 138 20 118 87 67 61 34 51 49 41 28 54 1 72 62 136 35 63 121 59 97 12 88 139 76 58 53 56 139 33 11 92 118 81 76 104 11 24 69 101 74 74 115 51 18 31 37 10 48 51 46 9 113 127 132 20 3 40 106 8 107 54 2 32 21 121 100 124 128 1 87 24 19 103 135 81 5 107 65 17 72 138 114 24 51 73 49 97 103 114 110 10 137 129 138 119 19 103 67 46 22 92 78 110 15 108 10 51 111 21 34 99 20 71 96 79 67 47 16 29 97 59 9 108 56 62 96 105 81 138 42 129 81 61 130 115 30 52 57 48 106 121 83 125 69 14 5 49 129 54 16 45 138 79 91 42 81 106 131 28 94 48 63 36 15 113 84 124 1 126 93 96 124 43 54 23 61 77 62 63 36 101 131 104 123 52 73 79 16 24 88 69 109 56 36 13 5 19 31 31 48 96 80 65 55 112 41 30 37 22 92 29 85 52 104 101 40 110 115 1 3 29 108 108 40 134 102 130 46 22 4 42 23 8 53 92 18 84 136 73 81 128 138 100 75 3 10 38 121 49 113 78 115 131 64 128 13 62 136 71 116 98 123 81 109 1 125 67 11 120 13 127 108 73 22 11 65 67 60 77 45 114 2 16 82 68 56 118 105 113 93 64 122 13 6 52 71 131 127 89 97 65 35 57 73 39 14 109 93 49 22 96 1 127 137 38 19 70 26 131 21 62 19 26 39 33 11 109 25 55 88 136 79 117 127 62 77 114 116 81 88 53 76 119 6 103 125 79 7 90 19 12 78 86 53 134 114 30 47 60 116 12 14 123 70 128 11 96 31 10 130 4 45 36 40 104 16 96 37 57 136 37 26 117 35 32 110 48 61 116 37 84 117 91 38 134 123 70 120 85 73 3 51 77 81 29 120 40 25 72 104 99 18 5 40 51 136 23 83 68 102 113 62 115 1 68 9 63 36 21 89 75 1 12 124 53 11 121 84 91 7 9 138 100 114 105 45 122 48 85 74 45 116 49 43 29 54 79 72 94 129 23 89 132 29 25 125 131 130 112 84 34 51 44 117 110 113 22 45 117 37 28 42 137 121 131 101 136 40 96 112 123 85 90 128 16 60 40 3 92 21 63 127 24 82 75 12 60 17 82 108 104 59 12 29 138 106 40 1 28 71 132 76 2 24 49 51 104 67 31 57 119 26 99 68 124 128 122 138 109 7 130 24 8 119 136 12 25 72 116 122 113 119 95 67 131 16 9 32 15 59 82 29 10 63 78 81 53 8 139 113 84 30 90 125 53 21 80 87 85 106 116 101 8 100 80 87 11 95 51 48 2 118 62 114 21 30 49 82 15 123 124 138 25 128 18 35 83 121 137 94 91 46 24 81 16 23 137 129 50 58 45 60 43 34 132 137 34 117 120 78 77 125 111 92 2 136 131 6 33 125 73 55 35 49 37 129 69 87 30 83 45 95 52 81 54 90 15 128 82 26 99 130 126 51 139 42 23 65 66 129 100 46 108 30 105 87 101 6 139 11 69 110 42 131 73 26 67 60 43 40 124 107 68 39 80 18 32 134 110 15 71 86 100 119 50 55 42 41 15 87 63 77 28 101 134 47 21 32 77 91 85 128 21 13 31 19 67 46 42 137 123 82 6 37 41 134 51 24 88 18 104 24 135 123 87 99 124 39 123 57 25 69 101 74 114 31 75 120 24 59 54 64 106 75 101 39 14 55 131 27 1 104 138 105 130 7 123 101 110 50 95 103 10 95 95 81 21 20 63 133 91 80 70 94 68 56 45 123 22 108 40 42 126 43 25 86 39 10 12 122 81 51 117 138 60 6 99 68 64 39 81 44 36 28 129 12 88 8 132 29 132 8 36 117 97 18 75 129 113 45 56 42 5 21 47 94 100 130 60 130 137 87 58 17 24 37 88 53 45 47 3 21 61 39 74 138 85 36 110 56 62 47 111 122 84 34 15 129 14 68 10 3 49 5 54 118 129 20 127 13 49 51 74 48 33 68 70 56 132 45 16 21 34 52 76 24 49 113 113 127 21 71 66 19 17 37 23 81 7 113 51 39 34 41 84 9 43 101 121 82 73 122 22 79 106 8 44 29 21 67 70 90 59 120 136 31 75 95 80 100 39 16 4 4 100 66 124 83 26 55 2 99 27 69 79 8 14 66 111 137 41 69 92 119 99 79 72 89 81 15 137 75 32 31 12 57 6 88 80 136 131 128 16 53 65 24 45 131 111 63 88 111 131 6 27 23 137 28 50 8 101 104 119 108 61 125 13 53 69 104 8 129 62 97 48 112 130 134 1 38 106 11 134 85 42 20 61 138 106 101 76 44 30 21 117 45 48 77 93 49 114 69 116 121 51 69 80 134 32 6 121 130 44 99 63 120 113 117 125 35 61 14 1 26 120 83 116 94 5 87 108 73 45 93 6 21 108 107 12 5 44 123 24 57 41 57 123 33 14 57 14 96 118 22 102 133 46 66 108 10 99 85 24 5 63 25 32 82 4 103 20 119 90 82 104 18 27 44 98 86 16 57 58 41 90 50 17 93 59 19 52 100 101 12 28 111 108 138 4 55 130 87 136 15 19 122 85 127 134 107 118 92 105 37 8 17 11 89 87 85 25 33 59 128 66 90 64 33 80 114 28 117 67 82 99 22 82 112 123 4 70 84 4 119 94 92 20 48 29 108 114 70 2 92 30 1 68 133 41 26 55 82 23 24 4 88 21 21 78 134 117 69 76 77 55 23 115 1 45 78 21 14 117 20 111 65 25 28 66 74 96 121 78 94 132 44 121 139 55 10 69 38 86 103 95 84 4 76 10 137 136 72 69 86 25 44 29 85 133 136 105 112 7 72 97 115 16 86 12 94 103 18 50 101 22 43 71 81 48 102 71 109 95 99 76 59 4 74 82 75 15 66 115 129 12 16 49 61 35 38 132 8 109 24 33 102 63 129 40 58 126 130 63 65 34 33 119 114 12 107 21 115 81 75 92 32 67 128 122 86 10 96 1 66 77 43 41 104 33 95 83 131 28 102 31 65 56 91 137 138 20 5 25 86 68 119 56 22 90 95 118 54 65 26 16 6 66 129 52 1 4 92 55 52 77 131 51 19 127 87 139 79 45 10 10 116 118 73 97 97 74 131 129 130 130 25 38 134 55 78 8 97 64 68 11 12 70 103 113 92 4 77 50 20 111 124 26 80 60 50 110 56 94 127 135 100 119 65 67 35 71 30 116 30 46 72 5 40 30 41 63 99 23 76 113 8 103 35 104 7 18 43 137 85 57 135 55 119 77 129 124 21 57 100 10 134 4 41 77 1 82 114 48 125 99 3 119 28 115 120 19 75 74 135 1 123 25 36 60 104 95 30 26 91 78 26 137 44 6 41 18 66 83 36 40 127 85 32 84 40 71 33 45 131 66 64 13 60 116 84 86 123 2 26 59 129 134 89 120 31 84 115 15 35 70 59 89 34 81 33 126 78 59 17 42 22 33 16 131 74 45 59 27 78 67 66 82 73 61 33 35 132 19 93 19 87 127 89 107 8 112 46 68 102 7 25 81 105 39 10 100 57 41 25 40 129 129 40 98 117 21 4 75 58 44 29 66 137 26 109 66 109 66 75 4 108 117 95 18 129 137 13 82 83 75 94 102 49 44 120 47 139 4 59 92 10 99 1 100 3 134 21 78 14 129 46 9 89 88 84 48 37 30 105 110 5 84 79 111 96 87 98 67 59 112 30 63 18 13 3 133 3 130 96 23 65 52 62 66 14 38 43 122 90 64 43 35 66 88 15 131 116 46 138 101 126 116 53 139 100 49 72 84 126 117 20 50 32 121 40 48 50 101 123 111 51 37 1 121 117 139 128 6 58 5 116 68 40 137 99 48 15 66 18 94 18 84 39 56 14 50 108 12 4 96 101 59 27 136 139 72 82 120 77 114 84 16 118 5 63 102 88 46 70 74 133 134 36 137 41 37 117 2 72 42 116 34 55 11 2 137 128 100 136 9 74 65 102 46 129 63 5 57 92 107 18 55 116 103 118 68 29 61 102 81 64 138 137 43 87 103 45 51 135 32 76 139 65 107 61 5 4 86 28 108 129 39 48 58 52 112 18 20 95 60 54 9 1 29 104 107 101 16 24 45 136 136 123 38 74 20 12 15 14 139 115 72 39 1 102 28 86 46 30 19 75 125 2 86 47 25 50 91 105 59 138 69 86 111 92 74 60 96 60 125 69 118 5 98 113 79 127 11 42 113 59 49 40 80 40 120 113 68 29 53 116 39 23 107 41 52 101 50 46 56 41 41 81 117 108 66 103 35 5 120 16 48 15 57 109 58 125 100 30 104 12 38 128 128 41 110 136 75 126 68 47 139 53 56 26 59 132 47 75 13 100 56 25 44 111 61 15 5 10 133 35 9 68 88 40 127 70 1 61 110 90 34 32 88 13 3 18 49 83 104 21 65 98 18 6 133 58 18 114 116 125 81 126 98 103 35 26 40 119 100 94 137 44 59 67 67 67 76 59 63 41 88 93 2 16 4 44 126 63 39 137 135 73 114 55 62 131 106 112 114 77 25 4 76 35 125 50 124 14 28 79 102 133 60 37 56 5 70 125 107 11 90 1 77 57 54 95 4 28 81 111 115 30 104 112 81 64 94 38 106 20 53 116 57 61 71 134 74 77 86 37 61 8 86 120 62 83 2 134 45 97 84 112 127 64 2 99 88 97 110 23 58 138 79 77 93 6 39 117 1 96 67 132 25 91 130 53 92 22 81 97 78 46 68 72 125 37 35 53 65 76 48 105 1 9 8 126 118 106 34 2 65 137 113 108 133 19 51 37 56 76 69 100 81 130 88 60 43 113 32 110 136 113 113 29 12 5 18 94 33 137 90 50 70 59 3 53 91 69 48 79 61 42 71 126 130 48 36 101 51 3 5 62 73 71 106 87 23 32 75 7 136 61 110 135 27 57 111 2 112 117 75 114 40 85 136 69 78 112 53 88 29 66 55 135 113 98 3 44 52 53 114 110 104 116 102 86 70 97 109 76 127 84 96 108 56 123 7 78 25 107 64 60 133 133 96 87 98 129 129 100 109 2 31 42 39 55 80 50 98 113 21 117 97 1 25 105 43 81 31 74 77 53 123 28 60 34 31 72 85 116 68 97 41 76 127 13 28 61 98 77 81 2 40 132 120 139 63 63 49 44 91 90 47 111 119 102 104 69 130 86 7 68 65 92 90 113 117 137 130 139 65 27 34 8 38 126 88 5 125 98 83 133 41 66 95 72 94 51 79 95 43 83 65 55 44 47 87 23 139 7 94 129 126 57 117 136 91 61 29 55 4 6 42 93 2 23 117 34 132 111 125 4 82 115 139 120 106 30 43 50 103 133 74 5 90 26 137 73 84 108 65 55 53 61 71 34 7 55 47 18 26 118 31 65 84 135 76 7 52 53 34 129 40 67 109 15 53 82 20 102 136 133 131 130 73 60 137 108 10 101 70 106 33 97 124 56 47 29 102 49 87 2 110 41 63 28 73 99 115 58 46 74 7 126 70 90 82 34 51 91 90 36 120 45 24 28 96 136 57 22 29 23 97 111 51 51 23 108 94 38 109 39 3 137 137 2 6 129 62 3 56 52 26 124 26 25 121 85 54 83 57 93 132 23 19 125 113 91 48 3 116 15 94 52 53 18 133 44 30 36 24 50 11 89 34 35 22 14 56 79 77 28 61 106 10 33 58 138 90 113 114 127 42 108 99 25 29 56 88 40 93 83 128 37 103 75 113 63 74 30 92 135 25 120 102 42 4 128 74 54 124 32 76 114 70 41 14 64 21 27 136 67 128 37 61 43 60 53 80 45 95 78 5 41 68 129 115 55 70 97 95 139 138 40 24 63 99 126 29 8 130 9 75 27 116 6 7 136 96 40 51 29 54 4 80 77 7 91 110 37 8 102 10 88 113 125 119 10 104 90 36 6 15 65 109 85 105 57 41 17 44 104 93 97 27 128 64 130 83 45 50 76 90 67 111 69 131 119 67 76 65 51 133 4 108 80 125 69 2 73 98 17 119 107 81 100 121 9 6 70 27 90 113 52 53 135 88 109 58 110 73 13 114 41 78 79 58 25 13 78 18 77 122 69 92 123 2 64 7 138 51 139 34 40 51 44 117 76 125 139 64 33 108 19 36 53 75 38 139 87 64 12 117 124 103 51 104 134 77 139 24 49 52 104 22 28 107 10 30 1 58 130 18 18 25 8 64 98 85 64 85 15 16 131 61 7 72 60 59 60 99 67 132 93 80 117 4 33 56 91 139 65 88 9 110 68 117 4 39 77 25 23 124 105 113 123 74 24 82 24 41 91 48 40 115 68 58 89 67 122 22 134 82 73 48 86 79 46 108 99 137 106 43 38 57 120 44 44 123 28 132 53 23 24 19 132 94 69 7 10 111 50 19 117 10 109 7 107 83 137 25 17 74 79 78 13 34 11 93 62 64 24 42 86 55 69 51 91 52 111 74 24 88 97 60 6 79 5 95 43 24 30 2 39 51 92 24 80 119 135 26 50 103 136 81 43 69 114 129 31 98 105 42 46 37 18 100 104 84 40 40 108 78 139 89 91 20 132 117 44 94 65 71 34 134 130 100 8 32 18 138 64 33 48 65 50 125 81 16 84 31 55 121 124 36 98 86 27 1 131 68 110 9 72 95 83 128 32 124 112 59 23 98 84 79 96 7 133 103 106 122 93 92 63 137 101 34 7 8 137 5 121 33 12 116 109 49 118 42 58 135 7 132 68 91 91 97 34 9 58 83 46 43 31 49 19 63 79 78 69 1 12 93 45 132 113 135 83 55 68 58 111 105 124 95 38 111 28 53 82 5 123 24 14 40 123 118 91 123 86 95 112 12 2 124 87 62 40 81 32 83 29 68 40 78 4 28 82 58 43 13 38 53 7 58 135 40 79 99 25 122 8 65 28 7 114 44 107 54 82 120 98 50 87 68 80 34 68 114 26 69 96 131 88 99 111 116 12 38 39 13 96 80 132 57 41 113 68 3 109 89 20 134 89 88 114 13 95 130 43 13 35 116 58 101 67 91 76 61 112 21 91 89 105 40 19 93 18 2 120 72 53 94 59 90 76 21 70 32 99 83 110 91 84 127 86 32 92 57 38 116 34 121 92 98 131 75 56 64 12 21 37 61 61 26 99 47 4 105 82 19 44 18 90 17 26 61 133 78 4 33 63 15 42 124 91 130 16 73 91 10 107 69 125 31 135 38 37 35 61 43 53 67 112 100 107 48 110 51 76 98 48 139 69 109 133 118 121 84 110 113 12 81 123 100 106 119 44 99 22 43 120 41 129 18 78 109 75 11 77 138 78 96 21 26 52 16 108 46 84 139 60 62 115 83 130 5 91 51 60 136 22 78 61 97 14 24 124 56 33 30 21 136 78 113 26 116 115 126 5 114 91 110 29 25 91 130 16 19 11 104 110 83 49 114 60 37 114 118 28 18 18 37 99 48 82 119 100 12 83 56 125 88 30 115 112 72 93 38 46 93 86 20 38 10 16 102 8 2 13 70 114 8 126 29 125 26 139 79 93 94 26 107 39 107 77 18 43 49 59 51 110 10 133 44 64 40 119 37 73 103 82 116 38 39 76 20 129 127 129 25 69 64 64 9 113 50 90 118 53 134 80 36 74 1 83 2 44 78 101 87 7 71 129 62 123 111 74 107 15 109 34 136 46 73 73 119 82 6 98 29 40 38 84 35 65 80 16 137 42 51 52 95 130 35 33 71 43 123 107 111 115 31 68 69 40 101 29 87 45 28 14 46 62 22 73 91 72 72 121 139 129 126 12 111 99 58 44 62 14 56 55 132 86 120 92 69 102 5 54 8 61 73 59 120 16 61 64 8 11 41 72 82 95 49 67 99 98 38 31 50 54 68 123 18 37 53 107 2 58 128 126 50 35 54 23 91 100 90 117 38 81 36 103 10 27 84 32 85 17 74 62 135 58 43 15 94 67 1 124 111 4 127 35 122 6 83 108 124 102 127 86 98 38 75 19 72 81 79 50 80 94 74 39 47 50 118 111 76 95 89 50 11 98 126 139 139 13 75 125 136 122 56 121 106 83 35 1 113 97 127 67 3 104 61 6 102 88 39 137 112 69 121 91 116 65 97 15 47 106 5 139 60 107 119 75 59 73 102 20 76 47 12 6 35 18 62 127 53 62 1 76 92 126 57 74 52 23 56 104 78 100 83 121 62 110 93 77 33 53 69 53 132 27 65 34 20 115 21 127 67 35 39 21 4 46 99 36 33 14 69 120 116 65 4 113 68 91 82 16 78 7 14 88 49 80 52 36 9 117 60 55 59 93 133 137 79 54 61 18 91 35 94 106 70 43 22 109 58 37 30 98 108 44 84 103 42 42 68 82 136 17 32 124 16 5 119 45 66 101 91 135 82 46 93 101 11 91 50 101 50 63 10 96 113 47 78 132 114 25 34 44 48 13 109 69 59 116 67 61 109 129 27 107 122 138 98 57 49 44 3 42 114 111 123 10 52 66 101 128 49 128 119 2 111 14 133 28 48 75 106 76 47 33 131 97 29 36 108 73 4 11 20 95 37 83 35 33 73 137 78 129 118 129 25 118 39 103 9 28 70 106 99 63 19 33 135 71 11 9 19 11 62 128 35 8 27 44 135 49 95 91 83 129 125 5 128 63 51 119 82 96 127 110 121 132 48 127 90 79 71 4 102 109 44 25 9 46 44 14 116 105 118 134 111 27 24 111 45 125 78 31 54 69 43 91 81 60 98 5 135 35 65 8 118 129 130 48 139 43 128 93 138 55 44 111 23 83 63 29 138 90 98 82 80 60 88 7 37 12 85 25 84 44 30 63 75 70 115 29 84 69 3 83 30 126 4 43 43 71 137 137 63 97 85 27 65 128 68 71 106 21 132 34 130 111 112 71 104 86 87 137 112 125 129 107 75 122 36 88 42 50 40 12 45 127 32 105 15 14 42 109 80 54 57 124 37 103 54 122 10 60 9 32 76 71 44 80 68 94 52 13 132 104 43 82 29 39 118 30 34 96 116 17 124 82 29 83 34 62 6 65 36 46 67 99 36 19 8 134 41 91 36 21 25 16 135 14 23 45 68 96 107 58 134 33 70 16 88 138 11 128 84 13 14 35 19 11 35 119 19 11 138 24 117 1 95 91 64 69 20 2 73 23 72 99 78 139 41 22 83 79 94 65 14 132 30 27 131 16 14 84 47 137 50 133 28 108 90 77 116 135 94 64 30 108 108 79 110 23 53 92 137 32 90 64 50 126 39 6 90 1 114 46 73 40 5 112 22 89 75 137 37 72 2 76 39 66 98 7 59 136 36 58 60 21 17 109 106 62 117 8 55 133 98 109 70 58 111 133 27 101 69 101 45 130 79 6 42 79 105 76 5 138 31 57 25 94 131 7 138 29 59 55 15 134 80 42 114 84 134 28 18 135 98 136 81 26 11 39 126 21 4 114 28 38 87 116 13 8 17 109 40 33 83 123 46 71 31 134 34 65 69 25 114 59 135 44 102 76 56 54 120 108 131 27 86 36 132 105 108 84 113 138 43 13 44 106 100 73 90 91 111 62 126 93 86 37 82 94 121 61 65 35 64 137 3 78 52 72 31 139 137 34 115 25 103 113 95 42 87 83 72 24 98 20 57 82 109 18 133 50 56 25 38 69 52 82 49 136 55 4 106 49 6 1 105 7 14 60 93 57 21 87 52 86 15 133 137 90 52 129 5 104 90 122 104 111 31 3 103 116 12 95 29 20 104 90 40 27 67 72 17 101 27 93 116 89 20 75 42 136 88 51 89 101 66 136 44 87 46 5 73 63 88 86 53 14 18 62 98 137 136 82 73 59 28 117 96 15 87 34 32 58 104 71 82 93 79 136 77 57 63 90 57 114 79 42 11 52 52 65 129 103 44 102 77 35 138 108 13 128 58 23 35 11 86 99 8 15 7 136 32 123 18 31 99 119 99 24 57 73 93 71 118 28 116 92 38 109 4 38 125 87 139 30 94 16 66 29 81 79 123 49 8 61 110 83 84 132 102 70 87 108 64 121 57 71 88 76 54 89 40 136 119 78 101 47 25 118 57 135 46 3 138 14 100 91 39 55 9 17 101 124 111 7 113 118 136 66 83 139 36 2 60 71 45 72 12 117 63 73 39 55 32 38 38 76 114 110 15 38 107 134 73 114 130 37 80 76 118 20 112 111 22 99 114 34 103 12 89 108 86 66 126 85 13 99 54 70 111 98 107 91 2 74 32 44 118 11 26 132 123 119 108 124 73 59 93 29 19 119 99 63 117 69 94 23 98 115 11 98 63 139 1 122 110 51 11 44 18 85 44 38 10 101 65 118 26 19 69 103 43 19 86 94 7 32 93 113 106 22 66 14 90 55 95 103 126 39 78 38 125 59 20 62 15 124 105 28 99 50 110 47 87 94 66 99 105 17 97 23 93 82 16 36 113 64 34 67 31 118 102 41 111 138 138 136 20 34 105 130 37 14 33 88 87 20 21 118 75 115 127 101 98 88 39 106 96 77 31 66 64 75 67 122 110 89 138 95 40 61 12 1 77 79 45 11 50 85 136 35 139 48 136 78 68 53 59 41 5 71 12 63 132 6 67 103 45 41 108 24 40 119 62 99 114 70 85 51 1 57 10 132 126 95 11 139 24 35 126 111 131 15 87 9 114 78 43 74 96 122 28 18 63 30 28 10 58 62 99 55 24 6 21 25 78 15 43 33 119 47 102 85 6 23 71 30 96 123 73 80 85 106 104 9 103 19 91 14 105 72 21 92 91 75 138 75 120 100 52 96 98 30 109 44 87 37 50 128 23 58 15 99 78 73 30 135 86 31 55 28 76 74 22 115 130 69 139 78 109 13 89 89 70 10 76 39 48 83 68 109 105 56 61 64 82 52 86 124 35 2 67 37 55 26 52 116 130 33 75 35 26 96 124 105 94 12 127 133 89 4 38 76 107 11 123 54 15 1 107 75 33 18 19 99 19 111 16 71 83 136 94 55 14 106 1 122 38 87 119 42 86 40 27 73 27 62 133 33 107 133 106 4 75 109 12 47 54 83 102 55 29 73 49 68 81 87 28 100 117 37 73 30 91 77 32 16 110 36 83 99 37 131 86 46 6 130 21 85 91 101 71 40 73 38 120 10 79 48 65 91 105 108 109 24 136 122 91 45 78 116 76 117 108 95 11 38 67 102 57 93 128 19 69 56 104 21 139 106 84 24 119 85 107 94 19 103 130 115 82 16 6 53 56 85 93 93 52 25 73 35 71 134 109 87 82 69 104 53 61 59 122 137 132 92 16 105 61 39 13 80 102 26 43 107 99 136 41 11 63 49 106 15 15 29 95 35 36 75 134 139 138 50 97 93 66 11 90 85 119 136 10 100 80 26 92 73 16 119 23 82 52 137 47 128 80 125 72 8 121 31 29 49 30 79 21 26 88 89 46 30 10 65 29 67 126 66 15 77 67 106 124 51 78 14 14 63 39 24 26 125 46 130 129 80 6 23 103 113 88 12 75 37 81 133 37 21 121 16 7 110 88 97 41 122 6 93 90 107 114 97 52 139 82 104 75 14 18 40 124 30 45 128 5 105 79 139 103 53 135 103 5 66 114 126 76 63 41 92 136 49 49 136 112 101 137 117 65 60 35 138 60 38 65 112 137 134 100 31 114 109 104 77 93 11 42 132 39 56 20 113 107 101 125 38 113 17 50 61 85 14 114 66 118 107 108 105 70 70 40 40 41 129 2 117 105 82 91 126 80 96 64 82 13 77 75 36 23 13 44 8 90 39 25 49 22 69 97 66 21 87 97 98 60 66 134 17 77 94 14 68 3 92 70 56 18 81 78 55 127 14 29 123 92 52 108 42 99 22 48 53 93 10 35 82 64 77 81 38 63 58 20 89 56 128 83 64 55 99 103 99 45 104 48 86 122 22 119 107 83 55 106 138 125 100 111 94 36 73 131 35 49 106 96 76 10 4 72 8 16 20 110 119 34 16 24 70 80 7 54 100 58 69 48 96 57 139 15 54 130 135 51 118 41 109 23 94 14 77 138 67 5 53 110 41 61 117 87 61 77 133 100 31 80 65 121 72 87 53 8 17 41 27 124 74 137 136 5 35 59 111 76 4 39 92 61 57 112 62 52 126 87 102 39 77 110 26 74 17 17 52 83 106 58 56 40 94 110 19 56 29 9 34 51 42 53 125 31 67 76 37 96 29 107 5 41 21 36 37 10 36 136 136 104 126 105 84 53 26 102 131 78 85 58 10 29 66 13 92 17 86 17 55 66 130 5 12 42 110 110 127 129 121 66 118 53 119 111 87 67 60 101 132 60 76 67 131 58 37 74 63 46 41 82 16 95 75 32 58 121 130 87 56 12 54 79 104 135 3 83 38 100 34 67 26 66 20 2 137 6 19 50 8 21 29 95 54 10 125 82 51 100 27 22 117 127 41 75 29 113 99 22 130 35 93 68 81 29 100 108 130 6 88 100 27 2 7 116 66 16 41 67 24 52 28 81 5 105 104 2 107 66 19 20 70 20 48 51 87 119 118 134 52 1 135 24 2 124 54 57 117 23 62 61 51 61 65 86 106 49 48 94 101 83 36 48 47 47 117 92 118 18 77 31 78 134 75 9 137 55 41 29 109 139 133 100 19 124 11 18 65 35 33 59 134 16 12 116 132 28 64 113 103 91 7 89 107 85 35 116 138 15 101 14 119 119 99 118 1 7 71 10 115 25 58 119 111 125 88 85 110 23 84 70 115 129 131 8 49 137 60 99 116 15 94 10 58 127 69 33 34 53 52 8 16 39 103 31 108 122 118 26 37 108 56 110 91 68 52 135 117 11 18 1 113 46 60 90 4 133 10 9 73 73 81 63 104 12 30 48 96 117 94 130 132 98 51 76 85 59 102 130 58 54 111 15 33 102 71 82 34 95 101 33 9 126 72 32 77 9 39 105 50 82 32 133 31 48 20 105 128 106 56 9 91 116 35 34 126 10 133 17 42 41 62 33 132 95 92 1 20 26 114 5 14 53 53 115 88 18 59 2 29 111 17 98 20 95 79 112 88 130 33 136 68 109 111 28 113 49 124 92 124 107 71 43 134 88 24 135 115 50 112 139 77 92 66 113 131 32 2 81 6 102 16 12 129 59 75 8 12 32 69 87 85 7 17 26 14 23 41 95 116 76 3 44 83 37 131 13 123 61 29 50 47 107 134 69 19 54 32 111 5 96 96 93 89 121 38 14 3 135 114 4 80 110 20 34 114 62 59 138 8 101 70 49 106 133 90 40 10 118 98 117 32 4 95 130 119 12 50 110 62 95 39 80 84 99 95 18 41 40 56 76 100 122 7 36 114 89 30 57 89 110 111 59 36 28 20 73 51 52 64 55 69 55 32 123 98 58 93 127 130 31 115 38 36 41 109 87 28 58 24 64 132 131 109 90 91 77 29 27 80 48 80 34 66 100 81 17 4 21 124 100 19 123 100 60 12 81 117 3 37 125 20 33 97 136 35 118 95 100 81 51 130 100 99 120 86 117 132 131 49 39 107 14 9 78 29 79 18 15 110 137 103 131 82 78 10 29 38 24 45 71 29 124 71 118 71 2 87 112 71 81 85 25 81 66 82 120 19 112 16 100 80 3 89 78 99 34 88 18 54 59 61 89 101 53 65 128 74 6 23 68 108 127 53 34 85 127 10 108 49 4 126 129 98 36 64 84 48 5 66 49 56 87 81 63 61 20 16 32 28 106 69 100 75 87 114 26 69 68 63 27 27 39 58 99 110 23 81 82 68 76 100 47 121 53 52 132 5 122 113 39 31 35 11 139 27 90 95 104 79 76 104 16 106 107 13 125 22 85 60 15 46 17 37 112 56 82 119 109 96 42 10 13 26 47 8 30 97 59 68 129 98 130 138 25 7 61 70 81 15 131 127 78 111 86 71 128 47 5 28 122 136 75 86 123 106 36 100 122 135 31 87 127 44 92 46 139 63 100 103 88 117 125 76 2 56 17 116 51 125 31 66 36 111 13 134 16 20 13 118 110 29 40 81 94 126 133 11 122 123 79 42 29 52 19 52 129 52 44 63 122 85 124 127 106 33 131 122 96 92 127 82 95 94 92 86 138 118 27 58 28 94 139 52 95 123 115 42 133 1 90 44 109 65 23 128 48 82 124 51 41 106 95 63 12 94 31 96 5 76 82 35 98 95 24 24 1 53 2 109 100 17 8 66 59 106 90 51 72 44 4 118 31 57 46 112 121 23 81 113 15 134 58 68 88 136 45 42 49 8 33 84 125 10 69 8 130 37 47 136 8 119 77 118 18 133 128 49 59 90 107 65 30 57 69 75 99 79 23 41 97 61 16 9 3 3 138 35 131 82 98 1 66 34 53 109 61 137 81 99 101 96 64 113 97 25 98 118 49 16 33 102 57 53 106 112 76 117 113 130 97 91 47 125 28 72 130 78 62 122 67 136 22 82 117 33 71 17 53 42 132 6 75 138 70 111 61 91 46 96 101 16 85 72 19 40 123 86 38 102 118 95 33 64 26 100 130 65 127 59 20 116 97 114 70 2 116 1 58 53 126 129 62 58 129 1 37 63 13 108 78 34 104 97 1 50 135 48 96 120 75 58 57 36 125 35 71 5 85 12 66 135 133 29 97 9 20 46 16 19 113 37 75 40 38 22 46 105 47 74 74 98 44 4 101 3 118 40 27 5 48 25 86 97 59 67 117 55 97 92 88 18 40 74 90 41 74 86 113 63 34 42 30 85 61 117 77 5 8 85 127 55 107 15 80 117 85 65 97 84 21 52 77 76 42 96 17 41 115 92 90 130 29 40 11 136 73 67 65 15 132 128 41 67 123 133 128 116 133 41 95 8 106 133 81 36 93 67 22 116 41 102 114 117 88 7 54 83 86 98 128 23 56 138 91 135 64 72 27 15 24 9 125 139 50 69 23 71 32 102 60 36 41 138 131 133 31 89 18 53 94 128 57 71 89 59 103 87 126 137 103 136 47 69 31 55 13 53 42 86 135 114 49 42 38 19 22 46 120 67 127 100 130 135 111 14 12 28 77 89 44 24 95 95 62 6 59 35 126 70 101 118 23 105 137 14 45 131 92 115 63 137 35 89 102 37 38 58 36 20 74 85 12 120 56 35 97 137 37 62 107 65 88 71 14 88 61 2 53 121 116 40 37 17 58 32 123 124 74 84 88 44 13 21 104 97 10 6 22 37 4 104 18 29 37 40 52 59 88 44 103 112 34 76 16 77 23 66 4 76 25 111 83 119 19 18 83 39 33 21 60 42 66 96 10 37 97 116 101 23 128 12 47 23 43 93 75 126 2 80 12 57 23 26 126 134 108 45 47 10 100 14 58 117 88 131 137 104 30 110 120 20 27 61 84 38 51 72 126 39 73 89 47 55 125 40 94 106 126 62 22 42 137 42 21 76 71 125 87 138 101 44 10 41 109 93 40 106 50 69 26 115 7 54 89 136 96 87 28 27 117 128 111 79 105 45 61 50 10 49 56 100 72 122 94 8 49 82 98 107 75 19 20 94 130 8 128 92 80 80 47 130 27 132 17 7 38 135 18 111 13 34 85 104 76 126 135 15 75 112 50 117 2 43 97 132 107 4 59 45 21 101 78 54 137 131 21 92 94 136 8 29 127 78 77 45 53 136 70 5 84 67 96 73 80 38 25 43 58 26 21 134 73 2 97 138 27 101 17 75 118 47 52 47 24 11 109 105 104 1 32 50 39 61 73 5 14 50 102 107 138 117 93 123 134 40 95 11 27 123 67 101 88 73 135 63 106 16 97 117 124 79 138 38 3 19 76 139 127 107 111 59 67 44 11 41 97 47 103 86 46 15 67 63 37 38 81 18 70 66 124 20 49 89 126 44 71 22 18 125 110 48 16 96 61 113 111 24 32 108 58 36 97 7 55 82 44 15 22 117 91 130 21 31 101 31 81 32 6 9 81 101 25 138 75 41 3 74 106 50 105 87 117 129 88 10 44 99 2 41 57 58 69 48 130 75 50 95 137 102 133 8 32 1 40 86 57 96 40 90 114 14 19 89 22 98 69 10 113 139 61 62 61 33 57 51 130 49 63 87 109 113 124 60 117 94 55 92 34 73 22 72 78 124 15 34 60 66 75 30 19 82 83 48 62 31 107 70 6 46 52 50 108 120 114 96 137 133 58 81 100 68 123 130 20 137 108 30 112 22 25 20 96 96 44 90 110 83 51 66 105 114 64 58 4 58 72 6 86 133 130 124 128 99 114 47 40 124 47 88 64 122 87 92 24 24 65 23 77 48 79 9 31 17 92 69 64 68 92 97 75 7 119 108 48 15 137 125 91 114 102 107 85 139 115 133 55 10 90 130 15 104 127 135 129 106 25 27 22 5 26 43 103 88 41 16 106 63 6 126 92 126 31 95 34 70 70 124 99 66 82 73 57 59 9 72 3 33 114 3 129 137 129 111 83 129 13 24 15 127 121 103 120 16 46 13 127 48 53 92 101 41 99 48 115 63 36 61 91 24 98 25 112 15 81 87 138 92 54 2 41 87 41 84 48 128 27 18 62 49 113 98 89 35 13 59 17 61 30 33 67 91 17 99 43 119 95 132 75 34 82 96 99 14 112 119 112 105 122 86 66 120 11 26 126 125 133 130 128 72 130 113 102 77 17 107 86 20 28 15 2 130 13 101 28 65 114 15 36 91 73 116 79 91 50 12 46 15 2 13 84 83 46 77 22 123 27 109 121 104 70 108 53 118 35 96 60 117 111 40 76 30 125 25 43 18 40 103 61 56 70 129 56 123 136 43 80 128 55 51 47 135 57 84 128 123 69 64 64 132 8 28 101 10 82 135 123 69 92 78 127 38 66 82 76 136 96 44 134 24 93 68 62 116 136 10 107 10 36 27 46 16 124 94 115 6 50 105 54 22 39 69 139 135 123 130 20 117 85 29 103 116 135 34 115 18 79 77 128 40 115 90 34 41 65 2 120 14 7 132 92 101 40 32 16 60 66 38 23 65 46 106 117 136 133 131 57 118 98 103 119 66 88 127 47 71 45 14 12 23 41 121 78 112 16 58 27 71 20 76 36 38 71 78 2 28 92 76 99 98 66 44 45 88 26 36 139 92 104 19 76 6 92 10 94 113 74 47 104 89 102 9 78 52 134 6 137 133 25 78 8 77 27 79 118 60 101 129 2 81 45 127 119 109 67 59 114 12 110 63 122 136 138 128 103 32 37 32 28 107 125 77 7 41 49 77 101 34 128 94 82 54 107 23 58 115 26 49 136 88 76 13 17 67 15 27 137 117 112 22 139 2 3 14 115 39 14 33 83 83 58 27 27 52 47 60 60 48 7 2 41 21 9 11 34 50 88 108 67 13 118 102 36 86 56 1 43 136 97 137 120 37 60 136 48 122 1 67 13 74 98 38 50 21 21 90 91 62 82 13 73 123 135 109 68 24 127 63 54 89 45 53 96 110 16 120 128 86 131 132 110 100 91 74 51 125 27 56 14 69 106 107 50 70 72 37 109 33 82 29 75 129 4 7 64 90 49 21 5 56 97 122 81 101 89 43 59 126 60 62 93 121 42 108 119 81 54 28 105 104 68 131 86 76 107 97 129 120 133 13 34 55 135 128 118 44 124 49 56 82 7 120 72 125 58 107 18 10 4 107 57 131 96 12 101 61 139 43 113 68 44 88 16 82 50 54 80 108 95 41 58 128 102 108 110 113 78 39 64 59 73 13 131 4 70 133 91 126 65 121 130 4 135 74 87 127 62 90 42 112 83 12 139 107 81 82 63 26 34 133 63 8 2 41 18 65 26 53 63 22 74 133 21 70 122 80 77 16 98 75 57 63 116 20 61 34 81 108 93 68 21 45 75 116 117 14 133 95 13 28 7 77 109 76 110 52 21 71 31 70 93 102 28 13 27 106 73 30 38 128 73 82 100 55 60 56 49 95 75 51 35 124 89 61 66 50 65 16 94 95 64 54 114 111 61 72 84 4 15 102 38 72 7 29 17 80 18 102 61 114 4 60 123 69 134 117 63 117 42 70 99 80 24 96 137 99 122 91 132 53 109 99 136 68 40 27 42 90 118 75 101 15 34 78 103 132 79 109 138 93 58 103 7 40 127 39 47 106 119 61 34 118 100 57 37 45 124 24 102 19 135 68 111 74 38 66 139 82 117 35 132 110 113 15 7 82 90 103 137 17 90 32 128 107 1 137 34 57 33 101 16 46 78 21 38 16 50 1 45 39 11 22 123 4 68 11 38 80 94 71 132 93 40 111 110 128 121 13 3 3 65 90 83 27 27 30 17 108 87 65 10 47 67 132 43 25 36 7 25 91 99 27 44 86 91 137 93 28 107 88 17 58 92 110 72 127 103 73 107 18 105 119 76 70 52 83 107 72 77 87 8 41 130 14 55 86 77 40 135 35 42 95 122 97 10 50 133 91 33 3 122 45 46 115 109 55 106 20 105 49 125 28 42 20 110 45 56 118 130 117 131 110 62 133 47 66 110 79 9 70 30 115 24 72 94 112 14 64 95 30 134 48 92 34 76 99 100 108 43 102 79 55 53 40 93 108 93 82 67 123 68 128 128 19 67 38 21 127 90 16 116 74 15 26 12 138 126 44 30 85 6 135 123 13 78 138 20 92 120 33 67 129 16 44 128 33 41 62 104 7 125 61 63 80 73 101 57 55 35 131 58 102 33 104 41 25 91 5 11 64 133 123 53 51 110 119 42 12 37 13 31 90 51 103 116 117 40 36 2 7 44 16 13 109 7 23 39 112 107 69 72 50 62 12 9 4 23 85 137 69 133 56 10 29 54 69 133 32 13 26 47 128 42 4 110 56 24 78 115 25 101 93 88 21 43 137 71 106 61 86 32 133 15 131 125 73 4 95 91 126 74 84 115 58 30 74 110 
// di
40118 50520 68035 56032 60696 34135 21534 40269 32617 32342 55708 69817 1845 62450 5777 61270 62495 61918 27448 13095 26020 32077 41898 68259 20703 12666 31209 63498 13300 38045 61237 12677 40005 68144 2784 56181 42085 14400 8798 53250 37344 28499 24692 31965 37661 12127 3984 40941 1881 46870 16830 50667 1513 69320 17724 13787 29777 64745 11475 11749 63070 34566 11945 65497 63549 2767 21064 40314 37180 25234 42178 31505 13465 57974 66083 48054 67930 23256 40634 64827 60218 35008 63304 20921 61701 64749 63593 6924 43575 40787 68334 44215 1814 39131 59619 4341 33058 57202 52215 34011 7812 22064 60655 33685 45157 9944 25763 27294 63622 59347 38359 37377 3204 31816 68441 56132 47444 8289 45616 26825 10331 31696 37652 6801 34719 30567 53378 16335 69936 5979 55629 41006 35071 66616 52549 17423 64114 24008 9542 7749 46281 54064 63551 36907 44713 7304 20508 67393 58837 4248 20902 47533 35286 18102 30337 57825 56419 19682 15746 66425 29463 19517 25001 14545 29787 24655 46028 17262 27422 42264 1311 26549 5862 44519 66223 15720 28444 66092 60335 34697 10945 26166 8404 64503 12926 28784 36190 40214 25376 33486 69354 37057 12930 64803 8936 31521 61173 60994 16570 13890 33737 63198 36608 41989 50218 36084 63751 36353 30117 33914 51610 29904 53893 23689 51573 24125 50419 27212 34942 34954 69109 57041 42538 656 10816 69977 61880 50781 53240 12460 21388 26781 48750 1751 43988 60774 4526 51589 1452 33402 18813 68214 60644 38198 68216 55626 68770 58490 69737 51895 54169 41849 45583 58666 17605 41377 11209 1028 48167 18308 20611 39605 46858 20704 69883 56810 46572 2762 48384 64087 48359 14249 290 23426 14418 59820 37244 29549 29865 47193 32479 46437 47151 48702 25579 42330 27395 61981 47246 10456 53981 3745 26054 35671 49876 52413 40831 53318 8728 30846 16980 57090 57067 29603 6375 1647 39626 34115 21735 13240 16702 67019 47222 57637 23347 6314 53405 22462 64179 34467 67581 49515 35160 12175 31146 58316 57103 51866 51425 44260 64271 4919 19510 19618 11522 59435 14578 32946 12097 67317 34963 2633 19264 22352 5153 66811 14631 55130 53895 30108 35888 23900 64548 28948 62330 59446 44143 21100 23011 69377 4836 8798 28134 39109 58343 24880 42226 60315 6236 18121 49938 11482 48593 68275 43005 35133 65574 9338 19216 30443 47410 66056 30639 35675 60435 24478 35363 13499 45656 15217 35356 68941 24599 18482 24354 47699 27921 61543 8253 36818 16298 27991 14606 12971 23820 52190 65273 28672 17865 13132 21351 33776 60742 21495 7076 28138 45555 45246 53967 23118 38747 58031 48867 59490 11881 51982 11321 19388 17368 22984 69291 69993 10856 4727 11801 45727 4480 1213 24910 24683 60889 14179 7628 22612 52552 44106 2117 13686 1514 43559 24771 8986 9835 42513 11050 18614 3468 22718 56347 961 11972 58442 9654 2492 65779 23574 61158 9517 56749 67897 53540 9464 33937 8410 29948 40806 55909 64323 59518 46462 12025 55373 42085 61668 67740 67209 31568 43252 20049 66425 1930 58573 14709 16185 20618 27389 889 56057 7188 3197 57250 19733 3205 15798 41045 36159 61762 28746 23889 29613 5649 63171 47875 52503 45346 16243 14064 6321 30598 46031 17585 56927 6023 59562 52388 67541 45590 34383 55644 68959 17688 22944 64724 24346 6701 63905 66351 42117 50706 30552 19570 45839 51411 16684 68330 28011 35068 40986 31822 21412 14232 4303 52510 54914 50267 2371 68496 1241 5228 16659 34278 7194 39304 20417 41560 2457 33040 20288 28951 35648 1217 9203 48299 28517 62180 17624 20215 20153 36377 11492 48651 38046 3863 47816 5565 32108 45050 676 15316 47752 55453 56071 16632 24891 42757 5492 6845 5628 10040 39759 2966 9355 4097 47045 20222 62212 9472 10067 9652 26488 51434 1059 37926 8720 61889 41280 37832 7077 12489 14948 59580 56616 60342 68377 36411 58299 23199 23385 50258 7692 22045 62231 17358 69527 62829 53785 41027 49952 58106 29223 52902 44827 45842 2454 58524 54594 60690 13678 56081 3081 31236 9079 33631 22597 45062 24713 45532 30315 49647 67509 27727 56199 39803 59737 44147 65386 56903 8268 54622 6093 39561 6642 63977 69117 27593 43408 62208 55480 29399 5782 33271 14346 61507 28145 39155 19573 36774 15324 41642 17667 39644 54930 19958 67486 2723 20275 25464 3161 7858 39110 20564 40066 41001 62266 11701 31537 33844 41071 25415 6035 24080 66629 29341 8581 51946 37112 33501 67370 58272 18460 360 46031 31258 63648 40666 32969 66556 69185 10327 49891 1811 1447 3488 2541 25742 5 68970 53357 28857 69233 30175 60851 33384 53190 41217 30218 60307 68486 61088 30980 15947 35397 49066 21054 65666 5544 59084 17787 6055 7882 39727 4857 60520 20011 729 68117 62190 57679 12008 4191 24179 26490 45373 68675 11325 25140 69093 29216 65524 2586 2794 62931 45171 5491 1840 67564 62664 36420 60491 13125 26666 56761 15206 37756 53188 3700 16049 35704 13465 66512 66994 35757 32591 15887 34151 2560 12158 43876 27819 19358 44186 23325 23641 3708 60811 31360 430 13965 13315 2225 33289 30782 40544 12511 57351 15437 44202 7503 45116 29767 141 52607 41429 23277 29568 4368 66425 1984 18204 41893 64550 31876 64065 28648 18614 13466 65487 30179 69762 69044 52908 36087 53055 12495 35997 66660 6108 23886 14946 17104 62496 17857 66398 20656 24693 27349 15173 65387 12997 26185 6567 25564 21372 58050 40702 59729 21946 34195 51508 46354 379 57608 17506 54632 19676 46084 57072 49858 68946 66956 10084 62759 37971 39478 33423 30409 21910 46750 38198 5513 6806 20255 51313 31587 40959 25542 18335 58355 46826 43398 20707 10300 33107 20802 47708 21273 68655 66175 57166 14268 16326 22113 69110 66130 46825 32424 62730 41543 6524 23073 64753 57497 52618 44305 709 259 30228 38850 36290 40677 68870 15634 44715 24521 32992 15702 37890 64434 63823 57691 14439 55097 30012 11997 61732 4291 36481 57223 50892 59180 1950 23784 63747 69901 60193 69428 50565 43577 54966 23870 49028 69253 3313 15753 20047 10370 20804 15110 49974 66770 54444 63924 43484 3637 28010 52140 52910 20716 33017 38717 30608 61187 20397 67673 40962 55438 41892 47094 2438 51000 48082 37823 17071 62583 52926 33131 8023 40705 8572 58835 68790 53035 56826 19518 42055 2321 68710 29884 29664 62790 3365 35144 58535 69365 5098 48440 43620 1613 62206 66599 58983 24957 63243 60049 8784 43347 28878 47048 4638 7508 59432 13724 38429 10526 7292 64162 68567 39965 7334 2415 35092 28965 68378 4049 56312 57968 40511 4549 59689 61729 65010 20877 9166 5332 30521 9384 36442 5176 21081 42708 30718 5325 17849 49047 29614 45259 19292 34751 50231 29662 56849 43141 54764 20635 61423 49439 18509 58682 57537 50511 51744 5717 1687 42336 16658 51301 64622 1367 11550 4374 52467 15361 39555 9090 29535 64551 9591 9517 9903 12203 25924 44197 52500 32468 7899 54193 69961 19052 25327 7463 69806 32506 55557 16875 50572 35342 32865 23646 51195 1731 30348 51342 14471 50309 21000 51662 61878 32380 35203 40996 34682 48435 23985 43813 23205 40309 1700 50091 8242 34419 46251 17215 9341 30992 39299 24812 23128 42748 24092 17432 34936 66403 67308 20897 55519 54539 56380 1831 57911 32755 41280 38132 26518 36195 7433 43700 32622 21782 16052 44236 39167 14078 44766 58621 68560 2138 5927 64322 60267 29118 37115 36136 7688 2607 5996 35315 61096 29679 69078 65330 42168 68662 40294 40454 50191 34396 48597 62721 65306 42506 38368 47178 31974 5026 7260 38336 41555 27412 22470 56104 68149 15352 14312 51161 32465 57077 44418 54219 4204 774 35396 4160 27297 51854 54052 45083 18098 33044 8952 8984 19903 69593 3250 49798 40438 69365 69464 11342 67133 11715 5117 40819 48097 12940 16346 21293 69260 43779 33725 67184 9832 67216 6568 57482 39187 43945 63457 3228 8748 61407 7564 57664 22533 8420 27714 41799 63109 2898 33426 26962 33265 40766 34339 21024 31599 11265 63151 20546 33589 66641 43659 19662 61219 36700 40932 47109 65495 57611 18111 40286 56222 56963 48116 61181 66493 15744 60141 32898 66039 38010 67835 52806 28685 59041 69891 23213 58416 38573 57818 40147 9859 38804 54524 17245 15569 33451 31990 44599 40310 17463 62451 36776 47956 52903 53296 29242 15959 27429 24149 52319 19551 54028 30636 54218 62214 28473 18432 59538 1827 59134 11159 18312 3307 384 53739 47282 56079 37377 1924 63328 48937 11928 29190 24027 14897 30449 11221 61635 41736 18919 53224 4045 41625 61763 36769 61316 30018 10205 58074 57966 21644 4562 17494 59505 68398 25060 48894 23006 9574 31914 55723 12725 15324 964 65480 24182 25313 18732 25181 43362 35237 56599 27518 8319 12667 45263 37805 55821 34421 38659 66552 962 51592 62919 28651 46414 51361 47431 17132 43993 48699 25369 51407 55216 67089 47340 36815 40539 19489 65064 62202 43086 51718 50896 59694 49660 30756 20518 11889 1099 48536 66622 55563 33056 6407 36672 52126 48911 69561 58508 56747 2909 41939 15563 1862 25950 16125 32479 56949 48046 28297 61636 41386 29193 27269 44978 33281 62938 40710 99 57036 28661 63211 26624 23029 10183 6086 53261 17316 14819 16902 64265 34526 51601 22142 45400 6408 60679 18853 40478 46842 51867 40542 56642 38965 53313 69591 33977 68145 20068 33875 36792 33425 16190 34345 35675 63176 62503 23577 17964 38567 20748 10524 7103 63792 68819 18576 31125 44230 4629 18060 26188 41740 17972 52100 58129 38819 31656 17959 40631 29649 18883 23952 37408 49970 65367 51866 30458 7129 10419 33021 55323 61509 1645 12683 31169 24246 12286 40145 14932 1331 49267 41208 2570 24588 11657 9345 19382 949 50464 26370 47537 65013 53623 37178 68243 38667 25317 61661 21253 1664 34745 47024 51300 60307 27358 392 8967 46584 12738 68410 26367 59890 3631 38503 13900 51754 64976 53956 6062 68494 65622 31353 31679 18342 35054 51380 14670 2220 44945 48296 8195 65063 31535 23778 63199 54986 14682 47828 1215 46613 57656 68842 66545 43231 44753 2190 36444 23307 59819 31053 55542 51069 41660 20888 24493 25010 62022 63086 3349 56380 43633 52732 19727 22164 54548 54622 44261 40222 50198 11576 44922 45898 41601 17211 10365 19281 43881 24481 59679 29916 25160 55111 12335 4457 29899 61105 26222 36266 16736 16802 40113 26460 66297 11934 56442 1028 5636 9863 20389 67747 46286 59902 67229 26489 24789 66776 25590 49827 15955 30383 67236 2316 21918 30541 25992 6872 50504 53560 14683 51819 7290 46551 28282 12260 50386 33443 10702 11776 67669 67258 42414 16638 29041 20256 54508 5300 41522 10006 57063 58348 6391 19356 15153 17480 63318 31868 32107 50505 39302 44576 35245 6184 69384 55287 4812 61592 52341 67775 27150 4421 58306 61839 36763 27885 22604 33321 11601 38955 5318 63037 59934 50157 36844 23697 31901 36501 2468 6650 29945 68326 61822 69385 38300 14120 69915 4209 65590 53925 58523 44001 37056 13894 46787 6605 21135 62067 1331 58425 23642 69718 15051 29088 64689 40119 52098 35689 57723 22349 8301 68443 15926 22391 27017 57929 56702 15463 5479 53415 14580 17987 5553 57384 65415 10221 23762 64660 61410 24023 47720 58468 48480 58009 30533 58367 49659 69567 35888 37935 3165 32581 49275 66919 40865 59548 66479 10039 5570 12685 46687 21806 15707 23866 47739 65478 60399 7696 39019 65278 31222 50419 11425 46644 63652 45417 58848 2706 6547 57042 4587 4906 13772 1713 27761 57753 42062 64792 28401 8009 29733 68945 3185 15545 25727 53813 28898 60108 62242 5677 44814 37007 21308 25800 27915 25978 18672 2873 55496 7647 39868 54660 17476 24047 64438 13990 25033 44160 37169 9194 9916 13325 12658 31488 43553 26911 41418 18748 23747 56630 12407 66426 19864 8296 1758 41867 32581 34152 12775 27611 55320 69694 20127 61614 38510 22705 22584 30275 24364 5424 32134 7602 20674 49066 28213 65431 31506 38172 28488 2474 55096 1078 67876 23531 49233 29490 67628 47194 58328 2689 28296 27547 61095 31024 16280 14611 18035 26121 49514 34252 30125 21820 8394 33477 58181 57886 68386 32450 53191 45280 61164 14451 45459 42434 65673 49410 38819 30808 14860 14059 63744 28010 11737 58795 7971 42931 67323 61156 24668 32232 61818 42735 47918 19950 58214 62199 60171 1221 12446 38149 7592 39700 14436 60297 11445 62262 40404 69083 37239 64827 15632 5007 62776 11809 34601 67718 65816 8472 41027 46869 44127 14053 10711 28028 15551 22219 55793 40578 28069 55015 18406 11092 33252 48649 41682 12228 46472 55591 38195 17769 31350 33687 2408 65244 7469 19303 69826 27848 56639 32191 32656 29620 48224 10236 67939 31204 47976 5174 62968 39505 22109 55667 8570 3661 25856 59865 19433 10453 46023 20466 11322 57583 66401 67242 57940 14265 9558 18391 10785 3190 52850 19799 56823 19547 45780 65069 48005 29338 54076 8670 51885 24746 58745 48501 45542 29959 53303 34823 8775 29757 57182 41527 50835 7660 28742 39868 30911 68865 48469 4018 69407 16486 59417 46718 13806 29658 35909 53827 8303 49338 20404 46418 5410 19730 3043 24325 55874 45877 30304 10621 51546 4807 32160 10929 69183 37266 64883 66177 33862 18673 68545 2233 33045 68325 12412 52979 30115 64599 59459 28255 25517 66288 55884 18430 24613 33342 64151 22685 67498 29767 44112 2939 32702 67232 50532 59698 26772 65648 68258 22631 68209 53201 22113 10874 3835 42679 19265 40855 37923 42555 68857 69020 23580 9724 53493 27008 12530 5175 28875 64032 22650 11162 59151 56556 2675 30799 12821 63088 22371 52284 35406 26136 18178 17291 32003 33098 16704 44289 52691 56709 37307 16409 49616 34451 44856 63849 27432 26042 5369 46010 48727 41781 5933 5115 16220 18618 46270 35332 12480 1992 15907 68860 68255 16006 64048 38887 22177 30414 48354 3456 26068 60569 16279 12434 35029 2207 59553 12123 47311 51255 1216 55114 58844 26160 33651 28306 13202 32064 53897 59314 15404 53443 1643 36866 35070 11363 30835 60993 67044 15607 11510 39006 62856 24726 43436 43460 27174 34969 65146 56365 20276 13919 46889 37658 26543 55827 6460 56413 33734 64579 37417 42015 18621 28257 5406 28651 11602 46315 55465 11111 2 69709 53392 26899 11887 8534 67181 24871 15419 10181 20751 1833 2842 30304 20663 1889 4505 20121 63135 45215 35486 41317 43832 45721 34176 31191 69378 27333 67822 34509 11589 24157 18495 20253 33934 68553 12 34976 31759 28233 26053 60219 52014 49961 4070 43395 43531 21926 31762 65946 65635 31488 13161 24600 24004 55798 63724 67479 40099 35395 13231 40564 62674 46665 20121 32003 57256 14290 12043 48031 17453 35074 15704 18224 24354 11214 2519 69886 10614 26085 13643 20830 36120 6287 57281 5290 6180 56476 58921 14636 5811 54565 50115 62346 36004 54689 32018 67696 68756 56991 940 18705 8697 51647 50067 35779 25744 44318 38046 56803 15865 17005 37748 59427 33642 11938 47624 48363 58408 66304 24567 29180 33912 17872 36508 69480 69390 67075 19286 62370 47878 3901 29833 20890 49799 16204 1752 21846 28053 61333 27218 34840 6037 16711 69480 52420 37864 27362 27118 57664 14835 9540 47402 40507 59681 50675 29963 10372 69664 51946 29582 29956 60464 15457 17966 58632 16871 6534 66825 58706 38837 20765 23036 10357 33870 27342 8473 64200 520 20881 57634 55868 45765 69080 26041 5333 45073 65245 50161 32737 33597 64069 32277 68496 10945 66607 8246 17654 25721 1873 50841 51344 23262 39523 38684 36524 21922 38109 14268 63756 44302 56328 44328 51691 7558 34598 30163 62795 68180 871 22429 10025 28802 27275 37854 18146 50034 36156 2844 20112 50400 39035 47545 34230 20705 2171 59086 44387 38436 7335 45210 32079 37315 38676 44490 3211 22571 15514 8122 67434 17131 6330 42843 24645 28283 53947 66059 59728 17075 63725 3505 47981 56740 39897 59733 35459 8986 42893 11597 37197 11852 19551 53257 50655 9792 42434 64431 40704 43371 8665 29180 7387 45948 15528 14389 56849 65352 46390 43645 10405 34019 69280 51592 3084 24898 35672 43761 52355 2688 41957 25962 11207 65593 6851 68864 64691 19800 66513 9631 10066 6137 3367 32053 31826 23597 6927 62556 41041 40390 32762 35411 32706 32104 34069 47780 3101 42563 1157 65333 5894 40466 50465 18576 66655 41793 61394 19994 44771 15637 69387 29549 13956 69501 30615 55758 15386 35533 21035 13016 69771 29576 31082 37963 21131 13763 352 50317 68832 51123 1537 40997 46660 12867 1274 44831 13469 68499 66003 13610 29390 49123 67126 55534 67002 23387 27154 57684 12067 65058 34068 1547 57502 60060 13 35852 34728 29118 32481 21539 45678 20355 38796 24378 52379 35865 10845 1515 489 44113 34405 6078 23181 29303 9049 4662 38020 20222 68701 6061 60180 33933 38893 37802 27453 47795 28758 33379 20874 62068 39756 7878 469 33435 39013 44065 25724 52748 58314 49561 17435 22744 7566 10902 39201 63026 29785 9678 63589 65419 11026 5852 31630 42482 31840 67390 8686 48027 69605 62802 9802 61210 61554 14784 56725 44599 63112 34666 16477 57849 48803 19228 5826 42017 19233 54423 6699 15313 47240 18804 46406 59626 1326 21131 59907 60606 69839 31519 61243 10573 61516 10917 29930 13431 50405 5843 11489 14258 47296 40786 44961 49492 27897 35017 46306 18683 23151 24038 45275 69848 40878 66789 35007 62600 27758 10091 42253 13326 4219 59164 42089 54622 7040 9459 2519 117 14738 32750 35286 22893 35401 57498 23943 42672 55631 57693 37171 9705 2784 35633 29323 40789 15025 3111 38843 34746 3438 30406 41318 57085 42265 37760 21671 49379 38110 43245 41889 19563 47223 21288 26083 13028 49504 1553 2258 56618 12330 51288 39020 2994 57394 41625 826 51102 55139 57695 58505 18760 64557 22373 51973 29382 37434 61861 66689 24179 30189 28353 64017 66024 2511 62086 58023 10933 32740 14707 4928 18624 5202 42162 48375 17151 49314 48884 16517 57904 32421 39917 42531 4754 50726 38172 51966 54888 35717 39965 27291 49248 34438 20392 9454 51369 56831 40976 42386 35209 46138 15964 18337 35006 16922 67452 29502 8884 51523 10749 37086 12953 67929 1435 34871 31216 46317 60232 9417 60957 33640 42291 65843 68845 7297 63712 51075 7428 47265 18380 14337 37504 47182 38201 64046 45190 4255 52814 31939 28855 39559 44205 4918 16833 10872 50561 14732 31647 192 54948 39834 2803 60121 48526 25392 56447 33868 40057 49394 6385 7213 36297 69186 46464 63567 52106 34141 60320 51252 67758 69693 60261 33770 9536 13110 30730 5349 57745 65725 45884 14413 44520 22402 69422 28801 10227 52101 47948 58993 25578 34064 15357 55106 8658 46387 43709 39983 62003 35312 32234 29962 40044 69677 34418 29187 42594 57801 52140 36812 49888 55666 32882 10675 7036 45392 56080 64314 40624 61766 35556 42550 52911 67188 60943 39152 9177 62021 50211 13826 59755 15666 36246 61175 46090 3262 46388 54044 15363 10904 20554 47818 44418 51588 63024 17513 69557 56663 9778 18679 3575 40995 29903 27941 31215 65878 41534 878 37747 59288 25873 1203 60981 10865 24141 391 58704 51694 13319 2256 39191 4712 15431 42894 33769 57959 42374 18494 12944 16549 58700 22235 57552 3673 69884 17960 35270 26723 38255 5302 63812 32278 16728 33601 11834 15726 25116 36643 35920 66623 19076 54884 12552 20826 383 57933 66715 15179 22308 50743 35973 54898 58167 20788 14599 8878 42635 22933 68328 40369 32805 16316 63346 47451 37103 67431 38921 55377 22325 44344 780 31449 4877 3865 59188 49191 49374 21579 54472 3255 5444 55151 18859 17981 26547 10039 33909 46835 44649 27457 32699 10465 6086 43758 25597 7872 14539 11801 25224 42547 31373 66195 2257 46309 7140 27912 20798 13569 34597 61320 63769 7264 14010 39985 16714 14653 24963 5619 57148 35048 56293 12294 20448 50490 28593 38944 26261 56535 14830 64989 12510 17040 14449 37048 52275 54057 28871 39177 4933 59856 51607 49619 36835 25854 69348 16313 69233 38286 27317 34352 53625 46125 47603 69662 42729 69642 10716 57044 65168 36258 16703 30850 47220 23731 50318 23381 60112 34633 9025 49847 60230 17039 31106 12018 20154 28961 21717 43089 25441 60720 7141 47918 41576 12044 13375 35121 22267 51190 13373 18782 39494 24768 47654 28678 68227 7537 16922 22546 32788 46558 40942 67831 41847 45848 10837 26098 57160 57187 23337 756 51944 26550 68739 58417 49483 53931 13717 19610 69738 11722 50532 49986 68864 35640 60734 40084 16660 62714 41674 2660 15362 67332 58289 5359 66744 66860 34021 64333 8270 65565 22904 50359 33336 6102 36265 65183 65944 67566 61248 810 28261 5042 13336 5122 354 3951 60650 30636 39773 57064 28171 60095 20489 43108 40637 69974 63646 36454 22806 68442 63302 21949 59076 34205 41404 63200 55768 40153 31554 56434 50211 2700 26117 45038 4299 18854 3749 53312 44920 41468 16313 31786 18893 29719 34542 57344 6512 51901 41600 28799 67632 30030 17202 38787 31708 43344 2130 29127 19846 5888 56896 32225 59855 44014 63485 56923 52978 50917 53610 21553 29182 6353 11577 14523 10104 59050 6854 24632 23451 6793 28907 28773 16107 4101 36516 17070 67252 21210 5703 3421 38935 56497 40215 34497 50850 20965 36597 50157 56155 29959 40312 34495 11842 28940 30783 895 24919 9800 2128 18715 41843 17834 52639 16886 8915 8587 57935 43458 20109 3006 53343 66075 12957 12703 62499 3334 25281 11899 39914 16943 41434 55392 37073 46893 39222 27492 9265 46492 47821 66648 35435 5856 1825 20583 28067 36087 33581 69288 45400 55243 62732 29726 23613 51236 27355 9370 30684 25224 26804 33710 36253 59857 36854 9169 10825 17042 24878 9596 37685 37980 49837 9148 13045 46505 13663 56647 35857 33971 149 17571 15828 36797 63374 31157 29631 68764 19106 60887 47520 11512 54409 52575 65444 25675 925 58757 47867 44124 33004 27435 60932 4770 30421 16677 33755 21503 46502 48369 64964 12163 55600 7417 40200 6059 69084 45240 56493 21630 49380 12653 59034 12613 42792 31432 22291 60392 7190 6042 1066 36616 58501 5868 58799 53554 51722 37806 63199 21845 63651 39993 61629 69332 22466 28435 13339 66167 41284 11228 53910 62420 8785 45177 63898 20669 27061 28343 46963 64063 11744 64287 7151 19967 40051 7814 47566 15219 46557 62055 57470 21778 11434 54936 36207 39228 66152 2917 27801 37170 21145 67203 19485 54399 58025 18651 30766 20500 20131 4840 20234 24818 67258 68217 7402 60167 62602 42951 6393 749 63869 40476 52450 63733 42383 66963 42091 18668 20541 69979 13673 53946 13489 12337 27255 64017 52127 28104 17211 1404 6321 47304 38671 66097 64030 25601 32775 2203 48878 8374 27384 51785 43675 59678 2480 64864 66823 10325 12834 9149 64735 18966 68217 61214 31935 34095 3829 18628 54737 48601 25758 5168 51363 13330 66277 14587 52246 9395 55038 46216 60961 50501 23497 45227 64134 37593 54903 66199 36271 56747 58967 66956 35572 19362 6861 38577 9984 27305 20900 36738 30154 5069 32617 28144 55723 56136 24408 32366 59539 56486 45534 58353 18700 15413 30904 33271 35001 4101 14430 67729 41750 15570 8834 53366 50911 27015 30392 21150 26253 13876 48452 15414 18883 42213 41616 27799 14200 47780 33117 53367 47625 23155 41142 33174 13238 33130 52042 46517 31982 24007 62715 49029 23749 11493 59331 45427 36118 24708 3686 56555 38389 58574 32581 5503 19840 57774 63702 64123 48576 34049 17659 53053 68646 38262 69355 17681 64175 16539 19145 38008 9490 20356 63640 61447 68219 46369 53757 41466 22026 33958 52177 13820 44961 17365 64443 17403 11456 28670 24782 3165 5784 16972 37997 45667 5597 5529 35766 25573 5705 4282 8201 35521 43465 53647 27854 65688 29518 30900 64426 63052 39935 2126 20206 62838 30235 4497 6791 40172 21818 29361 67503 54380 14615 60394 57429 12861 9646 55100 44653 28684 5309 48518 864 50400 55058 21034 8138 7117 49555 52603 64758 4219 21386 28793 50536 38571 12435 14469 49503 54822 20335 54419 26558 62206 19640 47265 30157 2793 48297 57607 29758 41288 23253 670 32860 33212 40487 57194 3799 10740 6577 6071 2379 66665 49127 55860 41643 3642 3784 48320 61371 32355 20575 3183 58527 3902 9190 48063 8012 30952 23422 40988 45972 20373 64626 1592 64717 54416 64887 38980 57851 47040 67812 30459 48204 28523 66801 65159 33329 21846 61267 19033 47917 2145 42590 1010 54491 62004 47914 376 62864 9969 40208 66958 36057 15609 57544 41239 48174 52251 46050 29496 41607 15149 56020 2154 63480 8489 60282 29821 8169 59005 52739 54003 56941 59620 35547 29018 52385 34420 28978 14723 43018 6280 63604 68426 14727 45739 63539 67630 44789 15906 54675 3598 24181 69793 9481 67251 64461 7386 18498 26160 39309 61010 59980 3217 38887 66942 53496 52957 50803 15333 14019 17616 30023 31788 60155 60628 61249 25124 12912 43712 30533 38303 19581 59732 15540 13369 13199 64435 65287 8706 27947 22211 39519 36598 1808 38595 3222 25217 43903 32956 55082 24873 10939 65555 63265 3267 28098 28591 30405 44377 40165 297 4650 5126 50141 5561 30069 50924 40578 10930 8892 4185 64016 30106 24378 46982 33450 50569 63075 66447 56750 48915 26659 69868 545 28489 35992 40776 44333 66190 29507 13402 20487 47963 2046 56045 30017 8932 15475 36507 39459 57490 51131 46450 23333 51106 24835 7199 24607 392 10526 33111 46007 62847 1616 67007 11672 1790 46525 12164 2737 65879 52817 16218 59209 15379 31663 17462 31943 18626 59013 60457 39649 30082 58874 9221 23596 43786 28699 19384 28967 68227 20015 48736 41315 68554 27675 5972 58293 37915 61701 54515 35044 51036 3459 7946 38025 38971 64924 58758 20979 6101 27051 28976 14173 31830 67036 60699 36966 5244 4365 52985 2311 4913 53265 43203 45336 38686 60384 62473 46360 10216 6908 32431 31074 42431 12039 53186 31481 20563 66942 9683 56421 30799 23404 62236 24776 46848 12574 26678 47679 6008 15021 13447 68153 13836 22189 25836 6860 53487 1106 21428 35600 25173 61808 60829 17017 58291 37666 2708 63697 67483 58382 27789 34333 36353 29737 3743 20531 24680 69891 53957 42826 35113 32011 3516 38839 33540 9606 28086 64105 53728 21680 1141 19092 11556 7729 21586 6451 20567 304 66127 7859 69871 43509 28684 27754 17179 15288 51507 55036 60365 51536 41357 14654 579 27101 42631 58068 29972 21992 50013 22859 48082 36677 51395 14196 2242 16157 54924 66384 56117 2653 56173 28957 7661 8666 62542 11505 38260 44716 58504 62525 56362 49510 36864 4508 28496 45496 39435 36076 55811 58378 6166 69459 68106 52474 13368 39899 22375 32025 6333 46412 41926 35037 39673 69034 30250 26096 30780 2109 14621 21458 1307 36177 53189 10758 10830 13211 16542 62234 31424 58052 69965 51621 22472 22682 28816 69388 28422 15285 38202 57418 61583 38091 60991 49373 28730 59407 37514 53380 4735 55879 27404 62494 28240 32226 9445 24138 21365 61929 2271 16177 52672 66649 36637 51068 35829 42587 2818 22340 16122 60340 2306 66913 25323 47776 49372 21253 64854 4575 35977 31843 46368 32309 42099 69233 64626 11892 67519 17310 64501 5215 53825 22572 67780 28399 51609 29106 11495 69638 21623 34301 66838 54441 51634 66530 51652 60015 10695 36902 60371 49266 46601 16558 22625 48774 49560 4626 55661 40769 5382 14211 54922 9282 32272 48280 44171 20980 66078 58719 66667 10166 22795 42373 20334 25791 44961 11511 46278 45245 30625 29951 52165 43570 34205 30064 14919 12934 28692 17371 7150 63666 20480 56650 28466 9959 38498 37418 61550 63857 15745 8764 42373 13751 10351 68927 32425 26105 66343 26194 67732 8391 63495 11274 46887 51126 55408 36770 53304 14589 11895 57929 65571 55190 55264 16718 57730 3770 33502 8930 64983 1719 58018 30468 58771 14326 63376 16964 30454 42838 27747 13627 65464 29278 9834 43941 65410 10653 58267 8835 48790 58704 38491 69119 35867 56429 64950 16016 40470 22646 60230 51549 7511 15214 5491 15880 64907 45413 36841 13596 67422 47353 10993 12302 16784 42834 17653 7218 64097 5272 66888 19246 41657 58829 31345 60410 64943 7128 57602 608 21869 42276 44178 37257 37844 20664 8883 25192 57169 38754 53018 42475 47392 252 5912 17157 40290 26771 3156 66563 37292 9914 7830 61655 62286 69373 62129 21890 55943 64924 23659 23990 18818 62385 5270 27773 6699 51362 32561 44034 49907 11758 14087 61348 54593 33878 67167 29401 44346 546 32730 47666 60253 54456 65504 36943 67934 4233 63302 41975 53558 46407 23689 30332 2324 56468 35445 36591 35795 64227 47982 10917 29402 36620 53557 50861 16484 67190 48231 40234 54870 48169 52772 64406 33487 3512 18386 44116 19927 23397 29028 34059 5369 12580 44105 9917 12074 40623 61814 11185 14556 39809 26293 5874 20869 37573 18877 63433 30278 52815 29810 5724 432 69515 32839 25149 7212 16692 51474 7331 9301 29332 509 60832 19364 12539 9228 39771 45831 52403 45173 33112 36678 9054 3048 66668 63523 28903 3535 49228 709 24946 3055 52661 30548 11623 34548 52806 32166 39230 1405 41535 27762 1990 44689 42941 36151 38561 8483 56004 4115 34198 8182 41288 567 61093 46101 35840 13019 26235 22113 29693 19906 14800 9805 54759 50660 69047 26025 56146 12603 8042 13440 65981 35001 28215 21241 15266 4351 57531 35306 53897 38556 20880 28438 66937 15820 29060 4525 65594 25870 439 49231 3529 56362 61439 50428 23956 13178 64850 26877 1713 25382 59979 23522 12775 31079 69408 36714 24467 12159 49290 46884 16114 39726 64745 8737 2794 12122 46499 58981 69323 14777 41174 37649 2756 5597 52557 35369 36749 52430 16516 31494 23599 12444 64491 61370 19689 39673 11904 58620 36949 45604 61200 66576 49887 57669 21260 58609 12108 12416 6539 64003 66852 59668 51196 56234 21662 51527 53953 28164 46885 34553 2758 8348 61448 53036 53408 41540 50235 1189 60491 66990 53071 60177 16197 22962 17037 51999 8552 9546 4654 56508 18144 44105 5667 59322 41590 46061 25430 38025 67143 4572 48381 62885 4365 19659 66293 26225 52822 33189 67558 20530 1484 30765 54518 65408 27881 8092 20098 66551 29905 701 36547 32630 1409 6753 59666 46727 26165 9109 38817 69238 65220 11777 58392 6156 31658 65025 38316 43073 39745 57858 4592 42262 38720 41999 29987 11929 61220 59298 49861 22840 2126 50984 27235 62815 60733 68367 53051 33305 40177 11947 49445 25160 49213 26593 67965 53023 16407 14152 30382 46991 30795 33311 28295 39623 64454 57690 47634 32311 47427 46819 3928 12408 56321 4114 56896 48545 2503 27829 66239 22781 53402 7123 43768 26418 9099 5938 54406 57147 7690 7322 31858 54024 2083 33430 19422 42202 26379 17784 46779 54139 27691 57122 68715 68028 23866 60164 37780 2117 59950 32916 5636 146 64399 4819 14033 22516 6232 38395 1241 67225 779 20425 22820 8605 25435 67730 9077 57972 67094 42906 38949 65658 63187 14150 41029 56025 2497 13312 31133 5024 1762 39995 6175 48827 68130 52990 44418 57627 8221 13383 5847 64936 17043 49317 63713 8159 7634 36054 51742 56392 19181 51682 50443 24266 18430 44266 13469 53254 34400 62125 24870 45104 51882 58683 18902 23923 4358 61140 16982 4921 20959 19838 45083 39825 60688 3725 52517 42523 51162 48897 6225 31871 6382 67547 23171 27427 6632 49458 7500 4097 51828 18174 48526 38924 58226 41570 32169 11637 2580 8354 527 48767 63941 40953 42742 590 32709 29904 56619 64748 32280 37483 26166 17160 57724 897 59082 8844 51285 654 20158 7497 46776 26434 57657 51258 17490 31073 3114 47202 42718 31971 63556 2536 16524 30171 52652 46798 45840 45023 38263 47687 32934 54230 33013 20309 4192 34546 43401 62488 38417 64332 39354 21204 62327 2824 8329 36349 29754 47197 15758 7578 67432 26482 25046 46563 4693 39236 39019 41015 51969 64816 32205 11948 44633 19169 69206 4273 49905 57334 55063 15165 22578 41295 15229 46695 16854 69164 41780 11393 47780 48088 60039 25836 35944 22334 30506 20591 59283 21551 67265 38616 32674 19464 42151 23211 8576 47830 27701 39555 36490 31650 43072 47846 59887 64578 30361 36446 41595 22712 25027 47311 40443 29109 46182 69760 48152 41376 22391 53963 38021 67655 36714 19675 55669 62219 61724 26336 28641 21927 848 21740 50036 26856 13539 2431 66780 41070 25362 11543 68716 54655 7328 34255 32453 1284 11013 9978 64311 19547 63410 68955 53024 374 20834 5147 20667 349 50873 34660 29169 9877 31377 56354 49948 27533 12394 61512 17118 16062 41437 3896 61890 61950 62989 26319 179 14858 62836 43082 9588 11100 39587 35508 15268 40893 68960 8284 43544 45316 18525 7979 16685 16556 66055 49438 62993 33158 31634 11983 28141 86 3546 34968 61704 44990 40745 4272 21469 33882 16418 35188 29427 42164 2994 23294 43822 43074 54943 51527 27100 6695 46727 23106 54911 42046 21445 53431 64594 24971 52240 66747 35036 56978 19766 19481 5703 13619 58403 42182 33959 3563 24781 43888 58579 61251 57749 24789 27046 20208 67462 19330 44340 28426 21717 40614 57594 44113 11809 2622 53375 52762 58227 16682 652 42091 44683 19748 10514 52191 32471 14342 29210 3941 46628 45948 14482 24239 36119 68778 47836 16944 5130 1304 31567 43822 19539 55435 42548 53456 13985 24628 19777 24696 917 46697 18673 51699 5323 32715 249 354 20795 67191 1214 9128 2750 64642 10242 39294 23483 17457 33836 6630 49159 28493 46129 29110 10842 43721 2031 65219 37689 795 65777 37910 1937 38850 46828 6780 3433 32616 21125 48033 30094 39224 35859 38480 19872 9080 68027 30731 2776 42003 64864 61751 52389 50707 1637 52594 36814 63397 39166 17097 64971 67560 42745 40330 42017 13128 67404 14581 55097 26338 23952 31138 10671 59705 42194 65487 5952 17336 28380 17655 60930 31018 940 8887 67128 59145 9185 56048 36872 26723 5380 22541 48188 19507 1907 36078 3797 7737 45514 68402 5813 37232 7488 55229 9701 7022 17656 33173 66322 30557 66622 53390 4450 22622 2445 5414 66006 44889 7406 29992 19409 4740 38039 19365 22418 59651 19212 31765 50277 42857 23458 303 38851 60049 63817 11572 64305 55083 53341 66335 20468 37442 16080 26327 39971 27860 8799 59623 9213 10878 30544 32539 36894 42417 58645 13938 46728 47829 19230 35161 13564 7717 9526 11700 30866 23172 48492 44378 10009 1855 44475 44448 36401 5475 21602 47574 5173 58397 61608 15114 8875 4465 7254 28160 51810 26342 51815 56367 36145 10208 37891 28526 65630 61389 32695 30519 43276 19668 24662 42339 19682 34808 11128 48676 39169 5864 22771 36709 8262 3391 3744 52418 28174 49773 41702 68360 40226 5504 60330 12877 3137 64659 54116 8192 29614 14691 41869 33382 52665 48106 50107 67341 9177 25460 48550 51292 22503 25799 67114 66678 726 38693 42582 51751 22745 67447 53826 36176 32055 28381 13856 2905 35633 15163 60630 52252 52871 57394 37427 40213 60816 17992 48773 17855 5926 25354 37073 33927 976 63617 47448 69959 12689 37219 68646 50147 38256 45403 59177 41372 35767 67125 27879 14457 39693 17014 48499 37722 1886 21448 10981 57709 10352 67017 46445 69576 63109 62609 9507 39288 13009 39411 44885 36668 36672 13788 60050 58692 7911 39040 40049 36693 45163 40982 30446 43902 43393 62984 1046 26039 16212 33935 67183 28618 47612 20044 34370 4413 51690 45431 57956 24730 23860 24902 41010 5602 20174 23399 60750 5534 1292 30055 6973 28176 58272 1765 65524 15380 43157 53267 16876 51691 14727 17773 38399 39846 35474 67678 69857 27305 56634 44808 55602 7229 13545 3957 49891 59445 23620 28902 53422 50564 11846 23766 34565 2743 43005 53379 13850 2778 19819 29958 37350 69315 44667 45998 62244 19559 21281 26596 43219 31064 50291 37566 29028 19696 23421 27950 64417 18916 64561 4100 16116 37066 12164 17964 5744 34840 47835 26905 11555 54972 27145 67559 11348 27312 6992 42452 26777 52987 68261 2541 31257 38893 65727 2432 63310 631 46771 9691 12287 3214 7309 64456 25900 25254 53111 27785 30145 5825 19896 56608 58836 53551 68048 42061 62239 36618 31923 17644 36073 28350 24783 674 59432 9136 25631 63083 44715 47504 30441 56435 25155 57145 32734 19348 19426 60739 58163 38890 18919 34471 52658 11680 25321 38863 6974 15716 48256 1297 5840 60228 56276 34887 62892 47836 3047 54872 23198 5367 19130 55835 39668 19586 44495 61881 69376 46781 57787 36583 37999 34437 25508 47034 27971 57780 40702 29971 21195 23102 18168 60834 51235 41959 17427 27602 30135 11043 15210 50267 39689 16089 46846 34795 10658 28348 372 42820 30811 11490 52294 14735 38278 66870 26661 11771 57565 24171 15003 24928 7448 51770 46843 61260 30920 6561 40144 53978 45047 38148 19523 11719 46217 40808 55827 3657 57085 30488 13731 37046 10091 6131 19262 63181 2025 64648 53309 60305 52564 54807 51029 6364 58302 65798 65151 55433 18894 12089 37117 45681 30524 17354 13357 49173 53076 56895 31665 50495 30948 21547 12810 62778 3417 22373 50137 20362 15583 16181 24265 50266 21234 31995 36891 36845 24226 22396 16835 63181 26649 65189 3791 48173 63126 11976 35593 3878 52262 20030 30985 15472 23076 16535 15871 11990 40566 7642 40256 46336 53299 24377 44124 41734 52009 37653 28579 31588 66828 43773 57485 40155 49179 50959 26508 17677 13658 10268 51305 26294 3683 9714 15916 18087 51552 14565 62007 59290 28332 19551 20700 53035 52814 8100 59685 57143 26046 48873 39303 12257 68361 12442 39634 55452 44388 16385 15359 8405 14058 19181 33764 2499 507 41886 54970 47046 53411 7078 33390 62339 4386 68722 39555 51134 69243 41171 25773 42926 18408 60211 38124 31873 38735 31867 37589 7839 68141 32685 1523 6507 878 30730 4518 50210 12098 42058 69142 13204 28757 46212 29815 53788 15802 36929 22977 23864 5645 23908 52483 30970 20568 9743 9377 20193 25622 52798 2703 24716 13803 5487 16053 40960 40146 56282 58770 25284 14458 25006 63796 46457 54711 48591 41669 14259 41755 24442 11501 45981 45679 24792 50118 19032 5309 49820 44080 41396 24205 33754 56231 27941 31339 16704 30983 27926 15662 13234 28963 38375 17441 31646 26918 1065 69327 1862 54926 24259 64666 11452 420 39720 57827 39980 18032 27207 28791 45728 43836 42732 51085 25346 16568 51508 66183 64186 28560 20561 63944 5228 54216 56246 54053 39336 5496 58631 51926 39109 15348 6615 36331 11857 8163 5873 35324 36012 50087 45481 53313 45140 34393 10108 12541 24419 1368 37383 6455 5542 58912 1291 12725 18708 90 49936 37267 60535 8107 47322 67519 62316 14033 44680 69434 57022 43564 35118 37013 23752 57028 68033 29947 19591 69505 20336 3912 14701 66383 5712 66009 42057 33390 13792 64934 67796 15551 38070 49477 12069 26418 51566 51491 69592 54423 27928 13728 11763 17069 5326 17971 20008 20341 9528 25525 12232 47131 67365 15476 42895 52920 13621 42253 27451 43548 54939 36145 18848 68794 8618 47366 31087 11668 3865 17363 61915 34309 37180 42758 13918 37047 15527 2169 26072 50291 34754 20312 25322 17864 301 54594 64744 13710 44430 29111 14437 5539 38167 43973 2428 60535 19553 64709 16821 37930 50537 39694 10696 45970 42071 31044 54635 45008 14603 53143 25376 6640 7499 50767 54128 7710 10793 28161 19403 30238 42625 53150 3337 23225 68933 12847 47746 58014 19295 57423 27360 50074 19948 12352 61014 40200 42707 30359 20058 65507 41184 11715 53462 48713 20759 25470 18460 52649 33184 65510 27909 17662 29181 22454 23273 68917 2189 35604 1643 43741 12000 24279 1180 34563 51859 50851 5134 34395 37390 55267 37840 3089 51672 31713 69232 28379 23188 12701 30508 57579 23643 50287 48698 65809 43309 19745 51225 13579 44453 42205 67398 26387 17595 64738 48517 27980 42503 2789 3782 26028 30078 22997 11233 20494 40213 3392 64401 40955 27962 41805 52961 66905 54309 58808 29649 1473 68212 7217 43163 42145 46092 5016 3176 67656 28977 30942 17882 34223 16835 29818 29761 39967 66666 54624 1747 13411 40277 45988 63556 12069 36262 11819 67037 35463 16802 50203 63380 22123 23527 40913 55462 58651 27166 38545 49571 25652 41749 35705 14568 16068 64 29142 66483 68647 22876 45038 27930 52896 50992 30879 23678 52348 60725 63622 20684 32802 987 61862 35189 46942 67366 2547 68415 47525 10388 55039 51846 58210 1791 61458 57213 37745 65019 65984 19413 14864 3513 8631 58645 22798 18562 23693 47364 34468 35778 55727 68420 35390 38356 49431 17154 7067 45236 3534 53522 46004 28038 27990 12940 58435 40300 65139 8992 4434 61972 34506 68999 38377 53053 4637 28927 61865 42204 30994 59048 34766 68220 28818 11028 23792 19860 10345 25281 44173 63778 61026 55928 35813 2930 44002 34212 29455 64299 12769 23231 7122 7261 39920 910 57685 34285 10570 16499 69160 50979 28342 31216 63662 66548 69198 63519 43197 48127 10260 25546 26437 52599 21346 13698 35668 11083 65834 4107 3964 12526 68825 26313 49557 32952 32877 52428 31906 52065 58049 5571 33531 12123 4868 49065 66572 60848 3832 44187 22713 37113 36025 50639 63027 53212 3949 39455 19539 13207 15237 14385 50554 15161 46963 36095 8046 40394 64335 18734 22773 25842 1625 58003 54892 23484 8962 29835 9982 21113 34186 14091 36878 69311 27129 12666 125 47307 66378 62357 58905 36540 65522 24388 65898 32885 40138 61741 28841 35285 38092 2883 63129 58038 9768 10756 4391 46442 46544 28203 8036 27375 2587 4050 221 16489 24930 1962 36981 56151 36355 30203 49718 30767 35903 14626 59518 50668 35314 47590 26421 9576 28040 25924 32554 5269 29821 2229 57362 50928 4218 16519 55132 31039 17818 10683 49417 63027 28060 26214 31590 35840 65752 62501 6048 10755 35001 35305 20232 6490 14022 12190 16749 62647 65480 55282 1763 28245 27491 9847 26439 32620 55549 20673 24848 61652 42961 65380 3184 1949 64022 48450 18632 36670 13237 43497 58937 11123 25145 17940 23507 20672 52577 68406 59485 59542 15655 66989 30981 20449 3723 16966 46139 21594 10496 30792 17224 62139 41060 25867 14797 55322 55632 36271 37614 55006 17248 3885 50133 44266 65339 62237 44114 53150 68823 51157 65101 64484 12666 48881 34662 21304 54514 47087 40230 49282 63134 32928 4287 52821 3099 51942 66271 55722 11636 42969 6799 9922 32532 49581 12955 38910 42845 10823 64110 3033 18966 44116 9669 7655 24550 4067 28201 59136 12005 9511 61191 33790 14566 24931 29049 14020 67278 60302 63794 7246 56827 50657 22970 1809 54006 60988 20585 3056 27416 63882 25376 24075 50882 11371 12759 68857 5333 16536 7291 59125 38798 50211 31968 27523 64635 69593 27951 15782 43830 18420 11601 37539 21834 57272 37841 22626 54613 44717 12404 46532 66473 7447 67374 44752 17326 21951 356 42916 41689 35577 53031 36657 15736 55348 597 16483 69520 64993 34217 26810 19982 44501 11504 11201 16993 14664 50253 45856 1807 39821 34051 60520 5709 15707 28583 18912 29033 22402 5370 51052 42835 67718 44145 28461 48850 22002 32618 56289 44336 33265 37774 9680 25705 4294 48391 15136 36358 50726 52587 50084 35823 34754 41768 64723 16223 64182 61299 18307 8141 26749 58946 67014 13231 39663 40203 34893 19034 22800 16325 18136 61027 19479 8378 27240 25501 52629 31296 31061 45587 40731 36290 19947 34825 35421 35097 69466 69893 55180 40740 18549 14458 48429 1125 2237 2178 66759 37412 67709 16557 44258 31607 60963 55762 56156 33153 9917 14129 64934 49443 33465 58074 22479 20513 50399 1567 28012 55489 64167 41597 59426 40695 26325 49699 7423 32753 57527 25732 19171 58026 52860 31713 68167 48161 17738 68989 21224 43732 26880 33028 55578 2447 64355 32898 35159 51577 69347 1955 45447 64852 11297 37535 20568 13630 50870 3663 8477 66511 27259 58474 22756 65334 63627 66641 15605 50386 56952 9044 59974 19725 35301 40970 13785 9862 28946 25677 64688 60567 24564 44394 23483 55118 69842 36007 11227 19585 20248 61235 6461 44158 31478 61825 47921 23123 48339 8598 43336 20318 49886 24104 62960 15699 54383 7588 1095 48276 34424 69517 45724 53054 8040 4631 16800 52226 5345 1966 35230 9568 61599 18768 53486 56719 559 9944 17478 48118 26543 24517 42460 30387 39267 44162 62108 55993 29160 52416 49367 50731 31074 19392 59148 58848 24437 5858 7432 39446 35148 63366 56841 58163 62784 15152 47006 65405 69828 1459 38596 69419 37252 27568 57746 22407 32593 23613 20893 41497 29899 24784 7529 44393 26468 35504 16267 64731 422 38041 35590 55894 62946 26248 123 56185 47495 59918 51676 38016 23481 37054 34471 58809 20280 55359 65076 32976 7027 43852 46780 23095 21282 59231 21648 60764 20411 15775 4692 23972 20150 50066 21547 66249 11909 69979 40514 35624 54890 13832 17957 44217 14597 35523 46160 14695 38648 64108 21245 10209 28459 22522 17032 29156 64793 68768 6138 66565 63301 62193 59840 46360 32830 18730 13875 25364 3985 3204 66136 38859 62013 32255 53562 62308 67817 4331 40708 53522 63800 65066 1231 54185 28572 19766 23003 31886 44732 55111 3665 19216 3674 32508 15195 50689 25658 12609 37593 48555 3168 23010 27543 36279 68595 69104 68832 10914 62366 19197 65536 3210 7947 40690 3223 35938 38976 59411 43725 12054 7053 4114 56073 15481 39673 43975 11303 21237 59392 44792 69443 10705 68236 52262 67172 50587 6336 26682 36237 65136 22641 24952 48824 48964 62408 2962 66511 57916 10899 915 4474 238 60272 53926 52552 25729 24260 43472 7652 45561 30891 51671 609 66426 69528 20464 33136 22481 34878 56041 45590 51400 5466 60210 68836 19266 41351 63044 50028 3709 19178 30605 13926 50768 31776 43333 59886 40076 63813 65572 8803 51244 16253 4061 38991 3138 38998 33449 53336 41534 57412 26262 42450 14319 67443 33811 52866 15742 10052 14382 67722 35980 54697 38450 14419 26505 33041 53259 4768 31059 4165 44318 27400 63075 8866 56081 2877 44461 13764 31567 15808 19519 24346 37577 8642 7206 60663 38294 53934 21493 34660 29416 14608 14556 51686 61959 68425 13384 64683 64154 67380 64112 9116 3785 20633 23489 47144 3611 50369 61651 49119 9497 52235 42389 63895 27522 4177 63188 7143 21495 57567 69790 28429 46625 39405 52239 35907 41224 23479 35970 35533 53035 68744 42999 7639 40556 59314 40931 64357 44395 52967 18039 63388 66378 46880 12048 24513 22464 62622 33245 47248 65498 4360 4262 39537 27954 47596 26654 11862 8089 2670 7311 39687 54744 48318 15464 7847 40465 27661 65915 35059 46292 62062 57337 35955 60849 19245 26169 9345 7494 23992 15972 14502 363 39481 56380 54706 67355 8348 49380 63052 9430 24920 44702 14422 34703 10024 60958 54761 40513 55878 23744 3372 22852 14212 52063 38635 69268 28765 19306 25527 31180 39770 51579 41316 66895 27752 43147 6632 5510 17555 39678 41544 32359 11917 29938 64697 60386 16475 23176 68003 5182 32473 12913 19639 38298 14384 1179 48143 13969 50810 4231 9759 3373 66309 19313 33015 47514 55924 42680 59722 21940 23838 27444 67291 7155 33360 28517 61984 59544 47830 53651 17863 559 65267 29879 3483 59621 55409 60265 57282 29290 66253 60007 66201 4059 41193 57090 7259 66124 17560 35208 58477 54831 62459 1733 458 62728 4302 24239 46308 46821 50847 56175 61739 1498 6203 13514 62886 14851 5134 22663 3430 65173 69089 53808 31401 64074 3750 31703 37735 34375 8984 66192 55412 13555 39419 67967 33736 22492 51430 760 51681 6034 1806 20483 6799 28292 45164 56484 50015 63598 36333 14613 42236 28944 56821 57869 12612 55838 10765 43927 17135 33600 7534 44412 1288 22389 2052 41163 49027 20154 51904 54089 69007 25547 61258 66645 52796 25374 34264 63703 58004 49511 15666 10664 58127 18836 35045 20387 61127 14663 28472 55257 26464 33345 6253 35528 43882 23669 62323 886 41385 15739 21751 64588 29203 32540 41143 7335 49693 64670 6953 34664 48170 29040 5207 8099 35215 11164 3065 47114 60322 21851 51503 37030 23364 7031 19840 1543 46468 63664 46399 20577 4659 49367 63965 6576 45461 66889 36702 7742 53062 59320 45272 38794 32926 14845 50701 11962 61196 20911 57253 69195 29312 49403 9039 11326 27248 2457 36554 51746 6748 58276 40950 5084 15752 67169 40330 59226 57705 66979 45049 16704 64039 49529 53176 35010 64681 54073 57330 45006 55605 2090 4369 29420 46887 35016 51264 67914 26278 21804 19857 26175 6731 59339 25386 12938 67638 49095 52140 44865 1681 38341 44035 37054 23838 20183 53614 5680 60501 39952 36938 38569 43105 34179 23153 45697 42329 19199 55913 2770 43240 64961 57717 47897 62380 15290 29171 39804 25968 60985 51569 36467 8225 58796 48060 50091 22700 25606 36136 46316 11684 39072 40716 57133 34390 26704 42798 14162 47671 61230 19231 2403 66175 26951 48122 64471 44882 5387 67724 64869 59480 68994 11745 45359 55774 39555 27476 21005 17363 30871 53444 69253 65311 69337 66028 8549 54133 53618 114 593 460 21313 27964 27996 39050 55929 41712 41115 45048 49426 34861 65727 10921 45005 26615 59722 19350 39712 51181 61993 64313 53879 44194 21106 30174 14866 16263 51052 8609 10876 36157 26077 63591 32558 27150 62946 45397 36205 13079 8010 30653 22302 37277 53223 18425 53539 54516 29388 60992 57547 68789 36856 65174 12330 26124 56303 49790 4804 28351 60415 68339 22518 58099 32292 51721 28581 29459 32480 13129 11308 5197 64076 15157 47802 25817 39975 19885 25242 46411 44854 20566 40649 31336 64702 24766 252 29754 52541 14608 41796 53609 24934 60672 69592 69090 25673 19638 5534 10705 2019 18814 35527 68060 35538 19143 34717 44642 33839 53411 36494 52531 69064 27491 30863 47008 67209 32428 53479 26745 65854 36848 52615 10036 32899 19084 47873 51955 4466 40263 48581 3780 24135 55443 9305 6849 31795 16224 30975 53756 40201 34585 28684 31282 17792 55118 62722 9372 6098 33120 26387 37156 6475 31746 36345 12693 14901 61273 27155 44760 22768 60803 35906 8340 63327 4292 22731 58037 33361 4203 40880 31588 14192 13284 31393 52192 21016 27727 45843 34009 26593 33373 10861 40603 66183 51950 48252 18623 31402 54766 47560 48275 67179 19657 18039 35559 25811 27752 53681 67046 44067 10850 27423 22428 44048 16471 5854 58729 22312 41902 49675 36767 17348 60925 7345 65670 68194 43894 35555 33105 1363 11536 60882 3998 35002 39506 18287 9688 53155 21051 27113 30451 50771 17358 27640 12335 15341 461 31822 23465 2719 60447 9849 56196 59934 50535 21374 29750 59983 53738 46346 9009 26369 7711 36335 65961 51842 17528 12225 7613 62514 4398 65339 44345 29488 25665 26536 13020 48114 42353 33550 14130 14872 49813 56293 42500 64784 64924 44049 547 51273 66761 11033 11159 34932 2700 53545 50226 19636 60428 58404 6240 25870 57255 46255 35763 29086 53413 49183 24261 66277 31365 58356 54592 36254 66270 11649 46303 48690 55228 56685 6162 53629 60771 2102 62769 27344 14262 65491 56885 13219 14904 60792 34576 6700 57069 63586 33634 1335 37866 1077 16390 41595 13277 27262 37274 43434 52960 19435 64567 61637 59337 5579 34594 58325 52847 40636 33949 56092 22512 34645 64500 26009 5721 47677 27286 39520 26193 22585 61701 38616 10741 42775 53727 56815 10967 34931 1229 40593 30119 27032 23530 37899 66406 29566 2309 30908 60245 61600 55673 41401 35788 49941 57545 68910 37838 63042 62161 60294 58344 67880 69050 54962 10803 37634 67400 30976 61631 43521 7573 1676 18162 58458 12379 55770 25015 12119 37068 33561 458 39837 12646 8387 61063 27058 40982 17457 4306 62056 24310 58174 53002 24073 14012 40025 17614 69964 63748 28809 58051 8603 14688 2027 15558 18948 5789 11138 26820 515 41669 67098 10753 11147 35768 23528 34322 17013 25141 31033 43187 40893 53011 67651 67466 27198 40263 8726 27857 7956 64504 26472 47167 1116 47528 27123 10700 51374 13796 45792 52294 59510 32758 31814 16432 17973 27592 33513 7680 2738 52324 33724 47292 58643 33961 34809 7528 29849 32282 45612 24102 2007 58302 37904 44797 22672 63531 5811 62983 23697 7363 12454 68396 26937 56117 42701 10496 26334 22468 48252 12475 54538 10099 41854 49740 10760 43019 43359 58517 15434 14336 65472 56144 10507 10744 22236 2769 61471 21419 37838 4078 44435 11720 59659 54042 57441 33475 5811 49758 65603 38541 38936 13987 26970 48575 16175 17643 20261 68411 21224 52211 51399 17755 2358 67957 30602 62835 9876 21926 27672 31168 22729 12364 58918 6413 4061 24464 69591 1527 21548 43655 20116 34217 4450 35868 37270 48107 63660 1350 31036 4007 27690 19527 24794 35411 46784 40116 18201 69894 62511 19742 47383 50459 44548 18692 36894 1283 67651 14634 1754 31069 27185 40163 15867 7231 8624 10851 67886 52468 25915 68719 30865 56455 23607 61960 25569 51485 65768 835 46861 54982 43034 31431 61208 34631 29788 56036 29318 11293 48320 26671 49241 11143 42838 43992 63681 46773 65473 13637 7092 32891 49997 8940 60533 45688 33538 21087 10295 39030 18952 67289 32370 11423 58628 28328 42527 60679 60731 7782 48740 38417 27488 12103 47608 49096 8324 50043 40996 64042 30037 3575 6514 68872 33765 41820 39526 34232 26917 11892 22294 43709 62136 52400 16689 8547 24171 57173 18847 45096 62613 1886 57935 18932 58750 13922 5034 38560 29180 42883 18010 28818 48157 974 49429 13431 843 28376 63601 17765 45474 32254 12608 20627 962 498 55494 8684 16355 40680 40035 53615 47215 65150 51434 67894 1853 4922 39121 14562 64022 65242 51570 48299 4308 28419 63334 15259 7752 53580 69271 14264 60753 67885 64273 31505 38537 44114 3712 13831 59720 4532 31403 48833 40031 6262 33400 43032 15953 25273 66337 25325 28391 26063 42998 24009 8240 13141 25303 19241 42188 18273 68931 8968 50316 41520 18657 49280 18086 58025 49743 61590 61878 28195 58388 31613 47317 12386 28242 58549 4884 28736 32144 35771 65856 3796 19331 50200 35839 48337 815 3967 25691 35897 52106 50975 3398 57365 34978 21953 43679 59544 23135 67565 7763 60450 45496 6656 41702 63065 28448 46231 45841 16731 2931 2976 28199 31150 18300 39470 1625 15353 58202 58931 6654 19790 17634 35180 56255 15102 39102 50027 67758 65190 13550 46807 1090 18054 13258 61704 52083 37222 3583 2548 66866 14851 69961 27317 28720 49985 40486 66823 67849 31135 65848 31874 63557 45556 66968 17865 33712 36639 66732 28869 49339 67203 45906 28201 37049 56480 17728 68629 4230 24579 46868 284 6354 26952 1832 69700 16109 19935 67769 12241 37142 14867 10347 16547 41024 57644 62213 12289 64309 57050 67977 38963 37041 47574 27467 5356 40628 1897 16755 29212 45035 25650 20437 58206 69850 21479 68378 36739 27578 34740 44801 14639 22922 1036 56225 1417 48360 25095 57997 57717 56653 6045 45835 62865 16178 48830 22 25089 26433 45667 43327 30171 31127 10478 36585 41273 45620 65318 47264 50366 20140 35539 50134 18044 16164 20020 64098 68809 67391 41275 23294 54178 36503 66172 46326 18377 36389 23492 44867 17477 12999 41905 4947 44686 62272 62080 3658 46263 37362 14717 68502 34877 45038 2567 13730 11351 52893 21588 29616 2301 22289 50614 18466 15707 61348 9116 31097 28461 4613 47379 61318 17069 9169 43824 57537 31354 13403 39909 33214 9658 53558 64209 25013 3982 12129 21903 55147 48282 53958 11342 27601 22896 60089 39424 69501 61710 69467 98 67700 21026 27320 48069 16865 7016 35808 42028 53317 24172 63246 25542 5789 51366 5899 37498 28874 22323 41220 68777 55752 51029 66672 68493 23189 30696 3424 56380 49136 7956 51190 41285 28711 36932 19074 5568 54264 33474 21303 51185 25675 56394 38374 1838 24669 57761 36391 62282 60306 1920 35961 40190 501 5900 30513 50534 39846 56912 38196 30180 29834 34111 26405 17546 52472 35368 16206 14925 22299 49333 11217 14655 59187 42540 19483 9939 17497 35061 55736 66737 39518 48060 25665 57403 15361 58354 62722 60897 26217 65254 53021 56511 23523 50044 19863 61441 22236 11954 57645 48269 7531 16946 4706 44746 37287 21937 11667 68768 40437 11023 13743 38545 59453 21023 54378 40134 56286 28494 51676 19811 55829 53133 34949 40367 29069 15604 55250 28649 32771 59483 1811 46817 33694 22659 6906 13012 9741 44267 58413 29256 60734 18770 46664 47012 14922 39493 7986 35711 41484 60355 2471 6576 67727 58988 23804 53155 62047 58465 66406 35073 936 7590 61829 2498 39200 24566 25246 66957 45992 68665 22087 47615 32237 56264 11308 11654 56349 152 58296 49849 60799 31703 14988 29414 49212 43477 14353 62848 23422 49312 36233 32849 60236 5593 55284 69916 42174 3053 20155 12996 31450 48316 21523 11856 17715 62981 40354 42697 39149 24162 1493 47782 31081 41599 64583 50050 43762 52504 14866 25840 2788 60171 30865 4799 64983 23751 11754 16767 19355 38193 44202 62324 57229 9831 34096 68301 56693 33099 43287 8651 39393 54168 1062 68771 51715 27892 36262 7511 98 17784 14709 45510 62559 23721 6997 69057 47354 58120 38292 22458 60546 7710 3408 15525 36664 63941 7352 52971 1509 45410 5561 60586 20474 22029 16290 31898 29301 12614 27055 42107 67201 29339 56362 30611 42453 14800 23326 56158 47307 26969 7502 63285 33570 40933 1491 43097 8267 7594 24996 9156 4500 43143 9473 11074 17735 68671 10560 48507 24299 43291 53583 57142 69775 40365 59989 53418 33912 28821 68694 2657 25943 42302 54652 34063 12179 24427 4740 69420 50380 37169 30996 58291 65789 69998 69764 52288 2668 6045 29101 21770 54643 49823 2428 43663 24330 40018 8998 30553 5430 37264 30282 15106 54924 26489 27987 18998 60360 34804 24643 26255 42111 13915 2656 59170 64001 65194 18535 13487 17444 63870 55512 47878 55177 61384 39692 44513 62683 52912 22054 54214 16793 52894 33140 53677 62206 53427 33045 54760 57615 55960 22524 23258 10848 43522 24164 2986 66198 54082 37612 60282 17044 5602 9886 49892 46607 4554 41829 57732 15922 57564 63859 3908 62098 41071 5891 33020 33428 69784 55296 17543 12837 25854 36442 16135 49849 59996 68810 13988 21074 65510 30741 47962 14273 10059 25307 29379 21139 64917 10551 30907 2712 14945 5015 40607 31333 17345 27805 46615 19660 44376 10319 44716 5786 46524 44321 46225 59959 57968 26724 34997 11964 48211 54007 3404 9362 5171 66940 40427 61307 30528 58969 7219 22919 10017 50116 58607 34914 53444 7237 4526 1100 29001 8665 30733 18201 6406 21156 51525 17183 34158 8583 49547 8856 6356 53215 45123 49658 28192 37466 52994 23497 41085 19716 49164 20650 47920 41082 34535 27785 37566 8678 33712 1619 25685 69438 8473 3280 32596 19826 69599 17744 67141 15195 8809 51701 285 20178 69920 11655 25967 2079 16988 15861 45746 6876 7065 41528 69484 535 6929 40066 69532 14838 19725 49053 54259 59155 32500 5390 28909 21325 55896 19880 66201 67904 17012 66497 37357 30455 924 18630 6174 9883 40080 31644 14596 15577 60216 25371 66331 9663 24290 63437 424 40416 35559 29395 31992 6549 33511 30527 5092 35159 27449 52992 13007 10024 4570 30063 19117 39018 56614 12549 3382 43558 9809 64298 26669 20111 39300 61629 52090 60424 49459 20136 18265 17628 20932 69108 14229 25935 51827 64164 51360 45902 62372 7156 50227 49395 66504 44885 6876 21269 6149 42017 21197 32251 9269 13087 12944 17282 43493 34659 35159 64918 9315 5858 47496 12552 166 44727 22110 29705 65440 4444 36826 6910 63985 57438 29980 10863 37366 61079 15323 34879 65348 42876 32138 6401 4199 30144 47835 32298 11572 3315 1058 56494 49585 24784 10181 51935 10192 66894 8095 22973 25814 64332 38385 22961 65261 65704 65012 12320 48108 48559 6959 27592 19221 19317 16156 67740 39609 58342 57086 27151 29321 68486 30251 50 21249 24246 54561 21896 68444 55988 4667 42678 61298 15852 11719 30769 42134 20713 4500 24889 37985 63630 6384 21553 16611 61623 48585 46104 34158 14906 69958 27146 40458 54372 47834 30610 36097 57545 533 55451 34012 23312 7993 24152 41370 27398 30821 37015 11491 60379 33921 12753 1521 11513 27060 2506 12228 42081 67565 64721 64127 9036 51768 43730 14298 14120 60332 45738 61042 25310 21904 5514 37542 45898 16019 69734 39443 57650 45232 4727 9577 48547 8037 12753 36225 44706 5742 35222 2278 57081 56088 9705 11991 44779 52905 43555 16088 40720 44426 16512 34120 37264 31933 17016 61282 39038 23109 22414 60942 22417 13432 43271 26825 62586 61580 34966 20634 62874 23198 56743 60317 1951 33699 31776 3162 19555 60173 28586 55241 55637 64142 60663 56016 2010 28473 6673 54302 38887 36157 61502 21207 33681 37205 25513 68571 13384 62443 42189 32538 64682 28647 19077 49088 35396 54968 15646 53579 20349 16716 63906 20329 24613 13922 41920 56033 59014 16650 1934 19351 60677 50462 50240 59345 45214 8535 28482 65368 18573 61497 53645 16715 31598 17318 64893 16549 29948 12936 6857 10195 61377 28703 51214 50784 10948 35094 64693 28543 40806 49971 15434 35668 37387 37386 42515 1635 39792 43577 66968 49235 61266 45354 24046 66969 44366 52595 44861 53239 36434 45884 25624 46964 1791 17718 45057 46860 3371 38402 16286 43891 38220 20888 41656 64084 31465 67394 1501 45140 479 57622 37251 5191 64109 41682 65184 8438 61188 64530 37110 39183 55174 16358 62218 38609 28085 69190 845 34591 28044 19535 49659 38653 45374 64511 12146 60928 13694 46996 41484 46347 18033 50677 44369 27831 6170 50999 54885 22049 3715 39711 64123 61856 57000 2565 30349 47937 48424 41585 381 64262 37819 47492 5746 27007 57044 14134 67995 65819 35152 23872 14578 17143 55089 29481 41191 38821 38199 20835 240 46446 69837 99 12214 41563 43401 38692 65253 38915 11543 18821 52292 45141 45960 6998 15207 18110 60836 21780 15691 15195 35756 18148 28758 23050 33493 10666 27721 61041 32540 11541 15950 62478 21935 7127 13779 8256 59261 49705 8557 67284 29045 33238 19549 13521 56333 36400 27082 50981 20931 9107 9970 62348 21969 35295 66923 4220 56392 49459 9440 42922 17535 4385 18644 47774 26339 46614 51720 9216 62053 35485 51954 7081 7391 6690 35470 44234 39799 25445 41058 51841 52038 16585 18778 2688 69067 38320 4037 55863 18284 53278 58492 14140 54354 66826 7338 24367 52323 54309 13220 13304 1957 61374 33606 51959 57135 49992 43575 60421 48697 36688 69550 38144 64865 58552 45060 19260 68293 58772 27817 37049 69349 25313 68268 64522 3897 65272 28746 31499 41038 26477 2226 51574 22499 
