// periodic
// number of jobs
1
// pi
10
// Cycle
100
// aperiodic
// number of jobs
9000
// pi
94 148 162 102 44 54 159 175 71 76 22 105 42 92 92 3 24 172 32 127 115 69 94 153 43 27 80 169 178 169 52 53 175 118 38 19 83 106 133 2 150 39 25 77 116 72 94 51 125 15 2 85 97 69 121 157 155 127 33 94 70 129 125 38 31 102 70 134 138 42 178 164 138 20 138 166 11 48 70 29 22 95 169 158 95 43 10 40 98 30 26 109 53 7 36 102 171 36 96 42 31 10 42 44 153 123 87 78 30 15 29 12 79 34 18 5 106 125 67 105 100 175 13 28 167 8 75 146 128 51 57 114 155 48 38 43 60 15 121 179 28 50 176 34 65 177 119 121 99 138 46 22 28 170 168 66 163 53 118 104 51 122 158 40 127 90 122 29 119 112 152 120 102 36 149 54 54 5 167 49 33 61 123 34 40 68 178 174 173 150 64 52 25 95 45 150 62 77 81 66 87 154 171 167 34 117 15 43 8 18 8 102 48 158 156 41 157 25 130 86 29 20 117 162 123 27 70 131 175 95 133 169 45 122 167 122 164 34 25 145 146 60 81 174 20 117 102 137 146 178 155 97 178 152 164 89 43 160 11 27 35 126 151 56 53 129 142 170 27 52 173 123 79 176 162 62 102 62 48 54 118 130 169 31 28 6 173 74 171 116 132 164 177 147 119 146 72 66 156 125 138 13 85 33 133 93 14 45 149 11 60 111 18 167 6 57 12 113 1 54 31 171 145 47 146 91 24 138 18 7 24 1 21 169 123 101 136 18 85 131 101 73 17 127 18 24 71 23 40 125 50 58 177 154 172 46 91 87 30 83 24 145 69 159 21 59 177 120 139 34 134 170 50 7 117 113 126 30 144 3 117 155 143 36 134 11 21 107 55 96 62 172 35 141 71 46 114 40 119 97 103 45 79 160 18 166 84 103 30 83 121 133 134 146 6 30 24 110 154 88 60 93 69 16 144 82 146 157 153 124 48 28 4 30 60 161 150 116 141 19 77 26 171 137 148 21 129 171 17 52 161 78 178 102 100 17 90 121 63 72 157 111 104 14 46 53 140 4 101 118 108 158 32 143 12 177 28 155 101 82 16 99 47 81 47 94 146 37 173 21 97 139 150 165 141 46 23 130 54 151 176 115 36 100 137 87 45 91 31 50 136 52 103 145 110 109 51 89 170 179 143 128 74 111 137 9 78 30 78 130 17 30 13 38 162 57 86 170 106 94 35 127 88 13 60 64 32 7 33 38 124 58 78 26 47 94 154 72 110 6 27 51 74 131 130 124 7 20 46 15 134 177 6 30 52 148 149 162 143 35 173 124 177 112 152 50 60 174 57 166 42 72 18 3 45 59 83 176 35 138 117 68 95 23 130 147 111 119 170 157 115 79 12 38 122 24 112 58 35 132 59 73 87 33 156 18 116 152 47 62 21 113 40 135 101 20 173 170 168 43 129 63 22 148 117 36 155 147 59 175 161 76 136 170 117 147 161 150 5 104 130 131 10 107 178 53 1 35 42 69 23 53 40 97 86 126 174 154 67 110 177 90 150 132 113 21 126 19 84 179 125 135 100 77 114 152 71 144 14 47 133 77 136 45 81 46 109 41 147 133 164 133 27 72 110 174 106 138 38 36 37 58 13 107 146 11 136 130 40 105 40 161 13 178 177 30 151 103 34 148 40 126 67 105 111 32 143 21 71 139 94 116 147 150 67 147 87 43 16 74 159 103 161 107 66 126 98 165 87 90 4 33 99 133 29 58 9 113 168 112 96 152 113 136 87 2 36 34 115 99 100 168 19 179 108 7 27 121 59 26 24 90 88 63 177 2 124 105 56 64 170 10 72 84 33 7 76 84 140 79 39 157 42 162 169 167 125 27 59 23 121 23 158 173 66 11 75 148 17 152 168 30 26 62 40 117 115 159 99 125 178 21 158 35 165 159 58 37 76 45 85 96 113 153 103 36 106 173 142 19 79 58 171 118 21 70 71 55 178 162 179 5 74 83 44 107 4 127 112 18 99 111 149 50 25 59 72 26 175 76 179 3 7 79 64 53 128 10 147 100 110 176 64 7 133 169 86 85 44 89 161 124 92 96 142 22 142 52 50 41 35 166 140 3 17 159 29 150 113 79 147 138 150 122 100 85 69 169 76 92 92 32 14 23 159 103 66 104 48 131 74 85 156 10 159 150 9 157 73 5 24 52 165 19 126 78 129 6 129 31 152 1 65 164 4 76 32 146 109 55 33 9 52 71 36 57 129 66 50 37 141 93 13 89 132 110 107 15 162 119 122 174 72 66 138 129 127 18 173 22 141 137 140 129 92 120 18 127 84 30 54 41 96 133 10 60 128 139 69 84 110 45 176 145 121 91 106 129 89 171 61 66 139 31 17 127 71 96 131 142 111 156 102 142 157 9 76 19 26 40 117 74 72 164 7 86 20 23 81 99 169 2 76 166 6 92 156 20 148 153 162 48 164 142 83 56 121 138 163 155 170 99 57 148 17 96 79 66 37 147 159 90 31 131 97 153 154 118 168 100 46 98 57 135 79 74 100 30 75 43 33 109 171 175 109 171 119 177 126 6 151 179 90 109 62 171 119 93 122 91 146 118 121 108 123 140 150 65 65 66 7 153 125 62 31 8 95 88 173 126 58 179 5 45 43 157 175 50 40 176 41 58 65 126 38 35 153 159 88 24 174 16 31 89 95 136 128 95 175 90 71 22 74 74 108 155 10 113 120 40 40 40 19 5 2 44 127 10 169 107 177 58 150 8 35 168 59 91 110 109 135 152 25 79 40 12 110 144 114 59 81 141 3 89 108 52 176 85 18 121 87 99 57 92 126 100 4 99 70 178 71 179 162 32 10 130 168 143 19 82 25 3 44 8 125 30 84 82 43 83 70 150 132 3 172 175 142 38 104 73 21 100 171 104 46 100 140 150 116 150 80 173 27 157 83 166 113 21 76 132 134 67 39 23 142 39 122 173 54 23 95 96 30 55 56 2 45 110 50 30 137 121 135 116 37 84 145 157 75 122 30 6 167 37 167 82 124 25 4 68 86 145 119 59 109 76 109 50 152 179 89 166 171 60 168 152 173 23 85 176 90 168 32 42 8 113 168 54 53 29 175 57 61 177 115 134 148 112 24 166 127 118 178 104 18 86 144 145 20 89 105 58 60 50 95 47 147 119 111 149 17 57 138 135 159 130 55 120 9 172 130 140 169 146 129 163 4 55 143 55 30 117 17 173 18 74 109 63 35 151 170 8 124 140 148 151 91 57 8 156 159 139 38 152 8 73 94 35 177 66 81 130 114 3 17 31 46 99 80 99 77 83 27 101 135 26 70 66 133 68 168 66 92 70 101 80 157 67 16 111 83 25 54 82 122 14 97 10 33 142 22 105 16 47 103 26 59 98 129 20 111 149 99 46 120 3 91 66 105 93 128 152 96 9 19 50 42 1 169 7 164 91 80 154 33 174 172 176 138 80 139 135 76 149 169 16 105 54 15 80 104 19 145 55 106 57 118 156 78 149 58 71 25 107 36 164 87 178 150 41 33 82 101 167 26 123 113 168 82 158 61 97 86 148 54 66 111 134 117 159 173 152 136 21 113 102 24 106 5 139 90 37 95 171 151 164 24 68 108 30 131 127 100 26 164 126 93 153 17 93 91 80 34 101 61 90 36 108 22 102 148 101 77 40 58 169 21 144 17 38 17 80 83 88 36 142 164 54 4 149 76 98 59 133 36 103 165 39 18 68 91 81 57 91 95 143 40 150 139 60 96 171 23 83 11 52 27 14 43 145 168 48 137 94 65 177 81 53 114 25 135 78 115 24 142 153 31 143 61 117 17 130 44 3 174 87 106 81 54 135 105 95 57 12 156 52 133 47 7 2 62 110 90 37 128 103 124 82 109 17 124 152 93 43 24 18 26 21 64 141 13 1 36 8 91 82 115 49 33 114 153 155 178 121 83 45 149 125 170 38 110 101 121 121 165 140 88 169 169 52 17 117 93 157 140 163 114 20 36 70 29 91 2 89 161 23 75 17 89 26 35 128 64 16 126 2 47 150 111 117 77 102 128 115 133 117 98 105 129 4 137 128 75 78 23 123 161 56 85 62 106 119 33 67 78 127 127 129 127 127 7 57 133 64 93 69 137 44 101 175 29 19 13 75 145 18 57 61 72 74 73 62 134 123 66 2 31 145 53 115 12 14 168 166 164 18 23 98 121 72 14 74 72 82 63 64 91 4 177 126 102 29 68 34 160 117 139 36 22 13 129 67 106 68 153 144 11 118 161 30 100 43 70 109 130 99 15 107 131 141 65 36 9 175 2 78 174 146 107 96 18 83 152 40 115 132 31 10 93 28 15 126 116 47 96 57 55 120 39 120 90 118 129 1 81 29 108 44 139 20 90 113 119 84 5 25 17 57 49 84 148 30 65 162 10 24 40 60 147 179 50 30 3 128 72 11 75 45 28 55 94 1 94 90 128 1 37 140 121 23 86 23 140 119 116 7 2 175 113 29 148 137 81 168 96 96 32 36 122 77 177 16 115 28 30 126 83 54 9 89 36 134 147 126 106 144 143 141 90 139 28 82 134 25 46 117 106 93 13 87 176 88 74 108 125 144 99 96 136 9 10 111 46 178 124 67 171 132 94 128 15 86 178 156 91 147 78 39 172 86 48 126 47 84 104 126 42 73 87 169 98 106 44 54 160 74 86 144 2 142 47 20 130 131 38 138 133 153 158 72 122 109 148 79 155 19 111 107 50 166 175 128 171 177 58 82 78 140 40 16 148 88 47 104 18 155 161 42 64 79 119 25 123 84 75 74 103 79 138 145 105 44 16 11 107 71 51 106 24 30 19 130 15 96 80 38 116 143 71 43 121 144 160 98 48 12 84 19 24 103 125 115 60 23 100 62 132 117 166 42 3 139 37 28 135 123 9 45 38 176 55 43 178 23 82 125 28 64 153 83 41 96 112 177 175 80 39 155 127 39 40 116 79 119 59 91 132 127 24 102 6 118 98 148 68 59 171 166 20 71 98 29 140 113 37 139 15 131 16 146 143 61 23 128 132 135 103 40 30 101 3 111 98 17 139 96 10 5 29 166 178 10 93 71 161 33 25 27 151 176 8 15 29 70 3 87 166 51 18 92 79 21 83 49 106 152 65 29 110 50 132 38 144 156 23 116 39 7 152 26 86 11 108 149 77 88 81 17 23 166 6 2 37 148 131 76 58 178 59 24 77 161 49 157 114 30 80 64 124 12 141 23 26 30 154 10 30 109 174 62 28 11 101 26 53 72 175 142 165 22 128 82 136 49 56 34 135 3 61 89 140 121 111 13 61 101 166 19 94 105 146 134 19 55 104 147 102 97 108 34 62 136 72 49 98 117 72 26 28 116 83 146 108 109 166 27 160 31 153 153 17 165 65 115 82 171 155 36 100 86 66 110 48 135 78 156 51 96 26 61 101 113 127 112 89 170 86 159 138 77 117 31 145 64 93 139 44 52 74 87 139 117 64 110 131 1 2 120 160 174 29 116 114 150 169 98 4 152 161 171 90 171 117 42 31 62 102 94 136 69 39 169 65 178 106 79 53 30 27 112 7 87 112 169 146 44 155 76 25 64 151 89 37 144 74 51 113 46 83 147 110 66 25 45 44 55 11 1 110 179 21 33 178 155 179 1 26 52 56 41 45 175 11 24 155 90 89 147 103 18 171 56 32 87 148 116 77 27 90 138 22 35 68 81 1 78 37 175 124 112 116 137 149 165 75 3 63 36 56 53 97 15 124 43 106 4 105 45 132 161 12 165 178 107 169 7 92 92 99 146 24 65 176 89 123 96 8 7 159 168 152 146 59 101 38 82 139 30 75 24 104 162 170 160 59 81 7 36 84 26 42 164 20 20 128 78 102 41 134 53 151 156 87 143 14 143 45 103 171 111 106 176 64 140 142 99 77 128 71 164 77 66 9 78 129 174 37 175 149 163 102 167 35 134 156 10 55 134 175 153 88 22 114 156 74 87 76 56 127 149 151 118 172 138 142 108 53 150 14 24 107 170 64 6 87 90 146 140 93 134 89 146 139 100 83 169 119 97 76 131 24 35 7 152 58 121 109 108 27 118 7 122 168 62 122 167 106 92 20 66 32 178 150 117 2 82 45 161 1 163 106 12 88 99 132 161 102 167 72 23 31 97 65 33 30 167 21 14 61 9 68 114 119 33 1 58 167 102 4 49 148 52 149 92 143 89 20 7 108 77 110 67 175 96 150 166 126 135 7 151 165 72 23 27 164 48 67 107 49 1 120 13 152 163 161 155 131 148 32 130 108 133 8 169 110 147 101 53 175 93 16 103 167 147 170 25 107 31 155 67 4 55 164 11 10 71 17 98 151 148 166 91 71 152 18 90 2 68 11 17 69 4 61 99 36 157 120 179 81 65 53 21 51 29 168 123 115 157 173 29 9 123 109 86 148 27 141 138 172 88 86 37 107 169 134 111 113 57 85 4 80 11 134 127 55 163 75 137 38 106 167 92 88 42 123 19 73 177 2 102 117 111 175 107 156 125 92 158 144 21 94 140 60 59 155 44 80 124 99 69 140 161 105 29 72 175 130 122 39 28 13 151 3 169 152 152 91 8 68 58 16 89 60 71 111 5 147 161 136 81 118 51 3 30 75 161 95 120 3 119 86 112 100 53 176 146 81 75 3 104 171 84 91 113 22 68 158 92 138 93 28 35 38 2 164 35 113 132 35 81 123 45 129 152 8 133 104 19 98 92 68 168 149 99 158 60 94 12 125 136 162 48 104 129 124 125 168 16 75 150 134 4 112 174 165 110 123 138 85 95 142 48 28 151 89 18 173 23 39 19 105 119 167 114 11 40 7 63 29 94 135 77 62 179 58 43 105 74 147 19 166 92 151 30 94 57 168 95 127 16 34 127 165 18 141 169 143 157 105 102 73 83 140 111 21 32 173 10 80 169 108 146 90 91 144 141 148 5 49 53 38 84 13 144 124 4 35 115 5 141 127 70 79 47 82 37 120 129 89 65 45 151 177 88 30 156 61 39 64 175 128 22 139 50 39 26 25 71 75 168 14 130 57 61 154 128 131 72 101 136 82 152 75 21 116 136 75 160 114 42 24 87 92 156 153 168 102 28 25 149 80 154 72 163 158 175 3 106 148 32 82 58 86 91 132 46 14 33 72 44 173 17 139 128 62 42 115 51 82 114 105 152 168 171 152 147 61 155 137 172 30 133 171 23 106 119 176 5 16 12 69 142 90 46 64 102 82 48 24 141 74 113 121 89 25 176 72 23 92 162 24 136 31 116 147 172 119 156 104 114 66 111 114 67 113 69 117 87 144 38 77 137 126 54 152 171 46 132 7 101 96 85 167 116 11 55 142 38 1 13 124 103 179 104 60 149 143 89 9 174 146 49 51 79 178 123 87 86 130 64 36 71 176 19 80 137 14 66 12 152 29 95 153 37 52 85 115 175 33 24 85 5 133 6 140 132 163 57 4 150 141 115 133 108 81 165 125 47 174 71 167 128 178 51 127 85 2 90 132 95 64 85 147 168 165 156 69 41 119 170 64 24 59 113 110 145 56 66 56 141 11 22 33 62 75 88 34 172 12 41 80 115 30 93 37 67 141 140 124 153 163 163 7 117 113 71 68 120 101 137 150 28 5 129 113 7 17 163 162 75 155 77 27 147 176 9 128 166 60 86 140 101 23 74 51 86 151 142 26 179 58 76 65 23 113 20 179 74 144 7 88 151 173 169 73 117 152 116 25 3 123 105 68 80 106 26 37 110 38 119 130 25 32 40 140 71 71 68 139 172 171 44 14 6 162 99 108 48 93 110 22 123 117 9 136 74 6 68 152 71 145 133 143 48 8 164 16 3 142 47 18 53 73 42 11 58 154 136 113 125 169 61 86 152 160 178 132 155 48 134 4 3 141 84 154 38 42 9 118 104 148 141 1 139 15 48 64 145 11 91 127 78 27 138 77 135 175 111 124 28 100 162 83 101 159 113 126 77 113 157 65 139 126 6 167 82 125 114 83 26 59 103 100 107 25 3 89 7 3 68 107 107 79 128 123 13 73 79 111 29 75 106 130 4 142 160 119 58 95 94 127 135 130 4 22 172 59 98 26 79 7 18 117 148 170 22 145 16 159 164 66 123 25 57 158 97 29 143 64 29 108 124 61 149 63 120 75 46 42 174 110 154 91 146 70 84 71 4 90 57 31 168 24 98 103 19 86 72 138 174 61 153 57 59 104 106 48 20 55 80 177 157 24 98 11 132 162 16 110 93 119 151 132 99 170 59 63 35 11 116 142 158 148 119 69 85 2 60 9 173 177 68 67 92 113 171 172 122 105 82 87 103 26 132 46 143 34 39 166 52 164 22 60 128 94 174 119 15 48 64 79 28 28 69 55 143 73 68 158 130 17 112 18 106 68 145 163 116 171 20 167 94 137 85 141 131 126 38 141 48 68 177 73 123 149 23 53 56 26 167 11 65 1 144 117 107 57 175 32 76 149 90 127 165 54 1 1 76 95 129 176 174 173 158 154 76 38 28 139 58 59 151 91 19 51 115 60 77 34 14 48 175 109 153 167 142 55 48 140 166 161 179 103 25 146 21 143 155 44 14 133 151 82 103 134 97 67 31 41 119 115 132 150 63 176 77 50 162 135 36 38 179 23 134 112 30 53 39 69 22 63 124 89 83 169 111 161 47 167 163 138 108 111 30 104 1 127 161 54 60 34 126 130 97 73 92 101 160 125 104 25 158 161 103 148 63 36 12 12 105 51 24 147 116 30 99 115 68 178 10 114 75 179 175 118 106 74 146 126 87 140 1 13 155 116 115 134 22 32 168 75 119 1 40 17 172 171 107 62 27 68 18 112 119 40 140 148 138 65 178 152 71 107 136 61 125 6 18 59 115 4 8 149 40 136 158 174 122 80 55 174 167 69 52 114 37 87 30 10 44 105 87 173 55 37 162 155 56 117 8 12 63 74 129 48 2 62 103 36 139 162 73 54 104 41 166 167 141 32 108 104 15 179 125 85 71 10 52 35 80 139 99 132 147 8 4 15 148 24 130 176 135 117 82 144 83 51 129 136 122 93 153 163 155 159 141 9 34 22 126 45 21 31 139 174 13 72 36 39 14 172 20 68 169 148 140 45 117 130 50 79 94 173 165 46 102 30 21 145 31 136 121 93 69 13 103 1 164 52 69 103 108 28 11 25 127 90 58 47 23 157 33 114 44 10 148 21 41 81 97 68 66 42 69 140 116 67 71 64 178 72 59 95 141 160 177 98 87 60 23 72 110 130 12 131 53 98 20 123 82 111 50 15 64 35 13 36 120 135 128 176 16 151 7 11 91 166 176 70 25 81 61 35 101 9 128 174 89 15 57 128 139 173 178 162 65 67 69 40 65 134 60 97 97 19 157 112 78 71 39 110 11 158 10 163 123 73 54 154 77 115 45 164 14 2 148 104 121 16 100 56 73 14 5 23 69 132 121 150 30 116 29 109 45 44 98 139 48 1 54 70 122 91 158 86 98 150 173 106 1 7 159 136 26 152 157 104 115 89 123 178 71 56 148 9 24 170 166 43 65 122 118 175 61 149 61 93 113 4 159 95 102 66 79 28 110 136 121 102 131 28 45 95 153 45 178 158 156 157 149 144 26 150 3 144 78 100 103 175 18 148 41 141 58 146 144 2 123 39 158 170 140 135 149 46 79 176 170 113 114 51 131 43 75 32 128 118 14 152 49 138 146 19 111 99 2 168 138 165 5 62 46 22 161 86 65 39 174 131 86 50 161 70 1 22 51 148 1 8 50 123 80 93 153 117 36 170 60 5 68 14 24 114 113 116 55 176 115 39 134 176 129 160 149 78 149 50 159 76 23 162 153 39 123 151 35 54 67 78 91 31 160 53 88 15 134 95 49 100 100 81 139 102 93 43 45 23 46 15 87 43 48 91 100 171 131 60 73 150 21 65 130 41 53 76 10 2 145 127 4 96 136 43 135 120 146 64 136 12 148 157 124 93 71 30 129 162 64 8 17 77 58 23 163 104 179 42 164 75 46 28 78 81 9 155 175 122 5 2 142 65 37 172 156 31 76 162 69 11 57 28 156 150 17 136 46 124 33 20 54 121 7 66 152 167 147 169 16 126 17 160 57 153 41 135 156 73 165 128 1 53 137 123 89 135 89 59 103 111 107 174 153 78 54 140 153 150 82 131 179 52 115 43 11 173 129 133 141 61 132 158 136 119 100 32 104 75 78 84 105 148 48 83 10 119 75 61 76 120 101 56 133 37 88 148 177 150 75 174 22 56 104 85 174 102 44 17 47 56 111 152 107 99 153 162 28 128 95 132 113 50 32 12 102 140 34 27 176 15 133 155 19 173 23 160 145 148 16 21 74 114 89 44 18 17 76 38 39 41 177 10 172 133 53 126 64 125 3 39 62 61 31 61 5 116 59 105 81 123 112 33 47 73 66 99 81 174 161 74 15 51 73 16 68 7 22 80 91 91 161 139 147 55 1 152 8 35 74 59 118 138 4 91 168 44 79 13 55 60 80 20 125 108 147 104 144 34 170 148 50 134 150 53 111 146 14 61 31 19 112 104 130 66 119 127 147 58 60 152 71 151 60 138 32 30 14 46 83 165 63 172 9 25 137 15 165 130 177 88 38 68 17 83 163 111 127 177 152 16 44 179 34 69 94 72 179 54 116 11 15 75 64 50 26 101 151 27 165 174 171 150 178 141 89 50 65 171 108 60 122 172 101 47 11 164 109 155 173 43 84 99 14 4 36 165 165 20 43 115 158 94 102 102 95 143 90 73 30 157 70 15 152 60 88 147 68 50 122 149 113 159 43 67 98 98 8 103 7 97 73 137 1 16 128 47 108 137 90 93 142 33 162 38 47 139 30 98 114 23 178 119 155 33 84 102 105 163 42 118 121 129 28 136 36 19 31 33 164 52 168 64 90 173 165 14 175 42 143 125 11 171 156 33 103 59 63 138 70 41 50 128 26 120 49 91 148 124 163 116 147 128 110 112 139 127 61 27 173 131 76 169 61 175 16 99 114 56 73 170 8 73 120 6 21 104 150 117 133 170 52 58 60 162 122 1 114 19 145 93 129 37 157 156 16 81 25 161 22 23 160 176 166 140 27 92 14 92 5 73 123 20 26 5 90 26 65 99 75 46 32 178 179 123 170 179 94 82 61 20 178 71 73 147 56 165 135 11 44 86 26 131 177 112 95 174 74 124 179 142 119 43 45 73 87 179 126 161 161 50 104 36 31 112 22 81 118 103 152 121 97 154 151 91 98 106 65 72 175 130 131 163 33 60 122 71 164 72 53 4 100 178 174 134 117 89 135 55 78 35 171 12 83 171 11 38 167 83 97 119 76 172 3 65 70 54 9 169 47 61 125 124 156 64 32 3 40 148 68 80 114 170 114 104 107 52 67 124 174 48 145 176 165 60 103 20 11 114 59 124 19 156 130 29 55 94 54 80 95 158 146 149 40 174 66 65 61 2 46 167 166 82 172 126 125 63 65 163 158 135 87 90 148 90 174 27 155 156 125 140 61 120 62 49 90 13 21 116 30 173 175 14 77 114 22 137 16 18 13 1 84 77 17 151 110 152 34 163 141 178 32 5 12 103 109 91 165 146 83 66 101 173 91 35 172 167 67 177 69 148 156 13 167 22 139 1 95 163 177 93 24 57 96 14 79 158 23 107 139 149 105 97 39 109 57 107 47 23 41 140 135 101 69 48 174 139 151 90 108 72 53 114 174 14 139 5 148 74 96 16 84 141 138 142 47 112 63 138 70 86 99 79 68 1 178 112 33 147 43 179 45 167 152 69 28 11 108 168 126 71 33 88 105 68 20 34 109 95 109 149 175 3 119 100 9 78 134 135 94 159 3 107 156 150 67 130 21 58 70 117 103 155 11 135 34 4 99 54 21 179 137 70 119 103 129 109 116 45 60 109 19 101 78 61 84 84 94 71 139 132 101 112 56 55 85 5 76 135 16 65 178 66 33 144 150 83 54 45 134 112 148 86 113 95 106 163 51 108 98 149 102 128 174 101 14 162 168 14 130 16 111 164 85 175 129 167 93 90 81 137 154 164 61 25 178 65 97 19 104 44 47 3 154 38 130 34 168 52 61 142 167 63 143 94 140 38 174 21 151 17 71 70 130 172 126 8 130 5 26 111 162 77 93 79 65 82 1 153 53 78 70 71 123 10 141 145 2 141 88 103 67 49 85 132 36 61 108 106 37 52 49 17 107 88 1 157 156 126 11 137 125 90 127 7 56 18 144 75 45 151 169 163 40 163 4 145 169 144 170 63 91 163 115 43 174 3 109 13 143 115 143 179 102 54 59 78 50 44 90 90 82 179 166 57 177 56 7 112 75 147 47 148 113 171 41 45 158 59 17 130 93 81 174 26 73 63 84 41 48 60 59 154 89 29 99 80 118 103 68 75 56 92 119 152 140 165 50 156 48 9 118 85 96 176 114 170 3 126 68 92 176 15 58 55 147 48 76 177 82 147 140 104 43 89 62 115 72 113 50 31 23 117 158 167 28 65 42 70 72 53 119 5 67 105 71 3 52 66 103 166 90 91 103 178 151 117 45 42 82 137 81 128 78 126 109 17 18 173 84 79 141 116 127 79 110 138 57 54 112 24 8 101 9 52 146 121 152 133 102 85 49 23 39 8 105 11 8 173 170 86 137 46 68 124 6 21 111 19 174 116 82 21 67 158 67 6 137 40 10 76 150 163 124 44 107 15 68 165 161 94 146 78 146 103 91 110 26 17 136 27 38 39 68 91 165 57 73 115 79 137 68 18 9 17 106 78 83 6 53 108 48 28 177 143 64 84 113 126 13 102 92 93 141 13 31 102 94 141 145 96 141 36 86 58 5 154 111 150 16 5 83 109 80 48 6 112 53 76 45 135 55 140 27 150 112 19 137 157 44 28 81 101 119 127 13 81 13 107 169 117 139 8 79 153 136 124 122 23 1 62 102 106 58 74 90 167 179 175 134 139 71 37 42 100 150 107 34 170 148 103 124 26 179 132 116 80 119 165 7 45 43 36 135 136 108 47 87 153 77 89 63 78 164 41 39 179 27 85 103 149 88 14 9 139 83 99 35 147 166 13 169 88 170 104 78 142 129 92 106 152 175 12 70 152 13 8 70 51 79 170 128 122 43 29 22 50 170 65 80 53 122 66 174 111 130 7 168 134 21 1 176 107 150 159 66 121 43 135 14 137 26 122 100 83 76 69 120 107 35 82 118 139 58 102 84 40 175 138 155 74 16 135 53 84 135 14 11 167 91 108 4 22 129 167 94 75 13 7 68 2 26 91 25 61 120 103 59 127 48 158 120 161 118 23 132 116 48 125 17 7 125 35 141 162 18 160 86 175 60 66 99 35 117 8 133 63 106 49 126 27 75 41 175 154 10 148 178 54 109 148 88 126 1 121 132 66 12 48 142 101 107 141 162 171 90 16 165 160 169 144 19 116 151 44 115 50 136 148 2 121 26 76 80 167 160 82 138 139 75 44 140 82 170 24 161 18 120 65 52 51 30 100 58 91 152 40 106 36 46 166 42 17 25 116 21 12 14 28 117 141 161 98 52 73 135 39 8 115 102 18 26 45 62 154 102 114 20 38 147 41 73 74 97 116 65 77 97 46 56 13 148 179 78 61 62 1 21 44 43 176 157 17 81 27 16 125 132 142 156 13 127 140 89 155 71 152 97 35 19 98 126 56 136 168 83 47 88 57 122 55 149 132 4 177 34 166 19 41 129 160 67 42 144 98 143 129 21 57 151 36 99 123 144 128 149 37 43 5 144 178 94 132 174 11 157 131 175 37 122 110 53 158 26 60 110 137 92 166 177 172 13 65 159 53 4 88 68 103 132 62 12 142 178 159 141 113 38 124 17 149 21 5 158 142 131 3 18 73 9 77 96 168 172 113 82 70 29 160 177 140 141 110 65 14 7 63 148 114 102 116 166 168 5 116 68 65 94 142 89 121 45 139 53 12 32 172 98 81 57 90 26 83 133 128 5 123 63 43 157 89 157 113 176 92 106 145 99 102 122 43 74 48 48 11 164 78 54 126 18 50 139 48 103 59 104 40 1 111 72 166 65 160 119 100 55 137 91 154 4 161 11 156 48 33 167 178 20 87 148 103 11 132 75 115 148 160 25 104 148 46 27 162 92 7 150 54 54 111 80 176 62 162 86 169 19 71 51 162 45 170 67 171 130 115 81 178 8 121 66 5 42 150 168 80 115 116 172 145 104 26 91 98 25 93 161 27 160 150 40 24 56 83 20 20 121 14 117 91 132 31 16 29 26 155 84 126 157 60 79 30 55 92 63 108 55 67 154 131 105 81 88 134 83 170 5 141 89 167 69 99 2 132 161 41 156 110 127 17 25 32 41 164 66 52 90 138 103 82 157 170 9 125 146 3 14 24 31 153 139 123 78 36 68 34 78 142 28 124 3 140 28 172 148 80 154 121 24 168 113 133 168 90 92 135 48 67 31 141 67 6 45 53 14 161 78 135 53 76 37 167 15 90 53 50 101 96 80 167 114 129 141 65 172 87 22 30 17 66 88 50 22 35 73 163 104 76 119 178 93 164 28 75 17 110 68 15 24 142 36 54 134 136 142 136 16 93 104 50 58 29 177 3 67 76 131 141 77 12 163 167 27 78 65 29 145 165 170 80 59 137 9 103 144 41 99 46 115 96 56 99 165 139 39 103 59 179 58 1 174 128 82 153 135 78 138 132 158 97 129 14 134 117 83 135 164 128 125 95 121 178 104 130 80 126 33 63 91 12 45 124 5 173 123 154 93 70 65 15 157 125 12 98 31 30 52 5 56 116 21 142 96 36 32 124 156 63 140 120 179 113 174 111 31 130 173 176 132 116 59 39 65 94 104 161 81 3 73 140 128 32 108 5 110 104 69 3 100 140 61 166 152 127 50 91 176 53 31 173 67 95 92 77 72 51 162 85 56 148 167 166 105 23 96 176 83 16 128 106 75 158 15 22 9 133 56 69 148 62 63 92 109 24 26 177 138 55 75 103 163 132 19 50 163 58 15 23 153 162 40 66 177 78 174 167 128 41 143 106 12 175 50 79 84 128 156 46 15 49 49 122 171 127 30 33 178 176 27 127 89 47 107 91 13 165 99 14 154 89 108 77 165 48 88 14 32 54 66 80 43 89 3 15 80 14 49 165 91 87 159 63 104 170 74 145 91 164 20 6 120 116 93 22 96 143 67 44 104 79 65 16 7 7 132 162 15 106 5 48 16 169 108 124 161 73 163 175 123 126 171 154 175 39 114 157 26 117 24 158 97 154 7 178 167 66 143 22 99 17 16 10 38 103 39 28 71 26 126 70 153 110 22 128 110 96 43 167 92 151 105 66 26 74 112 17 76 82 63 47 104 51 153 117 1 55 9 78 131 137 14 84 51 75 137 70 14 83 93 39 82 170 128 64 154 40 18 82 27 75 30 82 52 9 31 146 99 159 43 76 73 111 5 112 66 3 82 52 136 77 80 153 98 43 109 157 116 160 178 64 65 138 119 134 46 79 78 149 63 61 161 178 174 156 41 76 141 30 160 58 155 36 64 147 83 21 158 142 19 53 104 122 10 52 28 45 91 146 152 18 168 112 98 134 168 147 150 96 7 124 131 50 80 56 33 170 5 152 60 104 132 145 49 28 4 101 91 44 27 174 148 93 156 86 129 54 91 109 79 92 52 5 163 39 111 4 177 38 23 158 89 34 177 169 2 64 61 45 16 22 130 72 75 161 114 60 107 104 160 159 59 94 170 55 93 129 14 99 3 41 170 64 95 108 114 70 122 132 93 148 119 84 93 50 42 86 124 105 45 112 19 97 141 73 148 45 132 2 78 92 135 25 96 111 142 155 72 14 112 49 85 143 87 178 32 27 4 109 75 137 179 70 44 175 23 15 1 5 163 31 31 16 164 51 108 82 115 32 152 68 81 144 1 58 168 66 107 138 109 38 11 131 56 26 153 108 52 97 109 34 103 108 135 10 124 134 128 115 175 15 37 51 166 146 138 1 139 73 65 80 9 149 54 18 71 66 70 164 150 39 84 179 86 173 109 119 168 87 1 124 66 38 6 124 96 110 19 14 24 80 102 35 15 46 150 67 125 101 77 71 152 38 69 58 118 3 168 124 62 84 123 51 1 177 53 12 175 68 120 6 134 43 48 127 29 135 147 136 176 119 63 98 41 110 176 20 7 51 24 34 108 15 20 8 5 168 55 42 15 151 22 106 131 178 127 127 132 63 122 177 167 63 160 103 18 86 68 107 153 11 156 90 2 133 145 3 82 50 99 40 69 150 174 149 58 29 31 30 7 79 38 105 150 22 137 112 110 153 104 5 94 6 34 21 86 65 108 171 81 145 102 127 136 16 77 81 126 177 124 102 126 71 32 145 18 84 100 79 151 68 38 58 61 28 119 63 27 136 83 134 54 146 154 123 169 10 134 125 118 99 41 53 50 133 102 73 6 92 52 160 174 131 141 88 136 59 47 54 44 28 9 58 54 146 47 158 76 142 134 65 15 59 78 56 82 45 19 90 144 79 55 167 120 38 82 163 98 10 177 92 122 159 25 35 86 41 21 64 155 147 120 55 29 109 162 93 23 126 54 96 112 65 140 52 163 77 95 65 172 23 21 33 160 153 30 76 98 21 3 45 168 84 101 155 89 102 51 168 1 154 73 140 121 71 20 49 94 114 116 41 3 63 125 14 159 17 63 44 113 46 94 79 31 6 136 146 76 133 171 9 40 128 88 131 170 56 21 21 166 136 65 151 90 85 97 154 13 179 118 118 85 50 123 54 143 130 122 107 41 32 56 78 141 167 77 1 173 12 63 8 13 103 161 71 37 88 5 12 1 84 153 25 106 164 146 174 20 6 173 114 122 108 177 110 12 142 47 51 126 7 169 62 148 81 149 94 74 98 24 77 11 144 108 23 7 151 13 51 115 122 178 170 172 63 175 33 95 29 16 97 12 147 5 23 128 53 14 12 109 40 179 20 2 73 115 47 5 34 52 111 31 10 23 28 76 68 100 169 71 148 15 148 3 23 77 57 58 64 3 60 150 108 30 173 152 126 33 70 58 117 167 177 10 67 43 176 160 67 9 161 94 79 83 54 102 176 76 159 174 85 105 35 165 44 126 15 75 84 17 118 9 164 34 92 27 119 164 163 114 60 140 127 114 167 41 161 96 165 128 158 4 34 108 82 62 179 3 170 145 132 82 137 138 10 177 65 23 145 122 50 110 83 62 118 178 15 117 91 11 86 56 155 9 141 136 63 76 78 69 156 84 138 54 44 154 6 116 167 127 166 138 140 153 93 129 105 173 95 121 30 104 40 32 178 124 110 67 140 81 33 117 73 38 100 142 167 124 143 48 135 123 91 101 68 166 54 2 47 33 93 29 177 28 72 121 56 53 35 161 169 176 136 34 52 120 16 147 158 68 88 106 153 164 140 120 99 30 60 29 51 73 104 58 116 136 113 49 72 16 43 89 8 52 123 114 127 115 149 126 92 106 130 120 40 58 75 124 94 52 13 141 71 5 8 122 1 37 35 162 98 50 67 62 111 135 84 62 38 77 80 35 137 136 50 60 113 111 57 82 83 112 74 147 17 67 63 66 88 6 114 45 5 117 33 41 84 17 99 16 157 35 39 28 90 52 3 139 81 60 84 34 165 76 108 177 85 5 161 124 2 39 69 57 60 26 144 156 50 139 73 90 78 132 176 94 57 94 119 90 96 103 100 119 51 8 168 57 120 88 127 19 42 76 24 148 43 101 60 50 60 62 123 8 37 133 150 128 85 169 179 85 160 162 35 107 172 166 17 170 143 143 87 65 39 102 4 125 37 5 119 9 115 93 7 79 49 30 38 38 98 24 128 120 35 98 85 70 46 110 14 77 112 159 33 128 162 131 139 47 107 43 89 164 175 13 55 64 4 168 120 157 147 154 178 10 125 140 12 95 104 154 122 148 27 179 6 51 129 17 61 166 145 155 92 54 12 120 82 130 14 131 141 6 173 65 148 32 117 134 18 114 125 105 49 64 123 5 110 92 174 89 23 151 150 86 87 41 102 67 150 30 177 75 79 52 129 62 12 44 38 176 50 175 22 80 171 117 61 54 66 44 129 93 155 58 130 56 118 1 98 80 33 40 108 96 135 163 134 14 156 70 154 169 37 160 8 175 95 88 36 38 103 147 15 111 164 26 89 142 4 146 25 27 38 153 168 99 92 18 96 10 4 69 22 154 43 146 153 17 41 21 22 51 79 109 167 7 64 101 83 44 37 133 3 175 10 76 56 31 68 19 115 127 90 119 46 23 134 97 122 137 58 148 87 104 68 32 99 54 111 166 85 27 100 163 73 97 150 71 1 43 53 137 71 131 135 31 167 62 17 142 35 135 44 25 28 65 142 12 81 160 82 33 93 120 175 58 171 109 132 75 10 3 165 97 46 99 109 33 46 77 130 64 88 86 142 28 64 6 35 32 109 123 55 149 160 106 45 124 71 126 86 175 86 73 116 20 174 23 93 24 107 26 59 108 98 165 105 101 98 166 10 10 102 175 18 16 48 41 106 100 74 157 168 5 14 50 71 84 144 170 24 31 167 153 64 2 9 7 179 155 88 178 92 77 68 112 121 13 136 166 79 51 109 135 130 44 120 67 3 149 47 115 175 85 139 69 146 111 42 74 67 170 45 117 92 77 101 38 178 52 34 25 92 141 59 12 160 130 129 169 79 57 128 144 177 94 140 75 160 60 9 84 39 101 159 56 143 35 52 136 123 94 23 94 164 9 154 92 167 111 151 133 142 172 113 119 33 76 172 31 167 162 98 149 134 117 67 3 6 94 72 74 147 81 94 17 82 139 11 13 46 80 86 124 90 88 100 130 72 126 76 165 160 133 122 97 15 65 77 129 33 137 46 114 154 46 173 44 23 112 167 150 14 136 176 8 140 30 162 112 17 54 113 160 164 25 123 4 22 139 10 148 139 145 37 83 57 131 133 125 92 11 152 122 165 46 139 134 144 65 79 79 2 163 106 6 168 110 83 61 81 110 166 133 153 118 131 117 118 146 7 152 143 155 156 67 9 179 128 31 51 2 53 5 171 71 116 125 174 69 1 89 66 161 83 69 65 106 79 107 28 56 71 145 127 78 57 168 33 128 176 58 7 75 17 154 64 40 107 158 30 105 2 61 27 148 138 89 2 1 68 4 159 30 150 47 47 4 32 132 74 126 36 28 82 135 73 79 158 69 160 122 109 117 28 40 71 30 52 38 142 23 54 52 24 131 92 75 139 12 169 115 124 35 40 85 83 55 162 130 127 26 41 121 175 179 41 132 28 32 91 150 123 147 107 78 108 55 177 123 90 88 59 37 175 23 29 66 110 21 19 90 153 8 90 136 171 129 54 7 17 105 175 110 170 96 125 55 152 124 73 83 173 117 74 143 39 103 85 105 175 146 118 54 112 41 4 119 46 24 42 9 92 69 164 179 41 16 10 53 154 173 97 59 153 88 113 70 60 18 153 60 2 156 6 15 46 97 29 153 111 22 53 151 154 39 163 75 119 88 107 5 120 166 48 125 179 46 101 104 134 120 160 27 138 152 149 63 87 73 157 128 78 115 105 63 128 149 131 82 108 160 20 24 57 77 98 43 119 128 14 169 14 147 127 4 171 60 115 44 8 95 77 85 115 4 130 130 135 29 127 9 116 104 40 148 43 6 8 101 53 162 146 92 19 114 29 175 172 154 107 62 33 80 24 164 148 64 106 111 131 139 12 99 57 63 153 152 143 14 53 14 70 171 170 55 81 64 100 18 135 158 15 2 64 112 43 73 37 55 56 76 13 79 169 116 163 110 61 111 173 15 162 16 159 134 14 76 53 154 95 77 57 139 26 120 110 60 75 45 1 150 47 7 30 163 134 74 125 57 9 168 167 121 169 127 95 14 130 111 135 117 62 79 47 108 52 132 157 63 166 127 156 1 111 138 131 44 43 124 77 170 79 147 173 83 105 135 23 41 138 132 82 86 52 134 47 90 114 150 8 127 141 121 154 97 69 96 140 169 58 167 67 44 2 109 150 68 171 85 2 123 161 146 155 127 100 114 37 160 44 127 169 116 8 100 9 167 135 62 27 95 157 112 111 17 25 87 8 75 118 129 48 123 38 68 18 175 43 32 105 106 87 143 8 173 145 27 98 43 90 75 
// di
19661 52375 46483 32710 54966 39928 34958 45169 27672 56710 16126 4198 14263 79771 67821 53279 10608 4339 41211 70004 35545 8903 73753 50000 11777 64627 8899 60468 28831 44436 45366 47839 29626 73907 11300 44649 65570 36139 9576 40021 55792 47257 25333 47837 42783 17795 4966 52297 1952 651 2108 35326 76130 39228 78616 14891 54296 35513 49232 41778 4651 76375 61289 7999 78169 55535 50142 50519 33261 66561 22191 51092 38646 2229 67005 54156 13689 48114 53270 24904 54532 71884 40239 5822 24293 7310 2807 34489 5540 31593 33846 44760 48981 31058 4578 14163 44781 623 63175 17790 19185 38250 56702 8728 49747 62611 24426 73180 16483 39162 49416 59186 66605 22010 30268 65079 75263 30083 21801 53570 69555 74436 30724 45817 78580 32789 13635 34361 24980 37939 46199 15606 80956 28005 55856 75321 8666 4714 3147 19938 66308 61308 36388 59753 25110 20371 26552 18033 66200 35775 38666 36382 49368 28087 8469 78263 18434 2281 12081 55226 38515 1266 56716 74310 44604 68821 74970 29875 34833 32697 18042 18175 62427 66081 55351 77776 22152 46355 20948 40240 44638 3309 52134 69634 44761 6284 54527 38033 66578 76473 48106 31456 20255 51589 12442 16859 16404 8552 3548 878 36479 31798 76449 8546 61931 16956 38075 37132 37381 76756 6961 34734 67071 7402 58084 631 38394 50041 31842 79190 10038 35077 24939 51522 54488 25571 36714 44956 1235 6578 7599 66186 27079 44900 24703 29576 702 39656 40824 15234 40795 45670 59971 36334 9257 15349 6734 76945 32007 21862 24328 6265 44757 52961 78797 5407 54662 23686 13304 72134 30135 2987 59529 24657 17767 12407 60849 6548 60377 69074 46078 65186 53240 14330 45727 49380 32992 11152 10985 37533 60098 65008 42240 19233 71801 77980 45622 27013 41402 69813 14552 16726 3794 50917 58953 52051 56746 23526 60852 11747 41020 55063 21950 2653 25567 21292 50049 45357 42328 19708 59936 28015 24563 14098 26397 58850 28359 39935 37288 43889 12228 7063 49072 4580 47259 29216 25250 9090 53109 68764 21885 2730 12475 43669 29556 47125 28883 18107 23552 24945 22210 29909 13331 44611 12345 69372 57358 62075 30610 23119 48231 65370 17672 46261 80575 10234 69249 19143 38678 53975 6848 69660 43978 32943 541 45341 43253 63102 61973 72234 16608 50691 10703 37234 19944 10698 38662 20180 70018 63746 64340 47380 33645 21112 49635 47967 24996 20134 2248 47577 67378 58519 9959 51193 47307 64061 48566 45149 71784 44519 69224 50435 45532 42746 74947 63026 45770 75018 361 40191 77579 54534 56739 23412 33403 65985 58063 59377 41174 23103 8688 33495 46043 30021 28246 80302 70404 15406 79364 22867 34212 24277 74923 48189 35554 44867 8595 6659 6637 10554 57020 40027 64611 16374 71253 78069 41399 16495 67521 54496 33797 14028 28248 5923 71403 78207 48925 28215 65723 6002 27045 70165 4647 21599 24734 73417 62567 31999 9734 15964 21064 7859 5663 66189 61247 44792 65891 77304 37098 36476 15706 52689 57010 64406 13648 11134 22693 7085 55770 30033 24281 47775 66525 38724 51802 56353 36790 19058 48078 62061 23897 49781 36248 22096 20573 28332 36195 49498 49069 60974 2575 38802 15747 25084 64337 11762 43231 18182 15723 20179 50044 27525 16992 79767 80882 34573 69491 12120 39742 3297 18225 56719 69109 55698 63947 61075 50521 43086 19489 2377 66850 31401 11675 59388 29612 54985 62415 5156 65490 72844 18413 44081 14628 17344 43054 68914 53020 57875 26761 21656 24283 7377 76468 1713 9278 50548 73722 3121 55899 39220 28567 44470 74229 35558 10094 43472 79895 22124 16151 8555 11213 76023 16417 4449 2298 37626 44119 4772 51600 48745 38419 46426 34754 56614 74770 40487 66074 55487 70838 64171 40429 52000 61372 16153 66505 59157 24199 77767 63879 54713 22872 69945 4071 36782 17605 65696 37335 78272 6061 29241 16425 49437 40598 11454 46091 66218 26709 15191 63567 49742 2050 61312 75240 10939 53208 24903 4393 51055 67123 74385 22474 49657 50083 43355 47907 9944 8616 60398 60033 38876 61187 35184 50113 74257 77173 69396 31712 68402 68530 76218 46407 24207 36620 37065 41656 53540 67442 13485 43342 72278 15003 3288 72788 38740 37760 8135 41637 17819 71608 64551 44515 26368 34757 43640 45025 75442 17334 10632 52909 590 75573 79237 80435 41031 40641 79032 77662 40404 71915 60754 62655 70624 43781 21760 27351 63369 8959 7979 31428 80573 34971 1438 6001 75932 5143 41545 18072 73325 6435 26737 21898 38724 34181 44268 67909 65433 72084 38643 38669 70634 575 35272 3264 58841 7459 42238 37788 17731 21308 68168 63599 20743 68236 45084 57815 70736 33834 38168 73250 75252 38676 42863 2636 23599 77659 79338 73687 75062 80995 1062 1100 656 29689 75717 567 60026 32452 43410 8793 31793 20883 57677 55004 48474 52825 5620 64277 62392 70652 40585 25932 28702 27239 7453 8635 77203 35585 59191 11657 32893 71941 23430 32066 18140 40254 12942 7484 49065 17899 65477 37893 51238 61968 65710 76691 46639 6160 34160 62547 62945 69131 24467 74493 37898 33919 67634 11601 69596 26458 67183 69001 77134 37216 57983 33988 42641 62024 29042 22144 74382 76659 19540 5538 6928 64804 10924 24212 45127 29103 40601 53662 71309 40211 33214 65038 72283 45719 56289 23750 68159 78461 22099 20271 79241 23484 10681 40601 11892 10485 11024 60241 79638 62665 11156 73145 4176 15649 12874 15091 37762 72284 76950 23648 2589 59068 16249 21836 35106 60244 37795 18017 11855 69098 55289 71749 72454 32059 16010 7626 47988 46353 62871 22992 8809 37713 31535 46730 80431 30798 15550 6770 44579 76637 71107 54744 16490 50588 7438 52259 80443 69031 23179 70582 50726 57858 33533 14614 79189 76835 14842 57534 17305 57489 62609 61688 34171 6038 30584 69837 28738 36678 59499 12590 40978 27954 64226 26312 65358 15114 30408 55590 46447 32030 10939 78188 6697 72701 51162 52920 10786 7563 76557 37286 12713 50924 44020 54192 73103 56676 23619 45911 66552 67779 5118 58984 30538 80197 55055 9398 32707 67061 67183 61179 2341 36826 34312 23741 39976 75178 45540 75900 80056 25147 29130 23141 9738 59494 25050 34105 40189 30418 72193 30402 26744 56745 12555 23713 23692 14110 50388 16247 65104 34380 56486 48496 30206 35117 19071 55559 25898 377 55575 28955 71628 41229 70287 65418 52392 58082 67948 66507 60331 24770 1387 41987 12502 78309 64748 73583 11869 78121 23940 4003 28350 26190 31350 51341 63874 14571 14076 56367 14530 72000 46999 76291 46244 57405 64671 55616 27248 48283 75654 23389 44647 8680 46494 59621 37190 34964 43229 11482 5689 2574 29142 58056 43367 48622 8358 41404 13802 15045 17427 70875 22446 32379 63692 50465 21343 71080 25204 43758 64710 56094 50432 17645 67847 54838 27754 74451 3341 55052 19505 13225 21515 71452 37400 60315 44985 10908 8533 43599 22038 60810 62618 38678 70941 64091 61344 16467 20569 60286 70972 76594 5984 79231 54303 76768 69690 39435 32127 5387 69580 48241 46997 61992 41336 34384 61774 50012 79097 46889 66910 19544 74957 49415 16047 16857 5742 15381 6432 77959 35668 25940 56868 47914 75610 61865 68212 58763 70917 78696 15683 30162 5492 6268 35255 1359 25481 56994 56097 33386 57604 4578 21059 70982 16432 9806 22194 38590 23808 41831 11771 27196 59359 22427 16693 30635 4170 31420 23146 13533 13499 83 20176 17426 59359 4829 6928 17387 74295 65981 29566 54613 64560 12399 41684 68550 59951 49051 77996 57194 65610 41536 41749 4468 3511 11260 40481 32961 44819 40747 581 51103 20148 77411 63139 61120 52950 20166 13402 6214 1058 35223 73169 38111 47575 45212 17393 45981 32357 2331 899 59745 57125 13089 48124 38952 73617 65833 37782 68869 4638 46007 56770 1264 65822 5990 1601 33270 20740 31724 12733 79106 69074 55736 5954 25216 9420 73050 32362 24991 19673 80345 50209 8652 11249 59605 67949 47590 44048 18049 31547 52281 12280 4026 72556 34096 14248 24363 68730 71032 72912 44752 38585 62357 66181 61406 56074 47835 50924 66460 50762 39848 49791 60743 57592 68634 14017 80545 21335 66573 75300 75234 66966 21476 3873 62196 21894 44092 53791 56124 12432 6202 36195 31817 39079 47199 78026 69499 49402 37357 40475 76472 3465 25452 44479 18373 77135 78662 44354 69516 37673 1382 13002 24304 18824 62449 29056 19089 31649 8257 76226 72695 4994 52851 46438 33725 45558 79479 45891 69332 70739 20928 30666 77187 44919 25519 44891 48768 13309 68486 27361 15655 11088 935 68874 12433 44767 69432 25840 27865 11350 8146 70453 9998 6221 60281 48502 41097 68034 29256 37296 71640 35745 34789 2926 29043 6449 19540 46361 19941 21059 1914 18892 32988 9998 65849 26643 60020 16752 57222 24906 25132 45764 9703 39014 77127 66135 49439 47690 67385 70986 14394 78382 75268 42327 80491 25447 59153 59227 34503 20210 48538 40895 57807 56958 27875 58697 17553 63160 4834 20922 53689 14437 80837 23144 41694 48122 77546 21749 73541 70484 66285 38942 66131 15397 19606 60188 28449 15739 50382 9826 31659 26151 7921 3579 8170 77779 63356 25396 15941 26646 73463 23015 60384 20972 67322 32604 79122 76557 11375 1250 73706 34193 48050 20772 10934 67488 31408 2916 34682 62152 32726 41567 38951 61812 78905 15762 63652 47145 73128 11962 21686 38017 31402 59405 51887 9096 57589 24231 15305 65751 72835 29242 40231 50911 17068 32412 72852 46466 19367 35824 43200 62406 27088 15569 58421 5425 43446 22410 23877 33216 15104 78406 69577 13709 44294 63719 67248 51010 58832 57835 47622 42428 33856 21609 36868 55077 78134 62147 47568 16745 2292 46425 41491 21636 8659 55112 61775 80568 56539 56834 71649 52290 17065 8532 64638 6098 24494 67238 29380 68655 8582 32412 56378 20782 12958 80498 13050 2871 3545 66505 73847 63921 42838 22412 24831 18950 55505 39338 43435 5114 56471 32815 21308 48016 30127 66184 78135 28496 13778 30755 77480 35473 6841 46147 7935 25263 27658 22091 15359 23525 37186 52944 48281 21906 71109 19993 11241 36616 25419 3445 30562 15404 12166 76944 18653 10084 71156 3471 25218 37497 59461 77887 50774 6518 44624 67717 34165 23328 54403 28635 15711 34721 56021 5396 13938 50749 68793 70467 6255 62755 33174 61217 15005 63690 47190 10591 44102 3173 7375 17629 32635 19374 74641 63306 15917 71198 30455 13824 10970 20776 56044 15182 5816 80972 77328 80136 12068 6268 80910 44838 49534 23841 36578 54551 77688 34213 15546 18314 4706 60272 18475 44322 14717 20391 46808 18341 68188 69970 70042 9237 4032 35861 79586 18766 13639 65544 77093 65944 51462 48810 14472 69366 25579 32065 67604 59758 32276 33480 59896 71997 4486 37717 49211 77412 70881 34700 37272 27705 73124 61088 16762 72678 45649 23271 38692 10877 45555 62300 33353 60647 45592 24792 51857 62191 33944 65566 78649 46891 57891 38264 12187 24889 12424 31703 35374 15799 22077 20775 8005 339 62753 12970 74599 60103 19091 52377 72957 57647 77218 15562 7809 44544 4313 33535 76701 24760 6964 23548 37290 42863 33619 78674 14003 75367 21458 12311 55246 71682 57039 33460 52599 57449 46639 49759 67280 14137 36438 72657 63326 47749 9406 25622 47524 60585 24452 51075 10612 77814 2587 64812 39149 68274 79670 25788 67396 48882 79304 72252 13729 43332 37759 21065 37506 45114 18290 57392 717 36701 74276 13267 59703 73408 3447 55655 72958 19628 35052 66162 44735 36800 35523 29525 7395 4763 36680 38310 59567 23471 27698 33451 38791 22863 46679 29920 10637 32103 48992 50 70751 75115 65660 14507 11279 52948 34551 49094 78062 23938 40952 53162 23336 71072 5690 50309 22174 2456 13957 35972 45966 21151 66190 60377 15280 47246 58214 55127 64496 5000 78943 66156 11803 74031 28411 16509 74416 34887 67327 52072 3802 16575 4448 8768 80965 2066 51338 28294 29193 27568 29972 24941 23213 56675 50446 77116 59791 60569 48946 62738 50988 54608 78512 34020 11383 6077 51317 50418 32762 22981 68471 14081 77610 57770 10722 50639 72692 17351 31213 42037 70005 44252 38822 5283 19793 50209 18089 77644 43326 39064 24340 20023 21694 55251 3752 28310 40249 40039 75868 8000 2693 49095 34622 80398 64653 11511 43352 9050 2466 58169 45541 75338 35683 53887 45322 30987 55988 3640 14278 28834 28683 13087 33538 78007 75219 35351 9621 12001 12202 47635 49400 25314 47719 23690 18916 6083 62307 14719 14956 17795 66478 17801 37682 46732 75964 1472 16263 47457 74807 48294 45617 77101 40986 62243 21740 38756 55760 15465 21392 74695 34603 8683 57007 67720 78679 19477 29659 44257 64876 13887 32666 70703 21218 14436 40156 47377 77355 34193 80449 22580 35371 71451 61318 31849 33936 33069 61752 11006 66959 74823 16944 43751 38236 17350 53042 46156 61805 31717 62660 8735 13549 13376 64684 68719 80994 69606 28319 53 30466 62862 74000 35113 36371 41398 30017 12567 5256 72899 48466 12317 79289 71695 47278 16087 14946 78976 71950 22024 49726 76172 61571 57418 53272 16901 21254 23348 71029 74351 19760 19318 51639 58824 46611 64312 9537 16279 20705 26869 6679 30932 51308 26381 23011 27984 46320 13851 34425 59423 78108 34004 73814 37353 58843 74463 28083 64815 58308 6679 63191 12262 58968 71585 62111 26916 37740 40040 21232 9689 30693 25370 49596 15749 45800 79842 24068 13761 43452 22306 53269 20032 51553 22541 64683 75645 60226 47823 78548 2471 41614 23906 5920 8515 35022 29330 13736 58213 46657 8484 24894 12004 44476 39219 28554 43093 59526 80712 67402 62490 8028 17176 12530 49009 46258 4790 39886 22959 6261 23902 80296 56777 25015 13459 29606 25894 34837 34593 16746 50820 55783 39880 11452 11225 64091 41051 10536 1863 80457 53697 22396 29593 63676 10503 29449 4498 7532 77238 21670 78344 15356 76283 28506 43601 53050 68142 21200 22062 52649 68080 12779 71134 66044 23931 35 17553 58877 56486 57725 72958 74931 23945 2367 67298 50386 33664 36857 58105 61859 52276 56694 25000 26703 7756 38944 68683 40288 71957 73367 16923 66477 18959 51025 50215 56730 21411 46476 30002 36159 341 58157 77742 23781 57898 3731 485 16104 59120 6455 46387 57978 40496 23235 61366 7140 66097 33303 48251 40545 56708 37328 26624 29677 61426 5825 16667 29884 49936 64634 26590 23229 65774 42082 49064 55104 43402 2008 63380 8499 5604 70607 63740 38492 11059 36086 11979 62246 33371 36571 5765 78083 76588 61703 46523 3253 14513 74015 61066 37539 77047 20362 33593 23825 28012 58985 31491 20956 79476 38180 50960 64118 25220 39346 48482 60878 77980 2599 56360 22846 67326 69416 78663 52626 36511 65279 29257 6636 35079 39321 32251 8514 76492 31491 59683 60035 74061 17828 74727 61296 24928 29158 71552 22133 33441 24405 43178 60195 3736 74007 35720 69310 40725 79976 44846 20096 130 11675 20263 27110 70210 19150 9033 68667 31410 16516 13962 79590 57458 69954 80825 44604 5958 40756 72683 45593 33233 31023 44202 39246 77644 79460 12580 78350 78297 63983 50458 43246 34085 2650 71689 34849 78039 10050 54581 70724 66044 61896 879 11117 62482 53263 49380 66147 64430 41642 13580 74391 30288 73726 68151 4425 10379 75317 31149 5949 28954 3509 22169 53588 72006 49077 38606 60176 27127 80972 47370 379 36348 21994 44697 63418 74283 34669 1649 29282 36469 54026 26021 38944 5023 31384 6287 30699 6102 71698 36159 79455 67963 23811 48146 40941 15452 46221 27701 60885 45282 54760 44249 15313 63586 76830 21402 21435 72951 14881 38042 48606 73649 25952 51379 66615 61121 53738 10751 70377 19512 50914 78155 41365 62795 21445 19365 48351 45224 6440 17597 55188 53182 14619 26214 3779 29260 51620 11237 33773 33642 60737 60646 64556 45189 31380 21688 20741 48367 4437 39441 70671 11438 23505 8923 26875 54392 47839 31453 47626 66068 19268 66775 47363 70303 9922 70829 42398 7231 16998 63600 57407 9082 29199 79939 80086 77963 28811 67368 18721 64848 65736 76410 8834 16214 42430 14837 59566 68389 67578 58629 10253 49471 623 43049 22993 48575 46811 33542 42997 51078 62484 16606 13202 63133 20781 18111 24330 61795 9426 67612 8401 61806 15192 29515 3167 4514 19353 54893 50682 9589 35291 23976 1958 41684 33449 25305 20290 27359 29654 8347 73007 26139 1327 34628 43397 67216 27140 72564 11336 11409 20360 23981 24258 57860 26944 10814 34549 26165 59936 53080 60867 56023 4958 78545 44538 56643 16339 63926 71106 43485 16578 44574 23489 62895 26802 47897 14941 67133 27972 62493 65346 13325 27338 23336 66782 4307 23995 6428 24058 65555 29663 14540 70237 44520 52021 32133 32074 21356 35417 9310 6319 65077 20699 34481 46883 42049 70672 27132 30698 48592 12431 33554 26253 66245 67712 11650 57516 41848 23135 7679 63445 56006 23376 36940 3468 72994 28837 22463 79044 11621 10080 67570 69565 12886 50430 57254 57848 11064 33084 54067 45705 52686 3428 27905 74472 9959 53308 45070 18131 21744 66792 7697 31806 2649 62539 39699 68525 71101 76460 57869 41716 40984 29913 57908 66461 33430 21676 64006 1622 44475 71590 49259 38857 5576 52047 37804 27678 61345 9063 28935 40116 40907 42600 3970 43066 38498 38313 46819 10761 49060 4382 71841 61824 22110 75966 35682 38068 46197 36371 129 20315 77095 19075 4943 26403 68908 3116 3303 55220 57364 71073 69668 27018 17629 27979 20884 16525 76457 22227 41714 23750 15545 76446 45648 6979 5643 17745 37962 66448 14946 73698 36656 13104 68630 27003 39722 56597 62173 5393 58609 20841 49990 59609 31835 4533 22652 76013 76742 66617 58192 26756 64722 79836 12027 68391 20266 19497 55297 64449 20681 58522 14298 8357 1310 14144 7644 70582 73087 27756 72494 55187 80420 52649 24626 31594 23773 55652 11922 28802 79638 45530 49317 22862 38428 24515 53460 8257 25045 9629 57698 12303 46433 72568 58789 68816 58206 52406 12043 42393 61458 4655 69576 79663 22292 17378 39568 10057 31228 59067 1747 61728 16009 80052 34409 36898 53534 59473 21609 22626 50674 15615 14177 28028 75280 55555 33820 44787 53456 32691 31388 18727 15569 40965 73201 11431 74974 5760 43534 76998 61724 22684 1843 45744 73563 39365 24517 33477 27566 46819 37724 43953 11382 60252 6079 47999 77293 75130 24193 59722 65981 17386 19192 63837 27193 19537 16194 2992 75158 78733 15703 65479 19058 62944 36705 49506 49618 46203 26873 28925 58395 7817 32641 16937 36029 71811 9972 21692 79749 13328 52900 79239 62367 23606 24385 7032 38928 15959 3722 7633 53839 68347 13312 10534 1343 15566 9199 4683 70653 34177 44880 55366 9344 54785 73610 5505 1081 23491 55376 77377 18919 1262 5420 71377 43590 72217 72712 41882 35190 38935 37917 5866 75123 35310 5833 23962 65424 62232 32768 10640 13801 3316 14873 60066 18245 12251 2673 37772 15422 67949 18657 78544 61457 38991 12280 74195 45604 53759 37771 80703 53836 31185 11956 46860 62652 61093 15293 28349 34656 55634 26727 17580 9947 43705 50553 55249 2722 45073 2393 6029 29260 63492 55556 62665 31129 44727 58788 51448 63485 58344 33513 4968 54960 42635 20652 57631 67523 11863 36493 48517 41749 64018 62299 72274 41354 72250 53004 64167 27972 55785 46266 25400 80832 29403 19353 36566 50200 47524 7521 46321 48370 27251 28317 2290 45569 30343 12268 50507 72570 51560 3770 33906 34416 63077 38572 28634 29147 10098 21283 21924 45518 27157 62436 61152 57040 44733 35635 73600 12197 72352 40863 31741 13977 69303 39387 12598 78689 75920 55851 70343 69716 30887 26302 51209 45685 8936 40056 35664 28449 47858 15490 69147 51442 41539 61832 50364 59884 79378 23447 24703 38493 17446 16269 64082 12957 25303 61089 19983 75230 2259 80306 36502 1668 63497 5054 52241 78428 77723 11606 23008 25826 9719 17871 36643 65785 60182 59189 55637 7052 58392 70292 62523 79608 66372 49305 7674 9661 57495 72161 39522 52353 3146 36737 48058 14164 3480 16280 42554 2298 493 16596 21304 52668 67373 23272 73743 4701 71176 25095 456 53555 59091 38194 51733 32802 42200 57532 61785 11798 7916 68463 24014 27232 750 22585 63939 25337 59326 6782 76328 20805 52006 26036 26723 2451 34807 3846 33902 17644 58188 11850 63876 36779 70171 53451 50381 42478 1736 48657 78579 27139 23270 68034 59859 58302 51004 53668 17869 76936 60429 20770 57861 61361 50649 79614 33547 49268 36958 51327 68172 67392 67525 17881 50020 2989 33819 70523 25297 13809 38123 41058 27402 41464 65806 58337 77624 16345 5177 5804 16358 47349 33719 42872 43863 23401 24860 74175 20789 16843 47185 40144 32789 65653 63428 66749 33835 33229 64841 69211 56356 37213 66789 68372 10045 12125 49129 5381 5952 41761 8723 29448 31691 69993 66813 36564 57831 53666 671 56715 35583 37978 25692 2845 37328 58244 7619 35397 12037 323 60807 80889 32575 54704 50306 61327 34100 32785 4690 41315 53574 30886 26594 40775 31855 15988 59087 1878 18196 68423 77668 51996 9509 70700 64409 76049 66156 23351 4471 78934 60069 79355 67626 3996 22751 58397 6930 72283 80147 71726 68502 41100 75087 35721 38686 41073 56717 27626 71999 69953 72783 25210 4161 59279 62658 22517 3491 69370 4263 34896 33537 79436 19806 15084 37961 32880 41009 70864 52950 28953 68967 76219 63916 48271 17392 35037 14980 43099 13220 79951 20277 36985 33600 59441 57473 77374 2943 25306 28110 4966 55995 55412 35993 18194 16787 68775 1811 25594 37419 5158 70189 69346 45860 73829 21049 26298 75537 17814 30280 14676 19910 69911 353 4215 64766 46064 35278 77661 50102 26682 46890 517 41425 69302 38418 9430 37903 19639 21370 71720 15363 80888 73659 21653 31153 76318 29738 53931 1534 25313 16175 36683 48507 42754 9199 32449 30941 37310 64739 50684 24334 67766 58626 78019 70206 30297 71983 29180 5491 41664 46074 77825 29785 16896 43188 69022 34417 8955 36702 72371 78449 61346 20248 34883 27385 49475 69157 49294 23531 26744 13618 24005 36464 51374 37422 20284 67157 29992 43323 40335 58015 71343 42784 57499 53226 60459 50448 44671 60186 3547 46615 55835 45931 77820 16503 73297 60462 70233 12999 32499 69794 48619 21761 34163 50254 27367 44539 72990 78136 28619 60147 68055 29894 54263 55737 26409 2245 247 56572 56432 17579 74716 32405 10646 63067 23094 49334 10130 47735 39497 23944 62928 36776 22093 50528 40840 70578 17261 80895 30668 35339 6529 60267 4803 40355 56569 31556 24776 54289 2430 24404 26019 36482 14770 29643 13882 12063 30377 54820 62291 66365 1390 17107 44050 75548 35294 45559 14323 49841 42048 57245 5979 77744 80475 45050 3197 78876 35853 68701 56356 10951 34887 22473 78593 420 51956 26724 34816 30847 65551 75015 32034 14737 13118 75993 71730 37453 26733 69142 34466 27610 28013 426 47852 23471 31700 10829 72568 65032 14440 47399 1274 69836 76110 42095 66168 70447 74684 18498 22942 48668 17713 68636 60794 9583 20225 72685 71679 5239 29804 35146 74281 4360 39415 52965 61650 36170 18444 3953 28537 50872 75232 56641 38191 19116 23830 39399 46645 30374 46490 23889 54392 66974 10697 9050 12538 7845 50278 5733 53904 17875 45837 62579 48031 31154 42588 49635 36363 22675 12997 15365 46065 40796 38363 34112 47948 36415 77350 48799 25111 14387 53503 73589 9327 67990 38501 76587 8031 51320 77504 25027 14256 20477 75597 65272 25281 53677 43342 36638 74316 58835 46597 70870 34034 40166 11950 36107 7945 5508 15782 2875 20585 73490 73516 77333 48722 2669 12533 47616 57682 26182 74057 25337 24101 31497 1535 39557 39341 4649 2627 30862 25955 16606 42516 44995 48850 53837 46600 37229 3981 11452 67501 71604 43472 63840 70349 22532 33158 39641 8232 30360 75389 41328 77368 33596 68351 10933 2673 33936 63066 16409 65366 12030 19853 60756 2879 36433 18654 73257 13158 22145 8387 66755 62195 54909 80206 76796 169 35417 31352 26267 23177 6207 745 2234 31552 76202 52125 24508 17413 38438 50092 33459 3532 16398 54758 9732 29236 10724 18770 32515 52335 8586 77063 49214 47798 71 31868 74284 42127 56419 20595 45749 25480 62429 49067 59067 72030 65075 26777 19930 13713 19388 51701 12266 56758 69856 18044 77451 47861 63456 66729 5799 64182 42082 63219 64871 16772 7507 51695 17100 11747 3308 39414 36768 78385 14498 30440 70395 42201 74116 47272 79596 35033 66849 37180 54764 48487 80407 74105 21863 24612 36141 433 22943 6468 55446 62017 49825 34432 59309 32249 47789 20503 7213 50915 33732 72818 49260 43184 52196 43828 27222 3843 57374 33766 50863 57685 80943 47035 5678 20422 19653 47771 36431 70448 78007 7533 2610 25779 3988 45296 4239 42945 34269 42726 57608 17850 14782 36897 75567 72184 63009 65556 53137 22131 1120 9598 26130 5845 31376 2163 37551 34270 40586 70332 64875 36807 39638 45593 9331 58736 55586 40512 72137 7952 66593 77401 50868 60981 56023 24708 65342 59772 24398 31246 53358 34573 55703 73523 56286 59831 22467 19968 37795 51477 17483 4252 34629 9601 9767 10281 48458 71563 10337 47381 8248 10086 12671 5554 61772 41926 30776 38350 18071 15731 49076 31268 34526 75198 26251 80866 8908 2273 49612 73762 61121 45506 11905 80077 25434 44997 5935 6694 51812 57804 71765 33066 80558 38959 51711 78718 14218 71076 15200 50544 38155 61193 47029 71777 9070 62029 70787 12197 57480 56594 50273 1267 74410 37293 46892 5919 44822 59112 46237 60598 33119 20548 53794 72068 45157 13501 33966 7620 30039 74377 5806 27921 76713 65818 62776 62290 18291 73013 78814 33870 43772 26827 52344 4770 58193 30357 18869 11214 15731 22029 53467 24916 73527 37901 4505 44150 60429 31652 57950 56774 69082 12808 43126 64250 21920 64826 42843 78258 28522 30229 66612 72453 11084 80376 11464 60081 3440 46173 58371 57197 46394 21059 40856 38640 4096 19135 76377 27258 79571 42014 56380 7043 23645 23170 2914 27704 638 73299 1453 77893 32691 7836 64333 36104 44504 2245 54445 1031 27138 2313 1528 57214 986 51529 51346 12434 71850 16482 30521 21428 42030 36080 48379 58079 39352 13456 7191 33187 56481 3888 66485 67594 6723 48022 27739 3317 33771 49938 12129 18432 3432 7695 39239 37032 34281 7979 25031 64068 17349 79269 63078 10233 77858 52276 39790 1952 55711 53112 62662 2895 24581 30879 62963 68327 64977 62508 47961 3470 43680 14748 44077 47121 49326 43719 38348 28664 52329 40741 45243 52188 29677 56401 2888 64800 51813 42776 8674 79506 35631 64161 77579 41757 14926 79155 31782 25622 34600 75732 44061 61792 34209 32332 34107 74554 19004 41201 16493 78089 6939 15762 14355 10881 6593 43956 11092 27030 59988 46775 75187 25892 30293 15219 13913 38365 52918 4820 40084 51540 37730 59777 37007 287 65201 52414 44493 3269 62483 12505 920 14235 47987 38649 69079 79522 34461 18596 102 16460 24900 55806 72928 47835 38074 28720 74999 51599 34562 13619 29771 23567 63647 51083 45903 39736 9382 76565 50453 13461 22235 71835 8180 9618 47558 46913 31469 18755 49749 35515 68303 43049 70664 17042 70716 77922 55774 58095 40134 8313 63406 19397 2684 41279 5547 68330 35363 78214 37755 17612 73308 56936 40160 54273 22769 5348 23046 9096 64870 2395 48303 35431 35945 31157 53071 76195 78585 7854 78205 36912 53385 67429 32370 422 16613 26299 21848 3782 10185 79607 856 77528 42040 58486 43399 24753 74731 5784 51950 6222 43231 17728 28359 48939 28677 554 32245 29539 6858 17564 41975 34573 622 35453 17338 44449 28317 53669 33188 26241 19365 48001 79674 61000 8160 12913 62124 48961 73137 61756 75836 70251 77854 17642 80525 7200 16635 73371 5222 52615 38646 32200 19929 26518 34992 55416 56817 68436 10979 19359 13512 49152 4664 66389 22277 39144 37806 40049 8129 8902 62047 32594 71378 5278 14804 49132 42314 66582 80570 799 2578 21897 30209 20185 4966 72450 55082 18910 2906 8036 37039 7298 59558 68572 37430 67949 67974 354 1068 18854 20201 39469 12400 5584 15446 20675 24842 50616 11453 62329 66349 29524 65824 30910 43447 60407 43889 73979 73820 35539 35780 35024 48028 73359 8055 18796 62341 76767 32778 44633 36256 53919 28328 52069 59796 23218 1059 50406 69463 79499 20982 16688 35044 5125 79918 63424 66181 21492 7806 60407 78665 40412 36494 2788 51058 55765 407 19473 4425 6533 73604 74403 48639 13590 22478 47021 55693 53484 79221 66673 12346 30335 66451 13139 34370 38211 27163 133 75725 63314 50561 5960 21242 72568 61263 72231 28260 40293 9214 22534 27896 49752 25220 53309 8970 16979 6467 11222 26477 66261 11414 43122 39271 52259 35024 15021 66598 4859 6462 26263 37427 52979 79574 48133 26640 71304 71643 33589 9065 21692 697 79753 34260 75089 42577 18601 30383 31773 14871 73371 51567 35755 31321 79166 73183 7959 63249 38993 56100 72253 32647 53806 38651 59109 9774 22699 53207 24119 80469 71589 35558 34438 60228 80201 69550 13584 57580 2663 8990 44869 76818 1270 33900 68863 48080 41322 38515 53954 45831 17378 23665 4022 5253 1267 57474 34027 68702 33775 55991 11065 76911 26042 25645 72309 77777 43424 59608 5661 7104 58818 77549 33869 29158 64805 57206 10005 65428 51820 37231 15680 25132 79051 48653 20019 26847 228 64532 77029 76670 58318 56964 61557 37717 20105 61699 6925 32591 68377 35680 20533 77049 46368 21806 6342 34016 12516 68978 36287 48070 27423 63814 6674 44016 13882 59252 49914 64839 49252 25242 74532 7917 28108 60922 22516 40877 57192 43908 9967 23543 45817 6020 3323 74399 71097 32421 21593 5768 26396 23392 19817 42911 47366 7188 68772 78712 60620 29327 28381 35056 57795 61640 66086 57610 65132 22311 51546 59371 9782 4731 60320 78092 68674 48754 55732 20005 45170 155 47061 32273 2516 59184 35450 9296 23766 71294 5570 32143 1303 74081 67319 51429 43072 71147 59910 13103 38776 16049 19171 33227 26521 44171 50337 65851 47713 12497 46577 60167 8698 22793 32755 57371 57673 16117 14593 13339 67282 66457 51464 17042 34919 78601 42985 73231 61042 10783 20625 14440 10561 39359 55901 2082 74045 51334 21278 8179 40571 19292 53021 41061 28038 42005 27357 68603 19655 8895 8574 3867 21445 8296 76803 1241 15290 65492 41233 40953 9101 66125 67120 39511 26584 59502 33672 33011 58016 33950 15617 73724 80274 66128 79723 13983 25364 55586 61391 76669 44433 53522 24437 49448 67682 4085 45619 42708 50591 57683 18231 46791 14929 31442 38499 537 10421 31893 77701 67481 41902 5225 26945 21932 70798 47188 41738 57516 4676 15966 17279 11583 20749 51252 71796 63552 45460 2349 27771 74287 6808 53899 12130 56532 36348 19672 64759 27622 39398 44067 33013 73389 63320 12860 51444 34081 66252 47937 59212 44954 53938 10266 76363 16124 6371 67929 57460 43610 67000 10432 40429 65136 75690 12974 69059 77935 73355 57983 50089 46225 57315 17492 28768 66372 188 52609 22203 40303 23190 39225 43503 46163 32218 43302 67548 22403 23810 35316 67757 11777 1541 51192 34257 47872 39110 21864 67584 74963 60155 19542 70965 22857 60082 48894 68682 40195 61833 33559 64342 54100 32037 370 69350 19716 4979 42935 4371 47996 56029 65007 18527 35767 37673 74711 80289 79569 72554 78065 21376 17924 4659 66731 22179 63493 71137 70931 65548 61709 52027 1316 72324 50742 23014 47145 15019 6527 46221 34642 40160 71742 16337 50264 10992 19486 46583 30054 69166 22436 70389 28743 43637 37966 69308 38872 50023 29728 53080 29410 39852 31828 21281 60180 76281 58144 35136 51463 667 70803 46421 27335 22392 65706 26100 19898 24818 29288 68635 46799 61447 45073 15546 65177 46124 9588 26849 39151 62741 63419 68789 40728 79446 20774 39483 70155 67663 25305 37575 74280 71486 23932 34529 77472 22730 12633 7346 72540 64259 21369 39886 21786 29907 13296 51326 13768 51784 6441 19153 21137 15880 48334 60817 6949 55432 62126 33079 28940 53467 29655 77810 43464 5886 56400 19672 3466 50255 34849 33479 55738 59411 73223 28933 7881 46741 14007 34229 27561 5140 56687 19183 24877 43676 1767 79444 23909 53606 10058 50087 38208 23719 58263 58621 15507 32917 70636 56974 3807 38288 48197 68432 13881 49477 79017 74788 5908 58339 29811 58296 47139 41463 71151 40410 56092 73040 72021 71295 55370 61384 11555 14553 57270 36673 19685 65639 13381 76917 73128 38364 4627 49579 9409 47528 51498 25175 59162 55310 76105 59511 37277 39471 58344 23684 19916 50056 54401 30634 64721 54655 49536 48707 53933 19222 76218 38670 56549 36554 68405 47804 49011 17569 54287 426 8709 12868 42046 12358 69800 76676 52382 44387 68997 19454 2683 51259 14002 61943 7689 55267 691 65981 30688 24904 39329 80530 17216 28312 68853 75786 30153 25081 26002 35684 43602 80417 67552 20192 12861 29618 20150 75027 25325 71257 58795 54048 24406 34469 36856 66536 12808 64678 19042 72451 41137 656 9291 435 10609 67196 63415 9205 25277 35302 6031 43960 18514 66274 13746 1673 40538 58013 8961 46816 4656 61942 42950 52921 15970 53415 1773 22269 24561 76008 19176 47736 51148 24561 24670 48461 69444 60125 8425 18404 45897 36857 2017 40650 40847 29270 64056 53698 65529 61997 75534 62370 19981 32683 32642 53825 19716 3296 79606 7452 39978 32282 20847 68262 2553 36770 75025 57528 62794 9522 42011 55366 19488 9804 8424 27880 48874 49371 41182 18254 66348 16813 40847 20660 7710 69138 52787 76317 21225 62287 10418 67609 65047 60539 69157 79951 73088 69238 16458 3060 44102 20067 1383 62171 20481 77647 18849 21544 29640 13313 22321 53881 14880 1915 2949 12757 17800 19441 52932 43800 24121 67493 1690 38954 13132 31607 32294 78240 29254 9315 3882 11574 64361 41589 70702 60614 28718 75245 18896 24215 39265 41735 28418 78652 58115 47865 74893 79750 16523 26752 78602 64983 60558 61829 22359 35881 69258 1654 10212 56356 42181 62625 2736 33577 26795 46749 7539 9864 2370 9425 68199 19691 34983 27068 61642 26549 57099 4499 73172 17573 61239 24311 65129 49871 14151 45859 78937 21717 72592 52180 49663 48406 49638 72703 17317 67230 54589 43760 73491 8908 72790 52047 47067 30468 72633 21021 71128 54629 35075 27853 49762 57158 65239 38198 26685 30831 77373 16696 42464 55318 8605 36223 54310 52824 2395 17646 43210 52500 17550 6456 41420 40457 72624 33771 47848 1069 75526 62763 24807 65505 80071 63921 12592 53710 29333 43304 32259 4069 47911 33321 18290 57522 771 17894 45412 79442 43517 67946 38862 71511 53291 3837 62681 50913 36462 5410 1653 47978 53298 43833 74318 21055 34266 59612 76718 19054 39273 13626 76380 37482 7946 15792 73741 35061 21425 60866 69333 14581 72403 2341 33937 60476 23145 41842 63264 49851 43749 8589 45320 44781 31568 26047 12681 79769 15508 5257 48471 45012 33134 62255 18081 79127 74499 65869 43156 22019 61622 25704 52498 46168 78001 58671 21570 79092 66346 41921 26535 71814 27706 26317 58243 70753 55096 68071 45207 80961 41190 5305 35224 9140 68014 64365 3767 41701 56097 47458 28734 13334 2780 40319 53772 76441 28920 66448 19600 49369 7992 33169 50001 10862 11418 75940 34910 17856 31217 37592 30899 45739 69695 49256 55 27487 22833 41529 46887 13879 27891 40747 67894 55165 17141 21498 32804 10230 12145 63353 19590 35122 62747 36376 12918 47720 79043 57204 2373 54776 4084 79915 80636 78916 142 40209 13115 6131 57027 74184 31512 37997 15158 51334 12269 64595 59153 39734 50151 71200 60338 14652 63815 7691 3589 233 13102 17049 68781 47883 40135 31594 8575 16892 27947 12877 19709 73264 15773 54624 29553 40235 15920 22170 34785 48406 67268 32622 65218 29076 1928 13962 37443 39133 60249 79729 29248 62543 70322 41873 80988 66502 54133 58321 45165 35702 14745 31624 37417 71738 23033 53748 10863 31862 14699 4744 3984 77483 44854 27618 63738 33645 62847 76222 60502 61859 38943 40156 3398 34495 53945 30151 64943 33264 61508 37139 17071 19808 59159 47289 12117 59105 46732 14091 50198 25529 2503 58795 79535 15385 32176 17657 565 52344 15689 75574 71096 70733 69619 6015 70170 28486 66821 45569 66136 12720 14265 15487 62826 18000 71946 71508 48927 65141 48121 45517 3130 3417 14559 24570 63604 51718 29135 48547 61414 80531 47639 42951 53240 4071 33922 80260 15038 57331 11409 71412 16099 37124 19778 36020 34505 79736 34038 3771 5689 42339 9380 9229 22143 57287 67327 38387 10163 53 4405 41398 68422 63348 39846 14296 73101 38488 17975 67649 77026 52838 41587 75571 15169 23873 64078 42170 70285 50894 67892 24059 70687 62816 429 25749 35918 4811 23780 11758 20999 74921 47329 67585 17648 22694 11945 417 78953 78773 75803 55452 74361 17955 21452 29243 51249 34463 33900 74821 52420 70498 265 21922 58029 67027 30419 29221 78728 76909 79818 49012 5028 18872 40931 26550 42128 72576 80030 70378 57444 50923 58528 23894 73887 8003 40021 2207 80568 73460 71330 3388 76048 47507 4645 58646 25969 38282 57409 18327 44557 2271 39070 13552 44526 54887 45374 6863 11516 46632 34573 63069 10980 67387 56152 35453 28982 59093 31943 44187 16527 22778 46666 1387 50140 67899 4369 9307 3154 79742 75497 59574 21017 843 73613 35337 14193 20878 64230 69428 6269 40199 41664 77848 53089 5199 46523 17786 1372 23550 79179 31802 52077 443 17193 45982 5768 60431 8113 21873 74574 60220 25368 69469 78939 15326 79096 67939 40734 21083 8965 27824 73387 5336 22310 4386 37041 65266 312 57066 23404 22546 33198 75082 72262 42094 67905 4336 24019 37622 54776 42200 71457 51205 32861 4005 77859 8648 15603 26823 52768 65843 23638 16178 4463 28538 79889 7321 40973 45770 25008 22111 79041 39015 67976 72276 12873 19391 67679 75621 48296 4956 38070 40196 59774 11196 20776 74521 12394 57489 60863 64856 51218 73079 26697 3656 40918 15147 39199 9333 70310 63219 68833 73836 27164 68814 64631 56064 37668 60627 2322 57209 52433 4912 33246 13424 12472 62762 47011 61896 8604 5431 49763 34276 3439 49558 59015 3770 45126 75722 37116 25568 57020 49284 13865 45292 10094 55721 52979 25206 65524 31893 74316 36153 17585 6732 79135 14338 4957 16716 49549 68641 36533 36263 46302 4129 52554 44320 64412 26763 18371 63556 28393 61263 11726 66657 75866 39085 26544 38109 58226 2904 34949 41079 56414 15878 51906 13484 61451 62627 68196 444 74383 54868 66033 3525 54666 64578 5651 8601 44268 62645 15554 33344 35031 74957 7528 2506 6813 15345 20616 34371 56709 73244 14201 2954 12815 26950 66637 80508 79797 66570 5069 55373 2627 65044 63265 52668 68197 21973 53883 12812 4348 56109 70259 8720 76090 79911 9160 76253 53191 47184 35814 19009 7068 76843 55537 9331 71380 32584 16178 50295 18529 18275 26258 37069 11737 7769 179 68888 33752 28556 36917 53451 55617 5719 11306 5171 27051 62868 80531 35299 4976 30754 72160 45895 60158 15983 62229 22541 64711 28184 58318 57034 7371 60242 41850 60808 56703 67817 78900 26264 36502 33745 73473 70175 48037 58010 13733 24015 31495 14110 71278 57978 25130 53529 78901 11865 46735 78386 44493 11698 57569 59949 75263 37321 41885 21208 60375 79306 10963 10742 2566 41994 26650 11300 53785 61099 59325 38507 30763 49934 25856 34479 34392 9784 20244 43362 50433 6148 33228 24146 32895 69499 39598 21459 36664 76418 74294 36436 58212 40965 48020 57050 47014 4019 23466 1198 46751 17970 68645 43861 49679 54664 34582 16670 51973 63601 16111 63439 40123 22542 10366 61563 29238 28812 20983 72700 13232 51983 69389 12532 39288 76493 79057 60792 56839 25624 78311 20450 51571 48757 43462 44153 62738 75261 55983 34029 15020 33590 19415 4327 54857 1303 30706 48786 68029 76058 51801 49811 59346 50045 70843 409 56407 16683 70905 75632 54722 41369 3008 61638 52401 28514 33680 30051 52035 65855 46945 54898 59659 77186 45276 48689 43935 53229 8402 78140 18335 68360 17199 24241 23856 1142 50070 30850 15892 76853 73922 16738 2546 18835 72037 2774 61198 78127 8634 67302 49351 51256 769 56544 54613 71595 39800 42008 77557 43771 63153 42858 71264 36464 59319 62954 29901 25430 53741 59121 26019 51968 64565 78063 18984 72706 32395 7788 56621 29167 48064 75689 42274 2011 63514 11260 57712 52336 26842 61590 58433 31540 52006 73440 23513 49634 74016 54768 78265 25682 31052 71931 22288 61367 74483 20317 46220 51453 64558 64102 29663 66329 37816 77931 34590 48287 24405 15160 34838 20332 79103 53345 16847 51890 40109 2672 80258 31335 70625 63465 71263 65219 55339 13723 39471 39953 71075 59350 13561 51683 25822 31834 21195 28601 80450 38185 28970 77639 3149 14859 43022 24581 53715 64788 34251 60836 23451 16850 51200 59507 49774 27147 13044 9568 35114 21567 66175 65495 27863 76438 26437 74546 2089 73375 23436 33096 63921 25265 3183 43677 33007 37456 78370 30655 7537 39593 42445 28743 5785 24826 25764 58981 74386 71730 19016 30843 73172 41058 8000 37736 45702 32780 63845 47715 15357 5801 15859 35135 75489 23884 52902 55047 43255 73998 49030 12854 34026 80098 48952 5048 26778 60951 67918 32987 19500 12786 73776 28573 23769 52416 17569 19875 71889 80830 60998 32730 22063 66330 74827 74721 12379 41323 21266 9074 77519 63456 15709 27986 43505 80310 12959 26402 71813 80520 22658 29449 5125 23149 7846 5847 64307 30697 29538 79591 60049 28914 51466 6233 59275 62834 76517 54871 27212 62107 41333 70835 3457 53479 14989 29044 19272 14527 8569 59408 31270 51571 66108 13725 19303 57361 69763 26579 8012 237 45085 50246 21279 73454 29039 4599 21095 73396 20467 53301 38182 24215 38391 12359 52824 33940 43209 50194 71976 23282 54994 40383 1337 45181 50097 62331 50772 40434 8612 33234 67711 58620 2274 25362 56336 47235 46518 11299 62583 75058 80490 68274 4876 46817 72032 28334 23807 74496 43163 58244 4786 6088 42167 45946 80924 42142 8321 77067 40301 63142 68497 9615 23421 13376 47338 30329 63755 62110 23096 14271 39156 70000 17522 41224 21024 33399 9722 48502 61452 25716 20693 69091 30706 31905 65734 65205 74590 6273 76620 3905 13234 65012 48564 3105 56069 2604 5843 48403 77276 41832 37616 38699 13244 50888 43500 7235 23419 43437 66443 7386 57671 70926 4582 79265 31766 73657 14542 64044 19535 66490 58058 52534 42387 7529 74349 12935 21875 37837 52435 47840 42120 4836 46609 52048 49740 34182 62105 8195 68409 74744 19790 55603 61474 17741 51155 65565 47517 37032 74550 37511 48222 10205 61153 58383 23790 64912 73630 63660 20264 14617 58759 21715 43755 18134 71587 40103 2736 55105 62573 31677 67314 46695 5430 49652 60556 59748 10296 69472 36335 73880 17316 3408 25621 59816 51747 47786 39167 27104 52165 45252 50174 35053 27395 1081 35584 40178 64350 58536 42335 42975 30901 76941 6224 65746 29373 48280 13953 37137 78966 14578 46570 21002 61199 32074 55167 79036 3632 11870 29233 50210 8267 2701 69276 17205 12606 54393 8759 50773 32765 16885 52114 67314 47729 24838 19497 29281 6134 78405 4418 38759 3165 20640 25953 5058 69561 38600 77683 46787 32004 24198 23048 79469 35168 68629 24645 72244 71939 24463 40112 67552 15424 77159 49831 1564 18643 40565 35578 70761 19572 34809 49444 25357 40152 15309 29106 5395 53995 79397 39735 20881 39268 61718 61998 60158 4219 41005 68738 17408 77856 78358 10616 19978 44599 733 56766 49743 27722 46578 348 62967 49810 10946 27003 38255 29926 80695 52165 67592 27732 31991 11647 72035 12218 48073 66811 66534 24635 25745 74040 78107 17173 36692 45734 1762 56914 41063 78577 22263 72007 8622 22057 55100 43046 57557 57379 23539 30412 53961 64825 57367 17119 22792 48005 5323 30442 12154 59782 50936 12942 25773 77713 42653 43022 67943 19132 65281 4023 63301 11980 946 34411 11447 49321 13077 75478 12375 8457 24888 50545 2671 63860 53825 79109 74459 22670 48881 51381 18788 59076 5889 16783 53371 71626 8953 3682 6289 55626 32721 13647 8142 49121 60996 25822 24988 1094 43771 65672 1622 39994 870 33316 8969 39554 13681 51281 45886 63902 47849 29897 21287 26128 50346 70564 31497 49336 14859 68301 1585 31498 25801 19532 34626 62736 16011 26946 58693 30912 2939 56173 26894 77606 2736 39411 56837 24801 69376 4317 39388 14561 60667 9535 7382 14577 1407 48424 68110 51029 64184 39566 43594 79598 46627 41535 56424 13114 77307 34639 62236 72132 51021 2122 30100 13007 51310 61899 79341 58347 9324 71465 64164 78925 73543 44224 13353 40162 76606 22774 33892 64349 69406 49383 51635 31998 42753 31795 10755 70912 64917 62787 80561 14133 42300 40096 14570 25364 26419 15293 64737 68191 10423 2011 8873 47057 56093 66437 54297 8088 76102 22155 74154 54790 23622 24189 66002 77336 45521 47839 79013 9834 74149 53166 60728 57779 72508 9157 14568 3026 4162 14765 18901 53143 76358 629 16348 34979 11777 12310 67189 52255 48647 38275 32471 64112 8834 3207 37860 4630 12474 47692 50267 348 4408 73454 2194 22116 6747 67195 43481 69728 14471 50912 70679 40439 49865 10262 10180 71512 60350 22216 38548 16216 1064 39911 37788 49000 69575 37388 74272 69029 77822 62541 59018 31758 52811 61101 56186 7706 33255 24407 69130 55144 7036 73815 17756 46742 10030 80091 14614 33115 31371 57040 80111 77061 69695 78897 41010 25157 29411 27656 12317 42259 73689 73148 28334 27416 36903 17513 25910 3664 44382 55334 29649 32124 43936 5022 34690 34788 60266 4710 79025 35712 30131 55676 40716 13085 5551 75903 44871 72585 1080 17134 69224 35505 57061 52263 38108 6335 45659 38752 18733 23632 79358 22197 61571 30375 24373 23231 5248 79824 73139 39225 32406 59733 2695 67126 30672 51583 10297 31716 56090 24155 22234 30308 59486 61919 4505 63154 75647 73092 61494 23063 41077 46066 55606 20241 55378 27503 59785 74316 3494 41497 28170 8885 42401 47201 10139 29371 63567 63617 266 25110 35426 39684 11437 76820 66708 4404 16816 73916 10296 2138 65838 60919 45375 40722 11916 41986 17519 10323 36313 3277 44911 6026 61693 63792 33174 20775 2751 74983 36739 6827 71076 61879 13437 49758 14112 27744 68576 28464 1218 13815 70135 75208 67724 2928 8740 44255 4491 6440 40004 7364 35017 45636 30266 6241 61800 25204 1444 20143 62222 26562 47338 44010 18722 19483 21917 47029 6260 32051 23353 80331 32345 19180 45221 57796 36923 27883 46724 65412 4915 51174 76829 67693 75930 58329 18478 50239 46719 36729 14024 18563 80827 51756 54769 45808 19754 26631 38389 33813 61222 37551 58716 38197 25485 35823 28970 32085 19621 25543 16813 72624 67555 70052 61657 6756 1857 70390 48427 5274 51661 18179 25383 11170 72950 28245 75010 55506 3431 62356 48664 7947 76327 55962 43553 49878 48356 46506 27322 48770 21481 21511 35649 10738 15464 22301 74790 28598 49883 33819 54656 68881 33586 49341 27141 13515 65950 76635 37166 41149 26534 49670 47356 23849 67175 72479 5016 28933 45873 11205 19525 75726 61627 30166 80157 7230 67281 27219 34300 58037 68889 74943 30704 54121 9846 46743 75067 18501 46531 29792 77506 21445 61030 4736 71988 1727 5157 18117 3334 57875 74216 63659 63796 2929 74132 7457 26269 29349 78984 12413 68308 25171 31279 54064 67260 72984 47886 11999 43419 54710 77371 8076 54965 327 15837 23427 77183 77587 6803 18724 29464 37491 74164 54393 21764 59667 48243 21901 30869 19474 27938 64161 15303 43303 8719 13847 3259 2761 53388 42107 30306 48517 42611 48614 26364 62817 13629 22038 29000 64425 33137 678 72820 71782 4666 39365 46510 23628 51508 31873 48603 5320 6203 480 57057 14195 28639 44250 80110 6243 34061 70403 69423 27984 55355 67091 22510 15190 56085 64668 73432 47065 22347 76058 40588 49995 9832 27900 5121 74663 17812 77196 13071 30485 37553 28019 59160 54260 65683 51480 64225 73319 14674 35018 56366 77046 46862 39398 80840 38715 67721 40443 65738 37739 13066 63679 37478 3729 30111 68559 1066 38450 76082 72277 74692 58768 45169 25826 12273 68382 74098 41924 65828 67838 76270 38680 65147 29557 9714 78788 11796 7077 23546 5122 60212 76038 43524 41463 47337 70548 34597 42162 5001 58540 4181 78615 58588 69911 75342 16323 49470 66949 6646 23722 18635 39498 950 75528 7701 63590 67155 78186 67575 22043 66539 52985 61921 20611 34540 76649 53824 77656 54276 18473 27285 58654 36790 6100 914 58669 66469 48853 80802 55247 65319 27897 62445 71081 38203 17557 59069 20863 45804 64230 59200 11248 10140 6441 24447 32440 54460 22081 50666 37656 74735 50107 37135 21296 66298 400 4549 58862 59924 66294 12990 70718 32225 32936 7312 55781 41494 42382 37068 80940 12943 10441 34447 77592 20677 34847 230 22677 32687 77779 52873 28074 41959 10145 30334 23883 12234 66260 58676 54062 35143 26419 22670 43816 75521 39190 26982 27994 16019 23300 47003 5288 22077 19784 37022 49633 39945 7339 27895 11287 67757 74224 70650 70120 70059 25027 29134 19474 10858 73121 69173 10749 28430 8893 39530 46374 908 29876 78065 5813 8333 10631 46853 36046 33259 6601 72935 70654 1549 80398 1494 62048 14208 65303 12229 32430 41983 74412 40003 17835 29947 14266 39764 37271 67988 37891 39749 69903 10652 32344 47918 77323 71709 35241 80283 70739 41689 72835 27942 51976 19738 7514 43374 22092 16431 6526 1163 12504 31585 15177 50364 24976 41848 10363 79051 8807 38530 76422 22487 20488 41923 21102 71930 53083 38131 73003 55159 52272 69249 20317 38592 20653 970 36392 17853 34803 75713 11086 37493 17448 79418 17905 25719 15277 9518 60150 7240 32758 60738 8215 58298 61710 16182 71351 53980 24826 22830 11614 55954 25390 79439 39993 35489 70976 12832 70129 48101 30372 11207 36186 35942 38350 22171 78829 67591 23691 79902 68537 54054 62475 15714 41539 24371 5034 32945 65669 80162 38318 60897 41354 79224 62293 72054 6852 41153 17664 5539 45283 2460 17050 51834 36772 1881 58861 61203 26203 58613 49210 4749 56646 23705 56640 45159 11445 14708 24008 58504 92 22872 79495 23182 80465 40608 15039 38998 46014 23510 3354 11096 65065 61352 26406 54602 16325 75041 42806 15959 48137 61866 19334 71327 12024 2294 2658 63659 64523 542 762 62068 42663 37263 44472 23371 26565 14519 32602 27596 34214 26237 38245 29675 79646 66467 58121 2711 78705 473 51358 3937 80154 30945 28001 30321 57404 15624 53261 23807 62374 22123 17408 74906 41270 52027 10903 58791 11790 75910 37073 43916 42030 72145 47024 29151 65122 70776 79383 35944 80803 27926 80553 73999 750 77805 18826 36468 79623 73985 6518 27655 68450 21718 60222 16395 80996 69486 15517 38232 38512 41927 59652 27033 38964 51578 10131 35597 38441 78089 74704 75533 32654 26092 39132 24857 5930 26332 44244 29956 77856 79669 16497 80672 33890 49804 74754 77035 37638 66322 56992 7368 56870 17016 64917 39446 27214 66352 6929 61020 33596 67761 47666 43344 59433 52625 79055 29138 23374 63730 21948 35514 27801 79681 4658 27648 13808 74656 77226 14618 13879 78750 17988 76481 37701 61603 40041 59721 64026 37803 70980 14379 39007 47117 44339 3784 58692 7258 59784 46456 64088 6316 43740 44890 2617 58367 75061 21526 58166 46106 79758 53705 61108 77451 14227 57625 36668 56375 70216 35909 8054 44961 11718 75062 50103 27628 27431 44445 10402 62566 67831 12570 48016 10313 12202 78927 76974 55928 49421 4547 20111 39352 55264 10295 22504 17274 39877 65858 15167 49063 55497 15714 50752 17087 7647 72201 16253 15381 1766 51670 40743 24303 66340 32855 51152 39822 36610 74832 57852 7930 51050 61882 34197 16388 30313 67097 9090 75027 68049 17771 37189 35518 43779 19925 6682 32100 26697 10037 73090 56108 56796 10843 54247 61475 78222 48790 62777 63239 48963 76977 66608 39308 25821 3252 28449 74301 62902 39909 35105 40620 30984 54731 18436 42071 79167 3822 27629 64275 38953 64393 42466 69643 63621 43185 65197 77973 39588 34082 45857 21256 11551 46945 72480 27621 26450 40954 79835 65803 21225 48214 79389 32627 51391 65728 8612 79496 76330 52973 64264 65434 61943 2789 71232 52138 59308 58821 23895 4036 20133 3557 63465 43350 51874 69802 47152 18317 49542 8791 61267 73643 53055 36677 68710 10950 4176 54326 21280 76051 25144 30167 74292 20043 53130 49481 36112 72323 73875 41997 49316 46371 933 80819 28965 60848 3115 28958 21186 3312 38370 37733 53018 28846 73175 33937 51476 12660 78112 56649 10814 35272 24731 32411 11827 28201 45623 42531 62273 36144 50222 34972 29858 58247 48894 13539 31307 32267 12238 44708 73463 42966 24160 37129 35772 25857 19944 33202 47998 1543 25474 39072 67297 78544 27072 59431 78546 10219 40261 20176 72341 57376 195 46602 91 42993 68602 27325 52498 67408 20766 11766 27927 5673 58447 20100 58777 4244 53245 10434 62481 79234 25424 5590 62718 43339 71960 29411 40685 68606 75420 73902 58295 41625 24372 58782 55953 43304 52526 4899 53342 10205 13862 32456 22570 80532 35325 56582 26364 14172 72123 10721 52591 15822 18949 33337 69789 64085 33982 66049 31181 10433 24861 42763 80840 12000 69390 26252 35882 67990 78584 19438 39287 44895 49143 75774 71257 15259 9355 61417 30584 44773 24081 31114 12122 23430 39678 78543 69680 10101 40588 71939 33729 39607 76001 77092 17058 48895 58779 36333 8995 62109 54047 68358 19077 36478 79221 62864 76773 36 53935 55699 57414 51043 61947 24146 44859 73740 35553 14711 72652 59255 33055 4754 36120 10118 4239 20783 17859 6287 74899 23377 76958 56943 78239 40524 77722 34766 6319 42140 15088 29894 12103 42552 73264 15598 13725 22003 35648 72577 72587 28216 68439 47323 62016 4516 57565 68357 35736 70296 79476 53484 34202 1532 40567 43447 75398 65445 7853 159 11232 77439 77352 24530 6126 27410 5775 43447 35958 66982 52522 21724 9837 39330 2263 10425 72622 22157 40426 70354 12047 59637 61081 79411 44387 65477 70252 34888 60878 18376 21008 501 65060 15625 30848 67418 37407 78647 20537 53587 10294 30392 16751 51831 6644 748 68588 70981 13055 70499 6251 69181 18567 12581 75501 18789 7615 64034 13930 46349 10581 31715 41993 34918 21593 844 77498 6625 10336 64675 8077 41537 11538 47445 37590 40 64392 68807 6581 2903 69908 6106 70230 68747 53786 61447 16350 69476 21866 12478 43391 79324 51123 73737 7404 72326 65505 37801 75478 50639 77574 12304 43550 73192 51232 70227 8578 4651 70352 19317 25176 37570 11394 46994 79128 9389 2389 66488 13712 37572 27878 52603 63320 9381 24229 26303 58826 23547 34201 64373 74350 70631 6138 24010 80799 41733 39404 21034 54666 80072 11992 12638 80903 28250 19018 69811 40151 8557 70737 20033 10207 12604 80467 71593 42855 34650 47850 3073 39179 24636 22408 51295 7016 74383 8948 34941 6689 71919 54117 35545 29782 48964 14918 37699 58418 57487 56389 12883 37186 1930 30125 36445 23261 10177 19870 78645 32263 3243 53445 57059 18746 53303 36515 24506 72238 44382 34581 15318 33040 69934 67424 16624 18043 1447 36854 14850 30226 32838 55165 13095 39098 33166 14180 48814 26664 77252 46237 39497 20097 58300 25222 4977 80635 35335 3924 74277 60093 50171 43540 461 56296 78151 43708 23292 13478 54918 336 29713 51411 25345 63892 24639 1277 18219 58128 35592 66282 73409 63344 23393 39433 37068 68995 6447 74097 49356 8625 64637 58211 26523 56863 27842 291 8680 40610 44248 65647 46631 3259 48236 13287 20750 51826 78356 16238 68144 65779 19693 74538 17966 77648 65979 79690 19510 36358 48833 32657 54861 48625 5864 13848 40783 12313 51791 37706 17144 3913 13478 44392 1015 43070 32509 53929 41015 7196 30915 51028 56498 14590 20317 12176 45993 66719 77375 42006 30558 79883 76715 18391 19953 12804 10198 32429 51726 63505 46685 63009 44882 41278 63617 76805 49975 74904 34911 46705 14000 21746 40491 17002 25913 73584 15909 19810 24676 376 50962 11732 37165 70531 26737 71724 74757 40334 9517 12393 42288 7978 63547 67303 39722 68796 79112 18612 53380 73615 48372 71557 20947 78059 44725 21327 25422 32171 58598 61403 52413 68052 55725 26674 33075 64546 62489 32675 33526 43822 48864 37127 57536 
