// periodic
// number of jobs
1
// pi
90
// Cycle
100
// aperiodic
// number of jobs
10000
// pi
19 16 1 15 1 13 2 2 18 18 12 13 10 19 8 3 14 11 10 5 13 5 6 18 6 8 3 16 17 18 2 7 2 19 13 10 9 9 16 1 8 15 1 10 15 2 1 19 16 9 4 14 3 2 19 3 3 6 13 9 17 19 4 5 11 6 13 3 9 4 11 11 5 9 7 17 9 2 18 16 18 2 6 9 14 15 12 14 15 14 7 2 2 14 8 3 3 18 15 14 10 6 9 8 19 9 18 8 2 4 16 18 3 3 9 6 10 10 10 5 18 3 5 16 13 6 16 2 11 12 1 6 12 19 17 2 16 1 10 8 12 2 12 3 5 14 10 8 16 5 4 11 3 19 12 17 9 4 11 18 7 2 14 1 12 16 15 13 18 3 9 8 10 5 15 5 11 4 13 5 8 5 19 6 18 14 12 15 9 5 6 19 6 17 10 14 6 10 1 3 5 18 19 1 9 3 12 15 3 19 14 17 14 5 5 14 14 8 12 8 4 13 8 3 11 5 11 13 4 3 3 1 19 1 15 7 16 16 2 7 12 14 18 8 12 9 2 2 10 11 3 10 11 11 6 19 14 1 5 7 15 13 4 17 10 16 9 6 17 13 17 15 13 3 9 14 11 15 7 14 19 7 1 19 12 13 2 6 12 16 11 5 15 9 4 8 5 13 8 11 11 1 6 16 19 15 8 6 18 19 19 18 7 13 10 13 7 17 18 1 14 7 11 14 7 17 11 4 12 7 18 17 17 17 19 19 5 18 4 18 17 13 13 10 9 17 7 16 2 14 15 4 8 18 2 18 5 3 19 18 15 3 9 5 16 15 2 2 8 1 3 8 1 11 6 9 10 4 5 13 6 13 6 11 11 7 3 7 17 14 18 17 4 2 6 4 6 3 6 5 6 19 8 16 1 10 10 1 4 11 5 11 10 4 7 10 7 19 9 11 17 9 10 7 11 12 2 15 11 15 10 3 18 5 18 9 2 14 5 18 19 9 15 7 1 13 2 13 6 14 2 12 11 5 16 16 19 12 9 16 8 8 4 19 9 5 7 16 11 11 12 9 17 4 5 18 6 14 16 15 11 2 14 8 9 8 8 5 2 18 4 10 6 3 16 16 12 19 17 10 17 17 6 15 18 12 18 19 13 8 18 18 12 11 8 12 14 3 11 16 15 5 16 19 8 5 16 5 4 17 19 6 7 15 18 14 19 14 3 19 19 12 9 9 3 10 12 17 16 15 10 16 1 10 9 16 15 10 5 2 18 6 3 6 3 18 5 14 18 4 1 11 10 1 18 5 10 5 5 8 6 13 13 12 9 14 3 18 14 17 16 2 5 17 9 8 13 8 7 2 6 14 7 18 14 16 18 13 10 3 2 1 6 8 4 15 7 7 17 7 7 17 1 7 14 6 3 18 6 2 9 10 7 19 2 3 5 17 3 14 6 1 1 7 11 16 6 9 5 7 7 15 15 4 12 8 18 1 7 11 13 2 14 4 8 10 12 15 4 10 12 4 17 18 2 15 10 12 2 13 16 17 6 5 5 1 11 10 7 6 15 12 13 6 5 7 14 19 12 11 19 7 7 9 17 7 9 17 19 7 1 4 15 17 15 3 17 9 13 7 18 19 11 17 4 12 12 4 10 14 6 18 2 4 7 18 16 15 14 18 19 12 5 19 8 15 12 3 6 13 17 16 6 4 13 10 7 7 18 17 6 10 4 12 11 16 16 7 13 14 15 4 13 1 2 16 16 15 6 11 6 17 8 8 16 16 6 15 9 3 10 2 2 12 7 4 3 6 17 16 8 1 8 6 18 11 10 11 2 9 16 17 6 19 13 6 2 14 9 8 3 4 1 8 2 6 13 17 3 5 14 3 8 3 1 15 1 6 18 18 16 15 19 15 5 6 18 9 6 9 1 13 8 1 19 14 4 15 3 17 19 15 4 8 18 4 8 8 11 18 14 14 11 5 18 11 16 18 12 17 9 15 6 6 11 5 8 13 3 15 6 18 12 10 6 18 16 12 4 17 14 12 19 15 13 7 14 12 17 7 11 7 3 12 2 1 7 6 18 5 8 19 10 17 1 13 8 3 4 11 2 3 10 12 17 5 2 4 2 2 9 15 12 3 9 16 12 8 6 18 1 10 18 12 19 9 12 14 12 5 14 11 11 9 2 9 1 5 4 17 10 1 14 6 14 2 9 3 9 4 4 5 7 12 16 14 14 6 9 10 2 7 8 6 18 6 1 16 8 11 16 15 14 8 18 17 14 11 18 14 16 12 2 7 17 1 7 16 6 5 13 15 10 8 3 19 13 6 4 4 5 17 10 18 11 13 3 16 4 16 6 7 13 9 7 9 13 19 1 13 17 13 14 16 12 12 10 9 13 2 16 18 4 14 5 13 4 3 6 7 5 19 7 18 9 7 15 7 3 9 19 5 8 15 8 12 19 13 8 13 15 2 15 16 6 17 3 12 15 4 11 15 19 16 5 8 1 7 3 13 15 16 1 3 10 5 2 2 6 16 10 4 16 10 9 7 1 6 16 3 4 12 7 16 12 14 9 14 1 7 18 11 15 9 11 4 7 4 13 19 13 14 7 7 8 4 15 18 6 12 4 8 12 15 2 9 4 14 8 2 19 7 13 14 2 4 13 12 9 13 17 12 18 16 8 10 7 8 18 10 1 12 3 5 3 17 16 8 17 15 12 13 12 1 17 2 11 4 3 13 14 4 17 5 5 12 9 5 13 11 3 4 7 9 7 15 8 18 2 2 9 10 6 1 10 16 14 4 7 10 6 1 15 6 6 19 17 16 4 18 3 13 4 15 16 12 8 1 11 18 7 6 14 10 13 12 8 15 16 14 18 11 16 18 11 7 17 5 1 10 18 2 9 8 2 15 8 19 18 7 15 10 16 9 12 2 4 9 9 10 18 6 17 6 2 6 6 15 8 13 14 16 3 2 14 8 10 7 16 15 18 17 15 4 3 12 11 7 10 11 15 5 10 1 18 19 15 16 2 1 15 8 1 1 12 2 14 1 16 13 11 10 18 8 15 10 14 8 16 3 14 5 16 6 1 2 3 5 2 12 3 15 19 4 9 8 18 1 16 5 2 17 16 2 2 16 10 2 13 6 10 6 19 16 5 19 4 17 13 17 10 3 16 10 2 10 19 11 11 5 8 7 3 4 16 16 14 19 13 11 5 12 5 18 13 4 3 19 16 2 10 13 12 14 5 12 19 8 5 3 12 10 17 14 2 13 2 11 3 4 14 6 18 6 10 16 15 3 13 16 18 18 4 10 5 10 3 3 10 15 18 14 18 15 3 12 1 14 15 9 7 17 15 8 2 5 6 6 19 3 7 9 17 15 14 4 10 17 19 17 15 19 12 1 2 8 8 19 18 9 15 4 6 10 16 3 2 1 18 2 16 10 10 4 4 2 4 15 3 17 9 3 19 15 9 13 1 13 15 19 2 12 14 3 2 7 16 9 10 4 8 10 5 8 13 18 14 2 7 1 6 6 9 11 18 19 8 16 4 16 6 1 6 9 9 19 5 3 11 18 3 6 1 19 2 16 19 19 1 1 5 10 10 6 19 8 11 17 6 9 4 8 3 14 9 13 17 8 1 17 14 10 4 18 13 14 9 3 5 13 5 8 4 8 1 6 18 14 3 13 14 10 4 2 14 19 13 16 5 19 2 2 9 10 12 12 6 5 16 6 1 8 2 15 3 16 18 10 14 11 9 9 12 13 10 2 10 11 3 11 2 15 11 10 17 12 3 1 5 2 7 8 6 10 15 2 11 18 5 11 4 14 19 15 6 15 19 11 12 4 10 16 9 18 17 3 9 2 5 17 5 1 19 19 15 1 10 16 13 9 19 10 3 12 6 17 7 15 3 8 11 18 7 8 6 18 11 18 3 10 13 18 15 16 3 11 18 16 10 2 16 4 16 4 7 14 15 17 9 9 19 11 13 10 15 5 19 14 15 4 15 8 18 19 18 1 8 10 16 7 12 6 6 17 13 6 15 2 4 13 7 9 4 2 6 11 9 19 12 9 2 2 19 13 17 4 13 13 1 9 15 12 7 17 14 15 11 10 3 6 8 9 8 15 9 12 11 7 16 19 6 14 13 1 10 9 18 2 14 12 19 2 7 13 17 6 6 7 18 18 7 15 2 5 17 6 3 5 19 5 5 15 10 8 1 11 10 7 1 16 16 8 9 4 19 1 19 12 12 8 7 17 19 17 8 8 4 17 10 18 13 1 16 17 6 19 17 6 7 10 13 13 8 15 19 11 3 17 7 19 18 9 3 12 11 13 4 11 5 11 18 12 6 19 9 9 14 13 8 3 14 13 10 9 17 16 18 1 6 9 6 8 16 13 12 5 6 4 9 17 14 4 6 11 14 6 1 3 5 17 4 12 12 15 11 4 3 16 9 9 5 1 1 19 3 3 8 5 18 17 5 8 14 15 14 10 19 19 12 12 1 19 3 6 3 10 13 7 7 13 7 19 11 6 7 19 9 11 8 14 17 9 3 14 9 1 18 1 7 13 11 13 3 12 8 18 5 16 15 12 12 5 17 1 5 7 17 4 17 17 10 12 13 16 16 3 9 1 1 6 11 13 19 11 10 8 13 18 15 4 1 1 13 17 16 11 7 18 13 8 9 8 7 15 3 4 14 12 2 1 5 10 8 9 2 2 11 3 17 17 3 9 19 8 11 6 6 15 10 9 1 17 10 15 19 1 6 15 6 1 7 14 7 3 17 14 17 18 4 2 11 15 13 8 11 14 12 9 8 15 13 6 7 1 1 6 14 11 3 6 11 17 5 8 6 1 4 12 8 15 13 4 2 16 5 19 17 19 6 12 10 15 11 10 15 18 15 17 5 7 8 1 5 7 14 12 8 11 1 19 5 11 14 6 17 7 3 18 6 13 19 4 11 10 17 18 12 15 7 18 1 18 10 3 11 2 15 17 10 3 2 17 7 11 4 7 18 15 14 7 4 17 15 13 18 16 13 4 8 12 3 3 6 6 15 16 12 16 9 13 13 7 14 16 1 2 5 11 8 9 9 17 10 14 19 2 1 10 3 18 11 12 5 19 17 2 7 11 13 16 8 4 17 14 2 13 1 17 1 17 19 7 12 15 15 16 6 12 9 3 12 17 2 17 18 17 16 2 11 12 14 16 2 16 2 4 12 9 15 14 17 14 16 3 13 2 10 1 19 4 12 10 1 7 19 4 5 8 1 12 10 4 10 7 7 12 11 16 3 1 14 11 10 12 16 3 9 10 5 7 7 4 19 5 15 10 6 13 17 17 14 6 15 18 13 7 6 11 10 17 17 9 18 2 3 2 3 10 1 9 7 19 18 14 14 11 15 13 19 19 18 4 14 8 10 12 6 7 15 14 15 18 11 15 10 1 19 4 15 4 8 18 14 3 2 14 11 12 18 15 19 10 9 9 4 7 14 17 13 1 1 4 18 4 12 14 4 5 5 18 11 14 4 8 18 5 19 15 7 1 10 16 15 14 6 13 2 6 9 6 7 5 10 3 6 16 10 2 3 4 10 13 1 18 1 14 18 17 11 13 17 17 4 19 9 5 7 5 11 15 4 9 16 1 18 16 16 1 11 16 4 1 17 1 6 13 7 13 18 9 16 5 15 2 6 12 4 16 5 7 4 1 7 12 1 18 9 9 13 15 3 15 9 3 2 7 9 5 4 12 4 17 11 11 11 12 7 7 16 8 11 7 16 18 9 19 1 5 5 16 6 11 14 1 18 4 7 1 13 6 11 2 7 9 6 5 7 8 12 9 19 3 3 12 3 11 14 14 17 2 7 14 11 13 19 15 8 13 1 4 2 11 15 19 19 10 2 19 6 9 10 19 15 2 17 6 11 11 4 19 13 2 8 9 8 17 6 19 13 10 9 19 13 8 4 19 11 8 17 8 1 16 14 5 10 2 19 13 10 11 7 18 12 12 11 4 16 15 1 10 2 7 8 3 5 6 15 12 9 3 18 14 3 16 15 7 6 16 11 8 6 19 11 5 1 9 16 13 14 2 18 17 1 1 14 18 3 3 15 10 13 13 17 12 14 16 8 3 12 7 3 5 19 8 2 3 17 17 17 19 3 19 5 16 11 2 18 5 19 10 16 13 2 8 5 2 13 12 14 7 17 19 5 3 13 14 8 11 8 13 2 11 10 7 16 17 18 14 6 18 12 8 1 2 9 15 15 4 19 4 17 14 4 3 5 6 5 2 1 17 9 16 14 18 5 18 18 19 13 8 19 7 7 7 6 17 17 3 9 12 8 3 10 13 3 18 19 18 3 1 8 1 3 9 15 8 11 13 2 18 15 8 4 5 19 1 4 17 8 3 11 14 10 16 10 5 13 9 7 18 14 9 8 9 8 1 8 6 3 19 7 19 13 1 17 2 4 18 1 6 7 11 16 13 4 2 10 18 1 11 18 5 5 9 9 7 12 16 4 3 15 18 2 11 2 12 13 14 2 13 13 3 2 11 8 16 1 14 7 19 4 5 1 9 8 3 5 14 12 11 17 15 17 12 16 4 12 13 8 16 19 17 9 7 12 12 4 14 2 11 14 9 9 17 12 18 11 18 4 2 14 19 10 13 18 1 12 10 10 13 19 13 3 16 5 11 6 16 19 6 13 19 12 10 18 4 7 12 9 4 15 7 7 11 5 13 5 13 15 7 7 7 8 12 1 18 11 19 14 2 17 13 18 15 6 5 1 8 6 16 8 16 7 15 14 14 4 5 15 4 3 15 15 17 4 12 3 8 15 8 9 6 8 15 8 16 10 12 6 10 9 17 4 8 19 15 9 1 2 10 13 18 5 17 7 18 16 15 18 7 2 17 8 3 15 11 8 2 4 8 5 15 1 9 3 10 13 16 3 16 16 18 13 16 12 18 17 13 7 9 4 5 19 18 16 3 12 16 13 2 1 13 9 1 12 10 1 9 6 13 12 5 13 11 13 10 18 17 6 6 13 14 8 10 2 8 17 17 2 15 11 5 8 11 14 2 4 8 17 17 7 15 6 18 1 3 16 13 9 9 18 16 15 15 13 1 18 12 16 7 6 18 19 16 16 12 1 11 5 7 9 2 17 9 16 3 3 1 9 3 15 4 1 16 11 16 9 6 14 15 1 16 5 16 3 5 11 7 14 10 5 16 7 7 19 2 13 18 14 17 9 13 9 19 10 18 1 18 18 6 1 7 19 9 2 19 19 9 15 17 1 4 2 2 12 2 5 11 8 15 17 17 15 12 15 1 13 15 11 12 4 19 16 18 13 1 7 5 3 12 13 7 6 5 7 17 10 4 6 3 1 17 11 7 6 5 11 16 6 6 19 14 5 13 16 6 17 9 13 6 15 16 5 8 17 6 17 15 11 16 6 9 7 3 12 3 18 17 8 17 1 16 16 3 6 17 16 6 8 9 19 9 12 16 7 6 16 15 4 9 4 2 6 3 18 8 15 17 3 7 14 12 11 5 3 16 8 4 15 13 5 11 17 12 12 12 12 12 1 6 1 6 2 4 2 18 18 9 5 3 2 11 3 4 9 18 1 19 13 10 5 16 7 3 15 12 9 5 1 13 9 18 7 18 19 19 1 10 6 11 10 5 4 15 1 8 15 17 11 1 9 11 14 16 13 4 9 7 16 19 17 16 8 10 1 9 13 5 18 14 1 18 16 13 5 4 17 19 9 13 17 10 3 6 3 12 4 17 4 9 19 15 13 12 7 10 5 13 15 19 1 16 18 8 3 18 12 14 12 14 6 15 9 16 9 12 11 19 2 14 4 17 7 16 17 5 11 5 11 13 3 3 10 14 14 8 13 8 3 6 15 6 10 7 1 17 12 6 2 16 14 18 10 11 5 13 19 16 4 7 2 2 2 15 9 10 2 1 10 4 13 1 8 9 2 11 10 4 12 3 1 14 1 4 1 7 2 17 15 1 12 10 10 1 5 8 8 3 12 4 6 7 1 14 5 4 4 4 1 16 16 9 14 11 19 14 14 19 15 10 10 15 12 11 5 11 18 18 10 17 18 15 5 9 7 11 3 7 11 19 16 10 12 17 7 19 17 6 10 11 5 6 1 14 7 16 3 1 13 11 18 7 7 8 1 16 13 8 2 5 1 17 3 13 13 12 4 5 12 2 18 19 2 7 19 14 2 19 9 10 8 12 11 7 16 9 14 15 16 8 12 17 6 18 16 13 19 17 4 2 16 15 14 14 17 5 8 3 15 6 17 15 9 9 13 17 19 7 16 9 1 7 7 13 6 5 5 10 7 12 14 10 3 12 9 12 8 12 11 9 13 11 10 2 4 14 8 17 14 11 18 17 11 2 17 18 10 7 7 18 11 9 15 6 1 12 3 16 8 12 19 4 8 14 8 5 7 13 19 9 13 10 14 10 10 3 13 7 6 14 14 19 3 19 10 13 12 1 11 8 7 17 14 10 4 13 6 14 19 16 19 15 1 2 17 12 6 1 13 5 1 3 15 19 1 12 15 11 14 19 15 8 7 5 5 15 5 3 17 4 16 5 2 10 9 1 12 6 10 17 10 16 1 1 4 3 3 15 1 11 12 12 17 10 12 6 2 4 18 18 4 17 14 11 3 3 15 11 9 9 16 19 3 19 11 4 15 9 10 14 3 18 10 19 8 2 12 15 15 12 2 6 17 13 14 18 7 7 4 14 1 8 4 6 1 17 1 5 13 8 2 3 3 18 3 14 6 7 3 5 14 3 13 6 8 1 4 12 6 4 2 3 15 4 12 18 9 16 9 5 19 14 9 10 16 17 14 5 1 17 12 4 16 7 4 19 2 10 14 5 14 4 11 11 8 7 3 4 18 2 3 8 14 11 4 13 3 16 14 2 12 13 7 15 14 11 7 8 6 14 18 6 11 3 8 16 18 2 2 10 5 2 14 4 13 16 1 8 16 12 13 18 2 11 9 14 6 13 4 4 2 7 4 13 10 17 8 19 18 17 3 17 13 1 19 8 7 4 19 16 8 5 14 8 16 13 17 9 15 3 18 3 5 1 19 5 10 18 7 19 13 3 8 4 16 10 14 4 5 15 5 11 12 5 14 14 13 1 7 3 12 15 15 2 15 6 7 7 15 16 19 7 2 11 17 14 1 12 14 15 10 3 18 3 3 2 18 9 4 14 4 5 5 15 2 5 4 12 10 10 13 15 15 5 5 17 6 7 3 5 2 11 2 8 7 7 12 16 19 16 12 7 5 4 3 14 2 12 19 13 3 14 12 4 5 18 10 18 1 13 6 9 9 4 9 8 15 12 14 12 18 3 12 10 9 15 11 7 15 10 5 5 19 3 18 11 6 2 7 6 13 1 17 18 18 12 14 2 8 12 1 13 6 8 14 17 6 13 7 13 14 14 13 14 2 3 16 9 8 17 15 8 11 17 3 5 10 10 12 4 2 11 2 10 14 7 2 16 5 2 18 15 1 3 16 15 9 5 7 5 19 3 16 3 1 13 19 15 9 8 5 2 5 5 3 14 18 10 8 13 4 7 17 14 5 14 13 7 10 17 6 11 12 8 18 16 16 7 15 9 16 13 18 3 14 19 3 8 11 8 7 11 5 3 4 13 14 3 12 11 6 11 9 19 7 18 5 9 19 7 16 7 11 6 15 14 13 14 10 1 1 14 9 8 1 12 4 13 5 10 4 6 10 10 11 17 4 4 11 13 6 5 15 13 16 16 16 8 8 6 10 17 9 12 9 5 19 9 18 8 9 14 7 14 6 9 11 13 7 11 4 14 5 7 8 3 10 9 6 12 6 7 8 14 3 4 8 9 6 1 9 5 8 7 18 15 2 15 8 4 9 6 19 4 6 13 18 15 15 16 3 6 10 12 7 16 3 11 12 10 16 11 10 13 3 19 9 7 8 15 15 17 19 8 2 6 19 3 18 15 6 4 8 10 13 5 9 10 3 16 9 7 14 11 18 4 12 18 4 1 18 18 18 3 16 18 18 15 6 12 13 7 1 17 15 15 15 3 3 8 10 9 19 1 19 19 5 19 1 16 5 10 18 10 3 12 19 16 15 15 5 17 19 1 13 18 6 10 14 5 12 19 11 15 9 11 7 4 11 7 1 17 6 10 11 7 6 7 8 19 3 11 4 13 19 8 17 5 14 10 14 9 2 7 19 15 5 13 12 18 14 12 16 1 7 17 6 4 4 1 15 11 11 17 19 16 1 1 7 5 19 4 17 7 15 13 14 19 13 4 18 1 5 1 8 6 5 17 16 18 8 3 6 17 14 19 2 6 11 10 5 2 5 17 1 1 6 2 19 15 13 5 8 12 3 13 5 15 18 6 10 16 10 9 8 3 10 8 16 14 8 7 16 3 12 18 4 6 15 1 8 12 7 7 8 19 6 7 12 19 18 5 18 14 19 16 9 9 19 10 11 17 10 8 10 1 14 16 3 12 5 16 14 19 13 7 16 16 7 5 16 13 19 15 14 3 6 5 14 2 17 9 13 10 2 15 6 8 1 6 12 11 4 3 10 8 1 3 4 2 15 19 5 8 13 2 3 11 4 1 16 11 1 2 8 16 7 13 9 3 15 9 3 16 7 15 19 6 2 2 9 15 4 10 13 14 9 8 7 3 7 11 14 1 9 9 9 3 8 19 8 8 11 8 9 14 17 18 14 2 11 2 8 19 5 9 14 11 19 7 16 14 19 6 14 10 13 16 16 6 17 2 6 12 7 10 12 12 3 3 5 13 6 19 1 11 7 16 8 3 6 7 14 2 5 4 18 14 12 3 9 16 1 17 6 9 7 4 1 1 2 17 6 19 19 12 4 19 14 11 12 3 18 13 4 5 1 10 7 9 13 3 1 8 15 11 18 11 12 15 15 3 6 14 4 9 6 4 3 8 6 14 17 18 3 18 11 6 4 2 16 11 13 17 15 18 12 12 19 19 13 13 17 4 14 12 18 16 4 6 3 2 13 11 3 1 4 11 4 15 1 16 6 18 4 7 8 11 13 10 1 17 18 12 9 9 10 7 6 12 10 12 17 18 1 19 12 2 8 13 13 4 10 19 5 13 17 19 14 7 14 10 17 18 9 19 16 6 14 1 13 1 9 5 12 19 10 4 3 16 19 7 18 9 15 7 4 3 18 3 2 8 15 18 13 9 12 16 12 19 15 16 6 7 15 5 15 15 13 18 19 12 12 11 15 15 14 1 17 10 18 8 4 4 4 4 1 5 16 18 10 1 15 4 15 14 19 3 2 1 7 11 4 16 10 3 9 19 4 18 16 18 13 14 5 19 9 5 9 3 10 10 2 4 7 7 5 7 16 2 10 6 18 6 8 2 13 14 10 11 10 1 17 17 4 13 10 3 11 3 6 15 14 13 13 2 14 12 13 7 7 7 14 15 3 4 5 10 1 13 2 10 4 1 5 1 3 2 15 3 14 7 15 13 6 11 8 1 11 6 13 17 1 15 2 1 15 6 4 16 17 3 19 1 12 14 9 8 5 5 3 15 18 5 18 17 16 1 10 7 19 19 7 11 8 11 19 15 15 5 19 12 2 10 2 12 14 11 6 5 10 2 12 3 16 6 16 7 6 9 8 1 10 19 17 14 14 7 17 12 17 7 1 8 2 12 4 11 2 12 13 4 10 12 8 6 16 17 15 15 18 16 2 6 8 4 10 9 9 6 11 9 2 1 1 3 2 8 14 16 10 2 5 3 15 17 15 8 10 11 6 2 1 11 14 15 15 5 15 9 3 6 15 15 3 11 8 12 7 13 4 13 4 11 8 11 13 17 1 18 14 19 19 14 3 13 15 7 16 11 6 16 14 3 2 7 4 3 17 17 4 5 17 13 11 7 4 4 5 11 17 7 13 2 5 18 6 8 16 3 6 16 11 7 16 11 5 17 10 9 7 12 4 14 4 9 2 4 12 13 4 7 9 9 7 8 19 9 13 17 17 16 4 16 7 11 3 9 11 18 9 18 5 13 17 14 8 15 6 12 7 3 7 18 4 7 17 12 19 19 8 9 9 17 3 15 5 2 14 6 12 4 6 11 17 3 16 7 6 8 13 16 9 16 12 9 5 18 3 6 5 5 5 12 9 19 18 15 8 19 14 1 9 15 8 12 16 13 6 1 12 5 11 13 2 15 4 12 18 15 3 6 6 7 1 19 19 8 9 19 19 15 11 10 1 1 8 15 1 2 3 5 6 12 9 7 16 11 14 8 4 6 5 7 7 15 10 12 9 17 8 19 8 10 1 3 5 7 4 8 13 14 12 16 19 10 7 17 16 3 9 8 5 10 15 8 11 3 16 11 13 15 2 12 2 8 10 13 16 9 11 16 5 19 18 1 11 4 10 16 5 8 3 12 4 7 9 9 8 9 10 17 10 16 14 11 9 7 1 14 12 17 5 13 4 9 17 7 9 2 10 4 12 19 2 18 11 2 16 4 10 9 4 8 12 11 11 11 12 8 4 8 11 2 2 10 13 1 4 1 15 10 6 12 18 5 19 5 2 1 19 4 2 15 10 13 2 7 15 8 12 10 19 7 11 8 2 17 8 9 11 6 16 6 3 14 15 2 9 5 11 2 11 17 15 6 11 14 13 18 18 2 14 12 14 1 16 11 14 7 2 5 11 11 4 12 2 2 15 18 4 11 7 2 6 12 9 7 12 3 5 11 3 3 7 4 2 13 18 18 15 2 6 18 16 9 19 1 13 5 12 3 15 17 5 1 9 6 1 13 5 13 8 11 3 17 7 3 15 9 3 9 2 14 5 12 2 13 16 14 8 19 3 18 2 14 1 4 12 6 17 3 14 13 13 3 6 2 17 5 10 16 14 7 4 1 3 16 17 18 10 8 16 1 16 6 2 8 18 13 18 16 18 13 6 12 19 4 19 8 12 14 11 12 16 18 14 12 5 8 1 18 13 15 11 3 13 10 4 5 4 3 10 11 9 11 13 10 17 3 11 5 16 1 16 6 11 6 4 2 4 12 9 16 12 5 16 6 7 17 14 1 18 15 7 16 14 15 4 12 6 14 19 3 1 3 14 4 18 10 1 3 14 16 3 5 17 18 8 13 11 3 14 12 7 1 5 7 9 5 6 15 15 19 6 10 10 16 14 4 16 3 3 3 19 8 19 9 8 3 15 6 17 6 7 15 15 1 16 15 17 16 5 4 19 19 1 8 17 1 7 10 1 19 4 19 2 2 14 16 9 2 11 7 10 14 17 3 19 9 7 12 1 1 19 11 4 4 7 10 6 14 8 12 7 8 19 5 10 12 16 11 1 13 14 7 19 10 11 9 7 2 13 12 2 10 1 10 7 3 6 19 2 19 11 17 15 6 9 9 13 14 7 5 16 12 11 10 1 19 19 6 14 1 12 10 2 9 12 16 6 8 5 3 11 15 1 12 16 16 6 12 18 17 16 11 8 13 11 3 8 8 13 11 12 5 14 10 1 7 4 17 10 11 11 11 9 15 6 1 10 9 9 2 17 11 17 13 4 2 18 19 3 17 6 5 12 13 5 3 11 10 14 4 10 1 2 13 13 12 9 14 16 10 3 3 3 4 10 9 18 18 6 8 2 9 7 11 7 15 8 6 8 4 9 17 2 15 2 2 15 12 15 8 17 10 2 5 8 12 1 1 4 9 10 8 9 9 14 13 4 2 15 12 18 12 5 9 9 12 18 15 6 18 17 2 5 13 8 12 13 15 17 2 11 1 6 13 15 2 18 1 11 8 7 16 7 12 10 1 19 15 15 14 19 11 7 8 13 16 6 12 4 15 3 8 3 8 15 9 5 4 1 18 12 10 2 14 3 19 9 14 18 3 10 13 4 17 17 6 13 6 8 18 17 6 10 12 12 14 10 1 15 7 2 5 14 17 10 12 3 8 7 15 4 1 10 11 3 1 9 9 16 19 5 16 10 18 19 12 2 9 6 18 11 8 2 14 6 7 1 2 17 4 15 15 13 11 12 7 11 7 11 6 5 12 7 8 10 11 9 5 3 5 19 10 7 17 8 2 5 16 18 18 2 16 16 8 8 10 5 6 16 18 7 16 3 14 15 12 14 7 12 5 17 18 10 17 6 1 3 9 19 19 10 19 19 1 17 6 3 15 2 7 17 1 5 4 19 18 9 14 10 5 13 18 6 1 15 16 7 19 19 17 9 11 16 16 4 1 12 19 9 18 14 4 19 9 18 15 10 18 4 1 1 15 1 1 2 1 1 15 10 12 17 16 14 19 3 13 1 10 19 3 17 13 5 3 5 14 10 6 4 11 2 1 3 17 2 14 13 15 13 17 6 6 18 15 19 19 11 18 13 4 7 2 9 17 19 9 19 2 19 9 19 11 3 9 2 3 2 3 16 3 15 13 17 18 14 5 4 2 1 4 13 1 11 17 12 9 15 7 3 4 11 7 3 17 18 1 12 12 17 19 4 3 3 19 1 4 10 9 14 4 15 18 3 15 13 12 5 5 8 7 9 11 5 12 15 18 15 18 15 10 17 17 15 11 5 6 12 7 4 11 6 11 17 13 7 14 17 17 11 14 6 3 7 17 9 9 3 2 1 9 6 12 10 1 19 8 17 9 16 2 19 3 14 5 14 6 17 6 10 14 1 16 14 14 18 6 14 14 8 7 15 13 1 6 11 2 11 10 1 13 16 4 12 11 17 9 19 17 10 14 11 15 17 15 19 5 9 2 2 10 7 16 13 2 12 16 12 11 4 15 8 5 15 14 1 4 4 19 3 17 5 19 7 11 1 11 7 5 4 8 12 17 1 16 14 16 19 19 1 11 12 12 4 3 14 4 16 7 7 6 17 19 7 12 10 9 1 4 3 7 9 18 16 12 17 9 14 4 16 4 9 14 10 14 7 8 14 16 17 7 9 8 17 13 17 15 8 10 3 3 10 6 17 8 6 11 16 15 7 5 8 8 3 14 18 12 17 7 2 1 4 5 11 7 13 17 3 6 3 7 12 4 5 11 1 15 9 1 3 17 13 6 6 3 2 10 15 19 3 5 13 11 2 8 1 1 12 13 15 2 18 13 8 13 15 2 18 1 4 15 8 2 17 5 13 7 7 6 18 3 8 3 13 17 2 13 11 6 6 11 14 10 10 10 11 17 10 5 8 14 8 16 4 6 3 15 9 11 15 6 1 6 3 8 14 15 13 17 1 7 8 19 4 14 18 16 2 6 14 11 10 13 19 2 3 17 12 2 17 4 3 11 10 10 18 1 19 10 8 10 14 18 6 5 9 14 6 9 11 5 16 16 12 10 13 13 8 6 19 6 7 2 16 1 12 12 13 5 9 9 11 16 17 6 5 3 16 8 19 15 2 10 1 16 15 3 12 6 4 2 8 9 4 7 7 11 4 16 3 15 12 3 1 10 16 17 1 17 2 2 4 6 9 18 6 14 3 4 2 14 5 18 7 8 14 8 18 14 18 10 7 14 10 8 11 13 10 9 8 4 10 2 8 15 2 18 17 2 6 7 7 10 11 12 13 19 4 4 7 4 11 10 10 15 10 9 15 5 17 12 15 16 17 16 14 12 14 7 17 15 11 11 2 8 9 13 7 2 5 16 12 9 5 1 8 17 17 1 8 19 12 1 19 1 3 15 13 8 16 18 8 3 8 13 2 13 18 16 5 13 4 5 11 1 10 12 19 19 16 7 5 19 10 3 19 15 9 7 9 12 2 5 18 12 2 5 1 9 11 1 13 17 2 17 3 12 5 10 12 18 14 3 5 7 15 8 9 7 9 7 15 14 14 15 11 8 16 6 13 13 6 13 19 15 5 10 14 12 13 4 14 16 11 16 5 16 10 5 7 12 8 19 1 17 11 2 4 1 8 7 12 3 12 14 9 5 3 3 4 7 7 14 6 5 7 3 17 14 16 7 17 17 11 17 18 17 8 17 5 9 11 11 10 19 8 7 12 4 3 6 15 11 17 1 13 5 15 7 17 14 11 12 3 4 5 12 15 9 2 15 7 13 16 16 10 11 10 19 14 9 4 17 13 5 5 1 3 8 9 3 13 19 7 3 7 9 14 1 11 9 6 7 12 13 11 4 4 7 17 10 14 13 19 2 17 6 10 5 6 11 1 2 3 13 18 13 2 4 19 13 10 17 3 8 17 11 3 15 3 5 5 17 15 11 8 4 11 2 9 11 19 6 12 8 17 13 12 12 7 11 12 14 5 13 10 5 6 6 10 19 8 5 3 4 6 6 5 1 5 10 6 7 15 6 7 17 14 1 9 17 14 12 9 19 13 18 1 14 13 4 12 14 19 3 4 2 16 10 9 3 12 1 16 8 17 16 14 12 15 6 7 3 1 16 18 18 6 8 15 17 7 9 3 16 14 5 16 7 1 14 18 5 9 5 11 11 2 1 12 1 19 9 4 16 13 8 19 17 19 14 8 16 4 7 16 1 6 19 7 11 18 19 10 12 1 14 14 13 15 13 14 9 18 19 13 12 1 4 12 2 2 10 2 12 7 1 6 2 5 1 18 2 11 18 8 5 9 16 2 9 7 14 12 10 4 10 8 8 13 1 19 1 2 10 9 4 1 18 12 5 18 4 19 10 12 19 2 3 5 3 16 7 12 8 12 4 18 1 7 13 11 11 1 9 16 16 12 10 7 19 7 7 13 7 11 3 8 1 13 7 7 6 5 15 17 15 4 2 8 11 9 13 4 17 19 14 8 8 6 18 5 1 10 4 1 4 3 9 8 1 19 15 9 19 3 16 3 7 10 3 17 2 10 3 12 1 10 4 11 8 6 17 9 15 6 19 11 8 6 12 9 2 10 1 14 16 2 18 18 19 13 9 12 1 12 11 19 8 7 15 2 2 12 2 2 6 11 14 15 17 12 18 4 13 14 12 19 3 4 5 4 12 17 14 2 6 17 3 5 8 17 9 2 8 9 7 18 7 9 15 2 8 3 17 15 5 1 3 8 1 7 16 18 8 13 19 13 15 4 8 4 16 17 17 4 4 8 11 11 5 8 5 5 18 2 5 2 13 10 10 4 10 5 13 15 5 10 17 11 5 14 16 19 16 16 17 14 4 14 7 18 18 10 16 12 19 5 12 19 8 6 4 9 1 4 13 11 10 4 6 8 12 3 7 15 16 12 5 12 14 6 14 9 13 6 5 3 13 16 9 13 13 10 8 5 3 4 17 10 14 16 6 6 14 8 17 18 7 2 1 8 5 14 16 17 11 12 6 10 4 8 18 1 8 13 17 16 13 15 12 15 19 15 18 15 3 11 4 8 19 15 15 6 1 18 7 13 17 1 16 12 19 13 9 7 6 12 7 6 11 6 1 17 3 17 14 16 9 11 4 2 12 12 2 9 19 16 8 8 15 9 3 16 12 19 13 7 3 1 5 18 3 6 18 12 13 8 18 15 2 10 19 13 5 6 19 10 12 12 11 13 13 5 6 18 16 3 8 12 17 19 12 14 12 6 1 18 2 16 12 13 8 7 12 11 1 6 13 4 5 14 10 6 9 12 16 11 3 8 19 16 13 14 6 2 17 2 19 16 3 9 14 7 5 14 7 8 3 18 17 3 15 6 18 9 12 4 7 13 5 4 10 4 18 16 17 12 12 8 19 9 6 15 18 3 13 9 5 3 10 9 2 1 6 11 8 1 10 11 10 12 17 9 16 2 7 4 3 16 16 19 7 6 14 3 17 13 17 17 1 2 9 15 11 18 11 7 14 18 7 17 11 16 19 16 7 1 16 15 5 6 6 8 19 13 12 3 9 4 13 8 9 6 11 12 5 1 7 12 5 10 8 6 19 17 7 12 12 9 11 19 11 18 7 4 19 1 13 11 2 18 15 7 16 1 2 16 5 4 5 5 4 11 7 8 8 19 2 11 9 4 15 16 19 5 10 3 13 1 11 12 3 6 19 8 13 7 3 12 19 14 19 17 19 9 19 7 15 15 16 17 9 1 3 13 16 11 3 13 7 2 12 13 17 5 8 3 15 4 13 12 12 13 4 14 18 7 9 2 1 2 3 4 11 3 13 17 12 14 6 9 12 7 10 7 15 4 2 10 14 2 4 9 15 12 13 6 11 6 9 6 3 2 16 3 10 17 17 12 7 14 3 5 9 6 14 17 17 2 6 9 10 7 19 4 5 10 17 7 6 8 19 16 13 1 11 13 12 18 13 19 10 18 10 9 16 13 19 9 12 6 1 9 15 12 9 17 3 7 17 4 10 3 10 8 3 2 5 2 7 9 3 6 8 10 3 9 14 9 3 5 6 5 12 10 2 18 6 11 2 15 7 16 17 14 3 5 7 6 11 10 18 10 2 12 8 10 19 19 1 8 4 18 17 12 14 9 7 11 6 16 10 6 12 12 18 8 1 2 19 5 13 9 16 12 3 18 18 17 5 16 16 10 5 15 3 1 4 16 5 5 6 11 3 9 16 8 13 7 3 1 1 10 4 13 16 7 15 17 12 8 6 19 2 9 18 2 18 12 5 15 18 4 6 12 12 9 7 18 12 16 17 16 8 11 8 15 8 5 12 14 3 18 1 14 7 5 19 8 4 15 10 17 11 9 8 17 12 12 2 10 11 5 19 14 7 9 5 11 13 8 7 16 8 13 5 18 16 3 13 2 7 15 1 12 19 16 1 18 8 15 3 5 3 9 15 4 12 11 6 19 11 14 14 1 14 18 7 12 18 11 3 1 14 3 3 19 16 10 9 16 18 17 3 17 6 11 19 9 14 10 10 15 3 18 10 6 17 16 18 7 8 1 9 12 19 16 17 11 1 16 1 5 4 14 18 10 17 6 3 4 8 12 3 8 14 11 9 17 6 5 15 6 9 3 15 8 18 17 5 6 6 8 7 12 14 12 18 15 16 10 18 7 7 19 4 10 11 7 9 17 19 3 8 16 1 8 5 16 9 4 15 15 11 16 17 12 5 10 5 1 7 13 9 13 11 12 11 17 1 1 12 17 16 13 10 14 18 19 6 11 11 13 10 1 9 14 19 13 8 1 13 15 19 19 6 7 8 9 15 18 12 11 5 5 3 12 9 5 4 3 5 10 15 14 13 10 1 4 7 5 16 8 18 13 5 11 8 8 7 13 15 8 13 1 2 10 11 3 11 19 18 3 5 17 13 3 4 18 11 14 8 10 10 10 13 10 1 9 19 17 5 17 8 19 2 10 15 8 9 7 1 12 8 18 12 18 6 16 10 18 9 5 17 17 12 8 17 18 15 8 14 19 19 17 1 16 12 13 13 10 12 13 13 4 14 12 17 2 17 5 10 9 19 4 4 16 17 18 18 8 6 1 6 12 17 16 12 6 3 3 7 13 4 16 17 13 1 18 10 7 1 9 18 18 1 17 6 15 5 7 13 1 14 5 1 10 3 16 10 8 9 10 15 6 10 19 2 14 7 2 7 18 8 16 12 12 3 7 11 3 10 4 1 1 4 7 15 10 3 8 3 16 1 18 5 10 3 12 9 14 4 2 11 1 15 17 16 5 18 15 12 8 3 16 3 15 9 7 5 19 2 4 6 3 17 8 5 11 11 9 4 5 16 17 18 5 4 2 18 5 19 16 13 5 8 1 7 12 5 7 14 2 11 14 18 6 1 15 1 18 4 13 6 19 7 15 7 19 7 16 13 3 1 10 15 12 4 17 7 1 11 15 18 1 19 15 18 15 7 18 6 3 14 4 6 17 1 17 11 9 13 4 14 8 10 3 10 8 4 17 9 6 19 11 11 5 5 1 11 13 17 5 9 5 13 15 11 17 3 9 16 7 5 17 9 10 15 4 4 13 10 11 11 15 15 4 1 12 14 15 12 19 2 19 5 5 19 6 4 11 15 15 19 12 1 6 5 9 2 15 1 12 12 14 12 8 6 14 16 8 18 1 11 8 4 12 16 3 6 16 19 11 17 17 14 7 14 2 11 18 1 11 13 6 5 14 1 3 19 8 18 15 13 14 19 16 7 16 11 13 4 13 17 5 18 1 19 5 15 16 10 18 19 16 4 10 11 17 5 6 7 11 19 7 16 1 1 5 5 8 4 15 2 17 9 1 13 12 18 11 11 16 15 18 19 4 19 6 19 18 13 12 16 10 8 12 3 8 12 4 7 2 14 16 5 8 5 17 13 6 19 2 13 15 2 15 6 16 16 8 5 5 6 7 7 12 6 3 6 17 1 13 12 8 9 2 12 12 13 1 4 2 12 17 11 12 5 3 15 4 19 7 2 2 7 13 4 3 9 17 19 10 13 11 16 14 13 8 1 13 18 10 15 8 3 1 8 5 2 7 11 10 17 5 7 4 12 10 15 7 15 18 5 14 10 13 1 5 11 2 13 3 2 11 6 5 7 19 10 13 9 8 13 16 16 18 17 3 16 8 5 14 14 11 15 14 2 7 18 19 4 16 5 14 3 18 10 18 6 12 1 15 17 17 4 17 11 5 19 13 5 17 9 15 13 3 19 16 5 11 7 7 2 19 15 8 17 8 11 3 1 2 15 2 8 8 18 6 10 3 16 14 18 19 6 4 3 13 18 6 12 2 15 4 3 3 7 19 16 3 13 8 19 13 19 11 5 15 6 10 16 4 3 1 9 3 2 14 13 19 15 18 15 3 1 12 16 19 18 2 16 5 17 1 2 15 7 17 5 5 1 4 19 5 18 13 9 9 17 18 2 1 17 6 11 4 6 11 12 17 14 11 10 8 14 1 3 11 2 12 14 5 19 2 8 14 4 3 10 13 19 5 7 4 1 19 11 8 10 7 2 9 6 3 3 2 11 3 7 10 4 19 10 11 8 2 10 15 12 7 10 5 17 19 15 11 8 7 11 16 5 2 11 19 3 2 17 10 7 7 6 9 18 6 16 8 18 1 19 10 4 18 8 4 13 1 15 1 6 8 14 10 7 6 8 18 6 14 10 14 10 16 9 15 18 14 7 8 1 7 11 10 7 16 16 14 18 1 19 9 11 17 1 17 19 16 3 7 7 4 12 3 5 15 10 19 5 11 1 4 5 10 3 8 1 15 14 14 16 14 14 16 1 7 10 10 19 4 19 13 1 18 14 5 13 10 14 3 5 3 14 4 8 4 15 13 16 6 11 16 2 17 17 11 18 15 4 17 17 7 6 4 18 5 11 2 4 4 2 13 19 16 13 8 3 14 11 14 5 18 15 4 1 9 6 3 19 1 3 13 17 6 19 18 15 15 3 19 9 8 9 11 9 16 4 1 11 19 17 10 8 10 13 2 9 19 3 4 16 12 7 18 1 10 14 4 10 18 7 12 7 1 9 5 11 15 6 3 18 8 6 19 1 18 16 10 11 19 12 9 9 1 13 11 1 17 16 18 15 5 5 5 13 16 14 19 8 2 6 6 1 8 17 19 15 10 18 5 1 3 6 18 14 17 16 16 4 15 4 1 11 11 14 19 14 10 16 2 16 16 1 8 13 3 5 18 11 10 13 18 5 16 4 1 12 19 4 7 7 6 5 5 4 8 18 2 19 18 5 9 17 5 1 19 10 18 2 4 19 18 16 8 12 16 6 7 2 12 1 7 7 9 18 11 9 6 18 16 16 18 17 13 5 14 13 1 8 3 3 4 18 17 16 15 18 17 16 16 17 3 2 15 3 19 7 7 8 3 6 17 6 4 7 6 4 7 17 8 16 16 1 13 9 2 11 16 16 7 9 13 12 13 9 12 3 16 19 9 18 13 10 14 16 2 18 16 7 18 10 19 18 1 18 14 2 19 16 13 9 4 4 9 15 10 10 16 2 16 19 15 12 11 7 8 17 14 1 10 15 3 11 13 16 3 4 1 8 13 13 6 16 18 3 5 19 16 1 9 7 19 13 15 16 14 5 6 9 1 13 6 15 7 1 17 11 2 1 2 11 10 5 8 18 12 7 13 1 18 5 18 8 1 12 19 18 4 5 5 1 8 15 16 14 9 18 13 7 13 12 11 4 12 5 3 18 8 18 19 12 19 14 19 14 2 16 1 12 12 4 7 17 18 11 2 12 5 6 13 4 1 8 4 11 10 14 19 13 18 16 11 2 19 2 12 2 16 17 9 5 8 10 8 8 6 2 16 1 17 14 7 15 14 15 13 14 8 11 16 2 1 8 15 13 16 11 2 7 18 18 14 18 10 18 6 18 13 12 12 3 17 18 9 19 3 16 3 2 1 15 17 19 10 16 15 15 4 15 4 6 5 19 4 9 2 19 15 10 10 11 19 3 7 17 16 19 9 16 16 6 18 6 8 4 12 5 7 3 4 19 17 9 4 17 13 7 18 16 11 16 17 16 8 12 17 19 2 18 3 2 6 13 19 1 18 17 1 16 8 19 18 12 7 10 11 14 4 15 3 13 3 1 15 3 2 15 2 14 7 11 5 16 7 14 11 19 16 17 18 6 16 11 8 13 8 10 10 1 4 11 1 1 9 11 4 2 4 9 2 11 9 6 1 3 13 4 10 3 10 5 19 14 15 18 16 12 
// di
363 1142 4767 2090 9765 6422 8010 4993 8003 8786 7206 4320 2972 7163 5612 247 6024 9351 4230 6353 3755 4309 6180 8767 1278 5678 6885 6018 8839 8319 3462 2695 4391 5650 7984 5666 1378 8185 5596 7532 4703 2535 10000 5089 8568 6457 1177 9528 204 6119 7534 9818 7712 9357 2932 1480 2126 4621 7542 384 7664 3629 297 768 6583 8958 7235 9214 4716 6006 9674 9227 6703 6496 8217 3827 8323 6812 6789 8736 5283 3962 5648 3954 2118 9229 7448 8048 4949 4029 1919 3186 1886 5631 5094 3068 4834 6085 7132 9688 7868 8532 6075 4812 5374 4733 454 8487 4888 2966 5487 6740 5269 4364 6198 7406 5276 4180 8294 1526 561 413 5502 9158 8479 9813 2280 5655 1600 5176 2298 4564 720 3739 5344 8655 2958 5739 1486 7691 2208 3504 6206 6852 4570 3 4826 5349 8415 1076 8854 4596 2660 132 2045 2232 2328 6304 2962 9815 818 69 4307 1122 7690 6634 8138 8547 7170 7342 4138 5097 4424 3468 9422 1788 898 9885 2425 3699 621 4312 9900 7767 7643 845 7854 2224 6803 2834 5244 74 9619 9013 5694 7700 9086 29 289 2586 2953 3487 2476 7440 5638 3746 575 1150 1599 950 8174 9324 5913 4353 7118 750 8482 9734 8680 8803 3889 7758 5249 1062 8834 4797 7148 7543 5078 4710 288 2851 7610 6619 7229 7074 2446 8563 4790 933 693 2427 7525 338 2247 1201 9781 1356 8305 1927 7366 3536 3737 1873 1790 8955 8554 8213 7107 2922 4675 2833 5485 8607 2464 4046 9553 8753 3001 8787 7286 1178 8459 4467 9315 5900 2599 2517 7493 1911 4481 1087 9239 2892 8208 341 8025 5636 5555 7833 7156 4195 6461 1509 4808 8849 4141 7879 9246 418 1936 3755 1658 3662 8667 6404 7526 4518 8035 6478 4464 3713 6128 5114 8363 1928 1329 6212 3846 3316 5833 54 6688 518 8254 562 313 5956 4109 3313 6545 6876 6476 5408 8698 5831 1994 3747 7500 3117 324 6679 2057 7707 9465 8588 8260 7292 9451 9223 826 1810 9723 9098 4383 8455 5040 5714 2984 9090 9788 9710 7806 3930 5853 9280 1468 4294 945 8302 1961 5179 8104 507 3110 1170 5631 1437 4315 9451 776 8743 24 7457 8044 8652 1978 2026 1182 541 4508 9625 9320 1984 1562 5598 156 1749 6386 189 9529 7298 335 6860 9664 747 9709 1267 5243 9836 5044 8801 2652 6201 2528 8461 7675 1817 4830 9445 691 6278 6340 2791 8048 5710 5705 9191 591 3162 6207 5794 6766 7311 8919 5031 4307 4361 3845 4030 170 6866 2902 8111 3950 978 2473 9819 73 6495 4146 5286 2645 5467 6294 9338 376 8329 4272 4802 3964 316 1050 8439 3790 135 2791 3775 9730 9037 9194 768 5608 2712 1978 5062 1956 6172 8088 980 9076 9990 8441 7821 9895 5209 7015 7544 8513 9429 6165 6762 2273 1529 4532 6561 358 5436 5569 1400 4797 8625 4937 7887 2476 6867 1403 1373 9357 6630 5269 5378 9772 2974 2813 7940 4680 7133 203 3881 3230 7863 3215 8342 3191 3896 7492 8291 5129 1094 8646 6093 1088 3327 7391 5046 3306 5689 8768 5002 6239 5956 5281 8714 755 5198 5450 6669 9627 3008 2124 6553 7484 5476 1986 4065 1020 9167 3955 5050 6780 3962 8748 6223 8240 4337 2684 6948 2283 2358 7911 7054 4912 2395 6314 5876 748 8441 3290 9626 9973 7998 5025 2793 3543 5274 5665 3312 6842 9638 3639 5649 3202 3340 9394 2424 710 7716 6674 3266 3225 2725 473 2486 6239 1576 8630 3164 8902 8315 4369 7549 1666 2659 4424 5588 1538 3766 4167 5322 1814 9071 9700 2159 9454 3332 2609 3816 862 2314 7186 9978 4528 5360 4358 6472 138 4870 9787 9778 733 8454 3604 43 7107 3406 3084 4252 8606 718 185 5149 6779 5681 6242 5917 928 7976 8223 4748 1162 9698 8396 936 527 9519 4211 9333 3333 9753 359 9203 315 5586 6730 967 5371 4403 6914 3964 6250 9715 4498 1607 1528 814 1727 811 1857 609 1535 8370 5793 803 9064 9909 3718 5872 7278 4816 858 7417 9765 6970 3816 7805 6030 6219 7400 534 4554 7460 357 9233 5636 5763 3114 9258 2240 4105 8509 8491 8511 7562 7934 5603 7203 1898 6053 1328 8686 5330 9879 7951 7758 4939 3100 4207 3829 2351 344 4345 3610 6198 3370 5672 7635 1575 8467 1129 6383 672 4425 9566 7171 231 3716 4426 9701 1128 5443 5119 7489 9886 3249 4295 7690 3047 4025 5275 6695 4512 4698 5656 6756 3636 2330 6781 2700 5369 2068 6168 4195 4108 7342 5061 2364 7405 1175 7511 4774 2188 2069 9657 8657 1333 5295 114 4626 6553 3595 7057 764 2098 8995 1741 7130 4104 1218 8893 7875 2034 2410 2405 2341 8411 3967 6302 4782 1305 1160 12 1366 8167 6677 9586 5004 1269 5352 5533 9157 2739 3117 3726 3442 6614 4496 6275 4533 56 7144 5437 5604 4216 2829 2873 4879 6271 2592 3211 8726 4004 5721 7543 5746 1948 724 7312 4221 7369 4630 1592 5637 5044 5426 1635 8922 6579 9344 5570 2574 5907 5793 3171 304 2423 7639 4358 8165 591 3105 9599 4920 6320 664 5678 1491 9309 8978 7508 3028 8430 838 2535 527 6351 4941 1929 1031 5020 2168 1183 1432 1893 3205 8756 3854 2670 1570 8057 2563 3699 5929 6885 228 5168 8060 4744 7662 9424 2870 9720 4458 3028 9531 5963 2744 4711 5871 5938 3260 4251 9812 2224 1138 6962 1460 882 3061 3052 6333 7244 8703 5163 3799 8820 8234 3187 2600 3763 1082 3939 6514 531 8567 5292 9290 8200 1656 9265 879 4141 2412 3125 6085 6666 1540 9410 2334 350 5698 3689 6338 9183 4576 3342 5799 8835 5475 5488 1072 8145 5967 87 2224 2774 9737 6004 2607 4738 2774 2626 8707 2685 464 5970 537 3016 547 4843 1231 1077 1240 6771 3621 8757 9419 8434 241 6745 4690 270 4943 5646 6921 1305 2744 2765 7604 2354 448 3497 6290 1385 2357 9375 3655 7944 990 4440 8643 6710 9602 9963 2577 3550 3903 2642 9055 8329 8411 8665 2007 1089 717 8570 8581 9495 3987 2499 837 5122 2560 3104 933 5529 7443 797 8113 8489 675 6008 3741 3511 8814 8802 7930 7027 391 3748 2981 9249 1649 9159 7975 4409 5626 4294 3659 4613 8737 6706 4823 6363 8360 6075 3824 8477 4816 2271 7032 4752 9593 3170 7521 9168 1332 4368 3750 4135 7350 5922 1186 5991 1097 2023 6157 7551 8217 6717 7886 5644 8835 2159 2059 5075 1975 1501 9279 5151 9220 1995 9682 5717 3981 5788 1876 2519 718 6477 1707 52 2032 6855 7033 2152 6259 6219 4441 3220 6070 6471 3877 6319 6858 9147 1219 2660 6736 1152 5293 2424 6544 2693 9992 8344 5490 9163 6444 2366 2564 3315 5452 4594 908 2721 955 8452 9032 9007 4982 3554 1493 7736 8629 1253 670 9636 5916 1132 2112 868 3039 7409 1829 882 5475 3738 9851 8348 4852 293 3061 2000 1357 7409 158 375 8807 6090 5442 3138 7740 698 6174 675 7372 2658 1100 1236 8292 1295 170 2791 2957 8696 3105 1664 6919 7800 9770 4339 9725 8489 3582 1147 5557 1319 4535 2390 2701 7996 8865 4027 7541 1945 3291 9879 7204 1667 1888 9458 6342 9894 3455 7367 7910 7425 1286 4591 4974 3025 3144 2483 1903 536 3652 6628 5513 7913 874 8081 3846 3109 929 1945 318 7473 9010 8892 6110 823 4395 705 2734 1234 4549 5305 5361 7783 612 6311 4835 634 214 4453 2387 1985 8684 6484 241 1716 6286 8797 1876 2937 7062 6159 2182 3600 7529 9917 1394 8619 5371 5951 4983 8272 5134 7751 7421 1391 8916 608 8803 5748 9703 1262 1194 7168 3 3211 5081 7441 7552 9641 8657 953 945 3224 3036 2014 7945 8088 4945 5766 5408 5183 8479 2640 829 4878 8891 5232 4569 3351 5657 7210 4199 5644 3703 9929 2378 6863 7702 8780 9753 6581 8672 5475 9862 5586 4711 3672 4604 4137 125 8571 7987 5030 2955 7889 6953 3563 5344 5672 6941 6266 2794 5629 3174 6936 4944 3346 2201 6428 1382 7664 9723 5199 2662 2502 8023 4591 6813 3989 3083 9985 2271 4106 3052 7358 157 2350 3043 7542 7608 5611 2416 499 6547 7075 8007 1356 7190 5073 6480 3683 507 5763 2291 9577 259 2449 2585 2988 6472 4019 1242 6842 2198 736 715 8409 2107 8815 4381 4172 5126 7939 302 4528 8084 9379 1143 4106 8717 1536 8838 3343 5856 901 5170 839 7367 2349 735 2273 3677 4393 1649 814 6625 8291 8109 1600 3095 1663 8469 6389 5643 5123 5662 9519 5153 5087 5777 4675 2593 4063 4211 6823 509 6410 3920 1610 7859 8582 909 9062 2983 2191 9957 5593 3697 9246 5534 8394 7013 5095 1322 4791 3586 8460 8880 2016 8070 1263 3253 1705 8120 8284 7445 6868 7775 7393 1239 3677 5015 9888 5129 7560 9646 8405 8160 1070 1930 7420 6058 1038 1265 7678 1329 7795 6193 2500 485 3144 3786 667 3259 9786 9714 9842 4644 7399 4340 8260 3443 1722 4656 9477 4074 1207 2330 8568 1217 7353 9361 5193 3983 1215 6340 8221 149 2834 9320 2320 6938 9035 4398 4125 2741 4864 7264 4828 3644 3688 7370 1860 4151 8610 8932 8934 3604 8054 559 9160 6962 7755 9099 2324 7969 1606 7896 9362 6618 493 8072 7348 2616 931 7272 8552 7806 1856 9478 1322 6882 1645 9494 3388 8423 6684 8808 8929 4696 7951 9576 1935 2710 3380 8380 8132 6050 6256 5021 5530 8407 6558 3477 3061 488 3679 3062 9267 2544 5526 9820 235 7875 9673 281 441 2433 396 9490 2538 427 3427 2073 3574 9046 9101 3833 3559 163 4715 6147 8554 5582 5084 2773 6035 3733 9831 8345 3022 1983 8903 5144 9304 6050 4118 3888 1393 7069 2249 7209 5329 1726 3470 7313 6784 4774 6850 8176 8487 208 2028 554 7671 8911 5447 7978 3873 4626 8955 2611 6605 2183 8439 1264 8273 4788 2732 4575 8559 3841 5035 2287 6077 9053 8171 959 5002 7690 5629 9345 6739 5399 2668 2319 1727 5967 2830 8821 8455 3693 9475 8356 2842 5448 758 9670 9890 7210 454 1793 9569 7177 3380 9117 3379 2328 5875 2876 8014 8657 2374 4386 2105 3759 5583 7561 1205 4973 7956 3536 9983 627 535 767 3342 1869 1477 1494 9134 9518 9286 8942 3791 3269 4127 4281 8666 7824 2118 102 6545 2449 1222 1791 4779 895 726 5140 136 9336 3555 9823 8873 6551 2631 5207 5336 8715 2378 965 909 3440 2846 2838 1674 4182 994 3778 2854 5870 6363 3391 3367 1959 7346 8870 447 6264 9007 7563 225 5227 3876 8505 601 7646 2376 4018 4809 3547 178 5607 9797 9913 3810 8673 2083 1207 1772 4061 3261 562 5020 5045 2900 5844 1333 8112 7844 5114 3910 9296 1728 7034 3655 9139 6717 320 3029 4848 5389 4782 9359 2320 8860 1530 1505 8190 3043 6728 1539 8482 3113 2133 4020 9950 87 1809 9350 7743 4976 9453 5602 5807 1997 5327 8103 4604 5404 1408 3773 1573 7605 1354 6685 1148 4085 1310 1376 9895 6121 6848 2667 8093 5767 4704 3062 7555 9982 3724 2377 494 7109 1161 427 7573 2695 8317 8823 8683 8925 2365 2038 88 8858 2041 5836 3390 2363 6689 1977 6448 1651 491 4823 1997 669 7784 2987 9323 5690 7942 5446 9862 3986 4835 8570 3534 9457 448 644 3421 3113 8885 8356 9463 4518 5379 451 3257 905 2394 5391 315 3746 546 3225 1889 6232 7607 4104 6037 5089 2408 2735 7680 1066 5670 5818 5172 2869 7483 3515 934 4005 9839 1816 7850 6996 5621 4638 830 4231 3265 6755 8624 995 2313 2465 1128 9962 5714 5774 9745 5407 1861 2395 3490 3520 7587 6239 9896 4074 8126 5302 5336 2358 9155 7043 791 1993 4441 1401 5469 5715 7742 8789 8695 8919 472 7732 34 9826 9121 6150 4201 241 7426 2331 7594 6262 6906 3348 7208 3647 9097 1945 6875 4630 9901 785 4974 7742 1624 5822 6011 8209 7591 7296 6879 9923 2031 6718 125 1728 8359 7609 6549 8398 7153 2641 4348 8543 2358 6624 6453 4888 9979 8438 5554 7036 8902 7969 1172 2256 4797 1941 3747 4411 3951 3639 8028 6063 4741 4427 1900 280 1643 1862 5000 2620 9686 545 2299 3514 2626 62 1355 2123 977 5490 9961 5418 2601 4249 1880 1906 9576 1189 2754 5714 7875 5746 6074 5820 2239 9103 8922 4987 7444 76 8010 7035 5291 5939 9753 28 28 9172 1607 9631 4988 5358 5378 8717 2397 7763 9556 6524 8899 5276 3965 6558 9064 3719 7213 3120 8095 2323 9929 5525 2130 7955 2210 9856 202 4765 3667 7798 7854 7616 1972 9847 1712 690 5074 7774 1853 4762 820 3039 5577 9265 3851 7316 2901 7485 3650 8306 3386 5593 869 2426 1636 1244 6176 9460 1962 9248 1264 1636 4211 4484 5086 4952 1614 973 7281 9409 6353 5565 8295 9292 9903 9435 8396 4110 9087 8525 7579 9906 898 3016 1648 7828 8798 5600 3031 207 4259 7015 6654 5612 1692 6895 317 8079 6476 6914 4517 6845 5486 2768 4530 2704 8264 7859 1343 130 1320 1077 6299 4604 2850 6779 262 6762 6479 7577 2700 5690 4778 2482 1651 7140 2865 1122 1957 6599 3161 1231 6718 770 8753 5585 8968 2004 5718 2236 3740 2113 263 641 6578 5023 8404 6065 2379 7357 1776 5651 2451 4300 8726 5555 812 5161 9773 6724 5400 4439 2095 8081 1567 2560 9201 6673 8313 7683 3051 6609 4679 7834 858 4067 370 3033 6988 1342 4437 8057 4643 6738 1163 1481 647 6311 8007 3077 9056 2684 1176 1724 2375 3555 5064 8222 1216 1338 1834 1333 6426 7165 5937 6988 7982 7689 7224 6658 8749 7653 1254 9133 8330 9134 4763 5636 4168 4112 719 8020 6516 305 7823 883 9524 7303 9965 9665 1719 3882 5696 3257 6064 6031 9676 4685 7283 5972 959 41 3431 6534 7028 1965 4870 9357 2524 8756 2422 8967 6296 5312 5575 1195 9772 7712 7796 3804 1114 1989 4634 2079 9346 6894 5719 7709 6339 5685 2253 3315 3334 9088 3058 4463 2320 5571 321 4820 2843 812 4623 9969 9920 8365 8830 7167 10 6752 6335 6636 7191 4650 1174 4107 8121 6590 9693 6123 4384 7872 5455 1239 5340 5559 652 6766 7079 110 9774 9451 1511 9679 1921 3526 1186 4491 4369 4555 8226 2100 9504 4411 468 2477 5284 71 5802 1875 5661 4782 5425 8038 1886 1636 4553 8944 5504 422 143 1266 8757 7387 7828 4745 2613 1401 9067 247 6518 6018 466 9039 7276 7170 4763 620 9081 3718 8884 4364 6346 6285 5117 3456 9652 1371 2056 8304 730 6605 4498 2563 6911 3713 9699 87 2972 9987 1974 9412 112 4909 3346 6733 6948 674 3839 3280 1019 1461 1803 6597 7976 3642 6159 3339 5661 3967 5162 8610 7872 1120 2272 9577 4434 7040 8028 4485 6723 3376 9821 3930 7945 224 6030 812 6999 9790 244 5325 5411 5294 4361 2172 9620 899 4593 1283 4724 4177 8743 331 3242 3017 2313 4446 3102 5829 6795 9355 9797 3837 8350 5782 2055 4598 8341 877 2901 4264 9026 7581 5176 1372 5908 5514 3717 9836 4253 7033 4793 4672 5361 7506 9499 4719 4760 7279 7575 463 71 5106 2717 1231 2923 5191 3529 1586 7679 8592 3438 562 8336 6176 5423 6358 6460 581 5871 2496 9152 1373 7032 8312 7954 3992 1655 1083 5256 3283 4775 8355 8802 3670 6736 6790 9879 9287 3273 5169 4464 3867 9571 2935 9432 9673 3627 685 9161 9953 892 1472 662 7842 2911 4265 8130 3502 6566 9579 7529 485 6438 3327 4494 1407 1284 8978 7931 1895 228 6233 2945 4810 1312 2393 2090 6867 9412 4366 9396 6262 3795 2696 7142 6265 505 7502 4615 3463 3906 9883 5843 8880 7486 5847 7096 5496 1121 2265 6227 9188 310 4973 1882 2219 8982 7108 3785 629 3294 7494 8700 7363 7519 5286 414 4751 8492 4968 52 2777 7790 5755 3544 1255 254 7250 5425 2718 713 6457 8202 3901 1398 8383 1195 8176 2459 5063 384 3233 4207 5512 5934 8015 1975 4746 7175 5931 8935 3154 2832 4280 8085 8353 3272 1482 1817 4366 3333 7638 9226 1191 8936 4487 3804 7691 6285 9212 312 6637 5030 4549 4550 5024 8565 5953 4549 1197 7868 4443 161 1109 3654 2589 3005 550 7026 6389 7401 4981 2266 5985 7316 7204 5315 3276 9628 2346 4678 6218 4402 6111 304 9793 478 7339 8030 61 5855 1883 6653 9254 2210 3829 6187 9969 9139 1688 3214 707 890 5770 5124 9850 1595 1488 6208 1476 8346 8118 556 2464 8256 2335 3577 9968 8401 4418 6840 4727 1051 1162 5468 6714 7701 3527 2957 9499 5928 1671 9066 5670 7376 7813 2040 1171 5683 1014 8928 587 6000 8536 187 8308 7170 8677 3556 9733 1016 7053 9280 7 39 9923 2629 9274 1335 552 7428 6538 5450 4818 5035 7040 2452 2055 4509 7270 9431 7098 6872 6923 6599 1827 1207 2478 2735 4616 6666 9773 8819 9441 7153 5135 776 288 2043 8544 3273 891 8558 6895 8189 4238 658 116 2411 8884 675 7418 2733 7205 3625 2117 7232 4143 2423 8098 8765 2718 3101 3895 5576 4476 8367 3393 2196 1939 5026 6460 3129 1705 1648 9486 590 6374 4735 8852 7277 7375 6306 5123 2803 5298 6422 1595 7340 6992 9905 6653 4666 6389 202 396 9535 6640 6171 9412 4509 6266 2932 1058 8951 2577 4315 1801 2273 9123 538 1365 9339 8892 5032 4924 853 7307 1566 5617 1688 1818 4178 3971 615 4660 9340 6823 7002 8580 2360 1902 8883 6263 8213 7260 8178 6288 3276 237 8319 7861 7920 7619 7082 8663 1236 3038 8418 4149 808 9996 3792 4200 8482 8396 9329 7730 4108 6786 2296 6865 1314 8159 2328 6802 5431 6769 5120 473 9719 4957 616 944 8152 9726 1464 392 921 4084 9140 586 9438 3895 8337 9254 1710 8818 8616 2729 8525 7185 2744 7713 5205 2993 7509 6406 9774 7557 1987 6156 2508 7111 7745 8560 7788 1778 9325 9618 9879 7945 2999 6818 4445 9966 4306 8600 904 3146 8379 9507 7636 886 9906 8668 766 705 4423 4869 1865 8561 9229 8253 1959 4708 707 1734 7075 5524 3050 8732 8106 2814 5521 8990 9410 7009 4336 2976 3760 2724 1726 6696 9744 3175 9479 7405 9901 8322 1440 2482 1952 5627 3862 2047 4703 4252 3687 5859 7142 9215 7216 9560 889 9488 6637 4065 4037 6027 1188 6385 5293 9495 4133 8075 2633 8406 179 3347 4145 1713 8628 5209 5770 436 8192 3520 5504 4227 4846 8936 7036 3318 1039 3533 9678 5077 1520 9536 687 6484 2710 9501 5891 204 6307 6765 611 1745 9429 9993 9370 6781 640 6439 2755 4297 4919 5890 1544 7494 7398 5714 6405 8650 5008 7943 7895 4116 81 868 868 8617 4123 2870 1026 8814 8024 3407 2421 597 5388 7209 4220 2804 5041 6199 9068 2807 6033 9789 2045 1899 718 1607 4204 4035 366 8136 9017 404 6310 3955 4194 5018 1257 9983 3531 6772 3279 6189 6548 2653 9716 3535 1360 5677 537 8929 6570 5042 3849 9062 8967 8869 3144 2293 9830 574 3047 9265 7642 2190 6859 3968 8784 153 2646 7192 9620 7067 104 7412 1283 6804 3087 1353 4733 9582 5531 8087 4142 7115 3914 8571 4678 2067 9578 2707 6935 883 5089 266 775 6867 6778 6800 6897 9255 3977 3934 2279 7367 7305 867 6219 2472 4234 127 3925 5050 1182 2868 6415 2010 5064 320 4287 6640 5 645 4346 3190 9419 2390 5938 9081 8071 9629 7220 3165 4072 271 4508 3841 8096 5784 1600 3704 2240 4358 6966 7857 6791 7136 3621 1290 8645 9642 1831 5008 2660 1321 2995 6852 2655 3392 2714 7435 5379 3544 5824 9437 7616 532 8639 7590 7218 4313 7656 8876 1965 3001 406 2932 8797 6272 7361 3542 9203 6416 3720 303 2675 2686 6842 5809 3714 9202 8283 8181 7607 2823 5764 1499 6238 104 1909 3950 1896 1070 4292 469 3179 5372 6201 6342 3774 358 2451 2334 6158 9715 5835 9576 3168 3573 2747 6333 222 519 2071 3939 4529 1453 5873 745 6592 5491 764 1803 9710 2567 2344 4464 8524 2756 4888 3402 299 1030 2617 7708 1971 8115 3413 5906 9412 4036 3932 7859 8824 7448 9515 8850 3668 9058 883 2483 9347 2187 4815 8799 551 6561 8909 2340 7494 4163 511 6410 5070 7711 38 2476 6329 9798 8504 9188 420 7797 8849 4713 6549 3205 1740 2696 9354 1968 8428 2741 7204 3499 5488 7604 5425 8844 4034 4364 5799 527 623 715 671 2060 7009 753 6117 7046 7923 650 6185 2672 4740 3399 5272 4974 62 120 3261 8924 4277 7805 1763 3106 4570 3764 4396 1697 1542 4280 3953 2945 4208 767 2211 9045 9185 4615 1088 2355 1349 2586 1430 7879 4616 350 6793 8975 4754 8588 5110 4474 2368 6195 4420 8279 5116 4738 6280 1075 7847 1800 1488 8864 7918 5034 5833 9121 3347 4482 3049 1694 764 961 4563 9348 7046 6759 7870 3770 9647 3145 8807 4358 5304 8908 9153 7480 7365 5901 3709 5086 3799 2351 4166 3948 5899 1887 1315 816 6332 5845 9900 3339 3352 7751 4768 3629 56 6405 1145 204 7402 4873 5816 3674 5274 2329 5646 5804 8838 6907 8196 9863 9077 3496 5319 1792 3049 439 1067 63 1379 5888 1736 7585 9844 7158 7369 188 4632 2604 114 5790 27 3649 3041 1369 4243 8336 8326 8884 9737 8907 9287 4211 2246 6080 8865 1210 6548 7001 2524 3245 4730 5262 7779 8390 4774 4873 5169 9136 5117 8542 1886 5533 8521 6716 3442 1452 2099 9899 9722 7010 354 6813 7413 1054 8348 239 7745 973 553 10000 6937 325 2729 7356 4222 9485 2539 244 1129 101 2161 3122 967 4513 6666 7901 2060 4051 1384 2224 7252 8909 82 3975 7934 4154 8258 8960 62 9028 2846 571 9407 2005 8513 9697 4106 370 9210 8843 7925 829 2506 7158 7065 691 3268 4872 1385 6469 6539 2635 7064 3852 6903 4640 319 8251 1065 7782 3610 9975 4306 4440 6527 9586 5838 4611 8170 9116 7056 3476 6582 591 8363 9119 8377 3833 8528 4667 5840 3933 6195 3955 9991 4096 1762 7000 6756 7120 4799 9393 1080 4694 6298 7469 1274 2515 2605 7973 7712 2487 3273 9393 3636 6605 4046 5428 8274 5049 3881 1609 6470 2165 7051 8626 7253 9988 7529 6284 1235 6195 7126 1566 5720 5027 7370 7903 5138 3602 9732 1231 8883 2979 5028 9892 2736 6075 2252 2945 9392 9204 1926 2962 2626 9065 2074 2592 3947 7031 375 4367 8186 3475 844 1782 143 5566 4819 2233 3620 7687 4676 589 8293 2819 5310 5145 8735 1639 3366 3939 6167 2388 1866 6612 8059 4106 5846 6952 195 564 9519 797 4106 3381 5834 563 6466 4920 9219 1066 2792 4488 1932 6897 6634 9258 8990 9171 594 5057 5277 7015 6464 5396 3613 7373 1471 4743 9126 4783 5038 7803 7660 1237 5334 3297 5749 4061 8339 4224 483 3854 9669 9728 2890 6119 1852 9133 4289 826 4728 5470 8114 3036 4367 3417 7665 7176 1813 6688 9008 3371 489 7284 3819 3493 1485 8816 39 3443 7032 535 384 3591 4810 4530 1214 2173 3799 7946 4667 9814 4136 8687 7080 6622 4891 8320 8109 7054 6317 8908 6071 4315 9938 6198 5856 8232 9168 1003 3410 9904 438 7720 3986 7335 7492 2806 9269 1520 4935 314 5332 6523 7393 2347 3894 5437 5946 5429 2488 1076 2482 9166 7252 967 3524 6653 9321 4559 5621 3475 8140 2676 2207 4602 291 7531 1213 3113 5117 7265 7487 7114 4192 7118 2157 1403 8563 4150 3489 2392 4336 6931 8299 1395 9329 6125 5144 6342 2373 640 8854 3904 7148 5514 5776 3554 8941 86 5182 355 4665 6194 717 3002 926 2164 1012 1522 2965 8330 8081 2538 249 5680 5366 3632 3064 1643 1967 6853 1192 1421 6715 2046 3483 7344 7377 6240 7112 1690 9608 9272 9487 6263 5352 2578 9611 5075 568 6333 5267 973 6789 8460 7069 922 1461 4836 9711 3280 813 2291 4870 997 326 1924 1343 4216 7780 3813 2843 4641 1509 7707 264 9035 2240 2611 6308 9042 2923 556 903 8460 90 1991 8349 2587 9357 7110 1556 5176 3085 9039 7793 20 8368 7991 1194 7193 7818 2796 3637 2467 6321 3292 5013 196 7891 1822 8204 7073 5910 3981 4306 1923 3233 5326 8621 557 5987 8201 360 5780 4202 7499 6085 493 1417 4366 9963 5004 6466 4584 4173 7871 3664 577 9204 1492 8549 2507 702 9353 9630 2318 1231 1544 6282 3393 3474 6362 3164 1117 8066 1207 8567 8596 3261 3706 778 7274 3205 7472 4093 1880 3075 5978 9658 3902 1681 565 1316 3692 2211 6493 2156 7667 889 7601 2434 832 9774 2677 3516 7189 1729 8193 487 3742 6254 784 2007 4729 6384 2727 6505 4874 5866 6193 9409 9687 1401 8408 8743 7756 7599 438 3597 8922 867 1178 1907 9768 7162 3383 8653 7910 2365 7208 4868 4669 82 1945 3770 1872 718 8402 5713 1902 9913 9874 8658 9205 1624 4816 4360 4697 4165 1354 9514 9938 5317 6464 4172 3117 1446 1797 242 8492 4373 7659 4772 7782 2209 8058 1668 981 2970 9068 7599 1535 4695 4846 2351 7623 7746 8418 664 274 9234 7044 5744 1955 4063 8294 8227 8474 491 5159 3212 5655 7722 6795 3277 359 8473 2260 5848 5316 1127 4784 6908 3943 2065 1993 1220 1258 4672 5284 1892 3534 9806 6825 7818 2405 8649 3724 6285 5864 1945 1050 8372 7164 9899 3869 2064 2107 8176 7438 4073 276 9707 3176 1970 967 6009 7394 2176 9002 6633 2084 7536 1165 463 8775 5142 7714 7194 7458 9081 1133 5000 3281 6781 1938 8857 845 1034 8335 1161 491 3202 8047 9162 6788 5010 8949 3611 7783 4102 9766 1398 9774 8549 4951 7950 2100 3089 7217 8337 8096 9522 555 2489 656 8493 3199 7278 7573 7237 7006 4286 5431 5647 8430 1953 626 9396 5525 9350 5224 9242 8770 7580 7451 6584 1751 7888 8099 1461 543 3997 8578 2951 5582 8248 7207 8643 2954 6511 9721 9806 5903 8261 9349 4905 9001 1048 9523 7679 3111 5675 2736 9577 2035 600 5257 1056 9238 8163 7079 4580 8978 8954 5067 2462 4541 9270 6083 4140 2775 4539 9673 9474 8996 3527 8762 1784 1271 447 4385 1483 9268 1934 1450 8115 2008 293 190 7502 2122 9413 218 3497 4978 8913 9298 6009 8286 7392 3974 7065 4809 8233 1217 7793 9302 776 2373 600 5559 618 7930 3524 9543 19 8417 344 4717 4759 4035 5601 1214 9457 2062 2625 4837 8578 3695 8606 1453 8619 7753 4603 8195 7210 3809 9660 9916 9677 7260 5858 6129 4757 931 2930 2017 215 2689 3544 2607 656 7545 4445 501 4920 4136 9288 1722 588 9343 821 2007 9094 469 7512 734 6237 6426 1871 945 7151 8060 482 1178 5189 6331 3041 2436 1233 745 5378 4399 8627 4854 6860 4158 4037 9594 5836 7466 8770 3489 3614 9949 8061 5080 6201 4173 9235 1184 7859 7948 1262 299 2127 9627 3313 2957 5692 2504 7876 3712 1636 3326 307 3635 7795 622 9770 5052 4750 5566 659 8821 3552 112 3962 4086 28 5440 2653 4637 454 4762 6669 1435 908 1098 2141 1349 7987 3903 666 4197 7329 5875 3778 4196 6459 3813 202 2284 1275 737 7822 8992 1985 6245 8718 9078 3393 4912 5697 8912 3581 6453 756 2699 790 4886 6860 4980 2600 3488 9734 7136 564 6752 4546 8792 5604 34 9079 1295 9454 3330 173 192 6588 2358 7260 6395 190 6019 8009 2878 3428 514 5475 9124 8146 6691 896 3909 8719 23 5510 2742 8225 1400 7749 449 6455 4197 6443 1736 8635 6770 8712 2685 5008 5043 8452 1794 6898 4155 5934 6354 7378 5266 2073 59 2993 8674 4067 9291 2003 487 188 9146 9930 6584 4903 7660 3912 3143 137 479 8832 2330 615 2318 8470 5827 6129 2522 6098 496 1787 380 7309 3404 4539 1419 9038 7710 9879 2621 1343 2882 641 1826 1977 1853 8757 3842 5564 7162 3345 3683 8779 8890 110 2748 6967 1422 6961 4399 8807 4745 8494 5286 2881 7112 1236 6663 2802 3821 5441 1759 7852 9124 6405 438 4662 5744 9608 6266 5117 7651 6395 5314 9258 3693 7655 985 1090 4188 5335 4401 8169 887 9615 256 442 9861 5806 3531 3431 8195 8212 2590 9957 8545 8587 9682 5475 7387 2120 1032 2040 869 50 53 679 409 344 4929 1130 7802 5228 7812 47 4859 6874 8682 6295 8472 154 5835 2730 4210 7538 4155 4876 8079 9417 3633 8436 6142 1202 8053 6598 2920 6208 3963 9441 7697 3108 8601 1174 9918 4963 353 6618 5290 2987 3003 2017 3169 231 6853 7717 1954 7461 8459 3144 6947 7970 4855 1492 7813 1811 6560 1208 9555 6691 7381 4730 8766 4003 5876 970 3139 4868 6996 3072 3797 8293 8115 3856 7401 414 8054 5381 9279 4184 9881 8866 8540 6486 771 3356 8659 3486 1577 290 4489 2468 6123 7706 1488 3068 6833 1672 8042 5192 5534 1699 5949 1978 2137 7673 4942 8026 7849 4395 1518 621 6153 1356 5041 2674 8459 1702 7636 7768 3556 714 7405 7845 4127 9459 6427 1476 1909 619 294 7876 7351 4754 1173 4170 5820 3899 1717 5642 341 7624 9286 3662 8208 7643 9573 618 2428 5596 1083 8142 8448 9724 8541 9536 9956 7706 5840 6132 6567 2520 1105 5959 8663 7089 4776 1421 6700 2117 3744 7968 7361 5317 8535 7532 4413 7720 7232 9381 2606 8520 658 9038 5169 5756 2306 6706 7156 6871 1444 1841 6567 9523 5015 8543 4750 7997 2047 9792 9424 4882 8042 6372 6066 9253 5617 963 9003 2087 4535 5358 8695 2427 3044 9641 411 5558 2835 8278 6635 222 6040 5416 1622 4079 9397 6043 2209 3602 3080 8660 801 2920 7033 8170 8262 9000 3454 9238 9999 9990 2162 7136 4080 8593 4571 9137 8928 360 2418 6617 505 8860 7854 8829 7861 4606 1804 4536 584 2174 5914 4449 2109 4587 8807 4081 4747 5752 2870 3405 2377 2052 308 2652 7589 5673 2222 2600 6810 3221 4422 6401 8002 7700 6429 6300 722 7510 3242 2163 6828 2733 6539 7228 2406 8588 636 5969 2582 1715 9132 3810 4480 7604 3397 4690 4517 453 1321 9923 6560 1940 3134 2799 5237 4072 5330 2023 475 7601 4372 3061 5186 986 5874 363 7199 2957 7114 2022 370 9873 3820 7848 9811 918 9957 9311 7141 2151 9019 1514 8450 9752 3617 5320 1452 5457 772 8475 3240 6687 4338 172 629 8041 5113 5118 8352 8073 9233 4151 8347 1508 1195 5047 9094 2578 4130 4463 5839 4135 3610 9890 3954 3210 5485 6688 7379 905 7929 3549 3854 2409 4631 3081 3260 473 3001 6201 3178 2577 8274 3501 4958 1400 7385 6411 9436 987 7936 1763 4402 5705 4900 7398 7752 4483 2834 8835 5234 7958 882 9602 2370 5984 1539 8944 4449 1682 3098 6326 3571 1279 8787 8210 7702 7990 2881 1935 4741 442 7528 1160 4055 2734 5270 8985 4560 4498 8692 5540 6566 1327 7622 4774 9113 355 8973 7568 6890 5380 5025 5825 5164 3035 6792 2520 7560 6168 5178 2202 7648 2218 4236 3953 2934 3154 6659 4149 8799 1576 2057 3158 9944 3507 4271 8763 1746 3339 3297 3543 2595 2048 811 6579 7066 9437 6159 7372 3869 8344 2649 8353 1379 8890 4507 8225 2574 94 5204 5777 1837 8064 2180 195 3500 8559 3087 1065 5129 3146 652 3387 8348 6874 2249 6619 8481 7239 5138 7685 6594 5757 2030 8928 7009 9600 1351 5400 8262 9144 2387 7304 6766 2196 86 7684 8535 834 375 7455 3682 5136 408 9058 2129 1239 5832 3693 7942 432 5437 2378 615 142 5107 5746 7246 375 6410 4261 5078 6228 2934 238 7522 5307 1094 5375 5924 5472 5603 4544 8181 6238 9090 3209 1104 609 4833 8552 1758 5131 8418 4299 5458 4316 5821 4606 6833 3368 7722 9175 6676 4699 8425 5244 8626 2528 8034 8950 8547 4360 3723 2109 6944 3881 3421 3182 1711 9306 9225 6782 6116 2330 6507 5914 2959 343 3105 4087 2054 9242 8024 6828 8691 8129 1210 6625 3042 7274 1476 7538 3377 2902 3819 2771 9399 7434 902 6868 140 6553 3391 2438 6657 27 4936 2340 9364 5422 8802 7521 78 4804 7100 9019 2655 1679 3541 148 7133 8040 3452 3928 2781 6256 6597 1842 7450 1866 2959 6180 7509 6986 5202 6156 6964 1925 855 6010 998 710 9153 3472 394 3638 3048 5898 5291 731 8358 3979 5792 1351 2658 9881 5364 4972 8005 6169 4874 4966 3521 2469 2210 4408 2857 6284 8717 5341 2393 9333 2106 2249 1762 8954 4552 903 1726 2430 1318 5870 4417 5794 7857 2971 2768 8718 1999 4407 2529 6320 5745 5537 5570 3739 863 5496 5263 6277 5482 1683 6376 1418 5463 9167 3224 9139 4232 8087 6995 3088 1704 760 3652 2973 4922 5422 617 1139 6265 7998 2499 7446 2774 6181 4843 3275 5333 1989 6583 6474 6092 6305 9502 188 2398 5019 9799 137 9237 7239 2878 2484 4733 3400 9527 8979 4176 6635 4554 5490 5652 1334 9049 5871 6814 6627 5657 6378 7732 3686 7104 3228 1929 309 9327 1649 2228 5388 3861 6644 5198 4211 9391 1220 6459 3939 3503 2564 8215 8791 4167 9122 1573 1045 6383 925 7082 2912 1152 9704 1692 5084 2358 5367 3462 3869 7356 8850 2043 4829 6543 7849 1672 4868 1526 6229 8148 2416 4190 2001 5244 5737 172 3595 143 7498 4339 9317 673 1317 2967 8466 4285 2545 1792 31 1562 2590 3107 143 8468 5021 3821 9319 4556 489 6959 284 6675 2718 7810 9119 3366 2325 4096 2398 7413 4710 9806 3907 6383 3891 2595 2492 7442 3868 9242 2216 4638 6115 4995 7098 5202 5942 1059 4044 1351 8859 2369 2782 6728 7510 7746 1097 7169 3524 1862 5210 5995 5693 9761 5039 1819 9458 8278 2150 200 4574 6851 629 9391 5333 5847 1224 4043 7346 1393 19 8905 851 2249 434 5227 2549 8659 4726 3175 2583 9649 3828 2341 4027 2029 4666 3557 8091 5567 3322 6532 4788 6022 9168 6507 3312 2740 9960 9021 2199 8189 1673 9643 1989 9865 3286 6242 2393 7560 1334 2449 9654 1671 5452 5990 5644 7374 3433 793 8788 6446 637 9048 6799 2815 335 93 8522 693 1303 336 5884 8581 8844 5785 3708 8339 7036 9182 8298 1477 1548 2944 4829 6077 8416 5438 739 2730 4599 3708 9928 377 1985 7055 5108 6768 6852 8061 3905 78 8928 2953 6589 2484 961 6436 9697 646 2905 9609 2708 4783 6993 9759 2810 306 3654 9759 2387 9821 5464 4823 6952 713 3335 8388 9485 8239 9796 3404 7257 8703 4754 7219 5554 6245 8896 3083 5056 2744 7612 2268 873 8585 8501 4128 283 4580 2865 5156 658 8816 4091 5468 3593 5723 1455 6755 5873 4785 5354 4295 1147 255 346 8179 9058 2343 9870 7274 8430 3648 9922 931 3627 9545 385 1902 3061 8675 203 6427 1459 1203 3945 8799 3479 972 985 9361 7643 6835 9903 8900 7119 4538 6065 8424 6812 1919 6753 2447 958 1219 1616 4175 3384 644 5974 1178 6666 6117 7280 3867 9237 734 961 4181 7067 9398 779 3412 6883 377 8419 8196 6500 1474 1172 8419 7552 5419 8739 6476 6482 1108 537 2502 1608 3536 6552 4859 3117 5207 130 8635 5183 5357 3927 8683 473 4295 2580 3617 1617 710 4156 2283 7172 9170 2132 4981 550 8443 5230 7901 4658 4080 6647 2987 2301 9995 6608 2210 8565 7644 7549 3736 5114 521 6143 8668 671 2370 1674 6746 1475 7584 9141 5224 1198 9278 4573 6192 2779 1575 3930 3106 4480 3224 9953 6204 6203 7104 158 1664 9934 6904 7933 9386 1451 4154 958 3065 3517 9518 1665 2985 7876 7114 348 2791 2921 9878 5659 3250 6618 3173 2417 936 2782 6376 9361 3798 523 8651 9682 9909 2497 8248 7216 1162 7686 6179 622 8489 4568 5303 2719 6278 1927 6801 2379 109 8614 3562 8709 3688 1083 4090 6801 2281 9795 1721 5586 9565 3781 2267 3370 7660 3324 6521 8421 6763 7262 5198 9039 1016 9899 9220 7443 7506 1471 4825 2923 6309 4146 262 7798 966 3469 1809 9577 8582 3528 149 7265 1603 8470 6613 3343 8337 5639 9629 2534 3888 9477 2417 9323 6347 2417 9835 4076 5152 5334 891 5384 7672 156 4398 4832 785 6936 5785 4880 2287 4777 2097 3664 2738 2838 2533 8613 8100 6375 6358 5553 5647 320 4866 2437 9518 8775 2903 6056 612 554 229 1130 8258 225 8220 3874 6061 4310 1293 9138 1624 6952 9977 8343 2550 7274 3864 6624 8723 2749 1194 200 1634 1380 6127 1532 7466 790 5604 3691 8474 3223 4689 8487 8073 6229 497 7219 1245 113 3489 952 3916 7387 9001 4974 2407 9688 5389 2861 4746 1790 4654 3820 961 5405 8455 445 327 7736 7551 6056 9992 7332 6679 1200 5725 3363 7897 4346 2427 2775 241 3515 1617 4805 1665 8895 1336 7818 6822 6139 6891 1842 7480 7235 7257 5017 8872 6584 5653 4217 3070 3761 5033 1383 9652 7831 9431 998 7478 3843 4029 7195 309 5017 6175 3406 1957 5742 5875 6014 9840 7120 6949 761 4581 6204 50 1993 1132 2004 274 6105 6842 5479 1180 4413 8875 9835 7679 3234 4900 3153 3327 5247 728 6027 6164 6605 2529 6822 7031 3210 1037 8482 6113 950 1610 6401 9103 1512 8761 2702 3937 513 6338 4727 1529 1521 7043 2632 6407 737 4857 5241 8949 480 1301 636 3020 3295 228 4688 7828 2846 6699 6820 3727 1296 5588 1367 4267 7904 9959 3116 7958 2237 3451 2791 4746 9054 2023 8389 3907 9867 9398 9776 8565 955 5123 9843 6854 8959 9526 8550 2902 7828 6810 9538 5275 6504 5633 4005 96 2605 4308 3695 6854 9606 8864 1831 7327 6546 7327 6916 7055 8589 9083 3738 5172 9075 8909 450 1555 3246 9576 3187 5070 1212 9449 2932 3382 2820 1427 3222 4489 3337 4534 4065 3312 5291 3295 4842 492 9117 6434 8573 7418 4357 4013 7660 3351 4720 8004 3883 1424 23 6343 3094 1681 19 8790 6786 4196 9643 8839 3524 7664 8873 1897 3818 4107 602 1292 9143 2361 2788 7738 926 3515 2736 2475 8151 5317 3427 9916 5590 4372 9410 4434 2181 860 7415 3100 3950 8010 1362 6633 2239 4313 6776 4954 5828 1295 9818 6227 7247 941 692 6989 3070 1879 9940 6473 4883 5332 7381 8249 3802 7225 6359 4520 8679 9044 6851 6715 8125 8125 1707 7383 9636 5790 9329 6727 8430 532 5333 3721 8740 3392 8293 4736 7450 2007 7958 3698 3042 1061 739 1960 3806 6926 4654 8737 3759 1688 6120 40 3631 344 1870 6229 5667 4335 1022 8992 2326 9585 1304 4700 3799 7435 2339 4612 9267 6509 8196 8251 6978 2143 1521 6073 9955 8862 4133 4017 517 1459 4331 7892 9161 9116 4788 2320 9130 176 6740 3241 9564 4372 836 6689 5210 560 6857 6920 7126 4384 2336 7612 9647 2453 9235 9222 1313 457 666 7090 9941 2387 6682 2389 2767 6252 5648 6840 6100 3751 5201 1176 3193 8618 723 8404 9717 8823 22 1343 8198 6594 7504 2438 6305 5032 8498 8954 3235 1802 4827 5105 7311 2803 4353 5856 5496 628 3019 9154 2131 8845 3021 5456 6631 4437 5095 5277 2814 7605 6111 7999 1627 9382 6585 1180 4048 596 4244 7785 2808 5031 8138 2357 4160 1916 8371 219 4071 3189 2962 2358 6714 9590 1117 3284 7000 7738 1936 3010 8767 7266 6440 8458 5157 6882 7267 9454 8330 8337 743 422 7246 9699 4108 8045 1340 7360 3375 4632 5516 8642 5740 2771 4378 9740 9505 1939 4386 2476 6717 399 4498 1206 6209 716 1047 8269 7936 8815 5876 4691 3833 594 3354 4843 4027 3764 7705 6741 7642 5562 2190 188 7740 8895 1574 4598 3478 3214 316 6105 4520 9529 4730 9822 7375 3617 7022 9158 1649 3497 337 3282 1960 2291 6746 6736 6183 663 4972 3196 8071 4834 9947 4569 9351 23 1466 5879 2787 2338 5556 8010 7777 9576 9478 2515 7205 2005 1651 2801 9062 621 3873 4811 2656 2383 4819 9061 1820 1983 3782 1982 6470 7240 197 1396 8445 7203 6365 9156 7173 507 2024 2728 3547 1230 764 9934 3445 7688 7972 715 6185 2589 2574 7401 2103 2000 7040 7561 4663 5457 3092 1098 3988 9176 787 9195 7541 800 5250 4373 1128 5145 2752 8711 1878 3074 3016 2318 688 9765 4071 3136 4441 3128 5248 4522 1470 1944 679 8499 470 9139 1669 5171 7361 7909 943 2725 8317 5032 9257 3663 7255 6446 3810 265 5140 5693 5403 8726 4897 8022 7248 4777 3196 7723 3695 5587 1376 8033 8060 2851 7251 7367 8476 5402 5187 4676 600 6843 7646 6702 9663 9726 7985 5348 5608 3006 674 5449 8771 4819 8527 774 4882 7146 7743 9981 2852 6999 5434 9298 8315 5375 8226 1433 3898 6161 9048 691 6905 642 7184 8516 9073 828 2740 43 7888 6008 5471 6773 8129 8221 1368 9614 727 3473 9264 4093 3633 1446 158 3501 2598 5833 1213 4808 5472 1814 5605 7983 8451 9825 599 8658 958 8233 1742 7316 5815 7708 8580 9154 264 9464 6784 856 9884 9332 5313 5098 4789 8033 2475 2437 1920 3204 6227 2184 5304 6429 9210 321 3293 9284 6505 8993 4004 4878 546 6939 8972 6257 5431 9730 9737 1822 8361 6942 4183 1168 3934 9272 1121 5398 8818 3734 9721 47 8907 9412 9401 814 7927 580 1758 4402 4104 7371 9622 342 8051 4353 2726 6012 5752 4264 2436 2459 247 3947 6284 5819 8676 236 32 8687 891 1689 9895 645 9626 3611 1214 342 4198 6043 5687 4281 5223 3962 6900 7681 42 8136 3729 8385 2565 2018 9224 1197 9539 301 1226 7030 7653 3255 8213 9693 5672 1081 865 6001 8701 1962 3096 2866 4864 4174 8855 6749 4307 86 9402 2585 6031 7631 3154 9097 1641 372 6656 3232 1163 8726 8544 3338 7426 2528 5793 3432 1839 2170 5511 2485 1956 3246 2142 1400 3187 1670 6427 1523 4666 8499 6821 4168 5925 4468 7195 6672 5791 3416 622 1260 4868 4123 7858 4173 5601 5089 5802 7778 5442 1609 9518 5533 6576 5347 3000 6896 2146 173 175 5549 8157 9633 3217 4974 1883 46 4484 2576 3318 7471 6996 3810 9629 1071 5486 7861 8391 9027 6762 4423 2788 4918 6824 9625 5752 3198 7825 7780 5183 70 8497 8204 3048 1931 4071 679 2835 5447 9047 6496 8380 5200 7243 2536 4656 6101 7673 3430 9368 4924 6250 8659 733 4615 7212 2104 1589 3693 9800 9066 9411 7010 1974 4848 8787 9852 375 1082 7109 6559 2714 4469 7758 8885 1534 2905 1293 8164 2077 3554 1393 8463 3329 7232 9565 7503 2652 2787 3981 409 4080 6831 1910 5909 9096 5391 6682 7294 874 7 2502 4406 1035 1320 3986 5460 6779 7894 1998 7699 2962 8484 7342 2314 9239 5766 1722 121 9956 4673 1860 8295 3227 5002 6242 861 5221 5952 4824 7434 9298 4449 4542 7262 3922 5530 8052 1467 3199 5851 7350 6561 7367 8043 1443 5820 6905 5147 5988 6491 7101 2778 1958 7160 8148 993 3716 2833 2764 2233 1777 2776 6958 6992 4390 8372 9752 9350 5154 2188 9491 2148 1272 9089 4346 4866 7520 874 2783 2952 1078 5935 304 9713 8754 7384 2093 4903 582 9623 4927 2420 8265 9099 1548 3541 4496 411 807 9396 5382 9372 6277 9254 5346 2169 8482 2422 659 7823 4130 2007 6318 2194 8698 5103 7035 2303 3464 8102 795 5924 9940 7309 9789 8100 7058 652 423 6847 9271 8274 5904 8053 2986 2053 3918 5225 2391 5569 970 9161 2126 4517 368 4728 8274 3422 2859 9873 8169 494 8907 2625 9318 2091 7363 7657 5646 4814 2381 9016 9075 6763 6874 1591 2404 3961 5977 9639 3473 657 3200 5638 7940 1484 8874 9214 7348 6803 1907 9509 3304 7968 6759 7446 9599 3798 9256 4199 7270 8578 699 1997 1631 6031 5326 9263 2836 593 6309 5964 4368 4200 6190 8197 1303 4622 5267 9836 4115 5760 9920 7069 7064 267 8704 8260 8080 2259 6885 9332 9155 4995 7346 7573 5995 8533 7224 6600 3784 8856 5479 4231 9008 514 59 5288 7519 5518 9912 6413 4469 6378 2731 2402 5439 3704 5374 5503 2524 6943 9668 7998 9385 7318 4960 1747 9379 9579 2975 8253 7847 9446 7451 8953 1830 7263 4786 4417 7782 7254 2404 2599 6205 9838 2184 4217 2767 6343 7472 2486 6646 4026 7694 9844 8598 4710 7052 6613 1576 6164 3039 3979 6952 3903 5956 6103 3818 3180 8559 1015 997 9880 4555 8426 7114 2687 5265 124 5932 6617 4719 9858 1104 285 2308 2114 3423 6289 2400 5091 9161 7818 7159 4959 6495 9576 927 49 2555 3103 1701 653 1407 8976 3568 1566 1556 1320 298 7206 7236 5677 4055 6139 2394 1850 2258 2716 9362 6422 1685 2768 5445 4151 5408 3554 7233 1781 896 1068 265 7066 9962 6083 8957 648 9519 4835 7143 7469 8723 8847 6180 4548 4932 2234 4364 2315 8 7314 1711 4995 6160 5766 3635 8391 7971 1715 4638 2588 2512 1297 9607 3477 6026 5539 2697 7711 3255 1723 1482 3169 4420 9241 2762 1555 7180 3555 9387 4555 7343 1021 1746 2018 2285 7305 8195 9489 1927 580 7680 8266 4863 3550 8419 2482 4665 529 7455 598 2064 7458 358 4961 2635 797 1480 9453 5450 8897 1191 1100 8455 3132 2512 2127 2654 2762 9159 6007 4673 5956 4591 9789 8767 7721 6151 2902 9331 3164 3320 2553 5882 701 2071 2626 6160 3059 1598 4834 8151 4781 7194 3667 4410 6255 2329 3616 7512 7551 948 9879 7483 6349 4918 5684 6847 4762 747 787 2007 6800 6076 2944 2887 9772 5852 5197 3121 583 9941 1854 1357 978 7811 5389 2885 2930 273 1914 8675 3646 9277 8653 5278 568 6848 8338 6527 7556 3977 5628 5794 3480 9044 9248 4379 5321 2750 8776 385 8970 3955 4827 8204 9852 442 5669 7863 2729 8879 9956 8464 6795 8168 2138 7951 3742 8478 4230 7322 121 8132 5678 1637 8682 3527 7604 2581 44 6904 4593 1704 2938 9293 5153 111 7640 4081 5688 7950 4986 6518 1425 550 7033 4362 1616 7825 1483 2797 437 4355 680 535 9695 9965 3900 5748 6715 5751 7386 398 1237 7561 1910 9927 4239 6716 9562 846 8767 8671 3460 1438 6076 978 1225 7918 1481 8884 1463 5393 7883 2578 1486 8504 689 1238 658 9169 2825 8869 3567 4897 1273 7017 5202 7465 8387 1122 8570 7655 5219 7361 5854 3833 8676 8488 9352 4388 4772 2311 8247 7282 5141 282 8000 1916 1285 8493 7847 4716 4768 6077 8796 909 8398 3543 6831 4143 2351 4345 5187 5828 7122 9304 9528 6745 8816 8349 3724 5460 7962 1805 2237 2571 6180 1581 3170 9422 5444 4912 8203 8882 8894 5778 5054 3599 2104 2057 9809 2316 5400 4451 4887 8382 6031 349 8666 9380 6953 8166 6201 6621 8436 7194 2668 3998 7590 7774 7289 4812 3972 2034 2831 9405 2747 3907 8419 315 3024 4281 4816 6645 5313 8241 6795 4440 3969 9995 8053 3266 7275 815 8283 8949 505 5455 3512 9273 1500 811 9690 3376 4243 6464 4973 7336 8545 9327 2758 2279 1155 6953 7149 9445 314 3268 863 4147 9512 9402 6617 8997 4670 4876 3738 1641 6275 8611 6990 2152 922 5958 4719 662 3515 5071 7114 833 3143 6975 9200 7442 7463 4594 8214 1130 9604 3134 562 2908 7260 815 2984 2666 3995 6916 8523 5249 8543 6057 974 7871 8178 9629 940 2781 7208 1982 5523 8327 5218 5115 7926 3273 4000 5726 3961 7875 1166 8908 6782 3503 7396 7839 3108 4174 757 834 6481 6177 6998 608 7957 6973 5253 8099 4213 4214 3999 8136 3722 9963 5271 2591 6780 2906 5544 4281 5230 3533 9754 7665 9342 9346 5486 7838 4356 6355 3811 2606 9473 9013 4166 2053 4707 8987 1959 7806 4057 6146 5205 9110 2137 2145 7947 9940 1444 2505 922 9926 6989 8245 9866 6728 5433 7984 3649 255 2679 8149 9218 9249 4092 8186 4949 4044 8653 9768 3649 9318 8059 6510 2161 2375 2864 32 1050 2914 1011 2498 8967 8891 5243 3376 7847 6745 2109 8297 9863 2656 6008 6768 9209 8271 2717 9513 443 3405 5505 9159 3960 6172 1434 3139 8743 8127 1138 6429 276 8813 3228 3680 763 6731 1941 6998 7661 3438 7708 8961 453 3227 2416 5771 7894 8727 1506 8471 6074 4755 377 6504 4335 1873 7870 8732 1047 7810 8578 8906 1855 8820 1399 8670 8167 5065 2200 4500 9465 9390 1425 9543 9758 6080 6163 4283 2523 9175 5746 4992 3563 6672 3998 7348 1983 4089 7552 1129 2400 9605 4712 4203 535 7549 9406 8671 2483 6650 3461 4941 1764 5692 9741 6699 1262 7838 8907 2964 512 2895 6997 6933 7355 3488 2632 9886 5935 1772 6046 1777 6197 8590 2412 4898 8719 2467 3641 3597 7440 8283 3104 3011 3230 1536 9885 6083 3854 9470 6771 6435 5089 8308 2257 1706 5024 6090 1961 4372 1937 1806 5272 2703 6415 2419 9481 2438 867 3264 9136 7704 10 585 5753 9752 5602 6169 6746 3706 280 9031 4907 471 3731 7186 703 6469 5537 6322 7475 9411 5707 4854 5767 7372 8924 5510 5977 8313 9170 409 9346 9011 8602 5912 7735 2084 5924 7068 6020 8579 9061 6503 5476 3558 7291 9016 4091 2215 6848 862 368 1193 3107 9126 9847 5814 8961 5851 5781 7286 7748 2640 9187 2874 6775 8924 7922 2552 8162 2309 2473 2474 4673 568 1347 6181 1155 5993 4451 2662 7426 8855 3170 3547 6712 5038 2005 741 5312 6764 3174 4640 7558 4911 1037 2386 730 7142 2447 9936 8137 1391 2165 7414 3911 2163 4962 582 5263 6486 7980 2313 8391 9503 2274 488 5635 9745 2148 479 1092 4292 7525 6660 5465 549 1351 5080 707 4342 2994 2571 177 518 1460 6771 5103 7140 1984 1378 3849 1732 1470 1744 3600 7548 6959 5987 4424 6681 8873 9567 47 9092 2390 2427 7302 2953 229 759 5227 8622 5260 8332 3118 9274 960 1408 3629 8919 8877 6459 9619 5092 2862 876 3671 2288 1882 9773 8851 3032 5602 1062 1572 1407 9307 3309 5918 596 2602 6670 1855 196 1076 5400 5460 7136 3770 4072 7259 568 2327 3521 6905 2150 8019 5722 4924 7329 3736 3747 4332 4390 9963 3005 9448 8294 9981 2729 4055 7189 3912 7840 5013 7068 9107 4776 7762 7118 9762 868 3524 7527 5985 2999 8888 301 4128 3525 2512 7338 7269 667 4249 3701 2024 1259 6772 4450 8476 3632 1912 1834 3352 9129 9828 6948 6899 4029 818 9199 7129 5906 3162 8140 4687 5831 3541 6796 7867 639 5287 9880 4853 1517 3451 9121 7446 9145 5492 8558 2140 5301 3457 9670 5473 3356 6741 7883 9041 2322 3769 1058 8667 3682 5322 6924 3732 794 2720 2321 8694 3930 1101 3190 8636 1244 9985 5077 1829 1030 4448 35 5545 2355 64 6631 7941 4555 483 8985 730 2808 7643 6257 8974 3486 7718 6099 4601 8969 8490 915 9436 2873 4484 7526 6758 9473 5157 503 6355 8726 2664 2577 9268 1383 6741 1056 8383 5923 2177 6349 1428 9037 4266 9957 1006 6371 2152 7161 686 3835 7311 149 3349 2993 1419 228 841 9827 6947 708 9948 9529 9193 6165 5384 3373 9147 4680 378 1748 666 3710 5213 5657 7133 5611 3390 1262 3218 8656 9790 869 8879 3650 8880 2695 2634 1607 5663 5791 3131 7091 5766 6548 5467 1859 5707 6838 1771 5189 6725 9451 7134 1694 5435 5426 2888 6382 7112 9613 6153 1495 7974 2733 4177 6105 8621 3308 1374 3677 6145 3553 7162 9845 8154 6220 2148 935 5532 7912 8128 9845 9950 2577 846 4450 9751 2555 4738 2264 9345 9821 6438 647 7696 2669 1098 4764 7197 2111 7416 4751 9295 3180 6412 1382 6022 7583 2557 5205 6823 9671 5172 1342 4676 5426 8473 382 4328 2640 5242 1455 1387 6569 712 3005 3526 7452 6888 8908 3385 1421 4987 8618 9290 2342 7281 2457 1448 4951 6373 2074 5602 5440 7030 4827 3116 3552 3244 7575 5945 5431 249 1601 8551 8068 8201 1328 2786 8395 182 4441 9740 4680 8172 7904 6584 6436 3887 4508 9799 5997 5432 2867 8120 5147 3272 5874 3125 9575 9874 7515 9248 5237 2872 7752 6424 5540 7541 4996 8522 3978 59 502 3952 1797 5553 8194 823 6960 3173 95 4577 1617 6768 9885 9799 4456 6258 345 4187 5581 4733 7006 1307 7318 8844 8094 7294 8444 1848 1661 7307 35 5223 3281 9433 3745 1866 5452 4903 6847 8836 6792 2755 8860 2266 9832 6643 1024 6718 8109 7619 3434 2924 4970 8851 5806 4168 9474 4512 8820 7702 3101 1667 8013 5353 210 3851 9941 5869 8841 6998 9356 6823 1946 5018 2634 3777 6479 3104 3398 5226 9421 2877 5976 2839 3464 9427 279 1952 4207 7085 5203 8853 1328 4811 5710 1702 2318 8294 3683 1774 9794 2061 6429 2494 5359 1726 3741 2552 758 3948 8591 9800 6161 2470 2542 6372 3629 4529 8257 3996 9210 5378 5469 2213 2937 676 5706 7140 182 1662 2298 9118 9067 7245 2484 3812 2363 389 1757 4819 7234 5056 1943 6399 9815 6450 4318 6713 3755 9752 4320 9153 5107 8033 6420 7837 4574 5000 3042 7524 5419 6512 2552 9730 6745 4965 8366 8675 8943 2708 1486 8524 3063 714 3859 4652 6094 5611 4685 6779 4508 8313 2898 2611 9980 1381 9801 358 7937 8640 2391 9087 3830 5109 4025 1791 3824 6659 2113 6637 2934 4906 9881 4795 1393 2918 3634 5649 1036 6264 180 9046 8482 4637 7139 5664 2998 8280 9998 6000 181 5734 3984 5172 8033 4906 3834 6780 8432 2877 8528 5643 4837 764 1144 2745 3656 7057 9606 6022 1175 2976 6211 6190 9992 9402 528 1259 6715 9353 3823 1102 3375 4881 3959 1561 9073 5881 2114 6146 4460 353 226 341 5754 5910 8630 4798 2331 744 7398 4410 9056 4226 5735 7232 2773 1808 2902 340 2346 8522 3176 8162 1527 1824 3642 7773 2161 9725 8422 640 3677 4980 1624 9757 4758 6260 2034 8583 8820 2774 5820 258 253 9562 4881 8001 1227 1239 9555 4768 5887 9713 5492 1438 1336 754 5573 1761 8073 8261 5186 7344 1064 9371 2016 5319 660 8937 4146 7455 6896 7116 8391 3598 1710 646 696 9753 6504 7803 9333 4862 8610 7459 3737 5002 6310 5402 159 8171 7727 792 4746 9644 5034 9975 8082 4137 952 1486 1995 6832 7812 872 995 1016 4252 175 6493 3119 6621 4404 9088 6023 3501 7801 3698 9385 9387 3534 8049 5393 4780 6179 4386 4573 1026 4128 4971 7454 7547 4394 7199 1216 2912 8768 7615 1537 7716 5312 3355 2807 9728 8683 3820 2401 2779 6113 3281 224 2470 4222 2011 4965 3729 1542 2202 3989 8698 5175 4111 9058 3751 826 1091 5230 2991 137 5686 2808 208 2689 4265 2006 7867 934 7587 83 8376 631 8875 858 6318 6755 5761 9091 6961 967 2601 5470 2940 9683 2690 4812 6487 6421 4388 18 7041 4424 6531 1357 8917 8133 3972 9559 1483 1876 2797 4171 3112 4955 1026 3334 565 9056 4216 9443 8027 4118 3657 2563 6657 8925 6638 6846 2020 7054 9506 2708 4659 451 7063 9452 2448 5724 1771 1108 7383 1085 5709 5754 218 1681 5354 1371 7388 7398 6016 1906 6243 9034 8874 4765 9454 188 2152 1845 2305 5516 3304 4271 1405 5106 9490 6853 5889 8128 230 8435 4753 303 3569 1812 1047 7572 2129 5241 4273 3579 1690 1856 5225 5529 2844 6028 5019 4842 3108 8436 7939 4057 4425 4894 3815 5401 9563 1891 8289 8401 4207 5532 7964 567 2919 8454 3808 5837 2897 2956 7940 9606 9882 486 2650 1842 9054 4136 1134 5865 675 9032 3924 6948 2209 6161 6820 4353 4578 5435 7422 5348 6926 2239 6425 2505 3170 9235 268 4032 340 982 4997 4015 982 327 1445 1531 5753 9921 6658 5303 6849 2450 9056 2183 9083 9208 867 174 2992 5157 945 6615 7634 920 2687 1588 1148 4128 8993 2401 7742 183 8965 7936 7077 4654 9461 4317 9939 7353 7242 1449 1449 7202 8053 3581 7297 9049 3396 4283 987 3503 1480 2377 4411 5783 2312 8731 3131 410 9877 7203 3187 3783 517 9797 2541 6878 1386 3962 3328 9130 6942 9146 4050 1313 659 3966 5582 8020 4450 8219 7187 5535 3708 1562 1120 8486 3582 3866 71 2221 6928 2612 7905 9903 7956 2925 9668 7972 7291 7509 2585 5217 433 7528 7094 6142 952 419 6269 9522 6095 2500 9252 6279 5634 4967 8415 1294 9817 8259 4164 325 2716 8415 6341 4767 3734 1533 4685 1265 2987 5078 9150 1218 3822 3296 6852 9883 5738 9975 7359 3809 2653 5487 1945 6544 9959 8463 51 1365 6968 9348 6077 8509 7285 8418 5252 5560 5511 6960 7442 2508 7571 1014 6143 6341 532 9524 6873 8297 79 7296 7138 2551 2387 3195 2132 7367 2748 3933 79 3831 2462 6791 4537 3828 2981 6234 6784 9974 7865 3367 1896 235 8371 8255 8311 5685 7147 1271 5595 7964 9314 6160 9982 4001 27 5195 3593 6313 4324 172 1924 6372 8886 1471 7235 6351 776 9257 3941 2414 4337 1204 615 7953 8290 7508 8803 8060 5336 7360 9500 6396 773 2793 5197 2104 3002 7047 5634 9477 4607 9451 9235 7645 6531 8116 4994 868 9149 5373 9812 3059 7433 8672 5318 1865 8609 7519 8230 5002 9378 645 7569 6488 1758 6213 2743 3429 2204 3406 8178 477 6917 7232 7325 4482 7950 5847 2190 8639 19 1941 6630 1523 504 7526 74 3966 3517 7430 9229 9572 3426 6427 2782 2716 3754 6192 2667 9108 5813 5868 9354 10 3120 2038 8061 3680 3694 2267 5502 964 4550 161 4124 9067 980 4480 4523 3335 7244 2981 6326 2522 7713 1302 3677 5595 3604 5773 4069 5535 1329 1346 3517 2125 4639 6641 7520 1671 6562 2230 5943 9615 1988 6353 4671 6265 5561 1084 9776 3293 8774 9593 8846 8438 1724 7561 8979 806 9816 2757 2439 2219 7047 3754 7379 3354 9709 1266 7699 2354 8043 5418 5928 688 3084 2263 5503 1495 8709 8759 5165 1199 4594 6233 1165 8784 2555 9553 8055 3627 5612 5449 9475 91 6102 3739 6141 6393 9919 2121 7214 4650 6095 795 7610 4421 7196 8969 5501 275 5026 1259 1603 6705 8906 2291 5633 7070 
