// periodic
// number of jobs
1
// pi
70
// Cycle
100
// aperiodic
// number of jobs
10000
// pi
11 57 51 38 4 26 40 25 3 30 58 1 41 30 51 18 52 6 23 43 30 14 15 38 17 23 49 25 20 38 55 38 2 16 9 47 16 45 22 44 46 13 23 22 13 54 43 5 51 35 43 36 30 47 1 26 39 34 51 52 15 35 39 35 49 9 10 35 24 55 45 40 31 8 10 11 40 5 10 25 24 38 48 49 33 50 41 55 10 11 44 20 31 21 54 30 31 58 16 59 57 58 38 35 15 59 8 23 20 2 21 26 10 54 44 59 17 11 30 37 31 15 12 12 14 19 3 12 28 31 9 34 56 22 30 8 45 10 52 50 54 18 25 17 36 37 41 7 2 59 35 22 42 45 17 26 53 10 36 55 30 3 7 20 3 33 53 25 25 40 8 36 22 39 15 59 7 10 37 30 3 2 26 3 43 5 55 5 22 41 33 8 57 59 24 9 43 6 30 50 27 10 4 12 17 4 24 43 51 27 21 51 22 11 37 8 53 30 44 13 35 58 45 20 6 6 17 26 11 59 18 2 29 10 18 18 37 36 46 26 49 6 4 36 38 38 59 2 49 7 40 37 24 17 13 38 49 16 8 41 34 21 47 56 55 7 35 2 12 59 47 8 51 33 21 2 7 5 53 58 23 23 7 3 53 28 55 47 50 13 29 27 4 46 26 41 15 50 59 3 31 10 37 35 47 7 8 30 38 17 55 46 31 56 10 9 48 14 9 56 27 41 14 5 40 5 20 49 54 38 44 19 26 17 13 20 2 12 42 4 16 31 38 38 50 36 35 28 12 16 36 48 27 34 45 37 34 4 57 16 43 53 46 39 12 30 20 50 2 48 15 10 53 20 40 38 36 26 43 47 35 50 37 56 51 36 48 39 22 58 59 55 25 59 7 37 5 42 39 59 38 53 32 4 54 56 36 52 1 49 41 35 31 41 55 45 33 5 25 28 49 56 2 19 21 27 2 7 58 58 16 59 11 19 23 25 3 11 14 4 46 50 24 56 48 9 35 11 38 27 36 55 10 17 46 49 52 52 17 54 28 4 16 3 17 41 57 2 29 59 1 49 30 13 21 18 46 44 49 32 4 31 2 4 41 58 35 8 25 15 48 28 6 6 13 29 58 27 38 20 43 26 56 12 53 12 41 35 39 8 13 15 13 16 53 14 23 5 42 23 7 23 33 19 25 53 49 28 48 35 24 33 8 4 45 21 17 33 41 34 47 14 58 44 15 23 44 59 35 7 11 16 46 53 38 24 47 21 5 7 41 32 20 45 24 20 59 43 50 52 59 4 37 16 40 18 59 1 27 54 37 28 27 3 26 20 9 5 7 35 50 6 48 24 7 7 5 42 24 25 4 18 56 38 6 33 31 36 34 15 49 4 36 48 8 14 39 35 2 28 9 39 44 35 18 32 52 51 39 51 11 37 10 21 42 17 33 7 12 1 34 11 27 45 8 30 23 44 6 20 15 8 28 59 13 26 58 49 14 54 36 9 33 42 46 59 12 48 20 36 58 55 47 1 56 2 29 51 27 16 34 36 7 37 11 59 19 41 2 53 20 24 39 14 52 27 22 15 55 40 7 46 40 44 26 38 47 21 10 30 3 15 55 49 55 49 32 7 43 39 5 49 44 43 20 16 24 18 29 51 16 45 45 9 35 55 16 9 46 45 1 30 27 48 37 35 52 59 39 19 58 37 34 23 28 51 25 19 46 53 9 54 53 45 25 31 29 19 10 23 17 22 22 11 41 43 19 44 50 49 55 50 50 25 30 52 25 37 44 28 9 45 24 38 19 9 48 26 30 10 53 48 36 28 51 31 56 51 33 59 54 56 11 18 38 20 1 30 3 32 49 50 54 8 41 16 6 25 51 36 34 57 9 31 32 28 5 36 49 34 53 3 40 51 6 13 36 1 13 59 18 2 40 30 58 26 33 40 17 50 34 16 59 7 15 30 12 13 24 52 49 45 10 37 5 19 11 1 12 33 11 17 58 41 48 51 47 18 18 32 7 55 11 8 8 44 13 49 42 10 18 49 29 32 6 47 24 52 41 40 18 10 18 39 48 30 44 28 33 1 46 16 30 57 45 25 7 43 14 18 36 11 16 34 12 18 55 21 5 10 20 48 20 41 7 20 47 23 35 22 34 2 2 23 14 31 23 4 17 45 17 32 50 58 34 7 37 47 13 25 9 15 12 49 53 6 44 23 32 18 18 33 51 12 59 18 17 8 52 58 1 33 19 46 48 8 4 5 1 29 38 52 36 9 59 28 4 18 18 16 40 26 15 52 56 30 17 54 9 7 42 28 46 57 11 39 59 5 33 39 4 10 5 15 59 44 54 49 53 24 4 11 47 23 30 33 49 45 48 43 37 39 39 31 12 32 27 53 32 7 8 57 52 11 38 58 32 12 33 2 11 16 49 5 45 45 41 47 58 38 28 8 9 39 40 26 5 46 13 57 55 18 2 9 49 2 16 30 28 27 54 35 35 7 5 38 4 40 43 14 11 12 40 46 51 58 34 46 44 42 11 39 15 53 18 57 56 38 41 15 56 43 53 35 17 37 43 49 53 30 16 39 32 45 30 43 40 57 12 14 9 28 16 37 11 48 3 4 1 45 13 41 8 51 25 23 36 46 17 10 53 11 33 35 54 30 55 24 50 51 18 9 17 40 43 16 34 2 43 39 11 32 6 17 59 50 14 2 13 50 9 37 53 15 43 47 5 52 47 23 43 58 52 25 43 54 14 36 29 40 48 43 42 27 27 59 30 54 23 37 24 19 28 6 28 51 2 26 48 55 19 17 33 45 50 57 1 7 7 38 44 51 8 22 49 27 46 56 47 19 49 3 41 28 9 1 47 8 50 48 26 38 52 19 36 3 17 18 11 21 34 48 47 28 41 28 44 53 15 15 2 37 44 54 52 33 59 43 45 34 58 43 44 50 23 30 15 5 41 50 49 44 11 47 30 8 36 19 22 58 24 14 31 40 19 23 26 31 40 2 29 12 53 17 15 31 28 14 13 12 58 30 54 47 55 7 4 54 14 57 7 23 36 3 5 58 3 44 56 20 47 5 31 29 26 16 40 22 40 10 20 41 29 13 54 22 45 48 57 45 55 15 16 28 36 25 29 1 35 15 47 37 32 47 29 29 37 53 18 12 30 22 33 44 25 10 18 57 44 8 46 2 1 56 38 50 52 6 46 6 46 2 54 58 53 10 46 41 19 36 40 32 19 50 51 7 23 14 50 25 27 51 14 29 46 50 24 22 34 2 59 42 59 10 27 56 26 51 35 56 39 36 36 59 2 19 50 9 37 17 47 13 24 57 5 50 21 56 11 33 2 26 1 19 21 22 29 30 20 25 27 59 53 21 5 40 27 40 27 27 56 20 40 34 33 50 50 3 44 58 52 57 54 55 15 32 25 11 41 57 48 6 9 12 17 5 51 40 7 49 54 3 45 15 59 42 42 38 4 39 28 23 35 20 9 43 7 5 21 35 5 58 45 40 5 54 33 12 2 21 26 8 42 16 38 25 26 14 10 31 11 57 51 20 53 15 33 52 47 11 49 55 39 36 31 7 55 14 48 43 6 51 15 52 33 48 36 50 54 33 12 30 31 47 19 44 22 48 33 12 42 56 2 49 48 16 46 15 7 36 21 43 17 44 42 53 2 51 36 58 36 8 28 6 26 31 7 37 1 24 27 17 30 11 21 48 27 58 54 1 33 24 20 29 8 42 16 14 45 59 35 58 51 39 47 12 33 32 58 15 13 41 6 43 42 47 59 55 49 11 39 33 11 6 10 50 2 14 35 28 21 22 13 10 3 36 39 3 14 36 37 3 31 45 43 45 25 35 49 44 21 8 25 12 23 14 43 13 34 34 59 49 15 11 44 37 21 2 51 1 35 54 30 53 15 40 4 57 20 42 50 45 27 27 38 11 19 52 50 56 24 14 21 13 46 21 16 20 2 16 24 47 39 52 35 27 53 13 55 17 58 15 24 8 10 8 27 40 46 36 9 47 18 34 48 50 15 38 5 24 20 10 54 42 34 32 33 23 12 58 25 25 21 33 27 10 27 54 53 45 25 47 49 32 23 43 3 22 16 20 40 38 23 22 47 22 6 12 57 9 40 20 19 28 10 16 17 1 56 24 23 3 29 57 22 19 22 19 28 44 5 25 53 32 13 57 43 7 51 49 34 34 57 59 23 55 7 57 32 58 13 21 57 50 45 58 51 39 24 56 20 34 15 44 21 13 26 42 5 41 54 16 56 22 50 22 26 13 8 41 22 26 1 4 23 2 31 49 50 10 58 58 17 7 35 52 40 15 48 43 42 18 51 14 3 56 55 33 5 30 33 25 15 28 47 1 23 18 26 43 5 23 24 52 59 42 40 15 57 16 57 7 51 58 26 59 13 33 45 47 52 56 25 33 5 4 36 21 45 54 39 42 6 34 12 25 19 50 30 58 57 32 45 17 19 58 57 50 51 38 14 21 50 53 43 6 26 46 10 54 3 16 34 56 7 48 32 31 56 19 12 46 10 21 29 35 2 46 52 40 40 46 53 50 11 42 28 43 31 10 59 5 54 5 11 31 10 24 2 8 8 45 27 46 23 34 48 26 39 22 26 44 24 20 12 48 22 12 58 47 23 51 7 7 7 13 33 19 29 54 59 8 27 43 29 53 23 16 46 3 43 54 52 5 26 36 34 33 44 26 18 45 31 25 23 12 46 21 57 25 6 55 7 55 59 24 4 1 43 42 53 1 56 4 29 55 42 21 57 10 7 58 57 10 9 13 25 50 14 51 40 50 11 1 8 58 31 19 48 47 12 32 57 49 59 10 25 41 21 29 16 45 54 58 2 20 15 22 56 3 56 58 57 9 22 16 6 22 26 54 16 32 8 1 2 28 36 17 50 54 59 27 9 55 22 24 6 45 59 38 1 39 27 49 41 23 10 39 55 29 11 16 38 52 28 12 26 49 44 58 22 7 38 24 46 33 46 58 56 4 36 1 26 26 45 9 8 37 30 58 47 1 20 24 48 25 17 55 59 14 31 21 3 16 5 21 21 44 36 56 30 23 48 44 15 2 56 20 53 52 10 17 7 4 4 49 3 24 49 56 36 46 23 50 38 14 34 27 4 53 23 34 54 55 41 53 39 50 47 50 37 30 35 33 31 44 19 16 51 5 1 24 47 33 46 47 26 18 45 58 52 14 26 43 46 9 59 18 2 41 4 54 14 25 35 29 33 12 17 15 58 54 41 29 17 27 40 10 46 45 41 34 30 6 21 51 50 41 27 24 8 8 14 27 52 6 12 24 22 59 54 7 13 16 59 50 46 48 43 34 7 23 26 51 6 35 32 37 46 2 55 19 23 57 5 5 1 28 7 53 20 18 25 37 19 17 35 1 50 22 17 52 24 19 17 53 40 22 53 39 20 41 45 16 3 48 7 26 54 1 10 20 5 20 58 40 23 49 17 37 41 4 34 23 21 2 41 37 1 17 24 56 22 56 23 29 16 12 49 59 59 45 18 9 26 27 43 48 16 23 25 6 42 43 52 24 33 46 43 53 30 6 52 28 35 35 53 48 20 37 35 39 43 57 26 42 45 46 50 15 37 55 37 34 23 15 42 52 13 52 35 45 45 49 48 46 49 40 32 36 36 42 32 31 28 15 20 24 15 29 48 41 13 11 49 4 5 51 43 20 34 47 58 6 44 15 53 7 43 45 43 48 36 34 30 31 2 7 26 20 41 28 46 17 44 2 47 8 45 47 6 23 36 31 58 31 52 32 28 23 37 47 24 23 19 15 15 51 50 32 3 20 2 1 4 37 9 26 49 32 2 11 11 5 57 45 22 45 27 22 11 12 41 18 56 50 42 32 7 40 52 53 38 56 42 53 1 56 50 28 18 21 18 45 12 21 13 35 48 34 54 54 28 34 50 17 13 34 36 48 36 12 48 36 18 2 15 56 26 12 56 18 33 2 37 37 9 52 3 3 31 33 9 49 10 27 15 46 29 4 34 11 32 33 47 34 7 12 36 25 46 30 53 11 24 7 12 34 36 53 47 47 21 58 5 51 12 37 26 10 21 37 4 56 29 42 38 36 11 1 21 53 10 1 59 23 1 5 45 42 28 9 41 2 47 46 49 15 9 47 30 38 48 37 3 54 12 59 39 55 48 41 46 58 47 42 29 33 14 11 38 31 3 22 42 42 38 26 29 48 8 42 33 27 15 29 53 30 51 42 7 31 13 13 15 13 42 32 30 8 43 31 6 59 21 11 38 41 43 29 44 53 3 34 52 43 35 55 23 23 29 33 17 38 50 41 58 9 55 13 15 34 54 48 54 34 2 10 44 14 29 36 25 51 49 4 38 57 21 36 45 22 18 37 28 47 52 45 59 11 13 6 29 9 46 14 55 45 41 29 18 34 37 48 39 10 26 47 52 37 11 43 24 1 41 12 32 6 4 20 42 24 41 14 13 44 35 49 26 11 11 54 33 45 54 34 59 22 57 45 19 11 58 52 50 28 24 21 27 21 18 43 28 38 22 37 59 53 50 45 49 8 36 49 38 13 5 26 7 16 44 12 32 44 32 30 27 51 13 57 54 6 42 38 41 41 12 43 18 57 26 12 56 8 41 23 38 3 45 31 42 8 37 7 8 29 4 45 29 52 22 3 4 29 54 34 1 5 18 9 36 48 13 6 29 12 21 31 28 33 6 5 23 7 41 29 48 5 44 43 44 47 6 30 55 53 11 8 11 37 12 47 51 24 10 11 38 25 56 9 50 23 36 55 34 36 44 1 1 21 42 52 31 46 7 19 41 46 40 11 5 33 28 1 47 29 5 44 14 36 9 24 18 5 25 44 39 6 44 14 11 13 11 22 56 26 48 23 9 57 4 6 56 50 16 3 50 4 45 21 49 56 53 45 20 52 42 43 10 44 55 35 37 42 36 46 51 52 46 5 26 40 33 25 2 17 25 30 22 56 47 23 36 33 43 27 16 13 4 8 18 7 2 58 27 29 17 7 27 45 15 27 32 25 24 25 36 27 48 29 35 28 35 19 46 48 14 56 38 20 5 30 30 53 38 37 6 44 6 26 20 51 24 25 15 54 48 37 55 57 1 23 4 30 7 17 10 12 56 40 4 22 37 2 23 24 38 9 2 18 58 15 29 55 39 5 58 48 50 10 10 49 41 58 20 57 5 55 50 59 19 5 26 10 46 28 47 32 23 14 30 18 37 18 40 29 32 19 45 44 33 42 39 11 57 56 52 29 58 16 24 13 17 6 33 59 11 27 47 17 6 15 54 37 35 28 24 45 24 59 47 35 13 13 32 31 25 23 14 29 31 4 33 55 23 17 45 38 27 12 17 54 38 50 15 47 40 44 51 31 12 27 49 19 36 28 18 42 1 44 10 29 1 22 41 18 24 33 42 44 50 34 1 18 28 48 11 34 40 34 58 21 15 23 36 5 22 30 34 41 15 19 54 28 20 55 4 30 51 49 17 14 52 52 28 29 18 52 14 8 28 53 41 52 45 40 4 25 49 41 24 22 41 58 29 15 8 56 50 34 25 16 48 20 35 42 19 57 40 55 55 45 41 21 26 26 38 55 23 46 33 58 44 7 56 15 37 44 48 40 3 17 40 22 11 40 17 23 14 14 3 54 2 38 51 31 20 50 44 2 13 37 57 28 5 54 30 6 41 50 35 7 25 4 52 53 56 9 59 49 25 53 11 53 21 53 40 23 29 25 16 42 44 32 40 26 40 48 37 5 17 10 24 52 15 52 16 9 30 54 5 1 38 44 55 52 41 15 22 8 32 9 2 30 52 15 58 18 21 29 5 52 14 37 41 2 8 22 11 39 16 49 58 38 51 39 30 20 5 48 3 16 36 21 1 22 52 39 38 35 44 38 42 49 4 43 45 56 59 3 48 26 14 29 31 47 16 15 21 27 24 25 21 40 20 7 58 28 4 46 38 14 3 54 37 17 30 3 37 8 42 16 10 32 32 14 28 35 8 22 46 56 1 54 17 9 54 17 3 30 18 14 5 13 18 58 4 35 21 14 3 25 35 9 26 55 41 41 27 9 55 33 47 32 16 54 43 2 9 59 42 8 13 7 49 11 27 47 45 20 45 58 58 39 6 32 28 11 37 35 14 48 8 50 15 41 13 32 25 8 12 9 45 25 38 25 34 4 11 43 32 27 2 4 47 7 35 25 26 8 50 54 39 44 53 15 33 36 25 7 16 18 26 45 5 24 41 44 52 2 36 4 30 56 26 23 13 15 21 14 25 46 18 42 34 46 51 25 43 12 51 59 30 21 56 57 34 42 24 13 30 36 10 5 5 5 3 38 3 41 58 19 7 57 38 55 45 37 33 42 55 50 46 43 50 50 52 53 23 56 25 22 36 35 35 23 20 1 33 36 14 15 40 41 26 48 53 1 6 38 8 26 17 32 19 9 57 21 59 53 9 35 45 5 4 23 25 40 32 57 48 26 28 36 34 58 23 9 10 51 25 8 3 39 13 4 39 59 46 57 54 50 38 13 57 45 49 40 9 29 8 23 49 41 58 49 48 47 33 39 11 33 43 2 25 42 16 27 43 48 28 31 36 14 13 5 24 13 35 17 4 38 45 30 14 27 40 22 8 24 25 58 47 14 27 8 7 10 5 17 45 55 29 33 33 24 28 55 45 2 31 51 1 39 38 31 32 24 4 15 24 13 48 15 48 5 34 1 43 2 56 35 15 44 11 48 35 55 3 20 13 11 39 36 34 42 14 5 19 16 21 47 23 24 15 29 56 35 47 58 50 41 35 33 3 37 29 18 17 6 26 47 43 30 9 26 26 12 33 42 58 47 57 15 49 45 24 6 25 38 5 14 10 37 1 54 30 16 44 17 24 33 55 6 33 59 46 51 29 45 9 45 28 13 12 44 2 50 30 37 36 56 15 57 11 49 56 30 20 47 15 49 31 24 28 25 3 20 38 3 36 51 9 7 9 44 12 13 58 59 59 5 52 50 10 3 14 7 36 36 26 43 32 27 33 58 28 14 5 57 3 55 32 47 17 39 50 53 32 9 41 15 23 4 1 11 13 7 41 23 2 3 47 3 29 27 42 8 25 16 37 23 36 18 46 43 21 23 3 51 54 25 47 18 44 21 52 13 29 32 22 24 39 55 46 58 45 38 20 52 56 16 59 16 3 52 15 45 27 4 10 1 37 14 46 40 6 30 33 53 9 28 8 43 41 58 46 38 41 32 1 43 23 18 35 13 7 25 12 8 59 41 40 27 35 3 18 31 45 50 33 19 53 7 59 7 6 51 16 18 22 25 29 33 10 9 27 52 25 41 31 55 54 34 45 39 10 25 12 36 47 14 51 54 55 51 4 31 25 21 24 34 35 39 17 35 36 16 45 11 12 3 51 9 28 51 53 10 34 29 23 14 20 28 23 18 10 50 40 2 58 26 9 16 29 16 52 36 36 25 16 50 56 19 31 22 9 13 42 21 39 10 52 24 34 23 29 37 46 22 31 18 54 35 31 43 33 37 41 51 7 29 39 13 3 29 6 7 36 7 47 1 49 8 22 47 3 37 12 38 1 42 52 43 38 49 59 47 46 7 21 1 39 18 38 12 38 52 8 7 54 54 4 33 47 43 38 58 27 56 30 26 3 23 48 46 12 11 54 59 24 52 3 20 22 30 26 22 26 21 45 8 24 39 6 57 21 22 4 10 34 1 10 42 35 23 50 11 59 26 9 4 29 56 33 16 21 29 44 48 23 16 34 25 36 13 59 40 15 1 7 4 46 48 14 31 15 21 17 5 29 29 38 20 13 54 6 49 56 45 12 26 34 53 10 54 37 35 48 32 39 37 1 44 29 35 15 42 28 25 51 48 9 19 51 24 53 39 11 13 38 41 33 3 50 3 58 34 19 16 17 49 57 30 17 43 9 56 17 55 41 28 58 8 52 29 34 16 58 38 59 54 8 9 28 25 48 23 40 7 13 15 49 34 7 8 34 14 4 43 40 56 6 52 33 50 50 42 37 53 21 49 51 37 12 54 34 38 2 17 27 2 56 36 24 47 57 15 39 32 54 50 46 36 51 40 43 49 51 8 47 41 21 2 44 12 57 16 46 47 32 25 26 11 46 43 59 30 11 40 7 25 34 24 4 59 11 21 57 3 32 28 12 48 18 54 43 53 55 26 16 26 37 5 51 27 5 53 43 7 56 17 57 8 25 17 16 18 12 12 24 17 6 47 52 33 42 45 50 1 43 57 44 15 5 37 18 21 25 9 15 55 41 35 32 46 23 20 20 37 34 8 54 54 5 2 42 11 48 55 56 2 16 41 36 33 48 8 27 49 10 48 23 4 32 28 24 21 49 46 28 20 48 33 10 32 21 57 47 59 58 39 14 36 15 25 41 57 1 29 29 51 22 13 44 44 57 20 4 19 27 7 23 13 9 22 31 42 54 15 13 9 37 55 41 16 32 21 58 8 3 39 14 40 7 47 47 42 26 34 55 54 7 37 50 19 40 28 37 22 11 33 22 15 30 42 22 10 13 27 23 56 29 21 57 27 5 21 58 15 11 9 24 49 58 18 8 51 12 47 21 50 58 56 36 33 27 6 21 54 31 21 26 16 10 8 52 13 52 3 16 56 53 28 11 39 3 4 27 2 30 14 21 46 17 23 56 42 21 50 32 36 20 15 31 43 18 19 39 3 16 20 29 15 31 28 17 31 18 2 35 1 41 1 18 43 54 54 27 51 6 14 26 29 5 22 33 7 36 45 49 36 41 6 6 13 57 31 15 22 50 9 57 42 13 58 3 22 13 45 16 23 38 58 13 43 14 5 58 1 30 6 23 52 49 32 26 29 7 12 58 9 40 4 52 13 19 9 2 25 22 29 50 26 21 37 27 16 43 10 24 35 16 38 20 34 29 29 53 56 12 28 21 20 30 12 21 14 57 33 42 59 20 28 46 4 28 57 51 41 16 12 22 17 57 11 26 48 4 43 38 46 47 13 11 12 46 41 25 27 1 38 29 22 40 15 16 8 53 4 38 38 29 29 37 57 52 45 33 18 46 20 57 42 18 13 5 58 44 38 8 56 35 13 58 1 25 15 56 47 53 19 51 49 44 8 23 30 41 1 11 52 20 55 52 51 38 59 27 17 43 8 26 19 36 8 1 17 56 19 54 38 11 33 7 32 4 21 34 12 51 35 40 49 27 20 23 21 6 55 40 49 40 5 3 30 33 25 32 41 8 49 22 11 36 34 42 25 40 49 59 56 16 16 56 4 12 15 15 42 52 59 38 12 35 30 14 54 55 22 53 44 34 38 30 56 51 40 53 54 36 57 41 10 26 53 53 8 36 7 37 46 51 6 56 16 2 4 56 22 10 41 25 2 25 8 49 58 32 24 52 28 5 22 51 52 33 22 56 4 34 57 35 46 5 56 40 13 50 46 26 40 56 18 58 7 17 12 51 15 37 45 1 35 24 7 36 21 55 52 50 16 34 51 13 11 12 1 13 51 27 51 39 35 54 2 2 5 10 33 58 35 35 46 28 15 51 41 46 59 56 36 4 55 38 14 30 36 1 29 35 51 20 52 22 37 10 22 22 46 8 45 29 16 23 16 12 13 50 42 13 49 45 18 42 39 59 28 51 9 39 23 52 21 12 32 11 29 42 11 25 17 54 22 9 33 8 14 20 21 43 22 39 53 51 24 12 1 52 53 50 16 50 6 13 16 59 54 25 25 57 47 56 58 38 52 47 17 57 13 22 53 48 12 9 43 12 8 11 44 59 42 57 29 10 38 12 52 44 14 36 4 1 1 13 10 20 37 36 23 36 32 34 30 36 17 29 58 56 42 26 17 59 29 47 25 33 48 24 59 19 45 17 33 42 56 38 50 45 24 7 49 43 33 14 36 43 40 56 31 1 48 3 36 40 11 10 10 29 24 7 33 45 21 8 9 24 5 19 46 36 15 13 37 18 2 27 9 32 13 53 55 44 36 49 47 38 21 43 15 8 20 44 41 14 59 21 5 49 19 48 53 51 1 46 4 55 32 23 30 56 4 36 19 4 56 37 35 8 19 30 39 31 7 5 49 36 5 19 14 46 33 58 37 31 30 16 3 43 15 55 55 57 14 11 22 42 10 27 16 42 47 16 38 37 16 24 49 50 41 50 27 30 29 25 11 38 48 18 7 28 27 15 51 8 23 39 24 20 40 39 30 59 12 45 55 39 30 22 45 38 35 42 40 8 6 11 36 32 47 39 49 6 26 13 2 4 7 34 59 56 6 36 5 25 27 17 22 47 14 10 39 55 17 23 51 13 14 50 31 51 31 52 26 41 30 48 8 59 15 26 1 24 47 3 56 52 52 43 58 16 30 22 10 49 13 40 55 13 5 16 16 26 14 9 44 28 1 49 11 40 21 21 7 11 54 14 13 2 17 30 35 1 57 46 56 44 23 39 52 24 47 36 3 20 58 9 32 54 49 55 24 9 26 23 29 22 38 41 18 26 5 12 54 40 25 31 37 56 44 17 21 3 55 30 35 2 32 40 21 56 30 19 5 41 15 47 29 37 33 51 40 58 41 39 53 52 23 16 52 16 16 41 33 59 33 55 40 9 32 10 21 21 49 30 31 56 53 52 49 59 46 6 58 48 42 6 55 50 12 35 50 17 29 18 51 45 57 17 21 59 5 14 43 16 24 58 18 43 24 28 22 58 46 18 56 38 39 45 19 33 28 19 39 48 58 50 58 21 32 45 50 22 55 3 35 59 3 7 53 22 45 4 50 27 2 45 49 57 53 49 8 4 49 19 7 31 6 10 18 22 56 16 25 8 51 5 25 23 20 58 5 52 40 21 48 33 53 5 36 45 7 36 57 59 38 45 42 6 9 15 9 16 6 51 43 25 20 39 47 2 15 14 54 47 51 26 43 46 6 59 2 6 23 44 34 15 26 25 41 1 48 3 22 29 2 2 57 47 45 26 46 19 25 20 56 25 8 4 46 27 13 55 57 5 51 46 21 28 57 40 39 46 59 18 46 50 46 18 51 13 21 41 11 43 52 24 59 17 1 24 34 22 1 51 21 30 56 42 58 46 59 41 50 11 8 56 34 32 3 6 38 15 58 45 53 24 46 37 56 11 6 16 27 23 50 33 15 45 6 2 10 7 14 6 50 25 14 2 42 41 31 2 3 18 32 38 32 25 48 13 54 16 57 58 34 7 39 25 58 30 53 12 6 59 20 19 16 30 12 32 23 35 33 49 36 36 40 47 18 30 53 19 3 43 18 21 20 33 7 13 17 49 15 21 6 35 45 24 56 6 13 4 48 45 2 45 37 47 21 7 46 54 20 30 31 54 52 12 35 20 43 39 39 59 2 59 39 40 42 54 47 42 12 18 28 40 23 21 19 47 37 51 28 42 56 41 54 4 47 3 55 34 55 5 19 8 24 29 51 43 33 37 22 10 4 34 53 47 31 12 9 23 15 3 58 6 54 41 2 43 13 1 23 26 21 54 5 32 55 19 23 9 17 51 29 19 10 9 7 11 16 47 26 11 25 4 20 56 7 7 18 4 24 12 34 40 42 51 53 27 51 10 9 31 22 6 44 17 29 35 12 28 55 11 6 58 55 21 25 18 5 40 3 33 37 31 5 57 24 29 16 3 59 27 27 3 56 54 34 17 2 6 3 1 13 11 8 3 56 14 21 49 8 38 57 18 49 41 54 56 50 34 44 39 12 14 45 21 27 33 53 47 41 24 19 8 19 32 29 40 5 20 19 52 22 14 53 12 2 26 13 25 45 34 9 4 31 32 18 7 47 59 21 38 12 13 47 55 19 46 57 55 36 30 18 54 27 59 57 25 15 4 7 21 3 18 48 59 25 55 16 56 43 18 33 15 14 35 31 21 26 20 51 4 6 11 18 55 43 30 25 26 49 12 37 12 14 50 57 16 32 3 22 4 3 44 30 3 35 48 12 55 39 47 10 48 56 28 48 54 29 11 46 48 49 14 36 39 41 8 48 31 31 8 58 20 58 38 13 43 24 34 25 13 14 24 22 26 18 16 9 29 47 1 39 48 19 8 47 33 2 27 29 59 33 10 52 3 14 45 29 10 37 42 10 11 47 36 21 51 44 54 44 31 42 48 16 21 57 4 54 25 47 40 42 5 35 9 55 35 38 15 35 29 9 58 36 30 50 32 27 31 56 12 9 5 24 32 38 47 49 18 22 28 51 26 33 59 50 14 52 52 25 32 33 10 3 37 43 51 21 44 33 12 9 6 15 48 41 23 50 52 33 29 2 57 47 35 36 4 38 1 7 29 28 4 25 11 54 13 8 48 24 38 33 29 39 14 30 12 9 41 22 37 58 33 46 4 33 53 20 38 48 8 28 35 4 13 43 58 56 49 1 30 51 23 9 19 18 30 41 9 36 57 47 6 6 11 47 42 47 9 6 47 43 29 41 52 9 44 17 10 23 37 12 54 26 45 54 7 35 35 49 20 4 48 11 19 16 27 58 50 59 42 22 14 30 17 32 20 3 52 59 28 4 8 49 27 19 25 17 18 48 49 5 15 55 55 26 13 9 46 19 59 2 18 25 8 30 32 18 43 34 24 37 9 6 54 15 45 35 5 28 57 18 47 46 48 8 2 28 37 50 51 20 16 33 32 29 34 51 26 22 5 38 2 33 28 26 45 3 18 14 42 46 18 11 3 15 26 26 46 41 30 43 15 44 29 20 20 26 8 27 5 39 24 59 58 45 51 10 50 27 4 31 54 12 9 4 1 49 30 52 43 15 17 40 22 13 55 3 34 55 18 51 9 54 37 42 23 46 11 52 31 58 12 8 19 58 2 52 56 36 47 18 3 32 6 33 36 33 15 31 45 28 13 13 25 52 43 39 30 6 13 35 11 32 38 40 53 41 38 39 24 39 30 24 2 20 40 48 49 30 44 27 20 46 5 15 25 12 13 51 48 7 29 5 7 15 26 49 54 15 38 10 24 50 36 2 56 6 16 10 9 39 20 48 17 57 30 30 44 10 48 34 25 45 51 59 20 52 36 42 21 37 14 13 31 47 48 22 3 35 56 17 48 40 58 15 34 35 53 20 59 13 56 57 14 25 31 43 54 54 47 53 37 34 11 14 17 31 22 47 52 57 54 48 38 39 11 13 49 23 47 28 7 56 14 16 36 23 55 51 1 7 56 54 39 5 51 35 53 56 52 54 18 9 11 19 55 59 20 59 47 25 44 37 32 18 43 4 14 58 24 53 15 38 47 41 57 47 42 1 28 17 10 47 53 22 19 25 8 5 54 3 32 39 4 55 32 4 21 32 34 27 24 37 33 36 58 42 11 28 35 46 52 33 28 28 24 35 19 53 14 16 44 16 24 38 12 37 3 42 23 21 17 33 53 44 44 48 10 22 9 5 1 4 47 56 23 40 48 27 45 48 1 23 16 44 37 51 51 45 53 21 36 33 4 17 56 3 46 27 8 51 15 52 4 25 34 2 42 25 59 36 16 59 54 5 47 4 40 59 22 21 36 39 6 18 11 26 53 2 37 6 2 55 42 21 7 14 35 18 6 28 2 54 41 44 22 24 30 27 59 54 50 26 24 54 42 46 30 53 4 46 2 11 26 6 32 45 53 37 40 26 58 53 50 59 24 23 49 54 50 24 18 8 13 27 21 36 22 4 29 14 58 2 1 34 21 27 29 13 59 36 13 4 14 24 23 19 31 43 17 26 41 36 48 29 20 39 20 58 8 14 13 5 54 39 18 16 35 33 4 9 49 46 17 52 51 52 55 5 8 46 58 24 4 14 35 35 15 24 44 48 58 23 3 10 47 13 32 55 38 59 18 44 55 3 6 9 49 34 28 6 3 41 49 50 47 32 2 30 58 4 37 41 7 35 11 45 40 39 38 29 56 23 34 25 36 14 4 23 13 39 33 30 13 18 6 52 5 21 19 49 8 44 30 2 48 5 37 29 20 32 59 14 44 46 7 21 7 46 22 6 53 18 36 2 57 45 47 16 6 55 20 54 26 54 33 5 43 52 55 51 10 50 58 15 36 1 12 37 58 38 46 2 33 50 8 33 22 11 35 43 36 19 24 11 18 46 5 15 44 49 11 34 1 39 42 34 4 50 44 51 46 51 11 56 54 3 14 3 43 51 8 55 18 54 24 41 44 50 7 19 31 16 54 36 21 10 51 9 42 28 8 34 7 9 6 30 41 56 7 55 21 27 58 2 50 42 48 44 19 1 52 44 17 34 43 45 24 7 30 44 23 10 31 7 47 58 10 37 51 40 49 49 2 24 45 29 46 58 3 11 53 43 51 19 30 11 32 51 43 59 6 31 28 35 14 37 26 35 37 30 37 8 14 35 30 41 10 6 22 28 14 44 54 7 25 18 33 46 30 29 3 14 11 26 35 35 40 20 4 33 8 4 46 31 57 39 45 51 36 42 20 31 3 12 51 44 22 13 29 57 51 56 16 58 30 28 16 27 39 58 42 15 48 9 16 37 27 20 29 2 25 42 21 50 31 59 17 26 39 32 14 15 27 22 6 25 57 54 12 25 24 19 20 43 47 29 9 59 12 52 49 45 3 6 21 45 8 34 49 54 26 53 16 42 37 25 55 22 5 7 33 34 27 1 45 4 15 39 20 55 37 39 11 43 36 8 15 23 26 30 35 7 29 41 22 44 17 31 15 27 38 42 39 12 44 41 54 27 5 17 44 14 47 52 54 17 38 51 54 15 10 40 48 54 1 41 33 53 2 25 56 25 3 11 14 30 49 40 47 44 7 6 30 51 35 41 41 31 23 32 48 40 19 26 28 31 52 46 1 24 44 23 8 11 1 31 23 24 28 34 26 59 10 31 50 10 38 7 22 43 18 33 41 9 33 40 37 31 14 2 10 37 49 14 58 54 45 14 25 59 23 59 18 45 2 40 7 16 41 52 42 38 43 34 2 15 39 41 38 3 4 49 29 38 32 37 28 46 46 37 20 1 39 25 49 33 45 6 59 18 6 30 42 44 29 28 42 33 7 30 46 1 23 37 14 39 54 51 42 28 5 56 27 10 51 20 1 44 20 26 5 4 24 28 51 32 21 9 46 57 9 26 38 16 5 43 57 56 49 6 36 23 10 46 53 9 54 35 17 38 36 27 30 46 59 35 48 1 32 33 24 58 31 57 59 34 24 45 42 50 12 46 24 40 47 16 7 58 8 43 2 17 21 28 16 26 42 23 49 25 6 57 53 3 49 37 7 39 24 33 53 58 8 35 56 28 29 31 59 15 27 43 36 20 42 7 26 39 24 41 37 23 5 59 36 21 36 45 33 52 58 34 26 51 57 29 7 38 27 40 53 3 6 17 9 28 17 45 28 1 9 59 18 52 56 10 49 17 56 15 38 4 51 49 4 24 47 8 19 5 28 46 11 14 41 54 22 9 44 19 45 57 49 32 4 32 46 1 23 53 49 27 5 54 15 3 37 36 7 5 8 14 32 8 7 41 21 27 3 22 11 41 43 12 24 14 35 8 18 16 51 10 41 8 11 21 40 1 7 53 35 34 2 41 14 3 50 50 22 11 11 17 37 42 23 48 10 24 28 36 27 32 48 18 1 31 54 27 55 14 3 24 49 54 9 3 13 48 17 5 14 46 14 38 10 14 19 7 23 2 24 38 34 12 18 20 44 5 25 50 36 51 2 54 49 15 48 28 23 33 11 38 55 43 15 13 36 30 25 46 39 51 42 48 54 57 1 54 11 8 2 22 54 40 17 43 2 18 43 30 10 2 27 49 26 43 19 48 24 42 41 2 42 5 59 39 34 57 12 9 51 35 36 14 48 56 42 14 14 51 15 7 14 12 56 36 15 57 16 30 19 33 5 40 48 42 26 20 43 35 24 50 21 41 39 26 30 40 10 12 38 42 31 53 39 15 36 29 35 7 50 21 17 16 6 22 41 25 15 10 18 28 2 51 28 51 33 18 23 8 22 14 3 9 25 57 16 14 6 23 9 52 14 50 26 24 51 46 6 48 22 38 4 57 18 57 13 1 3 16 16 30 48 13 27 27 7 27 40 16 15 45 8 37 21 11 6 16 27 54 10 23 28 29 23 54 23 30 16 28 13 44 36 51 42 46 11 37 29 26 40 18 45 25 33 17 24 49 24 9 18 2 2 19 47 41 28 43 14 49 22 15 29 19 23 45 37 10 11 39 5 54 21 3 28 56 40 13 59 33 7 51 28 10 35 6 5 18 19 45 5 12 50 48 18 18 13 38 55 21 6 37 56 19 19 50 13 32 8 31 2 19 42 24 18 29 32 35 56 51 19 37 36 8 48 41 29 44 13 10 18 34 12 16 37 7 3 31 32 57 35 43 9 58 42 15 10 16 48 40 3 46 11 3 29 18 16 7 1 36 56 21 53 38 56 31 33 24 40 41 32 39 55 6 15 32 27 41 56 50 31 47 36 35 37 35 51 12 19 56 24 7 47 30 30 38 16 45 57 45 33 52 7 33 52 11 56 9 18 27 47 59 11 3 55 53 7 28 22 58 19 56 15 52 45 6 11 24 39 18 48 36 30 27 57 12 45 58 28 19 52 48 51 7 42 35 15 1 45 40 43 38 56 47 24 49 45 48 13 20 24 56 24 58 52 20 56 33 24 28 44 43 15 51 4 53 4 1 55 16 54 44 57 39 33 27 20 21 3 12 2 44 27 8 34 8 2 44 24 41 21 59 20 26 51 23 58 55 57 10 26 29 4 48 21 33 50 30 54 58 47 21 50 5 39 31 49 8 22 45 11 45 44 21 51 25 50 55 21 59 18 18 10 27 18 58 6 58 22 9 48 32 37 57 3 4 35 31 42 43 17 17 58 28 35 55 28 3 14 6 44 31 8 23 12 43 5 32 56 58 33 34 21 49 39 32 57 17 40 57 8 17 10 55 22 19 54 28 55 54 44 51 31 23 41 52 45 47 40 16 20 56 17 58 3 21 16 4 24 30 45 8 51 19 41 52 34 26 56 56 5 42 10 32 16 22 52 7 32 38 21 31 53 43 24 32 18 4 33 11 6 14 46 33 14 12 49 16 11 9 9 58 23 45 1 28 21 42 20 59 58 38 59 38 18 35 22 18 47 55 1 52 20 9 6 59 56 55 4 25 18 8 57 53 58 35 27 19 46 39 55 17 16 35 12 42 40 31 51 58 27 53 7 35 19 24 30 30 54 3 30 30 4 36 35 40 12 21 19 55 38 52 11 14 17 26 59 26 6 30 23 35 30 58 37 21 15 58 49 7 7 40 38 22 45 20 26 48 28 50 39 27 9 58 40 33 43 38 59 32 53 51 12 39 20 57 13 54 2 54 46 32 36 54 29 56 11 51 28 25 47 5 9 1 59 57 2 33 16 37 31 46 55 12 47 45 54 24 30 22 34 15 13 47 43 7 56 20 23 36 41 5 44 23 27 17 48 25 49 6 54 4 43 12 25 52 56 36 12 18 44 1 7 32 8 38 23 33 56 13 31 55 41 50 39 47 42 3 44 31 57 27 4 13 37 7 35 16 18 4 29 4 19 55 21 56 28 7 1 4 33 38 13 7 33 51 51 26 45 34 10 36 46 56 36 8 2 55 40 50 50 46 21 42 22 3 50 34 46 58 28 21 17 55 18 28 7 22 30 1 29 20 17 3 5 1 45 40 15 35 31 9 9 50 59 49 22 17 30 39 52 14 18 39 39 31 19 21 52 38 52 13 22 21 54 17 49 11 38 31 59 16 49 36 40 35 59 17 5 58 1 19 27 42 10 5 35 11 24 23 11 30 24 58 38 9 41 50 42 32 1 34 49 39 13 37 18 1 25 10 52 49 52 15 43 14 38 50 41 8 45 14 59 12 36 37 40 55 11 41 47 41 14 35 52 8 2 28 1 57 46 32 17 48 49 6 35 59 46 58 40 46 44 7 28 54 37 16 41 23 30 44 45 27 27 3 22 28 18 15 7 40 54 51 48 23 36 47 14 51 50 44 37 18 59 45 1 15 32 1 15 29 47 28 5 5 18 54 17 27 9 52 28 53 57 43 31 49 50 44 22 52 41 23 47 37 41 14 26 25 20 13 7 32 2 27 54 26 44 28 36 1 53 15 36 8 52 43 5 10 43 54 26 51 9 40 59 36 21 49 54 45 32 13 48 23 26 28 10 21 49 48 44 55 30 57 47 31 2 50 12 50 58 23 1 13 3 1 10 41 5 14 46 4 4 16 22 26 10 5 10 42 36 31 32 10 13 47 59 42 45 19 45 4 48 53 34 48 54 48 57 4 27 35 19 56 1 31 30 38 6 33 22 58 47 35 9 11 3 21 54 45 59 42 4 15 23 28 50 20 9 41 12 12 28 57 28 15 34 27 13 25 22 16 12 40 52 39 50 26 27 35 38 34 14 15 42 5 33 32 33 14 8 24 52 31 43 37 2 47 5 20 19 44 38 2 11 56 26 16 5 43 11 1 23 31 27 27 3 1 15 48 6 45 49 38 53 40 38 16 20 48 58 18 43 15 34 15 44 13 13 58 59 57 9 26 50 39 56 2 15 30 58 41 38 18 57 51 51 19 24 45 15 25 5 44 53 29 22 46 5 59 26 47 19 2 8 22 41 29 12 45 49 53 21 54 10 32 12 3 48 12 55 15 43 51 19 33 42 30 33 52 50 22 47 35 49 33 46 59 54 47 46 28 3 5 41 46 39 42 6 23 53 43 13 34 38 56 38 6 39 2 36 23 36 52 28 4 17 22 55 55 55 12 20 16 31 44 25 9 29 27 43 38 21 1 31 20 2 1 23 7 19 56 50 6 5 20 3 49 31 28 58 11 20 30 23 19 59 35 1 45 40 23 14 10 31 35 34 44 35 56 47 50 53 17 32 52 6 28 53 47 27 58 27 28 13 56 28 37 36 5 34 58 54 8 58 24 12 39 17 13 39 25 30 2 15 21 11 10 11 19 23 22 52 30 37 15 30 2 19 29 53 9 48 25 40 22 8 46 12 49 24 56 16 46 27 49 46 32 31 36 19 27 10 4 10 48 19 28 9 18 34 39 34 46 17 39 14 43 36 50 46 18 3 38 19 14 35 33 6 30 42 35 47 47 56 46 53 24 2 31 40 10 13 19 7 24 18 40 24 29 33 51 47 54 46 13 16 3 22 53 36 56 33 54 17 17 19 52 19 19 28 59 59 13 48 18 53 49 10 52 18 58 42 45 7 5 21 23 26 27 53 15 50 37 40 50 30 18 35 32 5 23 31 39 25 33 30 26 57 56 28 31 55 38 24 41 24 30 25 52 15 45 29 24 42 2 28 18 30 2 10 50 30 49 21 3 13 25 29 1 30 5 46 8 48 19 36 51 37 19 24 42 13 25 40 55 10 12 18 52 19 16 51 3 7 46 24 4 19 18 34 43 50 3 53 50 4 56 31 41 7 18 10 46 58 36 52 30 28 22 28 56 32 23 9 38 40 30 20 3 8 15 18 3 57 40 16 27 32 56 59 6 52 42 15 5 51 28 55 34 49 19 9 6 43 56 55 17 26 7 32 12 19 48 57 28 10 18 3 56 39 5 53 30 43 41 8 6 3 50 46 33 13 11 59 12 13 10 52 44 50 15 36 33 14 51 14 58 48 9 31 46 5 39 16 12 8 24 3 46 31 46 52 16 7 30 44 25 29 42 33 11 58 46 9 32 21 19 30 10 10 33 24 33 19 51 10 46 38 46 54 48 57 4 18 5 13 59 7 35 47 1 50 45 57 24 51 30 45 8 51 9 1 11 56 30 10 27 30 13 31 55 38 21 15 56 20 12 22 10 58 36 51 29 24 46 5 12 39 27 22 49 28 5 59 52 7 53 44 34 15 10 19 9 36 57 19 57 5 38 27 40 38 55 42 48 40 25 25 55 11 12 28 51 27 9 42 30 33 6 27 36 18 57 26 12 28 31 35 28 24 22 39 10 50 23 47 45 32 34 31 50 57 24 4 8 13 25 57 59 10 24 47 25 7 32 49 56 36 7 19 56 46 16 34 36 18 7 34 35 39 53 50 36 24 4 15 46 53 4 10 55 32 59 22 35 26 15 29 50 33 49 38 34 27 34 5 39 39 2 28 2 10 34 14 14 6 23 23 29 58 39 28 15 47 39 36 55 59 47 19 23 43 41 12 6 37 45 31 20 35 52 10 38 25 22 59 1 42 32 56 35 33 31 48 55 22 8 13 1 50 54 17 20 32 20 53 15 17 6 59 29 10 56 4 3 43 27 23 10 17 27 10 28 57 57 44 58 11 46 2 8 32 10 27 15 44 52 8 33 50 54 10 4 27 18 41 53 13 58 54 32 38 18 44 28 33 29 35 24 43 34 6 43 25 20 18 18 28 27 33 17 5 48 32 8 50 4 34 3 33 18 58 24 10 39 25 55 29 47 51 45 47 4 1 10 53 4 13 56 22 46 13 24 37 19 40 38 17 52 1 7 
// di
28040 8179 29857 8441 9112 471 26629 6959 25859 3945 27208 21286 18484 14476 12425 28129 27318 28239 15187 23576 15038 16285 16775 2408 24351 20632 4626 24327 5999 7708 6225 12445 2293 7295 28856 15668 1672 18963 14992 23085 13333 28082 19330 16155 25181 6147 29890 25808 5921 27015 25957 19001 13469 24817 6484 12284 17380 4091 19560 3263 28286 19140 3157 4837 3942 1842 22348 17743 25652 14499 19068 28280 27433 8211 5201 15851 29928 2276 1964 858 22654 22869 20276 2784 7185 1588 29780 5275 8412 12263 29542 16589 21604 12165 10345 10574 29514 8676 5435 18165 7955 8943 13194 9677 1705 18666 6555 20661 2131 23695 29573 21664 13435 8511 18014 19670 3358 8881 22532 28775 25019 23995 29277 18710 19504 15163 27191 18579 10198 17406 2253 29596 26455 8443 1118 19387 6480 19894 646 16512 7585 11200 10364 2192 22417 4549 15721 29041 16798 19532 29435 5178 23114 23328 14170 11703 3553 8309 10811 17448 28079 18960 23734 1993 12363 18076 29822 10536 11528 15052 14660 4275 14542 23027 4073 18093 24469 20431 17012 690 10231 3996 12962 24803 4370 23850 24734 20422 9441 12930 24626 14005 28227 296 26316 24049 28281 6859 17264 4453 20993 3162 10766 17463 10148 4524 6771 25590 27477 28591 19984 24286 26971 8592 24589 1374 12540 23998 3358 1424 29459 24509 19644 17801 12355 5967 13610 27131 16836 2375 13980 4044 29139 18083 21879 2365 21788 22893 21859 7666 2351 17312 10106 17071 12415 6666 23595 4956 27617 6338 11704 5481 1542 25541 17358 28696 7488 3980 10487 1193 13564 13314 25482 22732 25936 22689 16027 366 28069 27274 18721 838 9219 1302 8266 2671 6251 10879 4604 2887 19627 22716 28024 981 29880 20934 19680 7664 26283 12203 10282 19445 19592 12030 28040 4030 4237 20815 22683 16664 26790 16329 26652 512 18371 24520 2076 2887 11435 28198 23115 24716 181 13450 29499 7759 22640 13160 615 10437 9079 10518 18267 7571 26334 6714 27214 21990 14419 24102 29486 1307 1586 28916 15185 17152 8403 19517 11847 15614 16694 3125 599 23950 38 8793 5391 18263 6960 22401 25672 26314 8341 26163 5241 13238 10913 25228 28447 3660 17790 13585 25513 22609 17774 25565 27165 25053 28582 8307 501 28534 19305 28989 1065 6763 13583 13736 24927 9028 22448 21242 5723 29720 18318 14195 7517 25650 7283 15312 7385 9449 20986 20638 26544 6305 12353 3274 1880 1179 21473 26768 10077 5946 25808 22233 8420 23523 20919 18322 3149 27677 17223 16959 19505 24402 29096 2861 5219 217 4800 4296 14408 28066 28937 24413 17882 28651 3674 25371 16656 14438 20528 25318 4244 1408 6844 21367 8510 23289 9336 13559 24280 21711 23782 27650 8507 18291 22901 2837 2797 25144 22518 15649 22921 6051 25007 28157 23086 12319 6317 26901 15545 11132 19814 16073 16610 29299 24881 7763 29261 5486 13917 28646 16016 5098 7588 4381 24713 27499 18191 28794 28814 29280 16640 13695 25184 9131 1997 19985 2764 14541 24712 11121 28080 25164 13349 13535 236 22281 4165 4449 7370 17061 3993 6967 937 7292 14502 15181 14203 368 8095 27157 18025 6632 1850 25858 17259 10632 15515 26034 29245 14040 13223 11664 24045 24008 7061 4702 27109 21902 14159 22755 12282 2694 3760 14399 29849 6148 23410 19245 6395 1532 27329 27680 2359 2695 19603 29563 10753 6803 17814 12407 18007 25172 12958 10761 16961 6123 18926 12191 4725 9255 8038 28196 12654 3428 16264 8674 24181 23849 5262 28061 29858 17664 27318 17125 925 14587 4625 13738 4940 26620 18391 15825 14535 9391 27415 22042 28997 9130 2830 10261 1477 159 2268 15482 7515 7257 28767 23000 9252 9142 1359 23050 3824 14830 5469 22849 25801 11113 23300 24185 511 28387 21108 13788 16066 18013 7396 2421 24239 21881 25763 20854 26084 11693 14730 11384 13636 28840 9967 16322 19822 24368 1864 13428 9386 28526 9467 4700 22417 29696 18439 61 26958 15254 3541 1107 18266 8646 23658 13034 6678 26209 1583 17168 8722 21665 8064 9101 9104 20450 16968 15322 29298 20800 20558 7622 19116 12274 3496 10891 24952 7701 11363 11807 28424 16265 12324 17899 14749 7541 29935 22285 13202 6409 12681 17277 27162 6878 12961 27549 8828 25598 1441 17368 1380 16162 2983 27968 21723 14650 21426 29182 8363 18278 4149 20815 6742 15299 10251 9079 14896 21698 3266 7717 3301 24183 14051 20134 26092 11458 12610 7225 6246 13202 8770 5302 15475 1221 23234 9727 2426 24505 7558 28127 4252 9660 25688 22082 18416 19441 23784 6771 10373 17554 28831 21448 8594 6027 22673 14669 10715 12876 5019 10727 25825 12433 10351 17669 18454 29306 8020 19208 405 21660 25072 22807 25650 1242 9191 11137 18969 4636 11528 14665 12065 26712 25390 19509 12436 9015 21902 12206 16859 10899 13045 15094 3700 588 26912 10275 1191 14957 1151 20666 15400 16124 26864 4721 11077 2143 29548 6892 12285 24266 4544 10195 9836 2713 12320 4413 3011 3257 4147 448 12328 10481 3184 10980 5219 23607 29253 14085 15105 10641 13673 20065 14098 1398 24166 16281 22932 20923 4182 678 27895 949 8981 26088 11274 27034 26578 16734 10670 9925 4871 721 7437 24195 18332 12628 16631 18628 22963 15556 25992 8005 25907 19871 25684 23736 3522 19900 21354 15561 629 25142 5225 20292 21097 3696 26223 23874 19865 7740 23387 20974 9265 26787 21283 12223 20911 12438 15653 7106 10677 18260 27063 20284 2930 5457 18020 8600 16909 7929 11044 22123 15884 13240 17449 27170 21395 14273 24357 3839 5477 4302 7711 11581 10510 8851 12579 15581 18300 19543 14432 9616 5083 10710 12531 4362 26927 11243 29198 18519 439 1271 24198 23034 13728 27298 22339 17486 18056 24670 13800 10696 18305 27797 18075 18867 24221 8848 15865 10226 26611 20358 107 14172 16628 14085 18000 15293 24818 16704 25125 12972 16409 29895 4097 3871 16553 27283 5085 20002 2348 8857 4636 17160 27907 2005 16138 12886 1244 15984 14664 12429 22813 25713 22197 17475 692 18026 7746 11598 10127 332 12558 18950 147 2966 22382 28452 12330 3758 8195 10542 25125 1881 6735 14856 20586 23065 7328 11233 8673 1762 27427 11930 10675 8258 15538 24758 1890 5525 27909 12550 2557 10092 4550 3057 5332 17846 10736 23570 21928 8085 20484 5646 2129 14351 5148 10119 2789 28129 7336 8238 14621 22473 6573 23175 27401 22417 6576 306 13630 20783 29137 23982 5398 21109 1834 27186 21232 3538 4901 11083 22852 27813 2443 29937 15209 12467 22955 26744 24893 5017 16016 13640 14961 3253 3815 24892 23484 18104 538 128 1136 28591 21867 2836 12431 18485 18740 9231 2188 13555 15042 3993 17924 16654 19730 3302 15595 20002 29016 17641 5963 8589 25389 20731 6972 3197 28672 16501 16284 15439 6084 14219 13288 12259 15548 496 26745 28048 28253 13074 4257 8937 16492 11420 11865 11684 21789 27990 8048 26481 26249 25233 28218 5434 6646 25342 2954 29860 27772 20896 4235 4923 28529 18163 19728 25212 7937 2815 19785 8102 19326 1709 22442 6200 23079 10675 20300 13315 7563 5896 20004 22364 20222 1110 3851 25905 4685 5648 2071 16187 18563 18213 24402 9972 3458 20439 2994 29366 2426 25302 25172 16802 10246 25976 13902 14817 12202 26383 9365 6604 10643 6096 22836 20975 9177 22469 5851 2190 25752 4066 20251 21690 18637 474 5729 25761 27612 17256 27586 5120 23744 25168 2636 28086 8575 8381 19422 12866 19555 28334 1054 2422 15363 5583 13264 25962 13816 18145 11343 2585 21358 23609 16890 17592 15977 2999 11905 29803 895 7332 16665 4058 26556 6127 24789 22285 7153 19473 29147 12636 11515 8669 4764 564 21823 5284 9930 22075 19560 5386 17186 15874 26708 21934 13226 6600 4376 317 26429 12928 27821 520 19411 21823 17832 28727 25137 9166 8367 27073 11869 18643 7568 10965 19767 123 23412 19969 7071 11392 14635 15009 2061 18904 18898 19867 13273 14587 22545 20995 6098 21159 701 24879 25807 18937 26506 2318 4564 19812 14045 5912 10788 1341 8185 20603 28044 5122 27712 17279 25993 911 13363 4179 19766 11728 5269 29187 6264 23685 2717 29942 8330 3250 18753 22573 21858 25317 3690 18152 25037 22011 13042 12813 9524 13068 325 1264 15506 23732 10084 8480 21476 20060 28569 5116 12307 9154 23084 19754 7890 3456 5377 15080 22578 1554 13307 5158 24129 23809 6662 11092 21606 9899 9314 13371 29606 16000 9440 15312 25300 20358 20512 19350 22451 5063 13614 4070 12035 5771 14408 22776 12786 9309 29985 24942 24904 18390 2940 3270 24475 22077 28851 13556 24280 25078 19973 28301 8180 23115 8386 10553 25884 22250 6846 2674 6678 17447 26575 22056 26076 23266 19365 16493 4522 5936 6733 13589 12673 5179 25667 20910 2450 1819 22905 28770 11951 1798 439 29432 3378 13987 1836 16119 13274 22908 12310 13583 21079 19601 26113 20116 26130 21619 4929 24591 27552 16813 2695 2122 9590 18147 1464 15473 3835 9388 1000 4465 15554 16739 29598 24567 5937 27486 1457 25740 14427 8119 3470 11083 22456 26089 15321 20973 17563 2246 19995 16207 14496 11019 5685 8027 17617 9761 19596 21841 8170 698 29029 18412 6139 25638 7153 19935 16123 743 633 29644 22206 8373 8758 22782 7130 25792 27461 17310 17046 9925 27004 412 28641 9478 2416 2200 712 13482 7615 18188 8328 26558 15967 9985 12373 9549 27774 15506 21996 16517 3013 27086 21254 11759 18677 7839 15352 4576 9214 13689 24573 25494 28685 12771 21460 3164 13249 15615 12662 16590 27080 413 12861 9032 29095 26503 16269 21163 17283 12176 4014 7605 26918 23452 21645 12012 29025 20094 21043 21578 1254 19621 19490 17341 3633 9012 22431 6927 4506 6235 24268 15421 23461 11704 8624 5418 17532 12697 15169 28890 10061 9305 17441 23082 4694 7987 18094 1535 3724 13378 10667 13815 28936 27620 12523 27084 24439 28776 12069 5028 3351 12850 18541 21109 148 5752 20363 24539 6807 3417 13891 29261 777 2984 18315 24840 19185 10966 9520 5135 16476 29267 28271 19398 23933 828 1183 29948 4408 6528 12120 14930 8198 13062 19807 3948 7203 6580 18223 25185 25280 13911 12996 16439 12283 10084 17916 11654 14346 16683 10521 29986 22371 4349 26633 23382 8980 5240 2598 17958 26133 20006 2758 6620 185 24725 1342 11566 20498 17125 21006 4016 26884 1409 13430 27729 9344 10659 6501 18606 25680 1509 9959 13191 21188 12501 13324 13727 4767 20568 19235 257 25774 11241 28480 23103 14226 16449 18353 22199 13165 11640 2685 15603 9377 12512 2492 1135 23845 19549 22414 1691 8449 19224 15515 24368 12565 12483 14190 20973 5030 14588 7809 23009 4827 19594 22462 5327 16663 1486 1690 25522 26815 27458 16872 9631 1244 14230 7611 18052 11644 2339 22081 6122 14270 23885 19859 3871 1682 4231 27112 6195 26471 23852 6403 16647 16683 19430 19570 18572 6958 11948 27472 20483 10398 21046 9440 19177 8215 17143 24519 7144 29218 10362 12067 26694 1939 3616 9850 20224 23119 7481 10228 19308 17147 6632 19812 4532 7777 14700 6895 24252 7336 653 3969 4938 10294 25173 24119 8785 15006 13012 27251 1958 1227 16296 10129 28406 6958 9432 25704 28974 15783 1949 16760 13356 23584 10780 4419 24191 16764 28660 1580 929 16712 29035 1092 5640 5095 29621 9706 15071 9708 25916 8624 6388 12271 17761 18875 324 22111 5306 5584 5630 28647 22987 12252 10174 10612 2276 20744 885 18048 4151 2720 24304 10208 7896 10711 5971 4927 13609 25074 24262 19736 25653 10002 16347 3529 23887 25929 3590 14358 29841 23092 7232 5862 3651 24180 2211 3731 22505 27085 1867 25212 18277 22977 10264 2856 11744 8322 9770 11822 15129 17219 13190 2254 22977 2266 24121 13511 19274 9716 9170 6789 425 1084 13920 6581 20070 5124 27169 11260 24291 8755 23364 10705 21691 27794 2484 7074 26902 20564 3943 21083 13974 21414 8906 16010 7055 19096 20879 3371 11247 12911 28690 15980 29916 13145 29874 3294 11880 19754 25459 24583 1836 21308 25609 14821 25376 11846 26443 16313 29554 8441 813 15375 1198 21242 19012 19146 21744 22599 11283 16533 28383 4034 2890 9711 14051 3669 1992 5995 17731 22382 20272 14513 4284 28884 5661 5955 28274 17755 10272 14283 20050 8223 4922 3025 2499 13537 4539 15998 1006 26556 8330 10168 26375 10794 23123 12079 674 21185 16155 14193 11536 14460 10439 19882 16505 23526 25471 6042 24398 4016 12912 22598 23728 11724 16167 1136 26346 15630 14769 20089 11783 28459 24103 51 1592 18165 26381 22855 7032 12233 21128 4547 20527 15137 21796 19117 11514 9355 25366 28141 22464 28381 26720 17638 9359 17449 15927 22906 20731 16348 6390 11543 3469 10315 10912 18407 22073 11680 25421 20837 12287 28730 12467 5148 13935 17290 2446 29215 17769 23413 20906 4899 10864 23905 8099 14532 26787 26542 9924 16530 25901 8613 7203 314 14980 5655 25134 17934 19554 7905 9680 6582 1145 20072 10204 12246 6576 1716 26655 28116 19981 21756 22932 13616 26523 13483 15810 23093 25405 28139 14249 4274 6727 9723 1226 11126 20586 20248 689 4438 20948 1218 29617 795 1542 720 20284 3310 26953 11092 4661 12863 14277 5699 26795 9814 10582 27796 7993 12933 28321 10773 1923 16873 11119 15512 13226 8129 16360 25562 19529 14288 21460 18316 28076 25706 19903 22545 3306 14487 10836 29991 9177 1115 4968 23375 22304 28498 11716 4414 17128 27730 9445 29561 13155 12272 27385 2907 21150 28363 20550 13466 12702 19478 28393 27164 7717 26391 26217 20670 11381 414 4131 4584 21782 5312 12837 18993 14643 19255 12503 29101 3490 10596 10296 16955 6482 7611 17644 29199 3700 17820 6347 514 24375 25234 8384 26114 749 24862 19824 20439 21314 9715 29995 15632 14213 23366 7581 8846 15184 3136 6410 16180 3262 16189 3217 20761 6152 28712 6550 4923 13242 15192 21125 10191 2949 11667 11709 16599 13172 25124 8622 23735 6017 15846 22623 19784 3888 13191 5988 2579 23976 15723 20893 219 17411 22768 4061 21498 12233 3279 26280 19143 27303 28828 3820 10399 18022 4085 14910 4887 27395 23216 4274 26641 17220 16246 150 24894 27325 14991 10948 7488 13044 25659 6045 22812 20613 7403 29100 20941 26830 26401 25986 102 21561 10636 22536 823 17906 26647 28405 10068 232 1549 17386 26689 6035 6939 7180 25809 18378 21266 5267 8764 18350 9827 24759 29613 10369 14348 9717 13814 29919 8027 190 9614 28343 10582 14207 322 8010 12875 2523 10411 7185 21310 16816 8136 8115 25659 4331 18041 22276 22577 19380 12349 28311 27930 14425 13490 543 4099 2628 3260 3151 27215 6843 29025 6408 29009 18347 19323 22368 17165 1169 17758 5327 20764 22664 16772 14256 5036 18455 26542 14467 19119 11209 18194 9377 24883 20315 27976 21667 29143 9901 8125 15631 21921 4302 11300 25722 1333 9919 3630 12203 21826 16304 16385 5521 16354 516 15614 19336 12247 13250 27724 10186 22379 187 6632 26542 7509 13397 15794 14396 27459 7175 4186 18199 4246 25671 16570 805 10982 4253 672 29604 1977 26868 5569 15615 68 14347 1693 16150 21667 2753 8000 5644 11689 24299 22826 28077 9887 18815 16170 23248 8531 22073 9843 6581 2872 20791 21036 21020 13135 25837 27349 18733 5295 27560 5891 13118 20605 22649 879 13941 17363 8757 13729 20014 17899 9976 12258 13679 23243 6826 11806 15689 6214 681 2775 12653 4242 10544 27893 1627 3373 877 28655 21343 29806 12403 12085 2423 9977 13800 7036 8075 4326 8231 2408 20302 11553 27264 21629 23720 25245 22633 29257 24289 12249 7300 20298 4087 5893 18927 27855 15353 17807 18099 25641 4509 6100 3971 24014 22883 24144 12857 9251 2565 28766 3490 12989 23629 19760 25597 7329 910 19021 17695 29839 21637 3779 17637 2040 13887 21315 925 16151 4301 7949 15538 21735 24453 28622 28968 15215 7747 7464 14600 2277 2639 12991 22679 19428 12522 21261 22748 2667 23962 747 7069 25446 3801 20021 26329 13617 20159 187 17825 19318 25254 9094 15263 984 14245 6016 28920 23559 14877 12239 4613 24033 40 5710 6206 18452 15304 10889 6637 22873 14493 257 4199 2504 16425 28348 16297 28163 1574 5969 17922 17284 1207 19009 12636 26707 5436 22857 23907 23543 5603 17018 15523 21112 6217 1853 24919 25271 19917 16143 9817 12095 18096 5129 11240 27093 14158 16005 5135 22358 8566 15117 5410 17817 2584 9072 14605 16270 15205 11143 18125 1260 12385 5804 24560 16415 6552 1513 1483 23476 19822 26074 7898 24061 14303 12391 5994 4301 12592 26384 13341 26838 7246 15610 17631 12180 22558 20520 7726 8631 20093 27005 15894 2952 21725 23369 27893 20521 27155 12031 18982 11153 27029 11879 27231 4187 7319 20280 5817 10237 22175 26976 9013 29087 25757 29225 19508 3672 16316 3801 100 4729 14498 15607 25739 17073 29179 16577 23000 16028 10285 10205 9144 26441 29793 29059 14538 26772 28631 18384 10187 1564 18126 11193 1919 27022 572 548 13980 2546 9101 14407 4447 25844 18176 15365 16348 9356 20990 17233 2543 11361 7463 10153 29994 18898 6847 9158 4684 17542 6253 26467 24068 13081 19632 17307 5869 16839 17917 19542 29340 23346 15636 20632 3147 27757 15308 17013 22344 23051 22466 27592 28733 5146 56 6188 26349 15345 11249 14558 17314 19787 7973 27638 12690 24197 795 15920 15107 9919 14593 9676 15394 11044 9256 2852 16225 16656 24534 19018 15676 27957 28637 15419 9553 1120 284 17871 3948 4707 21184 16660 4584 22701 3097 1091 25228 15719 614 6263 10979 12244 28298 5310 853 28285 6586 18702 5641 26104 25197 13882 732 12224 8485 9456 26352 27410 22149 3885 7762 10844 10231 5123 27143 3753 28774 6878 3080 28560 22242 21096 10504 9172 26584 16942 21129 28121 17908 1637 7651 24699 976 25538 23825 15850 25084 3729 22409 9615 8288 6609 8562 15393 13309 11262 22631 14048 27235 4637 14352 21132 4425 24724 9843 13450 27257 11385 17117 3181 28744 3608 10305 5164 13452 27581 17059 11670 8190 5603 4222 10237 26938 8361 22237 6253 14485 29440 28867 22173 8991 25815 18626 13623 21864 7018 22590 27420 3319 163 20087 17487 8095 27771 11151 20290 20903 26382 21981 1350 28288 24367 1937 1229 5529 15946 16426 22181 20811 17245 29263 7333 4662 26603 24427 590 16694 18694 14644 24026 19087 6899 28972 15992 18776 6191 27523 8366 7902 12179 11094 3036 12560 17484 14513 1465 8543 24642 9691 16970 21487 15247 18792 22817 24717 12934 21226 14821 20039 10926 20913 24687 17498 9664 21707 4964 4587 11484 15921 25568 28289 15429 5555 6359 8817 14946 412 1967 12405 20477 18623 8332 22153 986 4044 2871 22397 14324 28402 17322 21269 17668 17889 22057 26436 26241 20010 20149 21357 2696 26879 4263 18723 13704 8229 21068 12481 9919 21590 6106 7295 28214 8536 22256 26246 1135 24174 10992 27702 23285 2828 27727 3874 3004 19537 23554 27017 21584 21109 10644 27087 14751 5806 20125 22502 5987 28814 28746 22097 29009 8335 6425 25088 28273 11523 16780 5633 27137 2338 14743 10396 1273 8284 27697 29666 9846 14752 27208 18639 20484 3988 3383 11765 16560 28383 7694 13739 1435 6708 28829 14532 17632 5658 17055 14436 4294 18887 4225 25731 22482 15595 10164 28572 17776 6794 29806 4027 7457 13294 23782 12373 7365 14795 19336 21202 5807 11792 16494 14747 7178 10199 13653 3629 22323 16632 6803 18898 7349 259 21336 15802 13709 27052 13191 17051 1411 3775 8796 29141 7213 24545 14661 13721 21999 2846 17195 17745 27318 28843 5849 8381 5870 9168 27648 49 1621 17601 19610 12446 7078 15107 4805 13388 20985 6089 7042 26303 9217 16828 20379 10249 23944 26795 29141 21525 19716 2838 11078 10190 25112 693 59 9289 5824 22663 24668 13393 7299 27570 11964 27973 28987 26758 14195 21621 27617 1977 28025 10867 25700 6005 4486 21945 8071 16984 25574 12803 21191 4037 21660 19292 4557 14304 5988 25373 21572 19114 15474 29636 28805 19852 7573 6997 13454 2187 23449 28804 22059 10921 13966 25245 17355 12355 2108 6061 8153 2993 6083 7547 14570 23725 2280 11661 27956 11221 2278 5279 24897 20029 27721 22011 20327 7427 6235 21781 15257 28962 12887 8046 24388 15231 18666 2881 6846 12500 8605 12240 15782 7734 22970 13818 13311 23098 5502 25510 29267 29920 8130 13407 14994 14021 2810 22191 26545 8011 25452 4195 1977 17312 24420 22461 14348 24547 24112 25756 14246 14449 23002 22111 8937 19214 27100 24345 6 9568 23342 11568 19892 7703 27387 3462 27808 7506 16807 12249 757 24033 4161 4102 4781 17378 4828 28901 15004 18726 10131 26479 6301 13567 9685 13858 640 18913 4252 1651 13119 665 12649 20431 15579 12808 7598 16278 25068 5842 21863 7157 3446 29934 27828 24119 10548 14228 28195 4709 13510 3241 22281 24367 22665 24221 19054 18897 18738 18894 13741 11845 29617 9658 21817 25253 19019 16405 988 17590 24693 4008 2617 24024 19879 29165 15970 5745 7952 3932 18685 22825 6727 9485 10511 25764 2891 6010 10925 7015 20090 19504 29912 7887 19929 18360 21058 16128 12339 2109 13888 15501 6748 6448 11590 3703 19292 27966 11874 8309 15842 27744 13871 28649 27417 13694 28484 7222 20891 18014 22484 18046 14264 4424 8179 13971 29266 5509 424 3437 13410 10906 10730 14244 1405 28297 27212 19827 5171 824 19369 11048 13945 21623 9153 10170 28975 13883 15044 22906 19362 29125 15317 25494 9525 2309 4865 4635 13636 28352 13642 24474 9379 8982 23800 13739 6022 29052 10170 5176 29849 16116 26084 13763 7687 25729 20041 27806 24873 9001 18237 29115 337 8860 11559 28513 1706 8118 5079 10167 17489 20539 3562 26301 19485 10398 4885 24248 29939 28740 26499 12452 3652 1166 10859 23972 25337 11263 28016 21509 7194 22005 14339 8985 24191 2703 15045 14513 20824 15052 536 7999 6280 18845 5043 6782 2553 22644 10462 10901 16155 6850 23089 14970 28989 26606 29405 22532 21640 13241 19165 22245 4825 26353 28399 5862 18200 13067 2802 25392 21630 25497 29886 18082 29082 654 13326 21710 20738 25991 22136 12226 99 18548 22774 23294 2542 20237 20213 4537 9579 14239 11580 19764 22257 29860 20841 22531 20341 16812 28996 23964 3206 23102 26343 10081 20628 9821 19640 20697 2140 25263 8699 13052 11343 9980 2371 22875 29265 21451 24223 4533 5883 17975 22701 976 6108 8060 1977 1918 14155 19944 5336 7179 23350 17922 28725 976 28997 5806 18570 9052 8322 20971 1822 12776 13074 28395 15592 8452 5718 4528 6561 21991 3909 6409 17505 15162 7921 14046 7608 20692 6174 21552 484 1501 18154 6617 20492 20832 7852 22224 2894 1959 19433 9126 17399 28541 17595 15725 3741 11409 21719 270 20306 10573 26512 13264 17129 23373 10570 22736 18319 10293 20365 29244 3725 5100 22373 4169 25103 7282 18168 21473 28454 17557 26111 18755 28786 1493 5176 22545 8429 4627 1296 4455 11792 13143 23739 24021 29587 1691 3249 2012 28115 942 21354 24106 9879 6008 25808 22073 1184 18974 9986 782 27357 26586 19100 24511 4830 16067 3931 26237 11624 10396 20855 12942 12756 4427 15830 10097 25883 8619 29780 28595 9084 14049 28329 4453 16928 24775 13865 18716 14061 18309 6061 24990 15245 19798 11619 2361 3523 20728 2447 2432 13515 20085 21424 11054 10896 6572 6467 411 25781 1157 2410 14145 305 5006 24177 10787 25083 19095 13768 12417 12980 15551 13020 18348 4162 19789 6353 20389 12757 19133 8777 11819 744 6141 11643 21682 11790 12248 11902 25763 5293 19652 10940 18702 4512 8455 10063 19212 17323 6747 28333 4304 27967 10527 10022 11271 1032 3719 2422 15400 14089 6029 8524 21376 11777 3471 29392 8166 29126 11121 14518 20016 13794 26422 18581 27626 20306 15972 10690 18508 18489 22792 3650 27557 1601 1501 10610 25909 9618 14312 29598 20415 6425 1034 2908 5498 1749 22889 10173 12868 16019 26193 13576 28093 17576 155 7802 25959 936 18678 23586 12131 23577 25717 14103 4069 7780 14396 29390 16324 23745 22295 11353 23683 21590 26820 223 14922 26081 14230 24193 9997 17910 5256 6608 18460 13574 10696 8130 15101 28910 24773 876 22108 15974 2961 26339 5150 13379 21430 11235 14686 20080 4171 3453 8169 7325 28464 5098 20269 5813 29258 9040 13489 13007 25404 4050 1260 21961 858 8720 10982 9163 14651 28835 26912 1318 23564 1418 16992 19279 21834 7307 8529 1754 15254 12619 5312 125 16476 23494 26944 5604 13119 10643 22575 22389 18499 16611 22633 27970 21953 1704 8999 16882 7113 27472 21277 17618 12779 17207 28281 27053 27056 12628 2391 10867 28079 17671 12715 13290 16168 19910 22072 567 24193 20359 13933 29692 18644 24319 10930 20785 5361 17762 15606 16953 17023 26678 11015 19639 15283 28952 29717 20316 26594 2720 7639 27083 3261 16571 28164 7568 15665 18785 6449 1274 27179 5150 25775 16641 14446 25824 13242 26215 3050 17138 21569 7441 24027 5570 7813 12291 10052 23987 28451 25960 15230 11294 27113 22112 1062 2768 13644 15991 2694 13777 12174 16580 15763 18030 15301 26010 242 29992 27059 13988 9965 13345 19239 22352 4491 28342 13778 26963 29846 9054 2053 10089 12241 5587 27776 13300 26818 10292 23476 28327 15001 12627 22662 26055 13316 3543 15190 12537 19173 21664 22083 24586 15008 9654 16582 5050 8056 1826 20646 20538 3262 17537 24173 15377 7712 29489 25323 214 7966 26944 21721 20263 28540 4588 19105 21242 29382 11536 130 24899 15241 6076 3833 3435 9182 1573 12827 27090 8629 27064 17894 15694 29516 29660 18507 8405 23486 17685 2779 25174 26152 24925 26927 21821 4908 11576 3040 12090 29805 9965 12093 3833 12574 3635 27859 12905 14457 10477 7955 29142 26897 12213 23027 4910 23504 8966 3153 15079 3695 23463 10251 14740 12583 21577 20099 12546 14143 21348 13165 4290 19271 16767 15205 14333 13612 1626 10386 10444 28616 20550 22464 23465 5142 17696 17879 11798 5424 9654 19109 9717 7414 28714 26682 15853 3349 4849 1444 27434 1553 21113 16034 21577 13195 12615 25886 18031 28859 23814 4961 17413 18980 25060 21520 3184 17203 16817 20606 15755 17663 8190 6089 16571 26959 307 23799 18903 5209 23653 6285 25572 5324 9164 4501 26974 27157 22810 11000 1198 12680 6067 6729 7427 20031 4733 11520 6777 27659 16994 29779 1821 27168 23641 12735 9534 5969 2841 10050 446 16646 3018 22287 20610 4642 7532 24299 15285 25071 14851 19325 8810 4802 24187 9338 29820 20897 20543 24673 13960 9811 4536 26893 26194 12111 20717 1566 2819 8276 14682 25913 834 27304 29138 14647 11042 9464 22337 20944 10669 26278 3749 25044 11547 604 5053 9675 20711 12897 18314 27182 26270 18368 6520 25338 23742 19834 16346 25843 2058 5611 13822 23649 10424 2499 19609 12481 22407 20710 17573 27560 28583 16305 23799 6517 25827 9218 1550 15118 25045 4405 17683 29851 21157 20770 11645 9213 10622 19962 5506 29117 11026 688 13095 3623 18490 11226 8654 2052 26205 3224 6461 12498 13411 27970 18772 8545 22994 11292 877 11172 10809 19827 22870 19245 20278 1123 26501 9873 681 25539 22794 21914 3449 20350 3472 24457 29618 15080 68 25230 22559 12184 18777 26344 7931 14344 13112 9438 2877 11663 18933 25705 20727 17236 279 25498 16937 14017 3169 5743 12176 13573 10475 24713 25344 5896 3450 3404 17687 10305 14359 16002 26824 28821 26585 23945 22519 3665 29977 20732 1052 19536 28869 13614 16325 22878 18284 2853 9464 5579 26186 13660 29011 7170 18388 4068 6568 29512 11566 5585 23620 6023 9667 19147 24290 27986 19639 28468 9202 21112 25695 15127 9069 17300 3307 29215 26099 17037 20197 18860 5332 16295 28195 23481 15621 26439 20196 25253 20864 19693 20018 21533 20201 11433 29150 1776 18054 22668 25545 23514 2069 17121 29675 8528 15081 18448 22864 15296 2685 6632 25221 7773 4773 19637 11525 10594 20573 21353 22043 4777 2337 27602 4217 18017 1956 7533 26670 15982 27473 26244 15013 12929 1169 27665 12415 16468 20028 20932 16770 4805 13000 28428 11783 2517 25808 599 5134 21543 5129 9648 17429 25688 15022 29162 6024 2243 25144 22123 27456 24561 16799 28467 25641 18711 7491 4403 3937 22032 16707 26029 12383 15460 26195 22981 19854 7501 8817 14417 13234 17518 23073 5167 14856 16971 19851 4530 26026 15122 9067 17255 29222 24643 23609 19947 15920 8849 3236 5990 18490 17277 25594 21684 28609 4577 19088 24934 24484 3390 17490 17713 29605 27523 15983 15124 7216 9207 9510 2332 14203 8490 27775 8661 13330 15701 6411 17142 16626 22451 28286 18200 11429 12694 26551 19430 13071 27118 2003 3475 24919 26225 24214 5092 26738 3779 18624 23350 10100 27819 27002 27770 23534 8196 8731 20089 16228 1251 20224 15032 6428 10431 20916 16108 12537 9417 9990 15039 11140 23753 9344 15367 13968 7209 20020 24397 4723 18600 28679 24743 27306 14927 23992 14512 18008 20349 10088 19443 1298 2077 23188 3903 29674 1295 27877 4449 5009 3901 1303 5389 20823 11501 7213 19653 7695 20048 19161 19473 20771 12118 14118 18508 275 4655 19228 27008 19397 1330 4137 21799 12886 7902 8500 19886 8930 24360 14805 14741 10559 6615 4427 16547 11291 13590 6357 12088 2708 7834 13342 23967 3854 11777 26168 8945 8498 16452 7121 12116 1756 18640 897 6759 8715 12644 11311 1078 3827 27143 25356 6651 654 6333 10370 3539 23861 16686 23386 2159 23955 8460 23739 8336 28633 5501 25171 19523 29476 22958 15696 24217 15895 25608 25324 24128 1133 24456 23222 8069 16949 6169 29428 8586 16788 28942 29303 3570 10738 22718 19568 22171 1762 9971 9153 4061 5024 22425 22417 20161 19256 27841 2798 9335 8523 11022 25920 10494 19103 9279 10815 21392 13938 1737 10160 4443 8992 13939 4262 15727 13272 10612 29468 18964 7582 11853 8302 26878 8143 7113 4294 1810 11790 19836 2478 24109 1933 17552 21863 21651 4352 12802 8880 19467 18655 287 23205 12363 25427 21991 13417 22647 12666 28995 19781 10441 25188 4854 28362 5047 3899 1926 3888 21233 2756 9737 28391 23024 29954 23943 14525 11636 23515 24897 1625 12496 15616 3054 24496 19481 13398 29891 19440 17327 23828 21194 3069 16083 6014 28003 4695 14594 23789 14637 11574 7168 17632 16983 20203 18480 10379 1645 23054 13692 10149 8048 7977 28073 27725 19255 5161 23257 2033 20145 4044 11414 19522 20389 8413 22968 10145 22494 28383 7872 6158 21621 21560 8636 28749 4342 6282 12422 14161 20671 8532 5475 26178 15862 26196 5384 8992 15259 14490 20496 24716 8190 1171 16638 23444 24710 17061 11736 9241 22823 22014 9976 4197 15714 1020 19058 18425 17971 5947 18172 26938 21434 9303 132 6183 25010 3931 4640 1195 28120 18377 10648 9871 12913 6194 4408 28073 19924 8419 20938 11806 29342 25703 19040 13444 21001 19445 28498 12490 13637 5027 20510 29344 5990 3443 26255 13510 5555 13407 29372 16407 19370 29720 20960 29880 22773 22182 464 21333 28222 27969 24690 8766 17640 11950 3437 17333 12257 4050 3478 26294 13457 23492 22069 2089 24684 13177 9395 23468 1301 6004 1030 16238 20302 18874 1909 7876 3011 27986 13423 10743 3527 17806 176 19371 10173 1551 8983 19449 16718 21433 23323 20904 7838 21663 5306 12114 8708 25260 29453 5267 28037 28710 10699 4373 4651 25975 22639 11311 6658 23384 14655 7934 22073 8635 17531 18666 8813 3120 8037 1456 27682 815 19010 297 23957 18436 28035 14371 9198 16011 14633 13741 12421 22242 24934 13223 18503 28663 10758 12778 4729 29547 16644 12990 20120 22615 18698 15404 28730 7622 24490 10781 16221 16205 27706 28959 21797 22685 1322 12545 11256 25591 8465 8857 29155 22749 8859 6148 21020 4514 7801 28047 24475 18409 18155 7074 10899 23832 19972 6335 13522 8630 18763 12627 15667 4772 25881 266 17561 24858 18406 24043 8467 28541 20205 19756 13307 6043 9658 18718 369 3269 24427 19906 12064 6163 28754 15638 27297 8281 2376 24793 20674 8624 26100 16306 2017 12414 11428 24575 7367 10611 18842 14519 1173 4510 14665 19146 2168 15146 25498 9482 2023 15102 13987 28220 23295 25745 15186 23931 5869 16408 29886 15003 21768 2285 29806 10836 9158 23398 15158 27140 27930 18476 9013 21018 10047 6051 2120 2100 4767 17248 21599 670 16521 19844 29347 24847 27713 13658 22987 14972 12933 3973 27119 1747 4855 25072 19943 29523 18041 25898 15695 16286 15802 28308 23016 10804 2717 4942 17536 10083 11481 23597 6806 19310 6293 19782 18818 25003 5659 12096 2836 24632 15375 20048 14581 25772 24341 5917 17965 13570 12231 1495 19777 1108 23193 13561 2592 17202 25070 15130 27872 13728 29173 8465 10831 7080 13048 10198 26948 24247 11931 21113 17509 13625 927 29920 14475 24235 25850 2112 20993 15221 2328 9898 9074 27373 28393 20545 19564 110 11580 20699 4705 8759 25574 10109 25101 21181 14203 21470 24712 8536 20833 4552 12787 21829 27462 9368 10771 20814 11082 2255 14524 16800 8852 11978 22829 15902 11877 29779 15721 19555 14803 24383 16268 9099 25110 13917 28013 10420 23370 474 24451 12111 28482 27456 27245 26047 16944 13434 15404 19919 6394 25456 10122 5720 24238 11897 28553 29511 20318 28699 15486 6909 5345 13215 25891 24411 19856 7769 2069 17997 25859 7079 17037 9958 6402 23750 1989 13485 6328 23747 10497 13984 20650 14800 21902 20410 944 25063 9752 23754 15785 3687 9077 21218 2724 19145 26351 14671 27364 3764 29230 8737 7216 16120 12223 3933 19416 27236 27942 28306 10139 450 24649 555 26376 26388 15642 27069 10424 28481 29413 7606 6827 29208 25114 29455 24090 18569 12837 19901 9032 19481 23679 15898 26442 19901 11337 29587 23976 29084 17898 263 9277 6925 7833 25756 14369 24414 398 23930 24004 1599 23307 23086 8189 8105 18473 2588 27427 13849 2745 8542 26762 24093 24177 8326 21357 18629 11043 3583 7521 19501 17598 19041 29695 3783 4314 1537 4808 29328 24393 2680 11467 2831 3207 23667 11401 16766 7555 11979 669 507 29057 14931 28653 20881 21756 12201 21411 18634 23578 25771 2101 14768 4149 2478 27005 12699 18243 24259 506 8008 14397 17142 24420 1926 26317 13374 14189 18337 14466 17064 13490 7449 13686 8162 14739 6796 3658 17863 27568 19574 26310 26066 15337 14824 16319 19053 27260 27944 3938 22482 22300 25935 21079 10791 24755 19827 1834 8758 4463 12877 2051 1066 17659 5259 7934 12900 17157 16271 9503 23124 24484 19577 884 11530 9939 14991 28201 26679 6225 15748 3110 1003 3495 14904 22171 21815 8034 28706 21121 26744 8197 11275 10682 20529 20116 11472 16308 3726 785 21115 4320 16994 13930 10102 23437 18186 984 3459 3990 23934 19137 21111 23273 1326 15377 7906 1766 22603 16948 14736 8709 25627 1382 18237 28287 5874 3412 23614 14270 2812 4873 19508 9448 7688 9739 27401 28500 9100 17254 8742 25041 2768 13853 16616 25143 16323 13057 1534 26364 9535 28032 23225 12814 3573 20189 27689 26154 14235 18874 10620 22002 8800 12460 12706 13122 24996 14756 6666 17412 17850 18380 2111 21985 23652 3627 4332 320 16518 23348 14272 16090 11280 13041 23124 14424 4980 10616 25949 17381 22180 2444 37 11102 6084 1860 1900 24104 28767 1236 14889 23264 27853 16313 8870 27326 21607 16178 21410 25399 14042 1460 561 2514 14442 26794 28687 6691 15106 1903 16198 21520 1533 1312 27428 15009 8167 4460 671 23671 12022 16567 3913 2205 19220 3909 6996 14142 26468 18445 1367 19756 20977 8254 27775 8492 2780 14895 17762 3651 27613 1694 802 21313 3420 28263 16518 15770 4550 20543 8488 27726 22668 17447 14289 14759 16926 25653 22840 23262 26593 28169 24481 24906 2212 14011 822 14524 3439 6026 15404 18935 17983 9126 12307 20631 19679 19543 29457 20495 16364 21203 12276 19516 2690 28981 26614 21985 2218 13019 7919 16417 1658 2805 21901 15399 23869 25567 24855 28663 5157 17547 15096 906 16813 6334 20679 1957 15388 8615 15584 14239 13317 10241 15349 19658 16030 10976 29091 8319 16584 29131 7501 2219 22086 12472 24392 7611 1772 15203 19592 22546 15173 25613 20867 879 247 8090 3953 17066 6351 11792 14705 4641 9863 19232 15529 6758 29629 16426 27590 5082 22893 9940 21644 20127 15971 10223 14653 16555 26734 13934 7552 11440 17841 1775 11868 8041 6585 23943 4678 10682 4662 12006 29091 9343 13515 7648 1402 6455 22777 15315 19778 24162 5031 13932 22561 28164 19372 15435 25934 3840 13475 28137 22114 8243 18994 12439 893 1966 10211 24198 27052 5430 3354 21590 3127 7757 24592 28429 1701 4067 10002 7056 4428 12884 14820 16911 14497 21902 3617 14184 3395 24510 13177 6077 3636 3099 17924 25135 7458 29778 4413 455 16604 13604 811 24689 8654 25878 27946 5230 28981 28528 23133 18745 11248 443 6032 9149 7401 20918 27988 20546 9897 20340 15344 29270 6555 23454 29876 29935 15063 8758 5782 29369 7718 21397 15513 15297 16282 24480 14154 19941 1879 23965 8158 9350 19486 2068 23705 3362 20730 921 1518 8757 23843 10279 4980 5222 257 9271 25659 28370 28340 9516 5945 3306 3378 21717 16251 27306 440 19948 21486 1366 29250 7733 6370 17581 18056 25069 21077 9484 1388 4263 7085 8759 8626 23788 13285 13170 4504 17723 15472 3447 1459 17984 18335 28924 25632 25549 20172 20713 821 13053 3200 6519 21098 8157 27953 3397 14791 13264 29240 29971 4363 20235 22493 16204 111 24787 25329 9017 28059 14536 27863 27090 1586 16788 14554 17066 335 11880 19280 3018 24812 2858 825 21472 16860 29677 28150 24946 22337 10603 18395 9217 14259 6303 16881 11599 9770 9335 29576 17338 10711 23916 12716 6011 9004 21292 5013 21680 17940 18525 4748 15656 27718 14717 16811 14423 23893 24504 13450 12262 13062 29534 14384 21373 19441 1762 1062 16086 29361 21217 4908 27681 9266 22437 13435 26909 28128 22178 20102 16595 13881 7046 19471 29641 24770 21881 1346 13928 16386 12156 21413 24083 7083 15802 27451 29763 19931 24844 27419 21290 28147 21920 19999 8084 1797 13196 6236 9886 11942 3397 15860 8813 17506 9638 20150 3435 7697 15485 27874 1330 24899 10033 25959 7239 29249 22267 27616 12270 10161 2433 6897 1174 5468 27542 11045 15972 19466 22739 22678 11928 18387 5583 23222 10588 2608 26731 25746 25827 17858 15724 507 12911 16052 5170 271 18432 8806 19496 20748 11829 17782 13490 19078 20446 6812 12635 22969 12762 27981 2961 23768 7783 4091 19204 4008 22177 2784 25907 23548 5687 2516 13417 17636 23252 5626 27124 19934 28253 28979 3483 5615 17034 10581 21134 23896 4913 12233 17590 16280 28698 22735 27719 6220 6013 7063 23700 15902 21324 18496 3879 5746 13002 25031 21114 5526 1631 29823 4576 11179 16576 6819 23399 4543 14959 26881 20830 24546 4766 7913 3228 25155 28001 28530 18280 13367 24988 4529 13616 1872 26670 20101 21746 28275 25736 26481 10705 17081 4501 13532 1268 8191 13485 18211 16119 14789 23892 28739 20898 15789 9749 27060 10308 18289 22461 27314 12266 10522 26120 23922 26363 19480 9777 18192 21006 16638 26656 13119 22126 20999 2802 21155 20000 8236 6277 18674 28498 10089 4305 2666 24408 660 29740 6335 15090 8856 11980 21869 1536 23781 8874 13922 24643 23802 25417 24678 16197 11569 21428 26775 10155 26949 11916 17814 13561 3561 11567 13921 494 18889 21913 6910 14573 22370 24868 22852 18878 16798 21326 24322 5817 29611 10463 16519 11698 20972 13099 5492 16861 6879 868 12665 28779 26248 2193 23686 22208 13605 3421 5668 3101 4713 29032 16737 25072 23061 5384 7970 1976 16096 21465 3023 8022 5049 19233 18272 28625 13488 2370 28109 12916 19696 22722 2324 29934 25396 14166 5171 19055 25035 17024 27813 19686 20870 4064 16007 23033 11397 11356 27940 29425 25607 23879 27402 7998 8696 15259 21822 1676 14280 21266 1321 6951 12392 5023 27008 7409 9621 24829 16579 18404 16242 8224 10401 17435 14890 24105 17307 22748 18222 2193 25392 23594 998 24673 25868 15125 6813 3641 1304 17411 9634 25252 23149 19054 24064 12077 16248 19543 13671 14532 19316 8228 26705 22072 17196 3924 10042 19514 24556 14689 22175 20990 27939 7215 12974 16729 14742 15169 22875 315 11925 1796 5111 26743 17134 1466 4393 10628 10321 4530 12525 10052 19446 18386 1656 3376 14832 9543 23352 25338 13030 13799 11507 29679 16100 1261 11101 25472 18322 21235 1575 12652 14378 14797 14291 21195 11446 17347 3905 20482 2464 25913 25542 28001 14801 2009 17441 26014 23568 8657 14284 16193 22320 23163 18071 24323 10799 7379 24328 15389 6450 5353 29269 2002 16182 8187 25180 25704 22890 15222 3608 29751 15090 2074 4028 25869 7846 102 22093 6462 19782 13401 9083 360 12410 11681 3785 23247 16450 16720 19587 28514 651 19284 13723 14013 20080 16476 28874 5217 25139 14723 20759 9350 25528 16003 13822 15794 432 4904 11368 9440 4775 11444 1194 4756 17273 10959 23628 11992 16764 11378 12226 14128 9649 20277 19697 3228 1669 29811 7318 15045 21641 25123 18683 10248 27219 12378 18784 12886 300 4313 24270 24620 14315 27646 29782 17994 3363 669 21738 11689 15474 26925 3072 29981 18325 21679 27385 29949 21600 17163 11693 9748 25476 9424 746 12306 7072 10859 5719 29896 14022 9509 20218 15565 6436 6032 1399 29939 24962 9068 11570 15943 13674 22584 26195 26653 26336 29314 18510 20239 10266 5186 21494 20754 25188 13963 16261 16168 23126 22875 11842 16781 7920 13320 7328 23272 199 29821 26209 3709 27488 20001 24557 24692 1175 10986 6595 28212 9914 27060 12273 19432 25155 19273 28373 13775 24115 24260 8691 13530 13198 16420 14846 28582 1657 23687 16078 29682 5489 24666 3472 24293 13138 27885 7337 2118 21621 11169 25534 23563 21192 11865 26092 12199 25913 2103 4296 16274 1441 23511 17238 17937 21832 6326 5355 26461 27998 1853 21099 7719 10076 26824 2809 13118 18109 11742 22061 96 2962 6614 20298 1134 23185 23385 11940 18210 9951 13138 29215 11093 6347 24497 20221 12551 11855 1956 17740 11064 13576 19339 16634 23913 17178 10086 22342 29020 23313 25712 5252 28585 22482 13397 20739 20238 15758 23773 19302 4161 9110 7828 18585 8057 412 5419 1934 8866 29987 21194 23688 11656 1690 16095 8627 28985 10333 8165 6739 4284 4361 1731 20782 14530 24091 7816 8355 12525 28588 2028 29041 7850 7890 640 22990 10799 2068 2237 3816 7640 20427 13954 17727 15869 17090 23069 9931 16915 24738 10832 10087 21506 27347 28055 19763 29173 10207 29025 24480 3628 4984 14208 28738 9667 14842 384 4400 22505 21284 21217 8551 18194 7766 13177 14156 29402 3945 21337 16965 28834 14076 6966 14758 22453 29600 11476 23066 5090 24382 661 29952 15058 2171 6995 15771 1562 18360 24820 6627 6421 17603 17985 10334 28639 27326 28983 11876 22633 22212 25639 813 15473 15682 3976 8598 22022 19793 1749 4479 16071 21306 15528 19815 20180 1679 11996 4650 1730 3629 5005 16021 13206 9184 7984 416 16475 20156 25234 8003 10314 11695 47 23891 15613 12776 10873 10659 26288 25775 5908 25812 23952 16716 9277 15180 15993 2638 3179 6935 14981 29853 26368 14018 18391 18462 14853 19923 14799 19760 2004 19276 4937 23387 25104 7288 23224 25844 26028 4955 27009 25476 20141 25446 29840 25058 6123 14366 4966 25155 5030 13514 7824 27407 26499 7418 19505 1847 10067 26859 15742 26408 27603 27678 2268 28313 10006 35 5746 20927 11047 23564 3053 20086 20260 18943 24237 22299 2381 19542 1754 3578 15779 19743 17131 13960 18982 22857 9804 17298 18918 19084 27917 25312 16924 24319 4161 20186 525 29631 2904 26943 19248 4816 3859 443 10593 24278 13314 26556 8390 29827 17588 10205 24849 23883 23065 20590 17247 13175 17848 20346 25902 25579 9667 27348 8854 9167 24831 19831 29215 12362 29872 9378 3611 26589 27162 5762 2401 2381 28115 8423 8059 12827 20329 25783 12963 4349 13616 26225 12359 6596 24998 17554 4513 5815 22161 22871 14528 29386 2687 4514 26106 8249 21882 12767 16699 29832 17359 2272 1536 3952 19864 1309 468 18823 28755 4924 14747 1484 6315 3883 3040 5320 13113 1843 16745 11454 1406 10435 19377 16185 11696 23133 9280 28994 26873 24340 5908 1211 6687 27501 3306 24484 16056 27721 17951 2922 4123 29315 16981 20781 12122 11654 11354 26062 29438 27279 6150 23810 676 7143 22484 23695 23115 21712 18081 7244 6426 23178 3069 25500 12475 13657 8892 5464 17400 288 7989 548 10903 15147 5433 29598 26942 22397 29695 18454 28627 1596 297 7789 17319 27748 8461 13928 24857 29838 16280 332 2417 676 18651 18986 26945 20364 10670 1477 18970 3413 26383 15409 19744 2610 29439 7192 736 18186 12573 5048 20539 7823 4464 16635 26545 9881 28893 11516 13331 20457 82 16046 14862 10379 6723 16112 15492 2008 26344 15847 11946 26615 6428 10958 17965 4845 22280 16834 24092 6985 9969 7445 23743 15250 27625 26335 11134 2097 17110 21336 25459 15596 26695 28581 2569 8792 8767 22664 1483 25887 8056 17111 8023 5475 22071 17121 17402 9475 27512 10633 17041 26906 16492 9631 5951 21519 16014 27286 4086 11678 3022 21077 16578 5352 15459 6610 26610 17617 12168 8041 15891 19699 15720 24461 21427 29654 3281 16124 23040 18258 20526 6673 15773 8313 8151 6513 21231 13041 23809 21430 3170 8193 18556 764 9971 21175 6863 9658 12556 9510 10695 15858 6315 5026 2777 27312 16765 29746 6080 9491 23656 19883 2375 23852 9896 10156 15602 9829 22779 10777 14951 2989 3165 24728 17021 22129 2910 17111 27910 1237 4028 15030 18036 28788 3871 15882 23216 590 16450 21311 15451 2194 2638 26292 24243 15327 10426 7742 17213 15379 12711 12917 15345 320 15157 11033 11207 4775 6621 4293 15863 4888 24067 9669 23029 23739 21228 20288 5288 23360 9792 19268 13462 21559 5474 28546 22227 17572 3323 7264 28676 18595 8350 22609 10489 9920 22449 24217 9288 8817 18736 24906 8062 23681 26414 1470 11988 8328 6807 14358 25373 12546 27417 24215 10830 9394 24155 4497 24462 17874 213 22243 8176 8393 8825 20598 9428 16152 2520 5184 4548 10395 8367 23336 23764 460 28072 3342 13966 2546 23936 11968 7418 28105 27627 11007 13411 2185 4549 19837 23100 28376 18620 6767 27211 21963 17802 6247 12898 22630 5867 13385 17953 3428 13020 10192 4868 23108 26580 15853 21261 12354 26495 2186 12519 18141 19957 14453 1336 8525 18023 22927 14409 2105 109 1688 919 5672 15395 596 5639 6681 1819 11193 1889 405 23477 2330 29793 2458 21873 6608 29632 28484 15571 4841 9652 16088 28167 6632 10786 592 29952 3585 6699 12408 2196 25544 1587 12072 4603 15408 15860 18630 24530 6577 9391 20257 4344 13844 18099 22619 17102 23498 23778 8040 8696 28021 8926 2290 24951 17513 16700 22831 1304 4307 10078 320 27429 28495 20996 476 3083 12820 9236 16998 4637 16720 24761 27867 18481 15584 1829 5950 7284 18989 18303 11771 23060 2644 19248 11724 9159 4837 18877 9 23668 21130 19532 11550 125 5123 20590 22556 25135 16509 27405 9445 7906 11367 14438 11274 11984 26160 7937 26836 26288 6298 24892 9015 24388 23490 3065 24920 27514 27577 8862 29865 28093 14088 28312 8222 27511 8017 5140 20798 21927 3228 22746 21400 29704 9835 29774 5951 27601 18361 674 1174 17945 19832 1104 29273 23569 9615 28764 28877 6842 7267 19829 4996 7042 12827 29975 22327 23633 2517 8135 1239 24970 29586 28784 5339 15716 22399 16298 432 10340 10646 11772 18361 2856 447 18134 26802 885 16549 6256 21127 21035 16995 18892 1509 6530 25553 27248 21741 16088 4059 26596 12144 4497 14933 8095 26446 22258 17403 10533 23078 20386 17380 6496 9147 13821 26150 29886 7441 13574 14820 11119 13012 25053 10059 3107 10885 16828 11375 17870 8775 20860 29766 18612 13131 6840 6269 11896 10810 4224 16653 26683 6870 20274 9957 15063 17125 12786 14686 25734 21775 7380 15630 10403 19528 3517 21148 16557 27093 26914 15540 18621 11270 3764 5763 15948 20436 7517 18208 10838 3400 20069 17127 12555 15564 11168 377 11877 15124 2106 19389 19358 11855 24976 5120 14973 13050 28957 3538 25694 13548 18215 20799 16862 5535 18184 8765 22006 28348 27141 5507 25337 4563 22548 7004 22683 12962 25181 12231 18627 5504 24716 16627 27698 16977 11079 10424 9275 2078 2135 7041 26818 14294 1471 11554 23984 25814 14898 8432 23500 28475 20961 1124 5354 17059 13840 7030 5023 28663 28777 958 1426 27348 28263 1812 1406 24208 10317 13938 2431 14846 5609 19000 24704 18873 2401 616 10334 19457 6620 17549 22093 16194 16320 10473 29101 26286 26706 21444 28258 3293 4528 12803 10657 26671 25545 23464 18117 4803 20983 17912 23685 9934 15566 20159 26210 6860 2131 4576 28123 21516 12824 16047 16049 19876 4031 29088 1715 14018 19857 21180 25015 18154 26437 5519 5015 27791 12337 5347 13101 5638 17955 1910 13805 1632 23328 16549 8274 16494 27936 22195 14237 10218 15589 8647 18038 16168 12895 8711 6483 27291 21075 27295 15641 18869 2751 14479 29694 5762 17612 9803 12896 27268 12175 19010 21220 3012 23859 17200 27190 9950 1757 16085 15396 23645 5750 15772 29823 15667 21886 26053 12918 3023 18102 11355 27091 15481 9491 19680 4658 3144 8674 19224 17170 28484 15115 14589 20046 12589 13307 6767 21229 1394 20905 12409 17077 5692 680 8569 18369 1983 17446 21632 16953 16345 15891 9303 27 10991 12522 1020 19473 10734 14091 766 16573 16287 16216 8650 14525 18548 23086 24339 6584 28715 15681 24632 1072 21 26585 15036 207 24647 22179 12287 19199 25954 14827 703 1203 15667 4889 29512 25077 22765 28144 4631 8075 13245 15828 4170 4381 13337 22749 17320 7308 28547 12042 17354 20158 16047 4690 25483 14126 8818 1977 26964 28712 2641 27164 23065 24241 22710 20974 26521 27283 21963 15391 2766 28211 15389 19484 1742 2125 13895 6200 27877 18135 3894 10420 11006 4375 377 22714 548 1291 7987 4048 14936 17550 5612 25022 5258 1302 29871 12121 9292 24643 29287 14330 4175 3329 24970 24838 11058 10675 2630 6474 26687 25439 16336 22897 2279 18461 11466 25410 11607 17470 742 142 26601 24156 25045 18165 20234 11592 13972 11707 22058 13292 6921 6257 4357 18254 18247 26367 2680 15895 7237 23361 18786 26244 21835 18607 24754 28103 27930 16485 363 19639 23537 14311 3886 25676 18051 18717 29172 21816 22515 19564 25612 1016 27696 5276 14112 7920 15072 14486 18180 29768 1905 20594 22916 13058 22384 22674 3298 3164 8385 15406 13720 12732 12322 19093 17370 11686 9038 4301 29873 7052 28742 1494 1683 5777 5743 1474 28269 29914 11672 4724 24668 25180 9331 2199 15799 6129 21782 15563 7323 861 16242 4005 13451 8539 21366 1895 17270 2152 16062 6704 12839 1880 23528 3669 10525 26775 9904 11554 15196 20549 11554 4657 5988 27163 25086 9204 10416 6767 6403 486 16686 28959 23227 25573 14504 14226 25686 15393 21613 27660 14530 18207 23295 16773 15305 10729 4393 16369 29063 25425 7405 22428 320 26120 841 27213 3050 26847 17435 15188 4190 21238 5512 9374 28310 306 21249 1782 17601 11587 1754 29223 22086 20729 10609 14290 29135 6391 12672 2917 14450 14430 28584 2588 1795 27512 5409 24257 1656 11245 3829 19149 1014 13875 20850 15732 14679 5006 19677 3424 213 18268 24183 15335 12101 18144 14201 7491 19463 22447 11521 26878 29186 2465 4016 1062 77 17255 3001 12421 18015 6968 26636 25868 21245 19265 3095 17035 1158 18379 5478 6925 28496 5521 22426 17876 23359 23697 7225 22314 9397 8893 12107 22087 18868 20863 21192 7546 24261 15023 9863 13157 27237 19477 18470 13862 212 25925 18278 9777 8646 19253 8878 23610 14362 6106 10314 16925 29953 26274 25177 8334 9857 15521 28960 13723 10576 81 12890 3086 10938 23032 1170 25859 377 3701 26892 19081 15725 23319 21252 29320 12597 1264 22920 8356 6199 9732 3771 27362 28362 23330 27633 27169 29190 7992 14037 13531 1819 19783 21459 18796 17136 18153 12982 17070 6931 28965 9610 27312 5913 23827 8081 19649 685 28560 12365 11642 29105 28935 11994 9708 4103 8504 9820 24034 26584 19787 24251 24810 9982 6181 15921 61 5700 18654 16013 8942 24236 9648 24855 23541 4532 11773 5566 8503 27867 22638 13907 12856 24757 28890 2140 12340 7951 20590 8656 23809 12983 16350 21585 16206 16294 19643 251 4055 3566 3180 25020 23197 8018 7548 24150 2201 20408 2645 18407 26926 22484 5862 21230 23039 28092 22740 17625 1879 198 18851 6458 28487 22370 25306 10753 9111 2864 20505 3628 24497 27327 7035 3975 6551 15116 29661 21650 10361 15903 7719 22205 632 22393 9686 25549 16924 4009 6473 13810 24356 8499 26903 1707 29357 22070 22457 1322 18858 87 1768 14377 8031 24573 26279 18981 15682 22436 8135 18341 14123 19048 376 7979 18105 4941 12783 14997 5347 27767 12174 22419 2718 4863 1067 4401 24631 16159 17047 17082 3992 1494 18887 1607 15493 4136 7229 28116 26380 5657 2256 14018 9283 21828 733 17824 9888 21633 21472 21309 25202 2369 14221 6818 2892 22335 5111 24338 1120 28287 3987 11001 5076 18316 15608 12084 27660 2294 19338 15976 776 20269 22839 5852 11353 20407 23936 22721 29396 8507 1923 5945 11733 20782 18848 7731 15749 28755 28838 1441 14172 3088 4121 15851 12576 5030 14915 1351 13010 27503 3117 10329 26434 12907 8101 12069 19896 22445 25710 9025 13979 816 28638 28604 2602 3081 2046 9109 1660 11017 17606 24839 13059 12958 9234 21453 21905 11334 5688 29715 5367 24621 18595 4903 12317 16507 9164 2826 3965 3661 12856 1539 11168 29634 28229 23820 12537 12408 23137 18820 8448 12764 17363 28444 4460 26361 1485 405 10705 11017 17103 18522 13215 22644 24050 20741 3957 23149 25596 22812 22243 21364 22067 24457 25810 5820 1535 8577 5867 6671 9331 3032 22456 2452 3952 16028 209 29686 13702 6087 17628 2244 11399 9523 29501 17186 23350 10935 24842 12493 21829 4614 25558 23544 447 26106 6073 17764 29951 24070 17730 28953 28964 20018 4594 25841 7872 1140 15587 12655 20449 24107 11921 28817 20555 10104 18429 27643 19138 15190 796 14372 4301 21297 3225 18222 29127 24911 13617 20183 26685 29487 18275 14132 7091 11349 5231 21532 13405 15912 16192 25083 15845 17440 17077 28765 8367 16952 15810 20188 13572 12196 24747 25179 23041 4019 12678 5064 11141 24282 1446 11719 25729 24970 16345 23667 16 6113 6372 8898 9377 17590 22643 28929 7462 23738 12412 17108 20128 20407 9698 1387 599 26167 11253 6313 25174 16763 20320 18172 13984 15594 21546 25298 15995 1689 2709 12668 3368 17325 2715 23719 15540 26035 22544 27689 25316 10001 12095 11070 23644 26310 20451 5884 14338 15161 22873 8508 23726 13417 13900 25029 27804 5440 23850 16029 5246 11744 12066 23449 22833 26270 3368 7312 2864 24688 7292 222 19248 8061 13579 7049 22742 24538 4156 25610 2744 2778 18664 29421 5856 25107 17869 23173 14535 6653 27515 26686 6551 14832 10051 1155 3675 13756 10941 10725 2466 19149 16008 12040 23664 29496 4911 10266 24557 11840 6652 3715 14066 23565 765 14194 17580 7943 8808 7942 370 13058 20767 17215 23865 27195 16046 27291 7997 22433 10988 11179 5779 21752 12312 28148 10037 25439 24313 15520 14129 4621 17958 10802 263 408 24523 3167 27609 14361 24 5212 7492 18431 27799 880 9354 23853 7011 420 10561 12256 17072 15946 15839 26210 4192 5552 21254 8818 7943 13880 5145 8995 29980 10747 4358 21728 24395 7368 9753 3267 24784 1368 27393 2035 16995 12425 1648 4858 16713 8998 1569 25796 29239 7854 2265 11015 2232 6649 27137 6592 15116 14467 16784 24634 10486 20186 8655 2187 18790 18500 25534 11030 23572 13030 6108 10863 23560 5013 9564 1359 12861 21572 25986 3880 26420 7820 28389 2622 864 29167 12234 4328 21747 14272 4976 726 17303 9050 29091 20858 16471 10400 5224 5775 21300 23375 24498 13971 735 21083 16891 2919 14609 6581 14605 19198 12577 12499 24125 24166 6086 7633 25524 170 23860 5628 19200 4459 12251 1828 10778 4139 11785 13976 10969 3832 12170 15428 4342 29 3301 7243 11042 3707 22600 3394 14668 9346 7416 27891 14165 23735 10084 23108 12657 10539 3532 3653 693 21280 1460 6334 10773 18095 22596 20819 8418 5242 4355 14668 18972 8295 10429 22483 9362 24972 21317 10587 3515 10306 3018 29488 25708 27814 5530 20433 4327 9571 25423 5410 3301 24747 2064 18402 22010 28276 12439 3040 2016 4180 21347 24038 29653 17044 19563 21580 3389 22408 4705 17416 27762 26319 22853 22425 12701 1520 13023 8586 20684 12833 15936 182 1256 3581 22400 23985 4435 11114 27979 6913 17798 19981 11262 9851 12904 21347 9534 2783 2219 29305 17348 27682 20256 18590 20667 14971 9844 6185 11769 7992 9997 3119 22266 26244 1231 22444 21485 21860 4312 8762 19724 5994 14042 7751 20879 25245 14425 14524 27894 28192 13064 14197 14932 28648 6121 9880 27301 20499 5004 13717 3961 477 24875 29601 10809 29081 23195 11908 2168 1608 8604 2822 17890 27724 27383 13848 22004 4853 18914 1570 5470 4799 13940 23098 24550 12167 15647 3930 27564 21651 9787 26757 27088 642 1144 13095 10613 27659 12268 2991 25028 2080 15272 1088 27007 22030 9586 14958 27264 8288 6647 14515 8450 7154 9158 11482 26041 25663 24378 14597 25863 10356 20587 22047 28721 14073 5047 2041 7052 10564 4805 3270 11075 1338 9540 9939 25116 83 23658 13095 23810 10011 22463 27144 22888 594 16967 2525 17672 11719 21772 11185 25435 25033 13586 22346 7222 6547 3875 24622 6026 16336 2490 28849 27352 16339 8265 24529 15447 16050 9731 23254 6255 22784 8043 21130 550 18697 16019 17113 10558 1131 369 19982 16879 11769 14537 28247 16676 20400 11085 734 14158 1706 25544 10425 12945 19686 20509 1952 22984 28905 27322 5995 9680 17170 3836 13237 28657 17606 19987 8742 27911 13027 13506 1538 9690 2570 26738 19704 22753 1936 25504 18290 23968 3160 29635 19471 16144 11002 18953 27526 23944 23554 6591 24285 12490 29296 29899 8610 16244 282 4265 22212 755 28809 1809 27304 1990 27962 16873 21082 18023 17751 5210 3547 8466 1908 27445 6889 21522 26856 15415 21063 23935 17352 1240 29672 15362 5828 7023 17772 5683 11689 1366 2266 15754 18098 14740 2253 10351 533 3830 25722 4923 19335 25821 16509 15489 28921 8466 10474 2 4861 14547 16231 686 13528 23907 17046 22644 3477 10768 10359 9566 29869 14302 3786 624 15168 5032 19032 23632 26871 200 29544 8193 15814 8373 19458 2468 22929 20165 3095 8597 24238 29039 7569 25411 5569 23199 9202 9626 3040 6766 22960 2229 16998 6483 9824 23803 25077 5787 13589 3753 3215 11682 2007 23261 16245 13367 20183 2874 21887 26084 12773 20323 404 13152 16018 29225 27123 11947 9834 8034 5933 29996 15669 27828 11863 9221 8808 24383 23088 15131 2325 5404 11888 780 25443 18070 8537 10431 25234 760 11014 19076 2675 26646 18910 18426 25597 18959 3121 10374 18195 23648 14352 282 23471 19714 14822 29829 24709 28550 2479 18685 23395 4330 18294 17668 26005 25910 26253 10194 13350 22219 1917 2468 22113 18407 17672 4298 826 25100 1622 12297 17974 23934 22388 492 21492 1890 15604 22787 5511 599 24967 29566 14332 26361 3659 10676 25138 28489 18379 8869 18493 2839 8655 4248 4221 19270 182 13001 22587 10784 22211 24602 24066 25792 17920 10267 29063 24054 32 5537 20976 19142 20307 17260 18646 22796 21966 23768 27031 13273 21828 6244 11914 12575 17046 1314 18904 15584 5305 4556 10400 22177 25546 800 26859 2624 18896 29014 23644 10396 10659 3693 28278 8064 2297 12318 10449 26814 12135 1044 10883 27847 16476 22098 27997 31 17236 24470 12450 5587 18337 17628 193 20317 14896 26562 3051 9008 1838 19486 26899 27950 6505 6236 19773 176 6404 12237 12555 9142 18834 22211 11795 29452 18251 20947 7342 10293 1633 13883 18987 27129 29781 13255 4153 5053 8961 25795 127 6564 4659 16338 15319 11497 22963 25499 13210 1405 19142 23672 2119 10597 7590 3352 27120 22810 3440 26490 11281 22276 13461 19785 13355 7948 23904 19707 19293 17522 14665 2821 6098 14675 27941 28416 28792 20964 28441 18181 29414 24407 11053 5234 23857 10670 11414 4560 10132 22418 10292 12263 24567 6598 28540 13902 29655 16347 29951 28004 11450 7239 5358 17897 12234 3140 3742 23999 22651 1567 14725 1548 24723 19276 1010 16265 28770 18088 4446 19180 19051 13274 28129 10359 9827 25294 24150 19123 6821 24331 11311 16111 15345 28392 9306 24512 27695 6219 1070 23810 28370 19775 15165 12424 10975 23538 9542 12388 12620 548 19331 20537 11606 9731 26762 18257 26977 3600 418 14851 2982 28608 24536 29209 4326 18622 26948 21759 14535 9181 6913 21552 1693 5273 21029 8525 21400 17710 22418 18235 28561 27924 18713 24287 3777 7031 14030 11095 7087 12336 6126 845 11392 15877 22461 11449 27341 18925 19606 1279 28176 6782 8820 22806 11410 14779 13715 10197 
