// periodic
// number of jobs
1
// pi
70
// Cycle
100
// aperiodic
// number of jobs
11000
// pi
36 57 11 23 7 30 21 9 51 41 20 52 56 53 2 22 33 30 4 42 13 51 23 41 21 20 49 15 54 15 26 34 6 33 31 34 23 12 52 59 24 2 26 36 20 57 4 17 2 3 31 19 13 10 16 1 32 59 44 59 47 42 10 33 40 6 10 23 28 28 9 2 23 1 40 45 26 3 59 46 42 59 49 38 29 24 59 35 14 25 46 47 3 25 8 56 15 33 21 23 21 42 11 43 48 14 35 5 53 20 3 25 3 39 41 48 22 58 50 21 28 23 42 31 37 58 19 23 26 44 28 55 21 24 16 7 37 49 36 35 15 23 16 3 53 5 37 48 56 43 49 56 17 23 54 38 32 53 46 8 47 41 20 11 35 19 24 14 34 20 57 58 1 35 18 12 49 37 7 17 40 40 21 50 13 52 8 47 13 2 14 20 19 36 16 38 25 35 16 17 15 29 52 38 49 47 11 41 31 56 58 39 11 54 43 55 11 16 12 44 15 52 3 11 25 41 35 38 22 18 6 59 59 58 30 54 15 59 20 44 46 3 34 4 45 41 4 28 44 9 3 22 3 13 28 47 5 54 5 46 20 14 24 58 33 37 9 7 15 27 29 21 34 6 14 11 25 2 51 27 45 20 31 50 35 10 1 16 4 9 48 40 9 35 4 1 9 10 21 59 1 27 7 48 34 24 4 10 30 40 34 44 35 17 8 53 23 23 55 56 27 14 48 10 2 34 58 53 30 5 29 42 17 29 40 46 38 34 15 34 46 37 31 31 43 4 4 24 51 58 2 26 12 3 53 19 36 49 47 43 29 36 16 46 52 4 8 56 34 21 16 11 47 48 29 7 56 57 40 9 13 33 52 26 58 57 45 39 38 29 1 3 30 40 26 1 7 2 11 53 10 4 37 47 2 46 27 12 42 34 27 1 42 40 18 13 22 29 58 57 53 31 42 10 31 28 52 42 19 38 53 27 59 3 39 46 38 12 43 34 33 24 18 11 50 1 55 21 58 13 42 46 27 1 37 46 46 25 24 39 51 20 44 54 36 31 31 51 22 16 59 55 47 27 27 58 22 57 46 44 5 54 28 26 12 52 54 54 54 20 9 28 13 37 42 25 33 56 8 39 42 25 15 25 2 32 51 50 7 45 38 10 2 37 15 38 53 42 16 2 53 22 23 22 25 27 8 58 5 41 44 20 34 32 49 3 59 55 5 39 27 32 49 34 31 37 31 33 15 26 50 17 38 2 25 57 20 54 53 20 5 18 25 7 40 5 20 44 45 29 22 31 48 24 8 48 55 21 10 9 22 45 33 29 8 44 6 58 44 6 45 47 33 55 18 51 10 19 28 25 19 46 8 15 39 38 23 25 55 49 30 56 41 44 56 42 11 8 38 17 57 42 34 42 52 52 54 16 9 38 53 38 35 15 10 56 22 32 18 12 55 41 45 22 22 17 30 8 21 2 54 15 9 52 8 18 4 35 35 39 12 27 53 31 49 16 38 32 34 23 31 28 51 37 29 31 6 55 29 2 48 16 49 38 52 8 2 20 54 50 20 20 6 58 41 10 25 18 44 34 41 3 11 55 42 50 20 25 11 32 23 15 24 4 37 20 17 57 22 3 42 25 17 32 18 53 15 54 38 55 59 5 16 25 27 4 26 33 14 58 3 59 16 58 28 8 19 13 52 8 55 59 12 45 34 38 13 26 33 9 58 2 25 56 43 31 45 26 22 13 4 51 7 59 20 57 56 26 58 49 2 35 47 55 35 3 46 8 45 18 12 26 24 44 55 15 56 5 51 27 42 11 13 23 40 52 58 39 40 55 28 16 28 58 3 11 47 10 45 58 14 20 57 25 15 26 2 38 45 30 47 7 8 14 12 7 57 20 12 35 56 23 55 50 49 32 5 27 36 58 19 12 57 2 42 3 52 29 14 46 33 41 41 41 59 49 21 53 59 17 7 10 18 29 14 18 9 15 58 43 44 14 49 19 10 7 54 9 36 41 36 10 12 45 21 54 53 29 54 40 42 52 50 43 34 5 59 29 37 57 51 54 43 26 49 3 4 42 16 18 37 25 45 51 15 31 31 50 30 5 7 27 8 12 36 27 18 50 39 30 3 47 36 25 8 23 24 21 18 31 52 39 58 4 27 22 35 9 8 8 4 42 2 42 35 21 32 22 15 53 38 13 40 50 1 20 21 48 59 40 24 51 41 24 12 44 18 13 40 3 49 31 50 38 30 16 24 22 6 11 14 2 13 5 5 30 25 38 59 16 13 7 8 25 36 8 33 35 49 31 59 33 14 22 4 49 40 56 25 50 1 6 52 54 14 17 35 42 5 55 1 57 44 40 9 25 19 56 25 59 18 46 48 10 10 55 8 33 31 13 12 14 9 58 11 4 35 59 40 41 35 13 33 24 12 12 15 26 25 6 26 50 43 58 33 30 32 7 39 11 56 56 6 40 46 48 49 23 25 16 16 33 10 31 59 54 1 35 6 58 54 11 7 59 54 19 57 19 8 19 21 25 30 59 52 56 17 56 37 31 59 20 52 6 26 53 35 48 17 57 25 32 11 3 31 50 38 57 35 43 58 11 17 51 12 50 28 7 18 14 32 26 38 41 41 3 4 36 53 40 45 32 12 40 21 57 1 18 31 3 19 18 58 24 56 27 43 13 11 18 48 48 40 31 20 18 50 46 26 13 22 24 49 20 7 18 22 55 11 6 41 18 21 54 10 21 56 20 40 25 57 49 9 1 6 12 32 22 34 5 31 33 44 26 21 36 24 10 41 50 20 4 30 15 36 22 5 17 15 51 48 19 27 36 55 51 19 46 58 13 8 18 31 16 57 44 50 49 45 28 47 52 33 39 49 28 19 40 7 22 36 27 3 35 9 53 43 30 32 44 48 7 58 10 11 34 33 57 15 9 42 32 10 31 37 1 3 43 37 49 47 55 32 8 17 45 46 56 39 57 39 59 27 48 58 17 2 36 34 48 24 37 27 12 23 46 38 26 9 30 40 38 10 30 41 36 47 42 9 57 49 30 54 20 53 54 18 43 44 42 3 28 11 36 36 36 16 29 41 58 55 6 55 9 29 59 17 36 51 55 47 56 3 16 30 33 10 24 35 30 2 43 57 35 27 31 37 3 41 46 25 53 21 11 57 36 37 16 46 14 50 21 27 47 19 19 41 30 42 8 1 3 26 5 13 4 43 33 25 7 28 30 13 12 5 10 35 54 19 51 45 22 40 26 53 3 48 3 40 35 19 26 14 40 53 12 18 33 34 10 18 21 30 40 14 46 23 12 13 56 7 48 59 59 18 23 34 36 32 34 44 8 39 49 29 10 10 56 40 56 40 43 15 33 33 29 44 27 1 45 11 48 24 6 52 44 39 55 30 25 26 38 34 42 20 23 2 47 17 18 39 33 38 21 10 41 24 14 14 14 13 16 25 34 11 57 9 43 5 44 32 19 9 33 40 22 32 11 10 27 41 54 59 36 27 52 19 56 44 10 33 3 21 56 20 32 15 42 31 25 43 17 53 49 25 50 39 30 36 20 49 22 26 20 4 19 46 49 27 28 39 38 34 10 52 34 11 39 57 5 44 18 6 49 21 39 10 21 56 12 35 40 56 49 59 59 44 25 52 17 19 19 32 56 26 42 9 10 14 33 24 44 30 28 29 38 3 56 23 47 35 22 51 31 59 9 7 36 31 40 46 31 13 17 55 55 11 30 51 41 15 13 34 41 5 50 6 43 34 48 23 20 5 31 45 41 11 41 15 13 20 21 1 48 46 4 59 46 31 58 21 18 46 13 33 46 21 58 19 1 44 8 33 41 31 42 34 11 39 52 59 7 25 41 1 56 6 28 46 42 49 28 24 18 59 8 48 28 22 39 3 58 59 2 49 32 8 56 16 6 8 27 45 7 31 10 40 14 44 58 12 21 23 25 35 5 41 10 38 57 23 9 23 36 37 46 37 12 54 56 8 7 1 36 24 25 42 42 7 7 19 15 22 35 37 19 52 42 3 7 43 54 36 13 38 55 12 50 9 16 3 58 1 28 20 29 54 54 10 19 26 37 44 25 35 3 49 28 51 7 12 56 2 47 4 34 3 38 35 10 19 37 1 44 18 35 52 34 11 18 26 12 53 43 40 31 48 59 17 10 23 33 34 35 30 18 7 12 26 50 50 36 25 29 14 58 52 19 58 20 4 37 44 7 9 44 29 18 28 36 52 18 32 1 57 14 16 58 42 12 21 21 26 27 53 27 25 50 15 16 34 33 41 45 8 58 29 6 45 21 29 39 36 37 14 58 26 6 39 30 6 48 38 15 33 56 41 1 26 1 14 12 11 2 21 53 15 46 14 38 50 36 29 22 37 9 7 5 41 6 25 22 3 20 1 17 24 35 10 6 19 6 47 18 20 22 13 42 43 23 48 35 21 12 1 55 59 24 52 42 20 43 54 36 42 15 7 13 47 38 14 39 14 6 42 7 13 12 3 21 12 36 10 26 42 21 9 34 34 42 44 27 17 28 35 46 46 26 50 16 4 49 55 47 46 14 50 35 8 10 6 25 28 15 38 33 35 54 7 19 21 2 52 53 15 46 7 30 50 4 43 28 17 34 50 6 30 36 41 53 46 5 56 49 36 26 48 38 7 3 50 40 18 9 54 24 59 24 29 51 3 41 55 6 44 52 58 32 58 30 9 19 44 45 22 18 23 29 31 3 18 25 45 35 28 21 26 3 52 49 45 32 3 36 9 30 42 43 25 58 27 22 45 58 4 38 27 1 35 11 11 55 10 59 39 27 48 10 50 57 12 13 9 10 3 51 10 50 58 57 41 46 50 24 54 44 36 21 48 1 11 42 16 46 37 17 7 25 34 8 44 2 47 9 36 14 5 4 18 18 15 3 2 51 33 46 17 40 44 47 59 21 52 38 38 43 9 47 57 22 52 43 34 32 56 39 17 29 50 32 24 14 55 34 34 31 50 15 6 35 13 16 19 25 5 50 53 10 53 55 42 41 36 5 20 16 58 32 45 22 14 24 49 22 34 47 40 14 47 11 37 54 26 57 31 16 11 41 40 38 25 16 51 2 12 12 58 37 57 24 47 28 34 49 11 28 58 4 57 49 11 12 21 34 39 2 43 23 8 36 9 57 56 44 28 56 47 53 22 20 45 11 7 3 49 51 36 7 1 32 30 2 7 55 47 32 55 57 5 43 41 12 6 23 1 45 12 18 17 14 17 14 28 35 6 47 8 54 54 5 1 15 18 37 11 15 5 59 11 30 34 55 12 24 36 47 29 13 26 26 22 5 4 24 46 14 6 45 40 8 9 49 52 30 1 34 34 57 45 16 40 47 47 12 35 36 56 33 40 58 40 58 39 33 9 11 47 55 30 42 39 24 10 33 38 28 28 45 38 55 11 58 52 5 14 6 50 25 11 16 13 59 45 44 5 7 4 50 17 39 4 28 13 34 8 31 52 49 20 49 6 36 57 46 45 5 43 43 52 3 38 20 27 48 29 54 53 55 54 49 6 8 6 24 29 13 3 59 40 38 7 15 34 1 29 54 40 17 35 27 59 16 8 36 15 33 58 11 26 26 54 29 7 18 12 29 34 49 47 14 53 26 42 31 30 36 52 9 21 30 37 39 58 16 44 50 59 1 22 3 49 41 39 23 43 55 17 54 11 33 11 37 45 19 19 28 29 41 26 56 27 45 8 43 42 23 2 4 9 10 41 53 52 16 5 14 18 51 16 31 32 34 23 23 4 34 14 34 8 16 45 55 32 38 5 28 18 4 24 52 21 2 56 26 35 30 14 30 56 49 24 22 47 37 32 16 24 27 46 5 13 24 38 50 58 14 11 48 37 27 22 51 23 45 7 33 6 24 18 25 56 45 24 35 8 22 42 17 40 49 11 31 28 41 11 29 24 11 56 57 19 17 9 17 1 6 33 13 28 40 33 49 18 50 29 38 28 22 45 22 38 30 29 12 27 23 53 51 4 14 11 51 31 41 17 8 23 22 36 47 26 54 16 17 47 16 19 1 55 54 39 35 42 46 58 56 57 58 47 30 55 34 40 2 27 39 59 1 37 51 40 12 11 26 52 31 4 36 52 42 44 4 28 40 36 22 10 23 51 53 48 47 55 56 17 25 9 43 32 52 14 36 39 55 34 12 38 53 14 5 31 7 20 38 10 17 30 8 17 38 3 34 34 49 38 10 55 3 10 16 3 56 46 14 55 45 27 13 39 54 42 5 25 19 39 23 23 33 35 11 38 55 32 44 26 56 27 23 23 50 57 55 51 46 40 29 55 34 17 1 37 50 41 11 37 4 24 49 26 29 2 52 16 48 35 34 50 31 13 10 14 2 43 7 41 5 57 50 6 31 39 41 37 23 1 17 25 54 11 58 48 44 22 15 52 27 5 27 36 18 57 50 7 28 56 49 18 51 35 47 57 49 41 9 30 11 19 32 33 9 16 43 46 9 36 43 25 4 29 17 42 3 37 16 38 51 49 4 32 37 48 41 12 4 22 48 39 35 25 17 48 55 57 24 8 8 39 2 55 59 47 45 48 28 21 26 57 5 27 38 49 18 54 29 47 35 40 54 34 54 49 29 12 26 14 31 18 19 10 26 52 37 34 24 40 57 32 43 3 17 57 15 46 7 48 51 53 31 22 37 26 10 36 30 20 30 10 2 44 20 27 38 59 13 4 26 34 23 54 36 46 14 55 53 43 12 35 24 17 46 1 52 54 3 36 15 5 39 31 47 33 53 56 29 22 51 36 18 25 20 34 21 44 29 53 52 53 6 46 36 1 14 8 49 20 49 30 17 14 14 48 35 51 15 3 24 54 49 21 49 39 51 29 51 32 14 13 13 1 5 58 40 41 55 54 30 27 51 16 23 20 47 51 40 1 50 26 12 33 27 38 1 8 7 31 12 39 28 51 7 23 51 37 24 2 8 4 43 57 11 14 37 32 22 36 27 58 2 5 49 47 9 55 43 4 16 4 50 28 29 17 15 7 56 21 27 24 45 50 30 4 40 10 52 26 56 12 16 36 37 28 30 8 33 27 6 29 38 53 52 45 2 19 51 43 18 1 38 2 35 59 14 26 13 3 40 54 29 15 36 26 55 45 43 27 53 30 34 32 6 4 38 38 40 45 10 51 4 30 27 21 56 34 55 32 10 57 58 10 1 18 28 33 33 2 48 23 15 58 25 1 40 32 13 22 55 12 43 39 8 41 44 23 33 17 9 36 41 19 55 29 33 43 57 10 28 10 52 31 42 36 15 49 7 28 18 32 14 47 39 19 30 18 25 15 51 17 29 1 24 2 35 21 7 22 58 10 10 45 40 27 16 32 10 8 14 56 1 34 51 24 4 41 33 44 14 13 12 43 21 19 55 50 49 39 54 15 53 21 9 48 22 51 23 41 47 48 44 2 13 2 30 44 28 48 21 52 27 17 9 4 10 26 31 21 48 58 36 14 24 34 6 2 50 57 57 54 29 31 40 44 47 2 5 26 8 1 4 19 41 12 41 23 6 48 46 20 34 54 34 11 21 25 7 16 47 49 38 59 36 46 56 10 26 33 26 13 48 11 1 58 43 23 41 48 43 50 42 36 53 49 52 51 14 58 38 19 20 35 33 54 14 44 39 56 37 26 51 51 55 18 51 48 2 49 34 14 37 30 1 54 18 19 47 14 51 56 6 7 43 50 53 31 38 47 57 4 1 41 17 55 48 43 36 11 31 27 54 1 58 42 8 12 1 52 36 48 57 15 34 19 50 59 56 37 56 32 42 36 22 55 27 50 38 10 33 10 24 13 2 25 21 56 32 31 29 29 54 21 5 3 53 23 30 22 28 25 57 24 12 24 36 44 9 36 33 31 19 32 35 33 26 52 43 54 40 49 1 7 47 21 16 27 40 20 4 5 52 52 36 34 16 9 21 12 5 23 12 47 7 38 26 54 37 31 24 6 36 32 4 17 8 4 47 25 14 41 5 39 19 35 40 4 45 27 51 17 54 40 9 44 8 35 27 50 34 10 56 17 45 1 45 38 35 37 59 28 23 52 44 18 24 28 16 46 27 28 55 4 36 50 53 43 48 32 26 30 29 46 46 23 22 58 59 36 31 8 31 59 55 57 48 41 55 46 18 21 21 11 37 35 51 5 20 40 38 18 26 58 47 58 50 35 18 53 3 10 9 1 35 17 52 26 4 12 18 15 12 35 57 10 8 55 9 55 30 34 26 35 35 4 32 8 42 55 21 22 1 7 43 14 44 29 27 46 21 46 29 55 52 27 35 57 42 9 32 14 49 6 34 40 13 16 53 54 22 49 21 14 49 3 25 53 24 6 28 28 36 50 41 59 51 19 53 25 2 16 19 55 54 35 30 15 4 52 23 30 3 8 59 11 56 46 54 49 39 49 4 1 12 59 20 7 50 31 55 39 49 55 39 44 9 10 49 58 40 27 49 49 56 22 31 4 57 44 42 17 45 8 11 49 13 50 51 1 38 36 4 23 50 28 42 20 51 6 54 9 36 26 43 4 47 17 37 11 5 34 54 48 49 26 9 35 29 7 5 34 47 15 50 51 55 4 29 43 3 16 18 43 27 21 40 13 58 31 57 1 48 58 50 6 16 58 52 8 41 51 12 10 57 23 18 16 15 46 1 57 22 17 52 43 56 21 19 14 43 14 38 50 56 2 36 26 54 8 1 33 1 28 3 1 45 20 9 53 17 18 4 13 36 45 37 5 43 26 17 33 40 59 45 39 9 57 41 56 29 23 7 19 57 43 59 38 56 55 49 31 42 55 24 18 19 19 40 14 25 16 34 25 15 44 23 37 38 52 7 2 40 14 3 28 19 9 13 26 56 11 46 33 29 40 27 50 30 22 40 35 8 2 11 25 31 10 56 50 53 22 39 7 54 39 59 16 38 55 42 1 45 11 6 35 44 35 26 53 15 37 54 41 39 17 36 36 58 26 44 55 23 18 20 10 7 39 14 19 59 59 48 34 13 58 19 53 42 23 5 5 37 5 58 10 44 50 29 49 55 6 39 54 10 29 54 20 1 36 41 25 3 3 21 13 28 23 3 17 19 5 29 47 32 39 1 20 33 5 30 17 40 4 52 46 50 45 54 27 27 57 12 27 5 54 42 8 35 41 51 10 45 17 1 51 11 3 40 51 45 26 46 38 43 30 26 52 39 28 35 17 31 24 9 53 58 29 40 12 44 4 38 28 41 28 9 57 59 19 54 42 42 52 47 5 48 36 29 22 28 35 5 53 4 6 50 36 47 9 58 49 41 10 22 23 23 12 39 39 17 11 52 56 59 29 2 58 31 33 38 5 46 3 56 9 32 48 13 22 47 44 17 23 40 16 30 58 39 8 22 30 44 2 28 43 13 1 11 7 43 24 4 1 45 11 16 11 53 37 44 9 29 11 55 26 18 32 19 30 11 51 25 16 16 12 6 26 22 49 17 15 18 46 10 14 51 36 22 19 54 7 40 58 9 55 43 32 27 9 50 1 49 56 14 13 58 40 12 48 32 30 42 52 32 56 28 28 21 23 53 13 57 34 51 47 14 24 31 13 35 9 39 51 14 5 12 51 37 21 16 27 45 45 49 46 29 2 22 6 25 8 11 14 10 58 41 14 50 58 54 23 9 34 26 52 16 46 22 39 19 37 49 1 48 30 45 1 24 48 21 22 11 7 14 19 40 57 24 55 14 28 40 2 33 42 20 41 21 10 19 59 9 35 41 1 44 21 13 55 16 34 40 38 12 5 40 48 10 16 24 40 18 27 1 28 58 25 24 31 28 35 44 52 23 33 33 6 19 50 3 59 35 12 20 4 29 2 1 3 20 50 35 57 35 23 3 23 6 38 32 34 50 31 9 21 44 12 33 31 16 30 8 34 38 58 19 7 11 32 57 53 54 26 14 24 3 5 36 41 54 6 31 22 48 59 33 7 8 24 5 45 23 56 30 5 15 17 4 4 38 58 14 12 5 27 34 17 47 24 11 1 56 27 25 9 43 28 19 46 32 8 13 59 27 41 41 39 59 2 58 27 22 59 37 28 58 59 31 17 56 30 14 38 13 20 48 45 47 25 1 58 3 7 17 19 57 41 25 48 45 9 2 33 26 21 37 34 8 22 25 48 3 22 1 20 55 15 26 15 17 59 22 37 24 51 55 53 6 50 19 5 12 5 12 57 20 50 39 20 9 50 52 16 40 25 54 37 43 23 46 43 25 46 18 48 1 17 54 22 53 42 41 49 39 16 50 10 41 42 36 34 6 27 53 57 51 56 28 4 6 51 5 23 10 32 31 14 13 14 56 10 4 43 24 10 26 30 20 56 55 33 6 18 44 4 21 28 46 48 34 38 41 3 3 50 44 55 20 36 39 11 28 3 29 24 54 55 48 12 59 1 19 54 51 52 7 8 56 9 7 56 33 38 43 38 30 51 34 56 46 16 57 34 2 27 58 30 1 38 34 59 32 54 45 43 20 41 28 4 50 33 2 58 54 43 40 53 57 53 14 45 10 33 26 23 45 26 39 1 57 36 54 2 56 41 54 58 19 19 46 51 20 45 28 52 55 13 39 14 31 27 7 19 37 51 32 17 21 9 9 46 12 35 10 12 57 15 34 20 9 44 23 27 54 42 11 33 38 48 7 52 14 44 17 7 54 7 42 52 21 56 16 54 46 39 37 6 2 38 18 29 22 49 39 27 37 20 45 41 47 8 57 37 7 27 38 50 51 22 14 49 12 52 44 48 44 26 48 4 2 11 30 2 18 59 50 30 38 3 17 18 12 45 24 19 57 19 43 55 45 48 59 6 10 5 45 16 32 8 56 33 51 20 41 23 25 15 7 52 45 47 50 23 32 48 37 4 57 4 40 41 28 34 31 38 8 42 32 31 46 3 35 31 37 35 58 6 28 39 24 6 6 16 41 14 1 32 11 31 40 6 2 58 14 36 8 10 48 17 58 15 21 43 24 1 31 45 42 16 27 16 19 36 26 5 21 17 1 45 56 30 49 33 33 36 37 22 20 23 13 3 56 43 31 15 29 31 34 17 14 7 58 27 43 47 34 51 59 25 14 51 25 20 48 37 47 56 26 45 43 17 58 48 3 48 9 40 17 44 17 24 38 45 14 21 5 3 11 22 19 21 46 29 18 33 8 23 29 28 7 13 20 10 54 36 38 7 57 56 35 3 35 47 34 45 7 22 12 10 57 12 4 40 18 27 37 30 51 55 53 58 29 12 56 35 56 3 49 52 29 20 54 51 23 32 7 59 28 17 18 48 41 33 28 57 20 39 37 18 7 23 24 52 47 12 4 43 26 34 25 50 53 47 51 3 49 40 14 34 45 4 42 48 56 42 46 51 37 4 6 44 17 53 35 54 15 15 52 36 47 23 13 50 14 56 35 13 57 22 8 43 33 30 9 2 28 25 31 10 23 22 59 35 2 18 45 55 6 29 52 44 8 28 9 56 24 54 21 10 56 2 50 9 16 15 58 46 56 48 4 53 30 55 19 5 53 22 55 23 54 49 51 41 57 41 17 49 19 1 2 37 10 22 5 44 57 22 1 3 30 23 39 23 39 20 49 18 40 34 45 27 4 25 28 24 41 24 11 29 8 56 34 54 2 50 13 56 52 2 27 58 40 24 22 11 53 18 38 9 52 19 45 48 13 38 32 21 17 46 23 4 52 47 32 9 42 21 48 17 46 59 26 39 50 36 6 20 16 10 53 40 57 48 34 25 25 2 16 54 52 29 48 3 21 10 31 5 56 2 7 28 48 31 57 6 51 12 17 7 32 54 31 50 47 20 21 40 47 54 31 40 6 54 26 11 13 5 38 53 1 39 3 10 16 5 36 37 18 45 31 54 26 16 12 12 17 56 15 48 35 11 8 4 27 47 49 51 16 16 30 17 8 39 18 53 25 19 15 12 38 42 54 20 43 41 20 48 6 15 41 28 6 20 19 49 53 16 24 9 32 52 55 41 39 27 7 53 56 34 38 38 35 20 20 25 18 33 22 35 4 8 12 26 2 28 40 56 38 22 54 14 17 51 25 53 2 43 39 51 3 28 53 29 3 30 39 20 23 3 38 35 10 37 25 30 20 53 30 6 54 31 21 38 54 3 34 24 28 11 58 6 31 1 6 27 49 49 26 42 35 37 24 43 37 29 1 16 59 41 27 52 31 3 22 10 46 37 57 1 41 24 57 12 35 37 14 6 21 30 14 21 1 38 57 35 15 58 27 10 11 50 46 33 58 41 23 53 23 12 42 49 23 43 57 26 7 51 33 47 6 2 32 55 25 38 15 23 13 20 5 4 56 39 40 39 2 27 40 20 18 10 15 21 2 13 39 6 14 17 50 35 59 4 35 5 12 29 16 54 24 55 18 12 36 5 17 30 8 55 24 26 19 51 48 19 12 16 52 22 49 55 30 36 47 46 21 14 56 52 37 28 51 25 58 50 58 22 34 7 33 31 39 31 28 31 56 6 53 25 31 49 51 49 36 44 13 44 48 59 9 26 21 39 44 26 13 22 52 37 32 47 57 53 8 49 25 28 7 6 9 20 7 45 53 31 25 9 29 2 46 2 15 9 3 31 27 31 7 21 56 53 15 33 55 24 55 28 56 4 10 53 45 35 57 14 53 25 7 9 48 54 50 30 6 51 11 39 19 25 6 6 26 4 47 7 49 44 29 25 42 45 35 29 17 21 5 12 11 17 28 35 6 14 7 41 44 52 16 47 30 7 59 18 22 31 15 38 22 20 5 52 38 9 2 5 37 58 6 15 4 51 20 7 45 49 51 49 12 59 18 20 36 6 16 53 5 4 50 57 16 19 22 14 53 9 41 2 56 28 22 33 29 36 11 7 32 5 42 42 55 5 38 32 43 24 21 7 31 33 40 17 45 26 43 41 7 49 34 59 30 55 40 19 37 25 36 42 45 32 56 59 51 41 2 48 12 14 16 54 20 4 15 44 7 34 52 56 58 6 14 27 43 10 52 49 53 57 39 29 15 23 28 46 45 59 43 35 35 55 39 23 23 30 50 58 33 10 14 28 30 51 24 55 5 17 18 4 57 25 27 14 40 24 53 39 18 58 6 55 53 25 48 21 52 49 11 58 13 24 57 34 12 38 27 13 50 1 30 17 33 29 36 13 8 57 40 22 47 5 11 28 39 19 41 46 21 15 25 20 3 38 35 46 53 26 59 32 43 48 50 43 3 15 39 55 11 15 1 33 8 6 32 22 4 50 52 51 9 10 10 41 46 15 2 52 38 32 42 52 33 31 49 45 28 1 47 12 3 43 23 36 18 12 32 12 2 22 20 58 12 19 48 12 56 41 47 5 11 4 37 27 10 14 34 38 48 27 44 43 33 46 47 21 43 7 2 12 1 20 30 20 21 48 35 2 23 33 22 42 47 36 33 5 36 40 34 8 44 24 44 19 10 24 35 5 35 38 23 27 31 4 25 24 14 23 37 13 57 36 37 41 32 53 3 7 7 55 58 16 39 19 42 15 44 23 17 13 27 38 33 23 33 38 33 9 16 42 45 33 24 10 37 38 21 16 39 6 53 52 22 45 31 29 29 23 20 54 12 34 16 7 9 1 43 14 12 57 25 17 17 13 59 21 31 43 29 37 59 11 7 28 3 3 43 54 3 45 56 50 49 8 22 41 24 51 24 2 44 50 11 41 12 18 8 30 26 19 54 27 18 37 27 48 38 4 6 56 24 35 24 37 56 34 14 30 1 4 3 30 32 20 32 32 28 58 16 16 10 21 7 34 14 12 33 6 55 59 13 1 35 8 18 50 7 42 1 54 27 12 26 53 39 9 28 44 42 58 40 18 34 20 40 8 5 19 6 1 43 23 17 52 59 48 7 57 3 26 54 17 48 24 31 10 48 50 2 54 10 3 54 4 15 27 20 6 34 53 56 5 49 19 27 32 2 1 51 53 28 33 45 56 43 25 20 49 2 3 33 3 50 17 21 37 22 11 37 47 3 32 35 6 3 42 24 56 14 36 52 52 59 25 27 25 18 52 52 15 10 10 41 31 48 55 25 16 35 39 25 52 59 13 55 42 41 3 39 13 9 58 3 19 42 37 5 35 24 46 47 8 2 8 8 23 46 17 14 34 35 24 36 42 4 34 13 44 6 40 42 10 32 36 29 18 30 9 22 37 55 43 31 20 49 30 7 14 38 5 51 26 38 23 54 38 36 27 43 3 58 24 15 11 21 17 2 41 34 50 18 48 32 34 47 7 27 17 8 2 12 10 13 17 23 26 45 54 16 32 51 49 49 54 49 14 45 50 46 36 2 40 37 15 28 41 37 4 31 13 26 19 32 51 30 23 21 2 41 36 29 41 4 37 40 52 35 35 6 8 21 2 30 56 41 52 27 51 18 48 27 26 24 45 48 13 34 5 29 38 19 49 10 27 37 29 8 39 44 14 28 28 33 14 7 35 32 55 11 56 37 47 48 50 10 9 36 4 59 21 41 58 34 53 10 28 55 2 27 28 52 36 21 45 31 58 25 36 40 17 55 43 51 23 57 34 50 43 53 3 50 24 8 56 7 21 52 59 28 29 20 27 35 46 49 32 53 8 35 23 39 44 30 7 6 52 26 11 54 51 46 34 9 17 1 8 41 45 21 11 56 52 8 24 2 35 4 27 55 33 39 50 41 2 11 36 8 3 28 5 47 52 48 38 48 10 7 19 13 47 50 6 57 40 45 17 12 2 37 51 21 13 21 20 3 55 6 46 11 35 18 47 31 50 55 34 4 43 7 10 43 8 33 1 39 34 26 11 23 25 8 43 33 31 33 37 6 47 8 30 18 28 41 15 29 59 8 13 40 46 44 39 4 31 34 55 8 47 59 45 44 7 58 43 20 2 29 5 47 52 52 51 6 33 55 43 9 24 27 17 37 33 19 6 13 6 30 30 28 5 19 30 21 13 10 23 3 50 59 16 3 45 39 11 39 11 37 22 57 24 18 17 37 14 13 36 21 19 49 55 7 40 13 33 10 35 51 46 22 26 41 34 47 47 4 58 23 43 56 27 58 4 10 52 26 15 52 59 24 44 1 6 41 4 4 37 27 49 19 20 55 43 5 52 12 3 38 12 11 33 17 3 38 53 23 14 13 48 34 46 33 35 26 31 30 36 38 35 21 54 22 42 4 25 54 16 11 50 42 25 18 46 50 56 20 2 29 25 57 36 46 17 41 14 27 47 47 33 40 29 15 20 59 30 25 40 50 9 19 53 54 27 16 16 38 9 51 57 5 55 25 39 35 12 46 31 25 12 22 51 2 18 32 1 25 21 7 41 12 7 10 59 21 59 20 39 32 6 22 37 12 38 29 50 50 16 7 43 40 55 7 59 27 21 37 17 20 26 50 55 7 1 7 11 51 55 32 11 50 40 44 9 6 43 59 43 22 17 30 45 46 39 37 37 18 30 46 52 37 11 23 26 13 44 37 4 42 29 50 11 27 20 21 28 30 58 48 15 17 23 16 56 44 50 4 24 30 5 2 2 49 11 25 10 46 8 53 16 23 4 46 48 19 43 19 46 54 20 14 17 48 27 42 36 43 57 52 49 59 39 8 25 27 15 13 29 22 30 58 47 48 9 39 9 23 26 53 18 57 43 9 42 38 8 53 17 36 7 56 18 28 2 46 23 17 20 6 56 42 12 7 19 31 58 14 38 17 1 15 46 4 14 2 24 59 30 43 38 4 49 50 15 45 13 25 31 24 2 37 10 43 54 41 18 15 3 6 46 59 53 48 21 9 3 7 51 43 28 44 13 36 28 22 22 23 38 48 21 33 54 51 47 49 21 53 38 7 1 3 14 38 22 37 23 27 20 58 18 2 28 59 49 32 1 26 51 27 28 36 52 41 30 48 54 6 58 2 45 14 7 14 22 15 11 49 48 11 39 49 49 4 47 54 29 18 37 46 25 49 16 53 54 8 9 56 12 50 38 18 27 29 3 23 53 25 1 13 49 26 4 41 40 2 12 10 43 19 49 4 45 23 45 54 13 9 52 58 51 31 50 43 6 50 48 25 6 45 5 18 3 46 7 55 44 55 29 7 23 39 11 31 51 20 23 3 57 54 12 46 59 59 13 19 4 49 4 56 32 20 51 13 15 47 12 10 7 16 12 59 21 59 53 35 20 29 50 57 56 47 22 15 25 40 29 25 43 13 31 34 36 9 59 43 12 15 28 29 55 50 31 28 21 9 55 17 7 1 34 4 14 6 35 24 37 22 26 34 27 29 58 30 13 35 50 33 3 44 53 46 19 56 53 58 12 33 1 26 6 7 16 28 49 16 21 5 44 44 40 31 40 25 20 42 16 12 48 44 33 12 58 12 44 41 22 58 23 16 58 36 26 35 47 36 24 44 35 24 1 32 45 27 21 43 54 17 48 51 20 4 9 14 31 50 16 18 42 46 51 4 30 47 26 2 53 21 35 53 18 40 32 12 40 4 45 59 21 7 53 17 42 20 11 54 2 32 2 10 1 23 42 2 30 32 38 40 52 8 35 48 48 32 12 32 53 54 48 29 25 27 14 31 40 41 27 1 39 54 32 22 40 51 24 14 56 41 1 30 58 41 16 33 42 20 35 14 7 29 20 46 20 18 9 55 17 6 49 9 18 55 16 3 47 23 59 59 37 32 54 26 10 46 23 15 9 38 15 18 32 12 10 13 44 38 15 12 3 32 6 53 49 2 41 41 16 37 33 18 29 14 37 23 56 40 28 1 4 28 34 1 5 51 38 33 50 27 52 5 26 46 34 12 9 4 4 54 57 47 31 58 40 50 49 28 55 49 4 34 29 51 28 30 32 51 47 28 35 12 14 45 22 9 38 56 42 56 1 59 8 12 18 53 8 7 14 11 49 5 35 37 21 58 38 17 1 12 1 32 32 9 3 8 15 30 55 54 27 4 44 44 35 1 28 21 16 23 39 36 24 24 14 28 32 29 33 49 55 38 20 42 54 56 13 2 26 34 54 10 19 17 43 58 16 36 33 1 37 21 58 10 34 57 59 6 9 4 16 17 2 17 8 59 37 41 47 51 6 15 14 22 53 6 14 45 1 14 38 13 58 16 27 18 21 56 52 14 39 5 41 8 26 53 3 6 56 5 58 2 7 34 56 44 29 25 13 45 32 4 32 3 42 14 18 25 2 44 13 2 44 41 3 10 20 56 16 4 16 34 3 18 17 7 52 45 7 34 56 53 51 15 29 26 28 6 51 2 27 58 11 18 13 53 19 19 14 49 43 39 28 8 40 18 23 52 7 20 45 7 10 26 57 19 52 47 37 3 26 6 34 7 48 38 34 42 15 24 52 51 8 17 42 43 20 58 45 35 51 2 50 29 14 2 42 8 55 32 19 12 56 55 13 31 41 52 4 12 55 31 56 23 1 2 44 5 52 36 8 45 18 48 52 31 27 1 54 50 49 11 32 23 10 9 33 51 55 14 57 23 32 54 15 33 40 15 21 44 21 49 16 55 11 7 37 42 28 16 5 32 54 1 28 58 47 44 7 58 25 41 14 35 59 19 20 53 10 53 41 7 52 17 19 19 23 12 24 24 31 10 53 37 45 27 11 27 43 21 48 56 38 36 31 31 56 19 41 29 20 47 40 17 1 19 24 37 55 14 1 10 49 19 49 22 48 58 9 6 12 37 41 12 44 55 12 26 59 29 29 55 36 13 17 53 26 12 20 56 33 49 8 40 43 52 13 7 32 47 31 54 42 49 38 8 49 15 15 28 50 26 17 50 54 48 43 1 43 8 23 10 40 12 5 54 57 31 34 47 47 41 10 51 41 50 28 29 11 11 55 23 27 5 16 18 27 37 53 23 3 9 33 36 19 10 49 10 18 50 15 24 10 43 27 26 50 31 42 55 37 1 31 55 1 42 9 44 40 52 27 22 52 6 26 41 44 51 12 28 4 56 54 42 33 56 46 46 54 36 55 9 31 5 20 27 41 44 27 21 28 31 52 54 46 45 13 54 31 55 4 9 52 27 12 44 17 43 17 13 53 51 40 32 46 30 55 13 13 27 17 41 1 41 53 45 40 56 59 45 13 42 14 9 10 35 35 34 29 28 20 51 49 28 43 38 27 41 2 1 11 54 39 54 48 58 4 13 8 58 24 14 40 44 11 12 54 18 54 18 50 30 52 52 5 14 39 52 14 19 29 59 50 25 31 8 24 40 33 9 57 33 5 36 56 30 21 25 20 55 55 48 27 30 22 10 25 43 38 18 19 43 44 38 17 9 38 50 1 27 59 38 39 21 15 3 10 21 1 7 26 45 41 43 58 2 21 41 8 46 41 32 45 4 48 43 45 34 48 27 25 22 26 56 12 18 28 13 16 54 3 18 17 51 19 8 26 38 25 20 42 40 9 4 30 48 28 42 19 1 24 17 22 16 6 55 6 32 12 56 25 2 16 53 57 1 58 32 28 26 23 24 12 9 1 59 49 35 34 9 18 31 36 42 25 3 57 45 3 57 12 47 35 27 16 31 7 11 3 33 17 56 44 13 36 46 12 12 13 58 32 21 49 46 32 58 47 31 21 26 21 2 30 49 35 47 19 51 16 49 37 48 17 31 44 36 17 25 32 5 31 51 6 9 43 27 1 28 32 10 57 57 13 5 46 34 6 2 54 49 59 55 2 23 49 53 9 19 45 57 37 1 50 39 41 37 58 15 44 6 43 49 32 22 32 47 56 54 52 36 31 43 7 36 5 43 11 13 5 57 57 47 13 34 2 26 20 25 21 34 25 39 24 4 20 20 39 47 21 20 3 10 2 19 40 11 36 59 13 48 34 14 58 52 31 1 7 21 24 40 43 36 14 21 47 31 21 16 39 58 47 6 40 6 52 46 41 26 16 2 57 50 43 55 7 28 5 36 56 9 12 34 2 45 36 31 43 1 46 37 21 59 33 40 23 41 40 41 39 28 58 48 15 26 2 49 57 48 43 55 38 39 47 19 58 8 37 16 17 45 56 6 11 49 34 22 18 57 1 26 11 21 13 21 1 34 34 9 13 45 44 43 55 38 41 53 37 53 10 46 22 14 16 39 17 12 52 24 52 58 23 50 21 10 6 20 51 15 5 24 32 27 53 13 46 41 49 33 25 32 32 50 21 9 34 4 11 25 35 38 9 36 21 35 27 45 39 45 4 11 48 50 56 33 19 39 40 42 35 18 51 19 7 6 54 15 8 38 20 36 17 28 38 39 56 52 22 11 19 43 33 22 28 12 24 30 17 55 32 36 45 17 29 53 15 55 42 17 58 56 15 44 52 45 39 4 11 9 2 33 36 50 37 37 42 12 25 10 26 10 7 19 15 23 11 15 4 2 29 33 1 33 53 57 59 23 3 21 1 6 39 25 27 24 19 14 42 29 34 36 54 55 16 10 45 36 50 11 51 19 50 30 13 9 5 51 27 26 21 54 39 17 50 36 39 57 28 10 31 2 11 56 34 41 34 22 26 45 28 12 45 1 55 15 15 21 49 25 3 44 38 25 14 8 18 13 33 40 12 52 13 7 8 20 38 47 10 24 36 32 4 35 2 46 47 55 5 42 25 11 5 25 51 16 32 55 40 13 31 13 1 30 31 20 11 6 13 2 24 22 48 50 56 17 27 5 37 45 46 34 52 50 17 18 28 56 11 29 4 26 50 1 46 15 5 34 2 20 50 29 21 54 57 23 31 34 35 7 27 2 25 9 33 18 52 33 47 3 24 22 53 42 38 53 58 7 20 42 13 42 27 58 1 29 28 35 53 50 16 1 8 27 33 42 58 36 32 41 1 50 30 38 47 46 48 38 25 16 7 56 13 42 56 26 22 56 15 10 10 32 57 24 54 17 30 28 6 1 28 35 40 37 18 53 41 6 12 53 16 57 24 4 19 14 48 42 10 38 19 51 9 46 51 13 34 47 39 40 45 7 15 28 13 45 29 15 56 44 56 46 5 50 40 54 19 18 8 39 25 42 44 22 26 41 14 43 51 37 53 56 48 5 52 26 4 47 7 19 35 31 19 24 49 3 48 56 46 38 38 16 28 34 13 16 21 26 48 42 17 31 45 45 14 16 55 18 53 3 25 37 35 57 10 36 27 56 55 44 53 27 4 45 40 22 20 36 20 36 4 38 39 4 43 29 38 52 36 34 27 59 33 57 35 1 28 14 37 4 36 34 19 56 1 19 30 49 1 56 34 20 32 38 6 12 24 41 22 20 26 38 10 14 55 56 58 12 27 42 19 12 55 26 34 37 3 38 45 27 41 7 4 37 33 19 55 32 5 55 55 13 51 22 11 16 47 8 14 12 12 36 36 32 3 47 46 11 32 45 29 38 39 46 12 47 37 34 37 33 23 25 9 12 22 50 32 57 14 6 52 8 20 2 32 18 35 37 28 36 12 31 31 7 43 4 26 46 28 32 57 28 29 15 12 43 12 7 1 3 52 5 10 23 46 31 40 25 16 3 39 53 52 35 24 2 25 12 28 56 8 50 11 2 46 16 35 18 32 48 19 43 28 51 51 39 8 43 5 56 37 59 12 7 33 18 34 25 56 3 14 51 50 35 16 59 29 47 58 15 4 49 6 28 46 17 46 8 22 47 51 31 25 23 35 37 59 59 11 24 54 24 35 8 54 27 11 35 51 20 15 23 34 1 14 57 9 16 16 36 57 28 48 8 37 31 2 23 20 22 11 20 2 28 25 25 58 4 47 10 33 27 13 33 10 19 36 13 26 35 55 29 14 14 8 34 36 2 46 9 50 58 43 23 42 16 19 11 6 24 39 55 8 41 57 20 36 28 3 15 24 8 17 31 27 57 45 19 20 4 48 17 17 53 17 49 38 28 1 33 47 1 32 14 27 58 17 11 8 6 57 57 37 19 34 7 33 44 45 37 5 26 54 26 36 34 46 14 12 9 40 15 44 15 45 28 36 22 36 48 32 24 9 57 50 11 24 13 6 16 19 59 19 59 21 56 47 48 11 11 22 48 14 9 8 42 28 45 23 7 35 28 16 19 15 18 31 39 8 29 36 53 4 31 54 42 43 46 18 59 34 34 19 26 24 12 21 56 8 58 59 39 23 25 4 53 34 18 42 30 37 32 37 10 9 32 3 48 26 1 28 19 45 15 7 39 11 13 31 37 58 21 43 25 31 50 20 23 52 34 4 40 44 33 10 11 3 15 40 24 26 15 56 12 29 9 24 29 20 21 21 49 54 17 14 13 4 59 50 6 32 3 25 1 51 1 11 23 38 59 49 34 44 47 47 20 54 44 34 13 56 2 14 44 13 15 27 50 28 29 7 33 21 59 29 16 58 43 38 4 20 42 25 26 14 11 15 17 38 31 12 15 48 15 47 53 9 49 2 22 22 13 54 3 56 31 3 8 52 3 45 33 33 45 44 46 58 12 3 50 50 51 25 38 5 3 37 51 8 29 52 4 56 24 7 35 36 1 16 16 1 12 33 21 23 50 53 1 7 26 45 56 59 3 13 40 23 35 58 56 8 41 43 59 34 52 27 34 43 45 6 34 52 27 42 47 15 18 5 1 20 57 19 51 3 14 14 50 24 32 57 43 18 41 7 14 54 1 54 38 17 53 19 20 57 44 16 42 46 13 35 50 38 50 6 35 13 44 36 45 21 54 20 27 35 52 31 21 7 42 58 56 12 59 31 54 25 40 23 21 4 11 53 56 31 28 32 29 26 28 34 14 40 11 40 16 42 30 10 10 44 8 31 56 8 16 58 58 55 55 8 3 39 29 30 10 28 7 24 42 31 6 50 6 43 36 55 48 20 16 16 34 49 48 29 7 3 59 35 35 37 1 30 42 7 14 37 59 48 20 39 47 13 23 56 15 25 5 2 41 25 13 20 42 22 12 16 27 32 26 45 25 14 45 50 43 2 27 37 20 28 42 14 51 37 56 30 13 42 29 49 34 15 9 6 52 1 59 8 46 50 43 52 15 44 51 5 29 22 28 14 42 23 46 58 33 33 8 26 12 57 6 32 10 33 30 17 50 46 3 35 30 14 13 25 34 51 8 29 44 43 10 17 27 48 22 36 50 22 21 6 9 53 43 4 47 14 19 8 17 46 16 20 2 39 47 58 40 39 44 45 3 57 49 37 41 57 11 3 8 32 9 14 31 19 44 22 26 31 1 30 50 16 11 46 40 32 20 13 18 2 41 4 48 7 7 40 43 29 30 39 57 32 55 41 22 22 9 19 21 10 55 56 10 53 34 3 7 5 7 50 5 13 10 52 5 11 32 52 44 9 30 27 43 37 59 58 11 52 30 50 36 24 56 16 28 24 2 2 54 17 56 10 2 7 49 2 23 51 3 3 11 58 49 21 43 10 27 30 59 30 9 57 52 4 8 51 9 30 33 28 28 34 8 12 48 44 54 37 24 53 39 35 1 50 35 42 57 51 11 30 35 32 9 17 48 34 57 53 17 2 5 12 11 30 24 53 32 20 47 40 41 12 51 6 42 40 59 12 48 38 51 36 18 11 38 5 52 37 2 17 37 23 10 49 29 24 3 39 30 58 40 35 49 44 4 56 27 22 1 31 27 39 2 48 15 11 21 42 48 25 27 50 44 28 13 30 18 50 46 36 47 49 51 13 22 42 16 26 53 24 12 51 46 5 7 36 59 58 24 23 58 53 47 43 15 41 26 56 10 25 46 51 29 40 11 41 58 9 12 12 15 22 45 44 38 6 20 15 48 53 35 59 49 27 22 59 53 22 41 25 59 51 41 50 34 43 12 25 56 19 57 36 58 47 56 23 45 55 54 7 20 23 59 57 16 28 54 4 2 54 5 51 53 47 35 10 53 19 52 4 14 24 23 3 57 13 56 7 59 51 8 39 55 21 43 32 29 9 48 43 32 8 57 2 39 38 47 56 54 8 42 51 58 40 19 25 7 5 22 9 17 49 46 25 53 25 46 42 9 43 55 18 5 41 51 57 34 6 16 47 35 54 27 35 1 35 21 59 2 7 19 17 35 23 22 40 8 58 18 26 55 45 27 15 38 30 49 6 27 59 52 8 8 1 43 24 46 47 58 42 23 7 46 48 12 38 11 37 42 38 1 25 2 48 1 42 7 2 56 6 49 45 36 53 8 12 53 5 1 54 50 53 22 4 26 11 24 19 56 12 14 5 28 53 34 35 9 31 47 37 26 59 10 36 25 16 48 29 8 52 54 5 14 34 55 30 38 35 23 43 48 16 46 17 50 54 21 18 31 51 52 6 32 55 37 31 29 2 12 25 12 1 39 44 24 46 25 25 20 38 10 59 41 12 59 16 26 33 46 44 10 1 21 21 2 26 27 18 6 32 35 31 57 36 23 48 24 42 4 42 19 40 50 38 13 18 21 59 7 15 29 39 35 3 23 15 50 4 15 37 2 18 17 12 53 50 3 23 12 36 50 28 18 55 33 17 37 29 13 13 8 21 59 11 33 19 47 14 2 12 55 13 36 43 56 23 44 38 30 11 35 32 49 23 13 54 49 51 22 39 21 31 50 15 22 38 2 55 22 14 27 40 16 23 42 44 33 45 33 13 20 14 29 57 33 22 22 48 52 29 28 29 19 23 57 26 45 33 51 16 6 43 10 21 44 35 12 36 21 3 36 35 21 32 33 46 48 32 58 12 38 50 58 43 35 32 33 10 27 58 46 56 1 24 6 58 46 56 5 33 42 40 48 32 29 28 53 11 52 48 34 30 28 10 19 54 56 25 40 51 57 56 4 48 12 25 53 28 33 11 23 11 22 55 36 47 12 52 46 39 3 59 6 33 54 3 17 39 48 4 57 13 23 41 58 49 12 2 39 50 24 41 44 34 48 13 57 10 15 6 57 55 23 25 42 51 23 11 19 23 1 6 28 11 54 40 41 27 2 31 56 47 11 16 21 35 18 11 50 44 9 8 11 55 19 13 18 59 32 34 4 51 43 43 10 40 11 12 44 22 38 44 52 21 8 35 22 11 14 2 46 49 47 6 56 11 45 52 25 45 38 48 24 43 59 44 3 38 32 44 50 32 6 22 7 30 49 55 45 27 35 31 2 49 42 34 12 42 30 43 21 19 56 23 34 31 41 33 2 8 43 38 39 29 31 53 26 55 16 10 19 17 6 56 29 13 35 30 14 14 29 44 30 43 52 3 42 11 33 19 45 11 58 53 4 24 11 3 50 18 14 55 14 40 45 7 59 12 53 31 27 26 53 33 35 10 8 50 30 53 6 12 54 55 30 45 7 31 25 37 40 10 56 35 8 42 33 55 53 26 18 55 42 52 57 16 57 18 48 40 36 58 33 7 17 28 27 5 17 49 53 16 27 53 15 41 57 11 38 41 14 32 55 21 16 49 27 56 31 42 27 53 30 57 31 32 59 36 19 3 4 51 58 14 12 35 28 18 53 12 11 51 22 4 29 32 30 51 53 40 2 4 18 28 47 34 20 10 50 21 35 27 10 37 59 24 42 59 19 59 31 49 49 37 57 58 49 24 52 59 23 13 51 5 34 10 9 40 16 58 8 43 16 1 38 3 22 58 39 2 23 18 50 46 15 45 39 14 8 7 14 8 3 37 33 23 46 55 36 57 49 1 24 31 37 34 40 57 10 16 41 30 37 27 7 8 32 55 4 39 38 28 58 32 9 7 33 40 7 32 12 18 3 26 58 24 43 9 7 17 53 10 51 58 38 24 35 33 9 42 34 27 45 
// di
2961 1890 24642 17777 3672 590 10213 3482 5064 14716 6504 9810 8511 23377 21744 31455 10169 29327 9604 21259 7618 9481 24337 31799 4672 4737 24246 12524 22531 4141 10860 19074 687 25796 15452 26391 28298 5643 21221 24148 5572 9304 14955 8677 12623 9068 6753 21145 16054 6304 10595 7645 205 17742 16059 4067 29559 8410 10469 29332 773 18335 1153 26119 31094 14060 10760 23102 19274 13164 19264 4166 20905 15293 1155 12782 998 15903 15414 30376 32163 16030 9801 31657 14064 19474 3728 6101 12919 21415 26654 10808 4166 30213 8547 7801 21007 13862 10547 23269 27394 30819 25244 25690 16536 13848 24230 13104 2754 22110 16952 20379 16657 22693 24450 12955 9492 23376 2789 17569 13042 25146 14790 13809 19618 30659 14264 5563 30376 9523 29332 11996 10351 6209 15483 5114 15234 8953 24190 28615 4800 13606 12507 17259 2472 16973 30890 26247 13931 10111 3300 9010 20853 32377 15711 22416 30272 6539 15641 27687 224 6462 15968 15416 26837 10492 8883 8435 16493 27064 7855 18610 13321 10719 26648 13773 32392 27101 16046 17552 30049 4278 15653 7786 29047 26778 7633 25112 15461 21507 17090 25847 22632 5428 23119 1951 31911 24551 12790 29839 22363 19040 30325 7370 15802 21336 24745 10098 19262 16297 23284 27615 633 4739 31 18581 17123 5295 16398 18210 9148 13633 26337 19569 16875 21516 2764 15179 3371 11237 20478 19248 23200 18312 9024 28202 587 4071 15025 27570 24802 21899 19982 6052 7114 15666 4877 30303 7895 28810 12493 14550 21932 27506 28945 23761 6682 14957 10887 2387 9549 16932 2518 25890 17562 2262 31862 14453 8248 23472 11860 2239 15659 5461 30480 13056 4932 9668 18729 32958 5854 15516 12875 12816 4902 30585 2908 24087 17166 29272 20796 2264 490 10135 9108 12199 9196 29859 14917 13574 24057 555 4963 12364 32287 6635 18907 444 31463 21872 3457 19804 17172 14680 23861 15284 9370 5978 28790 1694 10249 10897 11156 14674 21264 11558 4605 23015 3545 15669 26064 14236 20846 28289 2793 28955 20927 5500 28870 15778 6934 2661 19877 27032 27870 26120 20665 11767 9954 2285 29050 26809 6021 12390 30160 6247 16853 11492 4363 11839 2165 16175 19049 14780 4368 5058 4965 29426 26018 21925 13509 5628 31858 28272 28036 28390 13417 17630 19695 29001 13179 2538 20083 32777 17089 3366 31334 7674 19709 23375 4674 416 27443 28599 13131 11458 13443 9233 28989 28159 25516 823 28321 6931 15608 21345 30945 31149 21128 8736 6497 4918 12805 861 24225 29362 4354 9214 26859 16315 25906 19004 29089 8049 17507 27503 28060 28023 25576 13384 3142 9543 27054 30854 23044 16504 5105 4090 24587 15096 20266 29313 14764 7256 32163 29102 32325 13646 24518 19884 30752 10586 25799 7669 32021 6971 1496 32875 6164 30372 6999 20056 21222 30728 21010 20813 25600 13664 504 30465 11722 16748 6460 20966 10176 10829 26153 9105 29652 4238 3777 9266 8587 7734 30183 7410 3040 27659 3310 21030 4926 20145 29109 21758 8438 178 1013 29472 5418 25809 24256 31877 30088 13844 2179 28072 15041 8204 3488 12014 1107 23438 31578 29585 12929 25497 8478 9420 6739 30231 24098 23234 9969 22817 19164 29677 22139 32877 1872 15034 22752 18157 4427 6452 13510 5652 4415 31419 15975 27607 1422 9308 14841 4140 2337 1867 12191 15936 19351 26646 18259 7173 28762 5703 25634 15640 23894 12941 6105 22279 30209 23398 20537 9816 17847 17855 17331 14590 23408 11159 4331 32718 16887 7336 123 11981 19870 3862 19122 3838 19959 9276 23590 11129 13634 4949 5730 14141 23480 22671 18612 23180 20397 23654 2819 28503 1311 16922 3065 32843 4419 1354 7535 22102 5168 12852 18294 26470 7951 14467 22498 16437 6265 32723 11666 7642 18001 14603 9194 32867 127 26087 13141 14858 27751 31483 31674 2375 10899 25813 5654 13077 24142 30148 1296 24237 3973 9050 6825 20114 15807 31499 15307 6341 28584 30362 17788 12660 27326 4423 7120 8142 18040 24276 16704 12463 27508 15026 13237 7384 21602 24529 27592 5645 10412 7592 16890 30345 2911 15021 17784 27249 2135 10356 15320 2868 6315 20550 15799 15386 30577 15034 21274 26754 27126 3060 24478 13881 14410 5621 702 19894 6565 25320 13576 2943 10181 7361 3313 12274 24308 18765 2284 15235 24539 15593 4977 16871 29883 11388 17123 9756 28257 18687 12684 29321 19859 266 32904 27847 13232 8059 24401 14362 21998 15766 16960 1401 18335 16598 15262 26167 21434 20552 15587 24349 9501 19040 4411 660 12439 6120 11827 20714 20911 9416 18159 3723 9763 26945 31196 7216 14901 31016 23140 29323 28894 3877 8431 10526 30274 10902 32347 16668 20577 18658 20139 17819 3492 32396 23828 15648 20022 6833 2324 22726 8186 27560 12381 13327 23583 26828 2238 6564 5353 9849 7832 11164 31659 27466 6959 14777 16784 6704 12294 31772 7149 23735 770 3585 22543 25157 4902 4348 4170 4370 4038 863 20165 13330 15434 9008 13622 10267 23848 27809 12628 7401 25510 15531 5342 8067 7291 10398 492 18588 27124 9212 2099 10047 15006 10080 16304 4814 27356 1211 26803 737 23633 28786 2800 2113 25350 18960 16081 13899 3311 26128 26902 27644 24109 18703 357 549 13915 26272 23149 25495 15528 20411 13949 13725 7164 27611 21108 7101 15289 14130 25117 28568 29596 17449 27688 25904 616 31619 6741 20212 13600 4545 21528 3922 25239 2704 30889 17996 18523 26154 32314 17427 9897 20274 30901 28882 20617 15387 5844 27615 19686 30904 19863 5133 31569 6777 1243 28087 31066 19890 19312 13542 11935 32879 30763 27138 10338 25289 6606 20614 28504 16236 11490 189 13782 13523 26491 23059 11488 12913 32231 3042 19623 30802 30824 4629 30709 29833 505 21304 19938 2137 11688 13076 21128 29417 15005 5609 8083 21896 29601 32132 17262 22982 4067 11250 31021 23210 13127 15500 29692 32423 2455 21593 31908 27115 15734 18834 8947 17812 15663 17829 2610 6658 13229 19951 17852 19748 12704 1875 4692 12755 12133 25506 14075 23348 2552 29665 15864 4509 19147 17246 10627 20377 27652 6879 6799 6976 32715 19999 27617 26201 25410 16765 1837 6449 32893 13622 3474 29269 17012 28784 25665 17548 17785 14268 7498 30641 17052 10018 9126 8179 4283 5529 16418 24789 31697 20377 31423 28476 26841 19715 6730 17702 29349 13848 29067 17835 25800 18500 3884 2035 32892 18498 5935 5779 11640 13752 16452 29459 11917 31475 17898 1071 28672 19024 11983 20908 5580 16258 4952 26571 23556 15130 14394 26309 29141 17481 12471 13337 8872 22681 6781 26509 23707 18917 5340 20254 4531 15465 17611 21223 3391 12519 31352 25007 21968 32421 1368 18374 28403 17378 25337 5960 4888 1517 29306 2236 18988 19049 6861 18079 24220 16494 15354 29417 13151 5076 29692 29561 26852 6279 8727 12629 6497 2357 19911 7046 18201 7806 13369 4374 30665 4109 3096 17304 30077 31656 29025 18840 26183 27897 19974 6761 2377 28940 27662 5923 3003 12642 24836 11815 13376 10299 2209 27367 9580 1798 14194 6830 29162 29836 28006 32107 16003 12766 3958 9365 7455 30656 27449 27418 13891 22144 13580 27810 7902 31164 24137 31009 19960 23988 143 1562 5963 32598 15286 30502 21296 21876 4219 9005 9553 32350 8558 6792 15298 9644 6053 16701 5301 12325 23150 19253 24713 19143 10821 30997 1715 32697 5178 9511 12749 12396 14344 20340 31173 3785 17400 1169 28857 31518 8766 4462 6655 16941 8813 1622 30721 3586 2039 13376 1089 21219 6399 712 3433 5350 17793 32367 6428 30862 13116 9943 14731 18385 23760 8514 4616 1263 9120 4081 15415 18044 22675 1906 4650 5525 13960 6808 20085 11004 21903 17247 2593 2283 6284 25096 28981 30753 18198 32787 41 11143 31942 21069 4652 4759 9205 26225 4512 30036 8644 2274 16866 2223 20104 12497 3968 7174 23935 21241 9246 14155 3629 14620 342 1304 1342 19543 10809 27161 30585 12657 29715 21890 25862 19567 7264 1933 7091 9019 30278 19008 22036 16206 28964 19732 13976 22052 14942 16272 7311 30092 25548 4444 31243 11189 6333 21909 623 9293 5513 16353 19306 25055 26797 16770 5946 14678 28927 10868 8039 6868 16509 11752 14082 15243 15971 867 4896 29208 21706 17371 5413 12021 12420 10405 29606 16908 21717 23696 6722 3116 9869 6604 2542 22833 31347 23502 6876 25797 9464 18939 1578 25889 21494 9439 18241 18703 27618 3296 2871 275 29099 11264 15972 19146 16478 960 19495 16857 28701 26357 32068 1947 27982 12452 12139 9115 13180 3292 19866 31823 29150 22979 13389 25825 10519 16221 11219 27642 15751 338 22099 20529 10775 24521 1113 8 17776 12915 29939 1259 12999 26002 14681 4863 2061 6323 21788 9401 24564 22186 25369 19508 25622 17250 28575 3720 28798 19657 13489 26905 8639 11083 5611 36 18738 17171 31474 13365 2567 28099 28740 8942 16298 30153 20547 30953 18779 29230 8192 9152 30050 26984 3811 24526 24847 25123 16473 10500 19910 26770 8217 17215 11318 28849 31329 23084 15988 26156 20042 22972 29931 23616 29 1704 8695 26344 30361 30850 14571 21430 12892 15205 25222 32062 29555 28614 29199 26209 6504 23103 26060 2437 5600 14768 16630 29421 3630 15073 12871 2905 18694 17072 17032 7426 5110 8863 24608 30791 12858 26346 2578 31593 32853 1349 375 22564 9095 5736 2633 14465 21353 24435 2374 18116 16557 30941 11107 4530 28743 29861 32508 3975 12016 28917 7793 28754 20634 27231 6527 17468 31661 26680 9669 12951 31848 30762 1219 1077 26824 10113 11200 10743 1300 20233 29982 18837 19972 28609 31009 17292 21198 412 19842 20952 31214 17206 11316 12767 15340 12853 16093 14027 3085 12647 3666 16169 18237 8452 23757 13530 6992 28560 30214 25748 32902 2297 19095 28841 21875 10459 19064 9873 1472 22774 17818 789 27244 26922 32198 9848 3672 8234 25159 28915 25759 5951 20186 11820 936 2114 30501 4147 9857 12919 4434 6412 16626 2007 22206 17638 25488 11623 19191 5548 28357 900 18733 4157 520 14044 15883 18162 9914 26859 9629 20180 16210 16040 9673 30528 19308 13492 4442 20924 14960 4357 7321 4851 19678 27183 10132 29384 24967 32000 28855 8334 9789 25963 10307 3994 24645 8817 11555 17342 19971 32827 30714 18579 31764 23526 15383 20673 22777 5822 27635 10524 1930 31445 21090 4526 32650 26610 14176 5361 32346 16577 29346 21651 31883 28159 66 14482 11665 16042 32994 21331 7180 28131 5770 25115 27059 12476 32371 22358 30390 5041 8835 21112 23491 31859 27172 2417 4040 15361 3284 24289 9512 20036 27039 27758 13241 31483 14406 3878 28515 20342 27556 11060 17317 11501 3405 8861 14381 31152 32791 22228 30051 4784 10703 31954 16065 30401 12485 7867 28227 985 23248 2616 32134 4797 13036 6134 20669 20691 13040 15755 11910 8077 11919 14269 6259 20106 7596 30718 11652 17784 9915 23637 6013 17985 5452 28522 20851 5915 2843 4011 31330 10232 15860 8340 609 21603 26610 17115 6936 25426 14776 11949 10456 17777 7023 9532 18196 8358 30834 6254 19576 9892 22417 31267 18205 4431 16145 19808 5970 14581 32460 3227 6174 10355 23944 9976 29848 30001 8035 19782 14273 24014 23402 25243 4887 27288 21628 6331 28860 14071 18430 32902 286 23924 4063 24871 31758 1173 32167 19573 8402 574 4854 7132 7649 24840 27757 21052 10858 5652 10116 24622 1571 15277 8993 746 3025 15279 27543 15869 31733 29707 24659 17924 7658 25872 11523 22170 28152 10399 1213 24965 30621 5484 20027 8481 2284 19039 6345 17273 3933 5411 10183 8789 19802 28639 3926 5059 23851 1146 27223 11230 18496 99 7095 24290 7051 16807 15414 23310 8594 31264 31168 17631 7609 7185 5200 9923 14447 19564 19267 17407 9856 19398 18186 14383 32906 5792 2720 18289 16122 15516 3213 14872 4952 23660 16562 24875 32780 18989 13872 1385 3940 8615 5982 12749 12745 6403 29219 26749 28321 4476 8151 24551 7051 12519 2346 27672 27044 13244 24558 28145 4546 1471 29100 3031 17786 30043 12705 5079 18542 5880 29955 22682 9071 26188 18987 2568 2772 6936 17143 30036 13258 27304 18660 32386 5338 31856 19868 15649 11868 12608 21738 94 21268 1460 21300 15556 19525 22723 8469 10103 2507 15316 29166 26905 11700 10773 101 2677 12650 21302 23547 2673 19634 29060 29083 27679 1600 19912 6749 9474 2408 22579 6866 22679 30586 8724 9527 6898 23178 8509 32227 22457 1966 25381 16044 18794 27978 12186 18866 19535 11036 32452 30567 13393 24761 28949 9926 32401 20187 17359 19091 24965 32145 18414 8152 32192 15919 12341 115 29396 27108 4884 956 2150 24889 29625 9190 31239 18679 6206 4524 9033 23840 21631 3496 13173 3597 30665 11748 28933 4039 11971 9120 11284 9099 21899 12647 26410 9026 1123 25428 26166 13578 29029 13181 20569 14847 12171 30032 20205 27526 1610 23843 15499 28857 10803 14 6219 29516 11207 10949 28814 28660 1471 12384 23960 30267 20919 14316 3926 11032 32638 5309 5364 29639 13610 1357 8418 10098 144 26430 29581 25337 8029 3823 24702 19692 28930 17419 2651 4181 5960 870 7375 14894 12552 18384 13828 26664 22338 11336 17020 32355 6055 4032 22844 1365 22265 21285 19214 16626 18952 4601 24862 29175 8810 15135 1936 10722 23959 26695 25769 4963 30162 1186 16615 7283 21056 31082 11033 27497 28973 26075 29178 9565 14049 11264 29927 25690 4326 12442 27654 4632 185 29948 7937 4480 1113 21511 8040 22848 9083 13353 29193 8169 18520 4297 7457 1809 214 30043 2811 9800 32070 22853 13399 18025 5927 2787 11430 9009 32336 12173 5565 225 32573 2987 21801 9240 3030 12829 15397 16778 23805 10183 12966 10941 26966 1016 27764 11101 17392 32440 4360 23445 27974 20690 25101 28060 6638 1004 14815 17430 19324 3 11852 14609 32954 5019 9532 26689 2208 7632 9105 7249 11064 16304 19870 23277 25434 769 4844 273 2176 11994 30232 28024 7834 19178 14686 31350 24534 16000 7784 21703 3484 30065 2554 2912 6245 27728 31521 24360 590 6929 6816 28070 2815 7170 17755 32691 25212 15337 8036 26205 365 12830 29166 26709 31451 4542 8904 8525 10334 31736 31832 19237 11666 11657 15114 9091 7223 24868 27966 18391 16469 30483 15626 15265 4227 2090 11660 9494 32143 7159 3846 26266 219 19641 22698 31708 22631 8186 18766 18247 1615 1950 14400 9715 32202 12659 13206 1140 6174 12391 12713 3618 24706 2780 25825 19769 27395 30021 22617 15861 16777 16390 5394 12936 24614 12314 32570 24597 8289 23776 19269 22492 6901 14505 14510 11543 18453 1237 9899 21771 23324 18251 3040 14813 13254 25803 4802 28722 16221 12693 9072 10865 11391 24032 14773 16120 8800 2242 2504 8157 16185 21909 375 8135 3533 5297 14947 24107 3485 13746 23575 19456 31880 24849 23467 1891 27285 31148 28785 13634 7595 7548 17393 17813 1722 13047 15495 12084 31438 20016 28557 29971 21933 13692 13852 23931 4797 20977 18745 2715 22385 15711 28547 12972 21093 5808 22675 1205 9192 19771 16869 14496 12395 32036 20451 18848 23217 19670 5419 29180 2769 361 20950 15598 3558 5220 11828 8563 2408 13866 8731 6997 25077 1744 5000 18060 8811 24788 13469 14996 3235 22430 31349 32191 13620 11219 15816 29574 23416 28570 30308 6070 32658 18661 11716 9578 13469 8205 11058 10033 1727 8556 20452 13244 24722 16547 2593 26716 30936 12350 21648 20966 28671 18850 7835 1039 32059 26908 13290 21039 10504 26384 2399 24486 30235 7439 6048 13732 9683 27341 29820 9539 15695 12871 23879 30405 9248 4998 8851 28500 18905 29305 20600 7991 16371 19943 11267 28861 1158 18468 17174 959 5456 14587 15128 9071 17331 21862 5193 14568 23557 4481 20890 23927 11381 15293 2536 828 3210 5500 18914 25951 25885 20478 21205 23384 2499 28381 28491 6074 11514 30775 23318 31665 5557 9921 2685 29918 10456 3081 11547 8791 12239 8104 9862 9527 15264 29492 25748 6035 5853 15410 19465 30563 19180 18177 25370 16955 26334 1577 17019 1134 27474 18472 6212 7169 18888 10649 2450 11541 21032 29615 8765 7919 15575 26557 16401 14911 991 17245 30977 23669 25408 28126 30681 19830 5866 12252 26993 9709 15005 12578 11125 26257 28445 10466 14945 32696 31988 28777 29110 20921 27844 7353 31971 17147 32659 6806 2484 17656 19309 31971 29388 8021 4036 3144 4870 23523 24296 23679 13036 25428 19991 28305 10779 16534 10556 26900 25959 19921 25136 17801 10919 2540 21442 991 4935 28533 21293 4926 32620 5708 13263 10241 24671 23649 30775 6284 13319 5242 8669 21838 30301 26693 14086 6360 16241 19795 27202 7175 17073 9050 24278 31832 14620 16898 29047 18991 18904 26410 31557 17555 20737 18275 27174 29234 28617 15538 22794 225 10721 14032 28070 3119 6832 12054 15731 30582 25096 14365 11883 26315 31383 17968 17390 1499 30086 8522 28962 13403 1874 16478 27778 3996 26000 25576 7693 30683 942 17031 29538 24522 7028 26561 29644 11511 29858 17820 12158 16324 5270 16804 27762 27264 14963 18952 16995 24942 9758 9236 14479 9787 23876 29742 10 20987 14045 8775 31331 20715 23337 31785 1207 17671 3403 8619 1516 12526 9 26227 11954 26757 24794 21315 12650 1957 11588 12123 22267 10181 9840 7930 4787 2659 31804 32169 21626 2877 25189 21212 27788 17025 32678 1189 12334 23514 20951 21208 24115 17612 29673 21777 1397 17061 12394 8875 31075 2215 30310 7253 21387 26289 32003 1362 28754 13062 19637 18674 16773 20153 30342 21804 10020 24781 20780 1235 12571 22401 2639 13022 23211 31928 19356 13795 22108 6852 13435 23623 24276 2033 8969 25303 30008 21524 16490 18973 10404 29819 23284 19045 32987 11479 5321 9710 8455 24324 4197 14488 11826 17936 24719 29908 14306 18660 21046 22992 27916 7260 21731 5404 8708 28723 5294 21365 4180 30374 22594 13910 13027 20477 18596 7016 17564 10906 21532 25852 27373 4591 10180 11969 24962 10623 30897 28483 11316 22857 10295 8021 21145 25231 9772 24196 31748 12856 29629 24889 26710 15775 29652 17655 11357 17704 3238 3216 4093 24853 22482 12132 11463 26920 20941 1602 15583 29476 15575 4080 8167 1633 4248 14605 29883 7650 19299 4063 3068 25776 9677 9114 9236 12168 25713 12772 5003 28942 12516 11543 23709 22903 23925 17862 16880 18615 11555 32851 26900 31480 2577 24331 19547 9186 16483 587 21769 8304 5642 23656 31983 10726 15081 25611 503 5028 26133 28199 28900 11447 15640 13140 30713 8748 19650 3728 23880 10864 27022 25432 4290 4902 18800 1934 14746 18159 22307 11268 3092 130 31105 1165 12428 28933 25810 18144 1688 16688 16227 26434 15516 31079 6195 6607 19647 14110 15800 13687 5721 22152 6412 15409 11912 17195 1386 14231 22731 19136 7432 2560 31197 23466 384 9943 3515 8337 11391 7125 5634 12004 1925 14278 21065 19822 32876 30348 17933 5715 1769 19894 26479 19808 4050 12947 19233 21054 11236 24783 29064 10948 2760 14762 1232 27013 25925 1459 11137 16680 17834 19749 10471 28847 12267 13231 541 18690 4011 26859 831 29062 13464 31995 7761 32981 23143 8215 21396 16729 20294 11835 26872 32899 7385 26778 7618 19747 6168 29171 13238 17746 26776 32246 10437 16600 4782 10183 4009 22761 21992 17213 8487 7306 21569 7508 32538 4933 2394 32706 30242 19520 12104 4861 30371 2316 30149 14321 2517 19189 24614 3472 30675 17811 504 877 28398 15708 24412 31704 30661 12720 9258 21729 18832 15745 29374 17594 4755 3704 27950 1133 23828 27052 18659 415 21054 1174 10940 12899 11911 6916 11053 20365 1833 31838 6381 1601 22978 12970 14145 32846 6167 4646 16731 29894 8279 16247 11008 17833 9803 10418 17997 22393 17703 526 27320 17675 21846 29248 16170 21895 14376 3312 32003 7496 15217 15987 21465 31461 8592 12933 3664 15838 28122 28388 29340 31383 6301 29952 28499 9159 25497 12433 18007 18195 4190 19297 11384 1262 32870 6227 16464 15473 14005 29632 22298 26723 14912 17647 10430 13560 19976 25756 5079 29058 7734 18415 6342 6661 30865 32695 14122 5877 19760 11473 18328 17499 25458 12840 4773 27370 474 8841 7058 6784 1107 25987 31474 10265 3842 22192 4939 9689 5699 22776 15413 23042 8404 25143 13674 25007 29339 27478 26304 20380 9536 17743 16837 26837 1170 19105 24373 32359 23479 3334 9214 1733 1039 32591 1629 7732 9969 21241 22481 19781 8202 15585 2699 24159 17089 3218 21403 29280 12488 18825 19035 16508 13858 17953 2971 12179 18725 1670 31330 10694 17917 23536 15418 6644 27632 30884 25862 19141 17447 10192 26606 31083 28692 18607 22105 8533 24705 3217 8377 10524 27227 327 21283 22283 25246 31581 8357 28827 24761 7097 28980 10946 12801 15890 26364 1334 31628 9971 5275 30675 12094 28591 32876 13785 4687 15105 21427 28582 24849 1990 9328 3116 7050 22943 18856 32750 6512 1982 4929 8981 13019 29484 14762 9091 16811 7357 31330 5550 18 18377 17190 7988 301 29758 9474 28739 13536 21140 25165 14593 8672 30598 22829 22479 17886 19589 29836 3299 11641 14033 19394 938 27212 13682 24355 32748 32778 22699 11672 32994 1131 29197 24279 30645 7762 16340 25835 4106 2746 7231 32403 18251 12581 27423 20385 32291 27051 9838 23946 10262 5753 14208 17034 22122 13709 30250 2565 21803 14797 22740 3881 9599 6521 9447 6161 32711 25225 1835 29434 32782 17328 22044 27474 19828 10286 5040 15228 74 24746 22018 30274 19946 4745 9675 9899 2914 23966 936 5064 24344 23938 10027 18084 10844 24798 27792 824 10940 25127 15157 17011 1161 3299 19745 19404 25006 28662 15852 13335 1760 3138 16633 9813 6508 26432 14415 11923 21952 9930 23772 23339 17003 14360 15463 2078 11626 32326 16792 1373 26391 8817 11147 8590 27902 15352 25234 3640 31152 1573 12274 1059 24992 4092 29574 31480 6107 20854 12984 23080 25259 19781 29225 32556 16071 11296 29878 753 6953 16977 32905 26480 8478 29795 2989 6470 9702 30858 4299 4483 20362 21114 19383 13458 11239 14997 3091 6856 27103 7513 28418 19733 9941 16595 3654 3151 25502 8335 26440 15986 31452 17621 32950 9733 24677 28143 18434 21897 17793 10609 17055 20115 1934 8887 27485 24610 24230 3374 22492 31120 32363 15275 10944 26648 17067 24904 11471 3172 8917 25880 23072 28918 14198 16565 25839 21600 25945 5665 4412 14042 14095 19574 17239 28643 8303 4668 22639 2842 15962 31134 16222 25777 7839 23605 21200 7094 8298 14943 16626 24804 6392 24104 880 30321 28036 7795 1292 3706 4387 25459 12156 552 15528 18141 5397 13598 616 20827 20160 29865 18139 12106 16049 30278 483 22549 27014 32749 28177 7656 29377 9569 2785 30402 24398 3963 17855 24996 9108 18260 30367 27135 7991 18961 5528 8297 29974 6209 19750 20033 29503 28909 27319 20686 26376 16114 2709 14766 117 821 22243 8148 17373 8612 11204 29361 22917 1396 9578 30950 31697 20785 2670 30853 22116 13132 18868 26059 13834 12586 16263 211 23200 13578 5548 28779 32581 9458 22581 15853 15532 32436 23492 22936 17867 22472 5312 32821 22947 22872 1357 25746 1790 32413 23031 22448 32586 25058 14413 19691 25189 11188 8319 25881 16340 29020 32331 23324 27932 12296 1530 31387 31348 3848 19364 11345 28919 28304 10842 26540 2324 1275 2626 13291 1607 3958 9598 18561 30288 2061 10003 19327 28610 6439 5223 989 3088 6065 10857 26895 30877 24354 25639 32407 6426 24010 6856 24220 8723 13665 28990 9344 3975 13310 31384 15553 30607 12214 28899 15817 23789 29712 17964 23650 20255 25207 19216 2324 13223 27201 18183 29117 29187 24703 14417 32773 2075 32302 16976 19531 9543 10154 22099 12143 15918 3063 12830 16210 2259 10217 30976 17847 30217 3197 3165 12850 10646 6374 15574 20882 23704 31672 31996 13592 14075 5561 10425 27586 22345 25796 16723 14290 10773 9320 15539 24150 2136 19039 21454 32009 13571 28806 18576 1402 15973 13105 3804 26913 28209 15743 16949 16967 21680 28422 30912 18891 20600 22262 665 22573 1695 27956 12507 32047 26206 29365 21724 22548 16472 18595 3813 14052 25380 3017 20450 25986 7867 11497 4685 11966 31260 24525 29675 14821 28861 15783 21783 31491 5104 18449 28519 9192 27181 19065 8881 6679 22195 2113 2214 3933 9684 3713 21694 23086 18481 29747 28103 31059 25218 30022 7220 19742 1676 23204 15629 1909 8904 11975 10059 29207 14101 24803 10154 7061 8144 23698 6529 6916 32426 11067 15568 12478 29228 23121 16538 18355 6489 19805 7557 5545 24765 2671 2200 3101 27898 26932 25104 10355 17078 7856 23676 4175 9617 8371 23272 18421 9626 26650 10623 4134 10781 21922 20497 4781 29627 15488 15104 13904 11659 27327 19742 13447 31882 4246 2946 20203 18668 29869 612 9380 7275 8402 14393 10871 17129 30380 5840 4261 16380 1614 15105 9622 9287 26343 26346 27455 4585 28956 17193 20386 19722 26635 28077 5244 24607 16129 24316 13601 15547 20229 21977 2991 22245 23555 32499 20440 20688 13154 27165 15549 13138 8844 8971 23859 6590 6501 21297 17788 20671 10000 28710 9022 1587 19387 12929 6326 32555 24673 9629 22677 29088 11444 21187 15423 19023 4373 29993 3856 16541 14187 24461 9223 25590 21027 22765 25842 15879 131 6802 21828 13815 12973 21329 21380 24634 2867 13311 27102 2743 22931 14958 12444 12107 19392 14748 4848 332 10519 16233 16030 5985 32219 555 8834 21800 9145 6274 9347 5834 9042 22535 31975 6426 3129 31185 22573 27028 20643 19863 14144 4764 13286 12701 29955 17318 23538 17069 12490 1410 2045 25126 30406 17317 8908 7988 24681 24619 23724 21390 14309 30577 8697 23745 24202 13710 9710 24251 29489 13635 740 27310 1992 17594 15524 12239 14623 7447 3670 5644 31421 31300 28998 26737 12517 2093 9525 23899 1426 19771 18373 27674 31111 30396 5525 28788 3355 8780 457 18154 29763 11839 14111 18810 15995 13809 28210 28701 29966 26463 7104 11022 1219 9757 25542 13897 32041 15069 5274 19322 14016 1601 13395 26255 8601 16977 28490 4117 12204 16575 29726 28811 24443 24204 3484 7789 26121 4616 7806 20057 8352 8491 16861 30731 25314 391 25088 1262 25252 14108 11408 22337 12823 3959 15178 30807 8542 27966 13608 28684 25405 3819 24394 15109 18866 22036 23953 23242 10766 24053 8529 4649 5840 14931 3474 9157 18727 5027 27840 27695 5450 32548 31030 27060 23206 10919 28614 31442 4633 9430 12544 8997 27788 32237 9128 4025 23861 19828 1403 16844 5269 18318 25202 22809 3100 12250 12288 29943 29906 15194 15506 27115 7548 25882 25978 19587 15222 8657 28513 28388 27837 6399 29119 21598 25708 434 17962 23167 13047 7054 28059 23335 18651 16322 11762 7455 7734 9322 2978 13130 29254 11991 29806 2271 723 26752 15620 16551 23430 2038 22851 7611 12103 14767 1851 18276 8943 24123 10841 12549 548 26720 7554 23345 10066 25968 5327 18280 13424 12456 10597 18066 31118 28601 3470 25523 11875 1809 18952 23011 21767 30278 3541 23054 24261 9651 12733 10533 13018 5529 25614 18062 25646 18395 1036 28190 19801 24683 8720 7638 17202 22441 12162 7999 7404 23776 11689 32419 2053 18124 15045 10202 27893 22167 23590 20125 10213 18123 20544 27402 27776 11481 15600 13198 1231 26356 8246 24330 31183 29676 27878 10287 8217 22647 24420 26424 1449 14419 22984 27871 10368 18514 13857 31259 23190 13021 5675 16561 31354 31063 28733 1328 2079 9627 19416 2738 24408 13084 31262 13316 13623 9418 27472 23137 32879 1781 6426 18382 16559 23956 20689 3730 16297 30758 19180 5138 30924 14905 11448 21788 19129 26766 24294 2162 6836 22381 27677 24911 6896 32271 18308 31458 7529 22357 17566 8968 17659 31856 2357 29013 12120 28451 20063 21065 30424 2792 1854 8928 21206 27330 10728 27606 1808 19025 21624 13016 5036 25169 1079 20252 4573 2135 27177 19257 4740 3115 29868 32907 28474 31720 20717 24656 2170 14940 25953 30917 180 24489 24885 27944 15078 7826 9512 20971 13976 29035 30448 10776 25552 20252 19778 23184 12200 6073 25028 28304 24567 336 22859 20663 8256 13329 31071 4360 10925 14284 18433 29273 16122 6430 17559 27341 27792 6519 8443 18407 17365 683 7321 18503 20920 17469 11571 15054 1540 17561 12882 7830 784 24906 7271 17411 14593 3417 27457 22704 6884 15971 23598 15017 5273 1952 26235 15823 4781 24654 11882 9502 24777 3427 15339 17113 11796 19477 15777 16782 24761 13367 24466 6422 2936 27555 30977 10245 18755 8622 15582 20157 16540 1241 22398 17308 24010 13636 23599 26682 17654 19274 32096 978 13033 19025 18179 17371 5485 27580 4769 18893 26503 12965 12565 12371 3970 1733 8477 3063 10078 3462 23727 21748 11866 13151 30220 13068 11776 9501 9563 13957 8416 14223 32976 25801 2797 17758 14497 16075 10754 12407 29214 25931 15345 13172 8330 18026 429 23461 25063 31518 8802 12588 3572 25755 15301 7048 10548 29182 11600 22817 29428 4157 3579 17748 29429 11919 18096 6066 264 11027 5932 26664 24138 18393 12939 28317 6587 32866 30977 5827 6380 4235 10317 2987 31184 921 28351 26675 30272 1255 18853 29990 20369 29106 22339 5653 29921 27529 24008 14304 17961 16030 19904 32550 25341 8809 900 30257 31728 1881 28602 3159 21942 25767 922 19805 14746 8604 3799 29345 3811 22943 11134 10201 26883 25231 16075 16665 20355 27526 10903 24997 17931 21200 6550 12151 17930 17221 18275 21672 6474 16008 29606 18321 23430 2710 3614 24791 4869 24781 22001 23393 13856 2999 9349 25656 15422 5136 11544 30179 20412 22424 24511 23335 11492 26553 1085 30791 28788 31490 4185 3055 32073 23570 22933 6194 10202 255 20201 22465 4076 8781 25565 16539 24583 31433 29330 15555 17922 15542 20604 12737 17665 9300 18090 12600 17357 31921 16608 19863 28745 24812 12663 9963 32387 18270 15617 22900 25320 12031 11109 28851 25782 29917 8067 19218 12015 936 22430 9203 11242 23316 5872 31679 18960 19402 10843 879 11351 27885 24362 28645 12837 26213 5085 6866 16503 24837 26372 23594 8821 16450 18247 27258 27141 6782 11793 20065 11460 12813 17612 32358 21192 23112 12258 14260 21934 11958 31075 12805 560 6906 2404 23302 29842 31316 9470 12956 13893 28706 3281 28081 14169 582 32098 8429 12222 2361 3996 13207 3607 23420 27311 23625 4636 25681 9268 31317 21444 16173 26572 10161 17559 7225 17297 31784 9509 13763 28206 24453 19525 12247 28000 9741 2782 21561 13371 5542 14281 22322 442 28858 12614 29339 4756 4354 14437 31841 16514 25028 12501 14169 16699 32261 27431 31450 9312 17651 219 8782 14894 15249 1244 915 31890 2453 10319 5383 26714 26549 32950 22640 10745 11468 26893 14871 22351 15688 23018 20622 5138 16939 15675 8599 21013 18866 23575 28045 4484 4846 3671 15071 30168 7622 15433 32940 31764 7840 19018 4662 19225 13737 4443 13110 26999 285 30685 18395 30411 30574 13085 8066 18940 15138 24395 10539 25295 19106 30983 7471 9648 17954 8347 30455 14174 16205 22750 244 32258 28679 7259 8322 8001 5644 22124 10753 23693 22267 29260 13306 5555 9708 28001 1762 13892 3359 4032 6714 25778 26736 24828 16885 3611 8123 27893 30211 5746 11823 8593 16556 31108 27280 24592 2397 8732 25512 19603 25284 17086 29167 13024 5296 12858 19484 26065 11650 9224 6507 12095 31623 21021 30378 29292 27420 18537 11626 4632 11968 28760 18156 17387 3117 20292 17914 31307 31523 22457 28730 15500 15561 17903 16860 25384 1653 9838 24182 31047 12282 10659 11183 28323 1543 3849 22242 28124 10388 571 27795 9674 5177 27559 19448 29595 21490 28247 20161 18830 32125 16709 10247 28747 2227 19101 532 10836 12637 10172 12268 2406 5067 17886 6761 24298 32996 32165 6086 8269 3886 31896 11591 32054 4027 28612 20740 23435 7473 9673 6962 7256 12167 16308 28390 7474 22097 15281 23380 25086 10819 14873 8697 2726 31171 18183 7348 29436 3066 29468 19470 27105 32267 17798 23723 18846 15982 18568 911 16065 14214 10998 27571 13558 21103 944 7957 14793 11762 25671 517 4962 25303 14753 32500 1218 11756 2035 5974 20324 17576 22005 32512 10010 4762 24861 10384 8254 21383 29452 16263 6166 25424 7275 9846 13611 26573 26464 8763 16151 28462 26929 13744 7103 29147 11018 9307 4586 8076 2498 1176 25242 14870 16762 29222 7248 19933 20301 30043 2393 9981 2197 17449 27215 25884 27496 16921 19232 20892 27777 7380 31745 26538 17212 24342 4638 12576 26644 2551 1002 30627 16254 27872 8166 21590 26979 14880 19827 12884 805 8663 24612 5045 17379 32167 26116 19754 8184 1634 30081 4630 7358 21771 14317 10034 29685 30899 28875 23018 8007 24876 1401 1729 10347 8498 14453 32450 471 8732 30230 7293 16988 31352 6952 7006 31547 27897 15185 32097 4729 32374 32927 11542 20771 15700 7377 24694 19841 27644 22617 12093 5242 24565 14550 21496 20380 19332 29757 16500 17622 26703 10264 6590 17890 24934 9255 405 4605 23392 31264 28196 12060 10155 4759 25281 17064 17582 16396 1808 23753 9258 21145 24516 16136 29165 31207 28634 14238 3929 23196 16747 22299 24982 16416 1547 19197 3017 10830 25164 13085 12273 22198 28685 29006 9594 1087 29564 6534 30546 25221 14221 20330 11592 25653 8530 25094 1986 15932 28746 9632 30509 9684 13655 15875 2895 15079 12128 17429 11987 30432 16543 20185 13869 14288 1545 28166 1048 14183 15586 21580 6315 28849 26132 3113 30250 3542 10467 27260 16565 15231 31196 16827 31797 27916 13066 24107 25133 19471 10119 4596 20510 21982 17339 26917 10002 6333 13020 17969 22805 14676 22688 25646 6502 29093 27094 22874 32058 1594 32575 28917 28496 5440 7276 1954 21416 31203 7247 6838 21489 3948 14341 8124 31398 6324 18109 120 25005 10063 2342 13782 5636 4313 1613 5069 18592 3628 8987 16557 7862 23300 23144 13516 14957 10824 29792 27735 5886 9307 27619 13036 687 29511 5457 9351 32856 31689 20491 29922 19655 28124 880 15567 32046 12688 4036 22053 22903 31774 21638 22833 28433 31170 3703 23855 32594 23911 25721 14215 26977 32700 23846 7512 13092 17639 20105 17730 5073 27480 5685 3873 20726 4888 1695 28230 26531 29854 20990 10714 20356 1179 20326 5121 5720 1542 686 1077 6693 14953 15000 8975 6683 24240 9296 25840 27791 10225 30390 27841 20251 15891 12795 24744 31619 13958 15935 16088 28666 7646 5756 7981 32768 22605 17786 30267 23573 22745 17313 3389 26367 26285 31325 27586 19381 3344 10248 2515 7544 31583 8625 31884 2909 8621 28641 26500 1899 3423 24390 13334 15123 10568 11121 20157 18376 14734 13358 15864 27481 30054 5164 17522 3908 22449 9459 2361 18990 2672 19610 9477 12241 18553 30237 1567 13839 19044 26804 10722 17246 23002 25049 12789 2722 13216 16924 12144 22121 6073 7004 5290 17951 10437 9626 9476 31313 30191 23916 2943 17741 20057 9405 20751 14094 14986 13146 2164 20543 5953 22492 2671 2469 16473 25029 12761 20744 23907 16682 14851 4435 16764 15008 26860 25091 26866 687 16506 6304 30350 20830 19894 12594 29273 16274 25191 24730 7204 29825 15233 11647 32407 11893 28137 2809 29201 19682 4539 15913 23784 17552 6969 22025 2308 13669 15258 14489 14587 32159 25150 18793 13386 19587 7217 2736 19584 9068 7281 7161 21715 1415 6559 26748 10095 24530 23938 8207 2799 27467 23361 8766 26473 19638 31362 12831 13181 14534 6191 392 23981 5782 7505 3618 11393 8702 14949 11242 27802 19739 19975 16696 9979 14305 2639 710 2244 17351 10306 6574 9451 11173 20409 15359 4801 9122 26843 19950 15406 31215 30231 30466 29216 24198 19503 205 22300 32984 8486 7853 21997 8923 8883 32807 24412 30651 2170 22753 31373 24346 5394 812 11756 27149 15154 7049 8389 9761 11970 27675 26300 2774 7513 11618 17969 2405 20788 11603 23124 21473 5152 29235 30972 17412 12154 1498 25244 32944 13923 21848 4788 23360 8245 24339 7575 32317 13598 3109 29421 32569 1815 14088 21892 30425 4845 4976 12281 18927 25835 17661 27462 12164 4045 9178 15784 963 10577 13257 1657 5892 4279 7996 26786 7574 4050 15174 4583 11733 10496 9519 8562 1509 32636 19899 29933 28369 14815 27078 29433 7302 17507 16414 31866 14435 7069 3914 23238 6111 14790 458 12822 11100 16699 13509 7922 30563 6797 17894 17903 25461 32199 210 17692 7497 13238 28350 20518 15654 16950 6894 29006 30450 11445 10324 15300 32134 20389 10821 3126 25326 30165 9356 28092 1814 27341 9929 30476 5278 26459 31812 8683 7217 22281 20075 25655 1446 25186 26299 5701 17201 14981 32807 25572 10284 22050 13378 28761 22798 21495 27498 9319 28604 1166 23163 2811 16275 27438 11521 13074 28027 24620 25093 117 21500 2946 12144 20580 13374 3119 16738 25460 28607 26397 1222 4654 29512 17497 12 32314 5150 3795 23989 24907 15530 22566 26236 8921 29834 13194 17335 29994 29654 24753 19715 14665 15535 13338 25736 4741 3497 24131 11087 2323 15543 1391 21980 32851 18106 1481 29854 14302 32075 8715 25577 22093 30487 22497 18538 29348 3080 12975 9541 18399 4160 23106 10515 18872 21102 492 23995 18536 23481 13062 28549 28623 20397 5762 14659 27069 10676 1987 407 11534 7578 25402 12864 1882 17622 30431 11070 7813 24951 23077 28412 10833 8548 28938 29734 21335 4809 15982 995 23755 24948 30892 4356 12943 1565 9682 32691 1714 46 18346 23632 20624 12633 12566 32428 4203 21563 2086 302 12268 10630 27692 12712 14924 28564 29343 20202 7346 27110 19925 26367 8568 5756 10879 21551 9065 31266 22791 28512 21880 11270 19796 21131 1859 19992 19993 23288 21187 8929 5099 22196 23711 31302 24997 28429 21799 7417 8371 26657 25785 25689 31174 25987 13268 24432 360 16144 3413 32681 28606 30535 4682 19786 10728 10537 9839 32899 17336 18826 28314 17895 31232 11090 31723 26248 6640 26793 31524 14396 4563 19108 150 3331 28748 2584 26093 32964 12351 31206 16411 1430 19714 29045 15242 17014 8205 7714 6849 24194 22606 29929 6818 11320 12582 8434 26400 5109 4184 21717 20986 32800 14172 2141 14140 11962 5189 14131 25037 22112 8052 16496 26093 32278 31845 30797 16845 25280 25640 31914 20159 13991 27898 7707 7846 26692 1141 12840 18821 16614 31243 25370 16949 12248 2709 12469 28368 23731 10547 25025 17473 7414 9828 23956 17404 14245 18877 24520 6394 17233 8886 31203 26130 6990 4018 22760 2273 31714 4578 9068 8727 32283 15089 18771 17248 20516 30211 28381 15179 26488 3302 703 25009 18832 55 24560 7156 27175 31941 19046 25011 16075 29003 9398 30286 30589 14716 2698 4590 16314 7902 8635 3221 15429 4450 1865 20188 14049 8103 2951 13203 32456 1581 4019 15225 32485 29205 9689 21272 27793 18400 6321 22839 21192 10432 2082 1305 27546 3590 116 14572 7643 25634 2120 25398 11135 25263 19568 16910 19282 16394 31388 30642 22342 31950 20014 13324 3045 21232 25251 14746 25999 23928 28635 7659 12185 24952 18490 5379 16668 8805 1978 1242 8955 10364 25324 11149 24606 18553 7788 2718 6758 6858 17677 28022 20486 27648 18461 26749 12715 855 21307 3869 20450 16213 8515 13262 31749 6717 5440 30178 13766 15542 24055 4602 23826 9563 10932 27684 13728 15710 23633 14180 18714 7510 898 17363 24136 8187 22891 7021 28121 3407 2545 23885 24342 293 13131 11415 29786 861 22445 8342 15482 10253 26276 15373 126 14700 2984 24150 27765 31230 21645 16540 15732 1567 14341 30714 23416 1423 4736 20077 12389 1019 16426 19178 24239 11387 20731 31962 8885 8518 8167 6609 21043 4848 4832 14594 13707 11490 12761 2170 10970 387 27632 24573 12643 5192 482 2505 20689 30476 3032 28634 3728 6606 14137 7703 8705 31142 29587 16953 16944 6082 486 2464 26747 15417 7989 4236 19420 30918 6380 12207 15483 31704 2500 29574 16342 6736 23533 31167 3554 13079 859 21625 25863 30050 16095 21137 4041 4214 30481 24409 28778 10595 19246 26535 16742 10104 26039 3938 22650 6450 27743 3403 122 5566 4117 19295 21174 20802 23705 30316 8000 18242 23944 27140 18728 10468 16730 1715 27197 28141 14456 24189 14149 25559 7821 3666 29753 20703 7630 29052 29035 11672 13205 1450 19629 30403 19044 8846 15802 32605 21572 20727 1068 11700 21521 1763 20354 11001 32342 16653 19874 5245 4789 4576 1178 19388 23228 261 14400 8736 27090 14782 25402 12858 13152 7989 14753 22872 21819 8915 10280 3856 23135 20693 16220 12249 5050 11579 5781 4241 14045 15935 11987 8638 6110 27900 12389 4489 932 28271 11831 902 23662 14450 21655 22287 32936 27285 13109 17946 3839 21755 28764 15179 4551 8165 12944 3332 22946 25741 29911 28381 30540 3201 30042 12935 29261 19909 17856 11320 10396 22 2563 32168 12923 1377 28651 25118 26687 17624 29708 5192 16361 18251 7101 5285 8887 22590 6430 18711 16271 16191 16979 10634 1275 17209 22930 3467 20764 9547 28924 10550 2938 26507 30240 4855 31608 29430 12977 26592 812 4608 20364 23460 30557 11196 13549 31692 30349 17382 18830 19083 5938 1956 32182 10557 22161 26877 7260 16261 28539 874 17316 27658 3714 17835 29085 22412 26546 27795 3300 23880 22031 26110 7444 6504 20816 31982 10207 24454 6840 2592 13303 3275 5879 5640 16926 13291 25671 23532 24818 23467 3454 19625 28935 5525 12433 10335 30905 2550 11201 11175 3235 378 29778 15776 30822 20902 3961 29548 27742 2461 17934 18915 24663 5951 2517 19007 22473 6350 15176 16970 30196 32186 10392 15697 18 32640 20576 28897 12338 481 5667 24568 29087 14668 570 5322 2904 3834 29925 1888 29995 4376 22923 154 1406 16134 938 18545 12410 18721 5237 1987 10922 29524 30885 14960 7984 19581 14449 4366 24637 3739 2319 14889 6194 26917 19221 21282 30812 13324 26990 16835 7128 18218 12866 23753 3888 24236 18622 32117 8862 10868 3144 2468 2057 16623 27740 30483 9687 23124 30818 1783 19303 3324 19025 26824 10029 2336 2673 32441 6464 23889 15186 13572 14599 27371 340 28227 27904 2332 8804 18940 13322 10624 19173 27736 26123 8981 17907 16160 3529 10858 14235 19736 20195 15839 10582 32287 12809 23879 25076 4657 31644 25227 5221 18215 2033 20156 4488 28800 8904 46 4869 19236 22016 8917 16768 9240 30213 27164 30494 13464 16703 3313 30126 19066 20808 12165 31031 11427 20947 5849 527 17593 21863 3506 21445 6012 2377 6640 11233 25420 7031 24207 21932 28521 23226 28288 24063 3628 20081 837 29269 23867 8684 21318 10540 25794 7339 27323 2365 1478 28557 515 4216 24131 10352 23892 21801 3038 30371 9514 19470 26695 13328 29312 7017 7624 14348 3193 10166 28011 25726 11836 8 16352 24982 9707 4652 31374 26651 2637 22511 4275 23789 162 11746 12131 20309 1093 11617 3663 17763 9505 20612 23834 31342 30737 16593 20370 12666 13562 21243 30163 21842 12873 1299 6633 18719 112 27846 3240 28821 14090 31921 12556 878 3140 18980 27915 25350 20099 15637 1973 27430 7585 5522 27936 7674 3273 12179 10308 5059 20352 21096 6090 25993 30343 6543 6290 7378 29976 30232 21443 4959 12741 17588 7183 1307 10421 30540 30999 8737 5522 13618 595 16072 7801 16726 23600 19710 23423 17187 20923 22347 30449 11376 23706 21627 20180 22945 16664 644 17151 31173 23988 5545 8589 4244 19801 17981 198 2511 23676 4420 22831 19052 30954 2739 9158 21895 18789 18511 18383 28563 21663 22906 5020 4717 32162 11856 31769 10468 6610 32051 19804 20312 31815 7256 2626 1902 4119 13036 4176 5105 5960 11797 26011 32363 26335 5790 15024 13631 16041 5375 22568 7927 14756 4725 25941 15969 6402 25688 10910 26900 2283 6805 14626 25291 11137 23785 26480 26533 14120 28678 400 9144 5355 7568 32754 15380 4940 18361 13444 27442 9171 1797 8286 11278 25042 5344 21371 14428 19620 13073 26255 3513 24256 32161 23631 22164 24625 23193 27381 21696 30071 18995 4898 28911 31513 6693 1830 13253 4850 9969 12197 17677 27476 1869 19930 26511 25572 16081 27116 29329 4164 10665 28865 9527 24438 1976 25004 25649 2523 2486 23398 7813 18085 12489 13148 20531 10622 29096 18282 31707 9547 22823 23634 15031 24956 23055 3186 15734 25388 3505 21569 25502 27173 8985 4208 378 30190 28972 24581 22694 32707 22046 328 24877 1606 8035 25666 2812 3328 21620 22368 13339 26221 2017 27335 15977 12094 25818 22345 21904 28917 24901 1239 9499 16801 9180 26470 581 1597 19615 25770 4853 15701 6941 9335 5724 27825 31071 14463 30944 26712 6232 20870 7740 18887 20133 9194 255 29809 20776 21281 32661 14186 29469 17843 11604 29237 30495 3471 29638 4019 107 22474 8219 12770 16356 3548 19583 8930 1002 24712 22713 17960 29327 3815 9165 417 29951 16916 25180 4883 9961 21917 20626 17241 11376 25261 26850 10011 21781 1348 17199 26308 13973 2102 22543 26924 3486 18894 27915 5731 24991 10041 23993 16327 3168 21136 5990 26369 9569 17516 31671 26296 13781 13131 9203 23413 24392 22801 13323 14133 6601 14805 18771 23414 26018 30035 2305 6251 8719 28399 10957 25762 31356 7373 8494 15523 14258 5816 28952 29736 27297 28959 17272 5295 16292 23985 10571 18483 1917 15270 32892 16369 31303 31887 20834 32631 22063 745 21431 25760 20872 16316 2178 32265 27959 21451 23246 13136 28370 19960 7750 15732 3054 11045 15598 29487 4723 2096 17054 10696 27725 27900 18172 24301 1051 14578 16611 9883 16394 2838 22259 1002 24678 29929 9001 10726 5317 32732 10531 9958 1569 9122 24602 22448 13722 11093 270 16236 13095 474 25211 27450 20921 8984 23276 1766 20417 21313 380 21023 22745 22801 31932 9748 2077 1406 23450 3475 22946 11099 24936 6356 29340 21271 12023 18768 14208 15126 16555 9307 13447 20474 9215 24045 29187 27026 7786 18171 4515 9049 16125 28328 23256 22102 23490 28448 4036 1409 25764 3146 15762 9302 7661 19102 3890 25981 23718 14399 32102 29104 30428 32802 25663 3205 15726 9546 2227 3292 5961 14135 25728 32274 13851 7848 28138 10355 20575 5969 20290 28092 30578 28339 27977 6250 27274 18190 32066 32037 18195 22432 30436 18345 10361 26849 22385 13963 24471 20885 8877 15982 29798 21800 13821 1412 28831 23058 9300 330 2640 16613 14808 26780 32577 11315 12292 27484 9445 8967 28673 18561 4658 7066 28906 27154 14543 5344 1466 13162 18258 29536 9467 3873 18546 315 16312 11032 25873 31524 30447 14735 31208 25546 4541 16609 5079 29341 28032 16951 18412 9728 4713 717 5117 11281 2936 19714 10284 13774 28256 15436 22565 23931 22462 10586 29070 27401 4793 14610 16343 20373 14763 18115 11202 13646 7117 7271 6435 10043 17196 23848 18377 6115 20268 23960 32050 25880 30174 20191 6894 25074 25744 28618 19926 9398 11845 13040 20607 13138 24296 323 27258 16657 26446 17087 4645 21891 13338 20827 7831 19173 21265 28413 21705 30542 27913 8238 9012 30957 9159 10384 7034 10139 23184 32844 7479 31923 4489 1476 13004 17584 20761 22397 25526 9358 13020 27383 25815 18111 7449 14169 16449 20755 2154 23313 9386 2868 29641 24818 11344 10601 9491 23418 8764 17522 25504 17084 32543 4211 1034 21632 17473 22796 13618 21015 20829 27634 19002 26518 32967 32863 8103 14927 935 19308 28286 22435 12322 840 15171 11692 27208 11307 4739 16068 11536 27581 29643 9184 29926 25687 17635 28019 12956 21150 20684 629 27004 13883 5839 10587 14088 29208 14864 25827 5870 12068 1110 26373 7063 12882 20617 3962 1697 31960 23432 10152 16041 21249 19575 28162 18915 17427 13509 28451 14540 7009 9989 28861 22064 11627 28375 28876 25986 15516 16525 10151 15586 14933 26714 23053 26797 13025 9445 7560 12939 2549 15063 16770 6303 13817 2349 6048 6160 20990 13889 22700 16843 22581 10468 5623 23400 10082 6340 26615 27490 483 8713 2238 361 30538 4920 20454 30390 15598 22465 4309 29090 16957 26948 9305 11174 9907 25104 12272 32620 15991 20012 11703 8718 30390 14875 4233 31862 16117 31337 11980 30468 8568 25981 23989 4340 32578 19038 26051 3384 25581 8172 18720 13736 4826 12717 25467 22897 21627 26598 26655 18100 30486 19733 31335 27842 21470 31057 15479 32051 20066 25142 14947 7835 23965 30934 13447 21420 13755 11137 14618 6394 18621 25852 160 4903 468 23788 12140 18770 8520 6544 25542 25473 25415 2514 1316 10949 15033 1643 8311 3276 19505 1952 5490 19108 16460 23757 27921 13261 29436 23757 28497 7349 27820 14413 29770 7421 13779 5165 16671 7179 8858 2138 19855 9770 26079 1436 3070 20025 337 3160 3429 23378 1546 22219 10443 22276 59 6507 29724 6526 15457 16623 18439 1177 25696 22799 14310 26273 29454 11411 5230 27631 18736 32623 28660 5731 8847 31104 26183 29717 32939 922 28183 1728 833 25236 20147 20605 20123 393 8826 4477 32336 12317 16817 4844 2067 2775 1543 5035 21268 20248 18646 7786 57 1321 8764 3442 13609 19585 18005 21627 30802 22323 24985 7733 15731 1799 19804 24546 1788 19020 27924 3931 4622 31455 11551 6667 1194 6832 16666 7512 20384 22219 4933 16349 7704 3448 22074 24877 19536 28979 6011 22376 28479 2643 25465 7309 11580 31591 19132 14929 5480 181 25823 20793 13131 7682 11420 4776 24581 17980 2669 22714 29969 16468 5754 25160 19578 15288 27285 6842 9110 9312 1361 32481 32240 30063 12181 26018 6075 20977 1064 12996 32402 10807 27642 6012 23550 13471 7496 31405 10252 21987 29394 17649 20842 12056 18859 21384 1505 16050 23594 22536 6469 4939 28777 8791 15037 11908 25629 12739 18244 5632 5815 15368 11257 31273 22468 1244 14213 9112 15606 142 18050 521 30820 17632 16929 26739 13114 31350 10557 14872 22580 1551 30177 30299 32933 18679 7915 1367 2770 22427 23224 27075 17479 27277 4919 9684 28397 27090 4500 23281 22975 15477 23628 14470 13549 25831 20818 708 13453 6118 21378 26583 12623 3339 26961 28122 27670 9405 29968 2995 4001 5815 7609 27631 5453 27255 18174 14138 14465 22486 6631 13700 11554 6945 12160 13781 24786 27710 13812 5294 30364 10046 32925 31423 26924 4906 9172 32606 14269 29499 17400 13366 4964 2748 23036 19133 4650 10696 12365 13221 4263 3574 18414 24305 15798 20829 16840 6422 30807 22779 21222 15176 20722 21797 7964 509 15178 1833 17767 29217 19752 32498 19305 28627 597 23925 1856 5104 14215 894 20180 10343 6031 17235 11851 16306 29058 16208 23617 14061 15402 9730 21768 32445 11528 18722 3322 19497 9322 989 32414 27808 8772 30852 773 27223 23064 12289 31030 3511 11335 26666 28466 14900 1636 18238 29573 9883 7854 6745 7156 4084 26757 32430 16709 30875 11874 7165 14911 24794 5604 9485 30899 25891 18914 7617 7870 180 16674 28860 21441 8558 334 21128 19930 17486 6301 13714 27796 1442 21838 9945 2774 25065 27109 13830 17981 27559 14552 16862 16115 13483 16682 18567 30529 8663 6350 23821 30046 15828 5001 18942 861 12993 25484 20160 16221 6264 29332 19077 7317 1422 22420 20624 29667 10247 26293 17427 32458 4369 1238 16502 28533 17874 3263 21855 8960 28038 28627 25732 31716 26842 30555 10112 3931 31325 13793 27341 25279 13911 14426 1019 7185 10234 20772 11304 32838 3971 30445 19233 319 31133 9152 30153 245 14018 15299 31237 15793 32041 2883 23255 30372 9012 5408 797 5179 27253 15258 3712 12126 7604 16324 32300 6945 2116 17737 19462 7081 18888 11851 10667 2798 11744 20176 5682 10666 24661 13258 8452 25764 14078 14304 25546 2214 25397 9855 21700 10379 17757 22447 19792 8409 10704 23894 23237 21428 20318 603 16154 11066 24151 7247 6844 15135 23954 27085 24716 5019 29653 28492 30191 32314 8058 14128 31733 14518 26748 28560 3374 8682 16808 27091 26926 2096 25807 17393 1707 6197 30877 671 1243 6921 24546 19063 16297 15520 9230 21100 18784 21838 15099 9872 7302 27049 29627 22149 1045 29368 21475 7674 21088 24100 6951 23033 20998 15095 6688 11518 16455 12285 20512 22479 5745 24097 9034 17672 28279 27232 32607 32311 416 28613 10630 32127 1962 2777 20853 13853 23567 2308 31914 16365 8591 9298 25963 5175 18416 24957 28632 16425 14877 13457 17145 22158 32791 7109 17026 20069 7735 3970 24363 20748 4818 28238 15974 16704 22679 2570 16098 7906 8784 22165 3602 27672 31571 9150 32104 19717 9409 15159 4533 13737 20507 4106 4123 11562 9463 10432 24106 561 22245 30082 18958 30558 14803 7936 11223 4122 9809 993 7841 12637 16079 32960 20983 10928 16003 1559 22588 23232 1332 2259 2156 28600 10660 13674 24618 22065 32349 22067 17566 12092 2057 19417 28194 26500 1688 12580 18033 31465 31063 1003 11058 28165 15019 16825 29384 25710 6152 12960 20537 22410 994 20349 20058 2403 16850 4754 24545 17827 14310 11128 3673 8658 19981 7670 347 12380 11540 6956 23992 26115 12597 8343 21099 11477 17049 31826 20604 2401 21395 16884 15298 23220 14382 17091 6368 2163 7316 11723 14528 20927 5667 5069 8546 19778 19871 22667 18685 5745 7785 4933 4876 22671 15712 13634 4327 28653 2903 28807 18274 29208 25231 7229 24722 14260 15085 8603 16788 5191 12679 14742 6323 3610 7 11129 29659 17767 10231 28585 10866 22536 17003 26536 21571 26727 13180 22524 27386 30413 20703 24930 31357 21261 10022 4810 10090 18746 3893 1108 32555 10945 9442 8418 29581 17010 20385 30656 15445 32331 26405 15477 25556 7490 32386 17851 24068 6425 13663 18688 19991 26089 17447 4001 9851 23269 30251 32978 7875 10746 31480 17203 3301 19745 11867 6274 20172 18484 7328 11495 5156 9671 11353 27640 6336 21423 16453 5350 6616 10636 22531 30286 25914 13902 30053 25939 7299 11386 21170 10757 23479 18900 14121 26960 9573 24581 7049 13935 2807 29758 14621 26060 25705 32558 7948 31835 29450 872 4089 10201 13969 7222 31860 11864 5743 30136 23386 13820 26555 1524 13447 29172 636 31654 1679 17312 153 14412 32256 31370 9977 27261 1426 13385 11270 8976 20931 24143 15659 32792 4617 16927 17218 5347 30303 23967 13011 23968 29640 6484 31626 8253 19197 26962 4675 18048 17762 26356 27126 4213 1705 4468 21144 32925 12841 5134 17017 6440 9807 6381 169 4555 12848 2175 18954 22986 27260 9290 24446 28060 25676 5029 2159 16398 7644 21295 964 15391 4158 13218 27272 188 31547 6893 3522 23853 3521 6517 17553 4099 18311 17737 12451 31856 11896 22778 1457 16096 32812 11955 12375 1222 28795 31049 32014 4782 21032 99 25607 17214 13111 4492 9162 26774 8138 22369 11642 31970 27592 16740 6748 638 16668 9351 7340 7320 7468 10063 32157 17540 30539 15892 23943 2220 9514 12232 24515 14250 5335 9645 4294 2210 2703 24160 11282 15157 29244 24973 27040 12254 22964 17274 11329 21836 21451 29992 882 12566 7186 19442 25223 14961 30293 2292 25366 29505 13552 3653 2518 6489 21091 25016 14252 26684 9952 15729 2898 9271 19660 28543 15061 21192 25452 12635 16922 16382 21448 14190 7780 13629 24358 23076 15290 8182 32466 2812 14130 12321 418 13130 12528 202 10095 10027 7817 2062 27309 5956 29537 16355 14759 30000 27610 6770 26061 2131 24925 17723 10032 4648 32648 10912 20071 27813 17748 2830 9029 22898 29612 10465 32937 934 31346 14095 19389 621 6488 12921 19190 18857 27486 1302 28651 6775 30946 28854 8365 19130 10616 2641 15796 30629 2338 11544 15520 17530 1280 16727 14439 17549 2561 12316 24043 1181 31485 1646 24110 14625 18851 9157 30045 25165 24101 32407 16886 12243 19910 21852 21737 11736 8060 7450 2845 31730 12188 8966 22282 15710 31641 11674 7161 7343 32888 31910 29757 1164 18533 11742 18184 31785 5712 23317 915 7936 6616 13247 13845 8524 6698 30885 21877 4947 23826 6113 17705 17496 22678 29740 26924 22989 15371 29175 19425 25825 24997 13174 5589 1383 31393 24629 15734 10179 24577 11894 17812 15947 24195 26838 15822 29255 30262 12854 30958 23422 4542 32923 21056 11944 11686 26621 3761 21848 8200 31569 9744 464 8227 12203 21351 17286 28762 27947 13071 17347 25299 22847 10569 32730 26495 14199 23051 31494 2545 19176 13563 2722 28404 15481 21575 26832 24860 22045 5720 31451 10129 14506 1531 18717 7294 2010 1644 12944 22130 31167 5885 9851 8788 15303 27729 17066 30706 5374 1790 29543 3623 26165 30020 12628 13025 17031 20146 5497 9025 26361 9576 25687 4133 29419 22258 7418 5234 6282 8999 31437 12830 15181 15916 5067 5453 21847 22262 25498 17479 10355 31734 14103 11566 15516 2698 9842 24766 24405 16323 17090 12440 16293 7282 31564 23108 11721 26012 9010 21865 10813 9808 6381 4323 22192 32007 15267 21453 19578 6324 25574 24011 18047 7214 13928 7352 26438 4682 21511 30751 24869 29788 11820 11754 20039 19738 1534 1196 30465 30295 21629 10826 19942 11078 14259 6708 16274 30718 29341 23292 32223 21615 8996 5758 13923 9030 748 29918 8399 27542 31629 19721 7428 13342 31393 19178 24265 26112 32902 19745 17059 21844 4294 31731 5171 5417 10836 5553 32405 70 7270 7275 31751 27997 29748 2216 22856 30461 13394 2948 19584 19783 8336 31182 4696 3379 6463 729 1266 25110 17779 4635 3645 27443 19661 16246 20794 26497 22629 16208 23702 32726 2658 17797 16014 22715 17065 21466 28788 4243 1039 12152 14266 3535 31390 11215 8543 31361 20472 2741 25183 29471 6694 6625 21663 14844 22245 10667 9516 23022 26490 13897 9317 2786 5238 22099 10211 11197 21999 19307 9295 22530 20647 2432 15086 7386 1607 9818 4831 26092 15546 3701 17970 23112 4386 28740 24741 5397 30248 13930 10925 6920 18844 23136 22982 3406 31258 5246 11104 27439 27219 20543 27174 32785 18966 19118 13427 24238 11095 21677 1909 8926 6268 3867 9962 29476 2950 1810 5196 31876 19006 25924 16725 16609 30819 22046 5702 17090 2207 10857 28481 22650 3202 30267 21684 12359 32585 24923 18900 15563 15248 32939 30100 19350 12767 27852 25527 26039 28019 25558 13910 27043 24862 14200 31391 30994 27075 9458 25849 29383 4697 21487 1574 24053 1604 26212 11543 12139 2011 2280 20258 22149 22254 19567 13130 16343 28588 24584 7023 69 32732 20628 12094 10437 14171 31306 4743 17506 23026 28328 12737 19994 8272 21061 15714 12280 26499 31573 27229 16316 22315 10368 17009 26295 24420 10295 12565 14686 1986 18691 24480 23976 12192 24137 32919 23926 4902 31626 12557 22133 21275 189 6381 28699 21221 11091 29747 11543 28210 20344 5595 17290 10842 29956 21573 20335 29515 18003 11236 17018 3997 7426 27935 26128 17279 2128 3919 19416 28978 1910 23975 7794 22001 13363 15634 2813 12338 6619 18911 7547 12850 4284 2747 14204 30971 1008 28994 6030 14285 18182 13179 4136 5534 29897 23699 18321 13690 5027 26092 36 9512 18061 15302 2440 14270 8610 2116 21014 25295 10731 21157 16038 2415 21537 874 19387 26013 23959 10259 27272 10117 13295 8127 14161 3083 15438 19867 14744 24297 19814 26820 30865 7896 28982 11147 26047 25844 19966 29304 17426 28880 7081 30824 20995 18514 15646 3075 21539 19824 20425 5384 18942 25778 29788 27077 29896 4308 29176 19104 13353 24915 7779 23605 31466 12289 16336 8481 28067 15879 21854 6124 10648 14962 16693 12122 26541 13433 15813 22490 24854 16345 11967 8424 3447 19917 26548 9766 10628 27179 9075 17925 10139 13174 31429 4399 15015 8473 9648 24617 2785 27979 26739 7683 19665 17724 26767 17177 22907 17008 31123 16797 23795 20548 10229 1863 12034 1621 31148 29844 27604 9102 10078 42 9705 13658 16315 4424 2599 7609 21497 31937 20502 11320 26057 16269 8009 2787 23049 21134 21301 3316 23841 1998 25628 27794 13883 28962 15833 18987 17515 21357 15638 29679 30426 7731 30511 12795 13675 22117 9069 1216 26143 8584 31693 2394 7192 15490 31525 21241 15924 18672 14392 24729 29134 21933 20389 10494 32691 14073 4798 27003 18649 26156 3571 171 16445 29219 31494 29117 73 29556 5971 3116 5911 27027 2253 24573 31783 28770 21050 27307 6214 3988 2284 20871 26453 7081 14514 953 26417 5509 15123 15708 2087 27401 8121 31498 13127 29933 24671 8424 2538 25452 12093 31656 2198 13466 27694 4880 17651 9291 19603 13438 65 27520 21030 2050 4715 25492 95 26788 28820 28639 25425 8848 3297 18076 10851 14110 26988 26770 6291 16843 25256 17694 25120 11582 865 32189 19631 31510 14223 19925 28657 13376 13848 3167 26304 23226 30135 18458 24261 17973 2329 10619 16135 13350 11055 32539 13162 20291 9173 20328 9434 30071 8662 200 4538 3419 9625 5520 1153 11053 8056 20770 3059 2778 30360 4022 29352 18111 30680 12234 4948 25212 25796 5853 32731 29004 4159 25953 25157 30647 6228 2693 17449 28321 14620 21862 13532 12452 23456 27364 28542 7061 6258 13090 848 6907 11705 24832 21732 355 12263 31749 8283 16217 20349 220 10364 9343 19713 26726 28373 11758 31851 10964 31067 19572 22013 4496 4868 23777 16216 15047 30934 7472 6379 2160 22118 14376 74 26947 1234 16456 4457 21954 1255 27969 871 275 24952 4698 8352 4493 9802 32633 1576 2671 26865 9501 6197 11541 3571 26060 31920 5443 32652 7119 24702 2907 17042 24465 7634 27025 17360 25299 14616 27394 8346 6964 23430 20964 23551 3079 32429 8377 9893 10604 10029 8320 8999 12802 18664 584 11852 4332 14538 16061 16934 30190 32493 9092 12772 11772 31266 32501 9136 2947 9714 14125 17891 15180 7011 27082 29146 17024 25071 27785 30731 20969 4305 21445 23903 17058 29434 13892 10577 21816 12310 17418 29647 472 22213 113 12661 15666 31528 26908 25967 1151 27952 20996 3152 10002 16997 6174 18874 22444 16824 29866 18847 11671 17362 20834 15403 27312 9011 13426 8594 182 24685 15844 16934 20890 104 18099 2724 2828 23898 21340 4364 29359 17457 16542 21711 13507 14914 21515 6163 14081 25843 15368 18239 14692 24219 18642 4243 32421 8673 2777 17236 6455 15379 4069 3637 16656 8877 13183 3798 32128 32406 26195 25356 20847 26719 21522 26436 7327 28855 17959 2885 14076 8430 19555 14453 30807 25699 30490 11180 11989 11812 11481 31699 25600 29972 25417 17736 17193 7281 14629 20602 6330 22721 28687 11177 15173 19425 156 24069 13663 12873 31868 13262 17151 2343 11926 9177 5774 14528 7065 11966 9427 21667 19446 26180 16730 32477 5556 17269 9864 1958 26681 30417 15843 26376 25482 62 20713 14238 28398 23998 8828 21964 32802 32291 23433 32694 30782 20550 15070 621 27353 3856 4924 15872 23224 5507 21198 28598 28517 16118 14073 30006 21528 25171 21343 19506 9635 9634 3833 31959 18421 11093 20635 25035 11910 28874 14845 8272 16244 23233 27933 1368 9177 3221 14071 28612 18839 22148 27405 4197 9109 13100 10882 2584 30724 19666 14809 12921 13743 9237 7042 13144 4603 7219 19336 10565 20555 4671 15485 3151 21727 32757 30530 21883 9563 1556 5852 11785 5670 32498 4303 20231 21037 5667 17502 18195 31759 1005 6701 21912 24019 24020 12001 23429 25559 28840 3659 6488 28805 24738 648 20661 17524 22751 9484 5685 14890 27056 13261 10561 10570 4492 7014 22361 11087 11611 32505 31301 31882 11439 10524 23168 23582 27988 4267 28722 7612 8632 24015 14621 7368 14168 7178 29790 13756 20721 28106 21154 9275 14213 10942 10516 8722 32554 5503 18551 27939 11912 32865 881 20930 15272 21974 9474 27896 4671 4884 5948 26955 14571 14796 10074 5082 25146 9352 32821 30585 24383 6967 30996 16671 9109 14510 6396 30157 14130 27541 12349 3587 32160 23945 30155 11632 1133 16449 7734 19463 16264 25029 20877 17162 29834 32867 12757 27187 11440 3495 13135 18719 8709 32908 24962 26080 18489 15857 27383 16772 8681 7549 32567 19637 1809 12476 480 476 28972 32175 13743 5274 23519 17023 32440 21216 21498 25117 22239 27172 15766 10369 28327 31109 1599 9825 5879 9202 31107 12766 22928 9702 16051 21176 18639 20469 2771 24886 16477 801 14190 29262 3837 25455 27710 13977 27373 8938 31818 26438 2798 5198 32069 26855 28119 2045 29864 13024 19797 17303 22487 22249 10373 9073 9652 4089 11615 24523 17877 22733 21436 2219 19337 32238 26164 22178 8724 23813 9002 2508 25888 30631 32070 7991 29852 2233 7229 15103 2654 9002 6313 11296 5493 8256 32542 6831 10668 10059 457 8582 32406 32279 26580 20657 8673 22245 20835 22242 27416 17508 5498 425 21786 29020 27565 17495 7696 25536 11476 27045 25472 7469 1174 21515 24150 23848 25168 28595 28715 24273 12841 9943 24189 14824 12519 23893 30122 5628 15530 197 31592 11371 18544 18386 29048 5124 8362 18662 18883 13728 14362 2791 453 25152 29299 5302 472 4453 14820 1943 17080 26884 25848 7418 13733 12320 27670 20607 2544 19231 32264 7465 14161 3788 31031 29608 22333 29548 2641 11423 31608 31066 41 14832 26179 25872 6536 4378 23873 22487 24102 4533 22851 9181 21968 31784 3898 9985 17519 11604 19458 26134 32546 16990 26803 9016 17716 28578 5164 15831 4667 24830 24599 28243 13686 11181 27383 19577 28601 11906 30684 28160 2792 12021 27969 28247 7724 3327 32857 9415 22412 3774 32064 29577 8552 5996 7789 24542 28397 4360 25264 13171 21633 10831 5706 8047 26528 7248 26833 7946 26562 2812 8620 2935 12326 8629 30317 29033 8581 31267 12908 15184 15777 14206 8443 23016 18932 19399 19641 15011 18368 24848 18742 3099 25046 7414 1168 23596 12924 9328 25685 7663 19727 23737 17889 27495 18050 14909 12389 5953 3699 15547 24088 15490 32381 13777 27905 31605 10299 15176 18082 13639 10154 16244 17373 27138 20337 18121 28176 1532 29670 7151 10482 8742 4369 21563 12111 18337 12751 9584 478 10778 18536 24847 31042 31772 20685 6669 6392 28295 12595 19623 2116 28287 23902 9154 31795 24536 22641 3983 21604 20875 6251 7350 9694 1982 10892 2185 31518 17450 15069 7609 9784 759 24128 5831 18891 7694 17852 385 5204 16288 1346 25814 11351 28315 25852 29284 7326 12675 29754 16538 4368 11853 31530 27825 23126 8860 5639 5483 23947 9517 4843 1687 18880 19982 11470 25167 28651 3131 20057 5068 6333 2364 9570 26370 21572 9852 15172 4646 15213 5308 6297 1096 19223 10813 677 9346 31564 13072 889 19961 21815 21847 12744 7797 8056 26594 32317 26344 12268 16436 30061 29245 25414 32600 18135 12934 11616 8794 12041 7452 12387 11809 32500 26333 8539 7882 5617 23795 25687 2691 5572 13140 1440 11265 26546 32235 14359 32851 9167 30439 28902 28093 1333 8595 1288 17844 12869 22703 24157 17837 27106 9745 20549 23701 14212 17033 9727 32974 13074 2180 16319 19648 19900 7423 9210 29792 1959 32647 11919 23453 26523 4261 30030 2568 6353 25694 16265 32418 15948 1353 19448 21028 22650 15296 18598 16633 9921 27533 24155 12485 29971 1364 30644 16998 32192 8191 15482 26238 1470 8343 8755 14244 25280 8861 17849 19966 19530 26956 5757 6575 31178 31916 27079 11659 30267 30210 16980 2423 32812 29530 22972 931 18069 20805 7440 32206 10235 28736 6330 22641 24424 6457 30995 7337 20316 2531 6353 28254 20696 24867 4042 8244 13277 8601 21279 3307 32281 24574 18644 19444 8398 10944 12101 5107 8130 1746 5028 7745 8369 18909 9542 10231 22575 14202 23548 18950 15860 14987 18395 27798 16721 26581 11196 23209 24336 18887 9495 11179 27954 32987 27390 3037 31855 30174 18433 29323 11095 32542 22328 20815 893 15443 27719 15098 30674 23293 1301 28371 21789 23011 25739 10229 32472 9090 9828 21740 1520 8285 19517 32583 19723 29463 6552 29223 2499 30748 26038 28759 953 3046 4439 7695 30456 22435 17664 25227 18840 13020 29396 394 11892 18398 6733 32976 25421 12442 
