// periodic
// number of jobs
1
// pi
90
// Cycle
100
// aperiodic
// number of jobs
10000
// pi
1 7 1 13 17 15 3 6 14 3 4 18 4 3 13 10 2 13 15 15 14 8 14 16 7 7 14 15 3 17 10 13 18 13 18 15 10 12 14 1 17 3 17 8 7 13 10 15 19 10 7 12 17 6 6 18 18 5 9 2 19 5 5 7 15 2 3 16 19 19 1 3 8 10 10 10 8 5 18 4 3 8 16 2 13 14 16 7 6 6 2 2 17 11 12 18 12 6 12 3 1 12 3 9 7 19 4 8 14 5 15 1 5 17 10 9 6 15 16 9 4 19 9 14 2 14 7 17 12 9 15 3 16 7 5 16 19 2 8 15 6 15 14 14 18 12 11 17 14 11 18 7 9 9 11 10 16 16 11 4 18 2 19 13 10 3 4 9 3 17 11 2 8 9 18 11 10 4 18 19 15 4 2 16 15 4 3 12 9 8 7 16 11 1 11 4 6 12 2 4 9 14 6 6 10 3 4 15 15 19 14 7 1 14 12 1 18 10 12 18 10 8 15 13 8 10 4 19 16 2 8 13 2 8 19 4 13 6 13 15 3 1 13 6 15 18 15 4 3 18 13 18 8 9 10 19 8 6 6 5 3 3 8 10 16 15 13 4 14 16 18 8 17 15 11 16 16 19 1 11 12 13 13 13 2 8 11 2 13 18 5 18 2 19 6 11 15 19 18 15 8 8 9 4 7 19 9 5 9 15 19 2 4 10 4 10 6 11 19 13 17 16 11 7 15 14 16 9 15 7 15 9 16 2 16 7 5 3 14 11 18 2 1 13 9 11 8 1 4 6 14 2 2 17 2 8 2 14 17 10 15 3 2 13 17 6 9 18 16 10 2 6 7 6 18 7 14 18 14 5 3 16 3 7 11 11 4 4 4 14 9 8 16 18 9 3 5 17 5 19 5 2 12 17 19 2 15 9 15 7 5 13 8 15 18 15 16 17 12 8 16 15 1 16 8 1 10 1 11 18 13 12 10 17 11 6 4 5 2 10 8 14 10 1 6 10 3 11 4 17 4 10 4 17 15 12 3 2 8 9 12 13 17 6 3 7 5 4 17 18 1 7 14 5 10 4 1 10 1 2 3 3 5 16 15 19 10 10 3 11 7 15 16 5 2 11 9 5 2 7 12 6 2 19 6 8 4 17 3 10 3 14 9 3 11 10 11 11 8 1 18 14 3 9 15 18 13 12 6 8 16 2 12 13 4 17 15 5 13 18 2 9 2 4 7 10 6 3 12 15 12 7 7 10 19 11 10 11 11 3 1 2 15 13 9 16 5 9 5 3 8 4 2 10 7 18 3 15 18 1 11 2 7 17 5 10 3 19 17 1 18 10 6 17 7 12 1 16 10 2 4 8 13 10 16 14 13 4 3 12 11 15 11 16 1 8 17 14 7 4 7 9 5 18 10 4 15 8 15 7 4 16 6 9 16 1 8 5 18 18 4 1 10 1 19 10 5 17 11 17 9 11 13 8 6 1 2 15 3 7 19 10 5 2 1 19 19 14 1 6 2 16 13 17 2 2 7 4 3 6 18 6 10 6 18 16 13 14 15 3 5 4 2 3 10 18 18 5 17 5 18 3 7 9 6 15 7 11 16 4 11 15 12 19 14 4 10 18 14 3 5 2 4 18 7 9 3 11 2 18 19 6 7 1 2 12 11 5 1 10 17 17 18 18 3 13 8 12 10 9 13 7 16 7 9 19 15 11 10 4 10 8 18 19 18 16 14 14 11 9 18 8 14 10 16 10 5 19 1 19 16 4 12 1 15 15 14 7 17 12 10 14 18 17 4 12 16 7 17 13 1 12 16 6 13 9 2 18 1 19 19 14 3 8 7 15 8 11 2 5 19 10 9 17 12 9 8 17 12 5 16 9 3 15 8 11 12 10 14 18 11 14 9 7 8 18 1 6 10 2 4 8 18 9 19 11 19 6 15 3 9 8 8 9 18 8 8 1 16 16 12 8 13 17 6 15 1 13 19 10 17 9 7 3 6 12 2 14 7 6 9 4 13 2 15 6 17 17 11 7 2 19 6 12 1 13 4 12 2 9 3 15 2 6 19 10 4 17 18 5 16 2 17 12 11 9 6 2 11 19 11 7 14 1 13 16 19 12 17 1 11 4 13 9 14 14 5 15 10 16 16 7 4 3 16 9 2 6 14 2 16 19 9 15 4 18 6 5 19 12 13 11 3 14 8 12 5 11 1 14 3 8 5 1 18 6 19 11 14 1 18 11 10 9 9 7 11 3 17 4 3 19 2 14 15 7 16 5 12 5 4 19 11 3 16 11 8 4 5 3 14 14 15 13 2 8 18 8 14 4 4 5 2 16 3 2 12 8 7 19 5 12 10 6 13 17 1 4 8 12 15 12 8 10 1 9 7 5 4 17 12 3 15 6 1 1 14 13 4 17 19 19 7 12 15 18 1 9 10 16 5 2 1 12 11 16 12 7 18 17 13 15 9 12 12 8 17 12 8 2 8 17 11 15 14 13 14 13 13 1 16 16 12 19 4 13 10 7 14 9 5 19 6 19 3 10 14 16 18 18 11 15 13 13 2 16 5 17 4 10 3 14 18 18 16 15 7 2 13 4 3 8 17 12 2 1 3 17 4 18 6 9 3 1 10 6 3 14 12 14 12 4 13 11 15 7 14 16 16 10 18 13 9 11 18 10 18 9 10 15 7 7 8 19 18 12 3 18 2 6 2 10 15 4 8 2 12 16 7 10 17 11 15 13 1 8 14 16 11 7 1 16 7 19 16 18 14 18 15 17 2 16 12 11 14 14 11 3 12 11 12 5 17 8 16 5 19 6 4 12 6 17 9 8 9 2 13 14 12 4 15 19 4 8 11 8 18 9 15 11 17 10 13 19 15 2 1 16 2 8 2 7 16 9 3 10 8 17 17 2 15 4 3 12 11 10 8 14 9 14 19 2 13 6 13 9 12 17 7 4 10 14 11 7 16 8 17 2 17 13 13 3 4 5 10 2 13 6 17 2 3 13 2 14 15 5 2 6 15 8 18 8 8 11 9 4 1 15 3 10 9 10 14 6 10 3 9 1 3 3 7 12 8 13 7 3 1 7 13 2 13 19 11 12 13 19 15 8 1 7 5 13 8 2 8 4 9 2 3 3 13 10 7 8 13 10 17 11 18 2 6 11 3 4 17 16 2 16 19 6 13 6 2 1 16 7 13 7 16 18 6 8 15 19 17 11 10 12 12 8 9 18 4 17 12 10 19 14 15 10 7 16 19 11 9 16 12 16 12 10 10 10 5 9 3 2 9 12 16 13 2 4 11 14 4 17 3 12 12 12 13 9 9 13 15 10 4 5 19 9 1 13 3 10 13 1 1 3 17 2 19 5 1 19 2 2 17 10 15 14 10 12 18 8 1 5 8 16 6 17 4 10 8 10 7 8 13 7 18 19 6 6 6 15 6 4 11 7 5 14 6 13 15 13 10 5 8 3 18 8 9 14 15 8 19 17 18 8 19 4 8 8 7 16 17 1 9 4 7 13 12 5 5 16 15 19 9 10 17 18 3 5 8 4 5 19 19 8 9 3 3 10 12 12 3 10 8 10 5 11 14 18 18 12 3 1 11 10 17 2 7 15 16 4 16 9 8 8 2 14 8 11 11 1 3 3 9 7 2 12 3 13 17 19 4 13 9 3 7 4 14 17 15 18 3 19 10 8 6 5 12 17 2 9 13 8 6 9 16 17 8 15 1 3 15 15 14 18 18 9 6 1 7 9 18 9 10 15 10 18 5 3 17 19 8 5 9 14 1 16 3 11 19 18 11 8 10 6 7 9 7 12 9 5 11 9 18 11 8 7 6 11 7 3 6 2 1 4 13 2 1 19 12 12 14 5 3 18 17 1 10 7 3 4 5 17 10 17 1 15 14 15 1 1 10 16 2 12 1 18 19 1 2 11 5 15 13 13 6 4 11 3 8 19 6 18 9 1 1 16 6 12 4 17 9 18 18 5 4 7 4 7 12 5 15 18 14 17 5 8 18 8 11 16 19 11 19 1 14 8 9 1 5 12 5 17 7 13 10 8 12 8 8 8 3 9 8 12 19 4 17 12 19 18 14 15 10 5 15 13 14 5 16 5 8 12 12 8 8 13 3 6 10 8 9 18 12 6 3 5 2 19 6 13 19 14 5 3 19 6 11 12 12 1 18 13 17 18 11 12 4 19 12 13 4 18 10 9 13 4 8 16 9 15 5 7 3 12 17 3 11 19 11 16 8 19 5 4 8 11 15 10 3 10 14 15 1 14 17 14 13 7 11 4 14 1 13 18 7 11 3 16 18 6 3 17 17 7 9 8 9 5 19 18 8 11 11 3 5 10 10 2 18 9 1 14 2 17 2 14 11 13 19 1 10 11 5 17 8 5 9 3 7 1 9 10 7 1 19 10 11 18 16 15 14 14 15 8 14 1 14 14 19 13 7 19 16 15 11 6 7 12 1 17 13 16 2 17 6 10 10 6 16 3 15 1 10 1 3 14 12 6 7 1 7 14 3 14 9 15 11 2 8 3 2 1 3 1 10 14 17 3 17 6 16 19 1 5 14 12 6 5 1 3 13 12 4 7 2 8 9 2 18 3 16 6 9 8 8 7 3 14 8 9 13 4 18 9 16 10 14 11 17 13 5 1 18 15 13 4 1 15 17 7 14 3 14 15 8 15 2 9 14 7 18 1 14 18 18 14 2 9 2 4 7 5 13 9 18 8 13 12 4 10 3 17 2 8 17 17 2 6 5 16 15 10 5 14 15 4 19 13 9 5 9 14 11 16 8 4 11 11 10 14 2 18 19 2 5 12 10 9 13 12 1 13 14 11 3 6 9 1 17 16 18 3 3 14 14 1 4 10 18 6 12 15 8 3 6 16 19 15 19 2 8 12 19 13 1 8 2 1 17 13 13 16 4 3 7 14 10 19 8 13 9 10 14 17 9 11 15 9 15 9 15 15 17 3 8 12 15 4 14 13 15 10 5 3 14 16 3 2 15 4 2 14 8 11 17 12 15 2 10 8 19 5 3 5 9 3 8 5 16 12 19 12 6 2 10 7 10 18 9 12 6 7 6 2 11 12 15 3 7 2 8 16 14 10 14 4 4 14 18 15 3 1 17 13 17 11 18 17 9 13 8 10 2 19 2 5 19 9 6 18 15 11 11 5 8 18 17 3 11 2 13 12 7 13 7 6 2 7 4 17 18 2 1 8 6 19 15 16 10 9 2 12 13 15 7 16 19 12 9 14 5 8 3 14 2 5 1 1 19 10 3 19 14 5 2 8 18 5 8 4 7 12 14 4 2 15 2 11 7 19 19 5 5 7 17 16 6 16 17 18 14 1 13 3 17 17 7 14 17 13 10 16 2 14 4 15 13 16 16 8 1 9 4 19 12 2 12 6 1 4 2 16 5 1 7 8 19 15 15 2 1 2 3 17 7 19 15 11 6 12 16 9 18 11 13 2 8 12 18 4 14 1 19 16 12 2 14 17 2 10 16 17 12 18 18 12 3 4 12 16 17 6 1 18 19 10 2 18 3 19 5 1 13 11 13 6 1 19 3 9 18 10 13 18 18 6 12 5 5 12 4 4 8 7 6 14 10 12 17 1 7 12 17 10 10 9 13 4 4 12 13 15 8 6 12 6 12 8 4 11 19 4 19 9 15 13 3 5 6 15 8 12 1 12 16 6 5 5 11 8 1 11 6 17 18 19 16 9 11 8 15 18 16 4 4 7 3 6 10 9 12 15 17 3 16 10 14 3 1 1 9 13 17 5 19 12 19 11 17 15 5 6 5 2 15 9 8 17 5 16 9 2 7 9 1 8 11 14 6 13 17 1 5 9 19 2 11 8 4 10 4 1 1 3 2 4 13 15 5 7 7 6 18 17 1 14 10 8 4 4 4 18 16 8 12 3 13 6 4 2 13 10 12 19 10 13 14 6 6 17 3 19 6 18 1 15 11 8 19 1 16 7 8 16 17 14 15 3 10 19 2 6 13 8 10 15 11 8 18 6 11 17 9 3 3 15 5 17 16 7 13 19 6 14 2 15 4 3 10 2 5 15 13 1 9 16 11 5 12 19 1 7 8 4 14 8 17 19 9 4 16 9 14 2 9 11 17 14 3 8 18 4 2 17 5 19 6 7 17 15 14 16 16 9 2 11 12 4 5 10 15 3 6 14 4 2 8 6 12 16 9 17 8 15 6 2 15 19 4 5 3 8 14 7 9 5 1 15 13 14 1 6 14 4 14 10 8 7 1 4 10 11 6 11 3 1 18 5 14 7 4 3 4 17 19 1 2 7 2 3 3 18 12 3 3 5 3 9 2 19 13 8 19 14 5 8 3 3 5 10 17 16 8 6 15 7 3 18 10 8 12 19 18 17 2 14 5 7 10 14 9 18 9 8 4 11 3 18 6 12 4 5 16 15 15 1 13 16 2 2 10 13 4 14 4 14 10 16 4 19 11 12 14 14 17 9 18 4 18 5 11 5 4 1 1 4 4 19 14 18 5 15 9 17 3 15 9 16 15 19 8 1 3 18 9 14 18 18 14 3 5 8 13 7 13 19 8 17 3 13 2 13 14 16 3 9 1 17 19 7 9 4 1 6 5 12 19 17 4 10 5 17 13 13 16 14 19 9 13 4 14 7 12 5 5 4 10 9 14 13 15 3 3 2 18 6 9 18 2 5 14 5 5 4 12 10 2 1 15 15 14 9 15 18 15 2 17 9 11 3 16 15 19 12 6 7 10 19 11 18 4 9 13 5 1 8 11 9 10 7 19 5 4 5 17 11 9 10 15 4 18 17 5 2 4 14 2 9 18 13 5 8 13 18 16 18 13 2 14 13 1 2 2 4 18 10 4 19 6 16 12 14 17 3 3 17 12 12 10 19 7 13 3 19 13 2 3 5 3 4 15 8 11 16 18 7 13 10 16 18 14 6 5 8 18 7 14 12 13 14 1 17 18 7 7 2 1 5 13 12 8 6 10 8 10 8 17 6 9 2 18 4 14 11 7 6 3 15 9 1 15 8 9 1 11 10 15 14 19 10 11 16 7 12 18 14 7 4 17 11 18 19 1 12 13 9 16 2 18 13 5 3 8 8 17 18 4 13 13 4 13 2 8 8 7 5 2 19 6 16 2 7 6 18 4 11 7 18 9 8 7 5 11 11 17 19 17 6 4 5 1 16 2 15 12 12 12 12 6 7 5 3 6 14 2 14 14 15 7 9 4 17 2 15 1 12 3 2 19 13 4 5 9 13 15 14 15 8 10 9 10 17 15 19 17 4 12 5 9 7 11 17 11 12 8 17 12 14 11 16 8 18 19 5 14 17 12 12 11 13 8 2 13 14 9 18 10 1 12 17 13 17 8 3 18 16 18 9 3 18 1 19 19 5 17 1 4 18 6 18 5 3 10 18 10 17 13 15 9 17 1 18 9 9 16 2 1 12 3 19 6 15 17 19 18 8 7 17 7 7 2 12 6 5 3 17 14 17 17 18 18 9 9 1 10 6 5 18 7 5 13 13 19 3 5 1 3 12 3 14 9 19 19 12 4 5 8 1 5 14 14 17 11 19 11 3 18 1 10 10 5 3 9 1 18 9 3 1 18 18 11 2 18 3 5 7 9 17 11 9 13 15 9 18 1 3 14 6 8 10 4 10 7 12 8 7 8 10 9 12 13 16 18 10 17 7 16 8 6 17 3 19 3 17 6 16 17 16 6 9 8 6 4 14 6 13 16 1 17 12 11 6 4 15 5 16 4 8 10 5 12 11 7 13 13 7 12 4 4 8 11 3 7 7 8 10 14 13 3 18 16 4 14 1 15 14 3 2 4 14 3 6 10 1 6 13 10 18 2 18 10 9 9 17 10 17 11 6 8 8 12 2 12 1 8 10 6 11 9 12 4 2 19 7 15 13 12 4 6 2 6 10 3 5 10 7 4 14 19 15 16 15 18 1 10 3 13 2 5 12 10 15 12 17 16 16 11 3 6 8 6 12 16 10 6 19 12 19 11 4 15 7 14 6 14 15 19 9 17 17 2 18 12 10 18 7 7 11 17 9 7 17 4 19 10 11 11 14 9 15 8 12 2 6 8 6 1 7 3 5 16 9 1 5 17 17 7 6 15 19 15 8 8 7 13 8 12 12 6 7 2 3 10 11 6 5 9 18 7 1 6 15 12 13 15 10 14 19 8 5 2 7 16 11 3 13 2 18 12 15 8 13 1 12 16 10 2 17 14 6 15 11 18 13 8 5 16 16 14 15 13 15 14 10 17 15 14 5 4 9 5 9 10 18 8 19 15 10 14 7 3 10 16 4 7 18 19 10 15 12 16 17 13 15 4 2 5 18 8 19 17 12 15 5 16 11 5 9 3 4 2 18 9 15 6 9 11 12 18 7 8 10 17 19 2 12 16 18 2 13 5 6 3 13 13 19 13 13 9 10 3 18 3 17 9 18 7 19 15 1 5 13 4 18 9 7 7 13 2 1 13 14 1 18 4 18 3 15 1 16 7 12 5 11 4 19 12 3 7 13 5 16 18 11 19 17 15 18 18 2 10 19 17 14 10 18 6 6 10 18 17 12 8 11 3 15 14 4 12 8 19 7 14 3 11 5 10 6 10 9 19 13 11 4 8 14 16 12 19 2 15 7 18 3 10 8 4 9 9 17 10 2 2 9 14 8 18 3 12 17 16 3 3 12 14 13 5 8 6 15 3 14 18 13 13 7 10 14 7 8 16 10 4 12 19 13 17 5 3 14 19 4 19 12 16 6 18 1 7 9 16 7 13 9 5 2 10 11 19 17 17 6 4 8 13 8 6 4 10 17 14 13 1 13 5 11 3 9 5 1 2 6 12 6 3 1 10 6 6 18 2 6 14 10 1 11 7 8 19 14 19 18 17 11 1 1 2 9 13 15 17 6 6 1 4 1 5 17 13 5 7 18 13 3 13 5 5 11 17 6 1 5 4 3 7 11 10 8 18 5 10 6 1 7 4 17 13 13 17 19 14 7 8 1 4 19 15 10 6 9 9 16 14 14 7 4 13 10 6 15 6 11 19 8 14 10 3 3 6 10 11 4 11 4 10 14 17 19 17 7 1 10 5 13 18 5 8 3 3 19 6 17 2 3 11 11 12 19 6 4 11 17 11 1 15 17 17 18 16 2 15 12 9 7 8 2 7 14 15 7 7 12 2 17 19 19 12 6 18 1 6 5 7 11 8 1 3 12 12 18 17 8 5 12 1 15 17 8 7 4 18 3 4 7 10 12 1 4 13 17 13 12 14 8 6 18 17 17 6 11 1 8 15 12 13 15 3 5 7 18 4 8 1 6 1 18 4 14 6 8 7 15 3 6 12 13 3 14 4 16 11 6 19 15 4 13 6 8 11 2 4 13 16 7 17 17 1 13 4 5 19 4 9 17 18 2 14 1 4 11 3 2 1 19 6 1 6 2 9 6 13 16 9 11 7 4 16 10 11 2 9 4 7 8 16 16 18 1 10 16 7 4 4 17 6 2 16 18 19 19 19 18 6 19 8 12 11 19 11 3 15 2 17 6 1 15 17 8 2 10 9 3 8 7 15 6 11 8 19 13 13 16 15 6 7 7 12 15 16 16 11 15 10 15 16 16 18 4 3 8 15 7 4 15 19 5 3 18 12 3 5 10 13 16 6 4 5 7 9 1 11 11 13 15 7 5 19 1 3 19 19 12 6 18 18 8 4 13 9 4 8 7 8 17 6 2 16 5 10 5 13 11 6 4 14 15 17 12 8 3 9 15 17 5 9 14 8 12 12 2 18 16 12 18 7 6 12 14 6 1 12 6 5 15 3 19 3 8 17 5 10 16 18 16 5 8 1 11 4 8 19 4 4 15 18 11 19 7 14 17 16 9 15 3 10 17 11 17 3 1 5 4 15 10 2 18 12 10 7 12 11 13 7 4 8 8 1 12 6 11 8 5 12 5 1 11 7 13 16 16 11 4 16 15 19 7 19 9 1 14 8 4 4 13 4 7 12 6 10 1 4 16 17 7 13 12 3 15 1 7 17 4 12 6 11 16 7 15 16 12 9 3 4 2 11 7 2 1 6 17 1 14 19 7 3 16 13 8 8 3 3 5 19 19 5 5 11 9 3 4 16 8 6 19 1 16 4 7 9 1 10 5 15 9 12 3 17 17 2 18 7 10 13 4 13 14 8 6 2 11 8 18 13 19 1 9 6 8 11 12 4 16 15 11 5 8 1 10 16 13 8 11 17 10 7 16 3 17 8 19 8 3 17 13 13 16 1 6 18 16 15 13 1 15 18 4 19 11 14 14 15 18 10 10 19 11 18 5 15 16 18 1 12 7 9 4 9 9 7 13 9 14 1 14 19 17 12 8 11 14 14 16 12 15 9 12 12 11 9 14 3 4 16 12 12 6 19 12 12 17 1 18 17 2 11 19 19 2 7 19 11 11 12 19 5 2 15 9 13 13 1 9 5 12 18 6 1 19 19 3 19 12 1 5 6 9 6 8 1 1 14 7 8 5 19 17 1 3 7 1 16 9 9 1 17 3 9 3 1 12 12 17 18 5 8 2 6 12 19 5 4 10 11 17 9 7 14 16 2 10 3 18 16 5 4 5 18 11 8 12 9 6 3 18 3 3 13 14 8 7 3 19 3 18 14 6 5 6 10 11 10 16 5 9 18 7 1 4 3 4 15 13 13 13 13 19 2 5 17 1 2 15 5 19 2 8 3 3 17 1 9 11 15 4 17 12 18 2 19 1 13 4 10 1 17 11 13 1 9 13 12 5 16 6 17 18 16 8 10 9 1 16 12 9 17 4 1 13 6 9 16 15 10 5 12 9 15 18 18 18 18 1 5 3 18 13 9 10 13 3 17 5 12 2 19 18 8 10 12 19 13 13 2 12 3 2 4 19 16 8 5 3 14 14 19 10 14 11 17 19 17 9 7 2 16 1 10 5 5 19 18 18 8 4 5 6 10 14 1 19 5 3 16 7 2 9 4 3 6 9 10 16 6 10 19 2 8 16 10 6 17 2 2 11 9 8 3 7 4 18 5 4 12 1 4 18 19 17 11 1 2 14 12 11 4 15 13 11 15 5 5 8 2 19 19 16 4 18 10 11 19 12 4 13 10 18 15 7 15 19 11 7 17 8 1 1 8 16 5 2 15 3 16 1 17 10 9 4 2 14 4 10 4 6 9 2 4 3 17 11 4 15 12 2 9 7 12 5 8 19 3 14 8 18 14 8 3 6 15 5 14 10 12 19 10 9 12 15 17 10 15 14 4 12 16 14 13 8 5 6 4 16 12 4 10 10 17 15 9 16 8 3 16 6 9 8 6 11 3 8 15 12 16 3 9 18 12 16 18 17 14 10 12 3 11 19 6 7 11 7 17 15 8 4 13 3 18 12 14 1 11 15 12 16 1 15 10 19 2 2 13 11 5 14 12 7 16 3 1 5 15 1 19 6 15 17 16 18 15 13 8 18 2 2 11 10 1 1 3 16 7 14 7 7 9 13 11 14 17 8 7 9 4 14 4 10 17 1 3 5 15 3 15 17 12 10 3 9 2 9 17 10 3 19 19 19 5 5 18 15 11 8 4 8 4 5 12 7 14 6 17 2 17 8 18 10 19 9 6 13 5 2 15 12 18 16 1 4 16 9 1 5 16 16 2 12 7 11 12 6 17 6 19 18 2 1 8 5 10 9 8 17 16 16 13 17 12 16 14 9 4 17 9 9 14 10 2 10 11 15 11 14 9 6 9 13 11 10 5 10 5 17 14 14 1 17 12 3 15 18 2 13 17 2 7 15 1 9 19 5 6 6 12 5 9 12 12 14 16 17 12 4 16 9 13 9 2 17 7 18 3 12 1 13 9 10 13 19 1 4 2 9 17 12 8 19 9 14 3 5 9 8 5 15 1 17 12 9 9 5 8 9 15 5 19 17 5 10 11 11 9 8 8 14 13 19 11 17 7 9 10 3 17 14 11 5 19 2 16 8 2 18 12 5 3 13 18 14 5 4 18 10 5 2 17 10 15 19 4 7 9 13 11 3 14 3 19 7 3 5 5 5 14 6 19 16 2 14 8 3 7 4 1 7 4 7 14 8 8 4 19 5 13 1 4 5 6 17 15 12 16 3 11 15 19 2 8 18 10 16 16 8 12 4 6 8 15 16 2 15 13 10 6 16 15 5 6 1 8 19 2 1 5 18 13 10 12 13 18 9 10 15 3 5 15 3 4 14 5 11 11 18 12 19 1 6 9 5 5 12 2 4 10 9 8 16 12 4 9 19 16 13 13 17 6 2 5 8 1 13 17 16 4 12 19 4 13 12 19 16 11 3 17 8 16 3 2 1 17 8 3 11 18 12 19 13 9 11 2 18 11 5 5 14 1 16 12 10 15 13 10 1 6 19 11 6 1 10 8 19 7 12 16 15 5 14 8 16 13 5 1 7 15 5 6 1 2 16 1 13 2 18 11 10 6 8 5 14 15 2 14 1 19 5 10 10 4 7 10 4 10 14 14 2 14 9 4 4 6 17 17 4 10 12 2 15 15 18 13 7 12 17 17 5 5 13 7 2 11 15 5 11 14 14 11 14 2 8 12 7 10 19 5 14 3 2 14 3 4 1 15 19 10 7 7 8 15 8 1 11 7 10 14 1 1 16 5 15 18 10 6 11 10 13 9 2 19 10 2 2 19 4 17 6 14 6 2 3 16 2 15 4 3 9 10 7 7 9 4 16 5 18 15 6 2 12 10 10 4 7 8 2 18 3 4 16 12 19 15 17 19 14 18 19 19 14 3 11 13 5 4 10 8 9 13 12 17 16 7 10 19 16 3 18 12 9 11 19 12 4 16 5 2 10 8 5 6 8 1 13 16 3 3 18 10 13 10 19 13 9 9 17 9 7 19 4 9 19 6 8 6 16 7 13 14 12 7 9 15 16 11 18 10 16 8 3 14 4 6 7 17 18 7 8 13 11 16 9 13 13 4 19 17 7 11 2 15 10 2 1 7 2 17 7 12 1 16 8 8 15 7 5 3 1 4 3 3 13 10 17 18 11 9 1 13 11 18 14 11 18 10 8 18 2 16 1 13 8 18 13 10 11 1 14 1 18 15 4 3 7 1 8 7 18 2 2 19 19 13 7 8 11 9 2 5 14 12 12 9 4 19 11 10 9 8 8 15 12 3 6 2 16 19 10 18 19 8 18 7 18 16 9 15 15 2 16 15 2 18 19 9 18 11 5 16 14 13 7 15 3 13 1 17 14 15 4 3 10 17 3 14 3 8 17 12 13 19 12 16 1 1 13 15 2 15 7 13 1 10 17 9 18 16 8 10 5 8 6 9 3 3 16 17 19 8 19 11 15 16 3 17 18 17 17 8 7 9 16 12 9 15 18 3 12 12 11 13 10 13 1 17 4 11 9 5 3 9 6 5 2 12 8 4 14 14 18 2 18 2 1 8 6 16 16 5 17 15 12 1 10 18 18 19 16 9 14 3 17 7 6 17 13 19 5 1 15 10 15 15 11 19 19 14 13 8 7 8 2 8 12 14 9 8 2 19 11 4 7 18 6 5 7 17 7 17 16 12 14 2 6 11 15 10 19 10 4 5 17 16 17 6 1 2 12 13 11 16 6 4 4 13 4 11 17 2 6 10 5 11 4 1 7 15 2 5 4 3 7 2 14 12 15 1 11 8 3 3 15 13 11 17 14 15 2 19 16 2 4 14 9 18 4 2 11 18 12 17 14 19 5 4 9 2 1 6 2 13 3 19 3 4 19 19 1 15 6 13 12 16 3 11 8 14 1 6 10 2 12 1 18 19 14 11 14 14 19 18 8 2 19 12 9 3 3 1 19 18 10 11 11 18 9 2 15 4 14 16 9 8 19 6 6 2 15 2 4 13 19 15 10 9 6 12 6 1 2 18 2 1 8 14 10 15 8 7 5 12 9 19 12 4 9 14 3 5 11 8 10 15 5 2 17 13 6 15 7 1 1 8 3 13 14 8 19 5 15 2 11 19 1 7 2 11 10 1 15 19 7 10 1 11 5 8 16 18 9 12 12 6 10 18 12 9 8 17 2 1 17 1 14 13 8 9 11 11 7 8 2 8 10 6 2 1 13 2 17 11 13 2 11 11 15 12 9 14 9 18 3 5 8 16 14 7 4 6 5 2 6 11 17 17 19 10 18 7 18 7 6 12 14 1 18 4 11 13 11 7 12 3 15 16 10 19 12 3 7 13 5 19 17 7 18 6 4 3 7 1 5 11 8 19 15 14 16 12 12 9 4 14 5 11 5 3 4 5 5 8 2 3 14 13 13 10 17 18 19 8 4 14 11 17 6 19 10 14 19 13 2 9 3 17 13 14 14 2 2 13 1 8 16 7 15 19 1 16 13 12 10 19 9 12 11 17 13 16 12 4 14 15 12 10 3 1 19 14 14 8 7 12 2 4 5 14 3 9 17 10 3 12 13 4 15 5 18 12 2 1 14 8 10 13 7 1 1 16 11 6 5 14 12 14 14 10 12 17 5 17 1 9 1 3 11 6 19 5 13 18 6 2 14 7 5 18 11 1 13 17 18 13 14 13 14 11 4 16 8 17 15 14 14 15 8 18 12 3 17 4 2 11 2 17 10 13 8 6 8 2 5 18 11 17 1 1 3 5 8 13 12 9 11 12 10 14 18 17 2 8 12 4 12 1 18 15 11 3 10 13 10 10 4 8 19 1 6 12 12 4 1 2 19 12 12 16 14 4 9 11 6 12 8 2 12 1 11 15 7 19 16 14 17 13 1 10 4 3 15 12 10 16 2 16 5 10 6 1 18 11 11 4 10 6 17 14 2 12 11 15 9 8 17 4 11 8 6 4 11 6 9 9 8 19 2 7 16 3 16 16 3 13 19 4 15 4 18 17 10 18 18 16 15 5 11 10 4 18 11 14 9 18 7 8 11 4 14 12 14 7 10 10 19 6 16 17 17 4 12 8 5 5 16 11 11 17 16 4 11 10 2 10 18 13 5 5 15 6 6 3 17 17 18 10 4 17 18 2 4 18 13 19 6 13 15 7 1 1 15 4 5 5 18 5 4 2 4 13 7 8 9 19 18 13 7 7 16 14 18 13 11 3 16 3 1 16 8 9 12 5 10 8 6 15 8 18 10 5 12 10 6 11 2 2 5 13 3 12 3 19 13 7 9 13 6 9 6 16 19 4 6 18 5 13 18 12 8 5 6 15 19 1 9 10 10 18 7 11 4 11 12 9 11 2 1 3 17 12 13 7 1 5 14 5 5 16 6 11 13 6 5 11 17 12 6 4 8 12 4 6 18 16 18 11 5 19 8 14 6 5 15 7 3 17 16 11 18 10 1 12 19 19 19 2 1 9 5 11 7 10 13 19 7 6 6 11 3 5 18 8 5 18 3 10 9 12 13 2 10 14 14 2 18 18 2 19 8 18 18 17 11 6 7 19 8 12 1 13 19 10 3 3 18 11 4 18 3 10 13 4 10 2 10 9 3 14 10 10 1 15 3 11 4 1 16 5 4 9 6 19 13 6 16 19 11 5 5 17 15 5 17 15 7 16 18 2 12 6 14 14 17 1 19 19 6 15 6 14 12 10 12 9 16 11 16 11 3 12 10 14 15 15 10 13 10 1 10 11 5 14 16 3 5 15 16 14 18 14 6 7 2 11 12 8 14 18 8 4 18 8 9 4 12 7 7 15 18 2 3 17 6 8 14 1 19 7 5 15 4 7 9 18 6 3 5 2 17 2 12 15 13 6 12 1 12 17 9 13 17 10 18 7 12 12 11 3 3 5 15 1 9 7 16 14 17 10 14 2 12 9 2 10 19 9 9 19 9 18 8 8 3 15 9 6 2 18 13 3 7 15 5 8 8 18 18 13 9 8 5 12 17 17 5 12 11 3 16 2 7 17 9 6 15 16 4 10 15 17 17 4 19 3 7 9 15 6 11 1 16 16 4 2 13 19 8 13 14 13 17 2 14 14 2 16 8 1 11 5 2 3 13 15 16 11 17 2 12 18 6 17 3 5 9 12 14 17 5 8 2 12 12 3 16 16 1 13 15 2 9 11 13 13 3 18 12 9 1 16 4 8 9 8 19 18 5 17 14 1 3 13 13 15 16 8 15 15 5 17 17 6 15 3 16 14 11 7 5 11 10 8 10 19 13 16 18 14 17 14 14 10 4 4 18 9 15 4 2 13 14 12 15 18 4 17 11 14 3 4 12 4 14 11 2 13 2 14 1 14 16 8 8 7 8 10 16 18 6 15 10 16 19 14 6 19 3 7 2 2 5 5 7 1 1 10 1 11 4 18 1 15 16 18 12 12 14 7 4 14 1 15 8 17 16 8 3 11 16 18 19 5 18 11 9 19 14 17 10 11 7 2 16 4 11 11 10 16 13 18 3 19 18 6 15 4 5 3 7 12 19 5 12 1 11 19 4 9 19 11 12 11 17 8 12 17 12 6 3 1 12 12 16 1 14 16 11 18 8 15 5 15 13 12 9 3 5 15 17 18 10 11 14 6 9 4 2 16 6 5 9 6 13 13 2 8 14 3 9 3 1 5 18 13 5 9 4 5 14 12 12 16 16 1 7 17 10 17 6 7 7 1 15 4 2 15 8 1 12 7 18 4 19 14 7 11 18 4 3 19 3 12 4 16 14 16 5 17 1 17 19 17 11 5 2 15 8 8 16 11 11 7 6 11 10 3 18 9 4 16 1 12 16 7 13 14 17 6 17 10 18 3 9 15 3 9 12 2 9 1 17 1 9 6 6 3 12 15 9 18 15 3 16 18 7 4 7 14 11 15 17 17 11 6 14 11 7 2 6 5 11 11 10 11 7 11 17 6 15 1 7 2 17 15 8 3 18 16 3 12 15 5 12 15 3 19 17 8 18 19 19 13 2 15 11 17 6 17 4 14 16 13 15 13 3 1 17 3 6 13 2 4 14 17 4 16 2 17 5 14 3 8 13 10 14 13 14 15 11 8 9 6 13 4 3 10 10 18 5 13 8 9 4 5 11 8 7 16 10 1 10 2 5 15 7 11 10 14 10 2 8 5 1 4 14 4 12 18 8 19 19 18 10 19 1 17 9 17 14 19 14 1 5 18 1 12 2 4 11 8 13 10 5 18 7 17 7 16 3 13 14 13 10 16 3 6 4 16 15 13 2 2 6 18 4 14 13 8 2 17 1 1 8 6 14 8 6 16 16 11 13 16 4 1 1 17 18 19 5 6 15 1 8 12 13 7 17 7 7 18 3 9 7 15 16 17 6 4 5 10 11 4 14 8 14 12 13 10 10 6 3 8 6 14 13 18 6 19 5 10 7 9 16 16 13 18 4 17 8 5 2 9 1 14 9 12 8 12 5 5 1 5 14 10 16 19 5 9 4 19 3 11 15 3 2 9 18 7 16 2 1 5 2 6 18 15 19 13 9 2 10 4 1 4 8 15 13 13 14 19 9 16 10 18 13 5 7 8 6 19 4 2 12 4 1 11 10 17 8 16 13 7 16 9 5 14 15 17 19 7 2 17 19 11 13 8 3 9 19 12 7 15 5 16 6 19 12 7 4 6 3 8 18 8 9 15 1 16 10 10 9 11 15 5 15 14 17 18 9 8 2 18 13 13 15 18 8 7 10 19 12 8 12 6 1 8 1 10 9 11 1 13 18 3 13 2 15 3 17 12 7 8 13 18 7 14 13 18 3 7 11 8 2 4 2 14 11 10 2 9 7 3 5 7 3 12 10 4 4 13 10 12 2 19 16 19 4 9 4 3 2 3 19 3 13 18 11 16 14 18 19 19 4 19 4 10 2 12 6 2 7 14 5 1 13 10 1 16 2 18 10 4 5 9 8 6 18 13 13 6 6 9 12 6 19 17 4 12 5 11 13 6 3 17 7 7 5 16 3 10 2 4 6 16 11 12 15 9 10 9 10 11 1 13 3 11 1 18 3 17 3 16 10 9 9 17 11 4 5 13 8 3 13 10 9 5 1 12 17 9 3 1 6 9 10 15 6 13 19 12 14 6 3 4 5 7 14 7 10 9 19 14 18 18 7 11 12 1 16 7 5 7 4 19 2 13 19 13 5 1 13 3 8 17 14 12 18 15 4 7 10 1 14 5 2 4 4 7 5 1 12 1 8 18 3 8 8 1 18 16 13 19 8 4 17 19 14 1 5 10 12 5 10 16 9 6 17 2 5 8 16 12 6 1 7 14 19 10 5 19 16 9 13 18 6 12 8 5 11 3 14 3 10 8 6 11 4 4 3 11 3 7 12 12 19 16 4 16 8 14 12 7 17 5 11 11 12 3 1 13 6 19 4 5 10 17 13 10 11 5 14 16 12 1 2 5 15 2 12 14 17 5 2 6 2 2 10 17 7 3 10 17 5 8 3 9 16 2 15 18 7 4 7 1 2 1 15 17 1 12 2 11 2 15 17 9 3 3 10 1 19 13 17 6 19 9 8 1 1 4 10 6 9 18 4 5 4 18 10 15 17 15 15 16 2 15 6 3 16 19 17 2 2 16 12 1 11 3 7 16 12 9 19 7 10 11 14 18 1 11 9 14 17 18 9 19 8 7 6 4 8 3 3 10 14 12 7 3 8 9 15 7 13 18 19 11 17 7 9 11 10 15 13 9 16 11 17 13 5 7 10 13 7 2 13 16 12 13 2 15 8 7 10 6 13 1 19 16 18 14 6 13 8 18 15 19 14 8 12 12 18 3 5 16 5 6 13 5 1 9 16 4 12 5 19 2 13 13 9 11 16 1 18 2 11 5 7 1 7 10 16 2 15 18 13 8 14 11 4 17 5 14 1 17 2 13 5 14 18 14 15 17 11 1 11 4 15 6 17 19 19 12 18 14 18 7 10 14 13 3 7 2 19 4 14 5 19 10 3 13 6 10 6 6 9 8 19 9 5 16 18 10 14 19 18 17 5 6 6 9 7 15 11 12 2 7 6 16 14 2 10 19 5 18 12 12 13 12 1 15 17 7 3 14 8 6 4 13 8 1 18 8 10 18 18 5 3 13 13 5 10 12 17 7 5 7 6 6 2 13 9 3 3 8 18 15 1 6 10 18 4 16 14 5 2 6 9 13 3 11 4 16 5 9 3 17 11 2 19 13 15 6 3 13 8 1 8 3 10 18 1 17 16 7 11 2 6 1 17 11 15 17 14 19 3 13 2 13 7 5 2 15 15 6 5 12 15 7 1 3 13 16 5 10 4 18 16 15 2 10 17 14 14 5 10 6 1 18 12 7 16 11 9 6 7 16 11 15 8 3 4 5 16 14 17 5 3 13 15 6 19 1 12 1 13 17 13 8 7 6 5 10 7 18 4 17 9 17 19 4 6 10 2 18 13 10 6 13 1 7 3 4 3 15 2 4 17 1 19 19 11 15 9 4 1 16 12 16 8 18 12 18 12 14 6 15 2 11 15 18 16 19 7 6 12 12 13 8 7 16 6 16 2 10 2 4 7 17 10 18 2 6 18 10 18 8 3 8 8 7 12 13 17 16 19 16 13 11 10 5 8 15 13 18 17 9 2 9 16 3 10 13 10 19 18 8 4 2 18 7 14 11 8 3 6 12 11 16 5 14 6 9 4 3 12 5 14 2 7 13 6 12 19 13 5 9 19 2 13 6 16 9 11 4 1 8 17 11 6 1 17 18 17 10 5 7 16 3 3 5 5 2 1 9 14 7 3 2 18 15 1 14 19 11 1 4 17 16 11 17 6 3 11 14 11 14 15 13 12 3 18 14 1 14 15 9 16 6 10 8 18 11 16 12 9 6 5 7 18 5 3 6 13 3 17 6 14 18 2 11 14 9 9 1 8 6 13 19 3 18 13 13 13 8 17 3 10 2 17 3 12 3 19 6 13 3 5 10 4 6 8 6 10 6 3 2 10 9 18 1 12 15 11 6 7 19 2 11 8 10 4 6 8 7 14 1 8 1 11 13 18 9 5 8 14 16 10 8 17 5 16 18 11 12 17 17 8 9 11 7 10 13 14 9 13 15 2 5 16 13 14 11 5 5 6 3 9 4 8 8 10 9 9 4 17 12 8 15 18 10 4 16 10 13 9 11 14 13 8 12 12 18 18 16 8 14 14 2 6 12 8 3 7 14 10 19 18 17 4 12 14 1 8 5 14 7 16 1 7 5 18 10 10 18 9 2 8 10 10 19 14 13 3 5 1 14 8 16 19 2 14 14 8 9 8 7 5 2 11 13 12 12 9 15 10 2 4 3 12 15 1 3 2 7 17 5 16 16 14 9 9 1 7 14 6 5 14 12 8 9 5 19 2 16 5 6 13 10 5 6 5 6 10 6 4 8 6 7 7 11 10 10 18 19 8 9 2 15 8 17 3 10 3 13 10 11 13 8 1 1 14 14 7 3 7 3 19 9 19 4 12 12 18 5 11 6 15 7 6 2 19 7 5 4 15 12 11 12 6 11 18 1 18 11 8 12 10 12 14 4 9 6 7 3 4 5 11 6 9 18 17 15 9 16 18 2 17 19 1 15 2 11 11 1 6 13 1 16 16 10 4 17 5 16 17 9 13 9 4 9 13 19 13 13 14 8 17 14 11 1 11 6 1 18 13 14 18 3 18 16 5 8 2 17 17 9 1 4 1 5 8 10 9 17 10 14 16 11 15 5 16 7 17 11 4 14 13 9 9 4 4 10 14 1 8 19 8 3 17 2 8 17 15 14 15 3 4 2 13 4 10 1 10 4 17 7 14 12 13 17 9 18 11 11 9 11 6 19 17 2 2 12 18 5 15 5 5 14 14 8 7 5 14 5 8 17 6 2 9 12 14 17 7 17 14 19 6 8 11 12 9 9 15 4 8 10 12 12 19 1 10 3 5 15 16 16 7 8 19 13 13 16 15 4 13 2 14 16 7 18 9 5 2 5 17 5 6 16 11 15 9 15 14 17 9 11 9 1 15 2 6 4 7 5 17 16 1 13 17 6 16 16 9 12 11 6 17 19 13 7 14 18 13 13 9 4 16 19 10 18 10 14 15 8 5 7 17 11 12 16 11 10 2 10 12 16 5 5 13 2 1 7 17 6 8 15 3 3 11 12 12 12 12 13 8 19 1 15 15 9 2 14 11 3 13 9 9 13 2 3 12 9 5 9 12 14 11 7 5 5 16 1 19 11 3 2 6 10 16 12 9 16 7 8 15 17 8 5 18 10 4 16 5 8 7 16 14 11 18 1 15 5 19 16 7 5 19 9 13 4 9 17 9 2 15 3 17 4 16 1 4 14 14 6 19 18 13 7 7 1 3 5 2 12 1 15 14 12 16 11 12 14 8 17 17 19 3 11 7 17 11 17 18 12 5 11 8 11 3 5 14 15 9 4 5 17 18 1 17 13 1 16 15 19 6 8 18 9 12 1 16 15 2 3 17 12 3 3 7 15 12 16 12 11 4 8 16 8 16 18 2 7 12 13 13 1 18 9 14 13 18 7 3 15 12 8 6 1 8 2 15 15 4 4 16 3 2 14 13 16 12 14 15 19 4 14 7 10 12 8 6 10 11 9 17 19 11 1 16 9 5 4 2 5 17 6 18 12 9 17 3 10 12 18 10 6 2 19 10 1 1 4 11 9 8 13 7 11 18 13 3 17 4 5 15 7 18 10 2 15 14 2 9 1 8 9 19 16 8 13 3 6 17 10 8 12 7 7 11 6 7 16 16 10 3 15 9 16 19 11 11 18 7 8 8 18 2 15 5 18 19 8 11 14 10 14 13 15 13 15 1 13 4 12 5 2 3 4 13 6 19 10 7 14 9 14 5 19 16 3 8 15 8 5 14 19 3 2 9 13 2 11 8 8 16 12 12 13 6 2 12 14 9 11 18 15 18 7 9 15 10 18 4 8 6 18 6 14 15 9 1 12 4 3 10 11 2 9 16 2 10 17 7 2 15 15 2 14 5 17 11 10 19 2 8 7 11 4 10 17 11 15 12 12 14 1 4 3 6 7 10 18 14 2 13 2 1 17 9 7 18 14 2 5 17 11 6 5 11 14 13 13 15 10 8 13 15 3 14 19 13 7 12 6 3 13 9 13 8 11 13 4 16 16 19 19 5 11 3 16 7 16 5 15 12 10 19 10 11 6 11 6 9 13 18 5 12 18 17 5 12 3 3 8 19 11 4 18 3 1 14 4 5 16 1 10 1 9 6 4 10 15 8 2 2 10 16 9 15 15 16 1 1 5 13 10 4 10 17 8 4 16 12 5 10 11 15 13 17 16 9 12 2 12 5 13 12 8 16 4 12 17 5 6 9 10 12 15 10 17 9 5 3 8 11 9 1 4 9 3 13 13 6 13 19 3 7 16 7 7 5 15 1 13 7 17 7 1 19 6 18 3 14 8 12 3 9 2 4 3 19 3 14 16 19 12 12 9 10 16 3 4 10 2 5 6 17 8 8 16 4 1 9 18 9 18 19 19 10 2 1 9 16 17 17 19 12 10 11 8 4 
// di
2026 606 8103 9522 4879 673 2168 8220 7975 4012 9779 8435 2964 2613 3532 3743 4859 6482 4376 6876 9137 519 8139 1648 6614 4119 4465 1211 9893 8839 2503 755 6211 9205 2619 7909 6194 7647 3726 5321 409 4073 2282 4928 351 9906 4121 2080 3371 6833 2248 4285 6317 6942 6600 9987 1173 8777 7833 3038 4097 2015 470 2186 2696 7923 2198 1595 2900 6011 8653 8290 5992 7917 2504 1914 323 782 9158 8514 106 7485 8708 7266 5669 4696 6265 4946 5301 6531 5582 2810 1880 6952 2311 5660 6194 8677 71 9312 2950 1202 7767 8330 664 5811 6552 989 2741 1510 7584 9792 4297 9100 5009 9496 605 4691 8589 9264 8167 9416 9903 628 6733 9838 8441 4572 8279 5675 8245 5240 3353 1753 4343 1558 9093 3351 6618 4407 7242 5988 1985 9013 6131 7568 8475 7871 3039 8496 5125 2360 6490 8953 6743 5816 8129 4356 457 5760 3322 3572 7060 3179 1009 6627 4935 5895 5432 131 8810 3394 4366 912 9343 498 1039 1578 1379 878 678 5159 6107 6946 910 365 7846 2967 7958 6588 8683 772 9607 1629 2612 5010 3221 6067 9153 7798 4886 6413 1631 4032 9843 5738 6183 9777 7313 3864 9767 7527 7626 2325 9351 6095 3882 514 4112 8309 7532 6111 7310 5373 9938 7817 9748 1965 7220 6668 1824 423 7523 3019 2081 367 7773 1076 5150 1662 9303 2925 6518 7714 3606 5740 5967 269 4472 8304 8190 8157 2614 7418 7353 6079 7222 1856 8815 842 4105 1455 6671 5798 7738 577 8295 6747 8896 490 7624 6681 4665 9681 9918 6080 6326 7831 4504 7583 8299 4692 8535 6913 9780 7410 8002 5588 7154 3084 4508 2937 5990 8576 6853 920 6004 9107 1316 9997 7437 7423 5206 1755 4108 6319 3006 7764 4272 6280 3898 5917 4806 7587 2451 756 7564 8229 1447 3682 3867 9776 1012 4708 323 2544 5265 3774 8865 9241 9315 2682 8499 3976 7115 5785 7857 1716 5377 6475 8760 9241 4181 6918 1524 1262 8957 9099 9806 9308 6792 9715 1065 8848 5830 1551 8621 6692 5718 8458 7005 1558 2837 586 2188 58 1440 1125 1994 3496 214 862 5062 8035 1728 6968 8320 5400 7502 7125 2301 1217 8864 5375 678 3344 2838 4843 463 8502 4433 7792 9142 3090 6930 9269 3145 8008 1779 8119 8442 7992 2870 2212 2137 8759 5882 3070 5866 1214 6279 6486 6129 8628 9763 9110 4815 7959 3361 5107 1188 7505 6120 2350 6159 4033 6286 2856 6946 3811 3696 4448 7327 9796 9634 1603 8181 7943 8236 9892 2658 8022 4701 3419 3156 7923 4712 3519 5909 6373 5437 3949 7184 9474 253 9286 5747 4268 4095 3616 7489 7983 9478 9960 6281 315 8608 2931 5549 3251 3669 5051 8626 5833 3770 6614 4011 8921 2601 8740 1098 4804 4404 6171 8517 9812 3556 2210 8141 2125 3171 3352 300 8524 8900 4449 8250 1896 3578 2493 9817 9935 5807 3482 8822 707 3185 9714 2462 7004 1967 4839 885 108 7256 7037 2028 3346 8847 1137 2713 2862 605 4616 7467 5686 379 7032 122 8590 5555 3839 9176 8123 8785 2293 4519 6874 6766 1524 6148 9244 7554 4474 3847 165 7360 5568 5873 5494 8259 3621 4837 5189 2148 5353 5338 5241 2950 4852 7647 4775 1643 843 9790 9557 5449 814 956 9172 5476 8098 1384 1085 7088 4714 9376 3182 3362 4849 4740 8759 5389 8668 35 2412 5128 2196 4762 548 9324 3069 634 6583 3672 6341 5423 321 8086 1945 1781 8728 8042 1376 6682 6895 3874 5123 7373 1778 4496 7825 5679 6622 7730 7917 5076 9600 2829 3510 4338 158 1053 9410 8797 8019 8041 4178 6597 2287 9624 2490 1317 286 2887 3756 1469 5094 5777 3878 1343 149 9555 9666 2455 2704 7129 1630 4378 3489 4478 9875 4985 163 8175 8659 5870 9691 5492 4779 1021 3082 1458 319 3623 9049 4941 1990 6945 3234 8155 2937 4021 8366 9532 6700 3270 3051 9468 4532 9543 4926 4700 5188 8653 1912 668 9004 4347 4509 7380 6568 4588 2103 9711 1747 2058 8398 407 5597 9967 3023 8390 7164 1736 6892 8196 2377 982 3210 1346 9589 4992 6599 350 9242 8959 2582 1872 8695 9172 7980 2657 1287 2223 6542 2568 7761 5570 9984 3140 6440 1911 8317 7493 8880 4316 6223 9214 3300 2597 278 3263 8800 352 6683 9974 3710 5526 7106 4403 2591 9286 3446 8755 4797 1854 310 906 9718 7674 4146 1589 1404 3232 9015 3484 9926 5809 3227 3429 617 8123 4160 3758 7289 2605 980 5726 8108 7531 267 9140 3790 5503 6504 3842 7728 1156 3496 5758 923 9596 7510 2750 8222 470 5206 4177 6215 3607 7499 9949 2766 1748 1028 7475 8838 1259 8494 2400 5752 5762 8157 6723 4429 950 9992 5494 5249 6755 8347 9632 2442 8448 1831 9830 4295 5137 9095 8757 1910 4475 8751 5382 7840 8123 6429 4501 2310 2347 8545 9652 9207 538 8497 1852 8638 4879 1842 4280 5298 4473 4235 8008 3063 9788 8066 7226 9910 5476 1454 1097 8673 9046 6703 604 6499 2311 8696 4101 8570 1676 2092 9333 6878 1585 8930 5207 3316 709 4385 6638 5359 6860 3223 9598 945 8633 2684 5465 9920 406 2456 2046 9648 8894 9791 1249 5499 4419 8441 148 509 5685 2456 1954 827 1001 8175 752 1198 2574 4624 8370 5501 7776 7433 1981 6214 7136 743 8258 3064 7964 4629 1298 9130 8571 8110 440 5485 693 8251 2504 8724 4817 8601 2683 7351 6426 6699 9040 8001 8332 9352 8683 933 1887 1428 5327 9239 2533 1256 8322 1509 7242 4492 5522 2760 2401 7430 6200 8262 5798 377 776 5887 9367 6835 7784 386 1132 5598 4243 377 6101 8222 8016 719 4975 8517 2855 4807 4018 5531 9196 2428 3349 1815 7414 7745 3655 5085 479 1724 8587 1011 9091 5395 8183 777 1766 2979 1415 3382 9463 3329 2976 2041 2771 154 9846 8579 3444 5245 6945 1974 8444 4601 9928 3290 9185 845 6510 3975 6641 5559 2230 2206 6879 9928 8017 3829 9770 5695 7507 5742 5313 4412 1709 3465 55 1170 6477 3744 5441 6686 597 4131 3231 2127 1283 4424 6442 9086 295 6636 7747 5036 7633 1196 3651 9015 1296 4710 9820 8580 1250 9367 5694 68 240 3233 6743 6070 5441 4131 9590 8416 3277 297 3154 8465 88 6103 3560 3307 4702 7809 3632 3074 1960 2378 7547 8659 2720 9956 1355 7745 574 8354 9746 3023 5730 1041 5196 5877 1943 6161 1157 4540 1656 7634 7245 3573 6037 551 3918 2201 2792 347 5953 4176 5158 9545 6485 5058 4407 9722 1991 14 4068 2941 6881 7089 7718 9109 3389 2593 3242 8632 9598 5031 3441 611 2329 8634 9380 4194 8704 9311 9036 5585 3259 7281 7259 4671 4687 4956 1310 1002 7918 5640 3447 8957 2914 5245 9097 5230 9208 388 1539 456 4301 7026 5203 3941 2518 9531 22 9835 9603 9731 1489 8095 8022 6241 890 7930 6087 7045 5965 6592 6520 2266 5502 6371 9875 7691 2266 2652 4158 2613 8501 9384 5907 905 369 8404 8092 5043 8038 7978 7524 8474 3917 589 3615 3244 8757 1382 2888 6005 6774 8787 3581 4061 9862 7782 6879 6413 2214 7823 6530 4220 8334 9308 8221 5839 9345 3250 5048 3310 6721 158 913 812 2062 6857 8983 9338 735 6914 6833 1482 6649 1881 1246 5768 7144 4211 4116 8722 9624 83 9593 1818 6675 1090 1690 1727 9271 5996 9059 4439 4754 6788 9870 4373 5509 9685 8653 5513 8061 448 4550 3259 2925 603 8324 6890 9256 6393 8248 9645 5073 7150 8782 5342 1575 3604 6866 6221 6072 5979 5697 1713 67 7916 1574 8405 3124 7572 613 6467 2817 8359 544 258 886 7058 3951 3155 9191 745 4524 1844 4825 4589 4842 5319 7584 2866 245 4255 9340 9541 1762 4663 3976 6277 9614 4714 6268 6896 2100 4893 6303 209 8777 6098 7541 5063 9583 6673 152 7154 2803 2363 2651 9079 5403 3524 5367 5708 9298 9503 9215 4817 9858 7258 9278 3086 4703 9595 8890 1948 6839 3043 134 3166 7380 6283 3981 3410 9287 2255 8318 7991 4747 1187 9398 9366 3928 5698 2943 9352 6242 8508 8290 3779 2141 3382 1249 3735 2771 3863 144 3225 7252 9463 7924 934 4841 5779 2336 983 8842 1358 9795 8014 3977 3281 5929 7498 3898 4579 8113 4765 7748 1071 2500 7558 9850 7310 430 2503 2879 5364 6223 5999 4023 7619 433 5266 1155 1703 724 3286 8957 9918 4266 1190 8506 2364 2901 8899 1430 8573 3090 6190 5154 3453 9461 2310 1860 7606 879 6313 6736 2374 3122 5290 8573 1127 8448 195 3417 6776 9961 1033 1144 8346 5612 7893 9716 3244 9245 5077 4201 9001 2717 4190 8809 313 1663 2885 5869 1358 1273 242 5046 835 6347 1694 6872 9089 1601 2935 9009 6838 1159 2215 9387 6178 9634 1726 2204 4055 6173 2261 5128 7587 195 2698 657 6980 2243 1158 8991 7117 8223 9121 7758 2311 6690 9265 4199 5064 796 2678 9372 4071 8287 2677 1718 7190 8140 7461 8852 5717 2182 6554 9706 9466 6760 5093 5453 6646 3639 9236 6428 7376 4680 9718 4987 6736 648 9021 3453 7056 6378 6727 4959 1838 1988 9439 4353 1660 2570 5829 397 4772 9884 4894 874 7835 2878 310 6312 3182 6307 3717 3404 8637 5536 4385 3312 7317 1100 782 5070 9158 7465 9245 6086 8734 4069 3000 7626 2224 5833 7436 3486 7141 544 5027 3347 3399 3403 7945 4826 2303 4190 7819 680 7089 4896 5164 5248 6543 3091 1921 2651 102 1676 7247 1360 4881 4695 7634 1031 7952 7364 9235 8706 7828 9180 649 6243 2703 1987 8999 6739 8216 7369 7402 6856 5648 6866 571 3449 183 7111 1689 9045 5550 3702 4922 8555 7921 2632 5278 4308 8833 5169 8825 3666 4522 730 7355 3378 3394 244 1714 1507 7522 6199 4918 2242 2823 1790 3210 7829 7340 6878 94 5384 9898 9986 7620 8061 8055 8589 3112 620 8465 5598 4654 6016 9131 1533 4031 5319 9995 4374 1196 8886 6782 1750 3803 6860 1444 5902 8103 3707 8842 3011 6850 9470 5060 947 4476 5425 1344 2153 1245 9414 3831 3789 313 9815 4548 9597 4068 8493 3907 3582 7493 8606 8296 4800 7429 9568 2575 9101 1543 4265 8382 4484 4414 9070 3234 4681 1321 3475 3901 1274 95 310 7556 4152 6724 5201 1460 2280 1578 3980 6532 4033 6791 5141 1090 6627 2618 4420 6226 8986 7220 1142 9622 7451 3810 5273 7357 95 538 1872 4920 4921 895 7215 9094 5471 3977 2382 3481 453 9865 5063 1223 6019 5113 4904 2239 6315 8988 7463 6079 9755 7243 4598 3030 9447 1617 321 1148 891 2804 9216 1447 8096 2151 7768 6020 8485 7124 9884 1667 9365 1764 4433 5160 8672 9305 6494 3091 685 5324 2044 8568 9275 1190 9108 7296 2380 6292 5937 3311 471 9422 5385 7863 8583 8278 9394 6319 7110 7677 66 7784 6544 8753 2246 207 1041 4401 9581 5236 3046 2741 1798 2084 9979 5523 3385 729 9146 1477 4334 51 4929 6258 4698 4100 2620 9795 8512 8567 5772 4719 6185 6129 2898 8828 9358 5800 1514 4322 64 7103 856 127 9870 5907 5289 8659 8119 9998 9593 6795 3402 7631 7529 5022 4157 2206 8636 539 9920 9252 6748 1202 896 7865 2817 4537 2916 8997 548 4692 5741 1382 1723 2168 2092 8088 5058 2174 8133 101 2859 5451 2228 6472 9057 7901 4864 8256 8263 2748 4331 7296 784 161 4275 2480 6812 7835 6839 4904 6400 8714 1140 3706 8186 3059 60 8534 1875 3638 7941 439 9978 5261 4132 2782 9581 8395 9073 3749 2870 9023 8206 3125 3153 8397 6812 2389 6721 5543 626 7248 9807 9977 6851 5739 3742 7097 435 3527 2015 327 8150 5226 9523 1980 6454 9960 7099 9518 4834 4261 2912 9303 6178 4835 3622 74 5962 5891 7049 5159 8478 894 9499 588 6988 1935 8315 5904 8876 9333 6870 6347 8237 3026 3252 1883 5393 6247 5030 7107 989 9820 1925 847 8818 2270 5101 8946 5416 9172 3601 9174 8560 5773 3666 7785 3520 9420 7046 5701 8727 3035 5197 9199 7447 6369 4607 5724 6187 6439 8974 9832 1529 4105 2041 3036 9177 5400 9488 8673 296 9280 4171 2776 7354 8208 1934 1243 9298 9658 1909 1670 2357 9691 5341 3024 3507 2321 57 768 369 4264 9552 2304 7359 1915 5051 7669 1317 1994 8368 5531 2249 3327 6068 4552 1270 4962 7113 985 417 59 3359 9621 1662 9770 9833 3119 2550 1216 2687 407 8031 5263 5174 9830 5475 972 1763 7212 5743 4219 5804 155 3002 3569 7000 8630 8162 5535 3253 3943 3127 3180 9566 628 561 9479 9460 4457 1632 8630 447 7898 8389 10000 6174 7973 9756 9135 1239 2139 7477 5549 1907 4521 8491 8956 5598 2486 9571 6451 2333 2833 1178 6868 837 3570 2081 556 4706 6828 851 85 5004 1555 2872 9976 18 8690 8201 602 6338 3209 6627 6598 3199 3431 1338 9215 2557 8486 4395 9764 6980 2869 33 8271 5685 4540 1550 5076 2661 284 3117 8124 3522 8888 1257 3821 3293 6770 501 8263 7293 9943 265 2494 7975 8800 1953 4542 44 4014 2903 418 4266 8805 6121 581 8786 5386 7192 3583 8749 4459 3750 8477 9536 7843 4741 1122 9448 4205 4459 1675 5327 7395 8693 4508 426 5833 8922 6265 779 4467 7336 5633 6963 2455 9328 5536 6978 8517 8593 5338 8664 241 53 6704 4946 3700 5374 4838 3286 6848 3891 7381 3711 1145 8838 426 7089 2184 7157 6459 6880 2779 1125 991 5979 3649 8317 6447 3871 6466 4308 9640 4039 2230 5799 5802 32 2161 4271 687 5885 2129 8673 5299 1619 1472 117 7253 4717 1688 8985 4556 6929 4479 6611 8830 2401 9456 3130 530 7087 3398 8889 2693 3886 925 6873 2717 5834 1383 4860 8237 7279 4166 386 2510 7423 7117 9953 3107 552 4666 9338 4300 958 4847 3068 5429 9115 6166 939 1705 2417 9833 7729 3055 6475 7233 1643 354 5138 5011 3647 1838 9227 1078 7244 8500 9909 6782 9404 9519 2494 5953 7010 1517 5570 1871 7842 4539 5932 6604 2863 7759 1632 9846 3889 8584 297 2566 5637 3377 4504 9578 563 3287 4659 9407 3990 2277 6789 9182 4706 3689 2699 3978 7935 3811 8800 7470 7548 7962 7413 6208 6961 4932 6434 4486 7324 3092 3238 8463 2410 344 1838 4768 4010 6014 861 6444 8207 8430 8771 5059 8932 2969 5789 298 1348 2018 7932 7824 8345 74 7220 5757 858 8959 7971 812 1525 3334 1295 6929 1338 6316 4178 6290 2090 3292 4108 9715 252 904 6283 5121 1200 9854 8691 4973 1729 5543 9871 3719 7254 2017 557 5110 5217 5133 8644 5484 8092 108 5676 6664 1794 1944 2265 6690 4847 8644 3132 7495 5511 9988 3528 1508 9414 9956 8693 1173 1501 8641 5345 456 8108 961 1092 1157 3551 5181 7602 4409 9013 9712 3359 4510 702 1797 685 7638 7518 2952 8513 2305 5410 8260 6726 9184 1550 4327 2884 6155 2640 1661 5816 7476 2108 360 1925 7578 9812 843 9185 9976 7532 1844 8170 2911 9304 4034 1156 5430 8106 4001 765 9192 9714 2606 4096 8895 5257 9629 7856 7804 8128 481 7048 1693 158 5962 2226 6773 1267 2509 1393 2816 7002 696 9529 1524 4595 9520 2512 5783 4142 9304 2289 7373 6611 3642 5011 5147 1626 5240 717 1543 4143 8527 1117 4898 7788 1674 3046 8752 3880 2640 8115 1290 9217 76 2845 2015 2363 1668 4153 4509 1811 5661 7888 2925 7727 7814 443 4918 2146 236 83 1699 6626 5203 3133 9233 6613 5992 9208 1338 6469 6470 8250 115 811 3697 6715 4353 9462 59 5640 9556 1957 4683 6176 4988 4248 493 5438 7436 5935 2084 251 4625 9194 8647 5490 1115 3111 7151 4472 8823 8957 5263 7760 6880 2951 5431 6946 7801 4765 9978 3664 2127 1277 5153 7961 8540 1033 9993 8412 8110 4749 8594 2971 935 7076 4969 779 6034 7586 392 5163 3963 5731 5864 6778 5511 8005 5973 3139 4625 4589 9446 9708 1331 7966 5737 8010 4165 6932 603 678 7110 6196 8153 6878 8512 1152 9571 3472 7760 6134 9750 9791 4175 5068 6920 2226 2689 5488 6338 6514 4643 6911 9416 200 7970 8638 377 8192 2407 3466 2613 4232 528 894 7016 391 2890 9744 6466 4580 2758 2197 9091 5761 9530 5021 5880 2704 9227 8199 4087 6485 6257 3300 1043 7834 6102 941 4678 2636 229 1388 6169 7188 536 5892 8022 4531 7297 5446 9853 4890 2574 6269 9638 4912 3978 3975 4490 4624 4791 1462 3731 8426 7796 8354 7775 174 3063 3704 9632 3921 4204 5931 2733 5767 1323 9661 4614 1458 3286 4216 7368 3800 784 4572 1930 3146 5416 7786 6984 8037 2686 9514 2686 5771 8519 7372 688 6608 9043 789 9058 6871 5603 4453 5394 851 6497 8687 7104 4776 4417 7117 3607 1522 2187 7252 6628 4615 5943 3764 7536 7922 7116 6691 2353 3256 2570 6452 4317 6025 9556 3999 1633 1875 9363 8192 6105 6034 6097 3763 3833 4658 254 270 8806 1501 321 9609 8473 242 8891 9373 7689 968 2950 3390 3628 4007 3744 7748 8499 12 1619 2598 5658 3964 8111 5389 2903 841 9560 9096 2687 3191 9485 7229 3173 123 904 8906 3864 5908 9918 744 3069 7637 4702 7492 6866 9361 1215 8676 486 4756 953 3508 2340 8571 9495 7822 563 6729 7533 9883 3376 7819 5797 440 5475 2263 38 805 5644 9037 1237 5857 6956 410 3842 538 1859 2399 7760 6799 5125 4902 8484 9161 4375 3156 4876 4013 3345 9849 7408 9758 3950 7686 1328 5824 2042 1983 6062 340 2125 2402 3180 4873 8281 7230 9080 9521 5851 12 7838 2070 7881 6638 3356 3118 5588 6107 6551 9730 1802 3963 1081 5190 1583 679 6801 1460 6120 2486 4976 3491 7697 6254 7219 7747 5675 7968 6829 738 5434 4398 848 4052 8617 6805 2834 4209 829 7637 5790 6798 8183 5533 130 7491 4660 9684 8873 3058 7329 1136 4558 8230 5581 3238 7583 89 6326 3909 5892 2003 3303 2348 5873 6727 5414 455 4792 8555 2091 3463 1295 947 5701 4920 9069 4674 5499 5094 648 791 2900 1783 3504 9572 51 4670 5432 2581 1773 6666 6798 6540 3640 3841 9945 3425 4036 5980 1826 5990 6038 3383 7053 9445 6750 4683 3143 9437 3315 8976 6688 4165 3437 7582 7465 9669 8071 6800 6671 6689 4554 4668 2729 7571 3528 1610 6485 9769 6583 977 2212 1233 8225 757 4942 7577 1207 3130 2523 3361 5738 7013 4972 1699 2603 2966 9381 130 8763 476 5851 529 2553 8506 6889 8035 8667 8100 1357 2559 6569 3103 1216 7182 7338 7588 8558 6439 9841 2418 5964 8433 7718 1841 8812 4745 4978 2162 795 7529 1328 4980 8916 3780 9284 1378 4672 2446 4246 7983 2219 9381 5148 6125 317 9437 7921 4693 2001 8518 9622 2759 6923 7426 600 1597 9752 6323 8829 1259 5576 505 7299 4362 1171 3374 1529 7322 5130 960 4265 5679 4488 3087 5937 7252 4561 829 9771 8935 6011 2100 5925 1911 5901 1685 4817 5496 5482 9359 7386 4998 7550 3503 1745 5908 4362 5039 2153 8873 3772 3190 9529 5860 4906 7021 5357 1284 5827 562 4200 7683 4246 6257 5144 5911 7688 8137 5809 9125 999 6212 7651 9869 8707 8516 4854 3568 2052 9107 7920 7719 1706 2885 5243 6039 7112 2762 8915 4464 6538 3 2889 2216 5516 9064 4436 9854 2785 5911 2790 2641 7846 3035 1369 7020 7438 4202 2347 7558 9763 5399 1152 2470 9086 4232 3697 1620 8751 3269 8818 1361 472 7872 5000 2569 2759 8700 373 3096 7681 9140 642 2246 996 8746 4582 6673 4623 2270 2562 8287 8810 2463 7569 6676 9537 7710 9787 4592 3214 3163 4060 5114 5328 242 9485 3447 9852 808 763 6153 2643 1768 5184 115 6596 2815 5973 9698 3343 2783 3690 5246 4461 3795 6714 1515 5512 1976 2966 8304 2917 7936 4125 2710 1475 8070 7040 3830 1871 7762 6126 9783 8031 8195 174 7407 1367 6609 7293 4625 7845 8297 1614 8212 3246 8206 878 5991 4235 7022 5122 993 9766 1176 8875 7757 8580 2927 7683 5869 9117 9288 7995 540 7830 8423 2486 2596 2297 8040 8800 3333 5174 424 6756 3949 3766 4123 9339 1219 5684 5346 6115 8574 4732 7361 9708 1486 2902 1055 7343 1644 2056 120 5692 8680 8053 8347 3059 5610 8614 1570 3434 4106 2648 1944 6061 1318 9630 4619 4814 1837 1066 5121 9518 1367 3190 3876 8563 6282 5115 5805 2667 397 4881 8428 3501 6040 8607 4769 9831 2234 8647 1451 3845 2556 9969 6822 3714 832 6526 8583 6060 801 9477 7051 23 2624 8928 4529 412 9396 13 3068 6814 3482 9471 5934 6673 1744 5469 251 95 3315 7753 2004 9479 2066 3074 2106 3905 3196 2112 8333 1534 7119 1239 9671 3736 9236 7147 295 1851 6968 1413 6258 1986 6900 9402 9114 5989 6736 5241 6700 1710 5103 6664 8959 4529 8462 9931 9505 4587 343 2015 5795 9289 432 3000 5962 1973 9566 7504 4057 559 8152 8808 8294 5806 7832 9951 9563 2350 4157 4034 1516 954 5409 8322 6848 8004 6786 754 5546 6272 7425 8643 6847 8197 5610 7262 6221 2304 7458 1256 455 8850 8990 2783 4569 7249 8966 9603 3163 4675 2089 1074 7628 5407 9013 3446 5645 1550 4889 7932 919 8380 6803 2059 3727 8801 542 6607 6609 491 7912 8166 3499 1527 6669 1014 5741 8181 180 8033 1253 3433 2841 2854 446 5028 7201 3677 2458 7318 2739 4329 4496 711 2842 9503 9078 703 9325 3485 9729 4614 783 7410 9473 613 7527 2622 421 2043 3235 4686 7551 3511 3955 2783 5836 1276 9466 9608 9560 7536 2791 3706 7722 8841 8779 1289 1161 182 6612 8445 4783 8782 5408 1307 3839 2450 8943 9584 6023 8065 6147 5582 6968 6580 9376 2305 5050 8224 9509 3967 6192 9019 6115 2409 6821 7305 9921 9211 1948 1021 4515 6739 8467 8017 8262 6441 8772 5841 7370 263 4615 9092 2905 6104 9905 2162 4113 5413 9986 8187 5939 5795 4269 2711 8147 6760 429 6479 9344 5905 8133 9792 9436 1203 7633 3331 4276 9087 7469 2316 4525 3075 5964 2084 433 9418 7744 8041 6881 5744 7319 8394 9010 3700 9643 5461 9637 8730 4301 4206 8529 7033 8955 4653 1530 5612 8048 1959 6582 6558 4755 1836 5606 7678 3423 503 7930 8890 5037 3013 2382 5243 4906 1232 7785 8293 8354 7352 7100 8062 790 7491 6084 2485 9883 198 1915 1829 2906 6908 5484 2352 2530 2380 3715 6788 7839 9932 813 532 9669 2952 6315 7700 7087 2462 5219 9787 2179 226 5826 3446 1990 9117 7436 3420 979 2770 2807 1923 4974 8020 5959 256 1278 415 214 8534 9659 9521 7277 9812 3603 7781 1014 5264 2933 9421 2104 955 8606 4139 7906 6619 3628 7012 3757 5821 9471 1184 1796 4977 1551 3033 8127 3167 7269 2536 6591 4866 9378 3298 5585 7002 8299 7643 9845 6892 7189 7058 1509 893 5837 9267 1810 2039 8391 9595 6828 4074 5542 7033 3066 2129 8438 7429 3862 5504 3221 1469 6095 5817 8464 1971 2457 156 4055 8902 7071 318 1920 6651 656 7473 2692 9195 2789 5965 4683 1854 9660 4501 5488 8888 987 5090 9199 331 7958 5372 1322 4276 2528 8178 8795 8719 10000 9428 7605 3171 2741 129 8145 4631 5735 9958 2915 5818 8991 9824 8501 6825 4207 9748 5514 2703 6947 8588 8196 1886 2742 9919 8143 9340 1743 89 6555 7831 1000 7846 5334 2129 6993 9714 6352 783 1993 6838 241 7547 9755 8686 4127 6554 8915 5265 5476 1521 7860 9876 501 1233 8648 4842 9471 994 6990 6478 8192 4756 4390 6093 16 6775 4443 7230 7213 5309 3343 5153 1531 8152 3438 1834 6678 351 9021 1339 8529 246 3723 8266 735 1085 217 4885 9249 8671 2581 2909 7476 1134 5078 3799 7842 2841 6865 4104 6481 2472 5658 7979 1781 8966 1315 503 3041 8035 4333 1070 6347 8574 4439 2662 4459 7202 7296 9652 4476 3380 1798 7045 8675 7086 8842 4348 2301 1840 7063 7679 2025 8007 984 9766 917 174 5243 10000 4413 1929 3664 6837 5110 9026 9828 7700 4440 1909 1598 9306 4819 2992 8257 1777 2265 3397 1109 8221 3459 9042 8916 3539 7477 1541 4638 2912 5526 8214 5671 3789 5390 5007 7935 8773 7322 4643 3884 9061 8730 3079 7611 8079 3303 1052 6265 6923 3793 4449 2849 1068 4709 2897 2573 9417 2276 8136 8919 1783 5248 9391 3211 7492 5865 423 9911 4408 8686 622 8961 61 3808 9550 2313 3511 2469 3078 7156 6175 644 7448 5754 6425 3642 971 7034 5794 7453 2309 6332 3181 8868 8483 8936 3180 8859 3283 252 1064 1768 6973 2417 3793 563 9647 1049 1275 8696 2436 3240 9197 1995 6655 5725 1834 7997 8476 249 5107 5258 1024 5507 565 9453 1060 6300 4363 2623 537 4794 5408 3136 2211 7196 8110 8514 188 4195 5729 9126 6721 6981 1803 2227 9757 9177 4002 7042 4314 4696 6654 4473 5752 7907 4304 4378 2560 7170 4426 8902 9047 7878 1726 7891 5332 755 3801 3170 2297 8148 1974 959 1218 9003 9592 1888 8533 2257 2822 6980 6267 3972 2212 6675 9689 780 5547 515 8093 5262 556 7970 553 5602 6469 9764 3388 8513 7383 7013 6836 4777 7192 9958 8424 345 1738 1566 8154 5986 3494 4356 2917 2191 4325 5544 6764 8317 1193 4263 1134 6921 6648 7923 174 7123 7213 7403 7078 7941 1068 4313 8506 8856 2970 3428 8155 4706 4506 7589 9729 2312 4601 6592 6694 9838 4440 8259 569 5605 7580 6397 645 3948 1567 1180 2056 6478 9564 1891 6283 6620 6978 8665 5245 2257 5627 5690 9072 1480 8288 5461 8825 1188 4151 2424 9866 3432 6828 2285 8838 3241 6277 9802 9257 9356 3978 3681 8488 1696 5170 1261 8379 1655 408 502 7827 3158 2270 2805 8735 8288 3947 6508 439 8379 8927 8815 8346 6364 1818 5033 8072 8135 8665 1951 5683 991 9871 5493 6910 1154 8543 4454 543 974 5052 202 8049 9602 6827 6417 3184 3994 7823 6861 7143 2634 5846 5914 5123 6309 3226 2866 6922 7076 4904 6358 4278 554 2863 333 7460 4098 2623 4849 9180 4578 9487 4360 6447 9463 3102 1464 557 1808 9307 1303 1323 9756 1418 419 2238 7711 6116 7866 9995 3809 4105 2384 3618 9786 8492 740 5568 8768 6719 7323 4248 7048 6697 1950 3341 5816 9185 7461 8572 838 1279 1813 3018 2465 5672 4804 3914 9375 6919 5048 2718 6745 6213 423 5781 2633 631 197 6315 2697 7538 4279 4601 2936 362 2501 7224 1983 9344 7640 8159 4908 2480 3822 9534 632 1718 4167 7799 3203 3652 5736 5012 1588 5752 1880 5965 8979 2050 7105 3551 1475 5643 6453 7457 2725 1614 2447 3861 8115 7232 8637 5996 4721 2855 4152 5063 1562 9971 2325 9208 2489 2294 519 6337 7809 2749 5512 7192 3762 297 1182 9394 6113 6971 4584 428 6863 5875 4309 6020 6289 8542 5731 4224 6538 9842 8789 3428 3408 5608 9432 6020 2258 4557 8585 3471 5954 8776 3703 7644 4608 6192 1249 2351 9850 3502 8063 4667 8069 1527 7720 9051 9981 2261 7876 5663 820 8011 5087 4404 6161 5579 5029 174 837 3787 9581 6925 9429 7714 5650 4899 6921 7154 3568 9555 2547 7228 8011 6725 453 8683 1479 6952 7659 3090 2535 945 403 7904 4642 7672 2510 561 7488 4763 7315 4483 4156 288 2405 3932 6957 742 5830 5607 4680 6637 179 6605 5028 9505 4567 9111 8206 9085 1776 1027 5748 9225 3129 3322 3698 1619 9051 8616 8350 8731 6774 7982 6510 8369 6709 8643 9866 4214 5425 3641 7134 4806 4751 4384 8164 4956 6767 4798 7621 6258 5827 3932 5037 3352 8967 9014 669 567 6973 9941 1720 7870 8351 9850 2159 6883 2723 363 4761 9526 7550 9810 5473 794 1159 9973 9123 6795 6204 5274 3706 1654 8623 4012 688 2905 3651 5047 2153 303 8139 5198 8886 893 5784 5060 9092 7853 1306 2298 5342 7375 9002 6020 2161 3882 939 3509 5588 3413 9233 3967 4933 7480 3497 5246 9752 3003 4232 3634 1346 5261 1916 2143 7196 1548 8614 5709 8731 7474 5723 5587 2371 6312 6075 2661 7677 1002 1781 9469 5240 3464 3475 5147 3304 5798 6310 9852 5459 2128 2881 3243 7912 468 8803 5932 129 2525 9867 3799 1711 3923 562 1819 7603 1094 3444 3469 8902 5916 5793 3316 1392 1531 4659 7520 7071 6151 9965 6185 8556 3651 5066 9042 2833 1014 3332 1437 9487 5758 3605 3805 4527 4088 5511 5225 9637 4468 1271 967 7324 6494 4789 9481 286 6470 2209 867 7455 4202 7892 6195 1890 2003 2224 3799 1189 2373 1692 2417 1142 7538 9148 6205 6609 9799 2118 2226 497 2850 7337 9599 2268 3296 3873 6387 8154 4499 5517 9165 5698 4694 6288 1232 9927 1246 654 6704 3319 4234 4811 2433 7290 938 1555 7855 3960 22 8876 3196 1416 1624 9662 3514 1062 3431 2996 4384 6095 3220 9982 6754 5292 8662 7790 3277 5573 5303 8693 8262 9099 2513 9022 7568 6459 7277 5533 3972 1454 9848 293 3777 6122 9849 4574 7756 5037 4794 1415 3379 8651 8706 6516 4485 9597 1898 3454 8785 3935 2394 5457 2699 684 825 454 6492 3658 421 3119 4529 7125 6860 9257 6381 8225 835 3192 1817 8751 7529 4441 2285 3875 1094 4438 3894 6601 7759 9114 2382 6902 4234 2352 4725 3667 7854 3934 417 3463 5948 7415 1959 7519 2363 2640 2063 4225 9809 903 4243 3927 113 8842 919 8983 2024 3253 7569 7310 5041 4628 4149 5611 3973 1133 6910 2617 1453 299 6922 2986 4961 2911 1498 3446 5311 8574 4740 124 2902 2530 3537 3301 251 7619 813 6386 4369 2965 4203 1656 2476 6288 404 3419 7860 9812 9748 5028 2571 6938 9663 2796 8621 5265 5360 8732 3942 3068 6555 9379 7220 8740 7993 6926 8812 2831 1924 4749 9524 8923 7067 8286 4276 4288 5526 947 1452 4656 5440 9644 6816 1822 4982 6041 3592 7247 3946 9546 5933 5412 782 6373 9073 4563 8693 8627 9641 3011 9353 8413 210 3695 9655 7615 5311 3643 6714 1569 9205 9214 6355 4246 5199 7459 2037 6294 2118 2979 9089 1702 9389 8898 2139 1966 8027 6079 7967 2102 6548 9594 3663 575 7468 7545 2113 9519 4298 6128 2872 4159 4276 9424 6100 3422 6141 1298 4909 4192 1780 888 19 1954 1380 8884 689 5310 2146 2968 3785 8756 9572 7683 7584 125 3737 5006 6001 4078 2341 2414 1910 2610 1977 4574 2793 4920 931 8885 5736 3906 2049 7902 130 9199 4394 1475 1165 1704 1809 2872 3234 6793 4104 2989 8981 6956 9790 6611 4223 5556 5238 1794 1640 2150 2996 634 6351 5659 9318 9249 5396 8376 1104 5776 5988 5715 9039 3811 9047 8157 3895 1955 4053 4768 3689 6402 610 1346 9358 8706 7673 2152 6895 7205 2272 2716 5835 7813 5806 8313 1112 7204 6425 2955 7653 2700 2681 7122 7386 6180 6498 2093 5369 5700 3061 211 7137 8662 4309 5232 2860 1112 4471 7270 7226 385 2376 6776 1780 955 1331 5287 6874 4259 3240 4282 3621 5690 3895 4562 9515 7888 4923 1757 1421 3349 9 1228 9392 8654 1288 8889 8617 6152 9462 3758 7338 4100 3325 610 8704 168 9696 7511 847 1094 1969 9249 402 4499 3450 8837 1283 9966 1854 7099 8871 966 7841 1252 2706 4938 5827 6258 765 4818 730 245 6227 7265 6241 878 4926 6192 7396 671 8778 8185 4083 2113 3399 4385 3579 9364 7996 546 3114 6607 9235 6471 9680 2908 517 8241 558 3682 7212 3553 7240 1115 8035 1390 8079 3929 2397 2161 8623 3006 7104 2854 5065 4650 2550 8694 5922 6225 6590 9665 8192 4342 5198 4592 2559 5049 1250 9127 6617 2114 662 8722 6708 352 8016 6647 6339 7333 7068 7717 4867 5241 9848 1692 7644 2171 7885 5023 2270 3282 88 1235 7457 5681 4916 8020 6044 9688 1858 1507 4614 9422 7082 1511 6267 7203 2103 5278 8600 3922 5136 1922 892 8703 9664 6211 1483 7143 8999 788 1937 7468 2167 9912 6125 2438 7844 6114 619 3149 9452 3969 6413 664 8485 2037 6766 2201 3953 6471 5868 8764 1685 6310 9970 5446 2652 4429 7270 5553 7002 7401 6272 9982 9593 2292 2890 5110 688 8966 9364 8153 8955 3599 1436 222 2633 5557 5533 237 7079 8621 8209 2173 3540 6556 8296 4420 6174 4623 4294 5375 4354 2850 9011 3613 2887 3551 7851 7538 242 8581 3824 4888 2266 7085 4760 6024 1948 9367 8068 5601 6734 2784 7678 3201 3323 5780 9302 935 5347 8785 3214 9313 4346 3387 2983 6882 549 4167 9972 731 7234 4541 1396 7090 8823 8052 6566 3612 2207 2012 5867 7579 1062 6248 8486 5818 8630 9536 9326 7682 2690 7385 8426 1905 3058 409 5289 3503 446 7884 637 6954 1066 4498 7375 1301 1003 510 8796 7142 5651 2068 5308 7450 2718 4478 9685 3890 107 9377 779 3819 7287 8392 4861 5984 4124 5511 9789 7499 1278 6655 8958 9677 8783 3877 8818 9420 1373 1928 4081 837 8787 7302 76 1731 4134 1751 4375 2318 7209 3437 2201 7286 6935 6608 4577 3247 8074 7779 7504 9976 7839 8721 4294 7488 2724 2747 8875 7292 3649 2934 4397 155 2357 6242 2196 2191 4908 6140 4451 8170 5172 3745 1586 986 1317 9473 9538 9986 4566 5416 6059 6427 8477 3660 984 3889 2536 6288 4782 9407 9220 3112 807 9145 193 3035 8892 8233 5436 2517 515 330 7620 177 202 3169 6967 5876 8474 1776 8115 2789 9274 5394 1379 8708 2268 8952 5527 4733 1596 9970 2115 5105 5048 22 2407 7690 4834 3055 1454 5567 8652 5878 3618 686 8963 3891 1086 5534 9635 1514 5078 2504 5808 5651 1695 6731 5298 4870 2713 7020 4861 4054 8537 7183 2241 6670 4144 745 1140 3691 9929 3642 3231 919 7788 4603 30 2259 7180 9103 2857 4545 9875 9062 1174 7900 6873 4965 5001 5862 1055 3681 668 824 4953 8393 5111 6101 8827 249 1753 6066 4136 7520 3809 4057 8948 3328 4545 3539 1722 2510 5594 2103 5189 9004 5443 8767 6344 8725 4467 9712 7898 9582 8156 5654 4980 9146 1663 1155 8535 5146 8470 5546 6171 7067 2842 6691 8375 9448 6305 1504 9541 1555 9972 4934 2536 3036 4891 9113 8688 5826 4485 4615 5230 1669 5296 2990 8216 5955 601 3015 4188 6187 6365 1459 3817 2436 4618 6447 3789 527 688 1005 1615 8746 2429 5766 1431 7162 8310 9350 3300 9426 6796 1798 2231 9981 5315 4851 539 3320 1133 2646 4608 6980 7867 4697 9008 7983 1571 9142 7952 7340 5428 7735 4159 5424 5390 1650 2678 9313 5999 6556 8757 7565 6318 5171 7794 3399 7370 827 2717 8726 2898 8638 8547 4437 5526 4854 3308 9246 7191 8605 5280 7884 3276 2299 5146 5638 6503 7919 4911 9753 8195 1285 9396 8723 2005 4877 7780 5741 1713 3952 2366 6525 828 5702 2181 6735 233 6926 1531 5257 8713 7518 5669 1264 5434 1445 583 5002 6569 1301 1972 7858 4623 2547 1214 9004 7072 9886 1801 2051 735 6771 7349 1764 3431 9898 8374 1111 9485 2484 5451 5742 9923 933 8785 2542 5389 2408 7143 3579 6677 513 6115 5734 3362 3981 3572 7718 971 7023 9668 1884 1813 3216 615 2102 1426 6369 903 6627 8543 4843 1788 1533 8619 6891 663 3373 9968 6114 3404 256 9708 568 4126 2355 9179 8340 792 7423 1985 5342 4090 5001 3257 8591 8126 1846 3663 7455 3917 9443 2112 5495 16 2376 4333 2073 3032 1513 7584 1325 7538 8773 8020 6845 4876 8474 8957 5200 662 2272 9176 8259 2540 124 5308 8177 4658 6908 3231 5388 8477 7238 6991 8899 6519 5199 8337 9908 392 1833 8856 3358 7325 2315 4600 8232 4559 799 8591 1355 860 5765 5079 5651 4890 8523 337 2844 647 1461 7394 6782 2349 7614 7944 2283 5460 3676 3484 4796 2545 5861 8128 3006 2834 706 8009 8412 1938 8548 86 9634 5563 8370 6679 7737 6368 2345 1763 4121 5764 3828 6776 4520 4740 5229 7651 923 51 3752 6757 2872 8353 8858 7304 9961 7563 8933 1442 4257 8484 5271 6775 1541 7581 1184 4094 6683 5487 2753 2944 6780 3987 6864 8783 6845 6706 1793 967 2271 1759 8055 157 8610 6295 5778 5935 7054 4791 9870 7830 2615 8395 1985 7220 565 1156 6300 6084 2805 3743 199 1673 3271 1176 2925 2394 9994 1378 7255 6048 5003 2618 6752 738 9196 9062 7128 8530 4872 820 1433 8153 8128 8531 8367 6741 8789 5197 1180 7206 2402 8727 1409 7177 2926 2063 6371 5686 4298 1261 4042 4231 4666 1266 9063 2219 7224 5225 7657 1391 9341 3495 6820 2589 9157 8037 2671 201 9507 2519 4913 3996 8849 1748 7131 7336 1009 2980 1541 3572 5841 8173 1777 828 3449 5793 747 5993 2843 8024 8950 5922 4189 1587 5930 1559 1927 3989 911 4564 9667 851 9381 1922 8088 259 8437 3366 8183 6195 3469 9484 9019 9530 3167 3878 8415 503 5072 9833 6197 247 1681 1743 1016 1801 9411 1546 4723 2076 8426 9981 7191 2932 7709 4927 3242 8389 5037 5271 6530 824 1587 5056 5298 2648 6897 1691 7520 2084 7412 8171 7890 670 8385 9573 2413 7882 9469 2036 9334 49 7200 4791 6078 4077 8569 7435 284 2722 6094 6791 9137 3805 5925 6813 7788 4091 2091 6954 1170 5157 4686 4324 9349 1344 2933 3417 5251 1955 1146 7205 8170 8265 3204 6555 1892 5768 2402 3499 9250 6143 4109 7049 3944 680 5890 8756 193 178 6092 7827 8311 9449 6678 4939 552 5545 6460 9152 2463 6985 5116 6782 9840 5223 3366 5050 3530 390 5753 1906 7433 3224 6690 1913 8874 9826 2337 1357 2246 2915 7346 7089 6250 5463 7895 4550 6950 923 1788 6787 9406 3958 3032 5352 7083 1353 3804 4917 3367 4632 118 900 813 6610 8299 6912 1160 7291 2490 3633 291 1107 3992 648 9437 9264 1183 7889 7090 6279 2285 6740 8557 6322 8473 1857 7727 2445 8966 2677 8857 6126 4859 4940 7102 1165 8656 2910 7219 6031 5236 2977 36 679 6209 7376 7825 5620 4181 8689 1905 6536 4777 7779 7156 6863 6062 8597 6430 171 7534 6985 6617 2764 5003 1012 3181 215 3172 1388 8831 9732 1711 3231 5669 5406 3780 8900 49 3191 552 658 7937 6972 5202 7131 2625 763 4394 2688 1711 8916 3386 8909 9110 179 4745 5166 6813 8620 6202 4205 9095 5137 291 176 7100 30 4365 6143 4824 8975 6480 6561 6164 7135 809 752 3824 7857 5190 7429 3764 9897 1985 2892 3664 9351 7161 1751 7126 9296 2221 3189 2727 6265 9866 4357 2076 121 7132 5919 6545 5731 9923 9166 9687 9397 4197 5049 4507 3523 5356 4991 9974 4226 1366 6282 7594 1682 902 9103 5549 7019 3325 9548 3012 8897 4836 1773 4101 1392 5407 9460 4006 7094 6254 3660 2359 4050 8734 7664 9938 7526 1993 9001 5081 5909 960 1302 2775 5464 1471 1282 4194 7692 3314 9848 4655 2769 554 8242 4807 8617 6853 1243 5906 1406 1388 2402 4138 8810 154 8193 6282 5493 8640 218 6093 8650 454 6502 9628 6774 5830 6824 6272 4560 2671 8884 5950 8029 9451 6072 8225 5547 9499 9991 9181 8640 6826 6344 8001 7783 3311 9311 3421 8916 5137 9750 3924 3802 7417 1306 4214 3635 9912 6306 4376 788 2324 3319 6766 1353 3983 9751 5293 8713 4689 3564 3097 6460 3285 9785 8886 2150 9547 1 5389 7521 3758 5581 3093 900 8374 1033 4165 2338 2215 9546 7285 6155 2050 4383 9069 9083 348 6712 266 4186 7437 5165 2842 1167 2281 1855 4223 7642 1940 6361 5853 1425 774 4652 3414 3658 6734 3529 464 9819 185 6400 3361 4078 7235 7878 3918 2519 2918 3236 6392 9565 6365 298 1879 9337 5138 7574 7458 8965 6488 1573 6664 6177 1028 6418 2241 6905 5314 4945 9759 6051 3458 1023 7555 267 4111 976 3402 9984 1298 8043 9979 7017 8075 2200 4821 5465 752 6671 2834 9210 2382 6042 4474 8057 336 9674 190 9204 2285 1136 9713 2655 490 9954 7124 7143 4250 3152 6191 7438 6554 7446 3316 6055 3937 1818 724 2315 1653 7809 2776 4715 5780 2388 1446 1479 7775 5390 194 8714 4749 25 3590 7777 3394 8524 456 741 1342 8156 8322 5880 4345 2248 1934 2183 4201 9087 5548 718 2669 419 2364 3221 8665 8834 6255 3969 9678 4783 1410 3257 9283 1302 3788 2308 2515 3841 1264 9355 1435 4063 4745 2722 5663 3252 6266 9054 9631 3975 998 4168 7102 6289 6259 3200 9363 9521 3530 6644 3387 7149 6851 8261 7576 7548 9327 6875 3442 5341 3451 7924 3075 8877 4652 7987 6329 7049 4486 5987 160 7599 8875 5894 5032 9848 299 5085 6377 6410 3480 6135 6478 1280 499 684 4355 2769 3203 1362 6292 6812 9928 1242 8348 8188 1582 5048 7843 3919 3357 5805 8262 9747 9543 9966 953 6094 8555 8304 7733 3882 8901 8909 4392 122 980 561 1604 1080 9972 4776 1917 1567 5574 7013 894 9526 1151 871 8137 3606 1342 3848 2420 9998 8941 178 1190 2807 1114 448 4976 656 476 1309 1635 2024 8040 5499 4438 750 6087 6866 6007 6980 4586 8029 2247 8409 8545 8696 3131 7633 7709 1438 9135 1734 9625 480 9701 5807 4981 8592 4533 6865 1752 2509 8319 222 4832 870 5882 9748 4778 103 7046 1414 4322 8348 8865 6709 5651 9226 4332 1516 937 2436 6777 5016 7271 2930 9239 7482 8840 5447 7376 9166 1656 1204 8672 781 4242 6043 9001 215 2625 9282 3137 7577 2099 7940 3218 158 7754 965 9948 9535 4534 7498 7020 6401 5790 4782 9760 2170 471 8200 2686 9098 4926 4881 8292 7700 6861 5987 4330 8443 6187 156 4152 5724 5918 8723 3070 1810 6877 1086 246 408 281 7196 8540 2620 9966 2242 2472 3387 8483 4800 6754 3619 118 7845 1277 8019 3870 2868 3756 274 3526 5311 5532 3508 3022 9625 9960 4424 8011 1259 7668 2917 1343 2980 5089 2371 2103 1713 2881 7142 4059 6121 9209 3706 8390 8702 1644 10 6358 3056 2069 5191 3186 7125 1726 3576 2332 4301 8204 2789 543 136 4454 1125 9429 6608 6733 1963 7111 9522 8888 2596 5954 677 7648 837 1434 7929 7128 423 5816 1187 9327 9344 613 9294 3857 92 2036 4500 9145 6972 4184 6290 8301 8844 5382 6983 7333 2712 6665 6083 6997 2668 522 3280 5097 5197 440 2178 1498 8585 7934 1260 1566 9472 3902 9070 6893 8657 4319 2796 61 7039 4194 4143 797 9713 6315 7212 5144 9557 4692 2084 5693 1675 9096 706 743 5024 5002 1102 6565 9004 1889 3145 7263 5850 7892 3119 6599 4936 8005 8103 6513 8994 6782 2503 1749 477 8609 2247 2227 750 6082 7778 397 8104 9015 6627 4593 6134 9446 9688 9020 6983 6178 5865 9946 4284 4984 5880 6298 5989 804 6560 8063 9066 934 3392 6875 6575 678 3563 2608 9514 9506 7695 6154 420 6495 4215 5119 6137 1333 7858 322 518 2112 1139 9369 3243 3827 6035 6795 7781 5836 7373 4107 5411 2379 5963 7688 162 814 7163 3515 4976 189 4105 7655 9577 7698 1890 1925 1271 9857 3189 6689 7726 6063 6516 329 2982 5983 9686 442 8435 6578 1210 3432 4602 9953 3494 2676 7612 3636 9735 5047 2112 6165 8741 1052 4935 5385 3743 5917 7177 2929 4578 2620 7290 5565 9377 7247 7709 1377 5854 9757 8204 7911 1653 9069 1018 498 8822 8993 4612 2633 3724 6968 1059 3707 7877 9983 9850 6957 7378 9930 1161 3976 7317 7376 6598 4291 2277 7451 6537 1455 3566 6537 9877 9252 4962 8309 6017 6180 525 4696 592 9595 192 3899 5805 6350 7099 775 5309 2115 7524 5624 3990 4845 6902 4148 1394 2867 4738 1006 8327 2695 7037 9022 4260 7637 6556 8604 3289 402 1998 7601 9912 9920 8848 3530 8091 3981 2004 6598 9124 5925 1481 4537 6701 7537 7677 7205 9111 8895 1454 4445 7710 2938 1877 4892 4927 5881 9576 4203 451 3222 3775 76 4801 8320 8396 3770 1882 7433 1196 2424 6285 7214 8168 8027 3484 6123 8021 401 4725 209 9812 2022 222 5364 546 4935 2879 2644 4872 4481 5275 5943 2524 7647 1324 2798 3305 6943 4127 7675 7458 9078 4632 1576 7227 8359 5227 1091 6880 4552 9407 533 3666 4200 6116 8372 9743 6600 4581 7502 9100 4622 9931 3507 1723 1953 8878 7968 9048 7464 5820 8941 7590 6453 2808 6145 8349 1735 2960 9528 9740 3138 168 6047 1379 1260 7773 9298 1849 9342 2292 3127 4623 9316 7484 5893 3000 9392 3660 7596 6413 5467 5121 614 6807 4956 318 8552 7078 7642 4387 5712 5904 7826 6454 5877 3410 6207 2849 1673 6688 4064 9759 781 9707 9914 7680 6174 74 2468 7327 5713 28 6463 409 2697 6363 8936 9615 3800 1669 3241 5789 3203 1363 159 2407 7966 5358 3753 6264 4294 336 9926 2525 6260 7445 944 3246 2989 4595 6813 4618 7625 7525 659 6189 7471 2025 1557 312 1965 6182 1140 1304 1806 7936 6085 8334 8777 5750 8955 448 3515 2341 3862 6660 5438 3032 6667 8385 1487 3221 5114 4945 1834 9262 3899 3355 3027 5316 9091 9037 9603 898 2595 6271 2999 6297 7032 7855 832 4728 268 1837 9508 2474 9603 6428 999 5084 874 928 1566 6563 7992 595 5103 7637 8179 4992 9802 3074 631 6826 4664 8612 4525 4180 9704 9478 1574 2793 8163 5888 1823 8327 3603 2685 3337 7783 1868 8034 4733 6705 8516 3848 2152 7513 2024 7763 9339 2916 6015 9971 2719 1588 9334 1732 9196 9097 4523 5061 3705 3424 9787 3961 8642 8934 5593 4523 1885 4201 5934 6301 1455 9328 5816 8841 8653 1107 5452 9513 79 2641 5924 1931 8902 4467 9378 5376 5071 8239 4916 2387 9975 7734 2084 5732 8198 7009 3964 4829 7827 7447 9956 962 7134 3258 5447 2507 3958 4507 7089 1810 7266 7631 6083 5285 9547 9666 6906 2347 7478 3294 7683 4694 7806 719 2555 9066 2149 242 6500 692 6620 5089 2298 5646 79 6490 2507 3119 1324 9874 3907 7926 1798 4816 2367 386 5583 8669 2879 4353 4110 4920 9101 5394 3207 8155 4912 5548 6020 1403 6381 3594 6364 1858 8847 1766 5038 7130 4104 3785 805 7501 9546 6328 5809 4362 2231 980 3246 7775 4421 7237 1770 2122 5187 7900 4680 4172 1596 2660 138 9827 8337 2505 5947 5544 1420 6856 7199 5545 629 1636 2803 3477 9764 5601 8878 6909 3058 8104 9798 30 4222 2459 328 3628 1301 8698 4322 7480 1113 6016 3780 2444 8243 9970 5954 3189 6295 5203 6445 5626 1143 6189 92 6306 5461 8669 3216 5487 6956 8469 9936 6139 194 4953 899 7690 287 2575 9165 3859 4258 324 5092 5062 3753 281 4464 4357 859 635 6846 4807 640 2607 912 5430 2049 398 6752 7829 6880 8525 5237 9465 8545 5556 9648 53 3207 8475 5410 4807 4336 8151 5327 8987 567 1166 3366 2180 4929 3199 7840 3148 1716 6478 4054 9229 4434 499 6144 9870 9177 7931 9681 1290 422 3394 2237 6993 8870 5461 6088 6718 6154 8545 1498 9724 6096 5478 5998 4448 6660 2808 5860 9116 29 5503 6422 9720 6318 2928 4759 82 5483 7513 7610 2612 4935 6531 9546 4775 7787 7782 6108 309 9723 5963 5456 6469 3843 5494 2744 6501 8634 3442 2959 9551 1084 6229 519 9337 2432 9874 5593 4116 8824 63 7021 2037 2601 2056 7990 9867 6382 2415 3838 3176 2559 36 4687 444 4037 6712 5690 4601 4701 182 7212 8147 3674 8789 6969 427 6748 5155 8753 9731 3724 396 5792 18 1012 6447 282 7175 5206 8890 7105 3396 9756 8116 2469 8769 5017 7994 6854 3650 2521 9660 2477 946 8236 3177 2346 7425 9636 3767 4039 5674 1030 9535 7097 9653 8333 7343 235 6909 7394 59 6094 8655 642 1287 2176 797 8258 1814 752 9744 2792 7645 2259 3310 4227 4464 6030 8549 2677 2658 7788 7522 3360 6157 4067 6521 4498 8915 6246 9903 4918 2678 7025 5925 2155 4177 1283 7911 784 3809 8656 5151 8673 2650 1115 8707 9029 7882 704 140 9331 4623 1798 8440 302 8375 5119 3559 5032 8731 8057 7351 1049 2717 9852 2183 3785 5561 9656 3010 5383 9419 9383 9716 5485 2121 2604 6483 6274 2973 661 4831 8824 5187 7672 1791 3686 3806 2806 8743 1326 8621 3708 5633 3422 9570 6252 3378 6990 479 714 631 118 7794 7741 324 3673 1288 3374 7645 7620 7786 1922 1815 3233 138 3153 8429 4588 9591 4170 8698 6509 2848 5717 3671 9230 7407 308 9404 7148 1409 5516 4154 8688 2740 1899 5335 1982 1339 589 23 4802 422 4755 8049 1862 2053 4397 5979 2510 1384 81 4328 2586 8520 8909 8766 6501 2265 7842 4728 4023 7712 445 4583 7090 5522 6340 6038 7719 2076 6041 6872 4893 6070 2571 7791 1982 1662 9782 8987 2592 7723 2631 7951 2398 7800 1623 5125 6582 5775 6896 339 7141 6086 8381 9474 2872 1355 9813 2215 5621 609 7741 8516 9891 8347 3542 2526 5894 8694 8843 2078 5286 6216 6609 1005 4392 5946 6027 9683 7142 8773 1622 8677 2832 2292 7531 6940 2978 4136 32 8034 5191 7361 2303 2892 631 6362 7291 3624 1953 3657 960 228 9788 6943 9011 1497 6689 9162 8211 310 3086 1126 7402 9758 9558 6098 8438 8742 7836 4159 949 3074 9669 539 9152 3346 2733 1058 5611 5814 4476 9796 9763 3799 2948 9917 2414 7676 2040 1746 9685 5194 560 5001 3217 9036 6224 5731 1661 769 8148 2243 6684 7594 3932 5493 9776 7394 4275 6802 891 6229 6981 3309 5219 70 2639 1447 7805 3515 712 2577 6788 7399 5764 6383 8763 5823 1673 5628 2818 7285 6629 5825 9959 1096 1498 9252 5295 5314 6971 1091 7183 4566 3579 2227 4511 454 5624 8184 139 1186 8063 2631 6870 9208 9891 3863 4451 5095 2805 235 9184 3396 3936 3174 4114 3574 5435 1774 7150 8125 2081 4915 6278 1067 4910 141 7214 7526 2184 2902 2150 5045 8964 8810 226 3956 3753 1035 1981 2111 9894 342 834 3976 339 6811 9517 68 5421 8302 5381 76 8208 5728 6478 660 4216 4514 2942 4224 1799 5628 9994 3649 991 8324 5656 310 2020 9271 8422 8809 1130 4957 9787 4789 4640 4796 8692 343 4423 3721 2639 3235 4764 5181 969 4872 1193 1508 1464 224 9655 7658 7902 3882 2567 2478 40 7481 1766 5623 1446 4278 3042 1468 1016 8931 2588 6491 6198 342 2816 2569 4585 51 1814 6509 2195 3504 8113 4665 4547 3474 66 5427 7516 5078 2318 2145 9370 8346 1721 3200 7257 939 7002 1343 9276 266 223 1628 1744 5477 6611 4770 3915 4659 3476 1766 1838 7431 7345 87 2567 7642 7550 1029 2601 4556 8256 6590 4530 2836 1560 1201 650 9996 5202 7829 949 92 4959 6555 755 3556 1814 7975 1777 1925 2495 6645 2049 1919 5382 271 9056 9455 6634 9527 7888 2204 1580 3540 3193 4225 9488 9074 6066 9280 1162 7649 3172 6599 9322 2398 6079 4677 5901 2161 9033 8206 2518 1829 304 862 8778 3285 9839 3257 139 3768 9747 3895 2462 300 4721 253 5713 5353 9329 9551 2741 9511 3291 2976 9218 1818 5075 7598 3277 4213 4620 1440 2559 2957 9126 5998 4421 7321 821 5267 1938 2484 5984 9732 4684 6363 8176 4060 5159 6626 1186 5804 1480 4790 8641 5743 6004 3716 8529 6416 9264 9486 3931 1806 5717 7074 4176 8632 7090 4439 797 1373 192 4840 3121 1694 9729 4153 3472 2777 680 7244 3065 10000 448 4875 3821 7224 7613 644 3841 6547 4586 9595 4498 4457 4052 7641 3284 2152 4794 8783 2541 1420 4106 9356 9707 9519 590 9739 7177 6434 3980 6082 8148 4430 2033 3606 1438 748 4437 6594 7293 3993 4907 9028 3130 7363 5228 1949 39 3154 7270 5277 3827 5827 7837 3757 5987 4016 6261 2239 3980 7776 7318 8557 3631 9286 8340 8110 9302 7333 9916 8433 1362 3315 2450 1532 5862 6352 721 3709 1083 9828 591 597 8870 5823 7003 6193 5289 3979 9326 9122 8734 1564 8934 7691 7580 6957 1732 1191 123 6038 2999 7595 3285 7364 6756 9306 2042 6124 610 9821 7406 2435 6299 289 6069 8413 2677 5832 8562 6138 2652 8591 6982 8924 2360 5894 2126 5796 2595 6623 6692 3234 7517 6632 9925 8807 4962 7184 5614 8381 8721 7518 4992 5904 8807 2491 8873 7066 6630 733 9044 9354 1270 6401 7854 4660 1069 6624 5648 1400 4031 3654 6512 1826 4896 8265 2243 7757 365 136 1061 2005 8692 8903 4093 2046 6901 1328 6280 7528 6781 6629 3010 5524 3966 7663 16 9601 8432 3140 3694 849 1058 5870 6448 9808 1199 9295 2732 7287 2406 257 3732 3298 7630 9679 1243 3395 1950 453 5219 8549 1851 6004 7083 589 6741 3153 9665 3720 7137 1472 1992 1011 6364 6646 877 5946 5109 9506 1245 8677 4692 6428 3051 3877 3286 7579 5966 6462 4241 8371 7083 9469 8921 4565 6948 322 1412 9281 8211 7591 1778 1173 1776 9462 7797 3870 7020 3876 2545 2185 7756 7420 6413 8191 5203 1012 6909 6978 581 4307 9091 3824 9947 2667 4657 3961 1369 8442 98 1193 3053 2450 4949 6842 8555 6325 3885 794 7257 6118 6980 4636 5518 9235 5983 6741 9196 826 5101 1910 310 1077 2680 82 9103 293 5264 6624 1202 746 6003 9852 327 1724 9417 6777 6808 5501 3796 3544 9031 8136 9629 5898 4980 3363 5942 3692 5610 1778 9794 2433 1511 2571 1133 8919 67 7930 5833 6805 3505 2165 4780 4123 219 8623 2587 7249 4208 6700 1029 3632 691 3921 8102 7118 1821 8227 1710 5969 5882 6953 4253 6957 1857 6886 1251 8481 9868 4514 8984 4035 919 8795 4954 6816 9715 6269 7586 6119 4089 522 4260 4239 8943 1182 2677 9046 538 4906 6387 3823 7481 3745 5123 4993 6991 2941 5585 8207 9324 7052 7774 5160 8536 7111 4229 2065 79 724 6232 2073 781 793 7574 1075 4351 3146 9935 1143 1220 2638 3455 9482 2667 6171 7040 3000 2851 7089 7277 1041 5033 1634 6109 6650 6273 8752 9766 1008 6470 1627 9523 3489 8650 4284 2918 6524 3046 612 2274 169 822 9581 4856 467 3598 149 6973 3317 6582 7721 6591 9248 6521 5471 6062 4561 4201 8001 4806 6929 5021 1461 2696 4912 3441 6911 8424 8185 4633 7100 929 6940 9205 8084 1728 4059 4339 8940 1325 9552 8191 122 120 3531 144 2277 6390 6048 9069 6943 344 5947 6514 8884 5232 264 9789 8100 9254 9846 4362 962 8213 4045 7044 4303 9318 9283 586 7236 5990 8637 4018 8903 7034 8763 5642 7135 7776 573 1974 1910 2341 1714 1785 5132 7278 3756 1550 376 8552 5869 7083 3916 6042 7402 2628 7246 1391 1962 5313 9711 1641 6995 4065 6410 3152 9533 9160 9699 7626 1600 713 1214 9381 2257 9868 2212 7883 7015 8039 464 9911 6055 3143 6578 3331 4518 8151 7515 8012 2518 254 7958 8760 602 2775 2175 7380 7146 5061 8564 5528 84 1307 1661 8508 620 7220 8493 3019 80 9944 1320 9991 6581 9964 677 4451 4260 1636 4116 1929 4017 1109 5373 3736 4175 9199 6068 4768 4141 2565 816 6231 1333 6400 1335 1354 1045 3803 1391 7732 9919 9404 4570 2063 1117 2989 6218 4480 5577 689 4497 5759 6091 3224 6365 7080 9435 3567 5187 8280 3602 8136 2187 5869 895 9707 3808 5298 8975 2689 5208 8197 8885 7464 3639 5584 5654 8432 2138 13 5525 6995 9686 4123 6762 2528 1270 1928 2320 3989 141 2885 2115 7224 1873 1376 193 7282 5272 1167 1509 4442 9518 6592 7640 2247 8963 6919 864 833 4104 9833 6430 488 364 6587 1178 1573 5651 6472 4957 1871 1691 1374 534 8382 8176 6895 8712 7736 3707 2746 2996 4747 118 4322 7986 349 9057 472 9288 1055 7458 6057 3773 1707 4930 6893 3153 3404 9035 3979 7738 4912 6349 5914 2688 143 8464 1614 974 2708 1091 6527 9686 4793 2211 4797 9140 318 1710 5556 3508 8655 3444 2696 155 7744 2697 1934 5965 3461 9405 7077 7722 819 7628 7080 3663 5830 4453 5395 6501 9966 5531 1106 1881 9663 5394 1613 9452 2438 1042 8091 2335 812 4629 8877 5228 3772 6014 9769 3912 5313 7850 1508 7060 8788 8621 5623 3436 8288 9002 1790 8424 1429 9380 2119 6856 8686 7646 7515 8279 3392 6461 7460 5541 8457 9693 3886 605 1837 7067 4362 9418 784 5921 3332 7379 5083 7268 3152 5538 7942 2180 4928 1629 3059 9402 1517 3680 3707 3972 6429 1189 7233 3123 6130 6881 8332 471 1874 7653 8301 2298 8751 9112 1059 8115 4184 7586 5021 505 3844 5745 9041 700 4146 3399 286 3650 9088 1792 8792 4490 2378 8491 6372 166 2757 9530 8733 9482 9213 2119 5707 7543 1191 9812 1010 2176 451 3815 7208 4667 2095 7403 7430 1595 8541 2233 2054 8466 8455 9385 5708 5623 3358 3297 6991 1112 1709 8217 2537 1640 7692 5734 8600 5964 8439 2998 2727 7757 9949 1855 7464 5862 4483 8045 4689 4965 1664 6079 4816 2690 7098 8547 9755 2464 2488 9303 2688 5335 4553 4563 7579 3068 7009 4063 3404 3 9244 8252 513 4698 9621 6388 5520 1599 4016 8804 1575 8947 8828 1759 4177 6571 9244 5785 8427 81 4452 8128 8900 4527 8807 2558 8710 7921 5627 3404 1296 9038 6890 2152 8938 4470 9244 9113 4438 9653 2910 7188 1031 2502 9016 6262 2815 4478 2963 4593 2222 3447 6956 5896 5143 7682 137 1032 2887 6688 7756 8723 8428 4047 5153 8968 1613 1040 6417 1523 104 8931 3013 4033 4837 8766 7008 7188 4701 8068 1324 5376 7642 8322 8190 3987 9230 5912 8614 2264 1385 2983 4795 6013 6006 527 5837 5282 4284 7434 626 6208 9817 8870 4704 8167 1273 647 825 3109 3515 3710 1178 1025 1198 1328 7661 1116 3591 675 535 493 5315 7309 380 3863 6371 9775 2693 1273 3279 2402 6095 4099 7982 997 4581 8174 8088 3641 5980 1379 8240 8733 2038 110 6339 4886 9 2413 2921 4242 3102 5969 8084 4440 1790 7089 2577 3790 1723 7968 
