// periodic
// number of jobs
1
// pi
70
// Cycle
100
// aperiodic
// number of jobs
10000
// pi
26 45 17 23 11 55 29 53 17 35 52 37 48 37 39 31 8 50 34 3 3 2 58 7 10 11 56 24 38 31 45 28 30 54 28 54 16 51 5 31 13 58 27 8 48 20 54 29 10 1 4 32 53 18 29 41 4 17 29 50 23 42 16 35 31 26 12 50 43 20 52 25 47 48 33 4 46 32 45 21 24 32 28 27 10 43 11 3 28 48 15 57 27 33 20 33 16 47 55 1 31 29 27 4 46 34 28 15 33 24 27 35 29 49 42 45 27 21 27 19 24 27 14 23 45 26 20 16 4 46 43 38 28 42 49 23 44 19 6 49 25 51 2 59 15 18 40 39 52 15 37 9 46 52 21 53 36 19 25 2 19 41 38 28 1 3 26 25 10 24 44 47 23 34 32 2 1 15 56 7 18 42 32 42 57 25 35 28 40 33 35 15 4 47 50 49 53 4 44 24 39 59 2 41 19 29 34 29 18 16 27 46 31 52 22 37 12 17 54 24 44 12 43 20 1 49 9 3 13 11 31 10 57 50 21 15 51 1 47 11 6 18 47 39 54 7 2 36 21 33 26 11 5 59 41 36 30 7 6 48 57 36 6 9 5 21 54 36 33 51 39 53 31 5 38 39 57 13 52 49 13 10 48 7 47 22 7 33 10 43 26 43 38 24 5 13 25 33 45 17 29 24 25 32 24 17 33 51 50 29 12 19 26 38 12 39 50 58 49 38 56 4 27 17 19 24 19 1 19 30 4 35 42 43 56 48 43 2 20 40 52 31 6 18 13 27 23 51 5 44 3 14 42 50 53 49 45 8 40 8 1 27 58 40 41 22 30 59 35 33 6 53 25 19 27 55 10 52 1 5 24 49 33 5 38 8 53 8 49 41 48 44 19 14 1 18 19 39 48 6 12 47 12 9 45 58 52 20 52 40 49 25 38 16 17 52 13 19 14 48 48 44 27 1 46 25 22 47 5 21 36 17 11 33 8 24 50 33 5 1 38 10 54 55 23 55 32 3 55 24 10 6 9 31 53 13 39 20 45 40 43 25 20 44 38 36 58 48 33 43 32 54 50 42 48 43 25 34 13 3 35 47 30 12 50 14 54 20 51 30 47 52 18 7 32 52 19 36 50 12 42 19 44 39 10 24 29 10 34 59 37 2 43 33 16 19 37 47 57 27 33 21 4 9 28 7 23 30 39 7 11 6 45 46 12 46 1 27 13 36 52 59 43 6 50 31 14 19 47 31 36 25 56 8 45 51 13 31 23 48 39 25 37 40 32 8 51 28 39 21 45 18 28 31 4 27 34 4 1 40 57 51 11 5 29 41 36 54 33 25 37 26 40 6 16 35 7 35 36 27 30 22 34 18 4 30 40 36 9 5 9 15 1 52 40 10 13 17 25 36 20 44 50 50 31 44 35 55 23 1 10 19 4 27 16 24 20 8 12 26 51 29 2 38 55 49 1 26 38 46 18 48 10 15 48 9 15 3 14 55 21 16 33 24 59 30 8 4 28 34 37 55 2 47 16 45 10 34 43 38 53 29 47 49 1 53 19 20 18 17 7 21 9 54 5 49 8 59 14 51 38 27 8 25 57 15 44 15 57 56 17 8 19 37 26 4 57 11 45 36 55 7 50 34 40 25 31 5 43 20 7 42 18 35 1 10 31 43 14 33 26 34 39 49 7 47 50 17 29 50 55 36 48 18 3 14 15 18 3 22 37 9 51 10 34 31 12 14 56 12 29 41 3 57 45 51 43 58 21 50 16 28 7 8 41 44 42 30 53 19 19 48 17 27 9 42 49 45 39 53 41 4 15 11 46 10 13 29 39 33 1 37 31 1 40 9 13 26 19 49 57 41 53 21 50 3 58 56 25 47 1 19 34 51 35 25 6 46 3 13 4 48 24 17 31 33 5 54 30 20 56 27 29 29 44 19 21 16 49 11 27 1 20 9 37 12 17 45 30 51 24 16 46 28 32 55 44 41 45 29 54 48 28 36 45 32 8 40 54 5 48 5 48 8 4 51 45 42 19 53 47 58 51 58 41 26 51 52 56 50 9 59 56 20 12 31 17 36 15 9 57 36 13 26 13 24 46 54 28 25 54 1 42 56 1 15 1 23 54 50 54 33 45 24 13 22 7 59 21 51 26 15 2 5 4 56 20 41 1 21 1 39 2 54 56 54 16 29 10 25 28 18 12 15 6 29 43 49 8 8 3 54 50 2 47 17 44 46 29 15 33 30 9 28 59 44 38 40 59 50 59 16 46 23 1 26 41 16 53 21 14 45 20 13 51 21 17 15 2 31 37 27 38 18 38 55 53 48 10 23 26 6 8 49 53 30 53 1 29 6 19 56 2 1 55 5 1 40 49 48 15 51 46 37 59 12 29 32 57 41 51 29 5 48 39 53 59 26 59 29 49 54 49 1 41 2 33 53 55 56 36 9 45 56 31 19 25 50 37 30 38 45 14 46 15 7 59 3 51 55 1 12 48 51 38 47 52 14 37 50 28 29 41 50 58 54 32 3 46 19 27 24 26 27 50 21 47 47 3 18 24 27 14 12 17 49 21 29 38 6 16 10 33 59 42 29 29 29 2 55 54 29 53 25 38 54 59 17 7 37 56 10 40 46 18 10 18 11 11 47 5 16 48 38 22 6 53 4 30 22 53 27 49 48 44 31 8 18 35 6 31 17 51 47 42 56 17 9 7 53 34 12 6 39 44 41 49 55 20 5 55 39 5 45 26 30 10 58 32 12 24 11 34 45 46 53 24 49 55 41 30 46 41 3 2 9 56 11 14 53 54 25 55 16 12 58 27 10 37 33 40 1 8 37 7 19 30 41 59 34 10 56 6 14 17 45 58 36 10 38 50 14 38 45 39 14 13 10 10 37 24 28 27 3 37 40 28 40 11 27 37 49 45 51 26 50 53 42 44 8 54 48 31 24 52 23 26 48 16 52 18 38 36 29 49 4 59 46 1 47 32 7 40 38 25 47 46 28 47 8 20 3 30 27 43 54 56 21 39 56 59 26 7 19 27 24 20 12 25 48 5 13 26 46 19 49 19 3 47 7 49 21 46 46 8 2 7 39 18 23 56 46 58 4 32 14 49 9 12 38 54 32 13 2 37 24 15 45 21 34 15 28 56 54 54 21 4 27 24 37 5 35 24 23 6 26 20 49 46 36 34 24 24 20 10 28 9 48 45 14 7 33 36 25 26 8 40 43 59 40 55 9 45 31 52 19 48 43 51 18 21 33 51 46 10 9 53 57 8 18 28 33 7 3 54 11 28 46 7 8 13 43 16 52 5 17 33 53 50 45 8 32 38 25 59 20 27 15 26 37 8 19 51 45 57 29 46 52 12 30 7 3 19 31 57 14 15 35 30 21 1 18 49 47 31 53 14 36 1 1 28 51 21 24 26 51 28 10 26 27 52 22 2 53 16 30 38 8 18 36 36 49 25 59 14 25 29 38 19 21 2 3 45 3 19 41 15 35 58 4 15 41 27 16 48 23 25 34 5 8 39 46 57 9 44 21 50 36 36 53 54 18 29 32 50 40 34 26 31 43 59 54 33 55 8 59 34 6 51 36 10 58 51 8 14 19 33 46 48 43 45 58 33 46 24 55 25 5 32 26 57 56 59 37 1 10 9 14 19 17 50 23 3 15 40 53 32 9 30 26 5 48 57 8 19 19 38 9 19 58 43 15 18 10 22 57 23 44 20 27 41 37 16 38 43 34 14 33 39 46 44 6 43 47 38 36 38 44 36 35 53 35 55 52 43 28 2 6 40 25 27 15 19 37 56 6 3 37 55 4 51 41 57 58 41 44 32 26 8 29 58 47 43 11 49 3 14 39 28 19 35 45 47 19 39 51 13 18 32 54 45 23 15 30 11 2 59 5 23 31 20 28 13 59 7 31 8 23 20 59 40 32 13 52 43 40 17 7 15 36 2 14 55 22 26 22 25 39 45 3 3 41 23 50 52 44 25 56 44 42 11 57 2 31 38 4 51 45 24 15 36 57 40 26 47 33 53 4 18 1 3 12 35 6 56 49 6 41 6 19 15 52 5 55 57 31 52 59 14 48 42 25 50 56 20 4 40 44 51 10 6 30 55 35 58 4 43 4 11 21 41 4 13 19 16 56 27 10 23 50 18 19 45 7 51 57 37 7 50 32 41 30 22 9 15 9 11 13 49 55 36 37 55 8 56 2 47 46 14 8 56 30 52 45 31 58 33 24 54 30 43 2 44 17 34 15 3 36 1 15 42 25 42 47 33 55 47 31 17 57 54 53 21 33 27 6 57 44 25 56 40 53 53 29 13 44 41 51 49 54 52 49 22 5 58 24 41 41 3 5 1 55 37 10 33 5 33 37 30 2 49 6 5 15 27 33 25 52 21 6 31 24 22 14 12 19 5 16 48 12 43 54 23 51 21 36 56 42 38 40 20 40 42 54 40 50 28 51 40 59 59 18 36 20 25 11 36 51 41 12 38 54 40 57 40 4 26 19 21 12 31 26 24 53 45 30 27 20 31 24 37 52 14 2 49 46 38 31 16 5 10 22 42 21 9 27 40 41 36 19 20 45 41 38 57 50 38 46 40 2 32 22 13 22 55 12 58 44 27 35 5 21 38 15 27 35 29 16 31 59 36 6 42 45 16 50 9 55 40 34 31 12 54 40 30 56 37 48 58 9 55 51 13 29 5 59 15 45 36 27 16 7 34 52 14 13 31 42 8 51 57 57 8 49 42 19 14 50 44 55 39 9 20 53 19 13 6 48 28 31 15 22 47 54 51 13 31 8 43 22 16 6 53 25 8 53 7 1 30 14 58 3 3 15 47 49 51 49 41 39 53 2 40 55 17 1 52 3 23 19 53 57 25 47 15 21 17 48 29 21 48 3 23 45 58 11 16 28 39 26 58 32 57 48 35 45 8 27 51 7 21 45 42 9 30 35 52 37 37 25 54 15 52 41 31 45 43 20 55 47 41 32 23 59 47 42 38 9 26 1 51 25 32 41 16 36 22 36 40 50 25 30 33 28 55 8 26 55 41 7 18 40 3 4 14 57 2 25 46 5 41 7 31 47 32 8 44 10 39 3 29 59 51 28 36 53 35 7 43 57 17 9 45 27 39 57 29 9 7 5 57 9 22 44 13 23 20 42 41 6 2 28 9 59 29 45 44 26 26 23 12 51 8 6 45 41 6 7 52 21 47 11 21 40 22 7 34 48 43 47 16 17 6 31 5 23 52 28 13 55 6 42 18 36 22 38 58 19 40 29 17 47 51 19 8 33 32 36 42 45 50 22 13 21 15 29 32 15 46 8 25 30 56 55 6 24 1 47 31 2 59 1 45 9 52 54 40 20 47 25 57 20 59 34 16 9 43 15 16 13 21 49 36 37 22 30 4 53 56 1 8 15 8 40 45 7 6 7 9 14 26 35 57 21 43 13 15 51 53 48 13 12 1 48 50 51 47 6 6 49 54 52 11 34 34 8 8 37 13 1 22 58 26 46 52 4 49 1 36 56 55 22 41 57 46 8 40 11 31 45 2 31 9 54 15 34 43 34 24 33 21 47 18 10 13 44 18 49 12 57 3 31 53 2 58 20 45 22 37 41 5 19 45 20 8 13 20 49 14 14 13 45 33 34 53 14 8 22 8 34 5 49 20 33 26 54 3 36 32 20 23 34 53 16 49 5 54 8 30 43 48 15 30 6 38 54 39 43 13 26 25 26 53 13 4 20 24 49 27 6 52 36 52 32 17 46 36 42 49 35 43 39 40 36 16 24 12 37 27 28 38 28 16 11 26 39 41 4 17 40 33 2 56 12 56 51 55 13 13 13 48 42 27 51 56 41 5 23 41 8 40 9 43 41 53 8 4 58 19 13 23 40 49 1 39 54 5 15 39 52 26 43 33 22 52 45 30 57 2 10 48 46 1 24 12 57 18 1 50 3 45 46 14 46 20 57 36 50 12 51 9 13 58 55 13 37 17 40 23 45 14 5 31 45 19 48 46 34 58 47 49 50 28 11 46 59 58 46 41 16 42 40 42 29 50 13 49 30 49 41 26 4 55 44 41 48 3 14 57 6 51 28 21 48 2 48 43 46 37 31 44 29 44 3 44 23 41 3 54 58 18 26 7 55 22 37 59 17 31 50 24 59 21 48 56 1 3 4 50 14 32 49 2 59 33 16 57 10 3 18 2 33 11 15 27 10 19 4 24 6 9 45 56 3 15 23 42 11 12 12 14 2 30 3 24 36 8 33 24 23 9 46 38 27 48 50 25 36 28 32 13 8 33 11 51 34 46 40 6 22 2 38 55 59 6 10 5 23 6 28 20 47 13 49 23 8 11 3 27 7 53 29 45 28 20 59 45 42 23 38 55 26 41 4 47 36 46 22 12 47 4 26 20 27 13 42 38 20 58 44 12 23 1 35 50 48 36 2 32 41 53 25 46 39 16 33 44 32 18 55 53 54 35 25 59 7 29 8 42 26 22 40 58 12 41 15 50 18 41 45 25 31 52 18 53 39 49 1 37 41 39 10 41 13 6 30 41 30 56 15 3 36 4 39 21 15 35 54 51 6 7 8 21 45 22 17 23 34 40 31 59 39 15 55 48 38 46 18 48 27 29 39 50 54 36 44 31 58 39 37 53 59 16 58 7 41 53 48 58 40 3 42 24 20 25 6 2 36 22 21 34 14 59 55 55 55 58 7 3 30 26 16 41 19 50 8 14 53 28 48 34 42 29 15 13 4 37 12 40 13 34 47 38 10 40 19 37 17 46 37 34 3 41 26 30 38 1 38 33 43 53 8 36 23 57 40 44 44 41 19 10 21 58 50 1 27 43 6 27 4 58 7 45 20 13 44 57 19 42 38 49 34 55 8 16 6 4 43 13 41 29 24 39 43 11 8 48 50 43 37 12 59 15 50 57 2 25 47 2 3 23 23 14 9 47 39 45 45 13 52 40 57 36 2 26 29 49 46 3 11 50 14 40 27 57 30 47 55 33 43 50 18 38 20 12 30 9 30 50 56 41 17 10 18 23 39 3 53 20 42 36 18 41 6 46 37 50 3 46 28 40 25 38 9 33 14 38 5 27 47 8 57 12 45 41 44 9 59 39 55 45 30 29 15 23 18 14 40 4 19 35 7 38 2 56 25 7 35 15 1 37 48 42 21 21 37 37 41 23 15 35 28 54 31 34 49 34 23 22 59 56 6 17 31 46 28 20 58 7 11 40 39 35 53 39 43 48 46 5 54 17 27 31 15 12 6 36 57 27 9 2 8 5 56 6 12 12 55 55 29 2 2 1 3 24 5 36 50 7 5 57 33 3 16 43 58 48 37 51 48 10 7 24 12 5 4 53 11 10 18 58 18 17 9 32 8 53 19 42 32 50 51 37 33 35 29 59 9 26 52 43 27 10 45 10 10 26 45 51 32 59 32 12 27 9 17 53 8 16 17 8 26 12 33 54 19 56 2 4 58 20 14 50 47 44 16 49 33 28 12 40 9 49 31 47 18 13 51 16 42 39 32 4 46 30 22 2 9 45 46 21 33 54 21 47 47 48 23 21 29 21 20 55 54 53 1 32 55 49 18 33 28 36 48 17 1 27 19 53 14 41 18 19 15 52 57 17 5 31 57 3 33 18 57 48 39 7 16 6 33 23 43 19 41 35 46 44 30 55 44 35 32 23 28 22 20 59 8 45 58 41 26 24 48 24 28 23 34 53 23 19 3 30 38 14 23 56 51 41 38 41 3 29 21 37 46 57 2 6 20 33 45 42 5 59 32 57 22 27 40 28 25 1 46 21 28 21 26 42 33 40 19 5 34 10 51 10 24 1 54 18 46 57 11 38 56 11 57 43 38 49 11 50 56 46 32 12 18 38 1 45 46 15 47 27 51 5 16 29 43 38 7 51 19 33 58 18 24 24 59 28 47 34 41 34 23 12 32 16 57 47 37 3 54 56 35 43 53 4 15 39 7 53 29 38 40 55 19 53 32 54 59 44 17 35 22 58 31 40 23 14 20 52 28 15 53 42 3 4 2 47 7 29 4 35 5 37 21 12 25 24 35 26 46 57 19 41 41 49 44 53 29 11 42 6 8 24 3 36 27 34 59 24 42 37 33 33 49 53 36 27 15 21 56 50 20 48 13 16 39 31 53 43 41 55 9 52 49 6 8 44 57 53 2 19 55 29 14 31 8 38 33 3 22 7 14 20 25 48 35 11 39 26 43 59 29 15 39 22 24 23 25 44 5 50 15 44 30 49 5 51 47 19 37 12 28 26 54 30 39 22 10 1 16 5 46 55 52 28 25 57 24 22 26 57 22 34 29 55 23 57 8 47 15 42 31 56 40 5 52 24 6 11 22 3 1 39 41 2 30 49 13 2 14 31 2 27 19 43 31 26 15 55 39 24 36 15 58 23 40 13 34 26 9 24 48 42 18 11 53 59 6 52 44 41 30 54 43 52 6 50 47 15 1 5 14 36 2 8 53 46 56 38 46 29 7 28 11 25 29 31 7 34 51 5 40 14 43 31 38 3 51 30 30 24 36 46 21 26 28 58 22 19 46 38 19 9 45 34 33 36 33 34 50 59 46 50 17 51 32 56 34 38 52 24 13 19 1 30 23 27 20 27 33 19 16 59 7 26 34 33 1 5 7 56 54 14 30 43 52 25 29 22 28 44 25 34 9 4 48 27 49 41 7 36 7 48 13 58 45 12 44 5 34 30 39 56 55 52 51 9 18 54 21 34 40 45 46 52 2 45 5 1 30 44 31 42 25 29 1 43 11 53 53 42 18 14 32 53 56 53 11 54 36 57 52 47 42 36 41 35 15 31 25 34 57 21 13 52 44 48 37 2 33 34 43 46 30 35 25 33 55 19 5 43 54 20 40 50 20 4 7 28 21 5 22 26 23 4 24 9 10 54 34 27 57 28 33 15 28 31 40 56 5 51 6 4 12 1 19 13 45 28 15 25 46 27 23 3 2 55 41 58 8 19 5 13 53 56 45 27 57 31 16 46 16 40 44 6 20 35 32 55 1 11 33 15 55 31 44 34 32 20 21 38 32 27 42 41 45 56 55 5 7 56 20 8 49 6 1 58 56 59 12 10 2 53 48 23 36 4 25 15 59 50 10 54 31 5 9 24 32 48 2 33 51 54 37 35 44 44 23 22 39 15 40 59 16 53 32 18 29 53 18 12 21 42 53 10 47 55 40 1 24 3 50 39 10 9 40 12 36 2 8 15 53 33 23 13 17 35 52 54 20 41 32 43 42 19 5 33 8 10 32 33 37 15 51 33 11 50 48 44 25 48 24 7 57 24 9 51 12 46 49 10 38 34 34 3 56 26 19 50 42 14 37 10 47 23 30 16 19 34 51 23 38 23 21 6 31 40 36 31 23 43 32 54 37 2 34 1 36 11 2 31 13 14 20 24 28 52 59 9 18 38 25 49 55 55 9 48 2 36 27 34 44 12 56 32 14 7 36 9 9 34 32 50 27 24 35 50 43 9 7 6 27 13 55 41 26 58 22 47 22 49 43 24 21 16 41 10 18 35 52 30 25 17 37 9 51 1 29 51 4 23 45 10 57 41 26 34 27 35 43 9 47 42 28 15 14 40 3 59 19 3 59 1 38 25 6 30 57 36 7 31 49 3 48 11 38 50 42 40 46 26 15 11 16 18 35 52 49 24 2 45 55 40 19 58 32 8 1 8 21 34 35 42 56 28 34 50 6 15 13 45 5 54 46 38 21 6 31 47 50 59 43 40 32 30 21 46 35 51 52 51 30 50 38 54 30 27 44 17 38 18 3 8 24 37 46 11 25 21 21 11 11 32 53 35 45 18 25 45 32 52 1 56 25 43 35 44 26 37 23 13 12 9 16 1 26 57 21 52 23 17 32 28 42 48 41 52 44 12 9 30 6 58 10 51 59 59 32 29 11 32 4 43 9 40 56 36 25 41 33 45 15 8 54 48 42 6 56 50 2 8 48 19 16 22 18 22 20 5 12 33 47 15 7 58 54 11 44 58 4 50 1 16 7 5 6 55 6 39 26 3 44 27 59 2 55 57 40 37 48 44 55 10 23 9 22 34 51 39 13 23 12 13 59 58 17 24 26 8 6 16 37 27 4 9 10 52 58 45 54 29 2 44 21 29 27 52 1 44 12 31 7 52 6 18 6 46 3 19 14 54 50 57 5 48 17 44 43 8 56 31 51 52 46 22 5 23 46 17 36 4 51 6 19 58 11 18 54 12 17 12 41 17 44 11 45 22 22 5 21 25 14 49 41 32 22 37 16 1 47 55 57 45 24 11 2 1 46 5 27 1 50 12 43 2 20 8 47 26 30 47 31 10 52 32 51 24 54 55 39 15 58 10 24 49 33 6 57 51 58 2 29 7 43 23 18 31 34 28 6 20 22 54 42 38 44 44 37 16 50 29 20 18 57 5 13 16 18 30 3 54 36 32 49 17 12 38 12 31 52 40 4 11 6 20 30 6 32 41 25 25 15 10 3 52 3 34 41 58 2 52 40 4 11 37 49 41 57 31 14 22 36 3 38 53 47 3 25 13 43 15 1 19 57 22 45 3 49 2 31 33 29 47 12 52 27 11 53 6 54 1 27 46 25 18 58 30 8 32 1 16 48 33 29 32 30 27 28 15 56 8 49 37 31 34 51 56 8 9 54 3 13 8 8 13 53 55 7 49 7 18 9 12 56 57 20 58 48 3 9 47 47 46 51 23 35 40 43 51 3 51 39 16 13 5 21 1 39 55 43 7 41 24 42 25 22 13 23 58 56 25 24 21 6 6 47 59 21 35 7 24 6 11 26 4 41 6 5 39 52 29 16 3 35 1 53 7 54 2 1 58 51 34 35 19 17 11 54 54 13 37 33 34 10 14 59 13 29 10 12 23 34 30 54 7 58 8 26 54 31 56 35 52 7 38 44 42 55 34 36 18 25 35 38 15 16 52 35 16 25 54 26 32 50 21 29 4 58 45 40 11 45 9 3 43 32 9 51 56 3 55 39 2 52 14 54 35 43 9 18 41 59 45 20 15 55 56 2 6 57 42 44 41 35 27 7 10 8 9 31 14 19 28 53 5 29 5 33 20 21 2 56 48 44 47 2 42 50 3 44 50 45 34 40 28 28 28 42 36 8 51 34 7 7 56 10 26 29 24 12 24 34 42 47 8 23 33 21 42 36 10 6 35 48 37 27 9 10 36 46 22 9 44 37 46 57 53 52 32 48 47 17 59 4 59 32 53 13 26 33 58 27 47 51 27 3 35 8 50 28 36 9 28 24 52 45 11 26 20 29 46 39 35 24 42 51 39 31 24 25 40 37 37 12 13 55 50 44 18 36 2 13 39 6 19 40 19 19 41 4 42 29 33 16 56 19 29 10 50 27 4 51 12 8 45 17 24 38 43 52 50 11 35 7 38 21 58 58 24 57 57 25 48 15 28 5 29 43 32 5 24 42 54 26 54 47 18 26 29 47 59 44 10 11 5 2 43 36 42 15 11 11 10 40 34 19 17 58 59 1 15 50 6 21 51 31 30 2 58 29 58 23 28 34 49 38 50 9 3 14 6 25 53 6 59 39 47 11 23 59 30 5 9 11 43 44 17 24 28 40 12 11 25 52 57 6 25 8 30 49 17 29 27 7 22 18 48 15 53 10 39 26 14 20 38 4 23 22 55 48 8 33 3 55 31 41 46 39 36 58 41 45 24 3 7 49 47 37 13 2 38 5 9 13 55 40 54 59 2 50 47 47 42 11 38 29 21 50 46 13 2 12 58 53 58 48 15 43 24 47 43 9 36 52 4 19 5 41 37 19 47 7 55 46 18 38 51 30 36 7 23 33 10 36 34 18 17 36 51 39 56 3 27 23 26 12 35 43 27 36 16 46 21 40 9 33 48 37 37 50 59 35 41 18 47 31 22 15 18 47 47 17 29 16 39 46 15 47 57 42 7 11 45 1 50 47 23 25 9 17 58 39 54 14 3 23 4 23 19 39 38 6 46 29 16 9 29 41 32 28 42 29 22 28 36 24 6 6 20 53 11 17 12 34 48 48 18 39 33 7 43 36 59 17 57 39 1 40 44 15 59 23 24 6 59 41 4 48 40 50 45 32 2 40 32 25 34 38 28 39 33 18 49 34 24 53 4 12 47 50 49 24 38 3 13 14 27 28 39 9 38 24 58 34 34 54 28 54 13 38 5 59 16 37 17 41 33 54 46 1 44 10 30 36 10 47 59 19 5 5 37 59 49 50 55 57 8 45 36 19 17 25 47 41 12 49 16 27 27 49 49 2 40 44 17 2 57 23 42 2 23 26 57 15 59 42 59 51 43 39 16 44 55 11 36 49 51 43 25 33 28 59 41 47 21 11 12 58 17 23 14 29 19 48 53 43 44 28 46 3 4 11 14 24 11 21 18 37 55 2 4 38 54 46 36 11 3 5 58 8 24 21 15 23 16 44 6 9 33 18 30 41 6 11 5 9 11 51 29 1 17 13 47 1 48 22 55 31 26 15 18 33 56 57 41 39 27 12 11 8 43 18 28 23 38 27 41 25 35 37 32 11 36 26 6 48 12 29 7 30 38 30 32 59 25 17 29 14 53 13 6 58 40 53 23 14 21 28 23 29 25 39 34 30 34 55 1 47 7 14 35 17 37 1 2 22 40 47 35 13 17 19 32 56 37 45 51 46 22 14 9 29 36 43 17 12 10 4 18 3 48 56 8 21 37 40 41 33 54 59 9 35 49 56 38 50 46 3 26 44 16 57 22 49 2 46 47 49 12 4 57 26 22 19 45 25 44 53 24 5 1 45 34 28 7 2 24 28 33 53 25 27 39 15 24 46 45 28 43 26 13 44 34 15 33 1 55 7 10 15 7 8 58 27 14 16 49 10 59 41 48 40 48 7 42 40 49 53 29 11 2 56 50 46 3 45 34 21 40 26 37 51 29 2 44 58 40 22 26 42 32 25 2 1 26 55 42 51 35 42 50 25 2 40 21 44 52 32 9 24 5 33 59 6 5 2 41 41 37 38 18 51 4 41 42 4 24 56 12 10 30 15 6 32 48 48 59 7 39 37 33 41 46 12 15 31 15 14 7 57 57 17 56 31 29 59 10 50 17 55 48 11 30 51 4 11 50 13 24 42 40 42 38 32 39 47 9 59 41 37 41 50 7 16 16 30 47 48 51 1 34 4 9 8 1 4 21 16 14 14 12 9 46 40 37 38 48 6 55 18 10 12 23 9 3 37 6 7 54 46 9 32 19 55 25 50 17 9 1 6 40 12 45 48 55 8 59 26 10 41 36 10 17 29 44 7 25 53 44 5 38 30 49 26 51 36 17 28 54 26 23 8 55 43 49 41 27 15 28 7 12 38 46 13 58 51 54 46 3 51 50 55 5 55 24 41 19 23 58 8 49 1 1 52 54 52 5 25 37 34 14 46 25 56 13 47 38 8 8 16 54 52 27 6 35 42 40 22 10 27 11 53 5 43 8 2 2 53 12 45 19 54 47 27 50 28 38 29 37 7 26 19 49 42 8 38 25 15 35 3 57 38 57 27 9 12 25 2 53 44 34 52 30 5 59 24 30 11 50 14 22 53 41 31 10 46 6 11 10 4 1 2 32 25 18 44 15 23 1 3 29 44 2 28 11 48 55 35 45 44 4 45 57 50 7 11 14 56 47 43 7 31 28 13 10 50 35 26 15 41 48 52 49 25 18 17 37 17 17 41 33 55 34 40 42 56 35 49 25 29 1 28 8 20 46 30 20 42 34 48 39 57 15 49 52 38 47 48 22 37 18 6 42 36 32 24 59 56 34 33 18 5 42 6 39 1 16 24 11 28 55 38 46 16 51 15 34 52 24 38 22 58 59 10 40 44 51 31 48 37 40 44 3 41 42 58 33 35 31 3 12 32 54 35 14 13 38 9 55 45 56 51 54 25 7 45 28 32 9 39 18 33 8 52 23 16 29 1 7 29 59 42 14 43 19 34 35 12 32 32 55 37 53 29 29 25 18 45 3 52 5 56 39 24 45 56 29 36 54 52 39 59 26 50 53 38 28 9 42 39 53 54 51 55 3 30 10 58 5 59 49 10 2 25 40 30 43 7 18 2 6 29 23 49 25 35 22 8 7 41 30 2 27 37 4 2 44 44 18 38 59 9 1 52 26 27 43 12 27 30 59 1 22 22 34 31 39 36 30 22 31 6 50 27 15 30 44 11 15 20 52 42 59 13 25 6 16 46 22 43 6 17 57 54 50 43 9 40 4 27 51 31 50 59 49 5 20 52 53 50 37 50 27 16 23 57 13 21 23 33 34 30 27 53 41 49 5 35 52 28 59 56 52 31 31 40 4 13 54 29 15 14 16 42 32 25 6 55 15 18 18 8 36 10 15 11 33 23 28 30 55 41 31 2 13 9 59 13 21 7 43 30 3 2 55 45 6 25 43 58 59 50 25 27 14 24 35 33 5 5 13 46 58 38 5 49 6 30 1 34 25 33 53 55 55 13 48 22 43 31 53 28 13 41 37 4 48 30 4 40 35 56 28 22 41 55 57 19 24 32 48 46 21 21 55 51 50 15 31 57 43 48 41 21 35 24 4 52 13 9 45 3 1 56 9 57 55 44 47 11 35 19 44 26 49 53 17 28 26 14 20 4 18 8 53 53 51 16 42 22 12 7 52 52 58 25 8 5 29 50 51 3 24 55 26 32 37 59 9 18 15 28 26 31 41 23 1 38 4 38 34 19 48 53 2 40 42 20 50 19 11 5 1 39 46 1 48 24 26 13 5 22 3 9 50 58 38 11 33 45 22 8 55 51 3 16 49 3 37 38 8 4 6 23 17 38 46 10 49 53 43 41 7 30 24 45 32 12 25 42 22 16 1 52 42 21 24 38 20 13 19 22 56 41 35 2 8 56 16 1 15 55 34 10 2 24 42 8 20 25 25 22 34 17 43 56 25 56 4 19 58 3 21 46 27 13 59 10 50 31 45 56 42 52 21 28 51 11 36 32 49 34 52 39 10 30 42 49 16 33 28 15 39 36 23 23 44 27 47 37 43 3 2 55 10 21 59 40 31 51 22 49 12 17 33 21 50 25 39 10 52 33 11 54 9 50 27 27 50 1 23 46 13 16 42 13 57 17 16 14 55 29 4 33 35 29 55 20 28 23 56 52 33 11 17 15 17 3 51 2 13 4 50 42 10 33 18 45 29 54 40 14 46 39 26 47 57 24 7 24 7 59 26 8 3 46 42 23 38 32 3 57 58 18 55 41 25 56 29 44 11 50 43 34 33 6 30 22 44 11 35 18 12 41 34 27 29 9 59 49 54 44 24 30 30 8 40 51 27 51 51 3 50 25 47 11 45 7 49 33 9 43 6 44 25 45 59 53 45 22 58 16 14 36 44 47 48 22 56 2 16 59 40 28 19 21 53 24 56 58 24 13 5 33 6 47 27 15 37 24 49 24 16 10 7 37 41 50 59 46 49 53 51 49 20 2 2 58 49 49 1 58 36 26 43 50 39 35 19 50 5 16 7 18 23 23 36 2 27 44 53 44 37 36 28 4 15 45 14 24 23 57 50 10 9 13 2 13 17 18 33 5 1 28 15 36 45 1 11 59 56 55 23 27 34 58 43 37 7 2 36 28 11 18 14 4 6 10 41 19 30 16 11 24 22 56 41 55 3 32 21 5 53 2 50 21 36 37 16 57 49 38 39 37 16 41 15 51 34 52 2 55 28 35 45 54 44 28 54 32 2 47 11 14 36 34 40 27 3 40 7 9 54 38 42 4 1 34 17 37 45 32 6 45 7 19 15 32 33 29 33 12 13 16 3 48 10 37 1 9 56 16 13 47 49 27 18 53 15 59 9 29 40 5 49 12 37 33 3 13 18 55 48 47 28 4 54 44 13 15 38 26 13 59 56 1 51 28 19 38 42 14 8 54 7 23 21 16 2 2 49 8 39 37 20 11 2 21 14 52 11 13 14 56 6 5 26 19 32 31 22 59 54 12 59 13 4 28 4 37 18 32 55 44 44 33 19 10 40 15 44 1 14 54 51 29 21 49 8 2 8 36 31 10 23 13 16 43 36 40 42 57 49 52 29 8 20 24 5 38 20 25 8 43 8 58 59 8 24 46 43 33 46 47 9 2 6 1 47 35 38 40 38 19 41 7 38 46 53 39 42 4 37 22 15 50 25 57 38 39 27 54 7 31 19 26 51 7 36 20 56 4 22 19 24 12 58 17 10 16 9 9 26 32 38 14 28 12 58 25 33 32 52 43 48 12 55 4 16 52 22 19 32 18 57 14 38 14 36 23 45 47 56 42 12 43 41 45 18 11 35 29 18 58 38 5 14 43 44 52 37 33 48 52 21 4 49 11 46 4 46 59 32 32 22 7 7 50 21 11 14 1 49 37 3 50 41 3 54 9 6 22 40 31 53 25 40 25 25 27 35 24 30 18 22 9 56 57 51 56 57 8 14 48 2 14 11 46 28 23 53 25 54 4 40 11 37 59 33 39 17 21 29 13 37 5 11 14 40 32 52 35 14 3 33 18 9 47 33 19 14 38 18 58 16 52 56 8 47 35 57 34 28 44 23 39 7 22 48 14 49 16 7 22 24 58 56 44 16 12 58 38 2 7 13 52 37 38 1 39 35 9 51 32 34 47 4 35 39 40 18 28 38 38 38 4 46 6 30 12 49 40 18 24 1 2 50 24 37 19 4 29 24 2 27 41 46 36 58 34 20 4 14 47 25 38 2 4 19 53 3 51 19 28 35 26 11 27 46 29 43 40 45 34 24 21 41 42 56 6 40 54 22 19 44 7 12 35 43 48 50 21 43 36 28 12 49 26 10 14 14 5 13 12 11 25 18 34 21 11 18 28 27 37 52 55 51 50 21 49 51 56 3 57 22 55 44 1 57 6 13 49 25 34 25 56 56 44 20 11 27 24 39 48 40 58 6 8 41 11 9 37 59 54 16 14 54 3 10 50 34 30 4 40 7 24 13 36 13 53 38 36 55 45 4 31 27 52 3 42 30 14 1 2 18 11 46 18 50 57 2 56 26 51 42 17 49 24 26 13 37 19 28 11 23 53 38 4 8 12 58 11 31 37 27 40 9 14 32 47 21 53 55 12 35 16 28 56 43 26 21 57 56 5 2 21 58 29 26 13 42 40 33 38 4 51 45 10 31 7 55 4 39 19 50 22 58 26 47 57 57 19 23 32 43 4 50 37 49 59 23 46 19 48 32 51 47 32 42 6 28 58 22 10 36 4 49 5 42 2 40 41 40 32 6 41 59 51 4 23 44 31 5 20 9 41 56 46 18 52 5 34 32 36 20 10 28 47 25 15 26 46 53 48 59 4 58 43 32 19 58 38 58 42 31 42 22 32 5 34 35 55 10 10 48 31 32 31 50 29 3 16 39 58 24 35 13 44 3 50 27 58 24 51 21 11 40 56 36 59 18 59 32 12 33 11 31 28 34 21 1 41 26 11 54 2 30 48 35 42 33 59 56 10 32 14 37 3 9 24 47 45 28 23 5 48 15 8 36 49 2 8 5 19 41 41 1 2 7 35 2 4 42 48 20 5 39 10 7 41 31 53 1 43 31 39 50 5 28 59 15 48 6 59 54 32 23 38 51 28 14 24 58 38 4 28 17 19 15 14 57 34 6 49 10 11 56 15 28 40 47 6 45 21 57 37 1 28 21 59 35 32 21 49 44 47 19 59 49 41 22 9 20 10 11 40 12 1 32 27 35 51 38 52 13 26 33 31 25 13 10 56 33 29 46 41 6 18 29 6 37 9 57 12 6 51 2 36 58 50 46 47 53 59 11 56 8 55 54 43 15 49 50 33 44 45 19 45 45 56 34 56 22 27 41 4 55 56 25 8 40 52 9 16 19 32 57 36 18 10 18 8 52 49 54 29 35 28 9 54 32 39 48 45 12 26 51 2 32 2 29 50 43 57 28 26 13 15 53 37 10 11 57 43 42 33 49 13 46 46 24 47 17 20 17 39 35 14 48 1 8 47 39 29 37 43 33 58 54 35 41 51 38 50 20 15 28 31 4 7 11 18 55 4 29 20 13 46 9 55 15 48 20 45 38 57 58 28 20 17 25 52 19 51 2 28 53 19 26 6 53 32 56 50 13 31 36 47 43 37 36 55 33 26 38 49 4 35 28 55 8 57 13 9 46 12 29 54 27 52 54 46 52 55 10 31 2 56 19 12 33 3 48 14 30 15 49 41 23 27 13 24 28 35 30 48 3 33 2 9 49 34 12 34 11 12 51 39 30 30 32 43 10 36 14 27 43 58 55 52 8 10 23 54 58 43 32 8 54 51 54 30 21 46 48 32 23 29 29 27 53 38 37 5 8 54 20 53 47 11 39 17 33 24 55 27 38 27 26 35 13 3 39 46 51 10 48 59 48 41 4 14 26 23 15 46 19 18 4 43 32 23 5 8 31 42 42 55 44 21 20 15 6 34 22 42 18 23 57 24 25 7 52 49 36 11 47 12 10 41 35 36 40 27 43 44 58 6 19 30 42 12 28 52 41 6 58 25 33 28 57 36 30 7 44 28 55 56 53 17 22 22 13 45 18 38 36 49 25 22 18 2 25 11 6 14 39 4 14 41 9 24 47 34 15 2 28 31 42 43 8 5 8 9 1 22 36 44 59 28 19 34 13 55 2 8 46 17 34 4 59 28 44 36 34 6 5 57 8 53 13 48 38 14 38 28 29 30 37 45 12 16 24 44 37 18 25 49 18 7 39 57 55 10 58 44 52 23 41 9 20 12 43 45 42 16 35 5 37 54 55 46 40 32 19 4 57 11 25 9 13 40 22 1 22 54 1 28 43 24 50 26 53 21 30 31 3 46 31 5 38 22 12 42 14 14 26 44 5 42 54 58 40 55 55 56 25 18 1 36 51 1 11 1 33 26 4 38 6 25 43 4 18 58 6 11 6 5 50 21 50 34 1 4 2 6 14 22 1 37 17 37 39 20 26 57 54 28 9 42 55 43 35 42 3 34 14 56 38 37 43 48 21 49 59 22 32 4 11 1 10 53 41 47 51 33 28 4 17 50 44 11 56 41 36 17 15 28 31 24 22 37 53 59 36 43 20 54 25 41 47 21 12 15 38 12 56 42 31 11 39 20 3 54 11 14 28 59 48 52 10 59 50 54 32 29 19 51 34 49 57 50 41 36 10 40 31 15 46 49 52 9 56 40 31 16 17 7 52 18 27 10 26 13 3 17 48 59 53 14 13 13 21 6 18 38 24 35 30 26 22 6 58 23 48 9 18 49 4 3 49 56 6 43 59 6 19 44 28 56 38 1 56 43 51 26 56 57 15 15 55 26 6 27 9 6 23 47 36 32 6 55 39 27 54 12 19 45 10 58 43 8 22 54 15 50 33 59 24 36 51 51 31 45 7 18 23 9 2 52 33 25 12 50 25 29 3 22 17 6 16 57 30 22 58 38 26 3 43 43 28 13 19 15 20 36 37 29 20 21 14 55 53 10 57 41 43 5 36 39 25 7 49 41 25 16 3 14 26 48 16 25 29 8 18 23 16 36 30 41 42 33 1 13 17 22 32 40 13 49 37 26 7 52 27 28 13 59 52 53 6 20 16 37 17 28 56 37 58 32 50 44 16 28 16 24 38 8 54 5 17 38 5 17 29 22 49 35 58 54 43 38 1 22 8 53 59 33 28 34 33 6 14 32 4 40 36 50 48 46 47 43 58 52 31 53 21 2 10 9 9 38 31 20 32 41 24 43 15 4 15 29 36 57 46 34 36 36 56 1 8 41 27 43 43 48 29 46 16 52 24 24 6 55 53 17 47 9 13 57 44 23 52 3 34 2 47 43 53 58 56 48 20 52 20 57 44 35 7 38 5 25 2 15 9 36 53 22 20 34 30 23 36 32 59 16 30 17 35 37 11 33 55 6 11 47 6 53 20 22 19 46 9 36 26 23 11 50 46 35 11 38 9 50 14 6 28 45 19 45 19 1 19 3 5 40 45 23 25 42 13 5 40 38 27 8 17 4 10 37 23 37 11 48 49 53 52 30 49 22 20 45 15 20 37 9 5 47 9 7 39 1 41 46 3 49 1 10 11 39 10 50 11 44 17 24 52 1 55 29 51 44 56 35 22 45 42 7 12 5 21 12 35 39 12 42 47 54 49 42 21 52 5 48 58 21 8 14 40 8 24 10 10 22 43 5 47 22 33 12 16 38 37 30 6 55 49 6 3 26 26 33 52 55 45 2 43 1 50 35 36 4 41 8 19 27 52 26 38 41 17 30 52 19 49 9 44 30 17 13 8 23 5 18 14 10 31 44 14 33 51 49 16 18 34 35 47 33 35 54 23 11 43 30 1 55 49 42 9 28 21 18 9 37 31 23 17 31 38 21 12 59 34 24 18 57 25 47 48 48 9 40 47 40 24 31 31 30 7 34 46 31 43 50 55 21 2 45 3 55 1 51 32 36 40 48 38 38 15 20 3 36 22 18 16 31 15 52 54 54 46 7 55 21 40 2 38 43 32 31 48 11 5 52 14 33 34 49 35 5 3 43 30 16 31 34 37 39 43 22 52 24 28 33 55 54 13 17 8 32 23 41 22 38 48 39 35 16 34 29 32 45 20 48 52 1 47 24 21 25 20 41 7 16 25 33 18 51 38 4 42 32 34 44 19 34 18 1 18 17 42 2 32 8 14 8 37 16 59 20 38 27 3 28 50 3 11 12 22 44 27 15 36 29 8 45 48 40 18 19 39 34 58 59 41 20 50 18 25 45 30 2 28 20 51 38 20 58 53 24 21 28 41 38 35 1 16 41 48 33 19 27 50 25 54 52 5 36 41 23 15 56 18 46 39 33 22 7 51 59 20 35 5 34 35 57 32 36 4 22 38 59 14 17 11 23 52 6 6 43 58 32 20 19 9 15 45 29 54 33 43 45 44 54 34 33 30 56 16 45 21 21 47 44 33 58 6 3 12 1 31 9 13 50 33 17 10 43 1 51 7 54 8 52 35 20 18 59 55 11 6 1 3 38 32 6 51 41 12 7 36 49 39 31 50 34 49 32 47 2 1 47 46 3 41 28 14 46 47 17 27 20 42 14 9 21 59 2 53 22 59 15 2 39 36 9 17 33 46 52 52 31 17 17 49 4 39 54 13 15 2 32 2 15 52 7 55 3 1 6 6 41 18 52 13 49 56 13 1 16 37 10 14 23 24 9 7 7 48 38 52 25 53 33 2 54 57 40 5 35 42 3 42 6 56 38 27 51 15 33 30 12 13 14 36 2 23 55 44 18 3 5 55 23 47 46 56 33 2 11 45 34 48 17 49 30 47 58 40 10 48 18 46 45 51 46 41 54 52 40 57 11 18 40 31 13 22 13 27 44 2 22 43 39 52 18 26 11 54 39 45 36 49 35 35 17 2 24 6 40 16 27 21 53 57 23 14 30 21 57 45 32 21 44 14 45 17 1 54 15 57 54 33 3 45 40 3 25 40 50 12 30 43 41 58 34 16 6 14 49 3 28 24 17 33 8 40 47 23 57 1 36 7 12 46 20 41 28 53 39 52 26 24 25 9 44 47 13 35 57 15 24 19 37 52 45 24 55 21 44 25 38 42 21 14 3 13 4 31 41 48 12 22 8 34 32 56 20 39 33 56 16 12 9 39 45 43 40 52 45 11 7 37 30 48 40 21 56 8 41 35 10 26 12 3 3 20 40 47 33 18 11 58 48 21 59 12 20 7 59 7 23 25 25 24 52 37 56 14 25 36 28 14 27 7 18 54 50 4 23 48 25 7 18 10 5 21 54 29 55 6 20 12 18 17 18 18 15 23 54 43 26 10 6 18 59 26 17 55 53 4 16 35 19 53 48 26 8 13 23 21 25 40 35 19 29 3 42 34 7 49 8 13 46 4 34 18 7 54 35 34 44 56 39 13 8 47 25 59 20 2 13 3 48 17 15 24 57 3 11 28 44 2 11 57 44 55 59 28 13 26 25 47 18 8 30 23 56 2 35 42 27 48 32 53 55 51 33 56 17 47 17 38 13 18 6 19 54 52 18 2 46 1 19 55 40 2 55 24 55 11 16 55 48 29 7 20 27 10 55 44 50 19 52 29 39 20 4 11 54 30 56 6 5 5 7 6 59 40 39 38 37 14 51 53 41 38 7 38 22 58 33 44 46 31 30 56 50 32 34 17 56 13 31 36 32 39 33 58 21 1 59 5 12 54 3 51 29 35 46 57 3 57 19 5 36 59 30 40 33 38 4 37 46 32 43 14 14 35 58 3 1 26 8 42 57 8 9 37 1 46 30 39 51 20 26 53 26 1 42 51 11 10 9 8 14 24 43 13 12 45 34 58 14 5 37 19 2 26 34 22 33 20 5 33 1 7 3 40 57 27 40 25 39 25 14 21 29 23 11 25 55 45 25 28 14 43 41 53 32 47 40 24 28 17 25 2 16 20 50 34 30 18 10 6 13 
// di
6648 20383 10059 21249 19404 10380 22000 2149 6173 16091 9615 5099 16120 10794 18306 5143 29708 29364 15478 23180 18706 2037 23520 24096 15038 3445 23662 18910 10026 4438 24361 7950 1073 21281 27909 13404 16240 24140 29054 18140 27824 17091 5089 7565 24993 9079 2346 6356 21260 11036 7168 24444 18418 15006 6372 26965 14629 13418 3784 15673 24651 3844 24111 7701 28570 543 9040 11042 9883 11159 25058 23948 15222 13606 8871 8092 1016 16640 23895 12869 27842 17580 1957 21099 22879 24831 24646 38 11604 4701 24250 28596 1977 17033 7475 11218 19182 28107 14989 18691 10634 20097 14766 21515 3252 24487 28520 24541 22113 23903 17643 19720 1469 18196 25109 21978 10517 8881 27556 11942 23921 3208 7145 610 4099 7231 14843 22205 6435 12294 25232 23926 19507 9078 12025 15542 6490 26977 5278 20409 13541 25527 23301 13682 13470 8890 14952 13996 10086 22632 23097 17724 1251 12171 27647 3618 3414 18207 18646 17338 1908 5895 5426 20551 28651 12861 15164 18267 3559 3457 28081 2596 9331 24924 27879 1539 18450 15282 13011 3006 24775 27048 22455 9099 12729 9849 20942 25847 1543 6743 5075 7782 1538 20971 26592 14334 26745 4318 1591 12094 26068 12035 24990 15577 28292 13490 16261 6995 3367 23304 2776 14993 10446 21034 21966 7924 9802 20445 17679 8470 23515 22401 26359 7516 21876 4190 15662 21480 15788 601 26203 5256 27477 364 11965 2196 26124 16746 24212 4000 29241 10980 11364 3088 20266 7296 29443 9425 28448 13017 29541 7449 2046 10267 23263 2853 21025 26780 28532 22608 24930 6048 6432 24233 4347 18054 12683 3539 12426 7198 17367 21411 2683 15729 20372 7394 14151 9393 239 5094 26778 14364 8221 12826 18381 14153 6640 3465 1130 8738 8875 18142 18746 26649 26826 193 11231 25044 13442 8118 12193 26002 8755 12728 3374 23820 22528 21025 18824 2848 25958 14033 2372 10580 20807 20102 23634 25845 26049 4711 8068 1853 21255 8936 16410 22552 1688 7851 10120 3173 1471 578 8328 12472 21477 15810 5108 4592 13117 7720 4290 14037 17756 21168 7377 25507 12901 25691 23397 10559 1118 28751 15278 26989 13126 10201 28514 22893 16971 1893 27068 21593 11304 15311 5036 25634 28296 6611 25480 11878 6190 24370 6091 4712 24478 1083 25467 1497 16776 5235 27480 27092 4422 15882 14076 11467 29288 29574 22504 6768 3767 515 8799 18812 8764 7636 4904 4764 16338 7241 29342 10819 20302 2442 19353 29686 8156 18518 25857 25238 27832 20605 25925 28316 18009 16038 5759 24728 29782 25952 6198 528 11511 8232 13988 28736 13427 671 25229 27172 4917 12765 13056 15247 11401 29572 297 13575 18284 6314 12329 16113 519 5384 12582 27119 24442 5333 3596 26589 26369 22861 29363 9217 4169 22669 358 6749 6939 16334 15613 11854 27109 4382 14837 6922 8500 24760 3909 8451 14558 12971 7582 20594 1696 21416 11630 16854 747 9117 18024 12781 25384 3958 12761 21474 8858 6113 11402 12591 25944 9220 16215 14548 29658 9814 14443 560 6244 17398 2253 17946 5305 18096 13985 13113 21148 10400 24851 7379 20677 12993 445 1723 24588 13083 11706 13170 20813 21245 27179 9468 25766 28010 27914 27248 12319 5967 11064 26232 20992 29393 23445 19960 6827 6053 20477 21298 3587 13604 13225 16026 24371 9058 9036 6655 29933 11117 1283 16423 16963 397 6359 7402 3679 15098 29054 28531 3298 4228 12318 20954 13570 5949 14824 5766 13249 16103 25029 8280 4906 15745 7667 18175 19684 6594 10519 29327 57 20475 28621 6308 2100 11064 22556 1581 18913 17208 18985 12456 14804 13997 25882 15792 17101 13177 5498 9329 21228 14974 17298 19886 5759 24311 16325 19547 6355 6492 22477 26456 23652 29453 26643 24595 18466 640 3108 957 6487 18943 25600 20839 11938 28647 26744 10847 14724 25967 9620 25950 6081 5482 13245 16096 14724 10562 14394 18438 7516 21855 11756 3078 18629 10082 16901 26788 19063 189 14197 28740 9767 4053 6198 6166 6970 19254 20049 17095 16655 14568 11846 20931 15405 19957 14428 20454 225 3523 1200 14457 25844 25842 25403 9936 5008 21558 210 22180 17518 4816 8601 11076 8607 2236 29795 5497 14344 4049 26935 17141 16797 13162 2012 28448 17015 1367 27890 21132 5737 6112 2121 4347 13489 12966 10510 25295 2842 21293 6284 86 15637 10173 164 8490 15328 11788 14462 3005 28953 1693 15949 28477 21956 3618 20643 28362 7065 2891 15089 2577 16189 13390 4146 19179 16785 11695 26289 7358 11375 9631 27914 3157 18165 4095 9058 14372 15351 2790 13029 4377 1372 5361 6130 5204 4174 2914 28976 19680 21725 1835 19216 16227 26270 18346 9398 544 8653 485 18677 16754 8747 2067 4859 5503 9198 10771 3712 19345 26090 22397 20081 29959 26645 14258 22900 7534 18198 7549 8368 18361 7285 18374 6500 4317 23884 4019 23705 28346 21389 10898 20349 4654 11803 6711 20394 23352 2570 3987 15431 3218 20013 7195 12150 21968 7689 5039 554 17617 10481 16418 27140 4928 19638 15237 1330 16794 19069 5794 29429 5539 1724 20704 9714 18266 11649 25617 6961 1781 23698 16249 10621 17474 13006 29934 10388 14216 25251 20542 26756 27713 27706 8707 20416 14152 26566 17617 15072 13472 23525 20810 24665 6346 20022 13571 14875 18354 5201 7683 1270 1646 21589 5811 22632 18736 11564 4848 6725 20420 4087 5188 12622 12693 25793 23828 15296 165 4875 14735 28404 23628 3732 20203 20631 6326 12028 26304 12694 3834 29297 27448 25360 24474 863 8799 23917 4566 3212 24518 17108 11399 5765 14321 27651 14028 12675 6270 24108 29860 29534 1408 28856 26165 27499 1364 21010 5489 2842 20878 6341 10876 12669 5908 3118 10113 25101 8887 13597 4900 10556 15673 5344 28632 3504 27148 26320 16399 9091 11252 29240 16915 5280 9759 15380 24005 26078 2196 5521 8438 14548 2014 10320 13954 13243 24103 27076 23876 18208 19603 22338 28591 19021 7305 2394 6504 1294 24012 13515 26020 12693 24990 24617 22988 8734 21994 9946 10212 23834 6374 6094 19850 22620 28151 5566 12454 19792 4271 16128 22053 10824 7707 23649 15464 26124 2616 25624 9359 29510 10538 22374 26895 2461 25431 29967 17417 12926 28384 29501 12616 26678 29761 4891 20810 1802 19294 10207 26108 16846 19355 19169 7125 14000 337 22111 4549 11847 15195 24871 23453 2656 9844 689 706 20470 16589 26680 12948 21466 7466 23244 16039 4336 25386 552 15939 25694 16269 20510 21820 8861 9339 8129 23338 23951 21370 23066 21309 13164 28072 21908 14847 22414 10848 17174 18464 7178 26204 193 25116 14265 9103 3337 25479 2924 8748 25532 27300 11592 25807 8684 24665 24366 15403 1283 5226 5598 11727 9993 10690 29970 24615 10730 29305 16135 28112 12194 14600 27694 148 2470 5273 1114 26564 3110 3008 13692 28476 318 13948 7240 4571 23899 13225 26130 7077 5969 27186 14318 21888 2010 8210 29865 21286 26778 27243 23023 8861 15606 10763 13302 1406 19831 8496 21625 18356 12131 6021 16922 14909 6182 24316 11115 28058 29663 16590 4571 14238 22488 1812 22089 16871 27632 24624 13402 13675 18481 13972 11791 17354 4827 9264 14317 27485 13680 15055 14569 18314 19870 802 24684 2657 6170 26874 22951 17909 29982 24614 20371 29037 28646 22086 6978 10697 12584 26176 4780 22347 3814 15899 14306 13376 2704 8147 9675 18330 29220 466 18958 17643 10675 17657 1359 27377 29964 21096 29897 28411 25129 13387 12127 11017 3877 7618 14553 28104 20492 27713 4209 7319 28815 28566 17381 7904 15823 25134 13496 22834 25556 1510 11783 15711 10194 27123 29605 1980 29003 25689 17658 29652 3163 3909 7265 971 13229 16733 26823 18178 17999 17559 7505 17418 29634 19801 11593 2760 23380 19721 28746 20079 8191 21105 9863 9173 26937 17318 28429 29438 2718 23055 22697 3614 24006 7775 11322 11895 22674 2664 17605 26320 21137 3713 7744 18924 28037 19041 2613 15665 27366 16797 16393 26576 19687 23656 4330 13284 24895 10694 11145 2135 543 28637 22314 12645 22657 640 1781 20276 11124 23051 20719 26661 21430 9292 28874 8369 9908 3604 11914 668 29390 28207 7032 149 14144 9846 25962 12023 22788 22790 1162 18741 10282 17351 11569 19686 27834 24572 1550 7528 14196 15020 17344 4585 7149 11094 11774 29248 9042 1426 15800 13348 22828 17520 18842 5477 4674 18540 19350 19623 28866 26025 25905 7108 16575 14084 7778 23936 18870 11142 11471 16018 20143 25410 15531 12431 3595 20681 28748 23013 28240 15044 21469 18973 2994 1372 12684 2832 16006 14891 19083 28711 7273 3740 6146 7514 16038 744 13400 23614 3978 9254 6752 23120 12366 25326 6822 20914 18566 22288 28143 19911 27084 17014 18107 11133 187 12296 12115 20280 712 19081 2237 4893 25997 15215 13000 19214 21842 1782 11109 17298 9372 20722 26874 19312 7057 17324 17362 22606 26520 29551 25329 7338 6001 26110 10461 13518 1634 11350 15302 3850 9042 25606 20592 7499 26935 15775 3389 3473 26118 16939 11862 5693 3238 6928 18113 291 15546 14244 10827 4771 10205 9196 7182 15848 21670 17038 13078 17272 29716 12562 17887 14211 12253 2138 3646 95 11883 10392 15155 22702 22186 14998 4416 17179 17924 15795 9068 2943 24291 24865 29689 21169 22306 7758 14041 9896 10664 3543 24367 7079 28731 8541 13284 17246 12354 3049 8435 4232 24388 26673 19094 9165 1536 15403 10668 1823 12102 22439 9 7505 18583 10285 27975 18934 17061 26660 16743 13321 19311 24477 26798 23389 3086 29795 14267 17462 15440 28240 17862 21162 13971 15994 24952 27791 19782 28306 17296 16807 16180 8335 4775 20516 9223 17963 553 17517 4335 15403 529 16366 3433 24640 25642 20440 26323 25196 7434 19863 27494 23422 7755 20719 441 21388 26961 11732 16452 20916 22117 15369 19145 18283 16119 10741 23936 5307 27080 16735 11544 3785 15932 13337 23516 17893 14140 1690 8308 11837 11036 21968 6516 10532 3638 29832 10518 10643 13126 15119 27578 14054 19382 6889 7650 19407 5333 13914 20257 12827 23333 9496 11782 14874 1603 21636 16339 11642 17936 21446 27192 28273 1579 16181 6054 3820 12627 29950 9497 20639 25806 11814 17820 4378 13315 24793 15634 13956 415 19632 4571 23041 26020 29235 2482 7588 19864 22635 25026 9313 10788 3682 8944 6780 24914 12225 8891 5551 14179 13498 10025 9095 11361 16912 7071 13104 8691 2220 24643 26143 1355 7989 11926 18796 6123 11305 8788 20098 12668 26019 16525 24676 7277 8297 22629 16109 4421 21883 15052 23327 3788 29879 6861 12998 22041 13990 17666 12278 25834 6900 27356 2664 24099 2948 14637 10702 14999 28160 15646 6763 11588 4488 6019 22638 26328 5720 17650 11291 10796 20229 26881 16192 23436 5661 19394 6512 15672 15900 8882 8030 13860 10546 19726 29800 9237 12246 27572 11063 4270 23068 20327 15286 9636 1807 9261 8212 12312 28298 27281 8874 25534 14014 9811 26890 17500 22428 8903 25925 26323 20858 4507 14802 11187 13079 11260 27095 8400 28081 27523 29700 1935 25662 13399 25737 347 10224 10270 12725 26914 17438 28310 29190 17808 27668 20002 5415 23015 1907 14056 23864 13123 20756 11741 26057 10895 17145 4744 3434 18309 11633 27814 25630 29309 27407 21334 13667 23787 12783 27527 19405 24335 10265 9472 22866 8941 9724 28194 1275 1246 2400 21189 11002 12622 6421 9057 29020 26460 21119 25580 18462 24844 778 19457 22116 2829 5680 756 21819 23612 29363 10379 9670 11577 7805 26696 22365 3384 19455 28382 10204 23199 2759 16535 5082 4338 24575 25280 29603 11804 29123 25812 14178 15358 25230 26482 25311 21754 19479 17696 6258 13411 4468 10285 15221 2015 25638 29801 6300 4127 20788 15770 23063 29291 18595 12505 13852 18491 16096 21529 10398 13578 17908 11424 8745 8506 8957 27404 1263 8850 25377 3752 14303 5585 22579 23505 15667 27394 3875 21626 5212 182 521 16803 10524 19410 13096 23615 10506 8014 13661 7920 22279 21821 907 7357 15142 10983 28646 4501 27824 15796 12161 4114 11832 19490 12513 19874 2138 1312 24104 2271 7417 6513 7824 2685 18087 11422 18304 26057 26186 16627 18008 11125 19091 7187 20627 21336 2568 15379 8765 478 29029 8891 9127 9601 14164 11360 23094 8971 17966 16673 16530 18856 28700 11509 27329 3194 20444 2913 11645 5332 9194 25367 15283 10830 8520 10446 22250 27807 28618 5861 15915 8264 27073 29352 20872 28781 19153 25843 7189 24637 7002 20605 19284 1671 29903 12340 15827 20076 21612 22170 25716 28099 28466 5717 18147 29904 15859 24753 19794 7257 25423 25987 17080 10202 7494 26610 28873 3344 22187 27443 22514 25551 14218 21886 25357 2848 19943 24692 16512 27566 1694 9566 20977 12160 9962 804 24510 10733 22805 7623 3810 14231 26328 26909 18116 16119 14840 6585 5464 4143 5422 7526 17154 25453 6295 11134 318 16850 11919 22475 13253 6442 28550 15673 16918 25790 26435 22974 3363 18152 5678 25436 29262 23347 10072 27503 29990 24725 7062 14125 29701 18602 11153 27414 1295 20640 20466 8672 24701 29060 24553 17578 15484 6483 13557 24361 5755 23010 28604 20607 4267 25141 2373 20878 15839 13643 20834 2665 28237 27033 26549 8231 8947 15837 882 20281 158 25836 24744 20650 28920 27905 28393 295 21629 4860 29543 27972 3873 23735 28390 15861 13167 29568 11746 15161 9813 15991 13513 4125 24062 12054 15893 4330 6921 25813 644 26623 17960 16763 21395 20146 8536 22488 14541 24151 18201 26548 2544 1191 26153 20181 27918 21236 29434 3732 11180 860 21479 13265 21519 8575 11760 2298 24714 16118 11918 17464 15565 7878 8593 13863 26345 2244 4792 14819 23748 17491 27699 12191 23505 29201 27171 21210 13060 12778 18927 4543 29765 28931 4518 18492 28125 12784 24554 3109 14629 8299 18781 27239 15361 26183 2842 19547 25963 28967 8374 15866 17270 10006 26917 26583 15678 724 13090 4244 8274 25472 28720 20152 2249 4048 19589 2654 17127 2462 14988 5317 7975 27329 15923 24153 6836 11451 23800 20736 28313 15870 2167 10446 25046 4894 20446 4019 8024 29358 6445 9254 29942 11849 12001 22865 23481 16909 14761 4440 5448 18946 4483 3033 23118 28565 16741 2636 3745 21952 6225 15261 20634 11550 7079 14902 28893 23718 21820 12430 6572 20592 17394 24189 22053 19010 11206 15317 7460 5786 21020 21328 6096 29465 27980 1667 22868 16841 742 13696 27118 29873 24265 14680 7055 8276 9933 16586 15480 10205 27864 29279 24200 9387 21850 2003 25744 9177 25453 16308 7710 5610 8274 15775 23639 21833 15194 9936 8936 11134 28870 11306 3075 3062 15277 19012 7756 21069 16398 22522 916 15423 23791 17007 26039 419 20061 20903 5403 29456 29161 14901 9321 29692 10813 23582 16575 23259 22052 25344 18910 1146 24690 3794 5955 23749 1562 23885 11123 9124 29657 3288 16995 13593 11429 12525 3661 24080 13535 2216 22584 23201 20334 29542 3491 9096 13254 26433 650 26675 29707 19308 25866 11850 9435 16690 25349 28388 8185 9994 11984 6175 1764 14904 19574 8925 14405 13097 2784 25377 17026 26230 16581 20336 19108 15997 12148 5492 29941 26700 682 15805 29562 25436 12481 15091 11797 4064 18575 15091 9806 29555 21035 16687 10864 10811 944 346 14854 14798 25943 2135 29967 11220 24824 28960 4712 16827 7954 731 7596 82 21834 29016 18467 25641 10582 2217 7459 23069 705 15326 22571 2909 5833 5548 9621 27345 18938 20254 13173 10178 16690 29349 28627 12867 24719 7039 7360 16328 26060 192 26020 21431 18807 12390 10284 20670 15430 16942 12542 21836 8310 10754 9690 20569 12812 11402 27524 14793 23557 23816 26489 26183 17693 23352 8017 6385 22217 3702 27623 6468 24865 22634 9229 1464 1579 2374 14206 7888 26405 22590 11553 26890 954 20522 4679 115 12286 10286 3266 29099 19902 8642 15924 29252 9930 21798 26431 22516 28106 11719 11711 25712 10872 2826 19716 1810 19784 7764 13142 21148 18229 990 5047 14475 23674 68 2065 1427 13034 11698 17531 7384 23806 14074 8012 14625 24658 14524 24336 10469 5403 2867 24641 17009 1133 25744 24960 18567 28525 9398 4832 12330 27789 254 2447 1660 23729 2909 13658 4310 19585 11742 29106 17316 11418 24539 23017 589 10445 1512 28649 19090 17823 9993 10445 9703 11814 11154 1305 1462 27047 3653 27564 20010 9586 20920 12953 22949 25115 2288 22683 16650 17605 5600 26968 22960 4501 12082 2802 1617 19559 6191 24784 5317 29201 29032 9279 29090 96 27485 29039 4369 9836 10272 7841 12869 7686 24709 20965 5950 11080 28296 28313 1183 9070 22217 12368 9603 3996 24692 1093 7415 23762 26518 23969 29880 13428 15047 765 28415 27108 4291 5433 7698 18276 22240 14451 9061 13159 8601 26636 25261 23158 17172 14369 3907 1210 24551 15466 29994 23370 19459 22820 9792 21025 15011 1277 723 4756 3715 10692 12958 7784 21431 21999 1453 20903 20556 24571 11840 18870 13645 22852 25689 766 28470 3339 15703 15954 23575 21919 9 5894 7717 14644 21111 559 28019 4473 15873 8279 13224 3296 10061 29606 249 17926 14206 28936 19050 1286 27243 21705 1335 14969 9215 13058 27927 26647 29729 17190 22872 19700 28318 29647 5379 20902 10239 5492 14301 2229 9507 17750 18671 9304 11847 27880 8644 19395 6351 13776 10622 2622 28914 27799 9232 16469 11649 3903 18310 23964 21512 29308 6255 20855 26561 3739 11139 2595 25119 16250 10919 4681 3218 16328 22041 14908 8883 26308 26915 4957 10833 4477 16482 26182 10797 29007 22794 13768 28914 12569 23548 28998 28817 10921 24940 24180 26032 2559 15469 2248 23948 28840 6579 15807 18433 24215 26931 16609 27065 17536 6830 28367 19422 10627 2418 28265 6136 29834 25752 23538 26376 27663 14593 14934 9880 19316 26490 17173 18504 17591 13128 5743 1818 25339 20253 3397 16082 17718 11614 26865 25720 7658 19025 12526 21620 10148 20465 15292 16314 19479 9796 25757 3181 26912 6751 27418 10928 19341 28645 4542 3727 10994 18037 4766 3967 29628 5117 12069 14556 22895 2567 24600 689 10543 15839 22826 18769 11483 16494 1247 7272 20699 18446 24829 10651 14084 9682 19636 1711 24578 20073 21896 2931 15999 13982 9328 15416 23581 7954 23573 8868 10404 22688 10326 3543 3088 27296 18192 7694 2017 26461 16767 22865 16028 16004 17445 11559 21378 5760 4220 21696 6274 4905 2068 2477 14718 18523 6840 9059 10804 18163 2879 8726 15682 14042 26262 12216 4030 4731 16073 23660 28866 13898 23891 29766 21519 14151 20360 6083 14115 5362 37 19037 11775 16173 15382 14435 1105 19232 24352 24143 16146 11391 26105 7576 17124 13385 14975 7230 16356 1007 17042 15668 12584 19372 13857 6689 24073 29694 21076 18757 4785 726 15585 1681 9128 198 21236 9880 23767 896 12418 27804 15740 3735 27824 16120 24214 9493 5192 4614 19131 28843 21956 27131 21853 23756 16981 24464 12631 18331 26379 9668 8541 29083 218 27622 23428 27435 10586 15091 14139 1384 3790 15156 17132 27474 8054 5453 382 14826 29646 27416 28442 6751 7174 13240 26793 2642 13414 15570 26052 8901 26070 15221 16408 24202 14582 16825 14860 10058 15119 29951 13890 25900 14008 6767 15976 3401 12049 17657 24424 26437 6387 2231 16792 2815 14184 17207 19085 10 26997 25830 28299 25665 23263 27875 15525 24030 9011 1638 25604 27825 15673 11252 10745 720 25961 18331 5978 4925 12582 842 5889 22677 3006 25753 3893 20184 6370 20886 6903 20519 23962 25219 206 13915 16271 16954 12025 2162 3611 1396 5648 24577 24410 9709 6559 976 26079 6225 18553 4458 5320 5870 4489 18583 24914 10235 18886 8232 13378 18232 5249 12865 23245 24093 28808 19367 10492 12766 6459 20269 20725 19617 18272 28283 4029 7237 8280 2815 6136 421 8187 1465 4047 14680 15083 28250 11855 17971 26421 4575 12049 16522 29399 6612 5373 28130 5265 15930 23622 10240 8239 22046 24476 22693 5269 1762 15702 12630 1916 24520 16558 19014 8805 11101 1859 16122 18698 9260 9389 9812 15264 12400 18664 9470 16937 1980 6320 14681 13683 28398 8204 7069 17311 26417 27441 11772 54 5867 17722 4023 21448 7136 17021 24839 4109 23881 20013 2317 16252 15159 8339 15793 10421 27710 25892 19295 19525 23419 29580 1574 21401 13201 7142 3720 5814 20079 19715 15582 19386 13641 9671 3317 9330 16441 25438 10155 13133 13543 28688 11016 11194 6163 29925 14241 3660 24195 3397 24912 9097 23652 18079 18330 2215 1783 11680 26084 16543 10901 25052 16128 641 26260 12378 16004 14519 7926 14554 23163 21115 6925 21249 2116 14965 9027 3049 13815 29147 11911 7254 8625 14368 20140 274 5905 3694 12350 16554 13825 21028 451 21731 10738 27468 25392 28794 17635 7953 4126 28793 24629 4931 4970 11266 4365 6584 15149 6880 27077 27868 15778 15785 19939 147 9088 26066 18325 20402 11926 28696 19349 29266 27844 11041 28311 4821 4473 28512 7099 10250 10542 17086 19983 4881 21227 17676 24374 10505 9062 19411 15629 23565 24300 19497 7168 4988 15112 27151 15247 13069 26267 2604 17029 17478 28480 6027 10930 27366 6018 11620 3765 12 26724 28213 29614 18464 21652 9731 18589 15996 29644 4409 4357 14337 5375 26162 23733 8127 22985 26304 13587 7339 8881 14000 25360 9455 15345 8190 24375 2624 4697 18503 26713 17829 16117 2180 26039 9305 4370 26512 12880 2425 9569 23508 28949 18592 18691 25607 4232 11930 6728 12200 26070 23518 25147 5731 16407 17647 4016 19966 2517 1778 16101 26690 18793 11507 29519 22536 16829 28425 27190 2406 29244 9073 13255 27676 11861 10276 23939 13368 22924 25727 12186 2885 4565 2889 15539 4352 29859 5140 19016 2062 24238 465 16705 15678 6386 12655 5644 11210 1830 1829 18565 27148 22440 14067 24496 14498 14780 25243 9124 24105 9499 26022 14550 19805 24712 18211 14222 27060 11363 10814 23538 12872 12752 425 25112 9309 19817 9471 7149 661 23527 699 6807 14035 26603 12478 26073 25858 11524 16736 27183 27695 23071 20686 1557 180 1281 20074 29729 24477 17144 28436 6775 15710 16102 2496 22363 12014 22781 15717 10202 272 26649 14245 27711 7208 5031 8591 16525 20306 2472 11029 18663 14346 29417 10058 23038 12695 29174 24334 2019 8073 3991 1168 4517 24344 23454 15522 17444 15310 6168 28758 24687 17054 18364 21022 20728 24133 17767 15426 6564 29822 26354 792 1047 20565 11487 14631 4948 19830 20029 20079 8055 11986 20750 25880 25398 6091 15973 19475 22706 4077 12925 16487 2533 28499 7049 14689 22056 12549 25092 22057 25669 16109 27175 330 26238 11583 20283 25126 238 5040 4592 3678 29964 8174 17255 108 2450 304 16259 17352 26286 29812 6879 2459 24089 1624 26441 24668 24912 29069 27396 16251 28934 11016 11044 22736 2246 28859 21699 16801 9352 15700 12604 925 5164 29016 14837 13245 16751 13658 21274 6880 2146 3763 130 41 9021 10625 2441 25719 14577 10621 22299 20548 23961 18812 28398 5511 2248 17523 25024 29177 12906 26556 1581 14781 9299 15880 7172 26890 29286 18594 25470 3094 27873 18293 21596 25146 9821 21918 3977 6409 8152 1443 11717 23535 5136 12366 8340 10548 14143 9960 7044 24450 23201 8846 20573 14872 27531 19757 4683 7450 28092 15166 28406 26620 6388 13789 21142 28910 11880 6942 23264 24630 29384 819 15399 29310 14017 19892 7098 20716 4271 27161 2298 22316 13116 19839 19547 8084 18332 10248 841 9204 20701 20408 4425 2858 19959 12327 21512 28945 4908 24605 10745 28791 17438 17221 7075 20929 27181 8872 29032 25805 12009 5508 652 8872 11534 28763 23434 7238 17725 27217 27353 13650 5448 17797 18851 26032 19706 5749 25041 3523 24947 22751 23842 2983 14531 18706 24235 23907 12952 6873 23175 23514 27764 29382 9935 3354 25584 9667 8104 20297 7510 16387 10206 29369 6813 16755 27575 15761 21481 27537 17391 4637 8280 5832 3450 11957 18161 2445 10404 17712 4668 9645 27601 26090 12624 18265 9355 15314 28810 10167 519 4823 16470 29372 26911 28064 6750 5038 4394 7345 21260 24148 10704 21806 14317 11552 7264 24841 10896 7561 1810 10546 11270 3133 19928 15020 11013 25374 28232 1110 6799 17287 5527 10539 28849 7840 16704 12603 23969 23735 1191 14448 17793 38 16327 20748 13790 28770 7467 426 21916 14934 27614 1230 26597 23582 9419 12207 11052 5838 28439 26745 9500 19863 15740 12900 5068 20845 11327 24206 21819 10056 12003 24325 9219 16836 7897 7322 18007 29424 1725 2735 26063 19581 2758 27760 9771 18744 4521 18049 14046 18349 4552 20762 19538 13947 5129 2328 10777 2140 8347 5640 10977 12283 9110 291 1992 11761 8814 29767 12941 13629 7994 5304 7093 2873 19655 15626 25804 18036 11003 24973 209 7765 2782 4041 4556 15920 2715 26019 14816 15194 12328 8514 1670 26107 27155 28931 10630 18416 8081 15948 16620 6063 28402 10664 3813 6956 28640 13822 18405 16602 28091 2524 24822 22993 23943 3845 15391 1217 15136 27552 23692 20057 14028 16755 28747 5805 20831 7563 28786 10933 21448 15368 26142 20721 4921 4220 19282 26761 5027 21348 161 18089 4971 12251 1160 18819 18641 269 6450 6392 17506 23766 24739 2802 22571 24099 497 20192 4862 8504 24721 21070 5396 1373 23858 14413 8096 21861 2473 162 24429 25222 22072 19110 12750 11907 5985 19159 20745 11247 19162 25996 19098 25698 2059 16019 14465 14313 23929 17726 28249 23796 3445 8853 7554 23983 2399 16546 8295 15890 2388 3971 19182 23874 26407 2735 7897 27174 6609 16962 1090 24255 29082 26774 17009 9627 8896 2693 8203 4803 12066 17159 27073 14541 29816 1601 24256 7376 4112 8272 25322 27557 13608 14666 3191 24688 14644 20331 23319 26441 26790 17427 7658 18002 3197 4204 26213 22350 17558 21455 10846 18864 27382 7782 23821 28495 27908 22210 8629 19558 6421 5670 25114 24427 16278 8913 24854 5438 15150 6203 10281 23805 17066 7756 3020 15446 7348 12011 26469 14974 12576 24345 2673 4559 333 6787 3677 14530 16296 22886 24428 28716 8628 9141 29668 18918 13822 7827 9401 4975 28070 7915 3736 18897 25012 16870 21058 24523 16340 11536 1877 16530 15097 443 24291 20236 28048 12892 19075 29977 24721 26777 2293 29140 9077 24144 6635 7566 19166 12770 8720 28133 19155 22859 27265 10844 14831 28116 10636 29580 15631 26989 3585 1480 16881 11822 19954 16841 16607 11179 12652 28455 27919 27162 23806 13820 27647 20104 27548 9537 329 29802 20593 22337 25246 7555 17435 21639 23002 15229 6714 7643 15814 8012 25903 16849 16110 28590 13798 8364 3213 26808 27159 26756 483 22651 26252 8877 18244 7946 24684 6554 18949 13782 29891 17634 19334 7903 10454 11394 9411 234 5372 9472 22446 17558 3793 10142 17025 17924 9859 19045 3230 8879 19066 3303 20555 6905 28479 9333 9285 29859 13202 7190 4153 26242 15531 22629 6076 26510 22018 3603 22631 20504 24096 16580 27108 21781 16959 1805 23049 26121 26904 10154 28048 950 4708 29069 29185 27170 23903 20231 25850 10997 25185 356 4737 22736 17760 24289 1610 1601 6794 4284 3296 8898 6686 3837 12349 28989 11062 17091 10483 22669 15259 14853 8517 26537 232 3812 6614 21756 29176 22265 27903 18901 24190 27724 14299 8859 9067 19321 28191 7533 11149 23828 19757 10669 7175 16218 6508 14109 4018 28139 18393 3352 3760 3164 14284 6519 168 17047 13793 17490 13250 8258 19942 25821 23984 17686 24219 14217 2465 21567 1805 29144 29733 27650 27397 24186 11497 26563 26443 28629 19851 13067 8199 14460 20810 20756 20153 13295 20106 24097 6334 11247 17596 23461 15353 517 7771 27367 10168 10921 2475 4249 4873 25290 24088 10641 8802 25301 20255 17713 20324 7530 20383 24592 572 13754 20870 4530 3559 26695 3570 26529 6542 18021 12515 2725 29408 21915 7002 26328 17115 989 19725 19240 679 15 18171 23510 10429 25150 10786 6889 9594 4974 2805 22595 872 12528 6713 9409 849 10109 13132 12931 9323 12667 8758 21696 4632 6000 24764 25512 5912 19190 21177 5230 7095 26286 27366 12746 29235 18815 1261 7514 10678 14787 19591 13202 12241 21213 119 613 7959 4667 5136 14174 9214 22952 11225 25323 11829 24542 19692 1280 1650 9285 7943 12753 26210 7318 19231 2840 18336 21409 16264 22661 1333 29727 28845 17591 20527 17689 29004 7749 17792 29023 26970 11653 4383 10920 7931 27106 20650 5203 4570 3092 1177 27985 5613 18546 4513 1477 14930 6950 17933 18494 21305 27727 22066 7870 8772 20895 13870 14791 760 11696 19494 2475 24330 4782 21988 11117 11014 19115 24860 15110 12804 18474 3240 9085 22097 3857 27253 20629 12231 21297 20673 26699 532 4384 8875 6205 27030 16156 27714 11594 7301 6907 9107 5743 11918 8212 17549 305 2631 7940 5326 27361 28272 6224 11385 28922 14481 27185 5377 3893 13213 3004 19197 22312 20513 11617 21343 4350 19461 1606 20345 17797 21803 8470 13582 20421 19202 3808 21571 27097 17760 17304 11323 12731 27051 17899 20569 6757 1209 10367 21075 8400 4121 6754 25453 17177 6421 28874 28551 10449 19342 11193 425 27962 1768 24049 22250 23898 14919 12399 5508 12883 27394 13949 7591 9606 25529 17230 141 8210 7692 905 1683 17949 25374 6202 1833 22811 24216 16225 26270 8714 21444 18437 23687 16681 9489 6402 24293 28785 22138 25461 22424 4968 26326 25634 18481 11390 15320 20756 8326 22500 24701 19769 24186 26808 20775 4016 19493 1202 10137 6613 9879 3493 3881 17308 17838 17609 8235 7344 11229 9424 6241 8418 17914 6091 13754 29831 7981 23712 598 29877 5490 12892 28612 28004 28170 6086 22338 6623 11457 3245 21543 15041 23149 20199 10730 4591 28850 29092 26960 17661 16636 2493 7545 8211 15632 1899 22283 23053 27240 21495 21971 18200 21643 19256 5701 9042 23074 21072 9536 19802 2579 27455 18244 13572 1170 28462 9085 15927 24023 22087 10658 27965 28403 13821 6014 14477 25840 4300 11917 21976 10075 16576 22559 6249 10561 13633 11396 23394 2341 10658 28592 8105 5218 21299 23979 3937 11854 10040 21082 14870 2295 15122 12018 5275 23263 3278 12111 23431 17800 27461 1731 18379 3989 16174 26851 1828 8864 17261 5692 3833 25393 26629 10244 6045 7694 28723 7622 19767 6031 21435 9171 11529 1231 5331 3988 7250 7130 13544 16798 1581 12031 8380 24289 12501 23016 27791 16445 6909 24498 17932 20387 27335 23443 9597 7220 28072 416 1128 8293 18865 6213 1776 5090 16310 11234 5162 13130 21307 8383 245 15442 10218 19456 1449 19450 4926 13590 20739 18972 23573 394 20028 8338 22626 6583 23049 4263 18959 9717 21685 10149 13249 21113 22992 17398 2359 6672 26485 6976 19963 24445 23051 11387 2282 14911 254 9085 15526 26973 13261 3382 16876 13917 25934 9696 5811 2918 27489 12568 19005 11335 23568 27156 18725 13356 123 19810 2444 11831 2653 3450 612 13368 21481 10435 12353 12122 19478 23814 28620 8538 938 477 29848 1840 7996 10316 25134 24698 22274 14277 6674 23057 15035 22020 19044 3338 5000 14938 17115 11400 10124 23055 20615 7814 11734 1933 20821 3967 8266 10860 18450 13505 5692 17749 16521 12160 29972 16089 14626 8066 7446 24533 1045 9620 8782 18558 10301 25407 986 28467 23150 10347 25024 25100 7807 26784 2867 922 20224 24067 26013 18699 4148 17907 19025 21823 29649 8255 1589 20491 18287 25936 3422 2781 643 20438 15931 7196 18879 13671 15591 1330 4901 7009 18485 23593 22016 29330 16127 16593 17323 1525 26054 9533 18952 24828 26127 1739 2476 27756 17144 1586 2864 11369 1075 24878 11104 28363 3619 8735 8491 18939 29569 17187 24984 27374 18235 23376 3074 23967 24100 21036 7911 26361 27012 28107 6094 11533 22984 28250 13177 5246 24723 27721 28875 16710 13017 22549 7997 525 11072 10788 14436 21479 17780 29611 23703 3792 9315 1946 24457 9797 13564 8146 26399 10207 9100 12663 23756 1968 742 15662 19580 28317 18276 22158 10466 8479 25730 23452 4234 9013 22814 6231 16124 29415 5679 20822 10405 24054 109 26228 693 19230 29189 871 3710 23212 27565 23446 12414 26014 11748 13976 19358 6113 14309 27969 17936 29345 20301 6364 15106 2104 9306 765 19240 23020 8003 26593 196 28113 5152 26727 6721 16909 4561 10353 12767 28105 26754 4842 7796 21137 12091 14525 4985 10513 22386 15476 14174 17713 19721 26391 5864 9238 21578 4884 8231 15255 1785 18236 26325 16082 21100 26622 17123 21443 23820 5191 18580 14984 22781 19919 4737 26757 7591 11424 23656 19319 1361 1449 11382 14721 27731 6470 29467 11624 25260 28706 19400 3181 14462 4948 16616 20474 17103 9076 22834 5080 3962 21438 19609 18493 10004 12535 16447 18620 2882 26157 11061 3939 10943 10283 2256 1212 23146 6416 890 24974 3931 7264 26229 12179 25182 12971 27134 27113 9677 17236 2778 9869 4647 9319 23604 5048 25929 23467 26380 11659 18588 7007 27968 1656 7310 28654 29860 12338 18902 248 14281 4802 2979 4713 2147 27008 25132 177 485 10021 7321 23403 9782 13645 18412 21711 27065 23611 8265 22909 22348 8499 60 16748 29963 24253 4984 8916 27122 11285 27648 438 24932 26046 17465 18451 16855 462 12394 28253 1309 19889 28255 27463 17105 15435 22444 24480 26543 9103 4027 7505 15032 9033 25987 4106 24492 10952 9060 4892 3687 2212 11324 5750 28563 9318 3683 8458 18039 3492 17633 24637 13726 2010 19612 11939 18362 831 28707 1965 7336 1803 7897 7564 12043 3794 7782 5112 16892 19789 14044 17839 10296 7963 28118 1080 24720 15283 8402 13686 14774 9057 27428 16037 24469 25868 27851 7352 380 559 14566 13996 10037 15984 11335 21048 18529 24374 10223 11808 10189 4456 26770 3427 21837 17502 25604 9865 22834 21128 22549 25565 2508 29150 6993 23000 26101 24254 23492 19030 29232 5699 21001 660 4708 17425 7824 21965 15152 17699 4653 27328 1610 3701 17704 10558 19497 17948 14393 26480 6618 16196 25901 1793 29616 15588 20405 29366 41 13404 1841 13372 18763 6629 26831 20134 377 24226 15087 27002 23922 10336 6182 11343 4453 14300 12658 2734 16410 3790 18205 20713 6098 16491 26920 4737 2221 12894 5030 11192 21277 3796 17208 9884 29019 15803 7754 20730 5880 13642 24797 8613 7458 23491 2501 21503 14675 28832 29149 27985 26616 2743 16332 18944 5320 2841 24858 15 13227 22433 11579 27954 11804 1385 6785 4459 25566 5256 13809 8318 21850 5032 7014 16408 12506 22188 201 22762 4168 6766 29066 18984 28016 1983 409 20445 9820 8963 12167 10866 13424 1008 23647 4079 24370 3121 16883 18053 8197 17272 14071 21658 15889 20525 1982 14849 3162 207 20335 28085 15357 6754 11406 11607 16500 17750 27543 15127 11351 14332 1497 29728 27849 29506 19401 6454 12344 13371 29880 530 6222 28489 9955 42 21283 10792 27312 16095 2655 4905 9347 5627 27391 28536 19909 12286 16117 19366 23252 13277 20171 17129 5661 13063 23656 20089 27413 1857 17661 15696 6088 7373 24554 12775 9382 29682 1515 25547 20181 7649 17007 13410 24431 11157 24532 27416 7601 6682 28183 11489 29849 18888 25340 1677 4179 21994 19158 4322 28374 5172 3404 6667 9339 28736 17914 20854 21178 220 12899 27827 22177 17430 10755 7166 8044 3113 21826 4260 11537 14604 18921 6520 18147 18071 15364 17261 29018 20732 122 22227 7835 23692 19703 8568 5180 13373 21253 20970 14192 21311 4451 1000 2281 28761 12189 21048 24572 20322 20805 29114 24537 17500 13572 9771 12058 25496 24538 5964 4697 5244 23127 18699 12162 10322 23658 18980 13046 13015 19342 17443 12350 24867 18609 26617 29664 29247 16437 19409 17614 3026 3554 25140 4582 24283 1707 14461 26738 9682 16175 18165 8604 27391 23900 26704 1376 24916 28441 15464 6363 26853 29175 28358 19569 19702 2709 8871 9128 5308 12672 15250 20390 6581 13519 1467 6771 18061 6986 17779 18667 27087 22608 14311 14572 1745 15556 27418 25942 17719 11813 24716 26660 11765 23193 17092 29004 18560 15453 26688 7113 15722 6192 2442 19949 20468 4714 26888 25298 11145 14634 3860 10159 19105 19975 11792 12973 29696 20009 4773 27806 19024 3235 4451 23212 16485 6783 20220 13871 25798 19225 16270 5752 7572 28271 14776 27837 18535 22400 28013 19387 5159 26078 610 8430 6095 16775 10939 22411 9767 16722 7486 7036 8317 2035 8151 22908 21938 4118 12199 7835 29159 10008 16454 10745 20392 26604 16188 29461 24241 28133 5991 13887 7744 28144 11162 4841 14555 10963 13869 21908 7125 16264 5643 1257 9073 3078 9601 11557 8443 14714 3913 21828 20736 2558 28343 1226 7769 15216 18947 16475 22318 13660 19884 17378 8389 3833 5994 13252 7355 24391 14383 6670 20015 11372 9184 8443 10149 21586 18030 26873 29876 21807 24672 16101 26616 29507 19258 14045 3300 17838 24139 20066 3317 24374 12638 14103 10672 22632 27307 25383 13947 6242 24775 26028 19183 7386 5250 23199 14736 8587 22891 28878 25032 28802 14785 18743 10243 1029 3011 6931 1587 22364 6185 14122 10604 18695 4647 29595 29358 12670 10081 28511 25978 8470 23958 8373 22908 27465 28300 23447 7047 807 26300 3892 16025 29993 29051 4551 18831 21562 14991 13784 17223 26604 15861 12131 23320 10558 11527 19623 24002 19676 25775 5085 2730 6659 16733 10082 24812 19818 28061 14669 25483 22089 5697 18040 4695 15416 8569 1683 28156 6116 9884 645 8369 2607 22851 2717 13320 6019 3959 3837 27552 12672 23199 15025 16105 6534 4044 23210 1892 12096 24820 16533 7748 4479 14450 12400 9773 34 18280 15034 1123 7685 11991 4837 13001 27832 5422 27693 28214 18733 22562 11206 28686 2517 25104 15083 10931 11841 6633 20367 23287 1532 29825 1046 24589 851 14142 6266 347 6555 29006 23604 20893 19454 16825 1843 12558 12709 25318 6048 29125 28543 9077 916 13062 6395 7778 21230 6157 24265 11927 13017 29003 24759 5626 15862 711 23539 10102 6887 772 26491 26197 11912 33 426 17638 27790 21974 15866 25837 4724 15270 19509 12775 24458 7189 20490 1302 15429 7366 21338 9669 22568 337 15313 18408 19879 25372 26324 8361 6210 10386 9351 641 8169 22282 14509 11501 13180 8246 27623 26487 18110 25570 20451 25042 24280 27621 17540 14881 9659 29875 393 29910 16258 7387 22781 9773 21241 21311 24078 23960 3787 18039 24797 17981 16074 13002 5137 2745 22551 5964 4761 6734 9635 13983 16171 18429 455 2656 11812 10476 125 1327 9358 29774 3165 25816 25904 6144 23142 5625 8272 430 12609 23601 22330 18676 5499 29371 17697 26198 11542 29313 8918 24119 5351 3399 9433 29873 10103 8205 28589 690 9801 18878 29616 6317 6209 6914 4454 28873 18295 26989 20940 20306 11905 4370 8838 9781 50 20544 12580 29598 14895 2598 11876 1772 7749 22746 11239 20761 28320 26212 20650 22000 15498 7914 24893 12812 25167 14742 26098 23848 20160 8052 3999 23071 16077 15542 3467 22936 21436 5605 21162 25773 15274 2413 2936 25139 24044 19983 10365 29143 21761 5733 1643 26791 2810 11283 14993 28431 21043 9369 11504 24056 4518 13648 15878 13111 22544 8463 7247 23422 8991 555 20267 10352 15664 10179 6580 24621 19536 242 13551 8706 17918 4953 21795 19270 23945 19645 16285 14032 173 14403 13382 1017 27039 1905 20039 21096 26951 1504 4998 4667 19059 20864 24515 8252 3069 9735 16397 7403 26503 19851 23866 5507 16659 8749 4015 13956 3347 10750 27633 18428 25149 11137 17125 23208 20084 23890 14988 6322 23882 19207 17380 1167 9059 24534 755 23591 15612 28651 27593 17563 20405 11809 5767 906 6055 5094 22662 29642 25452 16859 14051 12777 6528 14419 21562 23992 23285 13165 20884 14764 22362 28999 29553 6050 8101 25127 7047 15666 11052 6926 24509 2293 29045 12659 7309 11199 9967 9139 4666 13602 5429 12494 4152 1765 9736 24420 11106 20698 28329 6434 16103 29199 19082 6088 25654 8700 22937 19866 7311 15042 4008 22062 23554 26196 8892 9424 20182 22081 24982 9067 11009 12211 10653 11612 29968 15968 10626 2351 18148 19938 13438 8938 8449 14892 29074 4132 507 909 21222 9178 6668 6822 23008 14082 24497 8380 28046 13718 6127 16942 12008 26350 10954 772 21552 20054 21113 21790 17929 23251 29967 3960 27880 5779 21296 17240 4900 16604 25498 6621 13427 16760 1968 8924 4062 21443 18373 27504 24948 28667 15747 6091 20031 5329 15133 13325 12732 25997 4864 1722 25732 12723 3044 25476 3453 16787 8784 1137 23270 29002 15067 6927 4981 17283 4350 24490 17195 21477 7131 5612 7756 19754 22157 1022 22618 5130 1250 9352 29737 3553 26440 26710 17048 6663 12727 937 29676 2428 11701 10749 904 28213 21594 24498 4387 1875 1593 26998 13597 8535 14714 20594 12379 29127 16458 20426 29891 1232 20326 17946 21364 6425 17334 21015 19238 28219 4436 4150 6616 17754 22429 833 9578 8045 3304 7556 531 12493 20728 26936 59 12461 23502 6331 9393 27853 10833 13504 8492 24081 1360 17417 24309 9401 2709 19933 3193 25859 3440 10349 6568 19451 4793 1639 10722 7578 17713 11487 7945 13544 19290 19947 6275 20920 19985 27558 1827 10113 4427 18845 13011 28019 23225 29975 27001 22427 10242 6272 24376 6700 11237 21722 22292 5923 21455 15856 25936 29047 11403 29388 27479 2247 14668 21290 21625 16976 9004 11624 12343 20238 9996 12426 21587 7009 2256 26849 4530 9765 7569 11875 28644 23089 14727 6521 3207 5246 21481 18347 16577 12606 13669 15640 18442 12355 18178 18682 28567 27302 9277 27203 12256 1996 23416 22867 6508 19897 28895 14507 16734 2512 29802 19339 19565 24736 26584 7519 3868 12497 2996 1895 27562 9686 6376 10638 18380 21028 18048 17026 7618 8673 14714 13187 12827 21609 9380 21837 3897 2761 4925 29929 3679 22435 338 26854 22746 13268 26858 21538 3930 26041 14347 6716 16489 13756 15660 21563 25544 22774 19981 26040 22273 13134 21169 8827 18370 14028 13522 20373 18168 1578 11140 13870 12268 25139 4088 25394 4547 1375 945 3320 23584 1610 1513 10890 17565 12905 17399 18166 22667 11446 13230 8468 5097 124 20499 6350 2966 29670 10966 4816 27078 3109 15879 11031 13548 15188 206 1037 17894 26329 11897 1730 28573 10483 27279 16898 24682 6389 9776 12585 17051 2273 5104 2215 13831 26925 11368 28823 26769 15959 15457 3398 10085 24365 12194 12225 25630 28937 412 3722 4946 24778 582 2813 23571 14441 13873 26038 5524 2666 25911 11750 18097 13230 7710 12769 20881 28013 7581 8374 15017 6310 21033 23595 28891 22431 856 19173 6243 29106 16978 22985 25247 27920 29658 8895 7425 10699 22876 22718 27938 9693 14621 9378 18473 17691 25023 5198 19271 14571 17488 4460 2199 23756 22503 4182 15405 5536 5425 8134 8580 3833 16837 18639 14391 4750 26099 14952 21533 21717 19394 23262 14958 24747 20290 8141 2187 8119 29650 22600 24907 24637 12267 6566 24881 27156 3273 26072 1312 11432 24203 29448 17394 18390 6592 5997 24832 9839 7479 23988 26051 24559 586 8749 16712 24266 22777 24338 6141 2549 6377 4980 18145 16303 12719 15037 13905 5555 22079 25141 8454 14577 8582 25626 8848 5906 507 28721 5283 5258 3306 6077 28361 28183 10067 13986 6206 14328 23053 12365 19119 25251 16107 24966 11487 13386 28255 13641 28044 800 20598 17035 11685 2526 24096 21135 25554 28577 1602 13198 26338 11077 1416 8842 4520 809 29644 9213 17509 7976 15883 12864 14957 22659 1749 22795 20281 23662 16082 25731 1398 1915 13135 21831 10150 24085 17934 11677 28253 25396 28998 1455 6423 22186 17900 28690 6120 3377 27946 16865 18240 11565 1231 26939 21499 27163 1368 21826 19310 2287 26871 25890 9919 17109 18576 7935 25838 16280 19322 17432 9435 19380 5238 12190 25626 10611 9414 6634 24290 25996 662 14032 9454 19379 13153 25608 21759 1703 11057 29419 9542 8640 26132 25069 22129 18916 25114 2013 7090 14914 24085 2095 8113 15057 13294 27173 23058 9978 19412 6291 28361 12882 19962 20019 11646 364 6819 27148 8281 587 19008 22864 22187 13180 10918 5165 15150 1271 22903 15899 20315 18068 10122 10980 3500 19172 17790 18673 14036 1195 28760 14918 23655 14240 18820 5724 28042 25889 17138 25340 7685 28794 14305 22898 5138 12582 6882 18226 18058 5177 8857 7340 15276 27621 6369 6107 8210 15634 4643 8178 26983 24083 11986 28416 8707 29415 6703 14230 28494 24963 6752 4395 20178 18809 20842 11428 26001 25563 17675 4860 16808 20755 24138 18975 29926 11340 352 26140 956 23852 23783 10892 9602 4391 26036 25294 8065 19875 885 15841 22270 18315 24897 1027 18986 10037 567 5165 27926 24785 16083 11974 24595 24033 28132 1839 27891 19489 4285 113 8218 18061 3402 9872 5725 5850 27728 11781 14027 2263 29102 1698 12213 28092 7514 27825 27552 9696 21627 21488 21417 19426 17847 3300 9030 14404 26997 29092 17496 4275 5780 16685 25168 28002 22942 12762 12495 12427 1088 18717 2084 29341 4906 1439 10109 4968 16923 10418 7239 14991 5938 253 3050 9038 16805 4985 2504 24935 28172 7632 25114 12598 17564 1563 13807 22371 18506 28640 15061 12383 9605 9710 21100 27957 3046 29316 812 22567 8399 875 13138 22103 3630 8033 23463 18455 17507 11902 14139 17239 13239 2448 1238 28670 7238 28612 19433 22735 16545 14279 9361 27133 21079 1607 6063 5065 15270 7861 29306 4723 10273 28288 13562 10665 15154 14340 17806 9378 14592 4696 28590 14346 2089 7448 13559 29235 22495 5630 4215 3014 10973 27138 16971 21472 29137 19190 11569 662 8235 22422 3913 14374 29517 10305 18036 10780 6363 2200 18524 28292 20620 27858 24846 24014 10771 14859 23184 10225 25018 22650 19978 9023 14688 25430 21792 27646 10701 9889 29373 16232 27414 17098 27235 22925 9805 8377 26496 20976 25779 11376 28557 17931 17644 23889 3688 15627 7740 11832 28738 6547 17845 6935 22624 5270 12029 11488 29875 442 1858 25902 27262 6013 14506 333 29377 7717 6776 27326 14982 9632 21907 4957 19842 16677 10415 8398 7486 12485 20254 13239 26587 14370 685 15289 26725 26948 17646 15382 14812 9659 8411 23907 11287 19787 11554 11610 2484 4722 27833 10818 6721 13339 22690 1201 28115 28109 28553 28193 20884 27514 26655 16083 20033 3325 10 6584 11195 943 8931 5069 20506 28723 20321 23462 2129 14338 20944 19286 2740 8601 17098 25473 19396 3838 8947 24042 10106 9306 10802 8560 5722 14910 14459 28883 20622 23264 8815 16623 18883 3203 5699 1827 12484 26686 19406 14419 14539 7245 11557 13493 11544 26659 23105 12591 3235 4291 8119 6037 3208 8201 20381 15152 3364 2065 17556 5297 19498 16564 9752 28330 18610 18048 1843 23823 13118 12706 18391 15944 6637 4009 5078 7240 1666 5069 8014 28268 1411 25949 6745 15149 17782 16372 18886 23320 12501 15183 8188 26592 26595 7443 1772 11723 29192 7257 1135 25096 14499 25674 21487 21219 11615 28760 18157 29639 5409 14889 3495 6705 3824 28926 2833 13203 4461 1304 28219 25744 26307 19612 18717 3427 8902 1661 13405 8435 6737 5018 18728 6778 10916 23179 2484 18606 18745 23005 11489 21585 22974 29965 7332 29754 26787 16511 9070 27272 3991 25930 6604 15178 24888 11615 27505 19088 16581 9535 1445 20515 27057 19594 13305 12163 21093 26457 18470 21210 24882 6696 14998 17077 4528 23066 26 7937 24598 1498 18166 28486 22861 7860 15021 9010 6563 29127 7162 21342 9359 8058 28424 17160 5565 9079 3582 1922 25350 15173 18917 573 20777 11017 15405 4469 6525 12219 4805 574 9100 24234 6265 27406 4068 23928 8252 2549 27603 10126 515 21504 4721 10050 7213 19625 12526 6071 29935 24074 7407 897 11808 23842 13708 16217 46 11977 2552 20377 9933 4763 28808 20939 10882 22596 27002 14018 4640 13915 26483 13692 18877 23663 18448 19212 20428 16848 28936 11072 1030 7699 7387 16636 29086 24093 16099 2778 16756 19781 6182 5219 11313 3646 9105 10673 26303 19836 3322 23452 20900 17844 14290 12474 12453 24620 23646 13069 19342 24738 3996 25515 18900 10953 9002 13671 29547 20515 326 10531 28833 18523 397 26646 23852 1715 22719 20787 17127 2487 29679 18338 1471 23299 15775 14544 28087 13974 16226 27682 22309 7090 1384 29521 8183 23781 12370 1718 6861 14224 4165 7373 29791 17523 12691 23798 21207 21574 13418 18062 29506 8349 22563 548 389 18938 26847 29042 6833 12719 20423 21129 7581 9889 25503 26306 28663 20268 16137 22032 7650 14756 8570 11957 15105 11812 19144 12430 16828 11089 16907 26799 19 24198 4976 9970 27907 6267 18412 2429 10614 23777 18905 2557 20609 3724 274 23743 4586 21154 29466 17311 17762 5085 19814 7817 1785 11236 15024 28294 25876 23607 20120 1935 27251 2901 10326 15687 21262 1487 8414 11575 410 29162 19111 24075 20926 26763 10662 9924 7393 7731 22083 24122 27837 28780 19371 22267 16411 29148 22037 12522 20029 2640 12038 1567 7524 530 26027 1992 11838 14975 26334 12052 21939 4011 29260 3441 1371 26818 22778 24884 28033 22735 6514 4084 28033 15499 29962 17318 2715 25872 10433 22722 12337 4596 18813 19360 29695 28785 12881 16643 12210 20293 7212 20440 15873 13454 19049 26466 11754 13514 27632 3257 23203 3317 18497 23944 1118 898 26800 21521 23406 15902 9182 8707 25669 26632 3898 782 18784 24838 6905 15723 10481 15897 10507 13837 25063 14695 11862 12338 5863 5139 834 17771 999 22488 23498 11372 17976 15325 13215 21819 14974 3086 13853 12673 51 21250 19904 11844 2689 15381 10574 11706 18510 6581 24560 15434 16223 20729 22267 4957 20322 1166 22687 29171 5643 26475 22829 1846 1519 28611 7580 26743 2917 14264 3324 3680 7488 4824 17395 2405 8275 13227 17277 11156 12980 26867 3858 12561 22579 12253 14634 15134 12137 4711 29889 16843 1021 1529 4592 21951 29999 9286 19211 23865 4615 28631 9012 13180 1250 24541 5882 9791 26542 2185 20377 27285 17054 10602 2779 24932 2463 6532 7655 5661 8179 16291 8266 15758 352 24852 20796 22681 17952 15352 28868 2982 17741 12304 12634 17253 12517 3269 6753 8347 19813 12811 764 2012 9152 18428 18294 11784 1084 20452 1426 18205 26793 20849 19811 18620 8965 6283 15909 18511 3363 1234 22116 14668 12751 29880 16744 5787 4109 14878 26516 14180 17094 16876 13031 14144 2713 7484 4775 16026 3902 17925 17937 6322 4364 5650 18742 29000 9228 12548 16802 16160 21840 22346 23613 4538 20809 7363 4474 10285 27863 29486 25330 20176 27583 15104 4536 20707 1744 13917 15370 18548 29957 27031 4339 13655 17647 11795 15545 21177 11255 28454 24204 13507 13742 598 12780 26722 563 12633 2415 19911 5817 5655 10817 16190 27711 15202 2443 6524 6296 18061 12954 28097 15308 2108 6148 4389 5998 7990 18180 26531 10456 13833 23706 18487 25290 12288 27894 27778 21767 27343 25183 24022 17765 17281 25610 24161 28879 18693 856 12509 29310 1700 16862 2596 23831 9083 13537 9934 17011 1120 23768 22406 29207 997 3634 8464 14458 14810 4540 4319 1570 21128 3009 29939 26634 26020 19785 12567 16218 20759 14924 24749 27447 19762 25944 23581 20121 1310 11016 4734 11316 14266 13854 2712 13341 17216 6822 15642 26410 28083 14203 9509 16305 29442 2032 6310 22272 1207 21946 16124 28411 20205 28057 12752 15123 20269 22865 839 1857 12005 10242 4096 9563 10617 4981 28858 19004 3992 20187 7988 579 983 29346 1304 20926 934 17929 17775 3204 3975 15165 25221 20928 5191 7545 1187 577 28953 15195 4905 8821 9367 761 19148 18908 20114 24260 25446 100 18850 25887 18609 27375 1707 9778 5657 28506 26844 20160 714 3585 2354 2289 1483 14558 28451 11418 7639 9139 15544 5585 290 39 18698 21483 9544 21011 26246 22302 9787 3866 29926 2070 21913 6296 7017 22838 1232 21151 13627 7148 26506 25089 25601 16022 5001 19198 27710 11109 304 17468 11231 14884 8630 26104 13640 4852 17824 17046 7993 7132 25829 29743 8720 12317 22172 21694 3190 25223 5451 5693 10328 27487 1144 2383 5632 17707 27284 21732 27139 19655 2207 23319 29924 1095 27898 9914 5775 4246 18981 21213 1044 26546 14396 20744 15052 22881 10891 3778 27686 23042 22226 27498 28986 28948 19355 17529 9758 13816 13317 13323 9100 8288 9654 837 22456 6705 6148 22387 19215 4519 3650 17138 6565 22057 22976 3623 27199 25578 5309 15546 23142 19235 29805 19125 15460 17293 14196 10400 28752 24339 8453 7927 19005 5204 29329 8024 27825 24157 10105 5990 19078 4422 11487 20319 15013 22072 15371 9965 18564 3167 1313 25468 20661 12099 8005 11354 5138 1932 17942 2545 23850 8247 16143 24548 1571 16129 18037 19201 28471 314 20413 6685 10335 23335 28084 15016 9325 18495 21413 21640 5193 13016 13114 17362 9650 13710 22811 29520 730 15811 19907 29567 28517 15524 21397 2281 18862 19991 8140 28677 14005 19982 12712 18611 61 2634 15541 24958 5679 5949 21253 28316 15523 29922 1796 5322 9177 11456 3618 4365 25566 19912 2836 13909 28406 25825 7843 5373 21240 23490 28640 2576 11747 24192 28615 2460 20332 12614 10626 12522 4358 13340 4132 1703 27864 26922 19275 26498 4880 10110 11476 10399 21992 22899 10439 16963 28170 4031 2854 7437 13005 15835 22960 19795 26271 25268 17591 4917 16645 26719 12495 22348 24849 2842 3548 24277 6800 23954 28094 8416 27641 18148 2634 18981 6367 27474 5715 3144 19084 23296 8679 1810 28385 17879 13288 20887 1510 3294 19971 10108 1028 14820 6381 27203 19626 8216 18424 13609 10556 19689 14840 10403 19172 7854 10874 3801 12764 28684 23359 29327 14790 22674 28273 20548 14259 174 12719 17717 8827 15559 11254 14295 1661 8371 10185 18158 13748 4313 26992 25868 22528 10714 24142 16872 16438 27102 10124 16209 23423 18118 21513 18331 29535 26836 26954 17871 5952 6023 8142 2031 28653 15459 7211 17397 17788 12545 28097 963 7828 7110 16604 690 28726 15612 18729 20188 3113 14936 17568 4663 29500 9164 7224 14323 838 29253 29468 2992 17360 18933 28194 11821 7171 19626 5402 6749 23793 3210 11150 18678 17900 20929 10600 14855 4569 12659 3545 13575 19882 26649 21798 2823 29673 343 19619 15776 6469 4921 2459 1343 10259 2461 10751 2977 4932 8772 3306 11232 6880 8977 16408 29399 13643 26441 26348 22123 12291 2656 10973 23714 1442 8485 26605 20249 29623 13512 21042 25888 783 7956 634 24754 16951 26708 20332 23199 27229 4767 20718 2285 7753 3768 4250 13818 12830 13258 19884 24390 15524 4783 5329 6542 17080 21242 5749 28204 13829 8388 17752 24888 20562 11825 19438 13011 25749 15427 7976 6807 26269 28906 3451 8357 1195 18497 20462 17236 18248 12025 11416 23600 3469 2151 5498 22403 27283 18486 26617 28129 14585 5333 5045 23061 20025 4545 17034 15338 8407 17198 12634 17173 10072 9097 9027 15146 17317 19547 13429 1853 22436 15040 19793 3123 9186 21731 6026 28541 21893 7054 8812 8164 14244 17729 9567 11605 22926 11430 8251 27281 28957 9682 4989 23843 12718 411 25605 19143 11604 29095 5775 25084 19963 7696 10579 23437 28737 19300 8607 21039 5019 27428 15377 18651 28622 29581 1891 28636 11801 18243 6671 12578 10285 16702 17631 19218 13507 25887 6448 25310 12221 1594 26220 5051 27381 13179 27902 27582 12042 8712 2154 28993 28727 25815 1898 24948 14980 26353 24186 25117 18367 13409 19529 3080 22734 18101 17082 29308 15557 24070 8266 10539 5400 1197 12075 10056 19234 24906 17241 16914 29095 13136 27127 5439 11086 10169 14848 22455 28500 10495 23698 28102 8196 15740 16066 14910 17435 15884 3246 22589 5037 15929 11341 726 14648 11804 15636 9564 28363 10311 25755 20327 3139 8961 29290 7498 1878 28836 6697 26990 5951 14367 9707 20273 16427 1512 21761 29271 19974 28261 7033 17439 527 29781 21490 21506 26098 6177 15874 20984 1006 20524 14462 15201 5626 13961 24064 7225 26150 8327 2156 23739 28851 21144 1497 20422 10541 7371 5 23568 21604 28475 25838 17718 25385 25557 6160 28205 13541 18539 3874 8700 28844 2367 7959 28825 23738 13234 20901 5241 23274 22186 21941 13689 11555 11251 5413 8409 13855 2711 14318 8745 20568 8454 6298 22445 21044 10625 2821 22116 16258 16618 28885 28036 6323 17576 3197 3259 22241 21709 19870 21510 29765 23582 26258 10875 13425 22836 9138 542 2225 5226 23116 7071 25619 21956 25409 1634 3159 8500 17340 9673 15304 22476 7021 16279 28121 17856 23365 6322 717 17667 27047 4703 5487 1899 27539 7863 24444 24284 15179 10445 2334 20598 21123 6690 10885 9160 3773 26951 6392 2834 6012 5435 18415 11938 18783 29530 12940 17753 14919 21275 6824 15907 9876 1419 15887 4528 4841 8464 27950 12690 19397 6239 20079 1727 15323 23872 21072 20620 4383 28644 13692 5170 14251 6778 28412 3366 2836 29715 25910 16501 7264 12419 5851 26930 1163 19321 20882 24194 11043 4059 28143 6967 15611 23244 2707 16325 15928 7935 15251 14530 29482 20836 26055 17626 22216 6556 118 24884 6209 14327 24665 6910 27707 2259 26103 19679 24707 24802 15263 8293 11634 4596 28412 9179 15183 10857 25691 15450 14663 11563 26380 25091 11180 8081 13303 5360 3141 22344 7 6061 26978 13667 9340 9457 12170 5665 4279 191 25588 24284 18037 21780 27506 16119 23649 25083 4719 17240 10616 26369 18432 22442 28939 15808 4080 17364 3006 27679 8671 18759 5824 29680 2400 21820 17375 3013 1622 12432 17526 8660 12679 12646 6603 22184 8742 2970 22683 4974 28091 19405 23964 24642 27347 15699 25153 20917 20289 20519 4138 23823 3104 9611 29636 13047 10411 17581 3426 7762 21802 8945 6457 7000 10832 25659 16357 27616 1764 22680 5005 5681 18205 19590 28441 28207 14678 23276 24873 25939 27246 4702 26715 14857 10560 11605 26877 19712 14190 3774 19622 7665 18437 28763 20401 18931 6713 20530 15041 22827 16644 23649 8637 4493 13163 18968 3842 29031 16808 16678 58 24044 761 11055 6660 9853 20899 3916 7541 19981 8514 10366 14418 10315 7954 7139 9750 8129 11655 17878 25200 21702 23125 14569 27193 1933 10564 12166 341 23809 9685 2450 21983 24276 8425 3205 19099 22961 1136 10881 15886 16259 22255 7352 18967 4319 6885 13475 26975 15244 6851 26157 13752 20714 1465 9441 11400 21253 14322 7765 14575 9898 10793 17912 27152 28264 16929 16179 23074 7866 29431 16724 3730 21115 29915 26397 1034 17475 13918 23637 7888 14523 4112 4458 597 17847 16569 16972 17599 146 25602 28609 18731 11375 932 14811 19215 2063 115 29022 18334 20088 3780 23305 14646 23590 14683 28575 13666 15304 27074 24080 11384 12354 12307 28189 1023 335 13092 7957 2794 23110 7560 13206 15500 17186 14225 20662 27717 9789 18380 2426 10569 12235 21188 114 22997 15780 2591 1221 3749 27566 558 25111 14494 6445 2937 20067 5991 23225 25966 21808 20345 24922 24306 9771 18914 20716 4441 6010 21296 13523 18672 4936 4895 3006 25978 17898 1311 29269 24600 6034 12896 12895 3543 2173 12634 4946 26809 23342 5949 13012 14548 12835 21120 28624 16389 28488 23544 25232 1565 5547 19122 21576 26278 18202 29837 3313 4933 18010 26772 22963 18501 672 23700 4242 109 6503 3085 9264 15407 3245 22547 11905 25839 25527 21098 23857 28114 26893 10430 1993 2151 740 10668 23472 11744 29433 22375 17450 16036 275 11763 22227 13443 29334 15514 24519 20805 12193 4551 21708 20731 21550 12285 24144 7216 19790 26016 11190 6325 13601 16699 12733 16914 6870 12216 13519 22053 10832 14928 9960 7046 23008 21188 23898 4538 11053 25893 6305 26768 7706 5245 23367 22003 18197 9465 15834 23452 2293 20141 12375 16639 3328 19987 29529 22773 17706 12542 23827 9645 28611 16897 25481 18506 26881 25636 8661 23449 8069 8031 25572 28096 21349 6726 27453 13493 17832 5685 10490 29347 2531 29444 7635 6818 14124 23956 21689 22825 13422 3171 27398 5419 15954 195 24254 121 11367 21281 9821 25631 3144 27824 28461 29502 632 3665 18558 27170 10312 19886 28335 26607 5665 24269 27419 24715 15188 756 2920 28549 9127 15285 24761 17408 7666 3430 20619 1549 8016 3427 26081 1827 8912 7123 27518 4246 17505 1589 1104 11053 16113 25826 6509 4097 18277 24141 2892 29787 14237 24720 28407 8040 269 28698 8780 8273 19121 28595 3930 1580 2490 7685 4127 6659 12881 12120 13675 23362 7332 4476 870 18616 13932 5654 14416 7436 8409 26125 8582 6748 10026 18887 21917 6923 11672 24609 16539 19644 1014 27469 19094 29352 23861 15776 29412 7722 21979 28017 27376 28368 10806 9716 24821 29714 23725 27120 10010 23476 2542 13147 14922 2171 27835 22070 16893 3355 26915 19894 16247 27260 11232 14346 20880 17569 27379 4612 25651 23319 10875 16772 19688 11541 10537 16010 15731 15667 6176 7967 1555 16452 25916 12502 2387 26334 20201 28245 20105 16872 24589 26 28404 6309 8065 16214 4967 18488 8789 845 13735 18854 17753 20639 24154 3948 29766 12590 20474 18313 21610 29559 1684 26606 19982 21791 3956 9532 1087 10932 2117 24704 19144 29230 21214 5426 7863 19917 5528 3343 8062 9854 1545 22343 24986 27940 13959 12613 25926 12038 24159 3110 5967 24679 18032 1510 16147 24005 9216 3168 3793 27363 18494 4659 25506 19460 2370 
