// periodic
// number of jobs
1
// pi
30
// Cycle
100
// aperiodic
// number of jobs
11000
// pi
80 121 98 42 45 65 97 138 123 105 55 33 135 5 48 17 9 130 123 128 105 96 11 46 136 39 90 106 52 113 126 72 133 76 30 98 80 99 27 106 29 105 93 50 39 25 40 81 104 91 26 56 127 69 36 139 31 54 116 86 28 117 132 90 33 21 133 12 112 46 111 13 110 116 78 74 67 39 58 72 52 123 65 19 107 18 28 50 78 11 83 32 48 33 20 26 5 51 113 117 84 86 29 7 85 133 8 99 96 33 121 40 74 118 129 66 89 114 62 66 82 2 38 59 1 86 62 11 55 45 130 11 85 107 121 92 6 56 2 131 36 80 59 51 89 48 91 119 65 83 86 110 45 3 28 26 10 70 65 95 23 36 35 105 93 35 94 23 125 57 124 38 17 48 79 45 84 42 17 116 36 111 46 82 106 9 63 84 75 5 47 40 39 99 82 66 99 9 99 4 36 17 9 71 65 13 119 72 14 58 75 43 127 104 107 13 122 50 137 18 136 107 137 125 12 6 35 130 65 92 59 26 22 116 78 65 54 132 1 22 7 97 68 11 111 53 63 9 41 74 60 8 127 117 80 110 76 1 95 14 72 30 25 55 79 76 130 14 136 53 105 78 49 31 52 116 128 73 123 43 41 56 55 116 66 82 95 98 69 112 114 93 13 103 10 100 30 139 13 94 107 74 104 122 104 19 28 42 59 54 70 43 138 120 134 34 56 86 59 80 124 110 16 37 46 70 113 117 108 121 17 109 65 64 74 126 124 119 115 87 90 7 69 33 119 78 85 53 30 111 62 91 66 60 110 63 68 1 70 133 32 106 55 95 17 132 71 41 112 139 128 39 58 11 7 125 102 69 32 98 53 72 76 40 134 79 56 41 14 74 43 119 8 40 4 59 98 88 112 102 114 11 56 117 57 86 16 30 38 84 56 75 19 51 99 120 101 13 67 42 100 127 135 81 22 85 124 72 87 139 63 64 86 1 77 42 76 75 65 24 50 88 65 117 55 85 108 92 35 136 66 11 98 81 52 23 118 59 138 88 130 101 26 118 18 32 71 86 70 84 128 3 107 15 137 128 92 96 127 51 33 119 59 64 2 83 5 42 132 38 5 61 123 25 73 24 49 66 12 40 51 81 23 17 71 95 35 53 89 70 110 138 35 62 66 68 53 44 88 42 133 109 56 32 4 72 66 109 94 120 125 1 26 132 56 47 15 58 85 11 49 30 39 125 63 63 53 20 78 7 129 90 35 123 136 63 77 62 109 118 87 110 22 81 15 6 28 122 79 134 32 53 64 89 111 93 121 42 130 84 114 97 127 68 26 18 132 128 12 98 82 138 48 87 34 81 91 63 119 41 90 55 45 8 76 8 81 114 61 21 46 52 85 6 64 45 100 135 75 104 113 27 123 33 82 25 118 93 129 37 13 102 1 24 106 37 3 46 75 93 45 15 128 75 52 123 115 28 98 45 82 17 101 66 132 51 60 47 73 137 88 97 77 2 31 10 44 83 73 20 93 9 22 19 30 77 76 21 62 16 102 11 37 30 90 40 34 23 41 116 130 67 50 134 56 122 29 56 43 126 15 119 60 33 126 129 105 75 8 77 19 121 59 130 41 89 128 44 113 121 102 123 29 4 58 67 128 28 8 30 116 124 106 67 137 96 91 71 75 78 63 74 73 110 64 68 87 72 57 127 116 87 132 104 83 58 44 4 50 53 119 22 37 53 40 49 129 15 95 45 90 91 18 124 107 52 94 67 73 135 48 7 52 61 68 16 23 64 54 97 99 115 108 70 52 93 92 19 20 26 26 93 12 31 28 137 139 40 23 116 29 108 62 8 48 12 83 106 1 13 116 100 115 53 34 77 22 72 45 47 29 75 118 37 51 58 131 59 98 131 2 2 112 121 77 28 48 125 67 125 107 125 113 7 63 65 45 32 125 139 41 139 135 106 69 7 39 136 36 1 130 120 75 132 119 55 45 59 74 58 129 36 99 110 3 116 46 5 80 60 110 112 88 101 11 124 110 118 110 95 123 53 123 80 55 5 14 23 16 73 94 122 88 10 10 108 87 47 21 37 91 97 87 55 30 84 118 33 13 99 89 115 98 45 109 72 24 105 46 71 106 32 100 77 100 114 124 126 50 61 122 25 50 119 37 32 108 32 18 46 102 117 128 20 59 130 91 84 70 120 106 4 96 79 36 59 16 125 106 74 11 61 75 31 1 126 58 29 133 115 83 107 52 128 29 54 11 12 120 91 71 123 69 44 122 101 24 80 10 111 135 125 103 123 138 105 33 121 18 90 42 50 3 112 53 63 67 135 40 22 56 101 117 10 45 106 67 37 64 139 52 112 62 76 26 22 3 139 115 93 86 86 47 88 62 85 25 107 17 75 13 41 136 105 119 82 122 137 30 29 23 1 78 9 58 21 55 10 54 25 40 138 81 52 131 23 38 129 59 96 40 33 130 115 130 71 100 124 120 90 20 95 115 38 91 36 79 91 10 73 6 112 13 46 100 48 138 112 28 68 35 9 107 23 23 45 77 76 15 106 64 6 102 83 24 75 96 54 75 60 59 132 102 27 113 43 105 136 2 12 139 45 116 120 117 19 114 128 76 22 112 12 83 111 137 83 30 129 19 102 67 19 121 46 2 138 81 64 125 120 27 68 74 68 104 11 137 38 123 93 58 93 19 59 34 69 55 32 57 78 120 75 90 120 70 20 54 83 3 102 58 35 121 72 125 47 122 135 21 34 20 5 128 29 101 5 5 42 31 40 47 78 107 125 66 37 19 70 72 117 40 123 67 116 138 97 137 106 3 82 35 56 83 119 95 29 62 124 60 131 101 44 76 111 97 107 13 55 54 130 54 128 124 26 109 91 96 121 68 45 50 13 88 81 137 121 45 93 55 97 124 100 128 39 115 7 92 41 74 70 62 1 54 32 136 130 31 25 4 121 33 66 39 24 109 66 54 68 21 112 45 59 124 103 37 50 137 115 66 52 72 100 79 80 114 119 79 92 71 102 111 16 50 78 105 7 109 80 18 118 18 35 32 129 47 101 28 41 65 120 5 96 45 2 115 30 44 124 3 121 124 64 27 20 139 35 13 119 103 46 2 131 42 18 90 26 31 10 91 134 1 69 111 112 60 139 36 34 106 47 44 37 38 102 63 77 61 17 106 34 98 120 24 87 16 101 10 8 24 6 139 61 78 49 87 6 50 120 52 73 93 16 63 37 45 8 78 112 19 107 38 32 30 85 15 22 34 64 79 22 83 72 1 96 58 13 58 115 78 80 30 40 54 129 105 63 28 13 68 29 10 51 109 73 89 103 108 54 58 70 62 96 31 90 61 43 102 137 118 117 27 65 92 99 126 8 4 124 94 128 28 100 108 5 88 124 1 42 111 67 39 118 22 79 114 90 13 63 132 57 9 100 134 53 83 62 95 30 98 99 40 108 108 9 13 34 91 75 78 48 73 5 101 37 130 7 95 60 8 48 88 51 44 20 125 15 100 57 21 127 117 12 96 49 73 1 107 33 71 84 1 82 26 9 43 110 32 70 75 108 69 71 16 113 82 66 84 52 37 27 46 70 17 32 34 82 15 15 136 125 124 57 40 14 58 92 133 47 58 131 13 57 106 33 38 6 139 58 137 70 19 24 111 129 12 132 99 69 137 89 86 56 27 54 21 42 120 71 35 120 30 26 65 25 128 112 32 1 33 135 30 10 33 88 106 134 77 114 48 7 58 91 13 14 74 21 108 103 138 10 27 7 102 27 117 20 103 108 74 50 36 4 60 29 1 137 28 35 111 87 124 134 104 56 96 9 66 58 24 46 82 54 71 109 53 5 103 7 103 23 81 124 92 22 134 12 34 11 14 76 4 65 11 104 8 59 18 139 128 122 15 43 21 105 30 65 70 6 2 95 8 65 125 53 104 101 108 85 65 121 120 1 75 88 29 88 69 31 139 98 99 22 11 120 16 31 54 65 11 72 135 111 41 33 19 71 25 79 21 1 34 7 68 131 90 129 16 13 35 17 116 74 138 113 115 94 67 2 21 10 133 97 133 1 23 59 113 47 99 136 25 44 46 90 91 120 82 45 51 103 3 13 80 18 83 73 103 53 74 47 53 102 4 44 85 77 85 112 71 16 59 134 49 76 20 99 5 40 59 17 15 90 63 78 100 11 50 47 3 40 123 119 5 91 128 18 5 115 100 10 60 52 58 21 136 71 137 115 105 70 106 58 47 80 121 3 108 133 104 58 78 82 57 71 83 94 25 60 99 134 15 99 85 108 90 72 101 121 11 49 138 58 40 21 28 87 135 106 114 4 14 66 130 31 6 22 3 2 138 7 76 127 85 48 115 9 83 69 83 111 90 71 83 111 38 128 42 116 90 102 90 130 54 36 54 131 98 97 65 96 116 120 22 34 111 35 138 9 96 78 72 12 64 24 125 68 129 80 61 116 40 19 115 107 101 51 95 123 138 15 67 128 130 91 45 67 9 106 124 73 90 112 50 25 78 77 14 21 114 20 101 125 34 24 6 39 63 134 45 61 14 45 114 8 47 80 82 52 48 9 55 136 45 132 111 129 14 78 52 136 49 112 65 134 130 79 21 92 57 122 131 138 29 102 84 28 31 69 83 79 136 103 94 59 128 77 39 75 100 65 25 41 25 51 34 64 94 53 37 110 22 111 45 2 38 128 128 81 72 94 1 3 8 81 132 73 36 123 77 124 126 89 87 116 4 116 119 34 50 77 106 107 133 131 119 72 40 137 92 104 79 135 99 124 32 42 123 90 51 65 30 93 92 3 11 67 125 63 65 84 46 49 46 47 8 54 6 26 76 68 82 63 116 37 36 111 48 127 46 132 90 46 21 104 47 110 38 109 41 26 42 127 88 87 98 118 42 32 133 79 84 131 63 31 30 84 57 36 113 11 92 114 2 118 14 44 80 32 70 111 46 74 118 52 42 71 39 23 40 119 14 110 4 50 38 101 95 46 100 120 2 12 94 2 122 120 70 59 81 44 93 15 128 49 35 64 57 27 131 14 104 72 32 78 116 106 28 114 112 75 100 55 17 10 123 96 47 19 96 87 127 12 45 30 35 116 19 12 12 109 81 55 128 110 47 120 110 2 139 59 110 19 29 85 17 9 22 55 9 70 109 2 18 132 103 121 40 123 44 131 50 15 26 64 30 11 68 124 86 92 5 101 45 65 69 72 27 75 2 16 30 138 128 52 88 51 108 61 74 3 82 49 133 120 2 88 14 125 106 58 121 19 112 110 28 138 60 6 91 46 50 119 58 19 97 25 81 132 79 7 134 39 93 98 61 139 21 138 112 58 49 107 8 100 74 139 79 51 7 119 116 112 2 16 98 11 109 90 101 41 32 16 108 102 63 70 121 70 16 35 9 131 50 23 17 38 41 19 135 66 47 89 101 12 71 7 130 56 108 25 93 70 126 9 54 69 114 89 119 115 126 8 139 122 77 104 31 121 76 21 120 72 134 27 80 88 14 46 37 115 38 130 108 115 10 89 67 33 10 119 119 103 121 4 113 79 105 78 69 70 21 61 134 49 43 27 135 100 82 35 11 83 70 133 117 16 26 116 109 125 40 18 4 73 110 121 17 117 82 11 2 138 78 85 33 64 97 73 42 129 74 90 86 67 88 126 99 45 16 15 39 27 131 7 70 127 45 66 77 114 41 108 129 24 93 51 24 43 15 47 60 53 5 92 127 42 136 72 120 11 7 98 98 24 107 50 79 26 60 2 38 84 7 70 71 62 58 135 13 127 75 58 86 5 6 136 38 20 82 52 23 43 120 130 58 90 99 34 72 5 76 127 7 114 6 127 78 138 18 57 19 108 39 55 5 130 33 82 68 20 17 86 1 67 83 26 113 24 77 20 103 3 55 13 137 138 42 38 133 5 44 73 118 76 59 122 46 108 93 5 13 28 72 100 76 66 5 113 31 114 17 50 82 99 109 43 75 114 133 105 135 111 23 43 89 137 32 79 99 115 125 73 107 126 50 73 62 41 7 18 79 18 46 45 73 5 131 119 37 61 46 56 86 52 10 85 62 39 90 25 23 69 13 31 51 94 14 50 82 5 36 101 77 99 86 122 75 8 102 129 44 77 24 125 106 40 137 126 6 133 92 76 28 46 127 30 28 128 5 58 5 134 72 84 6 88 28 77 41 63 133 105 73 85 97 10 42 35 99 64 80 121 136 55 36 83 55 132 57 92 84 119 36 129 77 51 93 42 2 124 136 107 133 4 121 123 4 26 75 12 56 87 50 136 101 66 88 102 80 84 88 51 84 11 16 121 8 79 55 77 24 1 20 32 118 39 112 11 107 67 137 55 131 82 35 126 139 97 21 62 8 84 10 137 136 3 27 65 12 118 138 52 16 28 6 12 98 119 115 2 117 65 44 24 95 49 10 4 49 36 90 108 22 15 117 12 128 137 21 31 113 63 59 6 27 13 44 87 54 64 124 134 6 124 82 31 63 63 72 135 132 76 48 110 116 13 130 104 8 38 37 55 70 22 12 135 40 33 131 29 131 5 87 44 137 76 46 35 96 25 138 49 91 73 15 133 3 65 82 101 33 86 91 26 59 116 47 87 128 50 89 101 93 13 15 82 65 42 124 115 56 94 80 28 24 137 28 38 121 131 111 36 43 59 12 27 110 131 63 66 89 44 138 67 64 34 18 97 134 93 58 126 74 115 74 65 129 61 125 56 77 76 9 32 35 107 78 112 113 8 77 75 12 86 47 91 114 79 9 38 66 84 137 126 133 34 134 62 106 42 94 23 81 93 94 43 5 71 110 125 15 62 124 45 139 137 117 16 123 20 15 86 39 83 111 70 64 27 87 37 107 64 41 83 110 29 41 135 38 29 71 58 85 51 1 28 5 121 48 117 14 7 83 114 50 45 95 34 41 65 94 108 36 91 43 70 127 107 122 6 58 114 82 74 107 103 73 72 28 71 44 26 101 68 54 30 24 130 77 30 24 98 136 82 105 12 18 76 97 46 117 46 11 106 49 15 16 10 115 56 4 32 103 121 117 95 114 112 85 42 125 72 24 23 64 18 112 11 10 1 47 115 32 112 9 42 5 57 103 48 119 24 16 137 116 58 74 61 77 17 136 111 74 106 99 124 113 5 101 59 71 125 123 78 117 24 32 29 85 103 36 119 77 1 114 46 60 106 126 12 2 12 10 62 69 48 125 115 73 105 24 113 42 119 112 126 120 107 73 138 105 59 26 110 96 100 5 52 68 5 45 13 86 10 100 36 138 101 116 7 5 42 109 68 129 101 138 86 6 5 128 38 87 42 61 100 63 46 72 36 106 87 84 65 139 71 40 77 43 25 1 111 52 57 58 96 37 76 134 92 74 82 41 15 80 82 5 56 103 58 118 47 81 98 26 66 110 17 131 21 21 5 137 33 103 110 43 49 2 44 139 74 41 138 1 120 120 135 125 95 105 114 107 26 58 23 117 3 86 93 56 29 56 37 123 62 81 50 44 50 84 18 114 114 110 119 33 126 113 28 91 108 125 67 17 70 110 79 11 32 43 10 15 75 58 38 21 120 107 79 67 94 132 37 119 128 25 74 33 43 129 70 95 32 21 106 110 19 130 134 92 91 111 36 118 137 61 55 32 110 139 30 13 121 86 136 25 50 19 133 131 6 60 131 133 119 18 125 28 74 131 13 79 57 98 115 29 10 5 100 31 56 61 56 86 64 132 125 85 98 135 136 118 10 30 129 58 97 82 8 136 29 82 53 3 57 125 67 107 16 118 109 125 126 72 85 18 19 118 130 108 63 69 95 84 9 7 75 22 90 134 14 120 97 23 115 84 39 98 62 96 73 123 99 84 34 119 21 81 36 42 77 97 109 56 83 118 92 25 96 1 16 134 107 18 15 76 31 127 94 117 116 29 99 4 110 20 14 106 131 35 12 77 62 65 65 134 103 108 100 115 79 80 105 55 42 128 78 98 104 53 68 99 95 25 11 73 117 4 48 96 98 139 48 85 41 68 53 119 17 86 25 112 93 118 58 88 27 99 99 104 72 67 62 68 134 36 46 54 116 18 93 37 8 80 105 134 37 9 5 51 40 77 17 50 55 119 20 16 75 21 52 3 12 63 55 37 117 2 86 115 77 133 49 110 108 98 125 118 44 80 61 122 119 129 24 62 25 48 51 102 5 120 48 71 51 24 88 24 125 62 77 131 27 74 93 66 96 133 104 115 132 127 120 124 118 77 43 125 77 75 29 127 106 69 71 96 114 49 56 101 59 31 137 129 119 74 77 70 134 134 102 72 28 41 80 11 61 121 82 95 60 37 134 138 103 98 5 120 94 75 45 23 77 101 63 47 45 132 76 39 70 37 71 104 20 72 29 8 27 92 19 26 38 107 108 128 135 54 86 86 38 136 7 29 30 4 22 97 122 23 127 50 30 132 116 49 82 83 11 50 97 87 32 133 9 62 35 34 68 11 26 106 135 120 67 21 44 78 86 89 85 85 71 7 132 107 55 82 22 22 119 120 3 120 24 7 12 81 111 35 137 111 113 79 17 74 20 78 69 131 15 40 113 124 47 60 62 114 3 120 41 64 116 49 126 1 53 137 1 112 81 7 39 48 54 73 5 90 127 75 43 36 15 38 97 123 103 133 74 14 77 104 19 114 125 27 101 63 45 6 100 37 68 133 66 37 56 80 72 76 100 129 95 62 134 91 59 127 16 138 115 105 22 20 44 13 96 28 64 53 21 80 113 113 42 3 114 85 59 55 74 100 95 32 49 119 89 4 116 21 117 126 2 113 129 3 104 121 19 80 122 127 65 32 44 19 37 96 37 74 46 136 104 30 80 84 25 49 26 130 64 55 49 132 81 22 68 136 98 97 65 81 88 134 34 75 53 133 75 102 11 83 51 125 111 23 20 52 70 15 18 29 59 20 118 40 71 83 40 97 94 103 70 109 102 117 83 95 21 91 74 14 1 80 31 138 23 105 101 100 63 93 74 101 118 51 1 137 96 115 63 81 3 105 116 62 139 120 42 40 66 70 64 114 102 97 114 42 75 14 131 95 27 30 87 46 27 48 13 30 13 98 57 115 123 41 68 47 101 38 104 42 39 37 69 51 64 118 67 36 81 124 116 128 87 97 112 131 31 139 30 29 36 131 9 52 55 3 19 85 72 126 117 129 124 108 23 49 116 51 65 83 78 131 124 44 27 103 106 2 76 110 125 2 65 110 38 96 38 87 10 101 68 106 107 103 61 41 60 97 58 114 59 22 1 11 139 26 77 139 139 6 100 122 65 50 62 53 113 87 76 58 110 3 91 107 119 117 136 60 69 54 31 41 72 80 96 50 74 16 34 88 62 103 91 19 83 2 37 60 7 16 133 115 49 95 71 71 130 75 53 25 49 38 10 56 52 27 50 57 46 55 84 55 95 73 134 81 125 49 5 122 69 105 18 43 78 128 80 39 116 138 97 65 131 125 25 86 111 14 37 28 139 81 127 76 45 124 69 4 88 107 49 102 11 107 112 31 4 27 104 9 59 58 23 74 74 15 101 27 114 47 112 105 51 102 46 43 69 44 62 87 79 33 73 20 94 48 123 6 29 85 94 99 82 31 38 53 71 64 25 56 117 68 52 136 24 11 50 78 69 33 68 26 120 77 72 23 52 69 125 53 113 95 89 10 2 54 68 93 133 38 85 19 14 109 21 131 7 67 122 67 137 65 89 66 52 103 67 133 54 125 65 31 68 110 48 77 24 118 7 6 79 86 128 112 8 44 22 114 61 125 36 104 11 3 50 11 23 35 90 16 41 75 113 35 62 20 57 55 31 31 115 131 65 13 85 34 24 70 59 61 27 113 124 26 118 43 39 17 101 98 94 60 54 131 96 55 86 94 32 75 65 133 93 70 78 55 89 105 27 72 101 120 6 63 30 56 123 64 82 94 101 83 132 18 130 89 44 133 22 47 53 65 100 91 18 11 125 11 90 130 3 107 37 17 136 89 41 95 88 22 39 74 30 73 60 43 116 75 2 59 125 31 38 35 59 76 17 50 45 75 102 17 103 108 122 23 23 45 6 101 44 100 43 8 28 95 73 130 97 43 117 24 34 40 60 27 33 59 91 132 71 40 130 85 69 102 38 124 99 75 119 71 43 98 125 67 6 58 102 44 1 41 18 106 113 55 139 119 72 61 60 29 91 133 91 33 77 44 115 130 82 23 38 91 77 8 28 31 50 13 125 114 118 23 68 53 124 122 47 54 46 87 16 62 71 110 110 30 33 64 32 121 42 131 75 15 98 52 15 133 74 58 73 112 50 73 55 91 19 67 60 49 129 17 92 125 59 99 127 63 3 24 134 26 23 17 112 18 74 31 38 66 78 27 121 102 129 86 71 82 104 56 49 67 8 15 118 111 57 78 106 133 19 13 56 126 55 16 53 124 81 80 45 90 70 30 87 52 134 81 119 33 9 45 116 17 123 1 4 21 99 123 111 117 112 39 91 24 96 78 91 137 117 87 131 84 18 116 112 16 81 109 82 12 89 133 11 81 75 114 81 75 60 97 104 28 47 44 18 16 72 30 81 70 26 40 14 4 119 28 126 52 72 52 109 100 12 24 42 136 70 98 100 30 74 131 21 115 6 132 129 21 26 131 87 76 120 82 109 52 105 33 130 88 54 9 67 26 75 13 29 130 81 92 73 85 49 114 44 70 92 120 66 59 57 115 86 102 132 114 3 89 60 85 44 9 38 68 53 129 47 128 8 57 20 81 83 58 75 102 95 6 122 123 83 86 73 28 107 79 14 35 12 119 33 18 103 138 104 119 113 74 128 100 108 21 107 31 49 29 75 74 16 25 138 10 22 91 89 24 41 91 105 10 129 129 131 27 63 59 46 80 130 30 33 137 56 22 46 127 76 48 113 93 1 16 105 135 25 110 22 134 83 35 92 44 129 118 93 118 53 70 52 30 58 119 117 82 132 95 31 111 84 6 1 111 29 116 59 114 105 47 30 94 39 22 108 136 118 66 10 27 126 88 18 103 8 12 53 96 44 30 53 2 68 2 78 68 80 72 60 55 73 104 101 9 66 6 2 135 39 64 50 48 124 17 65 96 52 43 59 56 51 8 30 92 22 43 92 23 65 135 125 130 83 117 108 122 100 117 36 124 126 98 31 41 2 69 114 126 66 74 3 111 27 85 47 120 89 83 24 57 23 58 76 68 81 2 12 45 96 111 124 84 77 22 33 128 115 42 97 90 20 99 88 103 95 101 2 113 21 115 46 113 102 123 14 130 101 139 38 117 14 125 1 7 36 18 124 25 14 17 77 119 110 74 123 31 40 43 138 123 76 100 51 131 48 27 11 106 78 46 62 139 4 58 107 126 29 104 88 74 41 93 1 51 8 127 15 75 135 78 47 130 135 96 1 68 41 134 63 30 123 33 66 125 120 79 63 111 6 26 16 41 61 127 64 116 27 103 72 23 96 83 31 5 120 69 31 54 62 36 135 90 61 38 47 117 113 10 100 86 119 106 42 108 123 30 77 43 39 25 127 57 50 36 86 50 52 67 99 75 116 89 14 99 60 75 7 66 51 122 42 65 131 92 31 20 85 126 55 44 120 50 46 64 80 122 121 75 61 35 34 48 20 55 77 125 9 123 13 95 118 94 71 97 139 23 117 77 126 12 78 25 90 131 116 55 138 84 103 15 103 49 37 79 105 71 49 118 56 109 36 83 93 99 112 85 21 82 135 88 57 117 120 104 123 73 47 58 34 33 116 85 128 14 37 101 27 49 86 31 55 78 129 132 95 113 130 65 36 53 72 126 2 56 109 67 114 93 131 80 16 6 68 48 1 116 4 94 44 12 106 108 90 56 139 17 91 71 32 1 30 29 116 125 75 97 84 106 71 41 44 131 4 137 114 101 69 1 84 76 12 126 42 41 90 102 72 139 103 87 30 107 23 119 127 16 129 105 128 6 55 138 130 131 119 81 121 52 80 56 116 48 138 20 79 102 137 129 61 74 11 25 107 89 52 72 68 49 54 5 24 92 3 134 134 110 125 1 47 63 30 119 71 9 125 46 48 94 51 95 24 58 66 129 131 123 87 13 5 16 88 89 41 117 105 55 48 36 101 91 29 39 24 37 4 28 38 133 50 16 137 14 27 49 126 2 106 131 23 74 132 11 121 38 8 3 133 85 59 90 47 67 129 79 90 51 44 93 82 132 132 116 22 108 79 3 84 132 6 93 12 42 81 128 21 12 68 63 67 114 47 102 96 99 122 62 6 7 123 106 66 22 134 44 1 86 52 47 108 133 107 63 116 108 68 53 123 11 110 119 103 2 62 133 38 80 60 66 116 21 45 29 47 55 87 5 114 78 36 73 105 34 84 134 69 30 55 130 31 1 9 109 6 78 136 54 18 106 59 42 105 129 127 57 55 8 139 94 42 45 73 124 9 60 95 98 118 16 76 121 11 119 22 55 111 83 109 36 46 24 88 124 112 48 17 17 85 68 97 24 115 129 56 16 22 86 81 8 95 58 73 72 110 119 121 51 7 15 34 43 99 5 126 87 26 51 85 101 119 76 80 12 121 54 57 130 23 100 54 104 129 7 61 15 84 55 34 61 67 102 77 131 57 47 74 58 40 94 124 21 91 98 89 29 52 123 106 56 18 54 86 11 65 60 70 16 99 5 112 105 44 139 9 27 104 102 34 18 118 132 128 63 82 7 130 74 128 24 101 119 110 121 94 102 59 86 59 122 136 39 19 100 10 138 55 80 113 89 65 127 122 76 39 129 56 139 110 34 62 130 87 61 82 65 56 123 126 50 137 57 86 79 42 105 129 95 79 67 115 83 13 33 84 52 48 135 60 70 71 107 4 126 27 97 114 19 64 33 109 9 116 57 12 39 127 14 139 24 31 134 86 88 118 88 15 11 114 56 128 136 24 56 99 130 101 46 8 101 54 35 120 13 3 118 7 101 133 78 75 56 76 95 91 139 91 88 76 124 96 61 79 27 9 13 106 23 133 77 84 136 101 97 40 98 59 16 79 60 129 23 21 56 26 12 78 72 66 21 6 34 80 1 103 31 58 67 113 44 34 19 81 31 107 67 108 34 24 124 8 101 28 30 16 43 20 27 118 58 7 139 30 70 124 14 9 138 95 87 15 36 138 117 85 42 8 60 61 102 49 95 70 26 12 62 96 26 2 5 85 50 136 21 51 91 68 83 21 62 102 105 6 24 78 72 83 18 82 70 131 101 126 97 41 79 64 62 42 96 29 64 125 134 67 76 97 112 25 38 38 36 62 62 35 17 5 26 77 84 76 91 122 44 125 54 33 28 139 8 136 129 33 138 78 86 32 119 97 46 9 96 109 114 128 94 127 81 117 115 27 126 115 7 122 137 72 48 66 54 86 38 90 103 53 69 28 118 67 46 107 53 52 138 104 29 137 123 51 98 74 133 118 53 71 52 131 46 58 38 70 85 137 76 12 127 9 139 46 29 48 133 126 27 82 88 97 14 49 107 50 130 107 36 91 101 90 17 6 29 69 61 68 58 65 91 109 6 1 135 93 64 127 12 113 30 46 6 65 55 76 22 3 30 41 116 80 132 116 113 132 1 94 37 84 138 49 46 17 54 84 95 89 32 120 123 121 49 117 91 132 56 28 53 136 60 62 104 125 92 111 88 123 38 136 88 113 63 29 52 69 28 25 3 75 25 137 132 79 116 75 84 116 122 51 132 4 114 98 68 102 27 111 131 24 73 51 136 11 4 103 30 80 111 9 97 90 77 82 23 126 36 50 50 130 93 59 115 18 129 52 27 132 99 89 122 106 117 66 96 46 50 135 108 44 23 46 53 107 14 118 71 123 135 122 60 29 82 110 117 48 79 115 105 110 111 135 99 70 107 81 52 66 119 135 22 50 123 133 103 108 65 66 65 128 17 26 98 44 117 60 30 126 135 26 121 33 55 44 106 21 36 103 59 136 57 66 27 90 105 86 103 116 131 84 6 126 132 39 56 5 60 42 9 3 44 99 114 111 71 43 85 52 111 108 38 119 96 119 42 104 67 38 92 110 133 56 81 31 97 26 120 138 30 66 49 57 66 51 5 18 74 135 43 25 8 41 54 112 25 127 95 32 14 55 9 110 74 55 50 46 64 62 110 104 139 24 100 50 133 112 75 86 70 107 79 62 67 131 133 52 116 136 136 29 4 67 1 75 6 100 69 31 60 8 29 59 26 108 96 7 6 102 72 109 123 97 84 71 78 81 130 96 7 41 80 24 98 110 115 5 110 136 125 124 45 29 125 89 62 20 134 51 85 130 108 92 66 70 58 79 62 94 41 130 20 126 8 54 94 63 24 93 116 64 6 124 65 6 80 30 136 92 111 108 139 132 29 47 139 64 65 64 86 116 122 49 102 31 30 130 82 30 5 19 125 28 43 1 58 86 42 56 124 117 64 40 135 26 64 2 139 88 68 37 115 42 132 18 108 110 26 58 75 71 80 97 104 74 77 24 62 77 16 73 84 22 106 10 110 107 139 127 24 90 124 95 19 17 138 93 75 65 77 122 1 56 132 133 26 17 81 58 100 125 37 65 67 44 31 67 37 82 108 93 70 65 21 52 100 98 63 81 109 20 52 98 25 129 32 136 95 63 36 127 38 94 27 121 60 116 91 8 120 121 98 124 82 26 13 8 13 26 4 30 65 137 71 103 51 124 134 55 81 54 18 111 27 71 70 50 37 132 44 32 113 135 91 28 29 20 68 8 104 47 8 76 110 105 112 105 16 84 60 38 70 51 138 35 120 39 135 82 115 42 24 44 47 130 121 139 93 41 107 37 55 64 86 24 32 97 63 33 21 54 108 31 131 126 25 109 129 106 66 129 76 1 52 10 53 41 78 119 13 131 134 5 89 12 28 33 121 33 13 57 86 16 102 110 130 111 42 17 71 104 70 83 135 104 29 135 126 104 112 88 55 66 65 17 105 99 6 96 118 35 83 126 121 23 1 78 99 16 55 99 86 133 41 4 36 116 41 15 92 58 99 51 65 47 4 12 102 134 3 56 134 52 91 8 68 69 30 7 122 77 9 1 77 129 27 65 55 2 35 19 28 73 115 10 113 66 59 14 121 65 39 137 42 20 46 34 72 31 133 113 21 97 3 74 122 97 45 125 116 55 100 85 7 18 89 56 118 57 34 113 24 79 104 17 60 96 100 88 65 40 118 123 127 138 99 131 8 73 132 1 100 36 15 107 23 10 60 128 94 126 16 32 66 25 114 95 68 11 26 112 79 14 2 139 100 10 81 79 134 89 86 53 39 136 5 136 10 11 78 10 49 97 68 98 77 65 81 37 59 97 86 86 106 136 5 115 104 73 6 104 22 52 53 84 46 90 69 1 124 135 46 139 45 10 72 26 37 58 117 61 19 130 49 94 119 66 95 96 29 13 123 133 43 93 122 97 109 111 130 116 51 112 96 65 69 65 96 38 115 97 41 13 38 73 2 45 105 104 19 116 117 4 66 82 13 57 121 72 120 18 118 83 81 37 110 6 135 45 72 71 93 14 9 37 116 31 115 86 50 25 69 29 2 24 52 4 118 67 47 26 30 29 11 68 61 28 2 129 85 41 84 31 57 79 19 136 63 120 53 132 121 69 55 136 129 112 119 24 8 17 131 33 12 36 50 98 50 81 90 57 55 34 43 5 82 6 31 106 9 37 127 121 75 51 1 46 82 62 6 138 63 107 60 74 112 82 95 14 90 16 54 130 25 15 35 86 20 123 79 66 84 16 37 135 30 16 5 50 96 93 90 131 74 23 20 5 62 83 134 111 100 134 94 108 10 12 133 40 63 50 112 60 60 131 77 120 55 104 76 2 109 62 20 51 49 71 97 96 86 36 30 22 123 25 15 1 19 12 106 132 3 52 87 1 115 139 4 89 98 39 66 49 55 89 18 65 8 116 138 139 41 57 23 72 71 9 70 49 26 68 23 113 76 131 90 128 91 62 65 70 51 21 14 53 59 56 63 105 123 109 75 33 48 80 68 42 135 18 81 72 103 8 54 123 26 105 11 66 91 126 124 92 29 97 129 102 45 41 20 116 129 133 71 32 27 48 26 76 95 47 32 139 72 20 103 7 110 99 35 27 123 135 30 10 138 89 21 48 12 15 131 137 15 133 113 135 110 130 42 139 122 12 22 57 90 117 79 38 72 114 33 105 5 132 13 13 14 64 37 106 113 38 5 4 84 49 100 127 84 113 85 45 123 4 16 97 131 113 72 35 62 84 81 43 109 101 59 46 15 52 133 30 42 25 63 76 4 105 12 60 100 98 66 117 59 26 60 86 62 15 41 53 16 31 127 78 28 33 56 128 129 120 114 57 77 52 111 134 54 71 62 22 65 101 107 62 105 3 68 44 126 6 127 47 117 3 28 129 59 71 11 28 112 47 74 61 35 76 19 87 110 34 41 34 30 131 126 75 100 4 42 134 32 67 137 91 29 20 134 134 31 40 114 124 54 131 30 29 118 40 79 85 138 39 139 113 74 58 89 117 66 134 90 135 21 26 110 56 68 62 130 138 139 76 44 119 65 18 110 58 104 43 124 47 122 15 129 98 127 40 104 42 21 29 76 15 29 26 33 58 73 46 21 66 7 30 138 63 134 31 129 20 43 27 81 17 98 39 53 42 83 11 101 90 80 14 90 114 116 43 98 62 2 26 128 83 33 37 24 1 139 36 49 67 107 21 79 127 49 7 65 98 89 48 51 129 133 20 75 76 72 2 68 94 79 67 134 7 74 18 92 83 38 14 102 73 58 39 25 14 83 11 77 131 29 69 46 6 100 68 125 96 70 31 65 9 23 107 80 17 17 132 102 22 138 37 19 17 108 127 74 18 22 19 81 115 22 134 2 64 125 50 64 4 70 14 44 54 46 67 91 30 54 136 28 93 12 137 11 118 117 11 39 28 104 132 8 17 118 18 53 132 106 129 3 120 99 61 35 122 95 24 126 6 6 125 133 81 100 20 124 133 70 117 101 108 47 130 133 2 102 45 128 136 51 23 10 34 53 43 134 108 68 113 65 81 134 47 92 36 68 135 99 135 90 36 92 50 38 13 65 79 72 105 139 7 75 119 115 122 85 55 2 137 59 114 122 97 21 91 96 75 99 83 74 125 133 46 23 2 113 94 52 32 90 119 121 29 114 83 96 139 41 4 109 69 115 3 73 31 125 93 110 12 29 133 98 90 7 108 39 86 14 135 34 19 17 106 88 94 16 9 10 4 27 89 47 117 128 66 122 61 4 133 3 77 9 26 22 76 121 13 52 14 88 32 66 61 14 40 77 94 31 115 32 95 93 24 28 80 134 17 1 54 89 34 20 33 63 117 91 113 22 120 75 56 101 135 22 74 135 51 9 15 92 18 3 42 2 69 91 22 39 61 5 95 54 109 137 119 59 68 73 97 59 106 12 93 30 54 71 125 78 116 108 47 125 91 105 61 96 29 42 116 39 18 83 104 73 58 25 71 24 135 1 50 137 59 11 93 83 78 41 44 6 15 111 119 25 39 3 34 14 134 67 24 118 118 36 120 118 122 41 135 131 73 139 32 35 62 52 127 14 131 28 96 132 100 90 121 81 21 22 107 78 123 102 128 22 7 42 36 87 24 67 89 78 64 74 87 126 16 122 5 67 60 82 61 86 132 114 8 40 92 126 86 40 96 90 94 26 15 63 109 5 120 25 98 61 37 48 9 121 124 22 87 138 101 92 33 93 128 35 82 116 49 30 67 5 22 31 51 77 137 80 76 130 31 116 8 18 29 71 80 88 40 91 137 11 47 66 32 21 44 76 33 69 60 112 26 21 111 117 136 45 63 3 70 94 123 137 57 92 108 54 105 60 30 119 72 60 34 128 55 122 66 128 103 34 51 61 51 104 15 8 134 67 130 133 57 4 128 110 72 47 26 136 19 5 47 108 41 11 39 105 83 93 61 62 77 10 139 136 132 12 117 84 7 114 80 48 89 122 136 106 14 88 32 17 104 103 21 129 50 5 29 64 37 20 51 56 16 18 109 74 75 116 35 8 128 133 45 39 69 94 3 102 107 111 36 93 25 124 22 94 139 18 39 116 5 113 49 20 89 88 93 42 79 55 95 34 50 105 124 111 137 125 51 48 107 57 18 127 129 40 123 49 17 24 128 89 6 119 103 80 101 107 10 108 44 12 115 45 100 89 21 19 104 63 6 70 67 104 138 102 32 114 41 61 111 8 125 35 80 107 65 16 117 56 39 136 131 91 136 71 90 63 111 118 30 4 39 51 39 78 20 89 38 99 114 57 113 117 97 76 8 102 120 106 70 77 72 112 62 84 131 124 30 58 69 1 41 5 33 133 83 38 111 1 101 77 135 1 48 61 89 73 59 72 21 40 3 38 95 74 118 4 74 108 68 131 121 107 92 127 79 72 55 93 62 104 82 19 70 61 38 93 11 123 43 103 6 30 138 51 6 60 138 2 31 44 81 130 35 59 88 12 47 71 136 112 30 72 35 28 17 56 92 93 102 115 104 35 98 77 48 120 69 24 16 39 59 34 119 111 110 120 59 22 35 41 48 53 93 126 9 126 16 4 133 125 34 36 17 69 44 116 72 52 79 18 61 91 101 100 22 9 84 52 17 83 130 47 119 132 96 68 136 85 138 73 25 54 58 1 92 92 23 57 37 138 96 43 13 41 31 30 16 20 15 107 47 82 91 9 107 56 131 117 82 1 87 29 10 67 88 5 126 138 24 13 80 34 78 16 55 36 88 117 66 7 94 104 30 129 134 39 22 60 59 26 36 52 4 59 40 3 61 62 42 85 136 119 108 122 3 82 72 93 136 2 111 74 56 58 12 81 1 115 46 116 97 49 8 127 23 34 45 73 77 37 59 101 126 91 102 137 72 18 12 110 67 55 39 26 54 122 37 86 96 33 23 1 104 25 19 37 51 37 19 125 10 74 122 61 30 95 54 19 13 45 6 32 14 16 108 114 107 78 52 106 89 78 109 11 2 119 123 82 105 11 29 17 89 99 90 89 101 89 64 95 87 112 24 124 82 98 66 10 136 20 79 136 81 84 27 72 49 24 134 12 61 36 110 21 110 7 80 100 27 36 104 121 53 27 44 44 88 45 125 53 38 138 17 115 16 121 12 25 64 106 131 132 66 99 50 104 109 135 99 100 63 67 60 80 77 117 90 7 12 63 139 83 23 17 58 53 84 56 13 135 3 16 80 42 79 103 9 16 138 39 79 3 24 41 36 124 103 95 23 116 7 4 76 43 82 128 15 1 78 16 120 101 2 121 31 127 128 126 131 1 57 1 125 24 111 107 126 53 57 123 117 39 3 115 83 42 19 10 14 20 24 85 78 123 21 121 1 66 21 2 11 40 75 110 137 91 32 72 81 81 44 15 82 119 92 58 99 129 87 71 43 124 21 112 4 117 35 116 64 47 138 31 105 128 56 116 30 3 89 75 129 43 81 86 16 127 87 47 94 135 64 89 30 114 131 62 52 108 135 86 51 57 66 80 51 88 68 123 91 85 138 99 9 45 116 129 9 60 32 50 74 5 60 81 13 69 72 112 83 74 44 14 100 79 100 32 73 100 92 59 55 44 54 68 80 47 29 113 32 64 136 25 112 73 53 31 99 51 75 115 110 63 11 58 113 12 37 100 7 48 108 130 26 84 30 1 131 43 7 113 58 3 28 60 124 128 129 131 30 11 34 48 29 134 108 129 128 111 33 88 46 92 129 20 64 94 111 87 32 50 108 113 93 80 89 109 116 80 8 92 6 121 82 2 96 12 81 86 101 95 73 63 79 70 25 30 40 122 115 112 129 9 73 36 125 29 128 121 138 85 126 67 58 12 30 10 106 39 67 11 123 39 98 9 97 118 50 128 3 61 22 73 126 126 37 24 29 79 4 54 67 75 138 20 48 27 89 55 133 2 96 121 138 59 139 46 80 90 110 94 81 55 109 2 83 9 36 117 81 74 135 72 95 27 30 125 115 43 71 17 117 28 92 117 2 91 94 56 126 64 53 77 128 44 70 56 132 42 23 37 126 67 99 96 48 111 33 127 69 20 115 91 57 104 50 54 23 54 102 16 54 119 120 107 34 126 50 80 9 19 24 76 139 59 92 31 108 95 108 101 16 116 9 51 85 84 97 15 63 21 76 81 6 35 53 53 104 122 42 81 32 16 81 31 87 16 31 22 18 43 14 120 9 20 119 70 28 45 29 95 42 116 116 38 34 30 128 7 68 63 32 113 30 132 33 80 46 52 109 79 126 21 99 71 28 24 3 54 25 56 75 17 3 51 83 108 61 133 98 27 114 72 111 9 68 48 138 4 53 124 102 48 98 100 82 126 5 64 110 85 62 102 79 80 24 7 111 66 106 121 91 124 91 2 138 117 52 49 90 58 127 137 86 112 38 86 103 7 69 80 64 22 85 75 132 44 90 135 134 116 41 67 44 71 8 81 49 57 7 55 3 101 109 21 87 57 80 53 12 2 93 125 61 108 87 128 6 54 117 7 30 88 32 98 113 108 129 21 137 3 105 30 116 99 129 2 96 44 99 53 139 128 10 45 87 103 63 12 67 19 60 43 93 41 22 88 134 55 78 91 110 113 126 114 58 131 109 112 20 38 107 41 118 52 81 33 137 19 102 45 93 82 72 108 102 20 50 50 45 34 52 115 120 55 80 91 24 39 129 89 96 79 138 99 90 30 51 115 131 137 115 58 69 18 85 10 133 131 101 88 130 9 6 62 121 127 124 92 61 17 35 28 81 89 32 83 77 49 119 49 90 21 107 24 132 56 136 113 82 34 6 69 125 114 135 103 64 89 52 56 77 46 134 85 36 16 42 37 99 13 2 82 126 63 119 119 19 109 21 108 98 58 36 138 105 116 13 87 48 68 40 137 44 30 73 73 131 73 57 91 127 118 31 115 67 41 112 138 7 50 26 110 81 105 42 109 35 75 11 115 122 44 61 30 79 82 9 105 103 75 37 102 75 111 69 45 108 73 52 7 114 65 63 134 61 117 53 75 128 17 33 130 83 14 51 84 1 117 128 93 39 120 69 61 8 117 10 42 125 108 101 105 86 61 39 67 138 67 76 17 47 92 12 10 28 86 77 50 107 70 20 61 4 41 111 34 1 60 14 34 127 82 69 73 4 18 68 37 76 34 27 40 71 104 112 66 134 106 110 22 82 66 121 19 78 123 100 27 36 46 9 52 130 25 57 13 105 116 134 20 44 11 70 68 20 74 43 53 116 42 58 34 37 101 54 43 116 73 64 121 32 35 96 32 97 70 60 84 43 54 57 51 33 47 136 5 44 122 19 113 84 66 9 52 23 70 8 99 39 80 109 5 28 136 133 60 41 85 121 88 40 71 93 8 54 59 46 26 5 114 9 107 39 57 112 9 41 73 105 34 113 14 131 92 4 70 55 64 74 61 4 34 81 89 112 10 80 20 102 78 42 15 135 137 27 79 29 134 56 129 54 82 126 9 122 6 2 41 14 15 56 69 36 73 98 67 70 79 82 88 3 95 94 98 76 94 92 130 20 28 5 40 73 111 61 126 111 31 122 103 120 90 37 111 90 81 139 129 12 138 41 55 36 72 29 57 105 23 109 136 32 33 67 63 37 97 34 62 68 86 65 111 25 47 38 78 73 124 96 137 73 92 72 37 68 48 56 138 8 10 96 28 32 4 85 14 47 8 68 19 134 136 22 35 121 115 8 111 138 119 99 30 113 32 73 105 77 94 100 94 24 108 9 39 101 131 42 76 139 41 136 74 20 93 62 68 71 3 88 131 90 34 123 129 52 6 34 77 37 15 60 78 119 23 19 23 120 28 103 83 132 90 25 11 26 71 28 48 14 65 108 101 21 5 63 111 102 136 111 24 80 63 46 9 37 8 66 49 68 80 93 45 20 119 1 108 46 33 108 138 103 135 91 35 35 10 90 8 74 118 35 10 12 47 130 101 52 4 111 90 131 137 100 37 35 84 23 139 94 98 133 23 73 96 69 61 134 57 70 6 123 82 56 55 2 35 82 93 49 10 101 127 133 7 24 54 89 68 69 122 3 10 114 38 29 37 49 89 137 82 129 34 19 55 112 123 111 4 87 114 41 28 138 82 132 34 103 18 86 58 84 34 47 64 129 36 138 79 71 32 122 62 114 50 16 125 27 17 114 14 121 38 42 139 61 34 91 74 109 2 130 12 84 32 10 95 129 78 63 43 19 5 10 99 138 24 60 5 25 5 138 105 66 129 91 90 112 31 102 28 10 100 133 29 48 112 100 57 120 139 106 59 85 98 58 128 70 83 109 124 110 100 92 40 101 85 123 113 40 113 51 20 98 75 17 101 87 138 46 92 11 135 121 113 32 126 35 65 35 31 21 41 86 82 50 12 41 98 2 83 57 7 122 44 54 133 100 80 102 40 73 1 87 113 75 129 6 21 74 6 107 76 61 9 36 19 111 122 79 137 84 48 7 100 49 107 61 133 84 125 108 40 36 116 47 32 73 49 3 106 57 75 106 95 138 4 92 32 116 21 55 69 14 90 12 113 82 133 13 63 137 86 1 69 57 67 112 133 9 85 42 96 88 91 87 58 50 62 26 29 2 47 68 97 36 9 62 119 132 52 121 22 6 118 114 89 29 122 13 72 34 84 28 8 92 14 67 23 107 21 75 123 122 57 112 123 125 131 11 1 66 134 82 56 87 97 11 70 5 65 101 96 33 116 47 117 26 75 124 137 81 1 14 16 95 58 21 4 37 56 115 97 133 101 128 129 94 48 91 108 79 9 43 91 89 58 103 107 72 114 43 116 20 74 28 37 118 123 131 133 47 87 57 123 93 95 80 31 76 3 67 112 87 1 40 14 78 83 91 90 32 109 88 70 81 93 9 104 127 3 92 23 78 17 76 20 98 54 117 45 2 105 127 109 7 22 56 52 70 43 23 68 128 112 20 70 29 87 21 9 113 1 22 43 97 90 131 123 99 128 24 120 29 109 51 45 29 58 19 85 117 125 71 14 55 57 12 94 137 112 117 68 55 36 127 16 26 64 3 58 125 78 93 67 66 46 134 94 87 40 68 67 98 4 43 115 5 73 52 53 120 55 39 116 101 29 36 28 123 66 4 56 37 96 137 78 77 9 124 136 131 131 105 85 18 122 7 53 79 32 8 130 17 16 80 110 8 88 21 72 88 24 106 66 106 127 86 35 102 79 81 82 18 47 8 8 58 132 102 79 53 84 99 72 130 8 55 76 6 136 89 7 32 39 8 66 90 5 135 120 45 58 17 25 70 113 101 130 32 63 13 40 30 22 94 7 3 47 115 10 39 47 57 73 83 81 99 131 83 34 78 51 33 64 25 69 27 119 100 48 111 86 110 73 125 49 28 28 54 17 61 135 16 71 125 122 13 23 112 90 96 35 53 114 113 39 131 117 97 76 10 85 50 40 116 24 138 60 138 135 9 98 57 61 105 82 119 65 8 8 109 119 81 13 71 50 32 82 92 106 72 2 104 90 117 69 5 48 72 47 78 110 138 40 39 26 73 113 46 20 107 99 51 62 93 25 31 19 59 2 4 10 137 1 49 37 96 77 102 53 136 85 137 17 1 63 75 131 8 47 114 44 36 3 15 95 65 17 58 60 61 70 49 88 93 132 14 17 55 49 26 86 66 3 78 79 37 124 100 114 106 66 82 67 114 63 109 130 98 26 33 95 81 68 93 73 59 113 57 63 14 53 21 10 83 43 4 24 86 26 51 136 134 18 68 89 32 82 9 32 117 60 119 102 107 100 28 79 32 52 122 136 69 3 132 128 54 30 107 62 9 86 24 53 88 9 50 60 107 21 5 14 102 58 33 20 26 33 17 85 91 55 110 135 99 99 27 102 30 21 81 43 34 48 19 1 138 112 50 1 94 128 57 132 80 128 7 95 85 117 60 19 29 30 32 70 57 85 37 131 64 128 130 130 92 112 30 108 95 106 2 58 40 71 101 23 96 120 35 45 129 48 18 11 81 19 124 36 3 38 80 114 60 21 15 29 108 89 25 63 127 74 74 21 88 136 65 46 86 73 67 31 82 33 53 103 88 36 2 31 80 45 50 23 13 69 124 120 52 62 52 116 132 42 46 135 104 68 104 115 79 74 18 5 68 60 24 135 10 25 20 123 109 7 9 111 82 1 113 28 92 36 37 85 26 8 19 87 44 50 35 35 99 115 47 111 59 139 88 57 92 38 48 15 25 87 106 18 110 23 118 49 84 44 15 93 7 139 85 106 133 65 133 99 2 38 85 11 49 102 42 11 112 118 100 32 24 76 61 77 115 75 137 2 100 4 102 19 20 42 37 129 70 118 19 37 50 103 7 75 51 54 52 57 39 39 118 15 124 96 94 67 138 99 7 69 111 66 17 21 65 60 35 75 113 23 85 31 87 77 110 129 58 54 25 111 129 81 55 13 137 21 59 73 7 114 102 65 18 24 48 123 108 91 86 62 128 79 124 76 50 92 78 66 88 54 75 75 105 60 34 31 107 61 132 88 76 21 3 45 85 55 1 35 102 21 85 122 84 70 119 25 101 137 48 127 94 31 110 83 128 103 137 84 77 13 87 2 64 51 51 111 75 115 108 28 92 50 106 87 18 90 100 45 51 19 4 16 42 3 34 93 119 10 115 109 68 122 106 93 24 60 116 88 35 82 45 134 108 105 64 
// di
44530 6885 67445 52227 22568 14913 43106 26453 37425 28299 48989 40799 48014 16141 30523 66929 2787 31893 51072 57676 35533 17555 12620 27628 69515 25281 65995 61899 2397 23571 42286 22241 3487 66061 40484 35857 33882 18715 46332 14159 58575 50857 24693 43953 27528 50176 34688 43032 76876 20233 45313 58028 20927 39994 33049 24967 5549 16192 65429 3937 10128 53234 52261 38072 55034 11461 65801 48048 24877 16912 48543 14202 67949 21549 2148 75844 43693 30134 12558 33037 44681 54153 13174 470 55643 26445 1334 48899 16321 57827 72680 6016 71986 64443 6626 19336 75288 29325 71383 56977 74698 9307 36999 30208 40527 21984 7788 16819 16261 53998 27432 45222 17556 44910 16420 46452 36125 15048 50453 50771 58408 797 69636 53370 17376 28232 45904 10919 74939 6231 73838 1779 30849 29543 14158 21928 13303 67097 39360 44730 20610 47493 71531 43405 13526 23128 57211 18161 44131 15334 70370 76703 50846 35277 45774 5762 31790 10250 9014 34657 4484 30055 56663 304 11126 48530 49001 5018 29379 51389 54149 49010 73659 47227 26827 67393 44800 43441 58965 69021 59657 67349 49492 30706 28006 58778 59913 9297 71476 26409 35921 35306 23694 40246 57965 5939 45125 13682 31438 7043 38480 72560 31959 42774 35998 66362 18760 11964 13703 44292 5744 63202 37797 34879 19001 39847 75995 74961 13712 23074 8578 52001 75789 53516 17296 46188 33056 6377 4011 60233 40829 71459 19602 45357 30985 72224 6563 54027 39017 16642 30177 38087 58615 32719 66325 44229 24782 31855 12079 17257 70650 26989 44724 39371 49002 6592 7530 28816 72090 36349 51877 38614 16780 18939 70511 68559 69535 66990 16484 59794 37591 22370 28017 4307 32456 74227 37361 64655 16165 15553 17631 26753 4100 44602 6237 62836 46851 62177 20205 24617 62571 61099 32018 13006 19732 17904 18868 32124 35268 22468 15441 45892 5300 21661 47148 38812 52761 36081 15881 24030 39322 10002 57097 50824 33569 34112 30545 132 56756 19777 20600 59086 14743 58135 50794 44951 39644 76439 48631 18749 2915 57092 72218 47948 16843 47852 69137 51731 73772 25569 32236 73462 33135 18879 39982 9591 40234 50578 36204 21437 20896 57263 56898 48167 74797 71203 1483 32957 24298 32026 19018 20757 26629 44813 72521 30032 26386 72192 64750 33671 45295 31601 38044 72837 4733 66258 30505 63197 69360 30585 64809 62317 71990 23839 74149 13997 12090 60321 62613 76150 26230 5132 1366 42211 66867 66674 59381 25902 61496 75166 69073 42721 7303 18431 56353 75250 68644 8292 8515 34195 56251 5268 19408 25965 26504 69542 39005 59370 29380 44979 38111 31245 5180 50548 72834 53507 69430 18255 21737 45549 42074 54975 53980 20623 29264 69225 32597 29940 34804 33466 60036 62034 7687 20450 66068 44883 48838 26523 25819 58930 57215 44788 70552 64187 25352 22479 63386 31949 24222 25457 20650 30857 31616 72210 19753 36900 34596 76276 41127 37935 33834 23722 64607 42695 29792 56867 51138 17976 25658 60439 72800 65704 52472 70430 53555 23921 76916 50904 2400 57787 73648 17153 27793 13865 53785 32483 48132 24855 22541 46952 55649 34337 49924 15639 21800 9752 66922 29198 56440 74218 54873 54966 39332 43269 67100 17660 30590 38434 51866 71535 15996 21306 30579 20716 42804 20136 8988 44889 65567 55085 1152 55601 29351 52887 60556 44885 54548 16028 26860 74732 51186 57250 4113 10872 36838 60171 62348 59338 58066 19849 6854 46021 65574 58620 28534 58090 55116 34391 43809 45602 29654 5624 37094 73080 30276 854 5875 75815 39065 47863 31451 39662 38467 27461 4731 61009 71672 67385 46208 32689 75415 61485 22870 22819 27342 52699 20588 11752 68951 49156 75169 10693 76666 67970 73186 36340 18653 64045 71346 74592 62743 48858 63123 21509 32938 66122 64198 51286 25320 3896 4603 24536 19261 17247 63762 68310 32239 64512 9444 50446 70016 59205 74761 57941 5437 70501 48634 60842 40303 58637 4352 71756 73871 44300 20944 11065 26169 4077 57151 10175 66670 3110 2600 21310 760 14793 10389 51508 22815 11514 71259 7589 22474 7928 73686 48906 24756 70428 59717 70305 41939 45454 25198 32051 5213 20125 13627 6576 55495 6879 16537 35151 72239 45655 38550 59335 4774 68241 54651 13477 54077 72354 30985 57807 73947 47141 62215 4926 33205 33850 56524 22040 2520 1400 76156 68540 26851 66711 43298 62818 24194 56301 34213 37669 12156 14631 24084 54130 49582 57175 48728 34005 55394 54849 54204 71712 18315 63958 23141 52666 24356 51349 16379 40908 55009 54234 14213 76590 22153 14152 6108 17580 6737 4911 42185 25606 14501 49325 63366 74824 64745 10911 8831 53559 60517 33779 60920 74083 49117 12240 49399 27431 63854 34071 68970 66617 66350 32528 25579 35319 17394 32079 23242 71523 904 25188 57146 1177 50874 58839 44412 45311 45780 3889 55860 13893 58501 3258 25962 70656 47900 58549 54254 49618 1966 74462 40952 26004 9146 5330 75071 20047 12602 42731 72768 33326 52157 18863 28434 46306 70809 34811 61349 73181 31739 69715 29703 3265 22572 57691 22965 47099 25741 49922 49669 36237 50319 45387 67801 33076 1682 74102 61253 30736 8934 64650 34357 47678 74177 11795 47665 66955 57035 56250 74092 17110 48944 41222 3708 70379 47510 72879 54959 28546 18893 75780 25252 39426 74034 59894 48985 18817 21422 32790 62732 56920 61997 44955 38824 67513 30188 59169 210 53706 21163 1318 34485 6341 26600 27003 3 34482 39470 10339 56779 19266 66334 11063 67157 156 64572 74180 11115 67590 1708 38685 31085 52899 10986 34699 40840 51497 14416 61852 73615 36163 61409 49742 3630 32820 23272 76322 69600 65521 8689 66539 48049 38448 28404 13173 72145 15500 34382 16202 31719 73999 74273 75765 1422 51036 1230 31443 1155 12269 43899 70930 64775 28085 71886 43024 68890 63090 18240 17008 33886 64781 26283 66216 26722 55211 22173 61750 62185 74690 33028 69468 47611 50234 55416 16070 7039 61766 22565 51693 74289 15920 58072 49848 74731 40042 6644 74559 11091 29033 64355 58428 20372 42279 37215 63331 74652 16545 39665 1743 16090 20781 66150 71490 1097 46028 28722 70238 48872 36607 19236 58692 2386 28529 13177 25472 55447 62232 18170 63353 45089 34412 59377 10774 43963 31824 59167 69838 46807 5863 57625 22408 58022 36356 15854 38229 32827 25701 45922 66475 67547 46919 39282 28379 42530 37269 16937 30714 13357 28492 17974 10382 54535 74661 9624 76554 63348 18427 39953 61991 10743 8373 61577 53240 40814 33105 46232 30358 1450 32044 71796 53084 40562 71540 4638 34493 51360 19469 1952 23530 17815 17123 35484 59368 3435 62942 53463 15662 64698 7264 4255 27775 52791 33941 55967 11284 21088 35982 24716 60300 29284 32040 1520 31748 76111 18628 25824 25163 62459 44826 2419 42119 45019 34506 28929 46917 8319 37232 28476 67106 73295 64440 13947 73534 67226 35310 71941 70093 3535 34097 65795 10858 35447 72433 32628 53153 5596 55231 31427 3891 66992 50682 39770 40359 19119 8642 60471 71969 1040 1586 16237 12685 44928 22729 3084 11454 72502 4363 72488 23181 36996 72644 553 72301 50450 47419 57467 34714 33239 62826 64155 42884 21105 19522 6223 49119 60899 25731 44363 27890 46547 52231 11278 15562 3067 63792 31082 62258 35789 69464 58666 10453 34359 6317 67043 23349 44816 755 54784 6880 7484 29129 10819 46346 51102 48071 71284 75131 14963 68794 49165 52463 75132 75396 13292 72821 26894 23675 29454 65025 46659 14533 21418 14939 37502 76539 57939 38980 23547 72882 74453 59379 8362 64530 32268 19691 41450 59259 1179 4393 50959 52042 68298 9341 17140 51555 44224 52571 34002 2196 73905 68949 69449 16866 54248 881 25747 17315 12735 37404 16209 41741 18531 30129 2226 35831 25240 15571 28650 70474 27848 70665 43349 46218 53607 16880 36457 41835 48724 24604 67621 75072 67249 2528 65369 2084 3246 28651 68399 3127 50823 46835 45949 71405 39794 40585 18550 48938 36025 53740 8451 13756 10697 51434 35855 14758 34945 54467 2536 24799 4260 71611 47685 74123 5696 45196 53048 31702 70514 61468 3814 70047 6694 33687 21010 52249 73021 71518 11599 65620 3359 69041 2998 43614 13893 57461 17828 58304 55248 60699 19750 67400 11788 18642 26713 73714 4600 24138 65562 66514 53480 17675 46615 25190 11809 5831 65913 26319 9336 23601 8506 22111 62214 5959 9906 33006 45788 64145 16278 43692 35165 57163 28538 71319 12608 19970 40609 45850 40091 9601 17208 42193 29550 68261 28874 28615 60102 24312 37277 19022 23648 75976 17522 52689 41677 62070 38555 61111 34140 68264 63186 43068 59064 28128 62018 11189 13758 62136 39554 53053 57044 23470 56065 20326 9437 35585 69576 8495 9699 76025 25275 16959 44957 26696 16753 45728 74520 24949 67466 26130 25426 19870 69345 14204 1404 32790 58609 50872 11620 25258 59897 54579 4199 45211 44977 15940 2175 60711 60736 68615 75435 33079 4941 14706 62081 499 24882 48409 22158 57867 43789 30484 65870 10640 45981 63587 41897 76840 70816 75300 50443 57674 54290 50492 1759 41681 2353 55963 54543 72224 63109 23685 51176 61995 39542 69552 62078 35536 54912 65523 42159 47491 70855 57941 71727 40596 28560 56211 36098 28684 27137 44533 69980 58710 75537 60840 32904 3391 49380 16180 39945 13365 12243 6781 50381 76943 63703 4418 1752 75907 12670 26578 15149 38653 26044 31659 61273 69178 8822 36502 65688 69371 54021 73956 74849 463 67526 27283 14817 27089 42646 16167 1984 12739 70521 62371 58301 29127 8387 41464 1320 39691 57635 18924 4061 52441 13327 11169 29371 9220 64268 63994 42942 44784 17358 40244 64256 9445 41227 72844 29401 59897 73626 44092 15616 36686 38389 29632 21969 6844 15802 46191 54964 41019 31525 36103 65982 6198 38090 28433 23451 27441 26367 61142 22726 5344 62931 52529 4871 50806 71442 18094 44695 68769 6098 43409 59517 68765 19822 33367 36486 34978 2876 19171 67984 64349 75823 3065 18420 10329 73674 38286 26078 59648 40656 50231 58236 49163 42213 74181 13131 53942 59849 73035 67172 12296 7972 19521 54900 5713 62136 21047 22793 65228 25009 8510 69120 32564 75144 23221 64962 23741 45482 33454 55855 48862 68965 21983 57749 36169 35292 75099 61657 60863 43385 74881 75726 32105 74937 65941 7940 6524 43172 5160 34875 25205 75060 20480 46670 35281 73089 46070 74843 65711 17046 60588 49217 51884 39396 57344 5152 53357 4494 4593 22080 8063 73749 25105 66926 40745 51857 54876 60736 55839 17936 2391 63761 60251 26823 62120 7023 38738 36765 25830 3441 63233 40266 75201 650 173 42134 65527 66489 72725 48272 1995 38173 37186 430 23545 36033 55312 14989 11464 2546 57312 3424 37297 36048 25805 51656 73555 13576 62032 3166 48193 49043 24287 44673 19363 75038 29697 53261 71725 24925 38379 70777 45965 28481 22141 25060 10553 54707 54207 69650 33561 53401 17602 34612 59606 33865 10742 43899 23339 47711 51982 32142 5639 24043 18018 54951 37140 72269 29092 57267 16238 5571 40492 36201 22437 57371 69410 38674 60875 8809 72746 33375 27664 17657 55358 17048 63862 38609 62206 42882 15559 29022 7037 49041 2292 6820 26028 25897 39786 38713 35893 74804 76916 26730 15547 66695 41989 27823 52526 59853 47975 11134 36212 46860 57091 76388 52894 975 4886 34242 29043 51495 66222 3533 36492 13309 64182 30661 57649 52965 37059 18309 48514 4989 42316 40929 43091 46445 41830 4541 66286 29318 47136 33869 16555 42417 52146 57958 43904 62374 10913 65761 24503 67773 57878 50367 24546 6058 15475 10836 11281 71694 12516 43224 35397 21650 42773 51465 56975 60673 52455 21559 39594 1584 20846 11009 5322 40889 14354 29631 10670 32180 6038 16707 3120 69478 39266 39497 74302 36909 71539 65442 28148 23138 16731 58765 36266 39038 28856 5583 21405 36264 47565 20993 69099 31765 70043 68071 57696 41565 70522 2542 14382 66256 70442 30942 49316 53983 30516 16353 26647 69970 19336 3562 65096 12638 18410 70761 9096 53460 52765 18030 61098 22840 47509 46001 2136 55497 36445 69115 14039 33743 59595 68654 25273 37188 37726 13273 15552 31233 67238 75521 4309 53336 52414 42944 8407 20140 22159 47517 73751 37679 5625 69477 54704 54900 31005 26909 57664 29595 11414 26261 30412 40349 62048 16321 59710 18710 42036 28853 51943 25140 41999 56619 4601 15527 66796 37870 27071 75458 44640 51675 1328 65090 32526 29364 67290 71528 76506 54330 63762 1935 52031 53257 36378 76267 28477 35470 74761 11867 42995 26745 40309 65292 54304 15198 22581 26456 67484 18444 49739 10432 73144 54206 49726 27638 17889 11821 30295 15174 65994 62996 45649 71739 73992 27367 28333 2109 55110 75233 51644 59570 46132 57461 49791 24517 36454 14030 28429 11498 73629 32208 29152 76933 70382 49226 26865 67578 8864 25773 58730 18897 61306 62287 58501 44162 70006 70151 58876 5091 75422 44136 23983 52838 48206 51202 25353 13981 71606 5214 43819 34813 4317 42637 1027 34480 36354 70431 10572 71010 36071 60449 799 34603 52262 63857 74955 27685 62196 454 50552 68155 17003 50908 45302 38680 27912 46547 60946 29980 33786 57503 64600 53901 5114 11195 55791 15329 25325 44483 39425 44191 61205 70899 33254 14466 49552 42027 12162 51394 14432 33136 53168 11944 62592 18525 40428 45010 4015 60592 4939 40030 73881 55940 18706 58105 14924 76572 38477 69815 69227 67620 35697 13929 65823 2491 72665 54306 13534 7094 61224 30925 46383 6979 11275 48681 38074 73927 63872 50223 16482 41114 39537 30117 10500 61095 16675 74537 61757 37660 9847 17709 10578 14201 36549 24896 41899 27223 37704 8656 44141 64315 21267 67334 6006 24317 3146 64810 25244 58351 3437 43254 2782 72705 68405 68390 15047 808 36532 3316 18334 40252 75325 39852 13002 21970 65522 38277 49750 11903 54883 47789 39059 6560 21361 42124 2759 20827 5865 53227 66047 54916 71116 35489 3779 65822 25330 74527 30457 15596 65329 16934 30776 50043 39298 13861 62163 55101 75845 13409 4500 42283 635 9276 8594 52027 12529 15825 44461 73273 20556 29686 21851 63383 69940 62898 23902 68039 57452 39536 59308 53999 25384 11651 7189 21426 57989 35884 67289 70818 31778 16794 44890 74131 66840 42464 18131 61405 43025 32779 41362 61249 62200 49816 40579 52516 17858 55452 13447 4814 58236 53594 45883 36953 50432 36453 7737 75483 36746 54063 71455 65702 61490 525 3978 48004 46630 51637 64931 42885 11699 32669 55384 28580 42853 6011 71981 49754 7923 10668 32443 76852 21521 35651 2205 52921 73342 54274 55413 71107 12027 27549 28763 26127 43907 29539 42380 40345 19779 42443 56152 61756 5867 48570 37055 67239 29473 2086 49351 15286 62470 50081 53851 29641 59721 28211 56375 74473 44477 50671 6378 34164 1862 27324 28941 10663 7557 41855 222 70814 5605 34830 51015 58648 51040 51496 10228 24657 62038 71858 36834 45111 29469 42235 33605 50992 13511 20436 46754 43724 61441 30974 65258 3843 10413 45249 42826 40032 25998 41382 58340 3643 21811 48837 35251 72618 75145 58894 55978 18576 23367 32826 31282 4669 15492 54808 35066 40055 11271 68431 12717 56612 44750 58715 21497 22203 51095 5606 39764 52552 71468 49663 15982 10154 41947 43321 31399 37866 67919 18519 30715 73255 25399 19692 73201 69318 69256 25141 74794 60462 54348 42643 9250 74483 9114 67918 13605 48552 6197 1236 33766 5534 242 15947 71646 33789 6068 73450 50954 64914 66342 1893 41637 48624 5766 52860 50670 8158 15207 33904 24779 27106 63561 64836 29057 20473 58839 14863 46747 57742 37786 39112 38846 11013 919 24671 66997 43217 34706 62063 9165 28365 25129 52572 19590 24281 64673 15982 12575 46256 7103 43896 46359 8807 37605 52433 43791 12954 42206 58018 6836 25416 2043 31488 42955 28654 58734 14732 66426 62957 62391 22147 21781 51933 20168 64962 26048 55670 67175 75695 27518 14743 59140 65987 45137 21871 45838 24186 42751 8077 34088 28387 72226 22341 3952 50057 40332 22109 69011 22977 9896 72188 30556 16536 74684 26260 22877 26654 56190 68855 15663 39177 43452 41587 10280 12453 66728 2312 57799 42337 58903 50159 66816 52047 64747 68915 74852 62123 37792 46390 28219 6961 23483 37948 7815 47782 33905 74371 23407 19930 43462 36701 53983 1839 10222 47208 45967 21402 207 60972 4442 22457 52208 47616 30605 39789 18625 38480 73146 54895 57343 62326 71367 62094 7057 51597 11608 70156 14288 76006 49605 44392 21385 6249 65934 15233 61854 15963 70911 67805 63015 49139 6045 53703 55054 41714 76477 64245 53881 41012 38972 68728 15589 7191 58888 10471 60336 11939 7718 19877 70497 14202 62282 69504 17050 20234 7716 60611 33252 32904 16883 55635 50840 3162 66219 76835 39330 10426 14437 68512 41903 23140 35095 55114 1831 9572 27309 14200 63492 46209 69349 68192 75911 1047 73032 25273 76856 33267 51290 46564 37557 5409 73508 64777 47357 25561 66072 17800 57582 14680 18051 21201 62921 21557 632 25987 18736 63946 19911 31146 33745 71335 51564 59538 21860 23022 51759 65423 40493 33520 17098 48633 11705 33145 9387 43299 50415 14464 66664 58903 23032 52851 45147 30140 60361 19556 50153 65527 34780 65006 40631 34548 20875 44584 44391 19864 27710 16842 11728 1690 70799 64347 6841 65435 55000 7355 53977 64159 1448 31026 5344 34962 64566 15857 63392 69200 18527 20427 42575 24789 28625 67244 2121 38553 36166 20464 54368 71829 49207 49437 64393 4664 42772 4537 47093 50385 15509 63158 54306 12803 13290 10449 32782 25228 64317 20118 37106 18263 53836 13233 60568 48273 75852 69018 14860 3797 53440 19999 28219 3806 62718 72169 4798 49633 72382 44032 36197 1236 37302 48243 31723 17454 11420 64157 57573 74330 52433 18420 68647 13304 68974 18303 10340 31948 28507 50390 33895 59618 13383 10213 14465 20345 46842 42687 69417 16883 75644 4617 39547 63398 25265 70146 37091 60277 1688 57326 38567 59880 25844 64332 59425 8086 74908 62694 12563 59717 64641 52302 31801 54839 20497 17576 38688 47054 26205 42558 29274 40577 8312 2753 74593 72867 45456 4866 43909 74789 49624 5104 23887 17906 1480 54452 40135 50546 57272 11937 36606 18357 53333 45560 35801 14156 44885 17376 20367 51856 22922 70109 61402 47444 5869 10005 18224 49959 54783 70646 35028 2993 50223 70861 63861 48238 20074 76949 3423 43786 4269 27760 41283 39184 29908 76867 32070 68224 68320 14105 33109 3345 1786 24427 39767 22929 53334 57690 47402 16530 71409 6033 44244 1778 41879 25170 28468 39170 28752 35954 15773 12655 10785 31101 14609 68210 27121 49537 51794 31205 19442 39074 58715 18377 33411 68837 45566 31123 2516 56178 23328 6794 16564 38948 3028 493 61624 44550 68536 25583 40837 11462 31523 56720 57651 27064 41058 7009 180 17199 12825 8823 72732 6045 18568 25084 27357 24235 20792 64880 39992 23698 71815 7214 8186 26005 70854 45966 37981 59824 13140 36492 24512 43825 45295 72161 13721 50322 51026 21096 41838 32375 24668 2544 21861 62809 24539 43427 74259 150 45834 25019 41287 13747 46766 10222 17863 63958 58402 20918 47678 23782 12587 37815 4929 58162 29635 73578 10390 17085 52521 66980 73211 46406 15261 12663 49976 23729 55732 42929 64892 21289 33000 61416 73643 17119 14717 42572 5091 55913 8077 72075 58867 27178 20487 75337 26971 9038 18163 18602 48015 67670 39449 43941 37878 27445 65764 42247 66464 25190 39155 10488 66804 65573 58562 70442 75439 11009 22015 12284 62104 61187 17174 39432 40757 40730 50624 57372 55263 57617 10568 70662 4659 56168 73006 40877 25786 52688 52247 31760 32436 48328 37237 3180 43232 70313 47007 6706 59731 58409 46920 17228 54747 628 75590 47989 64601 42088 54343 13416 61989 51521 45484 63532 53262 36730 42912 55787 56041 38144 62441 59604 45996 66410 26343 21320 38324 49400 18795 56671 23040 21908 66098 25968 37229 67771 71494 16950 36663 21950 64524 64731 39337 76942 43597 39215 47245 72309 73116 48914 33588 10962 27040 31842 67413 24198 37961 61602 67310 16808 71600 29920 25189 3818 33319 35775 68644 28575 69484 73948 9424 12520 7770 70707 20391 18107 23382 58973 46842 20650 64265 14820 3937 54069 3717 37749 69080 43760 4770 60306 67405 76343 42381 50672 64771 52130 58581 37251 71756 62307 55881 17332 13133 6469 7952 24435 70764 9308 12932 37243 53684 73201 15150 57377 9214 1305 36066 4220 40667 28761 14298 18085 6147 9177 401 38017 57800 28860 67640 69124 40247 56673 59207 22778 76835 56511 67700 33564 73689 45460 49898 2995 36520 20487 59469 52759 21797 29386 74243 65651 2161 3118 24700 41568 70020 3493 6121 8779 15296 36078 6392 22801 4812 5062 72862 13493 10099 54994 17236 16950 25552 65133 65771 25701 47048 73026 71827 62231 40440 42995 70233 42434 33019 74014 12345 33872 29243 2412 68024 21046 69813 62951 9532 8695 62740 71014 4108 8190 60875 73525 52036 41197 27368 64141 67691 30510 8057 23322 26498 25223 31538 64308 57910 3087 59649 55359 16961 70271 33580 72691 53208 3755 15752 2374 12577 23343 33542 17417 70544 33937 18458 11481 840 48592 76720 4289 55633 48922 63386 460 55688 56299 29485 2638 52832 75731 58236 12647 66743 31846 72790 51861 71292 17812 48096 45970 56955 134 70377 9831 27823 48570 5826 33587 38063 32151 26366 7763 44139 3002 59185 67755 19076 2169 34022 23464 51096 17485 7963 5004 64946 47897 54422 23382 63420 35981 61763 6317 43996 13981 51837 43468 4270 10666 22544 21063 33570 25512 44990 19446 27118 76353 15472 39377 69452 35016 72063 65163 48598 18556 59131 37339 20884 72838 62772 49301 60102 27876 57715 12543 62183 69661 68836 40522 48078 71531 981 31785 71340 34715 65105 20136 50654 32761 33565 24886 31091 46426 3658 17418 51899 7230 42232 41055 64581 64521 9558 62403 26712 33050 20874 2296 35862 25154 63087 35536 41458 55049 23292 70459 39501 45311 34542 26718 25885 41337 50851 75273 74527 10507 38004 44387 5769 75373 1190 27951 56916 62526 26234 20914 75836 70791 40903 37426 51548 26562 67807 11159 58186 54737 28404 6874 2637 22090 42028 21606 1580 54032 54833 2433 28125 46761 61391 52496 66557 23743 30183 25317 70371 40816 15365 14787 19118 13998 39724 24953 29916 23000 8285 58307 6968 30396 23724 23219 18113 58905 29226 19040 51778 29911 36325 52035 12983 58546 70057 22196 67055 35025 8039 27149 53766 16741 8119 70473 41431 62036 51791 53549 1861 41975 19316 33232 12313 75357 54149 27313 44335 73839 63285 324 43915 33127 28312 2100 6578 56948 4506 36008 59989 10549 72045 10806 13999 36222 38736 54973 70378 4905 32103 18778 14182 56427 75312 37313 70651 6314 40313 51877 21372 75253 34472 60408 43183 59411 1928 20585 26111 59358 42115 45411 72039 62569 3450 72774 1317 25839 63966 70358 22316 69233 1907 67398 14571 13028 35512 25336 64525 57881 33471 17799 13981 64564 24054 43513 24241 76541 9469 28699 17305 41018 43772 68362 50252 76958 38316 58303 25781 12960 14535 47107 5123 51996 59912 46164 40956 55637 75643 41260 73413 32478 18009 44165 53015 6423 37242 51341 63733 18175 71415 47330 49495 70088 42825 48103 31999 33910 69310 5458 58993 17626 2880 69563 9760 20743 57432 8086 61964 22968 57288 44909 29790 30242 41347 17484 7891 52358 4146 75603 4698 16213 65410 32011 27459 7469 1781 3986 59261 11328 76262 13642 7705 4056 71792 54556 76398 30660 55682 75359 23267 57710 54277 27338 22138 35924 63028 33556 45428 39732 70715 10394 29758 57753 42800 62250 25758 76479 24967 3339 27839 59489 41293 12122 16209 32437 26360 37553 15892 1831 10780 64144 68330 22867 62905 59419 49395 63315 2175 19292 43834 17159 19720 18934 14347 74102 66134 48001 76979 21878 6079 27517 1002 62620 44162 27018 34164 14543 5532 2529 54321 71511 8161 64014 65615 54597 8872 1568 2310 34200 13398 6961 12381 10088 64809 15672 16888 55838 40273 69953 45569 2811 70641 8630 72033 35148 73991 21304 35832 73219 41967 4695 50101 74621 9281 9991 72848 43116 1685 68936 69514 40685 68635 58061 47123 65230 53989 26408 3445 17120 74572 67823 76564 72285 52336 76499 51002 20124 76992 28853 1043 16963 55740 68360 39494 51308 4850 69229 12072 35944 40495 20349 15342 76588 41058 28649 3909 74244 11946 6055 49675 44375 40853 68365 53788 55392 18605 72651 69642 59292 73690 21913 58417 75253 16507 25475 65054 67848 4758 15371 57712 27953 9333 36786 26281 44444 830 50220 57893 60342 35796 58563 26842 9377 18687 27884 27907 8070 51973 74621 19935 41606 24022 54874 56970 17908 44323 47376 13672 28980 14873 8120 26962 15555 47122 41184 10254 14278 4313 53575 36533 13928 70552 9162 27368 62908 63222 67739 74368 50268 32170 23479 12017 34345 75439 45205 20828 22607 66265 1213 53938 556 5706 64123 33949 43224 16081 22559 7733 9290 30472 52402 34124 3435 10735 5862 26915 43389 52942 46296 47811 50155 46134 12698 70769 58676 9403 53423 62275 1991 64552 57823 68984 36192 60992 37282 62457 51411 14884 31252 65762 62682 20629 61423 71085 44081 72799 42673 25342 27392 49947 8455 2448 20331 61224 31981 7179 67525 3558 73707 17097 60124 28292 22374 46343 23488 75693 30043 73754 63767 12538 2145 58703 51202 56306 73362 19558 63970 29500 2240 45098 12523 45484 26205 41868 74893 64242 44685 4896 54738 43005 51498 76801 29930 72487 48221 45601 76169 34054 40612 14439 43696 73212 30407 4353 53578 24459 12255 34903 12663 59640 29478 23321 5952 45764 19520 47562 31158 70251 18262 56425 2980 45240 50050 5344 31424 38122 72343 52416 19698 2174 61028 11392 49049 14141 9126 2471 71027 39649 62113 40095 44406 67763 73319 42357 50375 11090 63975 70263 52481 20128 73154 67227 26967 22093 39568 19125 40710 28234 35897 47648 56804 55214 13333 53879 28848 2382 35010 55536 6560 20228 45549 23367 7523 39330 43529 55805 16877 15136 28894 13599 19442 17780 27753 51773 36728 37402 55106 38276 56739 41992 38290 36562 28161 60035 54381 69697 46951 29131 46374 27864 71727 19367 31149 17578 25399 22090 53919 48447 2174 863 8313 29397 60446 7729 25035 14955 61732 18427 27447 46542 23583 23234 38294 74738 13558 50312 15450 69310 62416 75657 1647 52973 11804 75878 19071 49410 20897 16809 38572 73027 695 25473 1680 67010 5070 43424 28517 58549 2574 13565 16594 76026 23712 39269 4190 8327 72468 53938 61418 67870 38723 60990 17168 58167 51986 57627 50174 67673 54621 41034 73130 58684 65389 62055 8737 912 65990 20641 26981 17995 39790 33994 59789 44912 242 41472 11058 54627 9487 58134 27087 66819 60423 44464 47556 15258 61587 11974 3339 19055 40770 36925 64803 23683 35059 50069 4021 48464 60198 59844 46852 64121 23630 55850 52357 43450 54302 2997 44556 2034 27467 71904 70389 23826 16624 46738 40359 70021 48711 56706 48900 50003 56845 69914 36949 62822 53787 22445 38255 39534 58267 59991 53908 36091 38347 39801 51908 39731 68400 61224 45378 65134 23938 14653 69882 19975 27697 53798 47234 73354 4152 7191 27047 71243 67654 38872 68288 11599 736 50620 19795 38570 57480 34587 57735 56546 30287 3999 8910 32898 70730 21254 4912 69241 46694 27349 1220 65682 13415 33489 74958 18582 33588 71465 14522 32296 47650 2682 7212 29905 69192 66726 41698 27665 29141 42961 73619 45574 3541 66111 58687 55658 1015 4841 32324 53092 56123 42160 33828 23715 50308 1589 21250 59205 6690 53068 71285 28794 59234 14651 51867 65674 46146 522 60493 20497 25899 59067 11841 73590 53539 52055 51924 44983 8946 20359 10632 73594 72041 45571 28701 60633 59775 1814 28163 4669 39111 764 26627 64329 46118 32481 26998 67909 35639 22654 11061 17682 73287 64369 50288 68935 28356 19728 31316 2278 71487 73367 6787 46465 21645 71719 4061 54879 53255 11682 31215 5163 26627 61842 46762 40968 72379 10829 39801 14610 70379 13246 23668 34099 66627 8259 38638 25287 20339 44397 14556 11585 61173 8086 63984 9996 75728 18826 19629 28343 53508 17788 62397 72506 4254 44403 60965 621 25804 72813 21204 44366 28467 12221 4377 54453 37941 26318 63959 12350 76763 20611 15656 45006 72485 65399 42147 48586 49148 7746 4601 34032 36310 18538 62962 5211 20941 25738 68647 63572 65438 38245 21781 59806 3092 48937 72276 6135 37619 21912 71939 30777 24741 67342 34437 63967 30777 61305 22740 75448 9150 66321 73093 68181 55540 29190 68126 27403 37115 52350 38413 26575 3579 38455 2824 53033 47726 19807 66780 1687 41746 73108 35671 50568 16174 46742 35751 18950 17751 14819 66969 34099 69602 28090 63493 29035 25761 8457 52968 46805 52325 48541 36358 29924 4893 16552 17268 40533 61046 6487 34044 52726 60941 8006 64166 36832 49799 66227 45712 6703 8751 32961 44932 48165 50527 3685 14991 27632 13039 27821 70338 51830 31948 33962 56122 69125 6458 44966 64859 42565 26889 19976 23895 41348 17092 38171 56721 63124 44642 63544 25310 12422 57110 11008 16737 23335 62130 11273 47836 6976 696 4154 1776 66264 19318 16303 46289 14750 76726 64654 42757 13743 49149 22032 10415 24633 42322 63651 36560 62262 61129 764 25292 32840 73492 31496 35986 32786 63891 27524 8647 47730 4663 65557 34487 25418 48200 24706 37626 53166 25200 50861 12807 44643 71833 42981 47647 25882 9403 30838 34743 47716 55232 15724 28955 41599 39248 65 10281 63585 50243 8289 40101 50783 7285 28269 8830 1302 62311 33500 36337 31551 74944 23277 9949 11835 63128 73029 6130 67997 29418 9612 32294 13152 69617 33889 11639 51215 52559 53578 13857 1228 16806 25586 34476 70601 39892 43086 53506 69464 1511 34801 32966 17529 55506 6319 35495 54195 18874 33868 20510 67639 24889 72949 40600 63048 4157 33707 11164 18415 61000 10837 66828 12316 20292 34624 28401 40678 36573 57081 22983 53821 36142 26783 16685 72486 87 15733 14702 31008 14650 9588 8149 74189 8958 647 21969 36515 46402 26544 1294 26620 50180 1476 74779 65174 76920 63561 9847 286 33615 40935 13673 76960 6174 20902 66967 62872 59490 27799 65986 75993 58865 37405 39073 75739 47238 74107 50634 62803 17467 3242 32184 21861 9255 31957 32957 35123 9912 21477 52729 59765 53443 58592 69180 36616 9372 73502 12359 75807 4977 47878 5921 17890 61301 3430 8337 7160 34821 47376 18059 30631 54485 12761 48600 30506 4497 70204 14343 61943 56926 65753 67377 64239 64601 15670 73425 13505 26444 69292 61642 14202 47016 31915 45893 59954 25578 75912 72947 57892 35990 11586 46657 356 11530 59009 64227 25190 37161 11176 6792 27629 53083 23577 54137 22774 6575 48153 8902 61571 48198 21336 4867 27325 75021 39508 57640 52462 72644 18954 28696 80 65303 53432 21369 51684 73375 3183 68954 15585 32358 62868 11675 13426 66620 55933 1941 41374 63043 34146 27070 41195 51551 46760 17766 69748 9608 26210 27657 38896 19939 28144 34566 45734 44435 27225 9208 18508 13066 39836 51478 35930 29285 57176 19774 24422 70077 10897 13328 65908 22507 62322 62252 64879 28365 40636 26896 35427 18613 20811 33867 70738 12932 32269 55643 9868 19167 28000 10916 39727 38532 40962 19311 75157 11166 66530 52791 19728 64580 52740 50850 35368 7454 73171 51044 29324 36109 56567 60897 39340 40805 14207 46231 50608 60575 13153 14235 29813 3399 30651 9657 34024 33710 11701 74108 76681 15279 23657 59951 15604 46328 52121 20064 36493 63147 61824 15453 64737 66832 36960 46597 38493 62178 34827 13650 44579 59227 21693 47493 28202 57059 69070 5954 182 58873 28672 58041 33382 13278 47711 16515 24694 67552 44999 40725 68834 63400 67520 54368 23026 70053 74235 41641 57719 36019 48309 51613 73889 54945 40663 48523 3148 72233 3434 2288 58582 71421 2051 74244 46879 71248 11240 12428 34610 18464 11764 40913 67613 31226 33113 2525 29156 72273 29628 4609 48373 46544 65927 20185 17273 26737 21387 74418 6983 751 28185 3058 75994 41587 40852 44690 8535 62008 6970 28488 71097 47738 50613 28259 62864 41593 38078 28345 39122 55844 30626 18781 8629 63771 24697 49753 47392 32640 58483 34854 6354 71242 24886 26187 65572 45111 56258 23986 94 44900 10294 71695 14802 38058 42802 11164 63637 21297 17613 5471 64231 30184 18421 59981 44884 19139 19287 9943 57527 45066 71255 61485 34117 57617 43342 6962 16538 15159 49643 8642 13368 22775 49696 70195 27602 65183 56061 20343 26399 74758 54523 30426 61849 2901 39722 32109 38193 65595 19959 67565 47431 20645 2489 45414 5788 15430 38587 30549 3842 62541 23522 72922 63635 38397 72988 55017 6581 65786 49302 6444 4283 20743 24991 7923 14773 73790 56475 22785 33951 176 16967 28242 57884 4196 3161 14942 14938 51498 73431 70941 37691 27925 24754 45410 55588 28746 15160 51929 30474 39083 63932 19464 21729 2209 2485 3387 74067 30413 24742 43889 39619 24166 12042 11039 59140 52864 43181 19144 36678 49699 49111 63272 48268 29676 39526 69048 17094 11442 46556 2407 71864 50728 56512 47501 39329 46001 63369 17423 56058 67619 30483 13236 14832 3195 4112 67359 51300 3744 24418 41369 2509 58272 55419 44276 61668 22460 74387 17731 32579 45227 60746 19625 66860 56543 62902 25007 14214 23724 62577 20181 27666 45209 70195 54705 57073 75730 18977 24627 16116 72121 23184 73574 33817 19328 50850 51287 69477 10412 54317 24961 66769 55767 73737 8841 74670 63287 71524 57785 48083 67542 72315 43070 57526 75603 38543 56815 5297 31022 28120 38813 48997 68010 44132 40554 22659 47941 11863 24469 32116 19216 9959 11777 4371 29637 2833 45562 18200 47667 26272 3018 1989 45990 33751 58367 45481 17312 45896 65287 30419 31834 45861 23283 7413 47363 10203 56922 228 55063 33007 16851 11011 55523 38040 6575 46901 16552 17528 21086 19903 34322 4992 875 12547 48851 63108 64635 16206 32065 66856 76435 17782 29671 21975 34713 64499 68150 20351 12367 40439 41807 12162 25766 34298 50403 64290 47852 59012 70273 30192 16326 66432 42202 36303 52256 66363 51861 64790 6048 31293 71857 38137 45155 61257 14758 17911 13926 6177 35568 34201 53980 23771 75081 27992 76661 25258 22332 36730 6379 34376 61448 12756 62548 19250 14737 38599 75629 76656 43420 23895 5580 10309 20848 35 39670 52716 28712 13616 71749 54079 35920 48556 67262 61635 60913 54813 48290 37586 6380 21396 54253 16035 5770 64532 15071 28348 61863 8924 11372 16457 9167 46377 11857 19186 48726 9282 75195 13982 38546 13266 70439 57846 55963 60967 69540 33038 53298 65678 60549 58441 22329 19048 73503 23924 16744 2310 11604 58066 55954 33418 37324 49910 33388 29699 18209 8773 69862 35106 60117 53130 74164 13397 1800 50980 72690 1654 41124 8981 72412 61226 11200 29185 36719 49979 28234 11517 44421 34788 66386 19934 63086 19193 63385 9711 55725 29101 36631 33379 10204 9504 43301 23648 10540 71611 31705 48046 62658 71902 24550 49160 6240 71581 4139 59000 32311 40543 53280 42330 4379 60228 19695 59712 56064 61326 62148 63855 8663 19000 9581 47036 10939 51636 26754 47122 13342 19092 1030 66202 69159 66629 75287 57834 74643 30423 13377 64326 18299 26568 42372 52691 46921 45344 48876 1308 60397 2859 41315 69887 36058 25628 31328 31267 38370 76269 10911 72057 67696 19455 60647 18462 33684 18103 30392 22532 37917 6753 70091 22464 72664 26481 28050 70924 57820 69921 71113 27649 38958 24172 62707 48470 11935 12313 47127 43640 9220 8733 37631 63310 57940 5696 1519 21619 35976 22372 8308 74900 64640 46180 29365 12612 4462 40748 53601 54962 64658 13780 8875 71340 18919 46146 2382 6926 46610 23933 32904 18830 29461 61727 41784 41010 46213 71562 52872 29059 63995 69649 47024 5867 72921 3717 44471 20767 66993 75606 17355 35274 21715 49475 25147 73332 13937 37587 38989 64580 58100 54982 19586 68999 12424 66318 2798 56685 39765 73594 38811 7273 20320 29613 26704 60827 52062 31462 69327 56978 42562 3451 10988 20508 18798 27984 48777 12511 38724 29155 71189 67783 43453 12400 20647 7916 45784 42983 58180 55127 61493 21388 41384 45405 40630 30198 47270 240 4672 69274 11294 54117 61228 61791 71719 29250 55062 58442 57053 39533 7877 50028 55850 23553 69931 58246 73292 24716 50046 65165 12759 71345 12741 17022 59293 36166 46883 1900 75730 39551 53149 8620 65447 21502 52386 73491 66338 2851 16503 55336 63873 66680 64531 54933 27060 22646 53298 50524 41988 19194 44242 46025 31709 634 42656 61482 49928 101 40149 13046 38509 6060 49163 12539 38189 8040 58013 64816 20053 20776 33896 55939 63156 40265 12890 34925 28437 14643 38582 6238 13078 23317 6314 9844 35763 74024 50619 18398 17365 41081 51967 24181 28277 7187 61684 54669 38545 791 41317 10160 17791 44790 19958 12643 16118 51576 26180 36060 11275 33869 35295 69138 45061 56054 48072 56017 16935 59845 54870 16036 46450 75330 51156 71737 25537 47210 68322 47656 60629 30710 63471 215 54738 68338 69616 66864 55579 72441 56187 8223 57478 54735 49398 61129 27494 63520 36284 17654 7941 76822 31930 10767 60543 66966 16555 14209 32442 72296 67568 39047 32392 7134 42255 76490 20909 10176 8871 46936 66221 51634 47417 51146 9302 56169 54117 45432 49997 13040 3033 21517 71105 34615 1120 23082 67999 65910 58035 13180 5109 58503 71274 66575 42221 20839 33335 42086 67425 28523 25869 12880 1590 4502 42456 69373 23953 63098 22837 53158 7265 57250 33181 17844 43122 49433 53672 19976 24211 30490 38311 3910 17993 34307 6431 6905 49735 25343 32551 21293 1533 39503 17778 41971 32164 57833 63923 49695 17757 2652 21333 1985 21964 15507 73822 4787 33898 72635 76634 33371 23020 32638 38602 71320 39747 71246 36811 38756 22143 14283 52466 51872 58451 76544 16933 28582 68031 70014 64959 26229 8675 9193 66759 34598 74625 19297 4772 16680 30302 38591 68738 42625 59968 5066 29233 8742 66882 36985 12432 28687 36132 33579 55981 47830 18666 27147 62451 75559 57526 2842 75687 29597 6016 64113 7664 66069 40408 14208 24500 1873 18926 38180 51309 42194 42008 18033 37357 68683 5671 36837 7152 19117 18590 33717 7617 16110 6628 57219 54285 71271 24121 66740 33525 73955 25457 15569 69267 19407 74284 35171 69474 31395 75172 41746 31793 40175 54567 431 42374 29271 70134 73064 11063 29651 13533 38853 73233 60484 33630 34012 49175 50263 31676 39821 64955 41479 30135 57104 45858 8618 68354 4951 50027 48378 76090 26375 62830 52917 74690 13550 73515 61702 48736 1843 60070 30660 3803 50900 21175 40382 67516 58729 60978 50459 34616 48280 25227 5073 19369 24738 11064 44591 65621 41118 16907 68242 26676 57532 3373 39282 60784 5282 40874 32705 9019 20014 37181 20953 13053 44630 20012 40404 19764 52944 74476 69557 39327 34193 72584 3461 55416 61753 43690 58937 67037 31172 2685 38143 9209 31753 71848 72847 18288 12408 24642 34415 28468 20418 4670 32507 49266 66844 23230 52608 67006 36953 55049 22830 24822 12928 25842 46650 31595 30066 68880 31788 43893 15797 59517 9853 76931 67168 23923 43202 61884 65482 8631 12290 42506 6798 53823 20042 49168 25449 74435 31512 2129 54780 65461 1493 43509 1908 43857 65183 19965 32661 21315 48602 69176 23042 68782 65320 23338 71615 11360 31487 26292 70751 55726 16817 8474 36215 58976 33064 51158 9727 43731 73948 33705 62307 56079 19889 54154 55371 65846 18640 8752 55764 3250 16274 3205 32734 34127 18258 10108 66412 52849 41168 53121 65006 17085 21941 8811 616 64003 58569 28989 27405 4378 48990 25147 9355 54615 6340 54874 21512 34662 42219 29565 65621 34268 64598 68982 50825 64138 74813 1695 10478 15063 75225 76601 56571 43770 30 4816 75591 63671 38567 66882 65774 47475 57538 75458 9677 35522 22254 574 41796 22954 61149 36568 64591 67458 52298 53892 27791 12611 53209 16484 11686 1187 65812 41822 12137 1273 47027 41092 61772 28007 2799 5551 66031 53297 31237 75851 45832 48679 40651 30079 5699 33136 37988 5016 64948 31494 39181 62838 42147 74940 55185 4861 70183 33345 3334 5928 9337 69336 34776 70349 50956 63778 36976 52990 63725 26822 60360 6782 67676 55840 52654 7218 3303 58127 7891 1557 50809 48198 11857 66098 39792 53359 40884 2689 38663 54845 76508 50455 62680 42753 67985 2311 11406 472 51417 70961 11200 44595 50091 63665 33929 23020 69297 18054 56968 10973 37207 11838 31706 69750 48648 45222 19940 19226 40208 13476 47717 2858 14448 67053 10134 38065 44072 32876 36951 17362 6650 42542 66314 45237 62076 2675 13992 33063 36394 25764 50241 31478 65010 39277 47904 6406 29182 31943 34093 2850 17014 51790 38976 3872 74676 17715 1223 22091 1780 29694 41839 64773 64556 46943 61194 26654 6721 24755 75965 75647 17002 37520 70674 32529 49945 64367 17213 37699 211 57326 71627 71054 21078 2552 7583 7604 63143 10563 20453 41938 73499 62883 46109 7660 5722 69053 13544 48519 46877 36550 70790 17745 43393 7106 34279 29735 44890 33718 9127 13442 7526 34611 17249 37719 65411 17166 75950 70850 41281 23284 45741 22105 55903 52041 42106 4632 41538 63760 31425 40344 64143 76977 70330 41803 46740 20502 73892 41051 24269 38673 72490 45627 22930 13696 41817 15851 24912 36291 48835 56300 15658 13044 68371 46217 60662 26181 7586 21456 45071 37013 19588 12174 32036 65136 30602 35861 69637 46975 62120 70033 70317 34012 6854 14630 31480 22433 43836 19715 41611 75051 72903 22641 65704 5998 58816 48190 7717 3374 10900 66230 11938 40242 41522 14422 72852 13346 27764 65767 19527 38928 791 25173 24840 1773 54670 66714 31166 61152 24875 54852 74899 20725 36973 13810 9973 70749 27111 70728 34153 27859 36464 20299 13901 33263 25181 31558 51982 73005 22672 23242 49266 7961 19480 6293 75712 40668 50918 39341 22582 53838 40233 18473 4892 25392 38584 2859 36455 14336 33624 57518 51646 23398 55601 30759 28633 30545 60567 57031 65449 4940 67958 32854 72354 834 49388 20352 35625 43446 2317 21153 64550 896 50153 19024 29292 66718 55850 26486 20912 66811 41277 14983 41257 15498 44128 75332 14419 23400 63297 32029 59898 33016 36590 54828 67732 49493 42467 40190 47435 56790 54276 54757 72355 38963 25748 75212 26124 36550 34413 3059 42068 2940 53812 687 52935 44192 22170 8093 60586 57787 62310 26405 55697 8991 28230 10690 49230 10591 74255 48536 15653 8899 23423 76919 20959 54189 67460 46251 52813 26001 76719 37205 75209 74356 18330 61697 54749 5315 30498 75613 62451 73021 30144 26514 2797 50518 68056 58520 34362 42996 73727 64696 21746 13495 54638 36705 48884 31950 30421 74855 71877 39041 30234 66094 40991 44190 35178 49328 1410 37583 16731 58781 60807 52188 33265 21897 19035 25159 19669 64464 57936 61732 22864 31833 48718 7478 31244 21915 30908 28721 60025 18245 37928 26926 12791 31975 4208 30060 76417 69123 31255 29401 14233 25508 19678 2122 33091 59049 804 56053 44179 56151 6528 12637 11816 63722 29324 70973 14441 37676 711 8196 63908 24492 44294 5840 3588 62375 44560 39118 32610 66449 24542 69091 4972 31225 51291 21399 28342 48625 50639 4929 38447 1030 58323 37962 68180 45546 24587 37621 70904 75251 62440 58553 53094 72837 63121 40065 24502 66639 57620 69271 33463 28714 54904 9187 20263 73312 59922 31914 71505 62949 19952 32292 76742 23010 76412 1451 39518 27993 32119 62629 7307 34721 60983 17301 4702 21473 34130 23534 63065 45977 54547 3119 2200 42347 6806 38407 59198 45882 30676 30375 25713 28409 46221 38636 16035 50363 60518 62137 55638 55969 46487 22520 8800 66446 52596 66035 71842 60271 60457 38840 24514 32837 41121 58955 6322 44838 53220 17846 43327 72591 32538 35546 55209 22196 52087 60435 32413 71981 51394 21853 42720 66321 53882 74773 6311 23256 5209 51963 120 10089 2694 28419 3603 51645 19222 37546 44751 21586 54460 35059 12709 63761 9296 35881 29247 39080 69876 24958 36423 61616 73810 21286 52106 18094 2293 60836 48198 32837 67810 3701 72619 44765 38577 48612 44822 33132 71693 59334 53016 58277 61105 19073 10246 27464 44847 65538 6188 74277 55471 36658 63402 15161 2147 11338 50650 35545 9975 25218 43964 17376 16577 63742 66492 52108 33325 31948 68628 47213 18073 70557 52440 9540 44757 23200 31782 43421 48349 44224 53104 75472 9364 63381 36377 73845 65052 18402 56683 37652 54407 41308 39263 30052 74149 22057 27162 229 21442 5919 24933 75447 62802 4313 33943 76689 4802 48852 49421 27415 75471 2737 10529 33935 72981 589 56224 20005 53144 44851 73994 72564 57631 12231 14157 27665 51368 38892 6836 1561 45904 20386 43396 29482 20773 11859 71196 61133 70686 43995 6971 47217 67812 65297 69049 43809 62287 3216 953 48000 58481 62605 46580 39554 57601 27927 18570 40032 17109 7395 41763 1267 45676 44613 28386 17724 11224 71403 28537 51786 13486 60690 22900 47590 53 28674 17263 75164 67399 61746 55753 68962 59544 32794 3914 53481 39125 37414 7199 41762 53436 74333 14059 4002 12591 74742 21423 21282 75746 32621 44610 63675 15386 60934 7845 39873 58319 68451 52730 29663 30785 57336 31381 44563 43339 8677 5082 33352 48791 17895 51388 73773 13324 11230 22465 66081 40207 8168 4809 12276 18152 73204 19923 22733 28747 37090 39804 69241 65531 72151 7333 39780 35518 19677 13649 52412 68032 60984 56492 22305 69363 20884 27239 6269 70865 63746 29943 20341 14965 73060 65505 10556 47629 56796 11194 53083 10061 60064 69321 362 37621 59900 3192 67889 52398 61874 56585 49530 7872 41955 47496 43249 24031 38074 59934 12660 28959 43975 22099 19860 49465 36359 11111 20356 5379 50320 35150 32995 23302 51195 868 41465 13253 22620 67270 6152 56537 68987 48415 5107 36102 27539 30885 44149 21224 55026 62362 62559 18894 76342 25529 29314 12558 71508 20022 51924 1661 72344 12419 42232 76879 59404 38733 57918 56528 48228 71767 24928 4307 64347 58954 7882 47032 34125 75045 34858 62591 13388 23200 67164 8299 7407 27081 60713 20476 4640 30931 41828 37455 45496 58180 39367 69145 17640 24671 26451 44017 50121 39053 29030 61833 7406 64765 59464 71447 53089 74831 10088 62040 28798 23679 68333 75714 37479 33574 55928 72932 45664 50568 32048 41479 49627 56638 47614 33308 71384 17772 51186 45633 20254 6360 16192 76439 64683 24640 68907 47427 41854 23342 2573 74963 15297 56210 51920 11571 7882 52632 72736 384 45320 50873 68182 32179 26843 27427 23961 63688 25348 76096 50704 24888 10279 27156 58263 34238 4856 30059 36919 1506 41049 5702 16121 7285 59832 29831 19310 54302 52656 48129 16756 39643 27133 46728 29670 32812 4345 65731 62708 19557 39071 25781 6521 26083 34817 26328 16853 44263 74300 60517 73226 67850 17136 25621 11550 6693 59765 67723 74811 15352 54649 33471 43064 13043 48370 51737 53529 63410 4081 20168 7455 20034 29483 3078 72653 6596 33584 34966 3403 18548 1868 46074 26361 70239 72325 45517 16908 53550 22169 41761 61275 41024 22029 18251 21044 41599 71709 15391 45772 60158 5580 57550 25850 21135 13785 41506 60788 63594 73194 75922 6897 19573 60529 70299 36527 31185 35436 32669 66303 66828 44524 69133 36799 69073 43701 54047 1459 4584 53713 76815 68629 21134 25652 61814 20564 1629 38383 31120 3177 60205 27386 32590 10965 19951 30774 9428 21031 35799 49714 57741 15872 55917 65947 11144 16818 2836 59265 14946 72415 15531 29186 30145 42955 24922 30501 57604 940 35523 35594 53093 76512 13912 116 46730 2528 7748 33792 6107 3623 13513 20419 40048 63901 3400 33830 15665 70810 73985 39180 63613 58042 59108 53844 59943 19031 7499 47122 2104 16748 22835 29132 23918 47480 56351 37541 22792 3535 26473 31794 51422 76014 48703 32058 16719 73233 69745 19153 24410 10406 46128 62087 25676 14594 7404 38673 26028 25939 51225 52991 54623 56837 72690 37398 44071 48572 16679 55000 65878 60644 39042 53109 24880 39002 8013 59887 22653 69037 20126 70794 33570 44926 20605 10247 37647 22313 70747 49087 50634 51598 53932 33117 37059 44604 23666 35407 32217 41973 70976 17878 57820 59180 930 35117 53678 36413 3119 74606 48499 29543 56714 40921 59198 5729 913 12742 27564 20586 36049 8234 10446 56026 15412 18538 8579 9200 3408 40488 15959 68675 257 37043 22852 22529 73209 64321 56060 42031 49906 15411 9066 7483 61343 54535 52535 70622 28985 61781 48716 45601 13435 39965 67549 72474 14237 13178 27948 51801 30676 922 33712 681 3244 3871 67599 14667 60985 54188 25984 73227 57588 1620 31176 6619 64820 13497 35387 75458 66894 15011 767 25175 9615 13153 12080 11783 74149 75285 34980 46309 9759 36119 802 66803 57599 70629 60612 57839 49216 32407 37663 44138 31645 52627 55905 6400 25187 15450 73608 21787 6532 31571 32856 34336 36373 68679 6179 74302 37656 47595 73880 50893 38552 20345 52358 54056 17862 67236 23604 7098 29588 41450 48226 7320 48253 25784 55371 21048 60919 57426 26627 73981 41856 31348 67692 57285 56549 50933 56797 6172 31810 23291 67573 622 70614 9988 2796 7487 58510 31770 21540 70198 19584 52924 40173 71553 15454 7226 31363 8252 23729 42802 37140 55605 986 4886 19632 59632 52249 61582 10462 70873 34705 69024 40403 19284 55093 70566 65332 59276 67233 69639 40810 14291 11773 68853 68186 43724 32814 1733 32138 61346 23637 65123 31156 73710 1443 38043 62006 68859 19234 44779 41003 52395 72589 65833 38018 72701 52742 46262 68458 65791 17456 3334 29610 48693 23258 69081 22808 46262 73950 1766 60011 1634 26258 7407 15212 21271 29423 45990 75896 6951 14548 19639 8434 74183 21455 44740 37353 44743 69411 67735 17539 65878 39408 44123 41913 47898 33383 2786 65799 69935 70970 39214 66428 14326 36220 16659 46983 74313 41264 6201 58611 4959 55001 65258 2594 66923 41961 25919 49521 35716 39315 19812 20911 64460 55970 54590 13812 16898 40782 41465 64325 4492 66055 76780 54938 20233 3742 65227 144 55905 1127 15152 28188 31269 16041 9831 45540 36972 75967 55451 52150 67793 43195 38021 8929 35782 46295 69290 60176 6784 2457 63607 45386 52090 58846 4129 2962 22321 36610 20345 26047 37337 73210 42517 55782 47775 16110 46438 41309 50375 34895 285 76118 19537 36590 65992 52590 56167 41893 52448 51944 28742 10754 45569 39301 37437 57433 68362 73314 39960 38340 62102 61470 40129 5165 53601 933 42751 16323 29592 50770 11470 32267 75152 38155 19045 23001 25494 65634 18900 53505 56096 37766 50699 7231 11992 5907 57625 75017 4762 40327 49968 57390 52750 28280 49346 5179 70562 26330 59818 60165 72248 43957 11269 46335 55255 23746 38820 18670 48295 26640 52611 24914 62928 68615 19091 11698 25053 32071 61277 33060 49348 76438 30302 7057 55488 69885 22314 12167 24575 8602 52132 7660 5753 28110 26219 29091 18531 39213 1232 40284 64922 42398 50024 58302 24417 14375 14474 36844 2801 29114 53328 57587 16947 4759 74728 64717 72195 5327 56018 74283 25140 17643 40722 16619 42073 68599 18483 62010 43283 55052 28380 46387 21785 72606 71403 65523 31980 13633 19976 38971 63236 701 55123 48460 37807 26322 34468 43090 41876 38567 33388 4261 38556 33738 68043 48438 54145 21774 37455 11396 53192 35440 28972 18439 18382 68822 50369 38749 22920 7780 35566 28655 69044 26881 3276 21778 43100 6815 45836 74654 41626 38130 76899 37088 18983 41544 50024 40633 7407 69855 46053 63687 39505 33318 68816 39582 64472 29482 925 6886 49022 38414 829 11389 16965 60033 4211 18295 52028 6644 56262 70080 12490 21984 69530 65317 57777 72822 26187 53631 15856 40391 48960 36813 26253 1439 61555 40032 48183 41737 29452 72965 42426 75030 71283 72794 25580 22559 63288 4391 31455 14409 56763 23243 48432 43498 70231 24674 8312 24523 35127 75881 41774 68150 7658 69568 32164 64140 20690 51798 8372 8495 30093 16347 40701 26602 56467 35425 57874 75144 66744 57446 72418 70522 7646 54434 76813 7232 24768 46505 2511 7939 76548 27238 61401 59265 5809 6887 13267 31808 1059 10051 50206 47518 41118 52151 34610 76488 14219 67251 63256 66230 15884 63888 14142 11682 34119 74936 45595 54573 24706 46080 64559 43539 6684 64049 49929 64392 7684 9514 49196 38215 56516 15399 43372 304 18047 30424 32710 66891 13053 48267 52602 57780 53727 74694 75811 31471 3025 61836 38094 48258 2633 40694 73440 3507 8389 15517 72436 22548 50785 74791 45947 35897 72394 73488 24020 53958 47568 40494 63666 2815 4022 47915 61004 39378 76347 10422 67991 44600 42795 66210 63027 76045 46505 69649 37224 72172 6787 64414 58916 48962 19970 54447 10766 21899 39125 4870 59255 40006 38887 43903 51997 31377 71805 13958 67584 13675 70446 65168 67170 8465 37944 21312 75953 45674 27494 66609 60547 47235 19545 16103 68804 24446 19273 58279 21480 19354 63791 2319 16387 17216 28406 19162 32718 10539 47593 54261 22621 23231 74390 37792 66538 15477 16180 45049 19397 18739 44734 45292 5656 37500 13913 19148 21769 65679 48083 10672 11238 60766 23957 2095 62745 34880 44719 52242 32104 58579 61533 21474 25905 65567 44855 10185 57941 23221 41183 39306 29584 23260 64476 7643 55988 28774 47152 20285 59726 20145 76138 19400 23354 48410 27964 51303 21675 40258 58931 36648 68351 27121 52651 36365 13683 14362 63818 30215 57301 1751 53124 37450 25976 15615 45491 15688 8242 17897 25234 67317 43801 64696 66609 5957 13092 59663 21199 5047 30166 8137 4331 59121 60833 3997 16392 2494 43344 7005 26826 15646 67606 66843 3836 35923 16793 17140 38962 64825 3547 3705 36831 66851 44130 36806 12606 2550 21091 24141 15054 45523 70101 25598 48568 25917 18530 31072 47243 14066 8200 11546 5409 71641 9757 7102 27497 73021 61539 18363 24724 26072 43884 43822 65406 573 74366 60440 54406 47768 11574 47879 41563 27973 46264 65673 59771 35604 18570 52804 65962 15630 59371 34841 35373 74404 75619 37449 221 55362 27337 50198 8358 45745 30207 22419 23030 32074 30759 42342 72822 20725 22506 66802 72476 64435 76872 16493 62691 11736 37934 38063 58464 12572 59411 25333 10378 10366 70885 71816 67229 27510 33397 33661 50196 62995 60020 26759 60454 21765 22976 69686 2028 47851 49363 36146 37510 56471 28372 53134 64978 30584 7845 55188 8044 17011 56604 16594 72812 651 74642 28534 15415 29520 35654 25383 6701 20929 20494 73498 52689 75437 6155 42847 38593 37396 23988 25005 41816 35350 70688 56840 37699 60384 18849 61421 41437 38934 3026 73739 60086 37544 43581 62315 2823 50835 59460 33280 66066 51215 21145 47853 42877 34260 53277 19701 14531 9276 13637 43296 27876 48298 57103 8811 17455 25611 6222 20679 64374 57684 38232 70065 16540 5403 65447 16864 35908 19979 69683 64186 17345 72857 59213 20962 76320 67388 10271 23496 22772 52250 19754 76720 53132 34052 5612 27473 55178 36147 9551 19546 44605 76624 13926 37927 8774 33814 45888 58291 40472 52865 58064 72020 46467 73982 432 17146 32464 73361 16901 20014 23251 54665 39443 71493 7075 44238 15320 74750 43808 59547 1163 13972 73945 33065 7871 36856 7462 41075 58800 59881 24618 41677 49958 4669 57082 26870 5731 65518 45575 8519 28220 56621 23444 7236 71847 35389 13712 10233 65166 59132 143 70577 32309 51678 20569 54313 15529 33380 20297 53642 42901 40171 23685 58966 5246 16134 42896 53014 13989 13801 15252 62746 41274 42120 70023 36519 20632 42240 51909 16043 16772 47487 56867 5164 23002 14025 18979 27954 73104 58548 22990 31195 21361 54606 54718 7756 10009 42425 32359 67246 44789 55 251 76118 62969 55604 56964 49472 76865 48254 51130 9810 9178 36841 38240 68453 18789 76258 30616 8681 60282 31989 25940 27855 27392 49212 6704 19447 71476 17725 74820 15966 38637 58734 29221 34173 64575 68730 65046 33085 37217 16338 38602 40551 39201 5890 53252 59697 33049 35575 55804 22334 61175 45812 69131 61415 9586 42968 41089 15698 48087 17900 66265 47484 31108 5452 52758 24195 5334 52399 47618 48906 72087 29315 47114 24427 3573 61924 39733 1410 20368 27620 4556 27433 45526 23117 1789 68046 53447 48920 17122 4695 39030 38072 58148 16065 54183 25323 68936 20640 14245 40166 48486 5679 68507 9258 6835 76606 30478 57358 17587 21322 47289 11164 10449 4603 55848 11022 47887 5306 74457 57108 16005 60198 5120 16438 46279 65896 13484 63173 51853 55227 4937 61788 40895 22582 42680 37749 417 46284 31691 3070 35952 38437 23146 56477 11791 47920 34884 49973 65072 18589 4998 9288 47734 42658 58108 30222 69147 39325 75431 75591 22745 52333 31245 1540 65300 11021 74849 6948 26558 14021 9055 33672 31417 76488 61609 31516 42289 14040 47538 19679 12014 28851 32057 35930 37521 39096 34777 70677 7591 19271 60318 61287 31495 69863 39831 6820 52681 16226 36677 65190 72158 12801 16321 70245 27672 60788 11702 17758 71282 23981 63641 58471 57077 5519 41265 68553 28890 4501 11797 39229 23731 73914 13520 59668 37346 60011 72450 26901 74425 62798 29276 73468 52266 7585 59956 75783 7655 31909 31498 14064 64857 17027 39558 22196 40797 4332 50099 43849 40204 58366 35462 35897 18497 5662 18711 55468 47698 5866 65658 44071 2517 76678 54390 60293 49913 3438 39828 10465 17558 35083 41906 13373 52949 60336 66953 575 48305 71281 40260 55281 19878 16051 5925 72964 23492 10292 5828 72415 26376 22968 51221 17644 68236 4787 71226 4478 12439 30307 18981 15944 20781 24086 13836 57204 19535 11101 21241 47603 67655 60812 70837 76896 66353 14848 61017 127 8888 42127 7388 25177 8566 36112 74584 14117 66743 56087 7860 69497 16907 66003 69048 44692 64318 48850 6551 2260 40091 66013 16922 38093 38070 7461 53463 27516 21102 12123 58099 22301 60338 21378 37259 29587 66820 23204 28231 30636 13085 9504 40887 35351 52932 29489 66529 33781 74713 49600 12810 66043 25954 17072 40673 70939 73447 62311 541 42303 39988 50681 71484 43351 55229 13236 69070 47163 30671 13168 20871 60278 10309 10381 25471 61306 38421 6298 1752 18064 9567 27805 61886 48151 64703 33946 70182 37120 11948 39004 74988 10497 20267 18386 29392 27597 6632 53863 25605 2463 63134 24601 64602 67557 38582 8951 48327 2592 72260 5956 34197 62043 59004 20693 21979 63000 14733 70987 71778 60553 169 64406 69186 67048 43439 3682 52669 50703 48819 68123 54244 51557 67288 8105 41361 37911 45671 10498 37408 15066 51731 26791 25504 34454 18606 57079 28194 33926 15540 42456 61576 7031 10430 39013 47107 2325 72770 73022 72428 52953 59 71876 1956 53573 28568 52680 54818 67038 13691 17926 45211 68921 48761 28640 37138 50780 49385 19401 74430 72116 33508 50930 56627 53036 48568 29534 63707 18818 47757 13677 65350 6460 15780 74582 16214 70649 41294 63511 74726 75538 50378 66411 23984 44069 49947 13927 4772 2458 48895 40245 70304 7615 64367 11713 58734 36785 73205 17035 34422 2454 12440 59278 62661 76089 13325 45481 53775 43528 76974 4583 26787 73121 7595 49647 9266 66440 38072 71370 31924 64439 56095 4761 34246 56976 26226 62221 76487 38201 63188 36951 55597 25395 65768 15672 51821 47735 2991 38867 47892 58119 76824 23948 40061 74663 70924 48116 8688 70400 52638 1521 71230 54846 21980 67684 20075 69358 67798 42874 140 1018 2781 42789 7106 16781 53011 41136 44148 58000 48631 36582 50954 75356 60775 68319 24490 69942 72122 8264 53368 58979 18732 58993 63646 56469 14611 11184 11185 70707 65178 36455 76704 14988 41323 6846 61859 66111 37518 62353 43661 38324 63343 22553 65727 30425 27811 15040 29400 46869 38394 67012 12319 8362 37900 70877 22595 46513 47488 40102 2303 12770 13409 3896 62520 70017 37671 45887 21483 57206 12599 41820 31707 51685 33897 15154 40616 46620 68108 64717 49449 53683 22913 36162 67284 6546 31178 73842 21947 17503 63411 36156 40438 70443 7286 45815 40513 34040 35601 11609 17866 31527 16620 65981 1404 43898 63653 59771 41047 10140 61715 32802 40949 59683 71682 38981 27159 26664 60534 1792 102 2656 7667 34463 12596 41928 68229 33659 15272 64040 1051 55841 125 11377 32329 70404 53783 21238 29980 6188 62354 76827 37825 15822 65520 75173 28199 33093 7755 35557 29925 29557 25376 13762 8492 73711 64179 66609 6032 25449 66162 9041 48082 67132 50815 73690 53093 65055 12058 26623 70539 33000 53691 52757 15772 21818 27544 42076 38322 43347 55564 68213 51488 36762 22158 17860 15441 10503 692 51306 34624 47114 50224 65202 15989 17790 33102 8201 75044 63858 10555 29223 47182 50152 2266 50972 6483 53360 63016 12719 20384 73894 67050 8957 33781 48654 52610 48912 22091 41758 38548 48248 41757 43278 8936 43402 50058 49767 73824 23001 70173 52972 59598 63308 62072 59439 44124 43404 38610 30523 64968 29851 43474 28421 57584 21182 2531 70453 55321 24830 33284 40748 3654 20293 30829 43579 61544 54682 36013 16454 13386 8984 22753 69455 33721 3215 39034 73579 39737 14854 44728 29055 25074 44782 57598 57485 5063 22869 29245 17926 56474 39117 66309 18254 37038 51173 39149 51739 10107 65066 33598 47907 26485 18046 72092 55886 36580 31232 58133 58253 44675 53698 12284 49504 400 1002 40429 6373 57766 58479 8418 47060 76843 63667 4823 1078 11882 590 42811 66606 38717 8279 17860 26591 8098 52969 60957 62945 74282 28103 76897 25198 17246 41655 64279 59851 13546 58222 17145 74366 26607 47427 8964 10975 20710 71174 56468 54240 72101 18123 11236 32828 17163 1694 56941 37601 45032 25557 852 15851 39664 13917 62099 50616 72087 29064 42207 62317 58980 41920 43230 13791 65288 16314 41542 50035 2627 24807 26165 2265 10356 21931 38593 55770 13289 48157 22367 46410 23433 20550 3861 76103 51803 50781 23333 48341 36853 26048 7184 76732 66584 48763 14906 5109 58820 72811 66601 16877 48880 64839 63752 67172 10694 13441 62931 20318 15133 41992 64635 59282 53214 41029 17162 46756 26771 33605 74257 29583 50959 50659 3 6090 75754 25116 25869 49991 10023 18209 4915 52003 65854 30353 772 58468 57617 22735 72713 70889 27855 8890 56478 3620 60848 8929 26891 42530 52034 60779 25326 23638 76107 63277 69401 29385 46485 62574 47157 42296 52265 14673 49906 65801 60496 53413 32127 29850 48599 70550 62209 2051 71119 6218 74496 20446 24138 36425 43252 51197 21201 55631 10443 64276 22690 58176 22419 67043 19304 37892 27028 48711 49847 28719 33403 61042 54153 45975 59959 75602 43042 43956 12074 5984 73881 48981 67201 3625 54877 44026 10554 50620 56239 61566 54253 56536 73954 315 48330 57944 39594 35743 10668 10760 34781 2138 30869 55965 17411 47391 43389 6326 3925 17851 57074 57177 65931 10025 17756 13611 34112 3563 6161 74978 937 4328 12169 17316 50212 35307 34578 40659 40640 58483 48678 68485 52798 34582 47488 40729 32813 30334 26691 67936 69440 65560 1713 1108 38466 58989 54286 45435 35052 28899 38137 14112 63769 42518 72288 37179 576 55015 73933 2224 68411 14470 18714 72747 51423 44932 41138 47535 23810 31861 25958 25768 2086 75826 75379 42700 64013 68428 33791 33347 61555 30174 74790 75701 19415 51691 20529 5408 303 29898 23025 30355 64509 32566 49997 34922 357 2459 59075 32825 60426 76107 51706 33925 21092 60104 43783 22941 22110 482 27628 21662 31604 37587 9167 10975 1953 23052 44682 56014 36827 58029 10115 69857 47511 62267 12661 4483 76577 48886 64480 34932 69235 3459 11213 17027 41013 39741 31464 67281 14820 67876 20647 68463 62786 53543 64892 57819 66643 42461 490 33254 10892 36483 30907 74994 32978 3970 52557 43073 26230 13884 30309 58964 29545 46048 57867 68725 56086 56105 42535 64329 4953 67193 4884 74469 24293 24345 60845 49244 73478 6615 22150 27362 68249 75077 29564 31200 25770 47143 15641 72928 35875 55165 71873 76767 63912 35678 28565 12619 8487 40944 73829 17810 74171 47924 73331 1236 38544 49862 33299 66597 4714 25369 67090 23898 60586 22226 22783 10577 76163 26129 11556 47292 2523 55498 25198 73231 22006 60828 45840 8606 21191 10846 61331 1915 45954 32546 60836 65775 37815 3939 7936 37700 7522 14595 76931 6232 56919 4789 20016 30682 62269 28698 24308 63532 76835 63859 811 17645 73888 3170 15844 30450 63256 67216 12740 76907 28514 45614 41872 38405 4478 34125 39374 44171 35999 18246 38618 29276 61472 14990 24943 31431 3195 42981 38953 26576 40929 70881 14653 2300 768 3165 18879 38349 31017 59989 67783 748 32259 68036 6070 40443 71527 67827 56757 65840 160 12555 25756 5017 5023 18510 32055 5302 56597 68105 47509 69533 76186 13460 7926 66206 54968 44154 3341 30335 5881 20917 62470 64756 25919 30151 63043 76053 18981 4649 21558 32114 32680 27271 2689 58443 36896 24115 16443 38205 24792 71973 4972 54674 61521 53555 45880 22159 27790 16014 57470 54725 40093 54666 38172 70236 33926 6889 5533 68780 11384 62238 14861 50961 74616 50654 27848 57275 55952 67801 54420 17882 9536 26856 73307 62347 49741 72240 71371 65461 29858 71617 65097 3700 1826 41799 40268 70060 48421 6534 76348 43453 38676 44822 10510 7853 18560 48270 46872 75934 42115 64456 60118 39963 11201 61096 9000 43637 27245 21928 67378 43400 15050 18233 70747 70951 47470 33074 41633 52667 64519 70811 7047 19852 50422 66931 34890 45388 76818 44852 40138 6264 24352 67419 47210 26562 15848 56055 55283 36005 30249 76262 7400 3084 68053 72074 7674 644 73246 71071 56828 4213 41265 58410 20247 67734 29960 5269 27573 1935 16956 54186 57230 44373 38409 70626 19505 67038 24123 17170 7338 71386 34608 52519 19716 58128 7127 43369 8148 40146 67100 16429 21179 76639 28295 42943 11740 22973 9825 26056 64196 47722 48584 1650 9219 75738 26693 63929 53232 26134 30113 34965 14796 47517 20557 10049 26418 62748 25414 33455 44535 69901 30487 90 18338 74351 33892 66676 61586 61712 49320 72302 72366 69839 46411 48137 63101 59986 9757 44214 76829 68659 41983 5234 12175 5585 58477 68018 69109 32476 20058 11379 15916 41294 54317 73752 64541 16530 11380 48457 55629 65391 61013 51863 34763 9934 48108 44678 58422 50419 19409 64502 74375 52547 23844 26178 73328 28851 13150 54991 69975 69103 60424 50667 37601 18001 29382 13470 68407 3464 69995 65317 45049 48132 25899 30998 21658 17643 6840 9232 232 63374 28284 58370 48595 73288 36959 59631 54841 29258 38579 42121 45780 35147 36302 42313 10875 31918 74541 19320 51015 69493 62040 37850 64762 40025 17970 70100 32426 7587 28763 10959 51877 29659 24468 51534 52878 16827 67938 31812 70977 64126 69689 12507 38439 57720 619 6790 58461 32251 58838 35917 26769 46086 8482 33549 18792 12466 47049 57133 29720 12060 20162 16829 4354 52233 18260 11654 15345 27977 72317 54712 5250 26689 30707 73702 68596 69949 46785 31478 42421 31430 10411 16435 9660 75612 55279 50688 68568 14705 342 9940 48847 56462 54831 3391 35571 41975 71715 9025 24918 31469 66289 9251 29329 72788 49680 70621 28643 55295 45647 66347 42025 58010 25118 46459 76118 14995 19275 14031 8288 58790 22577 37360 57148 66079 5225 8955 7935 37917 5225 6710 63895 32869 46211 13077 67273 48554 27339 74635 33983 40369 57665 34264 67042 69846 75257 3793 23018 55619 36850 20879 73310 31974 22682 65164 46986 63594 72081 32582 39325 3989 67077 29299 46506 10228 53125 4393 74172 7000 68162 5835 6519 20890 40922 75989 31110 73564 43490 12149 61571 17499 58897 45069 24922 57976 37269 34428 36670 34105 76464 25772 73458 11759 23750 45131 45396 5390 57166 3383 24196 74855 48951 62734 31766 41439 22260 57785 10174 48232 38326 10899 69645 57005 52326 71721 61075 57242 43465 26279 40026 23801 49317 13950 18589 72283 18648 53956 59000 23521 61290 14429 62004 76173 38775 60457 9026 37313 24856 29132 7645 60989 70799 43595 29025 21003 61567 76612 50931 4527 74532 15000 59353 1987 30956 76142 63065 71248 27749 29611 14399 4606 67865 36958 71847 43163 13018 45122 57256 33751 44933 20960 35912 20056 59337 2583 20126 30609 41789 23359 75807 10697 73827 54190 12792 58242 65867 70615 13957 36169 33048 20657 13882 34405 61487 21278 21178 50293 8209 2724 15805 15956 12327 32016 10727 60263 40539 61755 434 57413 41389 53769 9229 14742 68052 51759 16107 9707 59588 5748 15952 11681 36361 70693 5439 67344 33480 11922 31593 67150 41574 16149 49200 43824 63909 1778 45166 71465 6388 73633 6779 50347 43008 828 76642 15963 60549 62399 38889 51463 3759 10861 67116 16568 39604 29039 47031 15028 35432 62515 2601 67995 56527 66637 22693 34341 
