// periodic
// number of jobs
1
// pi
50
// Cycle
100
// aperiodic
// number of jobs
9000
// pi
16 8 50 21 75 5 35 58 75 2 36 28 28 43 36 61 20 16 45 61 35 61 48 49 89 95 95 21 76 36 99 73 29 55 87 60 17 12 65 24 28 78 50 20 18 82 12 32 44 71 53 32 41 22 22 61 54 54 66 71 30 85 42 69 28 57 56 32 41 99 81 8 29 11 94 87 51 55 29 82 83 16 66 22 21 39 35 18 42 38 59 14 18 33 54 22 63 74 41 25 92 50 77 62 3 50 55 52 11 96 81 62 75 98 77 11 24 87 91 51 9 70 24 78 66 25 15 3 16 4 70 96 61 66 69 42 55 52 16 37 84 78 30 77 83 32 57 63 36 89 87 80 72 86 7 14 46 15 26 24 6 71 98 49 15 62 6 39 56 51 1 57 98 37 16 43 26 19 11 1 63 87 29 93 75 44 63 89 27 28 6 73 93 45 45 64 99 35 10 94 9 33 24 47 21 67 4 79 50 37 14 64 15 89 10 76 8 78 7 76 52 6 4 55 61 84 38 44 99 26 35 7 22 35 17 66 4 69 59 72 53 61 50 6 48 12 96 83 60 1 89 35 93 53 92 30 30 43 37 33 83 92 5 86 96 67 14 13 70 40 96 77 8 24 24 84 71 18 40 54 6 54 9 28 5 49 96 39 86 74 45 46 51 78 40 26 44 59 18 95 2 33 22 35 19 12 66 50 34 42 50 60 94 71 36 68 97 29 2 26 99 84 37 74 80 43 21 33 71 81 15 77 83 18 47 18 41 29 17 91 93 18 90 42 56 8 84 61 78 25 87 18 8 99 92 56 8 35 34 40 35 13 47 48 12 92 94 88 46 98 78 82 91 15 78 65 63 49 3 45 24 17 82 30 55 78 91 93 96 44 28 98 33 41 47 96 13 36 92 32 96 15 51 98 34 20 56 87 57 33 50 46 98 76 80 61 24 6 74 33 39 56 27 1 3 78 77 23 75 44 4 77 93 66 4 2 45 91 51 81 42 62 6 67 75 29 43 33 20 73 39 87 75 55 90 21 26 96 10 57 72 10 62 71 70 97 20 57 83 21 26 98 57 91 78 39 89 72 35 5 28 72 46 15 6 46 84 13 23 74 66 99 10 73 10 18 10 30 45 95 68 25 21 39 70 10 5 3 92 31 16 34 88 90 80 21 62 10 89 41 7 2 74 50 34 48 28 27 63 55 28 27 26 17 3 21 32 40 16 22 79 81 2 38 67 66 52 82 7 96 48 6 2 72 99 58 32 92 56 35 85 86 45 97 29 60 13 46 84 57 1 97 62 16 86 53 44 3 86 15 37 69 14 53 85 35 9 31 3 5 89 42 66 33 45 32 36 64 74 63 18 2 68 63 18 78 23 1 22 61 44 74 89 40 9 61 40 6 74 84 48 84 34 19 24 87 11 51 32 71 2 52 71 7 99 50 17 54 41 43 38 88 85 6 39 12 61 96 82 82 4 87 60 20 61 67 92 2 24 82 41 34 16 8 40 59 84 91 63 27 49 27 87 3 39 19 43 1 36 17 60 37 62 28 4 19 25 94 83 19 83 63 26 40 92 51 14 93 37 28 20 77 34 32 29 56 3 72 1 83 19 44 6 1 1 81 11 16 91 3 65 60 6 98 76 21 13 5 91 96 85 49 40 99 61 23 21 41 37 24 24 21 7 47 31 78 55 68 65 54 49 91 35 59 88 35 32 66 78 61 34 82 65 1 69 88 14 40 54 14 24 43 41 63 15 31 90 35 61 40 80 40 48 57 45 63 44 33 56 21 11 80 91 61 52 84 52 62 89 68 84 64 40 36 8 98 60 77 98 85 11 21 65 89 30 36 34 91 27 86 85 14 14 80 72 12 46 61 13 32 27 36 57 79 55 74 64 80 2 38 75 90 3 90 64 3 51 13 97 21 50 65 38 77 93 30 80 4 7 66 10 92 53 92 51 28 61 64 87 42 70 13 67 99 81 79 74 44 74 75 2 22 1 16 23 2 28 93 14 84 24 56 48 65 78 32 52 53 22 79 72 82 69 34 75 41 39 87 96 29 21 84 55 61 29 79 39 96 79 9 94 62 82 64 67 92 48 72 6 59 90 43 25 43 78 57 3 23 91 66 59 19 60 65 76 66 85 34 64 29 25 43 96 18 80 43 84 7 59 35 43 37 26 35 21 96 75 69 41 38 85 53 62 35 57 7 87 1 86 8 34 47 52 49 81 63 14 91 67 83 53 42 70 57 56 43 30 6 59 55 58 28 41 11 83 11 14 86 39 59 62 70 53 24 46 81 95 86 96 96 43 44 44 27 87 23 20 9 47 70 12 32 49 7 8 62 99 61 76 6 75 67 19 20 84 67 32 34 31 69 95 79 31 12 58 75 27 44 20 31 51 40 14 94 78 95 36 12 10 85 8 3 66 97 16 14 1 92 56 51 87 31 70 43 43 93 9 74 31 34 54 90 64 19 48 53 85 71 7 11 40 75 56 11 99 34 72 55 40 97 99 28 8 71 32 17 84 68 93 82 72 17 17 4 99 40 38 38 98 82 80 67 50 15 81 97 4 98 89 66 34 84 13 43 12 50 8 75 4 40 8 90 3 30 51 68 4 1 17 54 32 33 59 40 26 3 4 18 79 22 96 72 38 21 37 26 81 67 90 53 33 36 99 71 7 82 15 65 99 1 99 65 6 26 3 61 99 62 33 14 72 94 69 65 36 45 73 26 48 60 29 30 34 22 87 63 67 73 41 20 44 92 50 93 12 73 75 38 35 78 72 3 93 9 62 40 53 91 11 20 1 90 42 26 98 3 34 78 11 74 36 63 22 33 83 67 2 67 71 39 44 16 5 4 93 98 39 60 89 46 57 77 87 11 30 80 91 20 69 27 80 55 17 24 37 96 64 73 74 59 91 33 38 66 77 32 50 72 12 5 20 56 63 75 82 44 39 89 98 45 15 85 60 61 95 43 66 61 47 39 43 78 48 20 82 8 64 35 7 73 87 81 76 8 64 4 86 13 84 20 15 29 84 51 68 37 72 23 2 26 31 49 56 93 87 40 94 7 81 77 25 55 8 60 34 40 90 52 81 60 63 87 12 43 21 46 59 33 96 25 91 96 13 45 34 84 28 18 86 35 15 42 15 54 34 80 75 47 60 85 66 73 56 59 80 31 26 99 12 73 86 46 87 30 16 29 60 1 90 85 8 71 43 62 3 19 95 44 58 72 2 13 46 34 42 20 37 4 77 91 68 49 91 4 25 79 73 17 70 19 45 66 25 52 81 34 28 38 40 75 87 10 37 32 8 43 68 77 82 48 90 95 1 84 97 29 2 20 13 60 11 66 14 95 44 12 3 58 11 99 79 61 33 44 89 39 19 61 32 3 9 78 36 35 68 53 49 45 92 6 51 62 19 94 19 80 68 31 69 23 5 53 48 42 3 18 32 62 49 57 36 83 10 52 74 2 43 28 82 20 28 5 79 91 98 76 42 69 48 27 14 85 81 50 25 87 97 87 55 46 65 62 63 29 59 57 60 60 9 78 96 31 71 77 63 82 46 1 68 62 91 43 94 36 34 19 77 23 8 93 16 24 76 34 59 54 23 20 36 46 56 58 52 21 85 19 91 70 10 66 58 37 38 95 67 64 72 23 13 26 43 53 72 16 2 13 19 38 1 6 21 28 53 15 92 41 34 83 67 62 75 17 14 63 65 86 13 4 75 32 86 74 43 21 2 5 10 50 7 35 6 97 6 66 39 33 85 23 69 60 61 12 76 80 15 84 84 74 32 7 39 14 46 51 30 37 6 22 83 64 5 98 83 68 80 68 96 28 30 52 2 40 38 89 60 69 41 18 14 83 17 51 31 4 9 86 87 48 9 95 51 99 90 79 37 91 44 68 61 67 64 84 96 15 73 14 59 91 18 32 74 48 42 76 82 87 15 40 12 25 35 42 54 20 80 61 15 91 48 10 17 58 88 61 71 29 56 22 54 17 65 57 60 11 35 39 77 43 90 13 41 28 8 96 5 47 19 88 21 22 54 25 95 78 57 8 28 68 91 23 37 93 85 59 55 67 86 42 28 89 77 3 42 13 75 84 68 87 71 27 55 47 41 16 13 58 83 67 91 83 61 25 59 20 48 6 19 31 30 3 9 3 97 81 22 89 22 28 29 79 74 35 8 2 53 35 2 12 14 99 42 39 1 88 49 31 23 46 21 52 1 56 96 35 65 49 10 17 67 35 15 87 94 11 87 9 24 41 28 77 43 25 53 48 49 75 90 99 77 32 70 54 2 49 88 81 27 98 70 15 60 48 97 13 23 83 41 31 12 82 9 81 64 71 32 85 92 41 93 69 42 55 95 71 71 13 41 47 75 33 60 4 75 40 58 18 75 94 22 56 65 23 48 53 90 58 56 29 54 8 36 37 97 94 10 69 98 9 28 62 7 36 94 10 91 75 12 44 79 98 68 44 80 51 75 9 34 13 17 17 31 61 20 38 96 58 24 78 36 6 72 51 10 67 5 12 99 43 91 92 21 92 83 18 10 88 44 44 40 21 66 89 23 85 33 30 68 4 4 51 59 23 26 56 58 66 22 42 83 80 63 80 88 6 13 76 43 73 9 48 63 46 52 98 50 94 81 57 60 50 92 90 15 91 26 22 81 67 29 24 33 92 73 48 91 57 59 82 83 6 48 18 59 72 32 11 6 85 52 10 24 93 82 43 1 54 24 86 85 27 20 62 90 6 43 8 94 56 68 36 12 68 24 29 96 80 53 98 64 86 64 12 95 16 95 65 19 63 22 72 3 88 23 6 75 27 76 28 53 95 65 89 61 61 20 74 41 35 84 98 25 29 74 40 13 24 11 49 54 23 33 27 22 55 29 3 48 5 23 31 11 76 29 48 75 10 23 7 23 13 28 17 5 39 49 75 92 82 92 54 91 89 84 33 5 44 80 33 85 53 73 51 27 47 12 93 43 21 9 14 20 39 76 70 53 98 39 54 20 24 46 33 57 73 57 41 7 14 56 71 6 53 85 80 21 1 77 12 43 52 50 7 11 69 8 73 10 78 44 22 11 22 56 70 77 99 50 9 57 28 34 47 94 61 37 50 36 53 10 82 15 10 64 69 62 62 88 61 90 89 32 52 96 32 95 62 39 85 2 42 98 66 93 64 96 56 30 94 24 45 62 45 41 86 87 22 96 18 28 62 42 28 58 87 45 73 25 21 22 23 61 13 82 24 39 69 54 41 63 26 48 65 45 81 1 11 64 9 93 24 94 65 14 25 47 76 98 24 12 69 9 26 19 62 80 41 28 21 3 88 44 71 4 63 75 6 2 62 45 51 38 3 87 59 93 17 61 75 33 5 85 35 45 37 41 92 35 13 59 26 36 68 33 52 99 83 42 11 11 41 27 90 3 1 17 26 76 28 7 64 75 41 78 11 60 6 54 98 95 97 58 59 12 89 55 5 46 24 87 77 97 94 18 67 80 7 72 69 42 52 23 69 29 84 42 21 29 33 19 17 64 28 29 68 61 9 72 37 32 62 38 37 81 22 6 99 72 41 32 94 68 48 20 9 39 5 52 99 79 62 93 64 79 1 60 78 84 33 17 96 40 91 72 98 19 94 87 28 22 17 11 14 24 18 65 79 65 20 12 53 97 89 7 13 18 43 82 67 85 84 83 74 93 44 74 68 79 28 69 27 5 56 91 94 64 82 29 4 5 36 26 78 51 44 66 74 24 33 19 99 24 96 68 86 56 93 2 72 32 10 90 98 84 33 78 6 4 44 6 32 49 95 89 61 48 17 53 67 10 69 63 3 16 5 68 96 99 40 9 91 69 62 75 83 57 65 10 18 69 73 68 80 23 63 74 36 5 56 27 40 13 66 89 31 74 15 70 7 45 93 90 17 4 93 93 21 64 36 44 13 87 31 47 39 81 16 11 95 22 99 99 43 7 11 15 6 25 27 31 96 70 41 10 91 45 51 79 83 63 10 87 68 56 12 67 78 55 51 74 30 67 55 86 59 51 62 23 89 56 2 52 90 10 79 84 31 81 62 94 66 72 71 53 23 2 90 71 2 56 2 13 77 46 37 74 47 46 85 95 36 70 92 42 98 92 99 68 11 66 21 50 51 67 12 78 87 41 64 80 26 20 17 9 34 77 22 86 28 22 6 62 7 73 29 61 51 72 9 65 14 72 12 16 53 98 55 84 26 75 69 63 88 70 15 99 40 72 25 81 55 68 7 19 91 77 93 16 1 79 67 73 59 86 53 18 13 22 48 81 79 27 73 89 27 14 93 94 75 74 51 70 25 27 72 29 67 13 58 47 34 93 4 98 91 42 89 4 37 83 14 60 53 20 65 30 43 3 68 67 33 96 2 50 45 19 21 54 99 29 59 29 19 24 20 53 37 68 53 84 15 64 46 50 40 78 34 29 52 62 40 38 53 15 64 28 56 87 12 48 40 17 48 77 66 57 21 75 29 76 24 16 81 25 93 83 43 66 32 30 32 2 21 85 10 90 7 28 6 67 14 17 92 54 43 91 48 26 14 79 54 69 29 93 31 80 76 97 23 63 91 56 75 67 28 74 48 42 96 62 98 54 25 5 23 88 18 43 18 65 32 58 41 6 79 36 68 97 70 15 96 42 46 1 41 64 90 91 82 56 73 9 62 98 88 3 39 78 25 94 44 78 68 2 92 99 56 78 30 41 72 86 99 65 79 58 48 91 40 24 2 38 43 14 59 50 75 36 40 5 2 88 32 95 97 82 8 35 19 6 31 5 26 68 87 24 71 3 62 76 11 48 94 22 54 90 88 42 83 37 6 30 68 30 69 85 85 53 82 35 51 60 24 86 77 49 38 51 9 35 2 93 7 20 16 21 56 11 19 69 35 60 26 2 72 20 69 28 98 41 87 41 69 80 91 1 3 69 1 14 14 57 37 79 96 39 86 12 50 41 11 58 92 92 64 49 87 60 67 39 24 86 84 23 14 42 83 95 36 35 64 44 79 39 72 83 1 97 58 70 90 4 35 65 45 7 69 25 95 44 41 51 72 1 83 98 95 70 31 93 76 53 82 60 2 14 79 35 23 31 72 62 33 21 15 32 48 52 75 69 58 24 50 60 7 66 72 32 10 71 2 18 52 43 85 97 95 38 50 63 68 77 46 71 31 35 51 35 72 27 69 30 54 3 92 19 19 34 6 7 86 29 75 12 61 18 18 91 28 77 84 88 43 83 70 99 89 76 62 19 88 2 15 47 86 58 26 54 55 24 48 86 84 63 51 82 72 61 49 84 82 82 2 45 46 86 71 39 77 25 6 90 8 95 67 53 38 40 22 60 48 56 7 4 45 71 85 72 54 38 15 1 71 85 24 91 26 7 23 54 3 70 40 77 14 91 35 77 44 31 87 52 59 24 10 27 86 86 29 63 4 17 20 48 30 89 47 49 98 87 94 81 68 49 60 55 84 24 84 30 20 3 24 57 20 62 74 36 2 60 56 12 76 63 26 30 19 22 18 3 98 50 23 66 37 85 3 62 87 91 32 4 99 49 19 37 69 22 35 15 7 34 21 70 22 52 60 67 68 17 8 82 15 23 21 46 16 9 60 51 4 46 97 80 55 82 17 85 16 11 57 54 12 66 14 46 5 39 43 60 15 12 96 10 34 73 79 9 70 22 40 47 71 35 89 21 14 29 37 26 84 67 76 25 60 28 83 15 32 20 4 73 33 70 42 96 84 78 96 86 25 13 75 56 99 90 75 31 14 73 9 48 53 49 19 69 50 99 18 43 32 84 23 24 87 47 4 84 18 61 33 91 30 33 55 77 63 91 9 62 76 42 7 56 95 93 94 68 95 97 99 35 54 7 32 21 14 90 1 44 47 26 7 41 92 62 70 55 90 95 58 59 13 18 21 44 66 92 60 53 91 21 51 92 98 71 58 13 7 60 51 24 83 7 91 12 73 29 99 50 36 54 86 3 55 90 8 56 20 93 5 65 92 74 68 66 30 14 70 49 12 3 79 75 8 40 6 42 99 14 8 54 85 99 16 80 73 28 59 95 20 59 56 2 79 40 23 86 61 90 78 32 92 27 26 72 27 81 27 47 10 35 84 5 82 56 58 43 32 17 30 74 94 96 56 81 89 47 41 82 72 91 83 54 12 83 33 74 86 80 29 2 21 3 71 81 71 54 13 76 71 90 91 11 23 46 95 27 26 21 49 9 74 79 55 52 17 3 66 11 36 19 84 24 8 10 4 18 38 88 49 62 15 49 9 28 47 28 61 69 90 21 54 76 59 35 22 34 53 51 38 27 60 87 68 60 9 91 52 90 43 58 90 10 14 76 45 2 77 15 39 28 86 62 89 33 86 66 53 84 95 68 61 35 62 31 23 36 94 50 45 8 63 11 2 52 2 82 55 25 37 27 63 61 12 16 48 56 37 44 41 50 81 80 39 78 85 36 34 37 83 27 62 93 4 45 89 12 30 40 27 61 26 10 45 99 42 12 99 51 88 61 30 34 56 33 98 4 4 99 80 73 74 70 70 90 44 48 77 17 4 1 48 71 6 3 24 57 19 40 50 31 26 20 1 95 16 38 60 39 86 61 14 86 35 31 95 41 3 97 63 84 51 52 76 31 62 89 20 31 78 20 42 11 19 86 50 35 34 18 22 59 51 5 61 91 8 28 49 72 50 91 87 79 58 7 38 54 40 5 70 51 63 62 89 65 87 52 13 79 94 69 89 4 38 16 92 96 40 4 28 15 51 77 82 41 32 71 24 65 49 4 75 9 71 85 66 12 67 9 14 50 95 87 41 12 74 40 54 81 28 17 71 36 74 97 65 70 18 94 85 26 29 29 52 92 87 52 42 73 86 78 81 31 2 37 43 32 49 98 12 64 38 88 94 34 83 66 31 12 8 81 25 12 71 85 5 50 21 14 37 41 21 95 6 14 40 8 49 27 93 10 71 46 78 68 55 90 89 92 95 53 3 12 62 84 14 93 80 29 77 45 26 90 69 39 92 21 95 98 6 70 72 71 91 62 24 21 56 31 34 58 37 6 47 12 96 86 11 37 52 88 82 37 65 12 70 71 68 42 28 60 88 86 99 6 47 77 40 87 80 37 77 21 18 48 67 46 65 6 12 67 77 93 10 47 56 64 41 5 22 68 50 44 40 88 33 34 6 20 90 78 79 30 58 95 44 64 86 72 83 40 95 89 25 56 48 57 46 93 25 9 35 45 33 43 44 77 6 9 55 43 78 34 98 3 75 24 63 84 19 84 6 95 31 89 85 88 19 93 32 69 97 30 60 84 82 39 49 68 58 90 50 63 49 30 42 65 76 44 44 1 87 37 86 88 18 39 46 49 6 92 74 67 6 1 25 99 73 86 6 4 28 62 2 53 12 41 45 9 53 19 34 76 50 36 14 94 53 2 18 37 12 90 93 14 77 95 48 53 81 54 26 71 10 63 29 75 60 31 68 38 95 31 15 18 54 31 40 77 45 18 8 98 42 39 73 52 5 27 59 16 22 10 44 78 90 54 77 82 8 47 9 30 62 97 44 52 13 28 57 60 31 74 94 79 81 87 13 50 43 70 12 56 15 99 75 18 58 37 4 82 50 55 73 97 47 1 59 91 63 73 70 45 14 87 92 38 39 4 89 39 9 62 55 13 12 28 85 26 43 49 10 11 87 52 97 49 67 16 96 50 69 70 61 58 26 93 89 6 78 7 89 67 88 3 83 30 12 28 98 87 57 33 44 27 24 99 94 20 86 10 54 67 76 75 65 45 53 65 48 50 81 8 74 74 90 72 8 74 31 24 58 7 39 86 86 87 68 26 40 61 82 21 45 29 74 70 24 59 32 67 81 24 11 60 94 53 36 98 44 47 14 98 47 13 91 1 2 12 3 64 54 38 49 4 12 60 13 89 45 21 27 67 92 92 78 26 95 96 2 67 8 4 22 84 39 24 89 21 93 50 7 96 27 94 2 26 87 35 30 59 7 57 76 58 58 14 8 8 16 21 95 60 51 46 81 6 15 30 28 8 81 46 67 47 2 26 76 10 34 14 78 18 96 62 47 40 55 80 47 37 69 64 16 7 30 5 63 98 71 47 55 30 39 26 46 53 49 98 17 99 44 16 84 6 22 2 83 78 31 58 50 24 84 61 4 26 43 75 83 76 39 7 13 73 92 49 90 87 55 38 74 53 2 12 43 26 74 10 2 98 31 56 81 42 68 70 71 29 2 41 5 1 69 90 61 38 41 80 79 17 6 76 95 43 27 38 49 57 15 34 25 40 33 70 83 81 93 29 62 34 79 2 47 58 21 49 43 39 83 30 35 23 26 72 28 30 70 90 5 40 41 23 41 26 42 38 63 39 37 93 10 52 35 9 70 94 19 50 1 12 29 38 89 17 53 75 51 68 6 69 82 2 71 24 99 63 83 71 1 82 15 4 88 29 63 76 14 10 28 95 26 29 61 44 9 16 36 81 16 55 8 92 69 33 69 89 48 63 35 48 82 94 99 17 72 1 39 33 82 79 96 60 85 37 26 98 86 68 57 9 2 70 71 35 72 13 68 45 16 41 15 94 73 89 2 57 84 40 57 80 65 25 19 49 73 2 15 50 93 76 78 99 1 24 56 14 59 40 28 39 46 31 90 30 43 30 91 16 1 82 71 79 42 41 10 52 24 63 42 96 65 44 96 40 20 81 45 83 1 42 67 76 97 37 18 26 88 18 49 82 75 45 94 43 88 61 41 86 2 55 26 50 60 69 47 26 58 88 97 62 59 69 90 72 88 30 52 65 80 20 37 4 1 87 85 95 87 67 36 72 59 8 90 52 56 50 80 85 22 43 10 29 4 38 20 15 69 7 2 21 11 32 7 54 11 29 64 65 21 42 36 88 82 96 79 34 78 99 72 15 19 12 31 43 89 86 58 16 48 36 27 81 15 9 20 79 77 48 34 39 10 57 78 80 42 59 83 31 97 77 51 1 25 34 13 66 43 29 54 67 45 11 74 93 88 58 24 55 20 28 47 19 57 83 43 64 94 55 16 17 77 83 94 39 46 31 7 66 44 83 25 72 64 46 14 52 45 70 68 46 87 1 38 64 97 48 98 3 44 26 8 65 63 96 2 92 96 80 81 64 50 7 44 44 58 5 45 82 18 68 27 2 33 7 13 76 95 17 70 95 25 40 52 73 23 67 28 6 69 54 42 54 23 35 76 51 94 12 31 93 68 24 79 98 13 14 48 35 50 68 80 10 11 16 77 55 40 70 64 97 20 29 25 36 88 62 1 64 76 29 8 60 58 8 75 62 64 79 68 16 37 32 33 30 46 89 42 45 34 77 64 43 94 30 10 13 25 75 98 22 65 48 25 81 10 83 7 98 12 32 40 61 47 97 61 33 70 52 96 21 56 49 54 40 26 39 36 72 19 29 3 70 90 7 70 27 2 34 94 73 78 39 61 8 73 85 1 82 77 30 31 4 95 88 66 84 48 40 41 32 44 77 52 65 4 71 38 70 96 6 47 97 59 38 79 52 58 80 58 27 39 22 99 41 49 23 96 17 39 73 17 78 30 8 6 31 31 53 51 43 72 39 58 32 54 64 91 40 96 3 27 12 69 97 64 31 95 89 46 32 46 56 66 29 78 55 22 32 50 99 82 64 51 31 99 16 70 23 16 92 32 9 86 55 56 53 59 40 6 26 49 39 13 51 29 56 88 95 6 16 60 49 76 41 31 51 5 87 91 12 85 14 96 79 25 90 53 78 16 92 96 39 38 21 63 87 50 62 64 48 8 81 50 30 80 39 65 78 92 32 79 46 59 76 20 12 61 93 61 13 46 80 17 36 67 4 94 69 20 48 50 96 68 10 6 80 57 93 80 40 68 28 64 11 37 11 85 7 84 10 53 11 73 21 57 56 92 75 53 93 25 47 87 62 90 37 41 57 31 63 5 9 52 21 95 6 79 91 50 2 12 12 15 4 76 78 88 37 1 25 75 97 20 79 41 5 41 52 14 8 36 24 47 95 29 42 5 46 82 18 18 58 82 46 77 12 75 84 89 96 84 78 12 70 11 77 89 99 72 63 4 57 59 8 35 65 45 34 28 19 50 90 57 28 43 63 11 3 85 64 18 45 8 92 41 56 41 2 99 99 9 12 66 82 91 86 54 78 77 44 64 97 12 42 57 92 98 97 90 79 68 76 17 29 57 89 85 24 71 82 13 7 92 99 73 39 14 22 22 54 74 74 26 62 21 77 6 89 18 75 40 13 58 47 26 93 65 74 80 51 13 48 55 85 42 94 6 51 8 20 26 91 46 1 25 36 82 84 7 71 52 61 57 4 79 35 50 92 9 20 64 9 28 45 32 47 34 78 31 15 76 33 20 21 9 31 94 22 84 11 2 54 87 88 70 70 12 57 87 8 77 82 87 31 42 8 63 45 14 66 98 78 16 81 72 26 12 6 22 29 49 37 50 58 39 81 18 34 36 54 81 67 74 68 71 78 17 34 93 11 94 22 64 88 69 2 83 57 27 28 63 32 87 37 17 3 93 28 5 26 18 74 38 14 7 44 69 17 91 21 28 31 64 14 77 93 6 57 54 27 62 69 51 89 95 69 42 15 59 19 66 54 68 97 92 96 62 70 80 59 59 29 98 37 64 36 1 44 40 56 37 41 63 27 61 44 8 12 35 5 59 90 7 99 44 9 3 64 3 46 76 51 44 99 9 28 70 17 10 66 21 36 89 20 22 7 36 26 98 16 27 55 44 10 39 82 30 24 57 49 6 42 52 53 13 56 4 10 69 75 50 27 68 10 1 37 87 5 13 99 1 86 69 87 25 83 47 54 35 55 69 63 62 87 70 78 20 59 67 8 84 81 78 7 45 49 16 3 99 15 59 88 93 22 27 89 97 74 67 39 27 87 17 8 49 10 76 6 31 37 11 64 27 80 78 72 69 23 40 33 32 79 64 95 41 13 98 77 68 79 58 10 56 82 24 41 16 25 57 35 93 94 60 73 30 80 33 33 99 22 84 92 36 88 45 34 20 49 81 46 55 82 33 35 21 88 58 61 94 65 87 42 91 68 24 76 33 29 67 62 56 46 78 62 26 27 2 49 16 91 44 28 83 64 96 26 49 83 17 91 98 33 99 21 30 4 82 14 28 70 40 77 63 79 85 86 53 10 68 93 6 94 98 69 90 8 16 33 16 44 53 26 13 32 9 66 81 19 9 66 28 95 34 33 25 59 83 14 64 66 57 44 11 54 69 62 40 64 22 3 28 30 57 96 69 97 5 40 82 77 77 38 3 8 99 88 40 95 80 7 87 37 51 29 75 3 34 24 79 79 46 58 37 19 89 81 27 31 81 4 39 42 30 63 43 45 81 47 95 74 1 97 83 78 9 99 37 48 9 15 12 2 85 20 33 62 84 46 94 32 65 55 78 93 84 23 85 49 82 9 32 54 2 90 64 47 67 29 20 10 28 61 39 69 82 68 65 68 54 74 8 84 35 26 64 80 40 83 70 26 66 57 50 99 18 82 31 83 28 13 28 54 38 7 80 39 93 55 91 12 73 35 70 24 34 89 3 7 49 26 87 32 97 39 24 79 89 83 38 78 59 41 96 26 40 35 6 1 76 27 58 18 40 38 85 86 14 79 10 84 99 64 83 81 25 52 54 97 72 47 46 47 66 19 6 98 30 15 5 96 67 79 66 90 53 86 38 46 30 50 14 42 2 7 18 57 12 53 72 91 68 86 79 25 56 34 28 63 41 31 60 12 10 1 39 77 20 6 25 98 88 86 27 47 76 79 68 53 62 27 50 6 2 73 70 12 57 37 25 87 22 67 52 52 83 62 73 9 84 35 37 8 20 66 6 81 67 10 85 81 40 15 53 54 78 57 98 43 14 22 97 82 91 30 98 70 2 86 82 57 4 14 82 29 26 80 18 58 58 68 5 83 25 89 64 14 44 18 68 42 29 76 37 21 33 3 31 38 70 75 43 2 99 13 29 68 57 57 70 6 99 81 95 15 70 45 42 18 71 90 81 43 68 26 95 38 30 68 86 7 12 88 42 9 96 4 45 73 17 34 43 24 17 15 18 47 90 99 81 42 17 58 64 57 43 59 61 84 26 23 32 37 43 9 13 67 97 3 51 24 5 52 34 32 97 52 31 50 9 26 66 34 64 29 24 57 33 82 34 19 67 37 16 97 74 71 26 54 99 59 84 5 95 51 16 76 30 76 8 43 76 72 84 87 74 90 51 8 68 53 88 4 86 37 28 28 56 56 82 17 70 10 76 23 87 67 18 76 25 31 95 29 95 10 63 49 16 65 33 10 87 75 94 64 1 19 81 7 40 14 52 52 12 16 72 47 98 12 60 67 61 10 25 17 24 55 22 1 96 7 46 57 91 44 90 81 58 96 45 29 73 28 58 84 6 28 60 96 51 60 32 50 19 35 32 4 98 5 12 12 89 75 47 49 19 63 68 1 65 62 52 31 75 59 57 92 96 94 6 50 11 98 52 93 24 90 94 92 46 26 4 54 77 69 90 52 8 18 82 86 57 87 93 36 58 34 24 82 82 55 11 60 89 91 58 60 61 58 39 66 16 20 91 99 30 41 43 87 43 77 73 27 97 72 60 97 54 17 47 39 21 71 63 61 43 1 34 59 26 52 20 97 35 4 6 78 30 21 42 33 2 44 33 83 19 68 62 20 38 12 88 78 76 1 81 61 96 40 33 40 46 67 35 97 55 86 56 18 87 45 37 33 85 15 96 92 34 95 81 89 97 29 13 11 42 5 37 84 26 78 36 75 34 21 35 91 41 89 65 27 23 13 62 98 68 34 20 94 76 52 86 7 66 72 51 18 26 54 53 83 28 10 86 26 23 95 15 11 57 13 31 29 55 35 89 92 41 77 62 12 59 62 41 26 73 73 22 23 20 60 67 8 38 50 54 94 54 9 68 94 99 65 43 80 20 20 14 73 70 68 76 81 38 86 94 43 9 54 7 23 49 55 80 16 72 98 13 26 79 51 2 27 57 64 87 38 51 48 48 6 29 35 4 69 49 33 28 37 95 25 62 46 87 31 39 91 70 72 63 36 25 86 97 4 8 57 90 27 98 57 95 93 97 17 1 67 77 27 11 58 12 33 82 3 28 16 45 85 18 77 17 8 98 60 31 60 96 85 79 8 89 18 20 55 22 69 35 63 77 4 89 1 11 80 69 67 26 1 35 44 91 2 25 43 80 17 48 63 81 6 25 3 86 88 92 39 9 46 43 11 80 32 98 88 35 89 90 82 77 3 37 66 17 5 55 96 3 69 55 53 19 72 66 34 32 3 8 99 47 91 28 96 42 52 35 56 28 17 3 87 61 37 91 77 76 74 53 47 7 69 53 95 89 38 66 69 55 31 14 7 45 67 5 5 92 48 51 24 66 24 82 45 75 21 29 89 98 82 66 36 25 79 15 48 19 47 47 50 90 2 1 94 45 15 48 59 4 21 24 17 8 94 25 61 58 88 49 96 8 57 21 93 16 5 88 12 20 1 72 73 44 51 4 46 89 25 19 29 9 14 23 23 82 7 62 7 42 60 65 46 59 47 36 44 25 39 8 5 41 88 4 70 59 32 83 20 62 3 69 20 41 92 73 9 90 87 14 27 33 46 13 19 2 45 54 59 61 96 81 43 88 27 69 39 52 36 46 45 32 58 37 81 7 66 58 7 23 86 87 63 82 25 48 61 57 2 4 48 24 27 91 68 79 40 46 7 7 67 90 97 79 11 9 77 68 89 59 44 45 72 8 23 19 58 88 5 59 3 10 84 92 53 75 15 18 1 1 15 84 49 8 46 29 32 4 97 17 42 28 30 49 39 75 70 2 76 40 33 74 9 75 65 11 49 64 18 43 77 5 95 90 52 29 47 71 25 53 59 94 45 70 46 67 56 46 5 71 73 43 7 48 48 31 89 51 8 23 21 27 63 95 57 99 45 8 44 52 77 14 33 81 57 69 91 56 2 79 86 20 49 26 68 87 37 84 16 8 33 11 99 94 81 87 46 5 71 4 37 62 42 50 67 69 61 80 22 5 66 58 37 24 44 91 98 38 35 23 48 10 57 26 44 31 81 16 89 67 10 33 97 40 80 75 72 16 3 63 52 13 10 15 92 26 77 4 44 17 79 20 37 40 60 44 87 90 31 71 9 95 88 64 23 40 46 25 27 65 11 72 65 27 98 6 41 94 63 33 54 17 63 3 54 63 87 65 13 93 24 83 13 63 56 59 91 20 35 46 87 37 52 44 24 31 67 72 21 8 40 27 78 66 73 42 78 64 82 2 23 40 14 58 30 94 29 57 78 2 62 49 15 79 10 43 33 95 21 20 70 92 76 83 66 25 94 62 90 3 86 96 28 67 95 91 57 40 35 5 70 13 52 79 10 14 74 9 54 78 12 83 62 41 93 39 72 77 42 13 70 36 65 62 33 40 45 64 51 38 59 52 31 14 27 84 31 80 61 80 3 43 98 60 67 12 31 35 6 82 6 14 22 46 18 69 34 29 56 72 38 39 46 25 9 52 44 56 2 52 17 62 90 81 13 87 12 89 29 46 56 91 4 4 43 38 21 83 2 53 59 55 32 78 95 4 76 25 74 53 85 29 34 10 10 85 78 83 32 26 85 71 66 30 58 16 51 30 75 20 92 31 76 57 10 39 40 2 23 73 98 80 10 43 6 67 62 3 65 15 98 94 58 29 42 74 56 71 84 86 87 17 72 50 30 40 24 95 4 5 2 59 41 54 56 23 16 24 3 99 78 1 21 11 40 42 33 71 99 92 34 77 17 59 92 42 72 99 3 14 41 91 4 23 79 4 23 53 79 97 38 38 56 38 88 69 15 53 31 16 61 64 46 98 11 1 48 24 5 76 85 33 19 51 68 76 85 31 7 36 24 37 32 48 15 87 66 99 49 82 68 62 61 74 30 47 57 41 67 95 38 1 72 41 38 21 53 46 72 33 20 18 61 58 9 17 50 93 2 13 77 15 40 4 29 87 92 73 53 14 31 89 44 62 35 24 95 81 1 79 29 30 80 75 31 80 78 85 85 89 9 69 55 83 69 42 5 70 52 23 91 25 13 72 73 86 99 46 10 89 67 48 12 21 87 83 71 96 28 96 9 26 18 50 75 67 11 60 88 49 34 85 36 98 22 39 58 78 58 95 99 3 81 23 74 53 91 74 69 4 70 37 41 52 51 88 1 77 22 94 65 75 35 41 76 24 60 36 97 22 80 54 59 99 79 68 42 63 25 88 96 54 40 33 21 30 8 92 70 49 77 31 2 93 69 56 55 51 64 31 33 72 12 27 32 96 70 70 39 98 74 18 1 59 24 2 28 41 23 76 63 52 46 32 26 4 5 45 90 4 79 77 16 6 86 35 34 39 46 92 85 10 38 19 69 66 1 38 30 96 5 3 49 43 80 35 20 42 72 14 17 5 58 40 7 74 56 68 60 53 93 47 81 86 91 51 28 92 44 36 42 80 10 69 49 69 99 57 94 82 53 65 79 74 50 69 62 49 76 17 18 70 44 3 58 35 89 12 22 44 4 85 25 98 22 51 29 2 49 39 26 37 91 67 40 38 68 83 86 18 75 11 74 78 47 69 49 39 26 35 10 92 79 60 19 81 86 76 84 62 79 13 97 83 12 93 31 86 59 28 89 88 44 30 50 4 26 57 44 73 71 96 96 69 85 42 72 91 80 94 51 81 57 31 26 20 70 40 26 2 24 31 78 17 65 18 73 96 72 39 8 60 3 11 59 83 27 68 25 65 69 85 71 38 52 2 80 65 36 52 68 91 55 75 72 23 26 87 49 5 96 49 60 66 48 83 99 48 44 62 53 97 3 70 57 97 26 15 28 89 35 61 93 52 92 79 36 19 31 75 65 73 11 27 94 70 75 11 81 3 79 54 73 4 67 15 74 91 79 90 52 67 14 10 62 19 78 19 26 6 77 83 91 41 50 12 57 10 47 20 85 94 6 83 51 6 59 53 4 44 15 78 4 51 35 7 31 80 86 92 74 43 16 73 66 72 15 37 63 60 43 43 94 67 12 84 23 45 69 26 73 53 67 90 56 14 55 33 37 13 89 83 90 69 84 9 26 98 34 62 30 54 26 46 88 32 28 56 49 68 48 4 97 87 83 10 95 97 69 16 72 31 7 19 25 98 31 46 10 23 11 24 1 27 34 67 28 71 68 29 61 55 31 71 93 84 73 55 83 8 63 3 36 12 99 60 14 42 55 1 64 26 53 25 11 67 63 52 97 63 14 69 89 69 29 57 7 37 43 49 4 21 69 63 8 69 23 30 37 47 54 54 54 91 14 83 81 29 20 84 45 61 71 44 6 93 74 58 52 45 29 50 37 52 6 65 72 15 51 27 41 96 89 44 60 21 74 25 42 38 62 97 22 79 6 23 15 11 58 59 30 45 14 28 35 74 64 44 69 10 51 79 91 6 39 74 22 83 18 52 81 7 77 88 6 8 66 21 76 76 37 46 27 29 44 17 95 89 44 79 61 58 86 40 61 17 86 17 98 19 21 79 28 60 96 47 72 92 22 61 1 57 9 82 4 7 91 50 22 92 56 46 81 24 62 81 52 91 41 45 71 77 63 12 65 62 84 52 90 9 16 33 18 96 56 21 52 49 96 93 79 9 58 66 54 48 48 94 36 51 86 1 29 36 13 44 60 9 64 51 62 26 15 68 74 97 21 23 58 91 8 77 46 37 10 95 49 73 22 4 60 19 28 50 99 45 68 60 36 92 21 22 7 90 27 60 46 78 40 69 12 35 59 18 93 47 34 9 2 74 62 97 30 95 3 81 23 21 78 5 10 41 36 8 98 33 43 51 37 32 20 30 74 21 19 54 46 31 66 64 90 15 51 36 7 95 41 13 53 75 75 8 69 68 55 54 24 37 11 43 21 21 39 85 93 4 45 33 49 72 13 13 57 86 5 55 48 94 67 40 12 71 66 30 95 17 35 75 33 87 49 76 19 96 3 63 17 43 22 35 98 83 49 74 72 59 73 30 5 48 7 55 54 30 62 20 94 35 67 45 76 85 2 32 25 79 68 49 71 65 45 47 81 41 53 63 67 55 69 70 34 27 29 17 92 84 18 88 16 89 64 71 21 27 33 91 41 39 33 98 36 80 16 14 89 90 64 79 68 30 73 95 32 40 54 48 10 58 55 22 42 39 43 26 36 42 26 52 11 47 98 57 63 65 82 49 96 58 48 87 69 33 65 98 82 26 45 71 14 43 11 86 5 38 6 98 91 82 65 62 39 3 15 34 20 50 37 51 62 10 12 45 46 5 2 32 98 79 47 76 80 40 43 30 24 97 91 50 89 72 31 19 75 39 16 32 80 97 18 95 39 94 84 48 65 60 13 64 54 50 45 26 66 75 50 31 97 93 29 50 71 27 8 11 89 96 23 80 37 98 14 54 33 11 81 73 26 95 53 57 23 76 50 72 21 60 39 22 36 58 48 41 95 94 67 90 98 40 62 19 70 67 90 52 61 47 76 75 51 85 85 57 86 38 53 6 19 29 37 88 6 92 47 29 78 45 86 36 76 27 79 17 72 29 29 70 63 53 85 26 91 33 88 49 96 91 83 61 66 45 17 65 12 78 73 40 21 62 98 96 24 78 1 53 45 42 29 8 33 97 72 60 13 85 85 65 19 10 55 30 32 38 69 46 66 78 51 15 21 47 17 16 75 66 8 74 30 32 71 38 83 6 58 24 58 41 75 72 75 86 89 43 25 6 74 16 75 76 38 71 33 88 6 97 39 18 13 58 87 71 39 11 55 8 4 72 89 85 73 78 5 32 57 54 74 80 19 18 16 54 77 44 95 27 70 37 40 23 49 19 28 52 46 50 76 5 39 30 23 9 93 76 14 39 25 77 61 3 1 44 60 56 56 37 60 91 30 19 85 79 65 9 3 79 71 77 63 92 64 47 95 37 1 41 12 27 52 42 90 54 33 69 3 82 53 18 29 4 2 95 91 50 98 79 71 38 96 28 13 20 41 8 61 11 98 3 5 23 86 74 94 27 17 60 41 42 83 86 65 33 3 95 7 67 84 97 76 86 70 35 81 59 40 15 91 23 95 78 29 85 64 59 94 59 11 44 17 59 12 33 40 67 20 53 79 63 41 61 35 75 88 42 38 91 27 5 84 12 29 23 83 37 95 19 23 64 54 43 77 25 57 21 
// di
11552 23560 8651 1122 19288 24287 38792 11921 41940 12109 24661 15337 15761 29026 5487 12992 21808 26108 19726 33297 10208 38002 12208 34633 9629 4674 31363 7219 22966 15713 40792 11841 22501 18723 35603 26159 17515 44848 5168 42310 29006 41744 43931 44143 4742 2768 6817 23645 31075 35 14894 31844 1615 2486 19202 30405 25757 73 43511 13544 19437 11103 41294 12292 35628 22723 43539 41025 21632 3010 8754 427 36031 1943 10282 9147 20028 5763 34447 38993 26675 6105 32930 10041 39882 26892 4549 37575 23673 18396 23030 14500 43395 23676 22698 20578 4190 26212 24441 35829 19545 14103 31880 38425 16856 25802 16397 9009 39808 12422 6331 17158 7488 15925 42648 16012 41578 35969 8769 25527 16267 11235 21006 41670 21319 28526 27084 22027 47 24584 35219 19920 21459 24704 5579 29403 32479 10356 44737 41547 34612 20899 9203 13651 6257 3006 40144 26574 31192 23212 12100 30669 40138 5566 9900 24064 35876 901 22394 18840 35861 21577 14124 27227 12312 5756 23612 33089 38098 11041 42648 40740 577 21619 39091 20744 32727 30897 8334 12537 38030 19045 36159 4131 25690 25469 41102 4413 32822 25019 27166 15205 30947 25004 6396 25359 7367 13951 32646 9883 37009 22029 4003 23830 30758 41450 33206 7822 16311 36863 21093 23379 1397 25937 23471 38233 5762 18643 14236 29987 15086 1530 13801 14481 19575 38799 24786 27682 27943 17197 25952 1972 14110 43251 3594 16235 44702 8253 34047 24653 25118 29358 37545 23202 14588 8793 41397 11159 15935 29768 28265 15721 287 23026 4496 13097 44569 35564 18296 7390 6768 4869 17941 27824 22042 17381 40801 2186 6519 38660 22760 43199 39067 18999 24445 33770 10623 33311 13024 12858 12004 23395 4056 8438 22171 9342 34508 25504 41856 35391 37350 2300 40267 33016 16303 7910 42133 8174 17810 1268 15976 32074 39258 24384 6153 4934 41745 14633 36504 7415 29696 11413 3810 18505 15519 44301 36375 15003 1158 37859 13357 36121 23770 11441 29256 14723 7466 10114 39635 2922 34955 32372 32976 41714 30081 592 32552 3976 35839 44138 43108 40148 44558 27010 38103 23229 12350 19479 31685 44691 18886 13646 35808 32457 8740 266 14915 43809 28942 34642 4129 15462 3814 29836 5166 13191 26003 38543 19949 29150 25035 28249 36748 21738 3434 34500 12412 34584 1287 35374 27892 39404 36870 8216 2105 33228 12654 12659 15741 3200 15957 672 25205 34953 9404 26074 31949 28253 41849 12733 26919 41596 41098 44221 34479 37919 1335 17502 14523 37591 34772 933 16090 17696 21202 16680 3220 34745 14462 30336 40817 43382 15809 1421 44311 40838 5958 26804 38180 37343 1446 32455 24951 18395 7149 30630 21444 14564 31538 30948 16379 7544 12771 16496 3631 22820 363 32057 40129 28689 28306 44500 2869 17781 40673 10310 3633 30571 39731 33108 4611 26607 40993 7042 41740 42680 8464 17447 37995 31762 19391 19365 9615 26581 24814 20869 40168 999 23512 31856 39448 13400 39843 5759 15161 13740 8546 29095 33927 34997 22599 13504 28688 41881 39335 5270 7282 28773 13922 6066 10659 38813 16004 4899 20172 31237 43526 12677 33696 3154 42991 39978 36152 1657 2667 25204 37750 7448 36478 40163 34283 13767 11204 8333 26557 20299 17432 14754 43821 24854 20841 19949 5909 16233 43879 15882 24383 33898 37331 13233 11483 11412 29089 35866 2415 19158 24112 8484 11764 2641 1272 15143 23106 5212 31379 31019 30059 29196 899 7602 31018 1851 8204 16397 6874 15014 13241 43208 32587 9425 11018 28046 22487 36153 33183 43990 2513 16839 44386 33924 23582 4635 22580 25871 18816 18762 1138 32510 13116 12181 7958 38965 33100 32076 9587 19296 37574 33886 8630 12664 16281 22218 28012 20774 14576 30114 23942 11498 29209 11466 18963 36629 33278 17356 40456 18151 21761 23692 18216 2354 39631 26686 36600 14350 16587 3576 42810 21985 38920 11128 32040 18201 33343 32338 10009 17381 8882 4461 10024 27020 40093 40458 9824 36390 25544 4383 37662 30841 26508 11608 33363 26622 43406 31122 28306 3595 36241 9710 26466 4470 44660 6501 25114 26821 22312 33229 34661 30172 5462 14971 5385 41669 37993 16232 15282 35457 23012 40243 2298 2179 39472 29816 34768 27919 20058 44621 11753 14725 31635 1678 864 28718 6948 1927 40784 6481 41124 43499 28400 36662 1873 26051 41902 38503 3063 3513 34979 166 22950 3549 36098 449 25012 38203 32038 30274 28868 39121 25753 43707 44303 7494 28268 18636 38148 1359 32066 9231 6716 14732 27441 40431 42056 27595 24982 23628 19434 20151 10176 36320 14593 34661 39468 17343 26540 39267 36931 43381 5599 11454 40670 16311 40409 31033 20505 41486 32191 29244 8910 40429 6885 40910 42689 39897 6338 13196 24923 24974 41433 41608 33353 10873 26323 4543 24868 5384 43047 29301 12296 5075 19708 23545 21915 2382 32331 30285 41018 3830 15367 13845 30386 7759 3525 25719 2597 31094 12328 20700 13482 39997 10259 33671 22632 14670 25020 17129 30791 39340 33916 26923 14301 24103 33773 11629 27824 29193 12441 16243 4025 29369 35130 23719 37665 24153 33115 36989 33373 34039 38251 19074 31321 5173 32814 30383 21201 8832 19425 8147 33274 9283 4261 30892 24123 38263 29467 826 7240 12020 5363 43197 16487 7938 7566 27189 25378 29796 11580 35677 31432 41987 18595 28774 38526 7443 29181 17440 22929 39949 5557 3480 13334 15259 22002 11016 24738 35599 15223 12960 15335 30874 32194 31647 6824 18857 17312 26682 411 33193 413 29954 14861 38347 17349 36779 26295 25367 26715 34882 842 27525 21781 15933 26519 2288 32143 17201 34430 26057 2202 16785 24496 18952 4744 26723 20274 22847 43718 31121 4678 1853 37653 43284 30570 4504 7597 35591 17511 15423 36805 24986 13604 39041 27744 11461 11552 11840 28753 39089 12223 40996 1688 38204 16222 22025 8966 40819 16928 31198 23619 29494 6645 11273 5651 33870 15271 29370 37453 4836 43443 17138 2932 15486 15545 32374 21830 16285 32662 7944 31752 14452 24939 44920 34587 33027 4769 10846 10384 12854 27328 16085 10244 35828 23403 18760 26399 11739 3282 40 40860 196 3992 30545 30503 29173 19112 14673 37219 24567 39235 26726 11907 36833 20388 29621 43466 36024 44733 24977 43441 9107 9327 13323 20109 23830 40039 26305 44606 472 10486 34150 34942 34930 29430 6671 3385 4085 8049 40002 564 10422 11796 6058 31765 26120 4458 20267 35078 3834 40254 27537 4470 8559 36220 27977 14854 37568 10626 5729 10302 5129 5530 9363 2938 32405 1379 11143 11528 27844 27104 823 24037 2166 34459 11626 25824 17690 14520 4613 13723 10486 3761 29528 6927 14045 4215 6710 18703 6832 36779 25757 15347 39840 3244 23213 42374 44825 24252 6057 41357 38406 6632 23889 17744 7413 23032 26288 19730 37013 2554 39514 37808 42700 11849 6642 8621 7424 24705 18139 23478 39842 16239 3950 31683 9816 6703 15560 5389 38059 22204 32617 16932 43708 6593 4866 30072 37080 28971 9193 36845 9078 23611 26188 34925 10332 33132 3850 41379 3482 6222 20292 482 35683 14548 10872 4872 13034 4621 28194 29506 7446 3931 6624 42270 44309 10304 35631 24776 5342 43239 24034 4156 38982 44935 5229 36741 38287 43998 30039 40377 42933 39227 19213 3659 356 23381 11826 10655 9113 8041 10089 38237 39760 20811 105 32871 42841 16469 27651 15155 40148 19124 2418 12624 33030 21773 13374 27620 1844 25634 7844 16296 17763 5806 31649 13509 39772 44204 3128 19986 16726 16681 11347 16715 18932 27954 18218 36666 2178 11491 23562 1399 33213 40592 42346 8089 38540 11015 34718 8992 4854 22484 7191 7304 23002 31749 30149 4639 22325 37232 42933 5298 36334 35716 9046 35381 44958 11672 4510 26317 8117 849 44608 17758 35781 20045 34347 35224 32770 38104 40445 26781 23786 17179 31544 6695 36322 27784 38780 25863 15431 11083 28066 19246 39301 32580 13678 411 44346 43561 1986 14374 20433 25023 28119 19515 25106 38341 33939 21106 23018 15427 34244 6387 28224 257 34514 39810 16285 14637 3132 11158 36135 11220 29685 3736 24296 35000 29401 37989 35061 2628 9745 20199 2500 5707 21581 39484 20250 35404 43058 44354 43520 4254 19435 3658 41967 23089 7997 11124 6410 8586 11910 23538 8557 16464 14655 25009 7327 29841 9196 44506 6007 44792 31802 6066 25096 24466 44142 11270 23476 29855 1414 22141 11804 37255 39595 28918 16309 15366 5154 17815 24126 32074 40974 8525 12564 19548 38951 28231 17357 28639 5781 7795 4406 28044 21632 7772 17521 4963 35215 14967 1672 904 29774 6715 24792 37241 31948 26735 32556 24271 274 4451 1155 22190 31020 12714 18405 25320 34073 25431 20429 7807 806 3313 3846 20022 40830 19648 8615 2646 8701 29504 24240 13037 16703 40136 42484 29156 6211 7444 38724 32469 42097 10951 40005 23471 38518 11276 6197 27814 27877 34973 18980 31849 26948 4507 22962 44770 36931 20182 6692 22480 9321 33887 34359 20592 24207 32615 8940 41406 17773 38688 7130 19298 6769 32551 13219 41608 10472 4120 3603 36666 21672 34403 32560 8608 1921 13646 39104 29964 19269 22039 34247 13563 284 68 29103 31971 32160 14526 25413 4185 16561 5927 28160 13261 33061 28084 12323 28959 2915 13364 39054 30647 6375 8323 33835 17963 21925 39227 32906 13303 31537 15228 3318 16051 28465 26558 31508 16785 28728 38795 1644 1788 7243 40960 17447 32592 25423 9981 3679 18021 36824 32408 30726 40988 14948 25664 8695 2990 43540 4537 13966 10287 44761 29341 33367 10518 44173 31782 6050 16744 30892 32335 2177 1971 7901 33658 40128 15633 16189 21671 7514 26580 36109 36920 14177 37380 40841 41983 7479 23875 42296 12255 27332 33508 25699 543 35186 14267 24516 7938 40524 29850 37590 38699 9782 15914 22261 12118 44121 43553 7246 31381 24671 2850 31385 33462 40295 9283 4108 27597 16247 32169 30456 24307 210 23322 25119 1242 30725 34607 40766 31599 16834 30864 39081 2750 34583 26537 25552 41832 40854 11318 36500 11762 28875 6778 39779 13890 19872 24523 41628 16489 14277 13258 21776 7921 26307 34954 22457 24240 30198 29808 28918 11949 16327 20462 43247 5040 40340 24149 32149 20210 43070 4430 22758 6081 24659 30370 43352 26027 16051 44361 21936 9543 3624 44151 12705 33407 4244 11450 12315 32074 272 2822 8495 856 2847 25344 19847 7909 42195 34018 22849 10072 39065 42410 41606 10177 10489 21230 10267 42504 38827 9347 25266 32544 22626 17201 22010 775 16110 36356 20606 8587 22227 19382 10251 4739 14253 26995 35102 27976 14354 3451 2259 39667 4727 37727 44446 2211 1378 43422 24211 8790 1294 10360 2223 7226 39444 32367 9357 18018 7837 24268 379 2658 5953 633 28488 1835 1357 14195 43805 14929 33837 21489 968 29164 6216 37956 23028 16600 18093 14331 38381 28766 21201 39005 22056 36785 35703 20827 22752 30482 7912 44506 33125 38172 43473 8137 17758 17542 27521 24975 35565 28000 779 9738 15434 5550 5172 14284 1021 35705 33565 26599 34929 34280 14970 31258 24565 20796 33039 12748 11215 30695 23108 16324 30397 22112 5006 27228 35316 24190 37920 43414 27095 25598 35501 24994 7816 12152 12136 24074 25437 39814 29047 38491 31721 22626 10677 34625 8926 6322 12458 16341 30763 4032 23045 10351 5264 18609 6317 39402 44584 1669 21699 32781 30593 43033 24292 29298 14742 20745 35452 17521 28428 7838 27629 3115 9819 19567 17143 3124 40398 28103 21081 2653 18499 41787 12320 23190 15431 32901 18853 6699 11258 21340 8486 14373 263 23651 11085 29351 32787 22463 32994 28991 23807 14752 5648 15404 26558 29718 35241 22035 42686 27709 2538 31439 36522 4427 31770 471 20288 28720 26303 6774 24697 22649 26448 37095 33275 27057 41591 12429 4255 23093 30871 34415 41912 27795 14602 13486 7380 10045 1499 2155 29951 25356 11741 36167 41077 21405 14627 15992 20141 36925 17170 23495 21103 41190 26638 41014 6682 36305 755 12055 43103 11452 7133 15899 43780 38776 18879 35584 41337 28029 8567 5763 37342 44443 29518 20961 22341 1182 14509 11482 31923 9883 19133 16812 44880 14864 38097 22838 11366 34208 32442 20747 410 44491 27582 31765 20789 18500 6874 41745 14841 43236 3534 19133 27174 7365 12833 40440 42565 12705 21811 13113 31370 10439 4740 23780 31093 7538 44347 228 4400 44138 1378 41951 32770 11239 15616 15102 20981 2788 30924 16071 4423 22140 34785 14651 40699 41395 18688 42655 37500 28951 31132 11954 12784 16551 9074 42177 18574 43663 537 19899 19785 41299 1988 32071 27749 27019 16807 20345 30821 15856 27425 19929 27604 23446 10933 12012 44249 5999 26519 32045 25461 28837 15860 15922 38912 37339 3005 19831 33893 34413 7143 9830 18878 13867 13750 37363 14411 5394 26339 2428 41953 27825 25479 38004 3927 6205 30693 33108 20447 19559 33533 22736 14711 31587 25163 5398 2536 30883 10947 35645 42436 34587 964 22448 1643 10785 35340 1486 30244 28380 9401 25911 8018 14761 38223 188 5005 9323 33870 38823 42230 15340 17937 30984 23582 13736 34994 28806 17984 21345 19628 21542 8879 26990 35681 39493 37011 26600 13449 19810 22339 9542 37062 38183 37500 27303 21203 43257 24396 24407 20137 35970 9630 8386 1250 26948 28726 29308 35728 32201 37324 29622 35004 32492 31887 29390 25096 42243 9955 37317 44364 43709 11484 35603 13659 22379 38566 3249 26662 33502 1585 2161 515 12777 44739 33662 31232 13327 13197 23754 23407 1528 4965 42121 339 35850 10057 8092 41861 30803 37601 12233 1981 1332 18624 40321 32315 16057 24194 37075 41344 21232 31358 478 33872 23985 25865 24998 18940 39134 17323 16391 36395 40349 8103 41713 14428 5222 34786 36668 41948 44882 16699 29190 6116 29940 22586 20148 31904 19914 38316 34756 9755 10972 35808 30166 14148 31586 10354 8489 142 37388 8818 36092 10700 27907 21434 42172 13418 26715 31922 38318 8302 4858 27348 5686 27660 17205 30881 18224 4614 40543 43523 17337 4834 9807 40704 18746 12163 27245 39560 4508 43726 2505 9328 2588 13034 41799 34751 43390 20763 19710 20267 14433 2010 17215 37409 2503 10045 44685 12679 30455 2784 12878 13863 21015 9352 2758 1113 17768 17021 24717 21988 2284 8233 30992 44526 7104 23991 5143 40842 26419 23019 33042 23975 40787 8281 17773 29261 40726 14415 16511 13842 24390 40277 38291 63 27604 16515 11198 8762 20047 10921 29387 33163 14098 22759 43860 1514 40948 33327 42527 15710 35389 6360 9042 6875 31240 24806 38020 21203 883 28091 23259 36406 33833 26767 32627 33550 41503 43167 31142 38418 17710 41105 6077 33242 41574 43207 17180 3585 40769 40953 10628 43458 10710 3468 2050 43571 27196 31642 31940 7754 32437 16249 42200 34854 31018 29558 7976 28975 8017 40497 28620 40034 27624 14899 518 7883 338 18740 20840 13860 37300 11005 2243 29117 26629 41654 20208 28992 29823 13665 15957 29519 4213 13616 17215 3534 26784 33440 40103 7072 12925 6060 16380 44886 6593 24057 14689 17435 38029 27286 15792 4494 33647 43256 41448 42644 33240 21784 7575 28041 8816 20502 22208 18638 41009 22586 21787 36073 35139 33722 19264 4010 28077 44659 41040 14113 18968 20750 11076 38716 37397 31599 20597 12095 5476 1723 28093 5122 41869 10501 4248 36932 39216 21079 14423 25238 40359 20292 12393 29263 26102 29151 36932 8661 16832 33441 2895 2067 39507 19828 2403 20203 44316 36835 40757 8049 15428 25009 24695 32527 18833 24245 43513 22523 31189 5131 41480 42907 10594 12334 13625 29446 27256 36363 26955 5669 41882 14788 29814 42973 6437 42312 26230 44542 13435 34367 29630 14106 40683 9154 41488 39943 32246 12845 29025 27987 11919 35481 19806 15149 33979 11548 38074 362 29464 20349 22016 24638 40257 17680 16036 20474 11786 6431 7730 16514 18860 17057 18201 22070 38617 1732 28551 9196 10093 32383 34336 18546 16792 21836 26503 36931 42880 2665 3885 37335 5843 18040 15971 4470 27336 15266 30610 38709 41517 7581 18178 20414 15756 39215 17735 22078 21171 44682 33973 29924 31422 29329 22003 29678 31098 37985 22989 23043 50 465 35862 42360 44259 803 8278 26794 21877 2222 14938 4883 35447 28701 24337 14288 21598 13265 16500 41488 38794 875 8132 25438 35457 18242 13605 39471 23956 37127 16321 2848 10981 24986 43477 11987 4781 34599 18957 26045 21932 17520 29778 27997 38189 43141 9686 33348 29149 2893 12047 15532 2847 11688 25281 6933 7583 21751 42490 15554 28855 13822 13791 35849 36706 18081 8596 26673 14470 10367 22323 16598 5476 25724 37007 24241 14166 11443 17566 968 37825 22560 29492 16776 25300 26308 30048 16589 9267 15365 9934 10513 11138 32026 18580 3866 14505 44756 42360 19597 18891 28678 32080 7835 22765 1474 4969 8607 36257 41127 22319 7193 37823 7371 20737 6954 37561 21025 27822 7465 16099 37015 24689 10423 3613 31990 15475 43160 6336 13324 9627 27045 20186 20862 27407 36968 33817 36184 717 26921 17204 34368 878 10358 20130 31320 1682 18979 4448 44557 41841 32328 17553 6917 26990 38305 28806 2287 11318 11526 7623 44033 33914 23866 18405 18082 10961 35362 32500 7586 38896 32758 1036 4960 34957 15037 2625 16421 19949 1634 42842 6478 10283 37857 40991 11764 43897 7204 17463 30273 39253 24391 41439 21496 36342 10752 20120 3026 847 27145 38715 38272 21571 31973 37822 20969 3632 5819 7462 10406 30571 43565 1279 22720 32092 37595 5155 1415 44413 10781 33323 11802 7469 22611 43401 21171 35172 6883 7458 4224 25000 33555 32389 42001 5630 41067 33514 875 16910 23383 44968 30780 13947 18395 41919 24939 18473 10893 3325 44900 28036 12256 9790 35859 40669 26851 41057 9069 40831 29923 14357 33388 12111 5571 1400 40751 42773 44615 39546 43789 18347 42089 28586 10674 33925 28037 5959 38748 4921 41264 33121 28710 21877 34307 35612 17326 14102 189 24314 29468 44498 13659 8803 16944 546 1818 21752 25063 12880 19172 18297 25150 3494 34448 26834 38761 11645 18017 32286 15300 24839 26336 20318 32970 3400 40774 16585 17270 29469 40716 11342 18643 13100 16456 17652 3 20854 40008 2987 18593 12754 14809 22690 23022 18578 44557 26025 43416 11789 17752 36568 25256 7718 32491 27362 17732 39857 25168 4373 23389 19646 14179 7454 4843 24318 8118 11762 12604 7618 38699 24922 24790 10069 30571 14084 10151 28098 29704 10498 21694 21132 27753 42223 4995 13337 35450 39865 9272 8105 44574 7921 37028 43617 30711 15081 38327 37000 10949 33469 28445 20741 30874 40585 29049 22901 22074 1473 10261 4151 35280 15636 4794 24011 25857 42720 38514 16380 1555 11744 22023 38931 25754 35244 38787 19197 20350 43835 9591 39945 35194 5548 14178 24107 31509 17663 11485 36142 24456 11508 23931 16347 5725 39887 32594 25115 833 31939 35953 23 4901 14428 28611 40228 16192 5120 29160 26622 13914 21637 17894 18374 17561 2242 30261 8895 15777 1207 20101 40665 42051 26257 2094 9438 18451 29450 13501 13547 2805 29436 17714 38328 36981 40877 24911 13631 44611 20709 37121 36273 29743 44119 5674 3880 12182 14672 3991 15114 6079 13756 19595 6997 37081 23711 17456 4297 15358 22687 40307 25457 43408 22617 39851 31329 30435 41973 8253 43021 5887 6788 43421 9662 13455 36953 13128 26948 7778 25875 8805 25545 31 15488 15148 1587 27083 28036 28757 24199 32286 18338 39326 41086 11443 37919 33376 3440 30157 9285 13437 18059 39536 9091 33069 43896 18581 23752 39724 20280 25823 520 6147 9981 29105 14379 13756 14328 1169 24654 4989 9873 9733 37897 27837 25669 8901 36237 16434 34887 34845 31196 5249 29639 320 12032 39673 3649 44486 33798 6052 9791 41055 3027 4354 39641 3290 30792 15896 5483 3724 28028 18334 20099 21045 28012 17263 40048 11377 44874 676 4776 33439 17437 42366 44139 13664 4237 12040 10764 708 23047 29889 14019 5966 15439 32512 36830 26392 23618 2259 31338 3426 34562 3264 12608 40392 18429 7234 31406 26272 39843 6152 13960 12450 40764 36817 33292 7244 22062 29186 11421 43977 1028 4687 33492 10966 33317 10122 33894 18564 26264 17524 21801 44909 29550 22992 11215 24997 15990 39574 26080 4481 32443 36394 24097 38110 32389 3339 28966 14283 551 13995 18375 3058 44374 28941 6461 24360 27255 19183 8035 29571 40678 8792 42464 9665 21676 8595 42218 4638 31783 2884 2654 16044 29138 15429 1016 37616 35951 16869 21686 33006 5417 39164 2718 22057 1858 8157 31725 26415 5549 43845 8611 2069 35477 28410 6822 31140 3214 2086 23167 13068 33064 30390 28205 34093 40181 11464 35615 25553 12710 17876 29761 8902 16049 29609 1932 17643 29033 2756 3210 1788 36194 41828 8741 34502 13905 19277 39842 43989 38093 34734 36338 20388 40948 24587 18975 4300 16926 10842 18465 9186 82 2998 19525 18521 42550 42565 19220 9469 16261 36497 44002 43577 20476 21937 7263 8597 16290 7839 3440 13331 7881 12784 4897 7435 8710 5470 7240 33798 3917 11120 37277 6703 23564 30619 36026 2063 32390 20462 28670 16132 33136 7312 26456 17898 8088 14843 38710 39630 29355 2878 18087 4324 1167 40213 34990 15947 22104 30302 25789 13095 16918 24082 20183 21798 6838 38273 25253 5270 16895 18795 34951 14387 27945 29449 14594 6435 14008 32162 36377 34132 40760 3235 31295 9333 17689 23258 30112 10196 31810 12587 15227 16633 26657 16099 7539 13330 15204 23146 35095 40480 15508 34443 1890 21492 22042 31373 37090 29475 44145 8258 44406 3370 36823 9848 17186 11194 23887 28016 41377 18569 10934 145 6839 43407 36278 33072 29172 8617 7687 39800 9933 13864 9808 34576 42672 24827 3063 11249 35969 37075 44034 13494 19054 30351 44427 2060 1634 29698 31061 26162 40562 39471 42815 35881 29578 43807 18364 4808 41374 9770 8038 6859 44721 3735 28484 5137 38074 12376 8630 32844 9919 2105 7389 28754 32305 37678 20370 30189 8023 44426 7808 25177 25954 17605 4610 3391 19477 13238 29852 40 2564 13860 7725 37182 1299 41336 42161 38501 40770 10891 26840 22195 23135 20754 39135 20471 35268 28685 34840 3364 42161 37340 22804 17249 3791 8942 1946 23184 24794 25694 21161 35168 19032 9592 5975 14015 44420 38540 36276 36362 29974 16336 44191 25075 21573 27905 32626 32177 21741 10855 411 12889 39527 19517 26080 34109 891 29624 24472 2320 779 14116 42433 14790 16277 5570 31320 29025 34937 41300 16706 42800 42701 17780 30115 17372 12673 2441 12863 39453 44671 30800 20983 16664 17263 3238 19168 210 32006 7148 6081 34838 13273 37651 39739 20399 5917 32063 43537 12058 41211 1353 32662 5954 3006 20947 9076 29759 34367 4010 11146 21030 25239 21023 7312 44180 421 42884 21355 16756 15803 13189 14238 43879 34304 12177 42174 11899 27569 35824 35774 34923 10470 19546 39021 651 37807 3178 5011 6571 20042 44728 36699 14406 8044 11913 13907 44088 19119 26241 18559 22166 8232 34632 19049 13684 11910 30098 44210 14071 38524 19036 32004 19588 21049 6646 32832 36931 33379 27482 18812 9351 909 12085 35179 14566 18157 20118 25837 8143 36777 43711 41434 41285 29279 36524 21772 3589 43008 29852 580 24848 42724 6388 22156 24734 29486 20426 40585 19378 24460 18471 15208 42855 16125 38866 43038 43169 35194 13603 20620 13709 32693 21690 5547 18295 31229 17991 42067 13383 17774 25086 27128 13793 24380 37079 3305 38434 25554 5675 31713 18003 11464 5333 25505 34485 694 18443 14869 13619 23519 38942 3260 21246 2602 22713 11444 5507 20065 4537 11995 39702 5225 28134 7816 31061 38721 40162 33247 25712 38606 5768 426 43633 38325 10546 6031 12433 41331 2575 8525 27359 3645 27289 22694 41338 15369 36586 26686 40282 42074 6816 38872 43200 1721 35937 5340 17542 11438 24210 23746 35837 8769 15764 9004 18740 41613 7164 9282 26782 38655 9949 37289 23064 10177 13745 26622 24269 26958 36018 43188 32 18416 11647 41429 7398 29047 20158 5097 12552 582 36189 14243 17859 36263 40383 25845 17035 18947 20954 10102 38879 3865 539 13215 25169 5906 25957 43316 14841 42377 6760 10176 10759 40768 34410 35390 41131 90 22969 24048 17926 10554 4000 11272 24177 24635 37674 754 16517 43232 10636 10993 3913 37460 25893 14942 18651 34501 1545 15583 33747 44626 2088 6872 42564 34362 25145 37892 4591 33956 1609 2157 14698 38230 15654 37411 41142 26823 29653 17299 3788 30401 18927 37016 20222 35986 6337 26577 9859 13874 10529 8742 9415 44553 44361 9522 30728 32809 34267 22380 12107 28299 11349 32828 31924 36883 18295 26720 13070 7719 20791 38399 11693 2258 38216 24689 32987 12237 24642 35472 9268 27934 39256 12010 44822 10710 23231 2326 26703 17419 37589 8551 26733 17267 12884 30885 473 5995 15885 29857 15257 9056 4578 12611 44845 2454 40297 24134 29582 25438 41672 36685 23024 35711 23461 26010 4562 30479 730 36322 36313 25089 34482 24430 27162 32228 40501 2116 34512 2363 28049 20807 12057 44831 42649 16834 22327 22720 40675 20543 38150 32562 41362 8664 6981 41246 11332 9996 4633 11908 30401 27136 44524 4118 23296 33925 21615 24288 43351 19587 7189 41285 9642 11452 13504 10933 27324 44659 39313 37134 1209 19494 31315 18569 9548 13194 23982 35557 19343 33985 28315 21844 25709 30835 31434 3694 20554 40921 39613 12037 15277 5263 15236 42227 11616 30563 14149 8919 28074 21688 20196 15235 7836 44648 23187 20587 13930 7283 35770 41560 9864 32892 3155 21774 9438 2048 22060 35830 2687 28750 37531 19543 29680 1250 41519 1432 19094 30541 43489 6009 20521 20556 33003 29527 26715 7627 18562 19316 3350 14622 18864 41416 29022 43034 30691 16715 9656 24303 39781 33018 28573 19564 5402 11371 30869 40697 18111 12869 42379 27882 16442 26253 34137 43193 5868 34726 35149 25816 4354 12450 147 38783 15187 20222 39552 21213 2522 44646 8264 10429 25294 24616 2856 10207 2047 32374 12782 26556 27925 43379 14979 15219 31572 40729 35337 16419 30269 33129 28435 40651 33207 16225 3369 6550 5933 20692 38761 26836 42073 31603 5066 23542 2379 1564 26830 34788 26601 10911 36467 15168 36511 27123 32773 22083 43920 33349 41272 32114 7190 33238 4652 11272 15257 35171 21353 34899 33898 17105 40641 20416 36344 19933 42131 34702 24396 9427 41243 24095 18703 27203 19147 25606 17666 20534 17867 36562 36693 43072 2287 16282 1828 28690 16400 29430 24366 22726 44201 7322 16624 3619 34311 11848 39954 10890 3793 40061 20871 28038 27601 37969 22393 42257 41470 28415 8349 3634 18033 18209 5241 37542 37879 38514 1702 2782 22030 26247 8868 5336 43020 41138 35800 17705 5045 2277 31405 31158 17355 25351 35729 3708 20461 31906 42694 21111 21194 7102 3778 1629 35860 29091 29323 230 23218 39998 10344 982 12122 18472 26174 16656 23025 28754 34478 18092 12646 7286 26908 891 24995 32791 17971 31460 15665 19729 44661 505 10616 40236 38984 11137 21402 41739 37985 27686 30885 14221 34990 38861 9190 2964 38271 24654 38883 29330 14500 44129 26192 23373 29468 41294 2217 11211 27119 6980 14685 8299 43754 35493 16280 38781 9306 5001 44296 23054 8951 32199 17709 23991 2955 8093 43188 32740 23046 15658 33762 37895 1512 8131 27620 41976 22967 44181 40088 9281 25273 43398 732 33641 6562 10995 25205 35914 30216 16204 28991 23569 24084 24934 36133 32652 36010 43310 6995 30083 241 3575 37597 120 11687 11504 30003 20301 33346 18717 38917 13681 26361 2700 26603 22624 10570 17406 6451 34803 20888 17503 10124 15085 13956 18803 42303 15271 4225 27453 32650 27311 19100 13459 41710 8172 21906 9416 2191 25278 34395 22602 12139 37414 5508 9084 452 34978 39525 18765 32116 38050 34052 25141 30209 16978 18156 21294 22918 29102 1071 24304 42642 14585 1654 34317 24369 44568 8382 31399 6756 22612 44766 36484 13143 30228 17087 16913 33587 30157 41449 44051 31273 38582 8020 18125 17443 9260 33316 29832 41861 41794 43147 30882 37311 36519 38452 24226 33471 41281 8818 8486 20492 37469 29306 19532 33740 25511 28765 36645 40324 3681 14975 18954 26798 28023 39817 18441 42474 7765 25767 7343 16085 17117 39593 24808 14599 1084 16515 24753 862 13008 19945 24230 19993 42922 31152 23931 42215 32784 24356 8980 33261 13576 38825 19559 641 11245 37563 13535 27381 37485 23402 762 20457 4668 41207 27278 39020 5639 6501 31060 21425 17679 44819 36813 9963 38421 29495 20458 15568 22132 30405 39858 26510 34883 40421 39413 18170 43980 30739 5461 38228 44184 25327 9121 41309 34644 34234 3442 22249 26799 2105 6255 19934 31935 39118 9785 4225 38533 20848 6672 36812 22118 8758 36148 1031 24911 36583 7815 14763 23037 3846 24886 30141 31624 24379 26493 44280 19710 31240 18349 19448 36036 19169 11186 13066 25705 13393 37133 12324 39672 28100 29044 21932 39669 23970 9699 29595 37863 11316 21868 40302 29545 34020 43331 1779 2193 36426 36837 1643 28939 42519 22944 2646 24550 38209 21904 2266 23132 11036 40593 10413 42013 8490 17918 11795 29635 20936 21273 21056 34012 31346 31300 32862 3258 24784 25791 932 42702 24700 29444 22269 18573 4871 2297 40448 28453 29017 40505 20530 29721 20870 24101 39239 40282 31665 14203 37079 5284 5576 10130 5471 20936 15505 11009 5829 35795 7407 3852 29746 3975 22078 19511 22247 25653 22990 44856 26706 6290 13153 21364 30784 8746 27555 44338 29129 9430 24621 29245 18379 19859 29339 40839 42928 28375 9979 6792 8502 14718 22545 28316 13502 30624 26216 33762 36565 41578 4659 25081 13287 43105 12697 26910 19390 28150 31472 2571 27334 17881 7853 27205 29005 10185 14323 22831 25269 23978 43509 5793 24332 27141 7284 36717 33756 11743 17520 27076 17314 2163 37994 7281 41638 2429 6471 17159 6477 29362 4340 16921 19728 37001 23822 37375 14289 27437 10943 28263 44021 12608 720 19094 35739 25925 34328 15371 33738 17527 31563 41636 28636 38015 12432 12885 20143 861 22655 35463 5422 35521 14463 25961 38040 42189 38930 26088 14373 44763 4948 36965 12732 30667 41395 17932 28966 20003 33849 4735 16035 18080 44947 39251 16801 7218 27674 23226 33660 2311 31117 40772 12400 11676 2319 7457 21015 13470 12906 2054 34809 41090 16500 43013 30510 2959 32791 42417 23410 39168 33351 23344 9871 17110 6514 11966 20348 37402 31441 17317 11217 42858 41633 42323 5383 12652 4213 20129 21715 3749 23393 21905 22409 408 30375 6348 5082 35114 21240 2490 20893 5277 19147 18016 25086 1344 23909 29484 29844 38707 17933 39236 22372 14460 1683 16608 28462 13362 7967 9524 39812 2460 28646 11908 44301 40160 17431 31339 20786 37314 13847 16724 32639 940 9056 23825 38689 13454 41432 29189 24603 693 22270 10422 4565 36338 34210 1231 16845 27013 1880 30071 35390 44033 38321 32295 24442 25319 16204 11021 27703 35279 42110 12818 29360 34316 30802 42524 30229 41541 19536 20216 27820 38791 38798 21542 22370 25694 7381 10996 21639 8398 7701 19827 15000 40236 12378 1965 18926 27773 39660 26730 12954 41763 13452 21321 27005 14583 4999 28908 39252 2084 37767 37820 2904 8202 42745 15243 17377 18077 17549 41321 13922 894 30857 8556 9682 31513 16668 20854 43467 13945 44714 41951 24843 6128 40939 44411 394 35733 32587 9556 34243 29524 9371 22647 7442 9198 23267 29499 37855 6671 15082 39699 4443 44451 4185 17355 7711 16441 14542 23718 7637 13099 15574 9362 35003 32449 27624 28197 10223 28421 37 11847 18736 259 34045 28130 43292 24571 6491 37088 28325 33886 38516 20100 30713 42329 2342 11024 3513 17213 44886 4745 23982 44615 42249 28910 20581 44541 13336 5431 17227 29765 2651 32309 18859 9108 18512 41121 26161 27503 11057 18425 30197 8904 22761 16692 22959 9580 25868 23217 11433 8800 30865 4394 9658 24829 37272 15313 20456 28484 893 19328 31731 42256 786 2061 32380 37086 24619 8279 16442 33666 12518 39402 40282 13258 30232 32968 675 25844 21480 15188 15510 19349 36958 35904 38853 7095 4685 24910 38352 15903 32459 44646 19645 1215 14206 24969 15081 38460 26539 37697 25076 2502 3894 2079 29239 30201 39409 18406 3071 21171 35806 13642 18882 22948 29638 35421 5749 25519 23103 29632 28227 34984 42011 1574 4131 33985 10445 37994 34954 23226 27270 20619 16357 40911 28293 24612 18401 8386 44831 34837 8010 12630 5409 40021 16706 38993 20675 27992 35183 8184 39662 4640 30650 25552 40000 457 31566 23834 18351 10066 10461 26459 1832 13015 4264 2757 26377 2422 36397 36988 37077 13672 7825 26529 8773 19346 23158 42111 43288 38846 17408 30558 28264 26393 41799 6088 13798 36174 44055 42236 2148 19309 15347 39882 14134 8839 35019 21232 2488 39563 7321 3801 5644 31610 38327 19978 12751 8967 24297 29295 16906 4262 13357 2013 32523 24929 12442 27704 33628 11684 7096 37251 43024 36593 23753 8130 25394 35401 12045 4605 17866 21868 32723 41378 23780 38567 5296 23926 21647 38353 8410 30839 10191 21497 32070 43249 30723 17350 18292 10095 21243 40334 4412 16185 35445 10038 6323 28259 28027 20385 38780 18588 1848 21431 33985 44440 37064 31118 44368 32743 26746 1652 21398 9667 2450 37934 9476 12782 500 17799 11540 6236 39802 24948 7179 12229 28874 10631 7108 6571 40577 485 8775 13725 31371 5094 38587 26810 36037 5673 22916 44804 2147 35985 13950 40765 43151 23388 35164 8968 31322 4073 1084 43628 264 42707 34090 33234 26900 2927 40705 43177 31292 4526 31705 24914 23009 27113 12172 14580 204 11378 25789 11170 17841 24577 24486 39164 36856 40678 368 12049 18744 27148 21751 6872 40760 42290 24923 42941 10507 39764 40729 42997 6969 2796 30566 28873 17633 6214 38256 21503 18003 2116 10254 28610 31535 13177 9912 25759 44661 1250 12314 15269 9202 14529 2794 28314 29020 37901 40544 42564 25536 6656 21525 9151 22836 11570 3969 44902 17893 10222 19632 11969 32369 26108 1467 16296 23532 42225 18849 26751 18074 23303 14638 7975 34235 39098 22203 17160 23721 186 28967 33319 41126 26741 23360 41488 14470 2670 3262 9677 31322 8702 5822 16860 451 32882 37355 11535 4196 39178 42421 9381 8211 9000 8861 1105 8506 32056 10328 37590 33749 19405 13375 10910 8013 12020 34255 8961 21721 6667 21934 31011 30713 18868 4856 7950 22322 14038 24126 16990 27584 20238 30734 21436 31171 31267 42592 33985 19812 32242 31442 39952 34491 17029 5962 16511 31726 1347 8620 17378 40300 25425 38789 36549 32416 20429 13172 44837 4024 24870 4653 4793 26461 9699 34899 17277 12659 1455 39743 42660 11366 13259 40633 32508 8136 4335 5716 35133 7358 38609 22304 12126 37687 24711 6502 29312 9455 23283 20879 30230 3763 40033 12100 27098 17882 16975 44505 14382 14145 4340 283 13012 36235 25032 33894 37689 5333 12525 1843 7901 30755 4822 44122 32462 9410 25977 23267 22673 23644 7800 22406 10215 5938 37323 37478 16265 7295 9024 38311 5029 44453 78 39673 3574 2307 18915 16234 33805 1893 20251 5997 21195 39986 22948 13183 10660 43351 30928 5122 2488 33913 31255 9130 7917 8044 15820 15572 6402 42483 30725 14708 15995 42303 13439 43805 5805 15678 27139 43257 9175 5751 38669 4300 36159 33900 25258 42182 25186 44661 28869 3272 36784 5085 19054 29070 34168 38165 5109 33857 28607 39637 599 25701 3343 27299 40219 4322 29796 35992 40213 17112 7633 25615 13995 10786 8786 12 37184 18949 39615 24302 43103 40596 18044 3316 22442 34011 35068 6226 37799 3465 36921 41903 6263 22486 5827 34888 31770 1044 39811 5981 19565 29957 37638 43307 37012 21499 11905 38340 5251 22323 5448 36556 1520 13831 33597 24821 31776 37353 16329 16550 1066 43608 9750 16031 16600 19292 14782 22835 15251 25845 5316 6753 26167 6645 949 24590 32511 741 16753 17726 37449 43101 16449 39609 14022 6754 37772 8497 42664 23964 32028 38842 19875 6906 28288 2906 23612 18162 24577 18832 33863 18229 40042 44281 24128 23638 40653 10457 1295 19071 38206 40809 10169 22840 35368 8091 20550 43844 31178 31384 31060 42862 8807 33978 21314 19062 28166 8147 44812 29121 36160 14764 2195 27275 18645 18705 38392 9701 24589 42094 37010 42350 2028 34465 4896 36392 13595 20731 19696 44033 35763 14873 32381 20239 8380 24043 32342 18666 32647 26514 33332 9668 54 4148 3516 7642 16709 14665 4399 26942 9641 39461 5529 24121 29630 20889 25268 33383 26845 567 1256 19815 31881 34734 2953 35310 27055 26295 20735 24254 15394 17089 40684 12966 9050 19764 21973 44906 37946 27810 23443 12138 24559 39432 42183 28816 42695 11368 25516 41148 38935 32581 7862 20486 28800 19123 34039 29738 7897 15647 22808 35531 35875 41608 31965 21461 16493 37629 43251 36981 15086 23294 38659 18479 18243 34915 34312 27813 4441 18662 10354 14471 30569 31885 39189 24386 20610 28620 14938 38531 33838 14421 41432 37453 40043 30994 25307 28369 28724 18960 19391 648 20527 16865 12610 11180 8138 2592 8512 29509 30947 36351 39493 43997 19994 35196 19998 3599 19842 34263 7307 43985 5161 4189 27129 26892 12477 3705 26889 15537 19740 7439 28233 41198 5747 3871 16936 20929 12410 19880 5105 1527 29911 33721 6154 14554 37406 8774 11916 37855 21517 37871 5308 30340 16591 42182 8447 27296 20020 34918 15498 25079 36635 12811 36083 30128 14703 17094 31329 41426 17908 16245 40483 34406 22862 42225 40015 33759 11417 15997 25496 42399 27135 41066 1866 41720 16009 22835 19013 19991 30812 41296 10808 36296 6053 22047 32283 7708 18031 24169 10598 8528 43049 17371 43913 23623 14889 3425 633 41773 17501 26535 6523 14791 27547 30116 33883 11047 4782 38974 4353 8711 7045 26771 37951 3613 19132 15731 29103 38002 6727 34540 32560 28998 20599 23629 7161 19837 24878 5625 35345 28357 40160 44528 35237 10499 7150 6681 24104 32301 26900 15710 37409 22328 14736 11927 36242 11857 408 21409 43003 16602 28192 11218 30579 39518 27539 16559 20852 32418 13478 43033 24310 15841 29182 29810 35575 24478 19159 26457 35056 40852 39867 28212 745 5985 38749 19957 6592 18757 15575 16790 19939 6125 32817 15 4605 8888 33020 22065 14557 3476 32104 40438 22845 34091 26497 35088 23119 3214 19607 8730 39913 15002 34253 19639 5992 22094 35760 35785 26640 23698 10461 43449 18294 17944 17895 15562 22519 6632 6986 24761 37250 24617 6500 2893 25652 17676 2031 25388 13613 341 44823 160 26528 568 36575 14535 39376 6436 29581 8554 1351 31926 1494 11851 37661 28486 40513 43983 38042 13105 32706 42678 26706 40496 21608 16594 11970 13055 27779 1567 4281 25745 10738 32113 39335 7462 17330 38157 18719 18987 4638 32934 26370 14812 24357 12237 2178 25734 39937 43231 4149 27791 27927 8069 19683 2923 31064 14109 20451 43191 34995 24795 31513 36613 17994 2926 34610 32005 32483 26731 20520 38674 15112 11488 28981 23890 15929 4011 19159 44616 5072 4308 41746 32867 7987 19164 96 14266 20299 43306 14001 21064 33845 44169 17120 1522 3048 43569 42745 39285 20161 25117 29958 44664 22513 29596 33701 40689 10138 11485 5807 221 12523 8827 16717 26901 25755 24184 9584 40661 15784 37963 11711 22811 9229 24978 16020 34206 15344 12279 14718 18629 20404 14681 39994 37319 26721 8985 37212 25748 39483 26865 30592 534 16560 32821 26799 27313 33308 38758 23926 38160 20908 3285 26413 35514 11451 35641 13183 5336 21658 38748 33351 32241 38788 13482 30816 25787 35396 20560 14426 1183 21892 30486 44811 32323 28367 25703 41134 11152 12817 15278 22959 44630 41825 23788 18840 7854 28152 30833 8251 17446 8012 16875 9539 20425 26261 35532 32511 14671 836 25642 40488 42101 7524 22576 39074 15775 42437 21692 12150 15640 4193 39258 35017 22626 1850 14594 4267 22167 1555 41123 14299 22445 1745 16190 21969 36080 9963 9505 3499 35725 40662 41787 34019 31944 29279 37503 38288 32322 11651 1767 7571 14898 1720 22117 38840 12677 8349 7557 33235 10375 20457 7384 28608 35867 32141 3952 37361 2053 18937 28471 24996 35392 35180 13602 11608 35364 7692 21922 7413 34253 40759 32301 6668 18216 37516 12039 36608 27906 31751 31305 9587 34342 35952 29729 25968 2302 24442 29948 12467 20723 31321 41048 12195 18787 13251 13058 16756 4511 20239 37413 44327 22944 32126 13058 23445 12323 6642 9756 34863 17743 27920 28760 34059 31426 43474 36326 30791 29474 34965 2368 40293 29359 5777 28405 30430 26556 17110 16169 30004 44807 18194 2741 14143 38694 15495 6039 15187 30442 30187 28776 22717 4688 7539 2806 38556 34010 30681 18706 40555 10136 19291 19134 33554 8295 36645 29487 11908 34908 16335 12637 27864 40324 36636 19855 792 12313 7748 44539 33277 44408 32618 23442 32541 21782 27608 4761 22477 9158 20091 30409 42838 38407 23773 37401 1540 9700 27582 28033 38401 13099 147 24575 43605 15632 22651 39767 9781 20308 37460 23177 26140 13774 39038 3904 4968 20642 35570 29778 4901 25555 41969 2127 25622 1769 28036 44268 33142 25489 37589 12201 3336 44386 43026 4943 4831 983 12641 22535 36345 44316 37 5477 29891 17013 37955 40273 34452 40715 33028 26203 21665 12708 40446 31246 11128 27293 42303 38056 20013 20337 5231 12863 14869 15363 20158 40767 32437 8583 32390 42946 371 14658 44561 42553 19127 18894 1846 27322 35630 337 32957 28548 1693 10124 18581 5107 11638 27498 12991 34382 3304 16907 27560 246 4968 30693 25799 15930 27771 5191 18700 35382 20139 31812 43215 6591 25578 29436 15156 23897 10586 25696 23229 44643 33539 13874 8811 2367 40999 19349 36373 43351 33758 19113 2433 26687 11282 28535 41772 42933 6394 15945 8716 41753 9695 36587 25088 17993 7520 17387 9465 16563 22448 24968 33667 18583 42781 39414 9609 15573 25699 15804 16129 36067 31866 20929 26614 44464 44804 8611 42489 27364 16563 26980 19109 24479 21189 38591 9285 23461 559 31945 29149 32893 42379 21530 1455 15003 30610 39050 36927 44256 16133 2874 18622 12559 32743 21760 13417 28948 6535 24943 32364 42981 25237 42527 27483 13511 1460 30816 30039 11983 4434 34494 3776 2879 23876 39072 22202 8566 32374 17066 6040 35406 17328 12108 20510 12619 40145 30213 451 14121 4112 21388 37095 33774 16502 9456 18803 324 19932 15660 40851 28231 42818 26098 1040 12680 27692 26493 13903 36115 26179 38116 43481 22773 6665 29943 39868 5969 31688 4769 19806 37321 21051 8285 710 30241 14746 20323 30790 23564 32070 32007 18502 29862 33296 27912 35963 38979 18886 2456 30 6133 19668 32224 19751 3227 8829 14328 22499 25064 17949 41372 1261 31210 7206 29795 14519 25114 38772 24170 2928 17327 24019 32951 36232 9155 31614 671 19636 29791 22305 31494 14865 6022 42884 31509 7250 29553 42959 30287 6981 37532 14541 1596 2964 13831 33229 34503 41770 23857 6252 16782 27665 41593 11372 39212 31193 35726 27863 14391 17513 24944 8136 40126 30054 194 22718 37940 25382 16446 37226 21618 40305 11009 18597 18472 8725 30938 23666 30982 43625 9366 32456 19472 44568 18688 44449 7419 6445 26013 6388 19916 18434 42862 13046 13110 1286 17902 34763 28124 31823 37437 19232 31196 33291 10589 22789 23274 32929 19562 709 184 39456 25702 29684 32979 35473 39988 22029 12557 1849 30801 27995 4276 11425 35428 39745 29433 22007 9244 32984 25549 18604 12539 9558 6530 12336 35930 27719 16798 33120 30368 2705 6906 16956 37988 14283 37695 19756 2657 18666 24618 19197 26047 26796 38927 7746 23543 25139 14714 288 16928 12760 37305 9920 37514 15061 17900 7265 6786 3316 12443 1396 42589 22707 42926 32946 27693 8428 19052 21438 27445 38151 4711 2834 16633 38413 29159 637 27428 39459 19394 41396 23916 3234 14710 36126 29866 5550 34288 28057 21135 5908 12532 21814 12411 43666 10509 16885 28217 19536 6666 10372 29534 26802 26538 39856 3948 32034 33810 24236 12162 41017 34749 14962 34988 10971 31043 32279 34810 31006 26182 22459 36672 26306 950 44315 36227 12732 907 39214 31357 35034 24016 23428 10830 31613 16790 30560 31893 28745 27755 16377 40082 14025 17197 4135 21486 32750 23284 39578 42043 29529 30584 1082 43931 25528 43501 38708 31256 32583 30855 13069 16105 38820 11781 24440 16454 8293 7516 35529 23381 25993 8067 22827 44531 32501 29760 29487 1960 33121 4325 3699 40350 6324 4773 24744 10305 10695 40502 31301 43023 28123 30439 22336 17653 547 13997 24409 21677 17715 27482 20618 31035 23583 41087 9452 15815 38050 36932 22972 19122 23467 27134 15220 17109 37424 14450 26620 14397 25817 4578 9080 25169 34756 24689 13231 34039 23840 41739 36914 9109 9726 41323 9004 30014 23462 21651 10375 7140 38574 37827 24773 42347 29574 18025 32372 20220 8248 29132 19448 20953 5097 8737 30499 18008 41135 25749 17539 33890 37489 22422 17785 37576 19094 33026 26520 17016 19140 29914 13237 7832 6268 30998 44936 11426 20342 33411 37964 3087 2828 14383 263 8280 11660 38542 18408 4965 17949 21258 3303 21884 9525 19509 27651 43702 13376 32881 31358 36364 27671 27897 23615 28158 191 3942 25896 22211 20772 10932 11349 11824 33547 23821 29743 14864 32777 28851 21381 4410 42683 12642 44173 28276 797 21079 28688 13222 31175 7061 34197 36837 18462 23188 20409 20679 37889 35684 35462 5354 2873 31569 3572 40900 10500 43677 29667 31754 29063 13071 38507 33448 23837 10779 6335 19309 12276 33955 14125 24502 32545 5247 13081 6711 3230 21706 38505 36137 1241 36064 25697 10646 35019 3261 27945 24739 26134 39886 4612 31776 36209 34523 23618 43699 30612 4783 19717 34819 18384 6671 5434 12712 133 37667 18041 11055 4973 41909 7920 39305 43729 4629 19759 26609 42074 13062 26882 9529 12395 38063 44112 335 11629 19100 34769 32242 20979 26556 9509 21497 3753 39441 40531 36163 29720 13551 27316 34366 8234 934 6181 42825 8161 39868 6361 26316 40202 42635 17191 16416 428 44767 11964 10634 30154 30614 28576 42013 39148 18973 17705 14472 23883 23271 38430 25978 24923 1112 2749 5733 39772 32851 34770 8740 40362 28972 31230 22437 17175 18081 21979 26834 43411 4230 18526 38485 29743 40301 18594 41684 11057 30550 15018 490 15977 23501 31193 39299 19404 22754 36676 14108 31561 19963 27682 25858 24696 15902 31751 30172 24954 22358 34650 15897 9391 28721 23071 21082 5677 31031 10164 27559 19459 40506 12673 36566 1946 31666 29482 35621 1869 30206 44557 25634 2526 2509 30056 2849 5410 36347 9766 35036 10455 28144 26687 1425 41738 3291 7981 22732 27233 3689 4748 34224 14767 33630 4642 42165 15745 26026 1798 113 3077 31378 34343 33458 43643 26428 3734 7291 26008 27289 16289 7486 18936 34602 20222 12973 25986 23284 4104 15839 26915 5337 15919 29376 25004 7070 5088 1211 32504 18221 33124 28107 9910 20216 14097 5012 2546 36886 12863 37053 5874 2271 32298 25334 43031 38701 25330 15417 32996 4330 31629 24915 15212 2872 43056 31818 18952 10135 795 24549 6980 32441 12675 14947 30839 14874 3842 18964 39445 29306 18479 15820 3050 33882 27424 10787 27197 2500 3623 21237 31483 4128 39182 725 18679 23570 33686 35045 24099 24620 17467 23795 20861 16578 31607 13367 41188 25370 13711 19300 31135 36589 27413 25624 2488 18460 36744 38169 40706 22137 44913 22242 2036 33807 9469 13135 17452 37135 35825 22978 20833 13880 30063 44110 13435 7875 28961 5451 34455 22721 2211 25906 27018 15471 28798 36185 27875 6758 6745 38462 5764 37527 9568 16898 25426 25866 34337 36849 24797 1070 28642 10826 13452 17608 18493 2281 26363 37821 28315 43739 9783 25913 27930 21441 27469 39784 8239 14114 29112 6187 39918 25076 11994 14049 28035 29824 28827 22345 26334 26780 10286 33261 28272 39612 335 12604 3724 19385 3889 1729 10548 16219 12926 33358 33438 28004 6910 22784 25979 13834 8787 36063 19196 10507 22138 38785 24510 17479 28091 19712 34693 7286 16148 18722 41924 14787 4155 30967 44895 41946 40253 13612 27310 25996 37393 27287 36969 17029 22728 1539 10435 8688 33883 35924 20505 8817 18735 19018 31106 24733 25526 32261 16559 30683 10227 11320 5462 12943 9716 6582 43989 42341 1841 37499 36588 18981 16143 1153 1205 23461 5616 30060 453 22837 34541 560 7675 12115 5510 10305 34160 17075 42436 7138 24836 44650 30219 29515 25842 38406 39285 14650 20259 3858 3476 7123 44955 18274 20407 43608 6102 8185 1890 23795 34592 39047 34590 40764 34305 6664 39541 20421 11559 3150 17762 22430 44842 32662 10999 14548 44027 13311 28330 5711 23369 43998 41958 36729 16474 9831 30676 3499 31231 39473 20027 40591 23446 4967 19865 2878 12983 10977 1748 36837 14842 22656 27181 8002 26606 22709 38508 39907 17468 26807 42409 10291 5501 12350 18967 38046 17236 11014 18875 27409 19115 3519 21912 12808 40512 44195 30730 32221 39270 30538 36051 5219 25637 17729 10983 37225 10934 17407 43126 20215 22114 37726 29777 25494 16558 5379 38801 29079 6194 26790 1335 32217 2578 4079 8219 26563 38630 11053 21463 16541 3509 42155 16077 40127 15795 3951 25330 21506 20145 26739 23146 15629 9944 31877 25470 25708 40300 8617 5567 24832 14496 17870 16724 15786 29992 26823 35396 20273 356 10328 39358 29281 35453 9376 37156 42519 20857 19640 28225 37628 15564 28584 32687 24298 30155 24130 1491 4418 5472 37000 17636 18915 17319 2216 44683 81 12390 13452 20924 25966 537 11888 33815 28661 16400 31959 26326 21121 5329 6393 17860 37073 8052 43753 14346 42770 7340 23175 15357 15950 8430 37242 26721 30594 8753 22785 42043 389 11062 12791 10660 23162 3133 22222 33573 38695 12875 2 14097 33301 10694 13584 35886 44328 13602 10174 17671 23392 11135 30525 12217 41880 38650 37589 24236 32227 8684 29500 34544 34392 36037 32192 17459 3319 5537 33602 32440 2022 9609 10833 8911 9715 823 39309 35025 21315 30861 41434 18359 15960 44281 18092 27366 43423 6569 10259 16410 13556 14520 230 32636 40203 11493 19221 44120 14767 21373 29281 33467 22406 23389 28440 25943 27239 2583 4909 3208 29765 22041 34871 35324 22054 13743 30375 29298 37355 24420 10506 24750 6284 18057 18974 27874 10873 13478 44596 4266 22304 10097 44356 8918 24546 19910 43221 42085 15621 38375 10607 12110 11574 30911 622 34098 14967 34645 21550 38458 23989 20956 40849 38146 38040 2463 27932 36218 16597 24986 11840 11259 41557 12710 26522 10899 11484 28369 36499 44106 4603 20952 44389 28834 25997 2518 17068 15706 6572 29243 15730 6617 30515 39446 28962 43859 32796 28033 41045 22739 4847 14079 40106 35987 39498 1034 32672 5988 28405 12477 22255 35791 29878 27571 21632 24663 44631 42024 11359 14003 5428 10045 39733 7899 27555 42087 12520 861 10166 11141 33112 16442 41430 9889 35707 31038 21231 34795 9264 40362 26161 32953 26067 18743 6300 16039 44751 19354 588 28750 12863 34871 39720 6777 14236 40548 23160 5917 36341 30681 32315 4556 18829 30772 16612 14622 21052 4892 20984 23875 29011 10760 14536 37109 13805 21407 38786 38435 16571 39234 20065 7331 5052 33758 22932 29452 18528 28244 16931 36346 25401 31514 37549 10722 1146 4586 27795 18190 5543 581 20835 36961 32418 32863 19707 1437 32165 18687 36668 19806 29587 21153 18931 18312 23961 3044 9719 11166 16519 17180 20526 9825 14900 33902 1040 4983 7532 1991 27340 39707 41324 3243 27337 22416 3562 11756 40184 26751 15482 8650 4626 26553 15468 25639 23238 43522 37763 7555 25032 25518 30260 31142 44585 44779 4701 18931 6026 8619 3971 30208 28335 38114 14050 19913 10346 8000 26940 37859 13441 38585 26087 37368 25092 32939 31719 3352 16132 16499 31524 24337 40139 29901 38054 24533 23935 28048 21548 5642 23544 34808 34344 33195 30432 41565 1043 24853 24272 42850 16326 35211 25013 44710 14634 21913 35553 19757 11323 42971 43400 22814 6095 4430 10716 28137 16265 41835 9585 39265 29140 1646 35962 21316 27114 31448 6017 30710 30845 15685 39112 3891 44480 19767 26774 43377 10797 33822 11320 16126 3382 16502 11193 42959 38728 26679 39250 15853 40435 43102 40971 36504 12197 227 23945 22964 25001 22481 11254 5303 36328 31889 5658 22225 41970 26208 37810 15414 21619 22427 5501 38668 37238 32265 36900 37493 22845 17084 21232 18963 8493 40270 25093 1021 9150 11773 21429 22955 25122 19399 31132 25433 34829 14660 4570 42730 13497 2329 25587 27694 3346 7405 21766 3214 18734 21442 32050 18127 36109 37933 44875 11024 7396 7842 36541 6803 23489 13704 1465 20895 6696 351 31804 36952 27227 14552 21784 36408 22792 7935 29971 14245 6387 41049 11786 3175 26307 32398 1195 25479 32431 17048 43620 14942 39971 35043 24192 28811 2610 22032 9088 32612 4269 29061 24690 13146 32799 15706 18956 1265 17329 41266 321 11750 17172 14509 26188 44498 36300 34075 43247 16024 8295 42823 23970 20044 14355 10735 26150 27381 5090 7193 33494 29796 5857 2818 2633 9201 38357 34295 38957 27732 26822 16028 44651 29965 29452 4978 32401 19128 21189 8684 9162 12680 23611 5501 15563 15583 4545 14693 18744 25695 5916 15359 23845 30951 37930 38697 20884 18058 36380 18850 4081 1504 44883 32737 13467 29120 31158 18892 29621 27139 35895 15106 10194 23624 325 24373 42712 24379 29337 20486 17756 4478 20450 24237 10587 8581 15489 14626 36809 36861 21846 4781 37327 18941 15210 12598 8448 15075 2546 13566 2365 19886 18188 7876 19009 5157 38112 40181 37639 24926 29765 27394 9848 25847 22554 38521 43972 2789 17736 5757 40393 41687 25563 20004 27358 29517 1245 1735 37648 9151 29274 4082 30462 33628 34743 42277 21179 16007 39446 15579 39555 10502 23788 13212 1221 38605 21777 28884 29333 1604 12899 10384 34913 43599 2915 7449 35139 1206 9636 33806 5566 39499 16263 34424 5690 34402 36810 40480 1403 18408 18629 31663 26952 16997 33020 18103 28211 4907 41035 14530 7967 26546 25612 7330 1380 22542 30336 39269 29528 24884 10527 21827 29247 22612 38612 7403 14181 1715 44825 41521 38151 40123 41334 44904 36674 25441 37404 24465 6474 18959 4591 6215 39608 10070 14585 7344 18963 31272 6107 22455 19105 30710 17002 39928 4296 34314 15138 4574 45 25915 18327 22645 15656 11344 11820 11550 9844 143 33012 29772 40254 15281 11484 22245 27824 38860 17253 1786 32859 29871 8065 39014 22272 13241 34301 25173 32241 18246 18392 7839 15893 10167 5830 25321 28962 28752 24885 25237 7035 34097 15099 14945 36477 35412 29029 24075 42701 38832 36404 31853 34738 19384 19346 22649 35914 32870 30368 19316 43615 25216 41934 7721 22173 12349 44793 12884 11212 3443 27862 30229 19256 39684 30123 8599 5399 29628 37908 29570 26698 34376 17997 8500 30664 21915 19791 30300 36368 39042 14623 25899 20886 37492 44092 38399 6650 29664 29866 9761 39418 14691 21278 2744 3186 42948 30534 39224 12174 39010 36585 2675 32336 12431 23320 14351 18914 31173 31099 36872 4991 37435 41065 8102 17272 30316 21977 7151 21196 9266 4321 32636 20932 30985 16694 3492 36832 39714 44429 16318 25219 10811 21898 23037 15882 8550 1725 23675 36363 10058 24965 26129 18791 37126 164 15280 35274 12094 33247 3764 6218 35508 36770 18261 15851 24825 12975 729 4799 10813 29580 4490 33841 9618 6986 21961 40225 7421 9195 17322 14605 36504 15853 7621 24757 30345 15142 21459 9172 28752 11971 36723 16830 5646 41781 3504 29741 13719 2803 29132 31818 13995 36945 12320 29293 42002 4208 34373 13572 26693 35001 23525 34579 25240 32686 29802 5396 38007 35902 35530 25082 9709 17853 39866 9063 9782 25497 24396 1482 18527 17784 9258 35083 
