// periodic
// number of jobs
1
// pi
70
// Cycle
100
// aperiodic
// number of jobs
10000
// pi
32 18 12 13 30 33 49 56 54 42 36 16 28 24 49 36 19 2 24 15 37 56 19 9 41 33 10 46 3 7 10 23 55 32 32 21 37 55 36 48 5 46 29 43 13 24 43 10 52 28 12 50 54 4 12 47 10 42 11 49 24 31 37 59 47 44 2 32 45 33 52 58 37 42 33 28 59 35 27 48 39 28 29 58 50 45 7 32 24 37 57 56 5 6 38 52 45 39 50 24 57 6 2 17 57 35 40 22 52 1 3 49 47 8 55 13 41 10 16 11 10 35 9 50 23 52 33 1 53 2 36 45 50 58 48 5 22 23 49 28 42 11 18 2 33 42 35 54 25 14 49 34 53 28 17 40 32 42 22 5 17 53 48 22 42 57 31 46 45 29 48 23 8 15 27 32 56 59 8 11 29 24 3 33 28 35 16 33 9 33 13 48 51 23 2 11 24 27 47 20 6 48 32 41 25 17 25 47 12 18 11 32 45 44 59 50 12 1 43 2 41 41 59 5 36 1 2 24 9 2 57 1 57 15 11 51 22 13 33 6 12 41 56 57 6 43 37 17 22 30 49 50 59 41 55 49 57 20 34 38 42 23 23 59 26 22 37 15 4 18 31 8 57 43 39 6 52 44 14 51 45 54 53 26 39 26 38 53 53 2 54 7 54 18 21 3 20 48 36 10 5 36 48 5 11 41 44 54 6 34 21 23 35 26 46 11 35 1 49 47 10 19 38 50 45 19 48 9 22 26 18 42 3 42 31 14 17 59 9 56 41 36 17 43 24 39 31 43 10 40 13 49 4 9 12 25 25 1 27 43 36 23 3 6 47 56 41 13 1 42 44 35 38 59 31 23 44 26 50 59 56 50 46 17 29 46 26 7 2 14 44 56 20 40 5 51 13 56 19 12 46 23 56 13 27 39 48 6 57 6 35 24 44 54 28 48 12 54 30 58 44 4 48 52 23 16 57 58 36 26 42 13 46 26 44 10 5 28 4 20 33 6 9 59 55 7 25 56 23 40 21 26 51 52 18 24 9 55 55 1 48 33 17 12 14 22 11 52 2 45 22 27 23 52 16 25 15 41 39 30 21 11 52 26 59 26 33 46 16 5 47 54 16 35 50 46 11 40 5 55 7 52 26 43 56 9 51 38 35 39 59 28 22 6 54 58 31 37 10 58 34 26 20 49 16 29 49 34 37 28 58 39 22 33 31 33 16 40 55 54 9 34 31 7 24 37 41 38 31 54 22 36 14 12 23 46 30 2 21 14 53 49 1 52 42 10 15 43 45 44 40 42 50 43 55 53 42 42 28 52 53 44 29 41 25 20 26 33 52 59 2 17 8 22 50 57 32 42 37 58 19 27 35 57 50 39 16 24 1 39 9 36 20 41 41 38 14 43 18 39 59 33 39 42 14 36 12 54 20 15 23 13 46 49 17 46 5 17 51 48 3 45 16 40 45 36 48 47 43 1 16 27 54 14 44 43 47 17 1 56 19 10 52 24 32 15 27 57 17 48 18 13 28 41 41 30 38 32 3 55 47 48 7 2 40 12 26 52 15 12 37 47 33 14 14 57 29 45 58 1 47 20 52 49 34 16 33 50 8 24 23 34 59 26 28 19 58 33 12 29 28 7 25 20 12 33 27 31 29 14 11 28 18 59 10 10 23 41 42 39 49 29 8 21 14 56 18 53 22 32 22 26 56 9 27 15 40 53 42 1 24 54 9 56 36 33 49 13 30 16 54 18 46 25 57 36 42 26 31 6 23 52 37 37 20 28 57 48 44 9 17 50 28 57 5 47 35 42 52 40 21 20 17 47 22 58 29 15 50 25 28 18 27 29 51 42 26 43 11 49 59 46 58 30 57 34 7 16 24 30 45 28 6 12 48 42 53 5 19 17 41 47 8 28 9 55 48 25 25 4 33 51 11 44 14 14 56 6 33 10 2 7 19 56 57 30 2 4 3 27 35 19 5 12 24 21 27 22 24 48 6 53 45 10 41 43 13 54 2 42 22 51 39 3 15 1 2 56 14 59 33 2 59 17 55 4 55 32 19 2 28 46 38 52 40 43 55 13 17 18 26 5 42 4 15 35 52 9 41 41 51 47 38 50 59 40 3 55 56 53 8 16 19 13 13 11 11 20 1 21 41 1 24 3 20 35 29 16 38 38 29 19 39 6 49 3 13 20 50 36 56 9 41 42 25 2 19 38 34 26 58 46 9 40 26 9 53 41 7 6 45 29 29 57 36 45 57 15 28 10 42 57 35 26 11 20 45 36 42 11 14 40 19 26 34 29 6 4 2 13 13 49 34 38 50 38 6 32 40 26 28 32 17 54 17 53 6 18 54 41 29 49 10 4 31 43 26 25 23 57 29 38 51 26 50 11 37 23 20 52 1 22 50 31 17 34 25 20 50 22 19 36 58 30 58 39 48 47 19 39 25 30 44 14 5 32 56 53 7 43 53 33 30 45 37 5 36 3 35 45 3 22 40 46 4 53 4 39 55 31 45 36 36 28 54 26 40 46 10 58 13 33 42 45 20 38 29 52 9 15 52 36 40 27 14 45 24 44 18 16 48 12 21 13 42 34 29 54 37 48 51 58 42 27 14 58 14 8 30 46 53 4 31 54 10 5 50 8 41 3 9 13 2 49 50 29 13 13 18 3 13 8 18 54 38 29 53 19 11 16 9 22 47 6 59 53 21 47 46 20 17 38 34 59 53 5 11 6 48 29 50 28 13 38 32 4 29 29 31 10 46 32 29 4 39 59 11 34 35 2 9 30 13 56 20 58 17 57 6 29 59 20 56 36 32 3 55 29 18 33 27 11 6 13 9 12 35 43 42 59 28 7 49 46 34 22 39 40 4 14 18 50 43 2 46 43 7 26 2 34 19 19 7 59 8 13 24 18 50 14 22 4 14 52 24 42 35 41 8 30 11 35 50 15 23 35 12 37 25 32 9 6 48 55 17 2 34 20 20 35 38 20 13 59 4 20 28 51 44 38 19 20 32 25 38 12 55 21 18 7 32 52 12 3 22 18 51 45 40 1 17 45 11 30 43 6 24 45 21 26 21 24 54 42 54 2 56 35 3 40 45 25 21 59 40 3 52 43 10 2 57 40 19 54 21 12 23 55 27 27 52 8 40 26 42 29 25 59 4 3 47 17 46 16 52 13 14 21 21 14 51 16 2 7 50 36 30 25 27 14 12 5 28 10 37 10 45 21 3 31 26 38 44 27 11 33 48 12 29 26 28 54 16 56 19 41 27 24 58 10 23 49 45 19 48 59 42 6 34 32 12 34 35 9 41 6 15 19 29 19 43 50 48 49 4 33 34 27 59 19 47 34 47 51 51 26 22 59 11 59 42 59 18 26 41 57 20 58 34 23 17 30 34 20 33 6 7 37 39 31 16 56 36 16 54 35 44 43 9 31 17 12 29 52 13 28 17 29 18 8 48 31 1 30 53 35 8 52 28 16 52 49 19 49 32 43 56 46 23 20 52 38 14 41 16 36 32 43 47 30 44 15 23 36 39 25 11 37 34 48 4 11 34 55 12 32 2 13 40 56 16 45 48 57 56 19 4 3 1 21 27 30 5 35 37 37 16 19 34 59 49 3 18 25 33 41 19 29 30 19 6 58 57 24 5 31 12 34 23 30 32 37 59 16 41 53 47 18 27 34 54 31 26 2 15 21 22 4 38 30 50 59 30 40 55 2 50 11 25 55 57 59 32 41 28 50 13 51 58 54 22 18 42 43 49 41 7 20 42 17 23 5 10 19 18 8 22 41 23 13 18 45 47 20 9 46 42 23 49 11 55 6 20 22 8 38 17 43 6 5 56 45 15 52 17 11 33 5 7 17 38 26 19 15 32 50 46 16 30 49 47 16 21 59 51 58 44 37 37 19 14 6 50 44 43 55 51 20 28 12 20 11 38 43 58 51 5 23 33 9 36 9 28 5 47 38 27 36 10 29 44 37 55 46 32 53 6 11 59 58 58 54 40 44 32 50 43 40 1 56 8 47 1 30 53 55 31 34 51 55 28 39 53 19 13 53 31 58 28 50 37 19 45 51 59 15 32 39 38 30 22 36 46 16 37 8 34 54 51 19 41 59 20 1 28 25 57 4 31 47 12 9 27 28 36 29 12 24 16 42 41 12 25 50 58 38 24 14 50 57 50 8 16 22 5 18 28 47 55 51 54 39 19 33 53 55 1 26 49 49 35 26 42 41 4 33 28 51 37 35 37 31 45 30 16 48 58 56 31 19 59 22 17 22 15 55 39 32 37 45 6 57 8 38 19 18 24 7 38 24 44 38 51 47 54 45 42 17 16 33 9 41 43 41 43 6 32 41 28 51 6 18 38 28 27 50 18 56 58 49 2 7 54 43 23 42 11 57 6 44 30 11 49 20 1 22 39 12 59 17 31 5 56 41 33 3 15 59 32 13 12 33 46 4 58 48 37 51 45 2 48 12 47 23 44 24 52 3 21 13 14 49 37 45 48 19 59 30 9 4 15 21 44 16 43 47 41 25 44 23 53 15 58 35 1 36 23 4 34 54 32 2 34 18 44 15 27 14 33 13 6 43 25 23 30 46 58 14 37 44 33 35 36 38 1 33 7 30 8 24 28 54 15 14 25 51 45 51 54 37 43 52 26 53 26 34 29 19 25 1 45 9 33 27 56 40 41 48 34 5 39 1 13 22 28 7 18 5 20 27 29 33 24 17 55 39 32 19 53 28 14 52 59 7 15 5 1 9 8 44 42 21 38 14 42 4 47 39 23 15 16 42 1 41 24 2 33 32 21 20 13 42 2 2 10 57 55 2 9 35 56 54 24 47 46 41 32 24 54 9 37 33 55 24 17 59 47 1 10 15 31 38 37 56 35 38 10 25 49 35 20 44 41 46 51 9 25 54 2 13 38 30 33 46 16 33 34 31 56 8 40 59 42 17 26 59 30 10 43 25 16 45 51 48 13 30 50 37 39 38 35 55 52 5 16 50 3 3 52 9 29 37 21 54 34 47 17 40 18 35 4 22 4 40 53 49 3 11 5 58 27 17 5 49 2 42 16 39 59 29 43 22 32 45 36 24 54 5 42 44 7 49 39 9 26 16 38 35 54 51 12 57 21 46 40 46 27 31 47 6 6 40 16 28 7 12 41 23 31 56 18 2 10 33 17 42 27 17 21 4 17 8 59 59 3 28 8 27 32 9 36 56 37 54 16 1 44 21 9 5 24 41 50 28 37 52 30 26 54 3 9 52 4 21 13 47 9 9 41 6 32 38 11 53 44 58 11 58 18 1 3 44 45 33 25 30 32 22 38 50 29 50 33 43 47 38 4 41 57 55 24 5 31 38 8 16 11 57 49 51 2 28 20 22 54 25 26 14 32 46 9 31 45 36 17 40 47 34 22 59 20 28 37 34 42 17 41 20 9 30 51 46 25 43 47 4 32 17 6 46 17 39 39 15 17 46 45 46 26 56 27 44 35 35 54 45 50 43 47 44 27 59 32 11 45 6 24 10 41 50 57 19 38 30 10 59 14 9 57 9 37 8 36 6 10 48 34 51 57 50 35 41 23 11 50 21 32 13 39 35 21 6 26 15 50 32 19 29 41 43 14 59 51 49 35 22 51 37 21 31 50 15 53 18 12 1 12 39 4 58 6 34 41 41 49 52 6 54 55 58 8 52 56 52 47 16 25 40 27 44 38 13 31 37 54 9 12 29 20 26 19 45 4 33 38 10 20 10 14 12 18 3 18 3 33 49 3 19 25 34 39 53 20 45 36 20 36 52 34 49 32 56 54 57 21 13 10 9 18 2 40 50 30 27 27 58 57 59 10 52 29 35 27 35 44 25 31 30 13 49 44 41 12 32 55 19 16 51 47 22 53 4 35 12 51 31 32 48 43 57 11 41 44 52 15 32 41 2 34 37 38 9 22 8 29 15 39 53 58 30 7 54 30 4 20 47 32 42 55 16 42 37 6 10 8 23 37 53 45 31 5 32 44 25 59 2 21 52 34 36 39 21 32 42 17 38 57 3 19 44 4 25 34 25 19 33 46 40 42 59 56 15 26 44 33 10 26 10 4 45 14 41 3 38 50 11 41 29 29 23 49 53 37 7 19 59 4 36 25 38 18 58 25 51 5 5 4 30 2 26 23 14 59 41 9 23 28 17 18 59 31 29 8 5 33 50 41 28 52 12 17 15 10 10 48 15 46 51 33 35 45 40 15 14 34 50 44 18 52 35 21 6 42 22 52 23 59 51 10 11 8 53 29 8 1 23 32 35 21 14 38 8 45 53 57 33 9 56 49 47 39 12 33 43 5 48 29 44 33 39 58 1 44 47 12 22 42 42 1 10 24 18 44 52 43 4 39 28 15 55 31 25 41 19 2 41 56 21 11 57 38 24 20 30 59 57 41 54 23 57 35 6 18 16 3 2 39 46 15 5 26 27 38 10 19 34 46 24 3 56 23 54 57 45 21 58 57 33 52 47 36 54 8 52 13 48 17 31 8 42 52 42 17 6 31 58 30 8 39 26 53 4 6 17 35 45 6 5 23 51 48 24 5 57 3 6 13 46 3 45 30 34 19 22 51 46 34 48 7 26 17 38 59 25 45 29 58 52 21 37 56 2 46 1 40 35 5 54 50 4 53 44 55 57 42 44 9 37 26 46 2 2 20 53 4 54 10 15 7 7 51 57 37 44 22 13 38 32 51 29 17 51 36 33 50 33 16 49 56 24 24 25 28 51 24 9 40 5 25 59 30 15 53 22 58 52 52 22 32 51 14 8 43 37 16 19 16 30 40 7 45 12 41 43 18 45 7 39 51 27 33 35 54 14 25 44 21 9 34 18 53 4 54 43 52 37 45 11 17 31 45 28 17 40 35 36 26 50 41 29 10 48 3 59 8 27 43 56 20 46 29 11 29 46 42 59 37 8 39 58 45 49 32 38 30 20 1 48 58 55 17 16 30 57 6 44 10 39 1 13 27 37 34 5 34 58 31 11 24 23 41 42 45 20 16 54 14 29 17 47 29 45 27 45 59 28 15 47 53 19 41 55 45 22 23 30 34 40 27 59 58 7 42 17 10 19 58 43 39 14 33 15 47 49 30 56 13 24 46 43 15 21 12 28 41 30 26 30 8 45 34 21 51 23 53 39 19 43 16 3 49 48 52 28 17 50 57 21 59 4 21 48 37 19 54 21 38 35 1 51 38 44 18 41 9 53 39 22 56 8 46 57 57 40 35 53 5 10 47 8 34 18 4 22 40 11 17 40 7 21 11 51 17 42 2 4 37 28 57 14 30 49 23 46 44 22 57 7 12 55 38 21 50 15 35 13 2 27 52 39 34 43 25 52 35 31 10 44 37 42 25 45 14 49 47 21 7 12 38 52 25 17 45 2 33 2 16 27 25 7 32 10 12 11 32 24 59 24 54 34 11 38 28 52 38 10 16 42 17 19 47 38 43 38 4 43 24 46 59 31 6 47 4 39 49 5 10 43 50 42 1 22 9 38 10 26 25 31 40 12 12 51 51 17 27 10 10 46 58 37 27 45 50 35 9 48 9 30 11 54 46 59 46 29 37 56 41 37 49 40 14 35 14 44 40 37 49 46 11 52 24 58 53 33 15 31 19 33 55 33 41 50 51 48 55 19 9 59 22 16 26 6 48 50 43 18 15 41 57 2 15 38 56 38 54 47 3 10 46 2 13 27 23 35 19 36 59 6 24 23 48 5 14 24 19 10 45 24 39 9 51 55 14 55 21 7 46 12 41 40 28 16 13 21 14 11 14 21 19 59 26 4 36 28 54 8 21 34 59 50 16 59 10 27 45 3 36 29 13 8 38 15 35 59 57 30 37 20 7 9 53 42 3 32 6 45 59 39 31 48 25 55 18 45 31 19 3 53 30 54 55 52 54 23 2 6 51 23 10 58 2 21 19 15 7 43 12 50 22 16 10 21 14 22 54 1 47 4 38 56 19 35 6 40 7 44 30 16 48 7 34 3 17 6 37 29 32 14 36 35 7 40 25 7 13 48 28 4 47 22 30 39 8 55 20 52 35 8 14 15 51 44 46 9 5 58 17 6 18 28 58 38 14 57 43 33 13 8 1 54 45 35 19 8 23 3 32 20 46 7 58 58 20 55 6 20 18 18 15 24 10 9 48 30 53 33 45 18 40 31 31 37 43 25 16 48 16 30 33 58 17 46 12 25 1 56 33 30 9 4 29 47 28 1 32 57 45 2 38 29 4 37 3 15 9 15 15 25 31 20 38 6 49 53 9 15 29 34 48 52 15 8 46 53 33 20 57 45 2 33 30 43 53 1 26 46 34 47 37 36 3 44 30 29 35 53 34 10 22 1 3 36 18 17 48 40 54 38 45 10 2 52 52 33 6 55 11 42 9 15 10 28 19 13 27 5 47 18 45 15 18 49 18 29 48 15 40 27 46 38 38 53 57 58 6 41 25 44 7 31 50 43 57 13 20 38 3 33 44 10 34 4 40 46 5 18 24 54 16 56 36 2 33 20 6 15 16 14 9 20 46 11 9 19 22 5 18 10 8 14 50 22 12 6 53 44 49 7 5 59 44 23 3 35 33 3 47 54 46 41 36 41 32 36 32 34 17 50 49 42 32 3 5 8 12 34 56 46 20 51 9 59 28 48 32 7 21 3 29 14 41 54 34 36 32 59 15 14 52 49 37 20 1 36 22 22 43 57 52 29 46 55 54 46 29 37 58 31 6 9 17 33 28 59 10 44 30 47 33 26 59 46 59 14 28 39 23 23 13 50 23 32 11 2 44 38 3 54 28 13 5 19 31 53 19 40 13 26 11 5 40 43 43 32 29 55 45 39 11 38 38 47 16 21 28 54 9 35 39 48 16 41 52 56 54 56 13 7 45 11 3 37 43 1 56 25 9 50 49 10 52 12 48 46 19 53 52 29 4 30 52 32 34 38 17 35 20 15 12 17 27 50 38 26 56 43 20 58 9 1 10 58 57 6 34 44 36 33 44 54 10 11 7 59 29 1 16 5 36 6 54 42 56 31 14 57 35 37 18 46 49 46 44 54 52 10 36 23 55 32 43 53 28 23 36 54 52 21 5 4 50 52 19 31 5 48 40 43 55 29 40 54 53 51 1 16 25 9 23 35 24 54 55 47 15 49 56 30 42 16 42 55 19 44 8 17 4 25 26 41 10 4 53 18 45 18 41 3 56 32 16 49 32 43 42 3 18 38 47 12 18 11 34 45 22 36 17 21 52 12 52 53 37 20 19 27 6 29 50 44 5 35 25 57 35 46 17 8 13 33 29 38 47 30 10 15 37 22 46 48 12 5 25 39 44 33 47 7 8 51 8 8 59 12 25 57 13 40 5 57 16 29 18 35 20 50 39 29 21 55 52 30 23 27 45 25 53 53 5 28 56 45 47 37 23 12 12 28 2 2 27 57 35 44 1 53 56 3 14 2 39 22 42 51 21 29 45 3 54 11 20 49 13 22 33 34 32 17 42 29 8 6 15 1 56 51 40 24 10 24 4 45 46 25 59 48 45 22 40 11 41 14 7 47 7 50 43 32 10 16 10 31 22 29 57 5 55 59 21 16 45 2 54 29 13 26 2 4 30 39 10 20 31 30 57 4 58 43 51 30 30 39 3 23 34 35 36 50 59 26 30 7 32 42 52 27 28 17 25 49 2 17 15 44 20 18 1 34 49 45 18 13 33 41 35 11 8 10 19 29 24 15 20 29 13 35 53 12 38 27 49 23 49 1 31 43 43 11 19 21 15 32 27 37 11 28 1 9 3 35 38 50 3 59 36 18 42 46 5 30 3 39 17 18 4 3 5 32 55 1 10 47 2 43 33 49 33 59 46 20 13 21 5 41 12 17 35 30 10 28 33 16 41 8 1 11 2 20 35 30 6 48 50 36 12 49 49 25 59 8 25 58 34 27 47 59 23 6 42 51 11 12 36 9 28 40 42 25 28 53 27 9 43 33 55 1 54 23 22 51 8 41 28 3 36 51 56 40 4 55 36 19 39 2 56 20 47 55 54 34 44 29 59 52 22 41 29 32 31 20 5 47 38 16 44 1 5 15 1 34 47 51 17 27 5 18 47 11 2 42 55 26 24 53 26 41 21 38 13 58 35 15 32 8 15 53 19 21 32 6 51 14 50 36 4 20 55 7 43 46 18 19 42 57 52 12 25 40 24 10 34 59 46 17 16 9 26 52 10 31 28 12 15 48 6 16 16 19 43 50 46 2 56 29 42 15 2 2 42 46 12 57 26 54 10 38 36 11 48 22 46 37 40 49 33 3 41 43 9 22 9 18 44 12 48 53 31 23 23 30 42 52 24 27 54 57 36 58 12 31 58 47 18 50 38 8 57 43 31 47 45 15 37 59 29 40 9 40 42 58 47 6 2 27 50 43 20 10 41 19 49 35 21 38 8 10 8 48 29 1 15 5 47 12 36 35 59 26 32 23 19 33 33 22 13 15 3 35 19 42 13 56 12 20 32 29 17 12 27 40 22 55 15 19 5 57 48 27 21 6 17 16 8 43 55 32 18 53 6 2 50 2 8 29 14 13 24 21 56 41 37 6 29 29 59 19 36 33 35 35 43 15 29 12 23 9 26 57 35 29 3 31 44 9 4 9 13 41 26 44 12 1 5 50 9 27 57 1 9 44 31 31 1 39 3 17 8 36 4 28 3 1 14 26 20 24 52 20 55 21 7 55 25 38 56 14 11 50 46 47 13 53 47 22 26 11 29 44 21 23 36 3 29 59 44 40 42 11 48 2 1 50 3 10 41 28 50 38 22 58 33 42 30 20 53 32 27 21 58 35 9 15 10 56 7 11 52 23 23 56 45 10 40 22 39 45 32 48 58 33 43 8 10 47 45 53 20 24 47 45 12 39 25 59 47 27 7 15 46 4 48 20 4 56 19 17 45 22 46 32 3 25 39 28 2 2 52 33 56 31 4 59 45 50 51 35 37 33 19 47 42 24 38 28 20 23 50 48 53 53 35 7 9 14 46 50 6 2 8 2 3 58 23 35 48 43 26 16 55 35 42 42 37 14 38 57 1 42 38 18 10 54 23 31 41 36 22 10 12 21 24 58 26 7 35 44 36 2 57 10 41 10 24 42 55 10 53 3 5 58 12 38 56 28 34 43 44 5 52 17 2 58 39 59 58 55 20 10 55 59 58 44 54 47 21 41 9 7 6 38 40 2 50 39 5 7 22 6 53 8 35 59 52 41 30 43 19 54 4 44 18 5 8 9 40 40 24 55 41 53 21 25 33 49 30 18 37 27 56 48 58 21 23 12 57 16 11 44 25 55 25 33 18 16 23 6 54 40 52 58 19 3 58 39 47 53 44 10 23 17 2 44 8 17 5 8 58 32 47 45 3 59 50 52 7 10 32 44 45 6 25 51 18 8 54 23 39 41 48 44 16 43 34 4 48 27 43 41 34 47 6 37 3 29 15 4 25 26 43 39 1 48 10 45 14 53 38 38 27 51 54 41 26 54 41 21 9 31 4 22 28 55 10 54 17 42 38 16 37 41 28 50 28 34 46 48 26 22 59 58 5 46 13 54 24 52 39 51 57 10 16 17 31 33 55 37 20 33 34 37 30 31 14 53 22 1 14 59 27 37 19 25 13 24 52 33 51 4 10 13 28 18 55 31 27 49 30 11 45 20 47 1 51 39 30 26 25 42 36 2 3 52 46 11 38 8 55 55 13 45 52 14 25 20 58 32 44 27 36 41 1 24 35 17 40 28 24 27 42 34 53 11 26 12 2 2 46 49 26 27 1 13 58 42 49 37 8 5 24 42 12 58 12 50 15 18 21 12 41 13 48 30 26 47 9 9 12 36 50 56 34 25 28 41 50 25 30 54 13 55 27 21 56 57 24 26 2 22 57 51 8 15 56 34 59 9 50 59 31 5 38 21 46 49 10 44 14 17 31 5 38 41 50 6 50 42 40 30 32 10 48 51 7 45 23 38 13 31 26 13 41 37 7 43 47 30 52 53 28 4 37 59 50 21 12 1 12 11 31 31 3 9 49 8 1 10 22 28 13 27 59 42 28 26 53 18 28 47 13 27 12 16 28 9 19 17 8 48 35 25 44 7 37 28 2 12 16 33 49 7 44 11 41 7 38 20 17 27 42 16 8 56 8 35 15 11 43 30 24 2 7 36 46 3 16 49 33 33 17 7 2 28 52 24 40 34 8 12 6 51 23 1 23 22 40 47 38 32 2 6 7 2 14 26 21 22 52 56 47 53 6 58 20 29 55 4 30 57 8 53 16 21 45 1 35 3 19 50 25 42 8 9 5 16 22 54 24 43 5 51 33 51 44 1 9 17 32 17 41 20 20 33 19 3 38 4 49 7 35 47 35 20 19 53 32 46 37 17 8 21 54 16 13 40 57 34 23 32 53 32 48 9 22 30 25 52 42 6 42 6 6 15 18 15 40 22 45 6 47 22 38 7 15 21 5 15 53 7 1 13 31 48 58 42 1 36 27 47 34 46 39 7 27 20 32 56 17 34 16 43 46 27 42 39 41 4 31 37 53 25 20 25 24 12 5 16 33 29 43 58 54 32 19 18 11 48 12 5 3 12 48 49 1 55 15 57 10 12 14 28 38 7 51 41 26 33 53 44 41 14 2 56 21 13 8 37 33 30 43 22 7 39 56 35 44 13 45 34 46 23 59 32 15 47 23 25 9 42 2 21 8 21 35 25 9 45 10 26 57 20 21 26 19 54 3 9 54 10 23 25 18 7 22 56 58 2 39 21 14 31 33 42 53 56 21 39 12 40 41 11 4 16 34 35 37 56 3 41 16 28 34 54 2 38 19 34 36 49 41 29 57 43 47 37 31 7 27 9 9 41 4 57 28 58 7 30 12 19 40 12 28 1 18 18 33 6 4 2 9 57 57 42 22 18 55 57 29 27 59 14 15 52 22 2 5 56 29 56 52 57 13 30 49 36 31 26 49 36 12 11 2 46 56 22 20 11 7 39 9 28 25 3 15 6 47 26 36 14 52 34 26 25 29 17 30 17 39 38 21 23 49 47 21 53 5 38 58 30 6 29 51 45 6 13 19 55 58 6 23 13 51 40 42 8 14 22 47 59 8 16 30 12 51 2 49 36 23 6 53 47 59 50 32 22 48 52 11 10 1 29 48 2 8 8 26 16 1 34 29 36 12 16 57 48 40 1 47 42 51 5 34 50 20 45 37 16 51 14 52 32 2 53 41 47 34 59 24 32 13 23 47 21 17 49 38 27 9 49 31 49 11 1 40 2 19 47 48 39 11 40 12 27 7 7 39 22 20 1 50 55 29 3 34 24 58 12 21 46 38 12 7 10 31 25 42 36 20 55 52 55 14 51 23 16 21 31 59 25 25 53 33 58 31 23 22 37 5 17 42 27 6 46 47 46 36 43 14 40 55 28 50 44 58 1 39 50 20 18 17 46 30 34 30 16 33 20 23 36 29 39 24 19 41 43 54 30 28 4 52 7 38 36 2 17 39 45 45 16 25 35 33 15 33 21 52 12 59 39 3 26 12 4 45 26 57 49 36 29 19 27 23 19 50 33 50 25 21 51 52 5 18 16 59 43 47 39 49 23 48 44 28 52 10 15 21 40 7 27 59 45 33 59 56 22 46 21 51 47 12 26 27 14 47 59 46 29 12 37 16 38 4 8 21 10 21 40 1 14 16 48 44 41 21 31 31 30 5 57 37 20 55 49 45 40 34 50 45 58 4 25 20 24 41 22 27 3 37 36 36 40 50 54 1 44 17 54 57 17 55 12 25 39 38 36 34 48 21 13 10 17 11 25 44 1 34 5 33 49 17 43 29 8 6 32 48 28 18 2 10 24 25 24 24 20 55 56 2 20 16 41 17 11 16 19 39 42 48 16 50 4 10 22 49 6 31 14 55 23 6 40 6 11 23 59 4 12 3 47 21 9 28 34 31 13 22 52 8 49 34 43 31 31 15 4 41 54 44 31 14 35 22 59 47 8 52 14 4 27 15 19 12 53 21 29 38 1 26 6 24 4 21 46 8 59 38 40 11 43 40 37 50 48 2 49 52 56 52 19 4 30 2 5 52 56 21 17 58 10 24 4 53 27 9 29 36 59 2 32 45 51 52 38 3 42 46 9 56 14 6 14 30 7 19 16 33 46 48 26 9 34 43 12 42 35 17 6 39 58 17 7 55 5 9 52 1 15 37 24 54 54 7 35 33 2 53 44 53 52 56 18 10 37 50 40 18 7 36 28 23 59 36 23 44 3 43 2 13 38 15 27 25 52 44 49 41 32 51 35 24 16 30 8 57 27 20 20 45 8 20 56 58 10 39 4 43 47 50 28 13 51 4 44 29 44 48 54 4 9 18 54 2 23 11 9 48 40 8 24 42 39 53 22 3 52 54 19 46 20 2 36 36 3 31 30 45 13 32 17 45 40 22 31 39 49 32 9 36 15 7 49 19 22 45 19 7 52 40 14 1 36 10 50 5 51 24 13 1 17 31 8 51 4 2 2 11 50 33 8 35 27 47 53 8 17 24 3 34 16 2 23 48 37 34 37 32 38 2 31 35 59 12 54 48 15 24 51 38 42 24 34 1 44 18 34 12 17 12 47 57 3 44 38 12 30 4 18 48 9 49 21 37 54 11 45 52 49 9 43 19 12 6 16 5 30 50 2 9 3 8 51 20 54 35 43 7 12 26 24 36 4 13 18 29 24 3 47 33 44 27 54 38 16 44 46 1 48 43 43 15 51 2 44 41 38 38 45 24 40 5 41 11 16 42 23 31 59 48 46 47 6 33 57 21 59 39 55 9 47 32 10 17 57 44 23 35 35 23 13 3 49 7 9 27 53 32 52 24 25 19 23 59 43 59 32 35 23 44 56 48 56 7 47 53 57 47 40 14 46 52 52 14 21 11 57 29 20 31 33 11 22 29 24 16 51 46 44 24 22 14 42 46 53 51 25 25 23 10 4 12 38 15 40 15 36 18 5 3 21 6 6 16 41 9 13 52 58 1 25 10 12 42 51 25 21 6 34 20 58 31 59 21 56 41 19 47 5 24 36 46 33 16 35 42 55 59 59 42 28 7 46 24 56 44 22 28 59 54 24 51 26 8 48 10 34 27 4 58 32 37 51 9 2 25 37 27 25 16 4 23 13 40 4 33 56 34 32 14 23 46 34 43 3 12 29 44 25 53 32 26 43 47 47 57 45 28 9 7 4 19 25 49 12 50 10 5 59 11 21 20 19 31 8 59 29 55 21 41 52 22 4 10 52 36 46 49 32 52 34 3 47 16 21 35 33 30 33 3 56 36 54 28 22 14 24 42 13 16 25 24 23 59 56 59 58 12 59 36 42 31 9 46 32 54 43 34 53 9 48 17 33 41 2 3 26 21 46 47 13 14 15 46 37 24 34 28 31 35 47 46 19 5 10 21 16 41 31 45 22 16 48 27 8 44 5 44 6 53 56 42 35 18 26 5 46 57 7 48 9 57 22 14 24 46 29 38 59 52 22 52 54 40 3 54 27 32 38 20 25 11 21 23 42 43 37 48 6 36 28 14 40 54 55 33 46 33 38 18 34 40 21 28 51 1 3 3 47 14 57 40 25 45 41 52 47 6 39 23 38 30 29 52 20 42 30 53 12 25 41 30 59 33 13 32 47 41 39 9 13 3 52 21 5 52 53 17 36 46 2 29 58 23 54 24 22 52 48 45 46 58 59 43 4 37 55 5 2 41 1 26 29 13 44 14 12 4 15 57 38 18 9 43 42 51 38 30 4 59 51 7 47 2 15 17 33 1 2 36 51 18 18 18 26 7 2 45 44 33 40 12 23 50 28 38 52 5 20 39 9 45 25 34 4 30 36 30 58 23 8 14 11 48 16 42 20 36 47 39 45 50 54 17 47 17 57 44 53 1 50 5 10 55 36 33 39 22 39 48 14 14 28 55 58 19 7 29 14 24 45 50 30 51 39 16 6 48 36 8 34 57 3 7 25 36 27 27 45 43 29 45 19 2 7 19 46 11 56 49 26 41 14 44 44 9 42 40 24 17 46 49 18 16 14 31 22 17 11 32 48 19 54 39 16 40 32 25 14 43 7 14 44 44 38 53 53 31 56 25 16 1 45 58 47 47 29 35 17 57 4 47 43 10 59 21 19 27 37 56 21 26 41 23 41 32 47 23 27 56 45 53 40 28 24 57 56 47 24 24 38 13 57 41 35 27 3 5 38 18 24 6 32 5 2 12 5 19 55 43 6 5 13 20 43 37 8 4 32 51 1 51 23 57 50 56 47 2 20 18 42 16 34 59 48 31 44 52 2 30 49 19 38 2 13 49 52 45 56 10 3 51 28 17 56 39 26 17 37 7 28 22 41 56 48 9 35 18 39 56 31 30 21 52 14 3 31 43 58 22 10 25 24 44 11 27 35 45 53 43 29 57 8 48 44 6 30 27 2 52 3 12 29 22 42 20 58 47 56 20 14 19 31 9 3 44 45 44 16 30 18 14 24 11 15 48 4 47 35 2 44 16 6 23 49 32 31 41 42 37 24 57 39 22 24 20 8 14 39 1 45 55 2 27 20 38 23 52 35 40 30 44 36 37 15 55 43 42 36 47 52 10 59 50 56 50 34 22 36 45 46 25 37 47 17 6 31 31 23 51 56 52 40 6 34 53 14 5 45 55 21 41 31 23 39 32 42 35 10 48 57 26 24 16 43 13 57 52 53 35 6 58 15 7 47 19 24 34 44 33 21 3 55 30 57 50 28 15 23 53 48 8 34 6 28 53 26 57 47 49 40 10 23 1 4 36 35 7 33 24 37 10 25 21 8 7 35 58 47 19 38 1 23 26 59 16 20 15 3 17 38 37 12 5 53 59 45 28 13 55 51 48 48 14 8 3 5 4 28 36 22 50 31 30 57 57 23 9 38 9 24 28 48 9 28 19 57 8 46 1 14 57 16 50 10 17 16 20 42 56 15 17 1 20 12 47 4 4 50 40 28 50 54 21 21 19 21 57 10 50 8 39 21 56 20 32 43 3 51 16 48 45 12 27 41 49 13 53 38 49 57 45 31 2 21 57 52 12 21 59 33 25 6 17 53 47 54 49 46 47 23 30 54 45 23 35 24 28 4 11 16 51 34 26 11 32 27 47 19 51 35 12 27 6 32 18 30 25 25 37 27 30 9 21 34 43 38 57 33 22 8 50 17 12 31 5 15 31 24 52 43 26 13 8 45 5 17 34 56 30 56 19 55 2 12 35 48 40 44 32 28 28 39 35 42 35 26 18 51 45 37 42 8 8 8 33 17 38 10 6 59 2 5 42 32 8 32 11 1 18 49 30 28 23 22 36 20 20 15 18 51 15 9 56 51 27 22 4 7 4 49 17 35 53 16 12 1 32 53 11 1 36 14 24 35 14 53 40 11 2 43 33 45 1 33 27 50 31 9 25 56 10 39 30 51 51 54 25 31 18 49 35 25 18 45 30 56 38 45 25 15 13 40 31 24 32 33 18 48 38 21 29 26 9 18 29 47 9 45 15 39 23 6 18 56 31 20 43 37 25 45 23 17 10 44 28 26 10 28 6 34 56 8 48 43 18 56 41 31 41 31 7 4 37 2 24 10 39 56 57 25 8 50 52 38 30 27 54 36 15 54 42 38 50 6 19 15 19 27 52 32 37 49 26 5 30 49 26 48 47 30 23 28 15 20 56 1 36 38 36 24 4 7 53 24 42 54 18 40 13 11 1 46 24 4 7 43 52 25 33 37 53 25 8 58 29 42 4 28 31 54 59 53 36 39 5 20 12 16 23 41 35 32 57 3 23 27 20 4 36 30 14 57 7 5 1 20 33 16 25 26 55 41 16 4 44 4 47 22 4 47 29 42 6 23 3 54 36 42 29 26 33 26 30 13 33 10 4 26 58 58 13 57 16 49 46 2 57 6 52 19 46 57 11 7 42 54 17 44 26 45 11 45 37 37 56 35 17 56 34 14 40 17 43 58 56 33 16 1 13 33 49 14 57 28 35 15 38 44 55 28 56 41 8 8 59 46 5 37 29 38 6 35 7 6 17 20 9 15 44 1 6 30 37 55 52 5 8 18 27 38 47 25 53 35 32 7 19 1 23 27 10 19 40 15 45 18 46 5 6 36 13 42 19 52 24 36 3 31 10 20 42 17 15 43 34 32 10 49 47 25 29 31 21 34 25 58 51 24 47 48 26 57 36 52 7 42 44 40 33 2 51 6 4 43 19 15 46 41 41 18 40 28 45 36 51 57 9 11 25 7 43 24 19 7 28 39 48 29 18 8 42 2 19 56 6 14 10 55 22 53 49 19 38 59 59 28 38 50 32 52 8 23 35 38 12 11 13 27 19 47 13 39 3 18 34 13 15 41 48 16 34 26 2 59 38 17 40 57 46 14 24 18 59 7 18 39 6 3 7 51 8 40 42 15 51 41 28 27 46 59 35 42 14 53 44 48 43 36 34 20 5 19 15 20 47 13 59 4 37 12 56 37 9 15 27 25 18 4 59 18 25 48 18 45 49 16 43 7 43 21 50 24 50 48 5 24 31 32 29 55 58 17 52 50 25 6 54 31 41 55 1 20 8 37 53 55 41 25 25 35 52 32 28 57 16 33 19 17 10 47 59 24 22 25 45 15 26 54 39 52 12 6 24 3 43 25 38 30 48 46 8 47 39 15 5 32 59 4 14 4 15 20 40 9 25 11 28 30 53 7 32 21 16 17 48 55 33 21 32 49 3 6 27 48 58 22 4 54 29 57 9 7 37 26 57 18 46 18 39 39 11 57 49 23 55 23 19 3 16 31 6 16 1 45 47 7 58 22 30 18 34 28 8 45 41 6 45 4 4 53 52 45 28 49 40 3 26 8 39 12 26 30 21 26 49 42 1 24 38 49 40 42 46 20 16 33 44 50 39 58 44 33 27 49 34 56 10 14 27 25 20 39 58 32 4 46 6 14 55 23 37 41 38 23 41 30 19 2 24 1 54 10 10 43 29 16 45 1 50 47 53 10 3 57 22 18 31 23 44 5 45 55 7 54 16 21 53 27 9 21 25 57 27 21 29 43 58 41 52 23 32 6 31 52 26 24 25 13 32 46 56 27 22 38 47 20 9 39 57 35 31 17 2 27 38 24 8 52 34 48 33 26 56 29 51 36 30 7 11 51 55 18 58 43 17 57 42 3 30 46 39 31 35 20 32 33 38 45 37 3 15 27 53 46 21 25 40 29 56 51 9 54 33 52 42 16 12 53 47 20 14 9 10 47 47 16 59 54 10 24 45 33 21 54 49 17 2 34 44 35 47 12 34 57 40 24 11 45 12 12 49 21 26 55 28 53 31 42 21 34 52 8 50 15 11 17 49 23 9 43 26 39 59 55 14 13 45 12 31 44 51 5 3 24 7 19 12 49 59 31 59 18 40 58 48 8 28 50 44 56 19 50 46 8 17 59 12 14 32 30 48 53 40 34 35 49 47 56 34 8 20 5 50 21 55 6 44 18 39 53 26 40 39 2 24 43 49 46 42 30 4 22 11 43 6 24 18 40 38 36 51 19 59 55 5 13 34 44 2 41 13 12 39 50 55 36 10 45 5 12 3 55 15 29 15 11 4 9 31 16 31 16 33 27 16 51 1 7 43 47 9 3 25 4 38 57 20 58 44 53 24 9 58 30 7 57 23 14 23 33 38 7 24 32 4 58 13 35 47 53 49 41 39 25 23 42 15 52 18 50 19 32 18 56 56 49 31 8 49 17 32 12 4 6 8 34 42 7 33 46 2 56 53 49 13 30 48 4 23 10 14 38 22 32 58 38 27 48 59 45 27 19 50 29 12 57 31 33 47 51 32 58 50 23 49 37 13 23 26 48 40 18 26 11 11 10 20 1 3 53 25 1 28 13 55 21 10 28 7 18 23 16 17 23 26 44 11 51 30 36 51 10 37 32 5 23 40 32 46 14 57 34 44 21 26 2 51 7 4 51 39 4 26 29 5 47 6 55 43 51 5 58 29 31 25 4 46 18 2 46 10 11 22 47 27 49 36 13 38 11 45 47 35 21 31 42 38 30 37 32 50 12 57 55 59 32 18 45 26 10 42 13 38 42 2 18 12 13 34 30 54 2 58 6 21 53 52 42 43 19 14 10 8 47 8 8 49 10 37 17 33 58 5 54 31 52 34 59 40 27 11 34 59 16 50 34 3 16 53 9 22 25 16 50 34 28 36 36 8 17 53 20 57 46 6 49 46 32 15 45 23 57 25 16 12 3 51 29 3 51 27 33 11 9 36 11 45 50 20 14 10 34 41 39 2 37 31 24 50 19 59 39 38 27 22 23 20 18 7 8 49 10 24 59 22 52 34 57 50 33 13 15 21 20 1 52 24 55 19 37 8 11 6 10 4 45 23 19 17 53 22 45 15 56 46 47 52 30 13 54 9 23 39 33 13 50 3 59 1 16 51 8 6 39 35 15 17 43 7 4 33 44 36 52 13 19 36 57 54 14 20 49 54 30 15 39 23 52 44 1 23 52 12 52 59 7 55 28 47 27 45 6 6 25 59 9 14 6 41 20 22 52 37 24 19 27 30 48 45 45 21 33 38 1 51 2 29 16 58 56 9 7 44 23 40 27 53 24 45 44 29 2 34 57 19 41 47 27 15 7 10 7 43 4 51 49 53 42 49 2 17 22 4 25 9 42 37 32 4 32 49 54 41 21 26 47 29 56 46 34 44 14 27 13 34 21 18 30 27 40 11 36 59 27 5 18 42 54 40 27 36 48 31 43 47 42 23 46 8 4 38 14 32 4 33 39 44 31 46 44 24 2 28 49 43 17 48 46 1 48 50 46 23 25 50 51 48 55 33 11 25 51 44 41 15 8 15 49 8 30 2 54 20 56 36 50 37 10 12 11 52 11 1 7 21 4 47 12 5 12 39 50 40 44 45 12 57 16 16 23 52 39 25 6 44 24 41 50 41 49 32 5 33 44 48 47 40 14 15 35 51 42 45 43 47 6 20 47 13 49 4 27 3 51 54 21 27 47 10 31 14 31 13 52 30 32 58 49 56 43 58 23 36 25 59 2 3 32 59 30 21 17 27 26 3 5 35 52 58 19 21 24 41 56 22 15 6 37 8 15 6 13 32 58 54 20 45 49 17 11 19 23 23 17 8 35 14 7 32 31 56 49 35 7 6 6 24 56 22 43 21 19 7 54 41 37 57 55 37 32 37 19 31 40 12 39 25 21 37 30 55 17 2 37 41 21 17 41 3 42 44 8 42 35 48 23 34 57 16 14 33 26 55 11 40 50 2 16 48 13 32 54 17 49 27 37 8 53 28 8 11 38 1 6 28 26 21 42 24 16 48 7 17 25 6 53 3 56 1 13 55 5 47 27 30 36 26 34 46 8 28 37 51 31 32 3 15 58 53 45 18 31 30 20 21 22 46 45 11 49 53 10 57 47 11 33 55 19 37 17 14 30 30 18 27 17 43 56 24 44 22 25 17 59 51 30 34 23 46 27 42 50 6 59 28 44 18 32 53 33 58 38 3 3 13 45 18 33 42 37 38 15 39 30 10 28 19 4 9 45 38 24 51 18 13 57 31 56 50 40 31 15 32 37 13 44 38 33 40 50 1 47 37 12 40 30 8 3 28 35 17 47 2 43 35 24 24 12 35 15 35 58 25 41 7 6 39 26 29 8 12 19 9 27 27 25 29 21 20 2 31 12 39 23 51 51 9 7 39 35 21 1 37 4 38 9 51 5 10 43 25 46 54 49 45 36 48 36 43 28 29 18 52 51 57 42 56 28 44 37 36 10 9 38 13 27 7 44 45 8 29 39 57 38 5 23 59 37 5 12 32 7 25 15 47 22 22 20 3 19 22 34 35 5 43 31 38 10 11 3 36 33 37 36 16 21 47 34 20 35 29 19 51 45 41 7 18 37 27 52 50 59 13 4 57 22 8 40 2 57 50 9 59 57 7 48 5 14 12 4 41 26 50 6 21 25 51 54 25 38 17 33 25 25 39 49 49 25 36 58 20 38 10 24 50 20 54 59 30 30 44 55 16 1 54 58 2 6 28 39 29 35 50 56 45 33 36 54 6 38 30 51 58 14 46 30 22 57 59 7 31 8 34 14 42 4 55 6 28 21 36 3 28 50 53 23 1 52 11 24 53 5 8 3 54 37 52 54 53 37 44 19 31 20 59 6 11 56 5 48 14 31 40 35 50 53 9 39 15 54 55 19 8 24 7 26 4 29 19 21 41 55 53 45 8 39 12 20 29 33 1 16 48 46 16 20 40 22 48 11 58 48 9 40 22 50 10 52 12 44 53 41 20 46 38 52 52 58 3 54 48 19 31 34 29 21 39 44 16 35 1 38 38 28 37 47 28 24 45 45 58 2 44 31 32 13 10 11 25 23 26 44 34 5 55 22 5 8 59 54 52 34 59 52 3 21 37 11 30 39 55 3 54 1 10 57 16 56 10 36 40 23 
// di
27635 6094 18277 27795 21796 5517 11539 29585 21851 9602 18614 14272 29777 19124 1927 18101 3944 24695 26581 11489 17788 22558 11548 24622 4488 27823 10375 16226 1434 3922 4416 14356 20321 21765 12741 20393 2761 3674 23840 23689 12757 23338 8639 20574 11616 24931 20306 14803 28497 13555 714 20685 1015 24601 23707 824 4275 7131 21800 14487 29323 20899 16506 24291 3160 8732 9045 18629 1053 22055 27247 21650 5540 3810 3164 27648 1176 3486 16808 16237 13855 21659 27583 12812 4780 15970 21914 26280 29700 11514 19199 19141 22537 17951 25412 17849 18478 26445 24249 8009 25613 16850 11531 3687 10455 10623 29378 5905 16127 11933 26164 23621 17736 5334 26175 13519 25620 1807 5897 19708 4197 8843 21311 904 15656 1340 16450 23922 4088 6754 13292 20956 17235 28770 20201 9423 8455 3278 4827 22580 28885 7762 6923 15030 777 84 25272 29175 22349 11432 3094 9341 2658 10379 24224 15643 18243 10324 16763 15041 9040 29537 15770 20500 17468 3000 15092 15315 28599 24688 16674 6189 6866 15321 20182 15692 13010 13998 2520 8829 206 13378 20270 11708 177 10382 17335 5386 4324 11857 9877 9042 21638 808 677 19870 5845 306 1181 24984 9283 8609 9584 9700 2513 29136 13044 21684 8229 3863 5973 9092 1016 9319 9085 14751 23899 11017 5436 23928 18083 18204 13967 12677 19383 20709 6558 21847 5936 1343 13968 12388 24095 9433 7219 12866 16275 17867 7746 22191 23137 26071 18627 2226 23342 24386 7188 27152 3330 22858 23808 5791 19286 13586 17129 11730 13612 17870 7252 5412 13135 7038 18287 12503 14779 15784 22508 18659 12024 27982 17783 18098 17370 1213 26051 10765 11062 20032 17161 24074 10526 26058 26195 6988 21370 26165 15745 19951 14002 20539 1221 20773 8279 9560 21256 10657 9292 18818 20490 21271 7484 28384 2158 6947 2024 7918 23008 11047 10922 23638 20365 13966 8349 1890 15128 7025 11885 18813 8966 4225 17547 7787 21479 17583 28678 180 17599 4848 14116 21982 14237 22843 14128 25414 1984 1880 8936 27055 2468 13414 15204 3459 27277 21895 25009 25643 13610 252 15849 22272 20723 21733 11791 24681 29876 9906 20900 17904 21789 23617 4357 18729 29322 29446 22414 17548 18956 18787 23512 2937 29880 3600 15571 24622 1232 7849 27650 8867 26946 10372 15322 10152 1419 11924 23517 23507 15194 26626 10463 1731 17099 6145 16190 6168 25257 759 819 16710 29905 6495 27029 8393 20299 18301 26662 5881 14349 14390 2254 21648 7733 5614 15686 16486 10734 12271 29692 27952 4032 26583 12190 10130 8893 28680 1059 29423 16531 12011 10673 16903 5730 29960 15276 6133 22104 12537 561 19050 17954 19061 28897 28584 21534 23631 3876 15742 29648 2547 14395 5055 5071 18597 15000 14009 23915 21882 276 4995 14895 18155 13929 23853 19190 16480 18337 28588 2527 26864 27449 5105 21517 11198 8368 28716 24495 3799 2373 17272 4492 20137 2864 26159 6965 28758 12777 9724 23973 29154 22505 10445 12610 26041 20980 735 8871 9314 6396 21999 27377 3801 26511 25233 7255 13149 23554 21145 13850 19922 28566 11794 24841 10593 12239 11877 786 12647 28310 1868 27507 2643 4009 17540 25029 15314 3364 26637 26055 22425 15221 3318 16514 28844 14963 16707 19341 3018 1907 13409 4280 17169 16568 18153 13350 13126 3009 2028 24304 20247 9299 7250 17844 22188 2399 6036 4488 6172 5708 19302 10419 16599 29462 18991 1038 11234 3943 25810 8624 14116 21389 5472 10229 3087 27684 26941 1584 20692 21317 28336 9215 19897 26788 27083 18663 17232 13738 3307 5746 8203 8394 2997 212 23803 8990 17825 4032 9107 16240 21522 22560 415 16803 21873 20309 14266 24909 9829 11701 7301 3682 5183 16688 12032 14997 2518 18756 9537 26412 5800 4579 12119 15276 23523 493 6927 28189 15827 17598 3064 21566 1772 9737 562 6805 16873 16414 3575 21975 16958 14090 11568 17460 1351 18353 14687 26718 9702 6642 8281 10133 26935 11576 6850 17144 24392 13155 9580 24669 16057 11640 23973 29615 11465 2878 6884 9526 6410 23644 11516 27753 27292 16162 14844 15132 11570 25281 24103 16344 4566 1752 13740 24013 8278 2543 20568 22456 9183 6045 18583 20659 4002 10124 11711 5180 13290 15275 26260 18935 24807 13321 182 14101 882 18211 21907 14521 10097 12070 6703 4985 16113 18196 18135 20894 29573 25092 22376 27376 21248 27219 17647 18305 27968 13318 15478 8839 767 11101 14614 23067 903 22555 9852 22429 18877 6127 20260 19523 23110 16182 16740 14310 21710 3486 28556 11063 10603 25765 23191 5969 16919 17476 24606 12132 11935 15767 21270 9159 12418 6580 27001 17186 6903 11389 9621 5118 22812 22832 27364 5255 487 21611 18179 8240 29553 26802 12166 17231 21638 28241 6756 3067 20914 9516 15813 8759 14736 10198 10978 9644 19810 17441 6845 21912 5646 8591 26685 7458 15583 24155 16894 17495 2416 16268 16929 15308 13705 17184 7840 17944 7593 12866 28354 27688 25889 19002 7525 19875 14463 13369 22804 24552 2056 21944 1556 6179 22920 16659 12246 17054 29877 17364 11843 14813 15794 7547 4743 555 29965 15149 5132 11098 11995 13679 26054 18336 17141 20550 16465 20165 13390 2401 20335 11026 27496 4850 6759 14942 25966 14233 29136 11338 29610 1348 12754 20920 24477 6942 4489 28581 12822 25968 6372 19378 13789 29568 10894 23323 24900 24215 10396 15624 4513 15141 26737 18478 18693 21715 21398 15838 16770 20806 18728 13103 7104 4259 25536 3850 20625 10478 4490 25000 2142 15273 2764 29318 386 13372 15053 16429 9813 12141 24941 11512 19991 14905 24096 28482 19356 24864 588 5033 9954 23866 6138 13442 2933 3518 8758 4339 29608 4743 22694 7150 26902 25724 23604 24676 22040 7117 3121 12844 5853 12447 23204 18771 16341 5610 15515 9461 23085 27540 26795 8307 2858 10375 19758 23948 6309 7836 17452 12094 6067 2356 2469 10448 14341 6560 15259 17137 24257 16133 919 14994 23776 5631 16109 21003 11853 16452 1769 25782 24190 27394 4614 23580 16468 11207 854 24288 13161 11099 12323 12161 1338 26807 13065 10997 10805 13211 13781 28342 4796 28176 12303 16535 29854 7930 8411 611 2504 24001 22042 28818 19145 19129 1271 9036 2730 13886 5860 19464 14136 26872 7178 25832 26188 17983 27107 5964 2460 17803 8299 20387 10805 28268 14973 29709 7996 999 18087 5655 28470 14085 2976 5293 25099 15821 15434 9023 19881 13520 10209 19856 15600 518 2085 19614 21170 24671 20584 3935 12689 23351 3523 20595 8965 9178 7035 26676 10485 14997 510 28531 19290 21669 1066 10548 7198 4500 864 16066 18634 3705 10192 9904 1954 11482 19120 4270 1501 6394 2016 11386 17791 14132 16972 14457 12569 12281 20387 27786 16328 16428 24291 2838 3276 23573 23691 14513 8614 4094 22742 17121 1358 13128 28159 7491 5913 23444 17658 21809 25419 5544 817 27920 27782 27930 15067 18628 23473 9874 14793 1692 20190 6675 10918 20844 19155 18370 4753 13353 19055 17508 20834 25756 17685 708 13831 15439 16505 2324 9836 395 26039 12329 18682 17264 9743 18080 2066 20128 20673 14241 7403 3413 25932 4966 13588 11096 3841 881 18644 4444 18479 24363 8065 29287 10736 17644 25773 6458 1526 15864 6300 7444 19180 16052 12484 20857 21387 21578 25002 24217 27681 13903 22218 28015 25786 15691 11539 4055 7679 11854 28424 16951 5140 6963 20298 20455 29582 26915 5627 27017 22274 25288 9941 3186 5327 4496 19744 18915 29259 18681 1490 13459 1774 2836 14750 3287 3640 1785 23996 7323 29115 11782 5119 27951 2572 17587 5328 7087 19023 1516 24097 22451 13190 1705 19250 3961 13612 20518 18554 28286 3504 11460 7347 6219 14423 9054 26071 16037 22989 9019 13439 17124 21041 16091 12414 23986 3796 27729 29510 3329 22942 9606 17431 21551 5564 29405 18118 21828 21725 16850 7314 14060 27075 23359 22858 19677 26849 26895 13164 3055 23668 4915 20553 25172 8884 25741 10917 17366 25806 3698 18030 25904 24081 17670 8128 4274 12209 14819 26161 28374 21426 7083 23096 4522 1876 8134 20769 28652 16092 27922 28777 29716 10718 21060 26320 6230 12768 5088 11783 11526 9871 3707 5200 18554 14939 19158 20357 18437 13682 14430 28637 20785 4675 24222 10881 25401 8775 8062 294 11650 911 11870 14596 5328 29250 10519 22230 22137 29034 19413 7458 18152 8247 4196 15285 22715 28861 18435 15701 14343 9163 17250 10760 20692 7044 25718 9987 25533 26482 20993 14373 13163 23820 22429 25182 21438 11392 15884 8691 2542 3347 1458 21401 22834 6168 5683 25820 13164 23330 12181 13163 22536 6345 22807 23253 21139 7030 29969 6939 2958 12365 14982 22045 23259 28996 23636 23824 28486 22807 9782 11643 18731 2846 28117 17595 18918 19080 3971 24452 16398 6354 3222 19095 24382 14697 16515 6891 26849 26320 3373 3965 28167 24794 13837 10170 2629 1208 11046 7497 20682 21290 2330 16343 7845 7859 29286 9845 8749 12453 11398 1894 26334 15226 20912 261 16589 22441 116 1974 27022 7772 1364 22123 9228 17161 23872 3533 21256 14747 14107 24763 5764 7160 25306 19455 29463 1980 24138 24846 18056 14134 10185 29458 27146 2540 12092 25857 2845 3154 1351 19178 25887 18111 2617 14552 2225 7085 14460 29827 28173 10387 27245 7564 8899 10391 3738 15743 1862 29997 10516 29388 9657 16109 20677 2010 23762 6597 9973 20337 10173 4162 25665 5336 27166 29036 18678 7353 9730 3096 23784 16613 20074 2135 15018 6636 13584 5629 23804 17539 3545 24708 21390 10043 16837 11182 6641 17276 25574 25381 21902 22232 20105 26953 17489 16720 18032 2235 24846 16821 27302 28387 19105 1978 1791 4476 8759 6557 7546 23955 5722 8531 9865 28427 9988 6522 18630 28056 28960 23620 9263 29645 8269 4499 19479 20061 669 27732 7136 6758 17402 12614 24794 7373 18409 14137 6883 9113 2595 12145 17939 20210 10920 25971 7214 10171 7481 28360 29782 20443 21345 5377 6275 28237 28007 16783 10833 5859 8486 5389 5427 17989 9044 20703 21508 7500 26603 20774 27087 15806 19030 27769 8225 1577 20574 28317 11557 2135 16748 15626 8095 823 26316 21736 16494 8313 4699 11410 8088 22755 7184 26138 24988 305 4868 27880 9377 26465 29128 12392 7475 15625 354 26198 26094 8733 18081 25698 4812 22817 1741 4668 5672 1533 7714 4766 26262 10112 22526 10567 6278 26964 4691 16724 24763 6052 10803 20817 16801 7266 14264 23495 1775 6056 15851 7000 18617 5022 1559 21452 6576 24658 502 22493 4698 13336 11242 15604 12619 14822 25572 25645 14813 7485 22345 11754 19458 15448 5852 6594 13136 15705 18147 12279 11700 16867 13387 8416 11336 20494 9682 29906 17651 24674 25275 29373 26085 19830 2404 28647 8953 508 17063 12731 5999 16919 29800 9455 29683 19305 882 6881 7184 23092 16624 6779 29956 9922 25431 22795 22547 898 2353 16774 14217 20134 11979 3175 16263 3632 7326 15314 28335 29257 28630 1940 23961 23635 26385 12161 16641 22042 22569 4856 22136 10633 26271 7713 2032 19409 8310 13907 13482 4764 2752 8764 11057 24572 23607 25570 1835 9093 9885 17491 10810 14589 22981 27801 17371 22538 6923 6298 12029 19783 23323 26035 1663 1038 8047 7951 21914 18670 2137 2944 23188 23257 11897 12872 366 24317 8744 26562 20551 26479 15316 21474 11462 2902 23359 6037 1585 3364 6802 408 16691 22453 18613 9748 28175 11414 27568 4114 17000 3718 25984 27745 26615 17757 17493 27768 27312 15641 27388 14043 19962 12573 16476 22326 17038 24641 12254 22282 22912 7653 10294 10434 23196 13942 16433 2597 11539 4336 23968 15492 19394 1125 13899 2813 28682 19024 16376 570 14452 28839 3175 6054 13232 8098 23171 9920 18127 19567 11229 9834 27422 1625 3977 4695 5318 14978 22813 19753 4692 1735 23451 2848 9285 18826 5601 14533 22917 1637 1149 22935 23021 22395 13223 18537 629 29233 11184 15691 28815 13400 12054 14419 20031 17233 3158 10208 23100 24745 20553 21115 6157 16307 20828 15289 16117 9949 6504 19560 29264 7318 802 3874 17358 50 28333 28562 25135 7072 93 27669 19665 1787 22547 875 19068 26162 17738 19419 12306 17176 22882 24504 29723 26379 3262 1355 19286 2628 20061 8040 9710 14904 17512 8319 21190 28583 25059 28974 778 19643 28485 2162 26154 29384 5585 18647 27340 15005 18857 21603 6342 115 29892 7391 2994 28192 2879 493 27493 5529 20968 2460 5083 16164 7568 7498 8706 10762 16544 14676 17173 26877 16400 20388 26069 25258 26689 15981 3446 17389 14218 20559 26552 18731 4774 24567 16392 19009 4858 21679 10305 9424 2229 3436 20608 4759 72 18775 15631 7886 3311 465 21650 24897 7790 29101 3590 21072 15669 17289 17865 21911 5948 27239 4217 13084 1219 6297 4101 24916 3394 23455 27573 25964 23093 15829 10298 7682 14570 12985 4448 18053 2012 16105 23910 15919 24463 24470 19861 10924 17455 17863 23283 20036 23551 15033 4755 15898 28995 22165 27968 23633 13095 2186 2935 15578 11911 23103 11653 17708 12009 29618 2079 12649 13665 17301 19553 5349 29261 13602 15169 29009 15741 24141 11102 28323 26575 9262 3714 1089 25530 10681 19393 2735 23713 10869 1111 22002 5449 5887 1260 9036 20133 92 20166 527 27174 26280 12008 22227 15636 7023 20016 26719 16414 28068 4773 28597 7218 12235 28366 21428 12422 19327 19967 17018 52 13510 15006 5454 25378 14070 25009 22199 2461 6704 7983 20770 12047 2791 29670 23874 18046 9111 18853 12523 12558 11924 15660 14716 5636 29907 12011 18072 27567 12642 28897 5004 5892 4789 1808 26074 26029 8604 7457 8850 2534 26970 19414 8987 26381 23146 2314 2316 16306 3339 16399 22949 9047 17524 23917 1187 24524 25747 24138 18947 25042 1451 26162 5424 12563 6055 16968 3174 6799 29282 25022 23623 8295 12169 15536 8953 4572 7666 287 649 15158 20456 29076 735 12861 9006 21877 2656 10114 20113 11933 24706 25462 3645 21975 18598 22983 23214 19262 4117 25430 21426 1697 16326 21554 19441 1569 22556 3391 17094 20571 5314 4323 23803 408 20056 18252 21950 28003 2033 28178 20845 5254 10970 10902 23174 15039 16012 18994 28239 6894 1778 11302 14305 5608 13169 8548 5608 2321 2096 9028 21405 20213 14188 18522 16582 4998 21625 13234 23817 4822 22639 25665 22371 6520 26682 1793 25516 12073 9091 27074 8649 28221 11290 24167 3945 17141 10180 14652 6106 28932 28387 27476 14939 7811 11776 2263 8194 22605 7317 11502 724 12111 14227 477 28906 23045 11061 82 7908 27668 2812 12072 20285 18505 13096 21840 148 2995 8008 28787 20303 24146 29393 2723 29596 23856 9152 22533 10775 14867 18562 3751 23625 13504 10916 29882 25919 22851 29091 12183 23683 20830 27923 28243 29456 22049 23349 29869 20410 27909 808 10986 1813 1280 4560 2724 24163 20810 20276 24367 6511 5671 26931 26645 19290 18739 16874 29899 26404 11713 29390 5209 4430 8539 29710 5954 7262 9910 14839 15837 3946 13831 5384 18013 8528 21050 23550 22052 19408 1836 2859 10161 22698 17789 29376 20827 29765 28844 28085 14374 4791 21557 1293 14927 16842 1369 9961 6775 20758 23152 1579 17203 16046 10829 29009 27185 29812 18094 5928 163 20547 6307 21040 15012 617 8999 1542 25591 22433 7050 17139 9456 7794 4645 14866 13443 6709 3024 4425 7131 26502 17281 20451 12804 9251 17925 2462 26496 10192 25375 25215 28595 26905 4538 29202 1550 4324 22384 1391 13722 6336 20873 5604 2501 16866 11338 12377 16349 28739 1796 24776 23034 223 3483 295 19988 16163 173 27886 848 2608 23218 27689 18265 8923 9890 8580 14179 20465 14334 25210 6033 21012 8525 29841 11730 26446 19913 21999 16645 25232 14751 5281 17688 2047 984 26101 2530 24416 6237 2378 24687 17667 4490 4041 29193 2956 22481 3379 10546 4115 15592 13905 567 16029 9465 4263 19592 10217 20412 16787 3264 6532 10229 17061 28862 4314 7058 5803 3176 2675 19729 162 4475 20149 20733 15394 2221 7003 61 10395 13433 23239 28622 3775 22024 4942 25812 10243 6327 343 28134 401 3813 12171 4264 3024 19492 2026 26126 6480 4831 7038 14196 6078 28286 17691 25191 957 2770 12152 19408 25245 25656 17088 3538 6832 20172 22486 345 9795 2192 17190 13352 7440 29853 18296 1325 18912 28721 28705 16812 8398 5128 300 21709 21259 9201 28347 22916 27162 17534 18673 27841 18829 6508 9192 23311 18984 374 16839 20244 20719 659 4936 4411 11590 8783 15549 18863 27484 10760 23542 13187 13826 19335 6077 5353 2690 20598 27269 4900 21118 27683 9726 4925 8649 19593 14355 16648 10982 19299 10046 16436 25753 29479 21856 6164 9685 16949 25340 2378 7194 5787 18893 12802 10303 16307 25809 26777 18241 15735 23324 18686 19158 3296 23248 12980 6803 28874 29628 28746 18428 13756 14458 15891 21938 16654 12971 9263 11640 7658 19530 5744 13959 6150 13258 12571 16200 21770 3233 5479 18325 7397 21146 25431 16040 27798 29894 17172 5399 15562 22565 16317 1723 2300 17642 12475 15801 4669 2570 11965 4439 24668 29106 16127 16070 21058 8549 3758 9424 23553 7337 161 10598 12427 28151 28659 25688 26002 28194 12502 18649 16828 1390 16470 15611 1450 9421 4415 18445 20928 19091 16919 15325 25768 7500 25143 8837 26399 12894 4588 18306 26931 28637 14956 10741 9989 8331 15478 10621 3597 29703 24143 6714 8592 20819 21938 19089 6657 5563 18739 22240 25804 10894 22879 18056 10351 10488 17839 277 7813 10360 18402 17099 3767 4943 18434 29369 1973 21274 21684 21250 26515 16095 22970 16805 13892 9036 14048 13418 28955 20003 21638 14681 23282 1042 11872 21594 1199 28109 2719 16093 18111 4708 1569 19104 14320 19780 15855 1835 6256 29566 29018 10250 19083 20265 10941 21915 12384 1257 10946 10581 8229 1323 25052 5834 14733 16383 1877 6685 23182 12439 13771 8486 28447 14953 4155 6837 29009 24445 15595 4809 28538 19766 4884 10215 2290 22964 2397 1596 20186 20464 29216 10636 9994 11939 17369 6715 2249 20578 12328 10238 13626 15780 25521 24162 6193 28299 6778 27040 18469 20807 7483 27149 25364 15130 12187 7344 26759 7870 15679 20795 3272 28377 29790 8590 10524 26006 11819 6698 63 21634 4083 18872 23916 27334 24678 14448 14159 18554 29092 6427 8124 28246 10731 9342 11635 19040 15792 1298 2293 26110 13211 20496 16791 28666 11659 25509 718 15029 9352 8793 16672 4698 24260 6219 8373 20460 4485 4908 24152 10832 8901 4379 13830 6326 18345 14784 19660 12604 18688 3775 17393 809 13521 27935 12053 8705 2630 9668 10901 1582 11855 22507 20928 25920 15876 5866 14130 18833 4171 7827 25510 2888 16718 7582 10992 26410 27522 24238 23375 22190 7281 27643 14734 10244 9331 11491 7865 5834 19080 29097 25059 9075 774 26638 12146 4665 26426 15284 22717 1958 9331 11271 18225 27933 17030 24976 10981 1839 23187 29375 29124 26187 1678 6261 15147 23073 222 22402 16480 17507 15022 22197 25605 16754 11851 16811 7094 716 22007 11668 17166 14405 19062 23716 26666 5213 16596 12187 5384 14962 9296 15162 19653 19375 10597 1168 4306 12075 13896 21804 28060 19264 15320 1944 881 11522 28897 27449 13948 20214 25337 25874 7698 28477 5319 26905 918 26363 20239 8336 28070 22626 24162 9155 15627 1876 6143 26669 26098 3705 5767 27334 28348 28098 6094 11813 27328 5012 10738 29768 24454 26245 11413 9200 26181 8676 18377 1211 15873 22226 19034 18789 17648 17504 18486 14421 9464 8476 13971 5206 19291 11864 2131 13462 27372 5614 10658 29327 28700 6164 8584 19055 28079 25071 27417 13596 15942 23301 9883 8824 11987 26623 13938 25948 21635 26104 17124 18288 816 18489 12799 25111 22557 15142 18226 23450 20683 26813 5942 8284 23241 13384 12020 3722 21460 11711 10792 14756 22407 6301 5385 24909 23278 7173 20516 16884 28215 21517 6050 236 9598 11122 15837 25467 234 290 27626 19921 28159 28561 27656 28990 19917 9098 17225 24656 12789 26554 6401 9349 8187 15271 18125 29166 29622 23905 26464 18413 12071 12070 3543 13210 8668 10021 15737 1121 11425 2406 4552 15824 15618 3040 3288 11899 4855 21642 6222 18206 22668 22368 13574 15854 28929 3226 11383 18118 9383 19088 24709 23984 1554 4476 22469 3519 18015 14006 16886 16756 5638 20854 16511 578 5557 13910 15350 6144 15039 15731 4277 7179 19273 20922 21410 25307 9793 29843 25102 7510 10615 2201 11048 22030 29626 13685 3362 15012 4987 20424 7272 12472 3158 28726 19917 18733 5760 26412 24453 8349 14449 15081 28348 10995 16895 13750 644 6232 6790 25743 10457 27089 9114 2608 3829 29729 27226 5245 9146 5401 24337 27467 11282 26036 1245 5139 1753 2196 29331 25874 11474 3218 19334 17788 4720 8482 4881 2810 16816 12797 7976 5399 24967 180 26504 6431 9895 11150 4734 27563 20331 23050 8288 18932 9699 7823 12214 29559 13139 4736 29261 22572 2705 5718 18617 11741 22249 26575 14451 19180 21836 7226 16165 180 20918 20666 649 15420 1493 29240 9233 21869 17057 8307 24755 6014 27736 23016 8966 22930 27321 12344 25344 13354 546 7186 19214 26083 4408 22311 23662 25857 24623 14153 22635 2815 19043 27761 11362 24672 24070 15311 29765 23607 13339 1858 22204 14744 6242 24565 14481 25292 27046 27933 18482 22100 11816 12667 19205 2779 6902 7008 9711 22972 5772 29247 4473 12455 4997 2020 27916 5562 2539 21751 5426 25597 15706 10644 18239 6431 13829 18073 3402 18818 23633 21614 27295 13481 23434 8781 10466 9660 26462 26831 2046 29225 20164 17119 16180 25560 24406 1181 25319 4661 13024 6386 12750 26831 25610 4414 8998 11814 18226 29257 28363 3729 24802 29131 23817 12449 27266 13001 4467 26353 3331 21100 19332 18330 28877 16295 357 3676 15054 846 19224 21111 5975 15665 8099 20519 26643 8810 29010 25644 9023 23047 29454 4504 6399 7944 1263 24822 20311 605 6631 23039 12056 26990 13400 26899 1296 15177 14589 9490 21140 9724 2967 11345 7833 26031 13026 9958 24772 10507 5540 28765 24159 3292 18756 23749 26975 17260 4624 9238 7021 29765 6584 5577 20152 9339 546 17440 10348 21906 8874 26473 12899 18993 26792 10592 23307 9728 10345 3404 27483 6853 16068 8500 13893 8494 344 22204 29385 29717 16797 26759 29030 18453 4881 9673 18655 502 29630 4487 24636 19303 12916 15749 27670 8437 12192 12566 14267 27752 26018 22804 22202 29937 11170 11931 6200 3301 7697 23294 20339 13716 8967 10695 16161 12162 6034 11918 25067 22231 24949 14540 9380 573 9741 11877 5380 4042 3544 29017 2353 21693 29481 5767 20556 12904 9970 1988 22520 4889 3009 9974 17702 23612 25170 17333 4358 7007 12975 27627 14745 5427 24125 21764 28584 18384 1548 9061 9932 20437 28387 23275 8772 25809 11791 29729 22349 13760 15422 22289 5188 4717 29200 16993 12332 12779 22735 18984 29182 15644 7399 19592 15274 5526 5290 22102 23952 6520 10487 3088 15068 21404 21852 25833 7188 19010 18570 5793 375 11314 28302 25323 21139 28195 11003 29462 21959 16302 22486 15797 27894 11126 3651 29176 12203 20902 6650 25581 14189 28737 15247 4106 16302 26000 21898 17755 27124 8871 5609 16687 24677 28440 812 6277 14411 3109 8690 14650 12517 19474 7375 20400 10226 410 3115 14033 11363 27814 18509 10946 29299 23659 4022 28807 11166 25944 10708 24109 17127 6555 22324 25547 530 25441 5704 16202 2252 8748 26739 23567 14624 25558 16942 9680 15915 11300 1479 1066 8511 16190 24359 6742 21659 14829 7515 12258 11345 19664 8608 5717 14192 5632 970 10381 28029 13709 13691 25960 13359 16690 18191 18583 14329 22389 28242 436 7180 22746 5371 5910 1853 8922 29233 3837 16539 9892 18904 4893 26772 4295 17484 21976 24778 20300 4939 28167 9651 10931 16853 5831 10059 24452 12377 14477 25787 16455 29144 24690 20079 16371 24541 14981 7361 7975 15684 26237 11601 21175 10325 11315 18218 14776 16449 1278 28222 23200 3854 1178 1479 21507 10258 3925 27210 19405 17407 25160 26167 10313 19224 10951 14707 27089 4366 25169 4345 24955 9063 9562 894 17260 8922 8150 16551 21061 3592 1326 14037 26724 5076 8805 17523 291 2669 21747 9261 20801 7355 29621 12566 24528 11341 15760 15585 17851 5260 7288 17326 17596 21242 10979 11117 14396 13679 19509 2641 4254 29536 14471 28662 25252 9711 22924 886 11358 3875 25717 16589 18445 8632 25696 18112 700 19993 25501 8738 23815 16251 22287 13212 27632 24525 22195 12242 18761 3474 21404 1043 26975 11032 22577 4767 24508 23794 6768 12208 24478 12482 22889 8903 15046 3715 4528 5140 6452 6345 26664 27078 8995 24944 9804 14944 19526 3491 19802 23311 538 24003 6679 29376 2117 20394 8915 28113 2268 1575 7006 20235 12030 16325 28357 28108 3447 12478 19537 28539 22125 29990 18945 19152 3709 24368 2907 29706 7213 19191 7956 16062 27476 5430 7490 2828 7333 7802 23173 29488 16589 14715 15225 10943 528 2345 5645 15067 27705 8335 4117 2657 10190 15357 1042 28140 22121 6180 12482 10957 27816 25146 25338 20794 10818 13164 19548 8998 22630 15863 25212 24645 26103 25193 3554 8340 9883 10139 11391 9733 6134 4001 13540 13792 27961 2461 21152 19670 27688 19493 17642 23951 237 2635 18125 24471 24904 14889 22526 3446 19866 15439 1750 19140 18963 18214 7376 22184 715 20220 8878 8026 9676 27547 25365 28768 7855 19200 24174 27667 5311 25683 4284 27996 26393 4828 6183 886 8352 1365 18568 3706 11305 14375 7167 7265 21385 11173 27821 25187 17701 18575 29869 7967 15479 16542 653 14273 15994 6295 28072 26066 5911 8677 16077 4193 12875 5216 6947 10812 26894 13434 17984 17194 28540 5497 10357 334 17423 24598 15856 2894 10564 9241 17200 16619 29433 12870 15433 1873 4398 18441 9991 13209 5155 4055 4762 5212 25490 25410 10173 7122 9772 4455 2165 14859 23524 25515 9452 20751 26249 9104 29632 17509 28967 1122 5727 21989 15033 687 10636 10829 163 15847 2589 16641 21714 8269 7047 22033 12952 19410 1118 5429 14987 15414 14844 18287 20111 14441 24973 8250 4899 19687 24098 23329 22179 2981 24336 4908 22136 26901 224 26041 11677 16110 9250 10275 26810 17180 405 13276 29487 19647 2956 22502 27468 13441 25244 22658 28388 18025 11797 784 11558 5509 15197 20765 8664 29542 7384 10302 18346 1456 24902 24261 17365 7443 18383 23129 7785 12977 18973 20573 26565 12170 15029 28065 17556 4595 2307 17415 9904 29377 1949 13944 4123 13553 6560 16775 15694 25828 7813 25752 9412 11091 22556 10943 15304 19226 8972 20453 16306 3100 385 27806 24497 11826 4701 13065 23905 28163 4968 3715 3979 17830 12985 29760 1797 24315 25480 14845 2201 15331 11457 1013 19202 14200 6455 12470 622 24167 27094 14679 14508 15626 18334 23105 7474 11405 21035 1321 6306 13581 26602 23214 12057 16672 13859 23117 11587 22361 16303 17793 12282 7067 16305 18691 18503 5431 15976 27715 5076 27177 23727 13067 24348 23394 24009 7623 4098 19655 19052 24527 21055 3016 19785 2681 9144 27147 2263 24437 25297 18152 29181 25044 21812 1556 22692 908 95 27648 10788 21871 28578 5916 10425 6356 27863 17732 460 16002 8362 21085 8850 4763 5210 4621 6266 17510 3644 27345 23465 14067 22130 25091 26701 28463 6953 83 13267 23284 14786 7794 15951 17237 12735 25970 19383 29103 26796 5818 3716 1057 19275 24324 19687 18828 23271 16829 3649 11834 21947 8734 13344 20677 25697 26375 15828 10963 1008 26145 18831 8333 25561 24073 9884 16582 19723 13632 20041 13244 15935 29768 12674 19820 29448 1057 14792 27993 1711 27880 3378 12408 8444 19888 14332 2948 16869 5479 11453 5985 441 8518 25805 11280 5455 9111 20169 5949 7992 17491 25554 16004 28239 133 28630 22043 10938 2760 6373 22994 24648 22603 18425 28782 12273 14774 29577 7260 6204 9802 1349 10780 24921 17942 16907 14332 14214 2275 10248 23691 1377 28830 28966 22646 9008 11537 13610 1725 28424 577 6861 15683 28604 22209 1530 25231 15252 17163 3051 19393 28451 15915 5701 26393 21830 18132 19345 13732 27554 21041 28905 12219 579 10980 20512 11567 15976 17209 15687 12473 1319 2656 22059 654 3841 5139 21361 17212 18586 11881 21885 29819 27462 11100 16536 13872 11245 28951 25992 27486 9391 23250 24296 6729 3971 13887 610 24900 28742 14393 20827 17401 105 373 12937 1620 18316 10889 7775 10867 8322 11323 17166 7157 2758 12811 25404 1779 29060 8897 29550 9055 1797 17657 15285 5492 15392 17852 20730 4942 17174 15806 6914 20469 19211 6691 22947 14607 15093 13632 25646 20036 4518 3379 11880 754 357 6849 3492 28883 19172 4357 28220 15797 9723 194 506 17571 1103 10659 4915 23523 14405 12017 3170 8295 25560 1562 3097 8917 24928 11513 23230 19812 12792 20421 28474 26156 10780 2601 5310 3574 18159 925 10114 20703 21685 26982 19747 3532 21063 13802 27913 28106 9461 6299 15986 25458 22997 3528 21936 12319 3082 15552 3532 14596 14450 7226 20439 18947 19211 5546 20033 4580 23648 5447 22371 4558 26108 3087 6427 5872 29222 12605 24630 7564 7296 15068 21313 12534 705 25444 5748 24287 22441 22870 9362 24377 17417 29099 14224 3122 21813 15981 1958 20266 20548 6974 17162 5713 5157 22066 3261 2266 17694 23626 8317 4447 16096 15733 4914 15896 9245 24912 13785 11219 10926 12694 9665 17155 29464 27005 21025 21194 26443 17239 4362 29030 25727 6980 3071 8842 25997 12413 2648 27619 22222 29049 18855 7932 9588 12648 7716 17329 27279 14495 22285 4256 22482 5002 990 10523 21612 6800 19617 22795 13128 13090 16459 17055 21972 2321 9763 19632 23008 10599 27800 27841 743 6250 15772 21452 10103 21059 7130 24799 7117 15816 4010 219 8645 19942 24707 22426 14892 19660 3978 16193 29263 21924 12719 28638 6413 13848 21772 11413 10737 22040 20961 1636 870 11310 14442 15027 8405 6620 1918 23817 27819 25309 14216 17266 14194 23276 7728 5757 26183 16352 19237 9539 10315 22863 12760 10957 23542 3591 65 12600 24528 2449 19377 12457 26459 28190 18168 3488 25615 22908 27661 29618 4711 20354 13909 24882 14216 4418 20232 18149 24584 11594 13730 13051 23424 12963 9628 21923 9762 24546 29535 28498 7388 6222 10234 25097 26288 5736 5470 11607 9933 12999 16661 18227 5042 3597 8720 20502 19041 17452 24691 1796 25490 8584 24956 21513 3802 11058 1466 28951 126 28765 18284 3554 14059 6266 2694 2397 2350 17508 10742 24279 6002 16421 17899 9716 5551 27871 16677 4694 494 17705 7618 24736 12355 27954 6534 9449 3427 793 23536 21314 24558 29675 16923 29591 6511 27789 13625 27386 22959 17058 12942 14757 26538 13420 9784 10438 27451 13004 228 16972 8493 20062 13268 23785 22512 17498 15687 29041 22248 9236 18479 1381 28215 27652 17525 14902 18023 978 5274 10835 20810 26256 26001 6239 24871 28569 19113 3702 14480 20471 13371 14420 12913 2470 19017 10159 8562 16530 23540 14807 12788 23064 10352 23512 273 20055 16548 8132 14401 15916 27877 10253 24196 19821 116 21932 26772 6372 9537 21817 20080 6118 25739 11862 6311 11171 15465 24800 29426 23617 3906 6655 4553 5912 3171 10337 22684 10726 15560 17328 4720 6405 17811 10706 25024 1453 26420 21884 6930 12604 21733 8190 16706 26796 5235 14223 1907 7372 21330 22959 6048 8479 2362 1946 29218 26849 9004 1947 9539 29927 10219 14356 17762 11186 15746 24575 23619 18015 23617 24484 25211 27604 29935 20567 25942 9738 25964 19123 21282 8034 27276 10728 2346 19283 11936 2920 25685 29950 8047 21420 14964 22776 18028 23137 22507 26547 22842 20062 14410 10887 9087 19590 17580 9422 20101 3019 7097 8912 21839 10604 6065 26225 21104 29845 12705 7277 3480 13375 12408 22544 17958 29706 2154 2360 12688 19620 25913 14187 15164 10423 23933 18982 13151 8760 27370 6594 15092 19390 630 26315 19879 4766 316 15682 2685 3833 4533 9126 3093 5625 2205 5236 11083 26027 18222 6785 11826 13853 17390 27092 23646 20957 15017 5458 17496 15843 27912 27565 263 26749 11985 29172 28282 27796 12065 6632 16283 28212 21645 29483 8160 29842 11030 18362 1346 8162 10227 10274 16684 27276 10397 111 10944 18727 21445 22189 7653 2789 751 27607 8230 3357 26313 20458 24189 14096 22127 6380 29560 25330 19500 28170 29685 18695 10892 3806 27138 2434 7940 19675 7813 4888 10759 24339 21367 12921 18986 24886 23574 8448 4896 28027 19711 15170 29077 21572 557 15205 6066 11390 15788 18278 29125 15421 15426 23403 23368 12041 18267 27398 21734 17716 4685 16740 5857 23766 17966 25665 4759 19902 25986 2454 16324 22924 13743 5833 4690 20329 8553 12308 13966 20114 8328 21876 29754 9110 2723 16357 12423 330 29066 26671 14560 19815 3812 29537 10272 13125 24626 12282 28144 26368 967 1542 15218 17493 26244 12328 26492 28957 28820 11727 15213 1707 6069 15807 1004 16174 4354 20138 25505 26125 7592 13667 28178 23837 2054 22220 6391 16778 9815 1991 11782 7653 7595 21531 26965 23481 28110 13064 20140 23412 16885 18782 8595 8915 11589 3704 1192 3184 8560 13054 20551 26065 12608 1391 1223 9313 17974 6633 1743 10491 16545 8876 4021 2124 15567 3773 1635 4518 18885 11741 14704 11341 21116 27626 8957 8284 24686 5933 9933 12836 2760 988 28743 17306 10200 28034 24219 5347 23177 20852 12257 17850 9765 1871 10373 5114 26569 20866 12672 2989 2935 10422 2666 3044 13580 9775 5685 5747 1217 29999 17595 159 29639 17272 25132 9331 29626 1647 29239 21994 9041 13687 17486 25270 23104 1783 12822 2670 14497 24784 19245 21425 8396 19594 774 26455 4459 16064 20586 25670 20597 22800 21273 19415 6301 908 27657 25640 7206 20634 25866 1664 26404 4352 11801 22298 1544 4406 12898 19968 4580 5468 11300 28295 11311 17484 6330 23597 19091 10361 27574 22984 13177 5380 1984 875 5959 28147 6279 21646 5092 8535 28666 28207 25014 22045 5087 8065 1850 17011 26399 4977 14564 27995 1403 1785 2629 21832 22604 25343 1464 23303 25304 16968 13333 19994 9083 17238 4672 22484 19207 1584 6509 18500 20303 7897 6400 15417 3132 27766 16255 22983 11488 9485 17797 9613 17380 22344 22494 11684 21801 5662 339 15046 13559 29119 29717 20464 29859 11979 28671 9114 14178 8939 10280 3255 16039 19251 9285 11694 24122 29712 10612 9182 15778 23436 14159 22190 25753 16230 200 21083 3539 24885 5689 2977 20275 7332 24701 6274 26916 26486 6643 16000 1797 4426 28280 23401 22047 16385 11358 22347 15818 10969 9924 9947 28708 8478 634 28964 25056 5025 2368 11092 21229 9577 24208 13210 7370 25115 8770 8311 28790 18830 8376 20211 19847 15420 26361 20163 13009 20511 13018 13293 5889 12891 25601 2130 15588 10529 20814 422 9070 13471 16272 4761 4366 16562 26605 11959 8999 24829 5216 24879 8180 29189 18804 15632 18751 11353 8097 28648 14571 23515 27049 7666 19141 10418 1928 20563 13395 3889 28662 14600 8823 29077 23559 3455 21472 12043 12746 5005 17915 117 15327 630 522 6581 26716 12381 1706 5105 27655 28361 16611 23580 11309 173 23433 8038 24679 24093 20418 21502 19224 17504 24207 1673 3088 1756 24287 17044 22559 6936 1022 11268 28325 7209 23662 13501 9038 22869 18742 9314 27087 14982 11899 24330 18453 25519 21144 3184 22754 15774 10971 14607 15823 22606 8901 27937 2972 28075 25251 5127 2942 1517 1782 11170 12875 4015 8672 7374 16826 10332 24767 17282 24294 27913 18886 10634 4087 14896 3546 16960 14612 3511 16686 11145 24171 29500 4711 28730 4528 12832 5166 28482 11671 12834 18039 12551 16845 8004 26100 10414 5488 18307 21259 13062 11108 20826 3294 1490 2562 1164 7109 1804 13205 22555 24081 8842 8355 6637 4506 20451 21441 5805 19610 13582 25937 5868 18691 12067 17993 10603 28768 11182 27529 6424 13208 21310 10257 24912 17930 15149 5688 22276 16583 1303 20423 20666 27434 22489 28700 24981 1574 15888 29976 26903 13658 17142 6747 341 8029 13021 16851 16198 15937 4473 7394 20630 28825 8293 124 1640 2706 10751 7323 21045 9425 3770 19365 8656 17607 23166 25527 2981 1235 21340 12506 23487 23615 27732 9890 19897 16926 19034 29152 21332 355 20688 14948 12973 7226 1736 1372 1946 433 21048 3295 1877 14963 15891 14737 4242 27437 25855 8592 2779 7612 17227 19150 25979 22275 25171 20165 27470 2196 13579 22846 1665 19688 4549 21024 26678 6856 24078 3026 10433 509 5071 24102 1774 6349 25778 26711 1345 7621 4362 5092 24348 23297 24018 10082 18186 8684 2790 2379 19643 10061 19529 14828 16752 26360 11638 12187 22387 6836 24276 6973 17673 10209 4832 17074 9783 8029 3056 3804 4194 20758 11024 8929 5438 1927 2848 24900 15777 632 14194 11138 18706 14575 7003 21614 19090 11231 18319 12206 22919 24345 14073 3427 19810 4994 5948 17943 25391 11876 25428 7078 16005 9344 10051 26218 7376 6802 10398 2168 25609 2478 11830 26282 18703 10593 26279 28992 13587 4267 14571 13457 7707 20454 12747 5379 9560 8868 11333 22713 1775 18284 25434 15006 29041 1853 15543 8237 9302 5435 13720 29 17923 18862 5341 2681 29644 11284 646 22765 22630 25716 27206 22508 24282 14499 5772 21212 274 4170 2849 20340 7367 23999 29818 3997 23475 19984 20638 12490 15417 16960 9102 27376 6770 24495 21431 17986 6475 15762 7161 16611 9923 4692 16902 25826 14410 20905 3858 10482 2752 11777 6083 8253 27122 14019 24929 4610 25716 6111 2104 5818 3830 12489 23588 21934 10654 2515 10339 14878 23879 28853 29872 2671 63 3059 735 26515 28097 21223 9220 4640 8708 12504 26064 23223 22255 14003 24301 5098 20797 17238 25484 3849 9399 9527 2809 7229 8071 3147 15437 13029 22537 10859 6631 27983 18324 2805 23210 18213 14559 17299 14528 9656 18704 19992 29127 811 5981 22792 940 10456 28114 2192 11341 4452 1202 5766 20919 658 25907 13482 23928 29745 28207 21185 6223 21094 12141 10743 15334 12463 28586 22045 26996 21796 18388 11303 15025 14910 13810 7006 25603 28161 11343 29178 25221 9537 15199 28064 4875 23807 28649 18707 11188 9944 15114 7004 4914 19514 7066 17547 28653 14950 4301 1206 2427 4430 7428 7599 16629 12928 8130 21875 24865 25604 5736 28688 23310 6922 14638 29603 1836 2413 16326 16932 22926 10446 68 13264 7339 13233 29249 8846 20055 15935 22629 7778 1293 14268 17755 20190 13390 3265 23125 3812 24192 24723 3648 16228 98 16294 29464 14382 3789 21560 10446 13395 15505 24333 9502 2886 14429 13993 24501 11762 16678 15028 2644 24866 26648 29781 4341 28231 17934 17638 27533 3764 17747 547 24933 29816 23508 14957 13813 17193 16498 3835 8785 107 21227 22736 24390 14285 4518 17016 21589 4389 7759 9192 6613 25212 26900 23845 22488 14854 29860 265 16987 29374 786 7050 15356 18805 6343 12466 14123 19980 1384 6419 27108 26960 18168 17044 1354 28450 24937 16679 17215 20020 7390 993 13167 18067 21544 10848 15859 10124 24793 1647 17569 355 1779 26093 28357 20812 6543 22208 3479 23943 5501 5003 13028 13865 20414 13172 29646 7146 21579 19401 11460 19639 4413 2035 2367 2016 23839 24135 20163 13889 3642 2677 871 11245 20721 8270 18228 13868 16613 18161 12125 17885 28060 21086 25863 1281 27661 19809 4515 26454 8117 12005 10492 28012 8791 21624 27766 11089 7709 22885 27543 16004 12972 25507 19815 14331 15613 28258 560 21470 10311 8959 2546 17947 14217 1363 22732 8120 27446 19053 22172 17043 21020 7336 15600 14519 300 7129 1423 28451 3799 15387 9254 22867 23396 21701 22614 22581 25040 846 22698 17254 27479 9301 4841 2933 22423 26283 15903 2551 27513 1234 7248 17763 4100 6769 876 21896 29640 25962 8761 31 24035 18863 10246 24166 6288 27720 7748 19962 853 3207 24654 23440 16109 17938 19674 5252 25596 23461 16634 1970 17767 27656 22960 9775 20052 20936 12591 20691 6529 11012 23075 18164 7730 24145 20084 22283 18459 16096 138 24458 6990 19111 26695 375 8488 12458 25696 1075 4206 24699 1312 25697 9330 26771 6816 8455 8208 12598 12684 7023 2095 9533 21205 24097 25271 934 28860 16134 17526 4082 2102 19942 2818 6396 18557 3362 21296 22628 76 10996 26957 23638 11524 1994 3598 28143 401 11133 1780 23387 13124 8655 25701 21254 901 19989 1308 23638 21259 10535 1097 20602 18324 24457 23014 12638 10616 23170 20240 10823 4621 6419 28247 25209 18347 22713 2747 28933 28930 122 11462 19217 3420 21141 13503 14877 1296 971 13401 15334 1292 17367 4115 18409 23809 15267 2562 16608 10009 4104 6440 29589 2567 15462 21855 22781 13953 17572 29815 14872 29168 22199 23557 3913 26293 9311 13115 18110 4175 21229 22234 14893 23000 10456 9847 12845 11317 24734 25295 6961 8039 3424 29763 22783 20245 5834 1173 3330 14553 22166 29293 13050 17125 21416 14685 125 22559 23537 29203 25759 22107 25786 18569 18440 22958 4220 14098 23538 27669 3807 7109 14966 1479 20597 8021 27811 25914 9879 9086 20742 18197 25124 6489 7569 4482 22870 8853 10459 19021 13726 21277 10845 7336 14260 15163 16303 9813 16346 27874 28811 17651 8567 4638 19712 16043 10250 19664 28371 23024 17762 25448 15925 8791 11945 17876 10283 14038 20046 18299 794 23099 21062 1004 27659 14094 24155 22247 4929 15910 25658 11183 20630 23125 15110 16223 2787 19276 9002 8659 27387 21329 18604 27136 16270 29393 16387 25402 27213 7002 15203 17105 2632 7960 27367 11020 8561 28781 20897 1384 25408 7234 23053 5631 15683 2205 19877 19807 19656 18693 5527 24972 19491 27373 19028 19519 15267 6807 29013 5522 23078 5542 24796 26638 1889 10553 16733 9680 1354 7622 2619 28239 2156 567 8826 12943 17153 23134 9783 4103 2437 15572 12031 9559 19753 19416 11421 26782 10620 12720 6729 12439 17347 8495 23613 4179 19721 11453 12744 8089 21686 12797 13007 10598 6384 3585 1624 7939 10765 8423 13675 16253 14161 27772 29738 27902 12156 21014 22221 10398 19344 29339 13743 29766 26890 5798 13038 3234 9639 8912 9244 25005 5563 10384 29243 15616 14166 29298 19375 26898 14919 19777 27769 8968 8012 4331 3124 26417 9867 10801 22399 20 2081 11596 14874 16636 1319 16185 7412 1223 175 4792 22035 21646 2428 24071 28076 25844 26741 4575 20003 9906 19512 19806 19611 23258 17414 287 28089 19755 17622 25606 5035 11297 27392 7374 3520 3779 12366 2128 9360 14139 15888 6949 21788 14428 10305 1334 25445 5442 26161 28557 7597 15553 24256 8270 26044 5653 25759 19818 20364 26692 5736 25258 9037 22167 16425 5326 17074 25886 162 26599 22528 24804 15982 26083 15439 20055 21847 18763 6996 15537 11392 18146 27409 21934 10122 19060 7052 29630 17456 27868 22607 16557 6883 3950 29831 19489 23818 486 27773 13888 12249 1894 10871 1114 19057 1468 19530 8152 26872 8069 19722 16787 8033 22904 9596 21314 21358 8980 14341 29198 1285 13329 22796 7908 21301 7470 9159 26760 12489 12347 22103 10977 14141 24426 25517 6820 20120 18958 7232 7186 21627 8760 25828 17686 1478 13931 17954 15509 10270 12419 12136 14358 21500 17597 6718 29524 18016 25084 13386 20559 4443 28629 26038 25449 28829 22894 14088 23488 11067 27947 6319 17557 12701 5409 24376 23573 15759 9912 22093 4142 25641 17545 19301 251 18488 14079 10109 13084 4910 1140 12537 18396 23422 3380 11906 29552 14321 19460 26346 8520 16965 15636 5992 5363 17908 16073 28329 11305 24968 7814 7231 21789 27292 29179 21910 24698 26393 18421 17093 2778 11476 13160 27226 18796 26909 25619 4069 18212 14476 12668 679 9747 4688 14405 29290 13685 11458 18401 13325 11477 22350 13526 24540 8478 19632 20101 17522 11085 17994 3581 4303 26172 29214 2030 9612 3312 26414 1433 12691 14477 6127 6487 10252 24738 21820 20019 29495 22044 11521 11505 16609 13064 16375 23563 7538 3556 9612 5530 19360 18166 25207 26814 24051 8205 13811 21356 6399 4680 6616 24343 1950 6113 13799 26426 17846 9565 3899 11071 4264 26039 14179 11234 5100 10321 14782 3567 6491 4513 3970 14266 16516 29009 28232 26839 15800 416 11002 15276 66 11395 11707 29345 18406 10859 24096 7243 21502 26834 11490 7835 2652 14104 20290 1067 11604 20081 16491 27962 25057 25975 7985 19740 25273 331 28743 21607 12860 29462 27359 26910 24606 21764 28656 2059 24377 1432 2740 23333 19769 21267 17230 24300 8170 28415 20106 23562 6520 27093 2649 20622 14998 6717 8132 19205 23040 15464 29424 9497 534 2525 13624 27261 5080 23133 21677 4748 27723 17258 14438 6735 22231 27400 3108 20024 16583 19460 3289 2621 13046 21965 16223 9457 17740 4894 5702 18861 914 26249 12616 2702 14970 3249 18154 15311 29722 18482 4233 3951 20510 361 1130 4877 19851 29350 9068 24284 2327 26581 2761 28832 4526 7326 9036 15577 14794 27752 8399 22944 4074 16799 22980 21445 6884 9397 23960 28278 5951 29839 19366 18316 7289 23647 11180 8354 21914 6378 15224 461 3723 8789 10270 25637 3189 24102 1207 28820 27065 25228 9560 14884 20353 13022 3599 17420 17081 24117 24821 8858 14237 733 13328 3095 8340 9792 11032 24675 25066 3594 11218 17232 9763 8179 18813 26449 7995 19092 2780 6081 7338 5462 2138 2716 19358 18414 993 24575 27758 16083 28967 23140 18909 29530 779 5470 27113 10495 13893 24872 11908 4694 24943 21405 18639 27429 2259 11602 17843 27086 25082 29955 10359 10011 21571 1074 9860 22213 6114 2821 13820 28889 1035 21669 9815 17566 15182 25834 19537 28901 7012 25369 547 11372 28719 15676 25720 14382 9398 21834 10137 10392 6602 4005 11968 29896 20388 10365 25669 6858 8886 22269 18038 22538 11810 543 11080 21997 29529 11178 21541 25410 20209 8633 1062 9184 15441 21174 1799 14309 10131 22250 13624 3680 8201 10290 11892 20793 9630 18679 16571 7551 4980 14924 5370 18034 3456 8177 12112 25612 25196 10849 25379 12529 24201 9229 24339 15897 11460 5251 13718 12098 19010 2755 2662 11890 10852 27726 25421 2460 2457 14244 21804 24266 18980 16709 28380 23191 6574 29938 29623 19220 579 26598 10705 13237 29151 11073 19208 15064 29701 5540 20264 11145 49 5276 25362 3259 19723 26566 29281 20164 23672 3756 20793 12516 3294 21600 14359 21403 7196 1471 20313 27643 7700 1168 23045 23435 24234 20743 19424 8663 26998 20731 6740 25176 23797 2296 8703 27783 26611 7536 8066 1879 2901 22450 8353 26481 14793 26814 22834 17976 22065 2576 21138 17603 6966 652 367 25917 10604 3657 18920 27336 1100 18238 18211 17589 12329 19354 26398 11118 25375 4737 21849 14352 25608 5794 29849 10241 15727 13046 8311 2619 12965 25619 12706 593 27305 16917 23728 5679 402 17380 27479 17787 15226 11236 41 24735 24622 8721 6723 26347 25009 27690 8558 18592 7694 14653 17533 24660 9209 13117 6096 12629 18945 23967 13329 4479 2277 17862 4717 3976 5236 24792 10318 24825 10279 2258 8813 26755 17214 29845 12845 7155 12690 15293 11734 12121 24138 29447 27000 13957 21582 7370 25237 27613 882 24652 15807 21271 9606 3329 13925 19442 4160 7556 13829 26597 3998 14022 6403 23469 22248 19873 12700 6041 14586 10689 8268 1220 5306 4373 7323 7260 3761 2627 18467 26949 15504 29164 1577 24890 26150 12958 27757 1338 11314 19507 28542 27388 25321 13038 18394 4716 18929 5518 17785 2590 16564 22516 21498 1081 28773 25727 29531 16773 4856 16204 6797 4290 15285 19462 3328 15887 11915 8816 23282 11434 7866 4599 19360 21735 3305 24307 16962 16410 20169 17135 16680 27202 15587 26870 19375 23801 4371 26707 214 11533 19417 1770 3101 26942 8334 3838 24098 22841 15502 15437 25035 29139 7327 28863 346 10143 25791 11064 3315 24441 8080 26536 8238 28668 7154 21864 11818 10822 7929 15251 26601 18071 3321 2809 14317 21171 14413 17668 22099 25472 25145 8975 3062 27044 23402 1272 25942 12819 22814 4058 24415 15349 2882 28066 14866 21721 18060 18353 19026 10613 8351 7297 29329 14842 28527 26884 4058 5003 16351 18444 3716 22936 16447 22345 15527 11835 29452 24792 1197 21871 24292 7106 14476 8239 4380 3216 26680 12050 28748 23563 339 22014 2014 26102 19454 467 15993 21186 17243 18347 25210 24637 27077 3039 15589 7147 27922 28846 18372 8606 6769 3646 27779 4239 16035 18695 28630 3660 17623 16698 4958 21628 9010 13329 5422 17092 19886 12519 24329 12128 27206 9932 15105 25835 27981 29208 28645 13851 26844 3718 6281 19800 6374 21247 11412 12414 15875 16023 12181 4371 5434 7166 15967 11312 5125 15038 12121 11400 29898 12147 7443 27857 10462 18417 1665 7965 26117 17650 18887 3606 20442 4069 23083 6072 3420 684 18129 28208 26889 15976 9039 4743 29982 13520 14923 28697 4357 9696 16151 23959 16087 10475 12262 12723 14126 12435 2245 21755 17622 6647 8918 12301 13402 29609 15200 13760 5761 27344 4873 16250 21534 26941 2241 4739 26129 27650 10578 538 1020 28017 28702 17249 20029 21426 24962 21594 13369 14618 23096 7769 19140 27436 27609 27459 13435 10754 29932 376 17563 20425 18127 6797 29983 25324 25262 4515 28571 19057 25443 6446 18828 714 11008 18458 7806 14638 8056 29414 17515 3763 13411 26013 15533 27437 1942 17873 21770 8194 22690 11975 29954 4597 23264 26733 25109 16562 22551 3259 15529 15983 1662 28890 12921 24799 3815 8944 3614 19718 12273 8939 12480 18610 12896 6454 8306 10631 21568 4288 2671 18078 9384 1744 8890 5053 12858 5087 16441 27593 25937 11591 7064 525 25887 26635 4300 2219 24968 1991 1509 8541 12060 15931 8407 18879 18253 14454 20759 28002 17157 9787 27688 16792 23115 21616 29886 28110 14991 21588 20148 19813 430 13127 27371 17133 28714 29225 4564 21893 22346 11419 19964 10389 16352 25078 25268 7966 1434 11859 7666 25018 26251 1451 28494 7018 12643 9686 15700 1975 8485 6606 27350 20377 25431 16866 16767 29060 21661 27342 25026 4537 21132 17400 11935 17483 25114 7016 8067 22850 856 16762 17907 6948 25174 2411 23908 20457 4745 16330 16453 8222 15267 23877 27536 13820 1265 13101 1221 29355 18815 9382 980 15575 12872 18408 24888 1583 21715 2723 2408 26471 11108 26952 25200 19087 10026 19633 21234 9391 4712 5012 2555 28021 2505 21039 15599 19008 17042 607 25890 23723 8885 5615 5886 27159 28220 29441 4370 14566 25814 29637 13766 12483 29016 19861 3355 14472 719 14084 27316 16083 18059 27911 4633 6962 19860 5530 21856 14624 2100 7341 21285 23421 13047 13277 24045 20461 28770 26551 7593 28374 11907 5659 27358 7186 17612 3078 3479 3836 12787 4655 4713 24641 8636 7334 7973 12648 28094 10156 6162 15793 4338 26119 9043 9932 9374 1075 5693 28521 9419 6915 10112 25278 7600 22216 14212 1603 29746 19486 25611 6844 1157 13693 2240 477 26487 605 11504 9698 5714 5204 2437 12739 7778 16348 16699 4012 14513 20410 1582 26442 4008 1902 14234 3185 5337 10597 8702 14847 14352 12025 7014 8257 17636 12847 1962 11724 26385 20581 26238 28524 22317 6228 27928 6827 25102 15574 19574 15763 7911 27416 20976 3504 2845 22851 7548 25583 4513 25396 17616 5222 14815 29744 2252 67 26396 27359 10362 17547 8677 16365 27322 2967 22004 6451 13690 2063 17905 12665 27707 20975 9240 28269 11946 13885 23623 10632 22992 17236 11391 17756 15631 24224 5569 22798 19665 24299 5005 19118 25531 3521 29068 10675 6459 29268 3054 28671 3163 12917 7279 26519 28269 14694 17415 27441 1040 29667 3 18346 2073 24721 15707 10323 209 15062 29118 29729 12901 23366 27501 21148 4909 14133 28877 8099 11979 7646 20921 5074 19160 24184 20239 8770 8992 12190 7514 19165 24529 11030 18890 17246 17302 12505 17093 1958 8139 3941 3109 14059 7169 24075 18729 12360 26025 10840 14597 2398 23274 3415 9887 11222 26677 21142 14488 18550 29295 26916 19382 9332 25518 16916 866 4482 14963 3037 29917 25962 26874 1253 12575 21938 9966 15264 19421 19211 24629 23577 24443 24892 2447 2992 13658 19505 27870 12629 7719 24279 26851 25408 19705 28587 641 22114 27600 20335 14321 13786 20307 17685 2537 1052 17372 27540 2630 5395 18687 1404 20226 9571 29434 9929 959 14857 28125 28317 3110 8265 20618 24351 18294 16723 26189 7937 10609 26788 29777 28390 2636 19347 16678 654 21492 27926 747 20377 15058 14075 7035 14481 10935 29896 17001 6444 15652 22587 24670 2767 15696 20918 11678 16164 17035 29807 5417 19794 15956 8128 703 28406 14024 15334 20886 14563 14081 11186 16000 21444 13848 21537 6472 29270 10112 13023 10774 1225 24637 20506 8053 14765 22360 2735 17813 22508 28227 21776 19865 9189 1954 2749 3187 12161 20055 9655 13340 27773 26732 1621 29200 28673 182 12840 7969 22186 29889 3598 28973 1581 9327 14211 16393 16396 1226 19519 28774 21507 25112 13686 19517 8164 28025 1770 7284 19183 15853 27640 10694 24249 6216 18139 35 27711 22700 15037 23853 2750 1976 5518 19551 8301 29651 10214 16167 15593 2862 19324 18431 14393 13899 5639 19066 9851 14806 14627 23608 21599 9201 15761 16123 4110 10019 2475 589 2136 25590 20161 19793 21175 25096 9540 29992 28951 28412 6283 23869 2905 2768 15683 11118 14687 11894 7137 1165 16411 17472 19330 25183 1613 16428 18543 23396 9240 2584 24771 6641 25385 2383 6606 19385 1586 29726 14136 17216 4478 3033 21863 11066 28433 7681 5609 4444 3855 24945 20068 20357 17537 26405 19204 8644 20803 13175 622 17605 10223 15635 5282 13758 11489 28630 27931 25979 4252 26014 12377 2029 9304 4001 9622 6457 10110 21322 7921 21329 3296 25117 23472 2668 17728 11707 7841 8598 23417 28009 22275 26541 26753 3603 6193 11178 24481 18046 2556 73 2592 27233 12613 3551 14763 15945 9065 8088 9950 6733 14639 7309 15378 8017 28969 14123 27867 25865 20325 15883 12802 18983 9270 7929 22906 12063 27795 5361 18413 5855 16365 4540 8308 18180 4168 9395 269 9231 3469 11828 27542 5348 14540 13662 1319 9284 21409 25928 22418 27133 5782 25745 2059 9040 14738 3523 4343 27081 23027 28396 15506 8475 2942 20762 6328 29958 23171 27463 8037 11923 11130 6692 22589 27156 27961 4111 13414 9912 24977 68 13110 15555 23283 21846 14487 27849 12167 14537 15064 23790 958 18316 25780 14136 22079 5654 24499 867 22945 18631 3734 16408 1404 24026 27266 16042 29731 28167 17914 471 7708 6795 28477 18166 13623 149 19837 28731 26433 21306 3618 10067 18810 21551 12232 21146 24965 1540 960 27587 17485 19081 1574 12694 18091 1484 21527 8322 2303 23053 5311 22922 8043 3026 4823 9952 22546 19570 7019 24686 13571 641 28449 13733 18509 23386 19505 23290 1709 27413 17311 814 7029 19564 2426 11332 25016 15363 29327 27844 21315 20731 9327 9030 9056 7737 24640 21996 12382 21959 12363 3501 13425 29878 27927 9838 29933 2069 24116 17373 29795 22961 27959 12790 18982 14943 3089 11500 15045 17108 10508 14698 8795 5917 11820 6406 28644 20376 12202 12597 4647 8559 28198 8030 2414 539 4901 5776 5736 24178 2184 11309 9272 21273 2517 28507 19622 15203 14526 21640 12397 5443 26095 947 11555 9408 20124 15941 10376 3610 13930 29393 18790 24377 21033 25370 2476 19395 18760 7006 9751 23705 26716 29364 26875 2324 15283 11325 15531 26186 11316 23581 10812 19252 3915 6735 8232 342 20741 6825 21922 18312 8186 9098 20364 7268 12222 17537 12343 25012 20331 28076 14714 24298 792 3370 7271 16230 14275 5186 15446 6013 6048 22067 2970 8305 6566 18702 15762 5447 16446 4968 16985 3681 25814 5665 2670 27724 23541 24910 10527 12509 7590 3208 25169 6829 29229 3185 12534 7732 13019 17428 19905 28135 1716 6298 8760 3896 2262 25061 18167 10179 23504 19397 21320 10275 3134 3281 7336 1105 8021 29691 16000 2484 18419 4687 10446 12070 11864 23603 825 23793 15344 15248 12040 14050 15889 7448 10278 15379 20743 9727 4480 8650 16338 19344 10829 10280 14264 26163 12136 26363 25550 27029 2909 27652 8823 5649 214 14257 13682 10570 17468 25897 14449 8924 24193 23348 21778 20046 23965 21189 3651 14658 24906 8735 23014 26499 20413 27421 7951 8469 15794 28364 1342 19571 27318 10065 24374 6786 27501 13441 11756 26532 6099 14453 5358 18538 10218 4865 1564 13672 24453 9249 14948 28281 9878 21453 20160 15839 28001 24338 21829 9397 13027 28940 24779 4866 17322 6401 8286 18017 8436 8092 16921 27420 12012 20972 19491 4244 11263 2860 9522 6301 27226 14527 16672 4641 18545 13939 25575 9751 22981 4332 25997 23745 22921 9825 12136 18889 15242 6611 1406 17508 2784 8735 1344 23993 26536 7028 24265 9067 18006 25541 21713 15463 18150 17009 28147 16741 670 18401 688 7484 17234 4117 28319 4133 17878 8575 12647 12566 18954 1374 26434 9084 4630 23378 15246 22234 14564 14141 15916 5338 29834 16628 22000 21548 16254 4668 2976 12119 20743 15907 21590 1924 6692 1840 3322 516 3726 28609 5718 24454 13165 29232 28544 3279 16639 12925 10023 8416 21386 9894 20447 22137 2358 13107 21752 6288 9777 18637 23022 18931 16937 22357 21636 18518 24748 8937 13544 15346 7786 23345 24276 16616 19584 6208 12579 18094 22201 24256 1453 896 2721 25613 11762 22095 14575 2659 10718 21731 17190 25747 23283 8414 4963 20945 9436 29178 10232 28081 13047 23339 12361 22878 29074 26470 18936 1393 270 2549 10271 11167 3445 18802 20942 13813 7945 1243 14343 4279 25163 6201 29697 18651 22266 16948 21421 2830 5155 16683 28280 7315 24788 11921 16965 12709 23607 16645 29903 26027 6828 28313 15977 443 16914 2804 25593 25645 17288 20242 13086 27488 26317 13395 14003 22078 27223 27669 16693 13658 11771 5055 5994 20349 15117 15551 17198 658 29228 18083 29029 28622 4194 21636 15880 9474 12270 25043 4457 5873 19773 9407 15707 14494 5545 19559 424 17665 24790 9044 13095 13775 9547 13218 3822 12054 6974 24857 21888 7455 1422 2738 9668 21622 23808 3771 13644 26616 3648 19223 17548 23587 6098 27993 7351 25757 28277 29027 7870 18172 7220 11008 22405 757 309 9830 21968 2859 18437 23950 3063 22166 11001 18318 22197 13020 19242 18026 17662 17026 16342 17652 14056 23719 13353 1880 20889 24370 26092 14963 25126 1927 3316 7191 20841 14547 5974 23819 21727 19773 22511 4458 13727 16803 3916 25762 555 26639 28856 12005 26193 21800 14508 21078 22796 25198 23368 11411 21686 25646 17316 5486 29315 19698 13987 13364 26895 12497 8850 25807 21274 19193 27693 27459 12210 24855 18885 21701 17948 2685 17678 3944 7598 16744 9958 24790 3506 7700 15076 18889 2180 5279 21153 23689 27516 20894 13180 11447 754 24852 22483 12009 204 15599 26724 153 29095 13971 18790 4285 21645 23977 707 9101 16055 11586 8751 6851 9398 27819 8317 25125 28999 28286 7468 25908 9772 14417 16781 1796 18309 25058 28570 25412 28316 28037 13387 15157 13865 14977 6737 8538 6760 25626 14777 15066 22699 9842 15144 25865 24537 27524 5573 14603 15184 26838 2332 10369 6251 13471 8051 1488 15048 1699 11899 3685 5576 11580 17132 20587 14872 15288 10967 17328 4012 21206 20839 14194 17665 21711 16332 28609 14784 20396 705 12597 10760 18367 9068 5749 21242 3820 3345 7989 2260 9902 25833 5701 22979 4352 20086 28184 19995 12725 13342 28711 19480 19273 10722 2597 7289 20122 2708 19163 24703 13660 28171 23997 10114 24241 26987 28652 21552 10196 6405 26627 19834 14044 18285 24233 10929 13333 16704 25109 24969 20219 7405 2830 19421 19948 350 14292 16344 6568 929 646 18190 15143 1063 28873 27440 20852 9318 20448 12286 6961 9411 11729 25509 19775 26318 25056 21380 1566 27362 25008 11253 21203 14936 25340 5862 29709 627 15330 25624 29422 26479 14590 3990 15571 26981 7436 21575 4985 11783 22368 19600 8751 9833 24346 25111 4003 14539 28353 11958 23761 22400 16704 23458 13749 7612 25950 21333 27626 20917 2260 19281 12665 2004 25622 7246 29306 24348 20511 24036 17341 6064 15184 3926 8954 24015 13113 21353 1177 12506 29748 7207 29853 17806 16027 1509 14284 20601 13747 24610 16971 8346 19615 23938 1426 24978 2335 1440 26347 515 18930 19428 2610 495 25652 10249 26676 4620 26850 26730 11978 29115 8899 25042 10908 24689 13071 10510 2183 2288 18757 21656 18354 3905 24177 23638 15577 8074 20191 28053 1847 13382 25075 27168 10115 16458 5119 22139 28455 3754 26229 1234 11753 22094 14046 13318 9790 25078 2092 26176 27087 13711 11993 12421 27093 24772 25427 2440 11718 2487 28422 10304 655 4190 15490 26159 17510 10124 3821 15975 7165 25632 25194 6385 12953 10782 25489 19524 12534 27266 2328 24342 4156 3489 9146 17630 864 6373 13800 8897 27290 25619 18341 1769 14538 22999 23233 16282 454 29991 10613 5227 975 882 10516 8148 24452 21470 217 11971 27300 11891 21579 19611 23509 13195 24041 13009 6259 19426 5974 20406 18557 11798 1257 9765 28321 5525 29093 17733 7032 4073 16436 612 12006 26558 14858 21335 3801 24078 22895 657 25529 18721 15206 29152 7279 
