// periodic
// number of jobs
1
// pi
70
// Cycle
100
// aperiodic
// number of jobs
11000
// pi
39 49 5 16 39 29 3 39 51 8 49 49 37 35 26 22 20 34 40 50 22 5 57 19 3 53 32 50 15 1 51 8 30 46 56 5 33 53 35 38 47 22 23 44 49 21 21 56 55 18 54 30 52 56 11 5 40 59 34 33 57 38 6 37 21 29 39 59 27 43 30 36 20 32 56 57 4 56 2 52 23 58 52 40 25 58 48 52 9 42 37 28 22 46 38 50 50 15 55 20 36 1 4 4 12 29 4 43 16 46 22 50 25 49 41 23 6 7 49 46 52 55 47 59 38 56 42 29 12 55 8 42 47 54 20 43 13 46 48 14 51 47 7 52 47 5 7 23 6 44 41 42 34 3 54 12 53 13 16 40 13 45 5 6 46 13 31 10 19 29 13 31 50 6 48 45 38 43 55 32 53 34 10 42 8 1 52 1 15 24 40 21 35 40 45 9 28 49 36 38 22 16 6 5 18 14 44 18 8 16 22 22 10 17 4 51 2 31 59 56 13 24 54 21 13 32 34 5 2 31 57 57 34 31 18 38 27 5 15 8 19 28 4 47 8 9 20 51 34 51 5 36 24 5 58 32 7 6 56 21 30 16 17 42 37 9 50 59 50 5 32 20 20 57 1 8 15 5 42 50 12 45 21 52 28 2 42 23 48 46 58 55 25 9 35 49 18 2 15 47 20 20 38 59 57 17 7 31 54 22 40 52 25 39 13 36 33 26 33 36 40 3 13 24 13 51 30 4 22 2 24 30 3 33 38 19 16 43 47 59 32 34 42 16 55 50 2 39 43 56 56 51 49 19 38 58 50 41 23 22 42 8 41 30 58 7 1 27 24 1 8 3 13 11 17 19 13 51 48 6 22 54 52 50 16 6 9 19 31 8 47 28 25 38 55 13 18 46 14 52 51 29 18 30 27 44 29 55 27 47 31 32 51 22 7 5 56 5 23 59 8 18 25 47 15 16 49 45 23 28 6 46 23 54 41 47 18 1 30 29 20 30 47 9 43 46 31 19 23 35 33 32 22 57 55 29 11 6 58 53 56 2 40 22 39 9 20 16 21 1 50 45 24 26 38 35 14 34 14 6 34 23 18 44 43 26 25 38 32 28 2 3 44 54 30 8 26 59 30 43 3 38 38 32 5 57 38 27 45 17 45 51 25 43 53 55 8 43 44 39 11 59 25 50 31 37 21 31 55 1 35 33 37 11 23 25 14 24 2 41 56 19 20 54 52 35 15 48 1 55 10 10 24 30 32 12 55 59 44 31 31 45 33 44 7 38 34 14 49 54 20 12 10 9 58 56 37 44 35 29 56 45 21 12 37 25 33 34 2 10 32 46 14 42 50 20 23 52 35 36 40 52 52 18 19 30 5 54 53 55 10 7 37 8 41 21 2 55 34 27 8 5 26 11 18 7 2 23 45 56 34 51 55 32 17 11 47 27 47 11 40 14 30 30 51 30 6 32 21 21 54 56 51 24 33 7 50 42 41 1 25 52 19 32 14 2 27 45 44 2 1 40 37 38 50 58 23 10 37 3 42 27 32 7 18 39 42 32 36 31 54 33 16 51 28 1 40 28 43 37 36 29 29 49 24 10 17 35 21 3 58 5 52 23 16 22 23 56 44 55 5 23 41 48 43 54 5 50 18 36 34 7 6 25 42 31 57 11 36 52 34 15 5 2 56 15 34 42 45 47 54 6 18 34 33 35 38 57 12 35 26 19 9 34 35 26 51 15 58 7 27 26 52 53 4 45 47 43 4 45 3 52 24 34 48 29 51 29 59 1 9 23 29 37 15 42 29 35 36 5 42 41 11 25 40 8 14 57 58 57 45 9 59 41 30 31 34 10 26 38 34 15 51 21 23 21 53 31 53 57 40 38 50 4 22 48 6 36 13 27 29 8 32 4 9 31 41 48 55 17 1 1 48 47 45 58 3 34 56 46 43 29 43 44 23 11 22 8 48 27 27 46 43 34 21 37 27 55 25 48 26 48 23 37 14 42 46 56 17 1 45 9 56 31 39 58 59 10 40 16 25 54 21 49 8 26 48 33 45 7 28 4 31 10 51 11 47 35 51 8 4 37 29 17 51 20 22 24 14 31 9 6 55 9 53 9 3 46 59 49 3 50 34 14 42 25 32 1 20 9 15 15 56 43 25 16 7 26 39 55 41 22 23 24 22 22 3 10 19 50 17 18 44 4 31 40 12 50 51 40 55 12 35 56 27 49 48 12 10 54 17 46 26 54 47 19 7 2 10 42 1 50 17 8 48 11 37 13 8 54 17 45 58 13 1 58 52 18 8 8 42 8 18 32 34 51 20 3 44 47 33 21 52 54 3 20 12 56 48 29 9 52 28 1 11 55 5 21 48 26 21 28 34 57 35 57 45 57 22 29 49 51 12 25 51 14 8 44 49 57 35 19 33 47 28 23 30 54 35 56 33 21 33 59 23 50 7 47 5 48 53 16 20 47 53 32 15 33 8 11 50 17 8 15 30 19 11 47 3 7 5 47 53 5 8 51 47 25 1 48 39 54 22 57 10 8 22 37 33 25 20 7 25 39 42 46 55 20 29 16 27 26 32 8 13 18 22 34 38 23 4 23 59 36 16 22 6 33 10 46 31 58 11 10 21 16 31 25 19 48 5 32 7 19 29 35 21 29 29 48 45 27 45 13 17 42 7 5 18 17 58 30 23 49 38 26 37 54 24 27 13 23 16 27 31 48 32 25 39 47 3 44 21 4 19 55 40 43 18 54 47 21 30 56 7 35 37 30 39 10 24 58 32 31 41 25 41 8 29 41 25 24 10 41 43 24 6 46 19 35 48 46 32 42 55 27 5 58 50 20 8 33 9 26 32 47 43 20 47 35 14 28 23 38 16 24 29 58 19 36 30 20 53 44 43 29 32 30 17 8 43 10 53 58 17 49 8 41 46 33 41 30 26 5 8 12 27 3 29 50 8 20 5 31 33 3 54 50 8 32 57 44 11 27 21 52 10 56 50 16 23 54 57 15 33 2 24 39 45 26 10 56 34 44 48 9 37 41 43 22 29 14 11 54 47 16 30 31 19 31 49 23 11 18 9 57 54 40 49 12 45 33 26 29 26 8 24 50 10 27 44 22 4 11 57 54 40 9 41 32 15 55 5 9 52 31 44 12 12 10 10 18 21 49 20 38 11 3 45 56 38 18 34 51 59 9 16 37 53 55 58 7 37 16 47 27 22 23 25 31 38 45 51 29 23 48 21 44 20 55 19 58 3 38 34 50 58 45 39 54 17 52 10 38 43 9 36 12 13 14 47 47 11 39 58 9 11 18 34 30 33 19 37 34 16 37 42 33 2 31 57 18 33 13 23 37 15 38 26 22 32 32 40 1 31 57 51 56 20 37 30 27 58 21 6 18 26 37 20 8 44 1 59 44 13 47 36 26 45 36 19 16 55 36 46 48 31 30 37 9 36 11 35 45 40 7 45 11 5 10 21 1 34 55 34 11 47 20 39 25 12 12 18 37 55 8 11 44 35 27 13 7 28 44 36 43 30 27 4 5 58 6 16 36 38 31 34 9 12 30 29 7 39 21 19 33 58 45 18 35 32 30 20 45 22 30 16 11 4 58 8 47 9 32 13 49 41 35 3 6 35 9 58 2 1 47 5 28 39 5 23 21 12 28 34 4 44 14 56 41 32 10 20 29 15 20 40 6 44 41 57 36 33 32 4 57 26 11 44 29 43 40 5 53 18 58 1 22 10 1 27 39 11 50 9 17 42 12 33 10 45 37 49 35 56 11 5 38 5 15 25 16 42 29 23 52 52 37 50 52 48 47 44 38 35 57 26 18 36 23 17 30 5 26 32 57 55 8 58 16 18 28 10 41 9 40 24 54 3 55 34 34 3 36 38 59 25 58 7 1 54 6 3 35 53 35 16 59 8 5 31 58 47 25 58 35 1 28 32 58 15 32 49 47 23 17 51 6 21 19 45 27 48 15 40 46 16 8 7 37 31 56 1 42 52 32 50 15 13 58 48 59 12 49 10 13 13 44 13 27 27 27 19 39 11 35 7 3 52 54 6 49 26 53 11 52 49 44 31 26 10 16 9 59 59 17 24 33 32 54 30 42 32 38 19 19 19 10 5 38 38 49 51 6 9 30 5 59 42 48 25 36 52 23 16 17 6 58 21 43 13 11 53 43 11 10 46 35 35 1 14 15 16 37 30 4 56 25 43 48 44 41 13 56 55 51 39 55 43 47 39 21 37 35 53 53 39 41 43 52 45 42 3 42 7 28 47 38 43 26 45 59 34 2 4 53 32 5 46 35 56 25 36 9 8 47 54 24 42 59 37 28 17 31 32 36 5 39 4 40 30 38 7 48 15 17 30 18 49 19 32 38 15 4 49 26 41 2 41 4 24 26 37 47 27 13 58 38 29 4 33 43 13 20 52 50 45 56 16 13 53 54 41 39 24 16 31 56 10 15 39 19 3 13 43 9 54 45 12 2 48 36 13 31 43 31 53 19 9 12 29 21 58 52 10 8 15 39 39 7 7 8 12 32 47 55 16 50 29 40 32 47 15 6 30 3 45 8 50 18 51 49 41 39 18 46 40 43 42 52 49 35 2 30 50 33 5 48 13 7 10 17 39 25 40 40 23 29 38 38 19 10 6 45 30 36 41 57 47 37 57 27 13 25 8 59 11 8 50 30 19 58 47 42 5 6 36 33 5 55 5 50 45 23 46 39 33 35 48 17 40 27 37 28 13 56 2 14 9 16 54 1 43 45 1 52 10 46 22 51 35 38 44 31 15 16 41 17 48 52 18 43 40 45 36 33 16 15 34 18 48 55 52 46 57 38 10 6 1 35 46 23 57 43 20 34 23 33 9 10 7 54 31 48 55 49 51 25 43 24 43 4 42 13 4 25 13 31 40 29 25 25 2 4 37 14 36 50 48 21 43 35 49 37 56 11 45 17 36 4 5 5 3 59 42 12 12 45 19 13 2 11 38 2 29 13 4 44 8 32 19 53 36 31 16 2 11 13 24 26 49 31 48 15 22 51 9 58 43 29 44 11 43 4 51 1 27 47 55 5 48 16 38 46 34 19 26 43 42 29 3 59 47 31 34 46 17 58 36 52 40 10 39 15 34 52 26 41 26 38 30 19 5 39 28 41 27 16 28 45 33 25 8 55 15 29 6 35 47 20 39 37 51 59 49 38 54 12 30 25 11 33 28 39 41 44 18 16 36 27 7 13 44 55 8 24 35 9 26 52 39 13 20 13 9 44 5 27 46 56 35 6 4 36 41 50 23 3 54 47 27 29 52 32 25 11 56 57 36 39 38 4 33 56 7 52 9 4 3 51 32 4 40 18 54 10 12 19 50 3 52 54 33 53 41 9 34 31 57 35 17 5 48 3 36 26 8 55 58 8 11 25 12 45 48 54 57 58 8 11 49 37 57 51 29 28 14 35 46 47 53 16 47 24 35 1 59 12 6 55 32 52 14 12 38 27 45 21 40 34 5 34 46 45 35 58 19 26 45 41 29 47 38 10 5 17 26 35 26 2 56 12 26 52 43 32 32 9 55 34 17 10 57 14 29 27 25 1 29 44 51 53 7 1 1 3 55 13 35 38 19 41 40 35 8 49 1 45 14 46 14 14 18 42 30 9 46 21 24 51 37 26 3 25 19 1 5 14 41 21 27 34 55 12 42 58 39 9 37 5 11 37 13 25 7 46 52 1 7 2 55 27 11 49 42 51 22 14 15 35 10 30 15 22 25 59 28 7 47 45 55 9 31 54 17 16 8 52 14 27 29 34 4 32 25 25 3 13 57 49 15 41 56 23 8 17 32 5 43 7 21 39 47 9 10 28 28 56 34 27 34 25 30 36 17 6 57 58 5 20 35 52 5 11 24 32 48 44 40 20 58 39 7 7 40 19 12 14 54 11 5 38 33 23 51 49 6 16 28 43 42 15 58 47 23 1 38 42 15 7 22 45 37 23 50 24 47 36 55 41 18 45 34 10 19 13 45 7 57 11 23 28 3 55 37 52 54 51 36 51 26 27 36 6 11 50 28 35 25 30 24 44 36 35 42 40 41 59 20 26 11 19 46 15 25 15 6 20 21 20 29 54 40 14 15 3 33 58 35 38 40 19 46 21 56 36 6 6 53 19 34 33 43 35 27 18 57 2 24 6 15 29 48 24 42 42 18 31 24 8 8 51 46 57 31 42 7 24 54 14 50 40 59 37 11 35 18 26 41 7 3 51 14 52 5 58 9 27 17 27 53 16 6 7 8 53 54 57 57 53 31 18 39 26 27 12 40 23 17 39 41 30 58 32 28 3 51 39 27 25 41 36 27 56 53 30 2 47 28 38 23 43 11 11 35 49 34 10 11 51 4 35 45 25 3 39 42 25 19 44 38 55 11 41 9 10 42 43 56 48 27 28 9 57 49 54 20 3 24 12 28 13 7 25 5 18 27 7 57 12 26 15 31 23 14 46 30 51 3 17 19 55 27 15 35 23 19 32 49 34 44 46 26 38 10 50 4 4 19 4 35 52 40 12 50 5 24 10 48 35 37 25 32 53 3 58 33 54 47 56 11 7 52 55 19 14 26 50 37 22 33 3 5 40 56 44 28 14 14 34 59 23 4 49 35 55 21 43 35 5 54 34 43 19 19 59 23 29 52 50 35 33 42 25 32 51 57 48 41 31 48 23 15 4 8 52 32 31 47 23 8 9 56 10 9 16 28 39 39 45 4 10 35 36 46 2 15 3 31 48 16 17 42 52 59 11 41 23 25 21 37 12 16 9 41 59 56 30 43 3 47 37 44 45 40 11 43 18 51 57 6 22 46 6 56 35 14 40 30 34 53 30 30 44 42 32 25 48 8 26 16 30 15 58 2 36 53 50 29 3 18 54 47 12 10 20 3 45 42 49 56 50 1 40 34 10 54 55 3 48 27 5 53 12 34 42 22 40 11 20 8 38 26 25 58 34 31 42 9 53 34 48 8 46 35 53 48 45 24 4 55 45 4 51 8 42 22 14 50 33 7 32 27 3 2 27 9 10 5 15 59 21 55 15 8 51 12 18 54 58 15 1 30 25 8 18 13 17 31 10 46 31 30 52 18 5 48 13 27 11 3 16 1 22 44 46 2 52 52 5 39 17 29 59 22 13 25 52 13 51 34 57 52 59 12 55 54 32 15 7 2 34 45 15 42 40 22 18 18 23 36 28 29 12 1 16 23 50 44 55 56 22 51 22 45 39 24 21 16 43 48 16 9 36 13 9 22 54 17 44 16 55 26 54 9 11 34 37 8 55 59 28 16 23 56 37 37 27 41 2 22 58 6 55 1 47 27 39 21 8 48 23 28 46 44 54 12 19 25 52 54 7 45 51 1 45 37 29 53 21 49 11 10 28 2 4 56 57 29 6 9 16 35 56 24 15 57 55 32 13 21 9 53 23 44 57 8 42 20 22 21 46 20 13 7 48 9 32 38 57 16 1 25 44 2 58 59 7 50 12 12 5 55 40 42 8 25 35 33 59 47 19 7 51 52 8 52 11 57 58 5 16 10 59 44 13 30 33 44 37 44 57 43 48 47 11 59 4 42 53 30 27 36 30 47 38 8 46 52 24 59 38 37 40 52 49 48 16 40 6 56 52 49 28 9 17 48 45 36 32 1 36 57 52 44 53 56 7 44 25 4 24 43 55 53 23 47 22 34 3 28 29 10 1 48 2 10 16 48 35 54 24 28 20 55 52 3 34 57 26 16 12 51 2 22 51 18 43 7 9 34 14 30 40 54 42 41 12 18 44 28 7 34 16 27 42 18 54 54 46 46 3 17 16 18 57 41 14 16 17 56 39 11 46 34 3 19 36 50 56 4 13 13 45 21 24 24 40 44 53 36 28 30 47 35 3 23 51 58 35 10 11 33 48 46 11 52 8 7 14 36 3 31 47 44 10 21 3 14 1 56 26 55 22 16 36 17 29 57 33 13 12 53 20 20 59 39 19 30 5 4 6 22 28 47 19 17 47 30 52 41 3 48 13 5 22 12 14 28 12 11 30 27 31 2 56 24 12 59 31 27 56 19 50 36 46 13 46 58 58 36 18 46 1 50 36 41 53 53 16 9 36 33 8 15 8 16 21 3 1 29 34 4 19 15 55 55 18 59 5 59 58 15 52 2 46 28 28 11 25 30 2 7 22 20 48 10 43 26 53 46 3 22 30 36 56 35 31 5 13 13 30 30 26 23 46 9 19 8 21 16 13 35 33 57 19 37 51 31 5 12 54 20 38 44 22 35 1 36 40 26 20 58 12 12 20 52 48 50 58 51 54 55 48 2 20 18 2 27 32 37 19 28 46 45 17 41 16 36 3 51 42 44 43 50 25 24 13 55 18 6 9 37 13 46 41 32 37 23 40 12 30 33 41 32 6 36 39 51 27 1 9 55 39 36 45 5 35 39 29 37 56 28 57 20 4 25 14 28 42 31 41 40 37 50 41 1 24 49 10 17 56 41 27 2 2 16 26 46 23 29 34 4 39 50 38 47 37 2 45 48 46 49 15 10 59 42 12 23 44 53 37 56 39 33 27 25 51 21 32 6 54 36 29 37 22 45 16 38 14 5 48 13 18 13 55 46 11 55 3 12 5 48 19 4 31 38 4 56 35 8 35 22 17 55 35 10 25 44 49 59 16 45 9 27 21 45 27 38 28 40 10 8 18 45 6 51 30 57 30 35 46 47 55 15 23 25 15 56 37 37 28 43 31 7 19 9 15 7 59 57 15 31 16 32 10 46 5 58 38 49 23 42 13 6 56 28 21 18 46 44 30 24 4 13 10 5 50 16 30 13 59 30 39 30 11 12 37 55 54 11 55 32 20 20 55 55 47 11 26 45 59 6 4 18 42 59 49 25 20 44 59 38 58 31 58 26 41 39 47 42 29 9 44 36 8 52 17 33 18 36 51 57 52 36 29 44 29 24 44 8 22 11 1 17 44 28 18 42 43 6 49 35 24 36 47 7 11 49 15 47 5 23 3 22 32 31 17 24 30 57 57 46 42 34 9 6 10 35 28 21 6 19 11 53 57 34 8 54 46 51 5 28 50 24 43 18 11 29 11 39 31 59 2 35 51 43 19 15 32 3 22 32 54 27 19 22 49 26 13 18 3 55 26 19 26 40 36 18 15 37 1 20 52 10 44 18 2 49 12 13 37 38 47 58 15 33 26 44 7 9 24 23 48 31 35 20 23 40 15 3 53 48 26 59 21 18 13 50 37 34 44 6 51 37 15 54 51 25 12 6 24 14 47 58 48 36 29 2 4 45 49 9 24 27 46 41 46 29 20 55 24 20 41 46 4 42 52 9 28 15 30 21 9 25 6 28 52 4 51 50 26 28 42 57 13 22 45 57 48 47 7 30 51 15 5 54 47 16 12 8 51 56 52 5 38 30 40 9 1 17 18 50 7 4 24 28 4 58 49 43 36 12 45 16 48 3 16 46 16 10 41 56 34 16 46 46 8 52 49 17 34 47 38 38 55 4 40 34 48 6 17 40 53 32 30 7 50 36 57 10 43 7 5 39 25 35 20 57 14 7 39 41 42 4 16 30 23 26 35 30 42 58 11 20 14 6 8 47 1 39 34 9 19 58 13 12 11 13 55 23 20 44 20 42 54 51 45 18 47 7 6 25 50 37 42 54 27 11 13 49 53 10 57 14 14 46 18 35 40 2 30 57 4 46 22 48 46 4 58 44 52 4 22 57 39 19 27 47 24 55 23 2 11 53 43 34 43 11 6 56 8 13 22 6 14 39 8 10 32 46 6 5 18 30 50 18 10 29 24 53 28 27 17 15 8 12 39 15 55 43 17 3 15 15 1 6 45 34 44 5 22 25 31 22 6 16 30 38 46 30 46 58 33 9 55 19 4 35 24 34 6 47 41 13 27 2 17 51 7 30 27 16 21 47 16 10 35 23 21 8 50 41 4 43 37 49 24 25 9 17 10 42 29 3 26 57 17 44 52 2 46 59 9 56 43 1 44 32 50 17 37 49 13 42 7 49 39 59 10 24 29 15 32 19 20 18 13 5 20 43 11 24 9 43 53 37 26 39 15 9 14 33 50 16 17 20 16 38 23 10 5 11 34 15 20 51 39 19 12 40 3 44 59 31 38 44 48 26 30 17 11 49 41 30 56 14 11 24 25 28 43 28 58 34 15 14 18 24 27 19 17 7 15 34 46 4 57 28 41 21 48 2 27 48 12 43 41 43 53 7 18 23 51 4 35 37 41 54 28 13 59 54 38 10 21 33 22 9 37 6 9 55 23 29 38 14 25 50 10 33 56 36 2 24 29 49 50 26 52 11 37 33 25 34 54 40 9 57 4 19 27 52 21 2 49 20 30 52 1 54 3 24 3 22 22 39 15 39 43 40 38 3 45 23 59 45 9 47 29 12 44 8 48 20 16 6 47 38 45 57 6 11 38 11 45 43 51 46 21 3 56 18 26 48 15 35 1 6 9 41 40 20 56 31 7 44 37 27 37 23 5 7 4 40 11 35 8 32 34 51 53 36 25 59 4 22 54 18 10 40 20 32 10 53 26 56 24 6 12 2 15 17 33 21 42 42 36 15 56 4 23 43 1 5 52 10 55 37 18 42 58 10 37 50 12 6 39 50 48 54 35 40 34 23 47 34 28 39 56 43 49 26 36 26 46 50 58 40 34 46 39 46 47 48 55 18 48 47 7 4 41 27 37 38 57 28 9 1 34 10 47 50 33 10 26 56 23 28 21 52 27 29 9 14 19 18 18 19 37 15 45 30 11 11 9 20 15 28 36 36 30 7 4 17 45 6 25 29 30 23 28 10 6 13 38 38 14 31 47 42 48 3 16 34 18 51 11 16 59 16 20 19 50 2 33 49 11 52 16 33 20 32 5 19 9 40 22 40 5 18 41 24 21 25 27 18 22 41 9 20 3 7 38 49 1 21 49 26 8 41 31 5 46 56 26 22 11 12 9 32 45 39 18 31 16 32 5 55 51 33 21 39 58 22 30 37 11 13 30 7 7 53 34 53 5 34 1 9 19 5 12 37 32 42 19 49 29 6 37 42 36 22 25 4 33 35 9 35 58 20 40 44 19 2 40 47 4 44 54 16 17 32 38 5 1 30 10 21 34 19 2 14 49 46 10 24 25 44 1 40 2 58 49 16 35 57 25 9 11 36 16 33 32 55 46 17 5 17 40 2 23 39 40 15 52 13 45 7 18 56 41 51 58 30 32 46 30 7 26 44 14 48 6 31 54 25 5 29 50 52 20 9 11 24 30 9 10 48 32 39 23 35 29 31 12 31 54 22 23 44 38 16 47 5 21 8 4 48 19 8 31 47 48 44 44 47 8 41 22 55 51 16 51 21 57 8 25 29 11 37 56 33 50 29 23 4 57 44 31 28 57 48 22 5 19 18 13 43 8 3 1 21 38 24 40 1 50 19 19 38 43 5 8 30 58 50 18 42 5 13 5 44 23 35 27 41 39 39 6 40 46 39 48 57 16 38 14 37 4 14 19 52 31 44 57 43 21 38 23 28 15 19 32 44 39 12 24 12 46 17 36 48 59 35 12 21 11 59 3 39 39 54 41 56 55 35 15 16 53 7 33 31 10 49 6 22 3 22 16 28 4 42 52 25 51 1 39 27 56 36 13 56 11 9 16 15 11 13 45 46 52 51 50 33 41 29 2 10 46 42 5 29 31 28 11 24 58 29 58 7 47 47 36 13 28 28 33 53 38 27 18 53 44 53 44 32 19 30 38 50 11 34 8 40 17 40 44 23 31 32 51 48 52 41 46 13 7 57 19 19 51 53 47 7 9 20 59 7 41 17 16 4 24 24 1 20 9 13 49 13 14 14 8 20 58 39 41 45 2 56 12 19 58 8 58 34 31 10 16 18 6 14 43 4 24 35 23 28 58 56 59 53 10 2 2 24 36 28 20 47 31 31 20 4 54 58 27 58 33 55 43 2 2 38 4 9 36 40 50 42 39 32 2 56 22 24 56 32 51 38 59 23 14 58 59 38 30 50 1 37 55 4 26 56 52 37 45 1 25 38 16 51 16 37 51 44 50 36 51 18 32 39 25 8 32 8 2 25 17 19 37 46 42 52 57 22 26 23 45 17 2 42 54 28 30 1 7 53 11 1 31 12 37 32 25 51 50 54 32 33 3 56 35 41 15 12 7 27 7 42 29 6 13 32 26 5 11 56 37 33 39 13 36 39 13 2 52 23 3 32 18 29 28 15 3 3 18 18 11 1 48 47 10 5 32 25 56 43 12 2 14 53 56 18 23 19 25 55 6 18 59 54 29 31 39 45 28 47 6 37 38 13 24 2 42 28 45 55 9 37 20 7 17 2 51 48 33 11 12 36 17 13 37 35 40 15 19 1 2 7 41 43 56 59 27 7 34 55 58 26 24 13 24 48 26 18 32 51 37 12 6 21 20 10 38 54 20 1 18 32 24 50 53 24 20 47 43 18 9 15 37 51 7 8 34 15 3 39 50 3 13 2 11 21 7 46 23 20 42 7 56 38 3 28 51 21 8 53 6 42 8 38 32 35 35 42 40 31 55 39 12 20 2 44 36 39 32 56 43 21 6 8 55 34 27 12 35 32 28 8 26 27 49 2 13 14 1 26 5 8 11 6 45 45 45 56 8 36 23 59 36 37 50 25 46 9 30 24 28 18 25 34 7 48 54 53 32 27 17 4 10 8 31 19 13 48 38 39 18 19 52 20 49 47 54 36 16 52 25 22 8 41 53 54 28 6 43 46 28 22 25 39 27 38 33 54 45 37 37 11 8 4 41 53 40 2 43 16 32 45 19 26 3 47 8 34 54 52 39 28 46 4 45 24 30 38 29 28 53 24 14 12 22 12 44 42 3 46 14 8 9 59 34 37 59 1 39 26 47 28 44 58 14 50 24 20 57 10 12 39 54 55 50 56 35 4 38 54 49 32 30 47 5 54 10 25 24 3 30 44 15 53 50 37 7 48 13 2 14 30 51 31 19 42 55 50 49 16 9 40 18 51 32 39 50 20 14 3 45 16 40 25 13 40 54 41 55 59 48 42 46 10 5 59 57 30 22 54 14 54 35 50 12 43 54 11 43 23 34 45 4 14 14 32 35 29 17 38 51 43 44 23 12 39 45 42 12 47 48 7 5 18 8 39 55 5 48 8 23 59 8 4 42 21 24 25 16 59 58 56 12 39 20 57 6 25 25 41 42 9 26 50 49 52 34 10 42 32 9 26 3 19 12 21 34 23 21 31 4 5 39 39 23 40 10 33 26 35 5 51 14 38 56 3 21 26 22 27 45 15 54 53 21 2 53 19 22 7 59 59 19 51 25 44 17 12 30 24 30 40 55 49 34 35 7 3 41 59 58 2 8 12 6 46 56 4 44 34 2 10 34 19 29 13 35 6 46 59 20 52 44 42 3 46 20 32 50 40 39 37 48 51 48 4 37 14 27 14 50 39 46 8 59 38 7 58 49 36 22 29 45 30 30 33 22 13 59 29 43 12 47 17 15 12 53 15 57 6 57 22 47 38 22 3 35 29 36 54 10 14 39 50 57 35 43 11 46 32 31 50 13 16 24 9 21 58 7 10 2 14 48 45 30 27 52 20 57 1 13 2 53 42 33 52 36 24 56 33 5 8 57 39 28 21 6 42 22 49 36 50 21 21 4 38 49 52 57 29 55 42 58 20 55 7 53 28 50 30 13 12 31 24 38 22 13 17 35 57 8 12 46 19 50 43 13 16 11 27 43 44 23 11 18 28 40 34 38 45 3 51 59 29 58 42 23 26 36 57 6 19 59 1 12 51 56 23 22 4 54 29 34 20 13 51 42 58 4 13 46 15 2 6 29 54 28 4 40 13 37 15 16 32 27 45 41 21 51 4 38 57 39 32 54 48 49 21 20 36 41 47 58 35 29 21 59 53 5 10 1 52 59 7 46 33 21 49 28 59 25 45 3 21 7 20 59 17 59 32 54 23 5 17 44 30 48 43 25 34 24 31 52 56 15 40 21 24 14 44 1 12 45 42 33 13 17 6 10 47 51 33 12 29 32 50 57 8 44 50 40 41 1 35 32 10 11 19 31 8 31 15 12 26 29 50 15 16 20 5 50 20 44 44 52 20 38 21 19 26 34 54 2 41 46 58 44 20 33 50 9 43 20 16 4 50 27 43 26 38 22 59 4 11 56 39 57 50 41 57 48 26 44 50 13 30 43 34 49 19 49 4 28 48 54 11 52 46 38 32 8 32 35 32 32 8 31 33 59 19 9 46 28 5 31 41 17 36 5 26 56 40 24 12 21 9 34 18 31 12 38 48 9 37 43 55 6 42 6 1 19 11 51 11 54 38 37 39 29 27 45 31 58 35 33 15 10 53 38 10 51 33 40 3 4 21 7 39 29 33 38 38 43 45 47 48 53 6 16 4 42 17 6 23 17 38 7 28 22 22 41 58 18 17 51 13 54 36 37 30 50 36 7 30 5 42 6 5 40 2 49 59 40 25 39 5 15 52 31 25 21 33 10 51 41 4 9 57 59 12 45 49 37 3 39 33 21 54 50 43 37 19 5 14 18 31 10 52 45 33 53 16 13 18 48 23 21 4 47 43 40 48 39 55 25 4 15 28 41 25 14 4 31 45 51 31 55 8 35 31 54 40 16 52 34 41 44 53 43 43 16 49 49 49 33 15 52 1 39 25 27 57 55 32 45 56 36 28 47 20 6 35 12 38 41 35 54 8 55 44 24 8 21 27 33 13 30 45 3 7 1 14 40 31 20 19 46 43 47 32 42 46 11 50 45 35 23 49 29 32 6 15 6 23 50 34 41 45 27 57 2 2 26 11 53 14 14 16 25 3 28 9 23 44 31 3 11 46 38 59 17 38 54 17 7 42 5 27 14 28 7 57 41 38 35 13 50 24 7 43 7 17 22 16 17 35 47 47 16 7 34 13 44 8 37 39 32 34 22 18 54 3 34 49 23 41 18 55 57 21 6 46 34 38 27 52 7 10 44 23 33 4 38 22 13 53 7 51 28 54 14 58 29 46 38 28 55 27 29 43 19 9 30 56 8 10 41 40 32 29 22 49 14 3 7 27 39 28 20 25 30 24 36 28 43 2 4 29 15 56 41 6 22 47 53 17 23 40 54 10 31 50 56 39 7 52 54 13 20 28 48 15 50 45 54 27 39 19 36 36 57 53 36 26 6 34 5 25 33 49 57 30 8 33 10 44 23 36 43 3 22 22 47 54 9 56 46 34 21 43 34 58 5 3 23 22 26 4 12 14 45 47 6 20 42 11 29 30 26 34 9 11 10 34 5 14 17 40 41 35 3 44 24 33 4 59 1 47 9 22 25 39 46 31 22 43 21 51 22 31 27 53 35 17 58 44 41 49 47 41 42 48 17 11 32 13 39 5 38 1 49 26 59 19 8 28 40 15 54 15 55 33 50 50 38 48 5 49 16 28 56 31 30 19 49 42 29 48 11 25 54 48 13 53 16 37 29 31 42 22 22 3 39 26 49 59 1 1 27 10 43 49 4 25 52 26 40 3 57 23 3 37 16 40 31 37 1 29 42 51 47 58 11 16 40 15 17 16 39 39 15 24 20 41 2 23 17 34 55 57 52 25 29 50 23 34 23 17 30 49 41 34 13 31 53 34 53 51 9 10 20 1 28 49 36 37 28 17 46 42 31 4 4 32 10 32 39 45 42 50 58 4 45 51 29 46 8 50 19 24 7 37 12 13 50 53 14 31 47 24 37 59 20 46 17 21 27 13 40 34 18 34 37 13 9 57 54 38 31 51 53 58 26 22 55 10 47 32 9 49 35 1 2 55 45 58 36 28 6 12 58 47 16 24 20 30 25 55 59 57 30 42 52 51 23 37 8 56 41 55 1 19 3 28 54 8 20 34 10 34 31 1 46 1 19 9 45 44 43 35 44 17 22 39 11 47 50 10 2 28 37 8 29 22 20 17 54 4 46 42 26 17 54 7 34 3 6 29 15 1 57 44 22 45 17 52 39 30 15 20 16 35 53 36 16 15 8 32 37 2 34 37 6 59 48 51 4 35 43 6 36 1 51 19 20 8 23 53 35 2 25 43 5 51 51 26 51 35 53 36 1 47 8 2 58 18 45 26 49 36 31 15 20 34 2 27 49 23 25 30 55 30 37 6 53 31 29 27 9 52 43 36 53 45 1 6 49 59 39 6 56 29 14 51 46 42 32 13 20 57 23 50 21 49 35 38 52 16 22 48 43 32 28 41 23 36 23 52 39 7 36 51 35 15 34 12 8 3 36 55 28 11 39 35 46 27 55 28 57 16 48 9 45 24 28 37 18 28 10 53 25 35 53 12 22 4 28 19 11 53 28 40 55 11 20 25 15 23 1 48 39 38 43 53 58 56 8 27 50 7 30 40 12 8 36 14 27 36 39 50 36 48 50 5 15 35 50 3 17 26 48 29 22 47 24 56 59 43 24 4 21 38 11 42 10 11 39 3 45 56 22 39 53 33 55 27 40 23 50 28 45 44 41 48 52 39 54 42 58 48 41 1 13 27 26 8 33 4 52 52 4 37 35 58 59 5 50 10 20 45 55 2 2 21 14 53 33 45 4 35 3 33 6 35 17 55 9 33 57 19 29 25 32 50 9 48 16 18 5 39 4 7 28 31 18 1 46 54 56 52 54 21 42 41 41 47 3 26 14 42 32 57 30 5 12 7 59 21 55 36 23 30 32 49 4 14 12 42 3 21 4 35 21 12 26 26 29 11 48 38 54 34 32 43 35 49 50 23 1 40 12 33 10 16 31 31 4 25 17 48 22 20 4 36 3 26 26 51 47 58 59 43 46 30 6 8 4 44 28 14 13 47 27 43 48 40 37 50 19 38 53 32 55 54 58 28 24 1 29 42 45 56 40 46 28 20 37 13 19 28 8 51 38 31 45 46 45 33 8 34 32 39 14 47 51 12 32 59 43 44 58 52 18 6 16 28 1 48 59 8 11 11 37 58 15 36 41 15 53 10 4 8 44 18 35 59 16 24 37 50 14 7 56 32 40 20 54 58 10 37 37 40 39 42 53 20 41 44 19 12 43 23 14 2 57 32 59 31 14 35 20 12 47 26 43 20 32 25 15 9 44 17 45 22 56 44 27 34 1 56 5 22 42 30 13 46 15 29 20 46 6 59 19 9 26 20 29 31 44 49 43 8 23 10 43 39 23 28 31 6 16 1 41 7 22 1 13 31 53 13 20 52 12 10 13 13 17 45 9 24 28 41 58 25 11 3 38 35 17 54 8 33 18 6 16 17 32 59 49 49 43 39 20 40 51 31 15 50 5 50 44 23 1 19 37 44 46 43 6 30 25 53 50 10 9 41 14 48 31 27 29 33 28 28 35 12 43 59 14 36 56 59 17 39 54 1 47 49 33 38 19 51 6 12 6 9 25 43 7 15 20 14 26 44 47 58 50 51 44 2 14 47 44 42 30 56 45 26 50 15 9 23 38 51 28 24 42 31 59 2 38 19 32 10 47 35 31 13 59 24 9 4 56 5 20 28 18 49 28 55 57 27 54 13 54 47 50 18 24 28 47 54 32 1 56 15 8 10 21 5 39 14 44 9 34 37 2 45 31 17 24 59 38 40 21 33 56 33 18 59 30 27 31 53 27 50 46 4 56 31 8 31 35 11 58 24 30 30 8 28 57 53 35 35 14 29 11 11 30 22 56 25 51 29 47 40 13 2 36 41 33 30 57 33 44 10 44 39 36 59 35 48 45 40 17 14 44 40 6 43 28 57 28 37 26 58 11 18 20 35 41 49 3 34 8 52 28 44 45 54 19 15 13 37 58 30 12 38 42 30 48 51 14 50 20 44 15 27 7 58 1 27 3 51 8 21 39 8 3 45 35 54 15 22 16 16 31 46 51 44 35 30 29 43 8 30 59 7 42 17 17 22 45 59 23 50 41 42 28 47 40 54 6 24 7 3 58 35 10 14 48 48 12 2 2 55 35 20 28 14 43 37 25 31 40 47 51 14 36 58 14 2 11 2 58 50 55 8 30 28 35 50 32 27 56 56 55 12 37 55 51 12 48 11 44 11 25 35 56 43 26 16 10 55 14 29 28 27 39 50 9 22 21 50 53 27 56 28 53 19 51 12 1 7 45 12 24 4 20 50 25 28 25 32 57 18 19 32 28 33 14 36 31 11 7 10 24 49 36 48 16 13 41 37 25 39 12 51 57 44 16 26 11 24 7 13 7 27 35 46 43 50 16 1 43 16 43 18 45 33 53 35 21 30 14 27 53 44 47 50 15 49 56 59 52 10 53 43 24 12 17 23 41 49 29 19 47 47 28 32 8 23 40 27 41 2 44 20 45 20 34 3 6 59 28 49 53 11 36 25 2 51 29 17 49 8 36 10 3 13 31 23 9 53 50 28 7 15 2 15 49 21 19 13 47 5 5 5 43 38 8 38 6 54 55 49 59 19 50 9 11 57 48 45 29 12 49 43 40 45 19 51 4 16 2 25 59 20 46 15 38 41 52 8 39 8 54 50 54 3 9 30 36 15 32 48 32 48 4 49 5 8 28 46 19 36 16 6 42 12 19 34 34 42 21 47 41 14 28 22 42 15 39 1 8 7 39 18 1 56 8 45 49 35 23 36 52 49 30 46 21 29 20 22 4 30 57 37 30 11 17 5 4 21 31 36 14 18 58 26 22 25 28 27 10 22 29 44 18 55 23 15 7 37 37 53 57 57 25 58 14 29 9 15 17 16 54 49 1 28 35 3 26 15 27 13 59 46 52 1 34 53 25 35 41 49 37 36 5 44 49 10 21 26 58 37 43 5 30 19 7 50 52 6 22 7 37 54 4 23 19 42 54 43 52 30 10 15 5 38 11 46 13 1 58 11 47 50 12 51 34 45 6 5 4 47 14 12 24 34 26 27 7 52 2 23 51 44 32 14 12 3 6 7 14 18 23 3 9 47 6 13 26 18 7 22 8 37 42 32 21 35 22 39 50 31 10 58 17 51 20 56 46 54 42 11 38 34 12 29 36 40 57 18 35 51 21 14 47 51 33 21 18 56 3 45 37 12 49 20 45 16 40 41 47 22 52 22 22 10 40 32 59 6 48 55 16 22 46 20 19 52 29 3 8 10 18 21 56 28 51 34 1 49 13 55 36 32 44 51 56 42 18 50 44 16 10 15 39 41 13 50 31 25 24 1 51 38 51 15 18 54 50 6 25 4 15 2 29 26 25 25 21 30 53 34 22 16 50 18 32 3 49 55 55 3 34 37 25 23 48 6 14 37 2 38 22 6 38 31 49 21 36 57 20 35 17 22 45 14 47 30 20 47 2 12 20 54 44 11 24 42 7 58 50 29 56 33 28 30 59 39 13 14 59 59 17 2 48 37 46 19 9 12 34 24 54 39 17 58 5 9 46 23 46 13 35 25 2 30 4 37 41 5 51 38 40 7 41 32 44 23 34 36 16 44 4 7 28 41 18 30 32 58 53 43 34 4 13 25 3 51 24 40 44 11 22 45 37 52 19 58 10 47 6 10 33 33 6 44 56 50 34 44 54 43 12 28 59 47 15 29 59 6 40 50 43 11 27 2 26 54 39 13 19 15 26 24 52 36 26 34 47 32 13 4 49 18 51 58 50 7 5 20 8 22 14 4 2 53 28 1 56 17 44 21 9 3 8 1 57 27 9 1 24 29 35 20 28 43 48 10 32 50 38 38 49 14 59 38 40 13 12 59 46 24 43 52 44 2 59 38 5 41 3 39 54 49 58 45 32 18 38 53 15 45 49 46 53 9 56 1 39 44 33 27 20 54 18 12 56 20 56 41 55 35 1 55 38 26 56 40 18 18 50 19 39 1 17 57 7 29 20 31 15 40 43 36 7 46 1 15 17 45 46 17 27 21 59 58 53 48 18 23 31 23 27 28 46 20 41 21 3 36 43 57 24 7 57 7 43 12 3 19 56 19 54 46 49 36 21 14 1 46 34 58 45 53 59 11 15 39 13 1 13 14 18 37 18 12 32 55 6 21 12 50 55 14 20 57 51 50 33 49 8 32 37 13 33 13 15 35 19 5 48 9 34 39 55 45 44 32 10 39 31 33 25 18 51 40 25 35 36 39 35 5 28 33 15 24 8 34 17 55 40 43 29 11 31 10 27 34 45 5 30 10 6 18 30 9 35 48 26 43 14 53 28 53 23 11 31 59 1 38 55 27 27 22 3 16 29 3 35 53 43 29 22 19 59 18 51 43 26 57 19 11 49 15 9 28 40 5 23 51 32 9 7 10 13 7 18 36 40 39 50 3 26 15 15 5 22 13 52 19 10 10 24 2 13 15 32 19 30 1 24 59 19 18 54 57 7 36 29 23 49 4 34 25 24 46 47 28 2 25 22 31 56 34 31 46 23 55 27 34 22 19 25 27 30 3 45 26 38 18 25 38 42 57 51 9 17 51 10 11 5 45 31 16 43 37 7 22 33 56 17 30 47 14 27 1 48 58 11 59 29 51 6 33 51 19 5 20 29 54 6 31 8 51 26 33 24 46 2 30 59 37 32 22 22 45 41 49 27 40 52 27 2 57 14 52 16 46 8 47 38 4 7 47 23 7 4 17 34 47 27 22 56 10 40 10 54 22 45 8 20 43 48 1 58 3 2 43 10 22 14 25 23 39 14 46 54 8 27 9 45 47 31 54 20 26 31 35 12 32 23 50 25 9 51 57 22 16 1 8 54 33 20 36 29 51 51 58 16 59 14 18 25 11 50 47 32 25 58 13 46 56 50 26 28 18 14 34 7 5 10 50 45 48 2 12 31 17 6 58 35 59 20 14 13 12 30 25 48 57 57 23 42 13 46 35 10 26 47 39 44 35 12 34 18 45 46 50 24 48 46 47 41 35 59 19 2 24 36 25 49 59 9 21 38 38 7 15 2 26 50 39 3 24 2 3 3 16 7 59 27 5 47 48 50 38 42 55 43 18 26 16 56 38 51 38 27 35 9 57 52 11 1 4 17 40 4 3 27 17 35 6 4 52 20 39 8 22 11 9 21 39 42 22 52 16 1 9 4 15 54 8 11 43 43 59 55 9 48 49 48 47 35 24 13 42 46 59 5 24 19 11 32 13 47 41 4 5 14 56 46 45 26 59 30 9 56 30 49 20 57 27 40 54 40 29 54 31 49 44 19 41 26 55 35 35 2 50 12 3 56 11 6 15 36 16 4 4 15 1 49 25 58 8 21 29 58 19 4 13 18 55 48 47 19 7 56 38 7 54 28 23 36 43 46 52 54 55 51 36 45 26 31 13 59 47 3 34 20 21 1 36 58 9 44 17 7 37 3 58 49 37 21 19 21 55 28 7 29 9 18 35 56 52 52 57 39 47 11 31 2 8 6 37 20 10 45 45 35 37 58 32 43 51 58 59 12 26 3 26 48 42 29 15 27 20 52 56 55 9 6 8 34 14 53 38 15 31 55 57 55 57 30 37 15 9 17 48 41 41 16 53 10 46 50 38 43 17 31 31 18 57 1 44 26 17 5 27 40 55 26 7 41 52 59 7 39 34 20 3 56 55 8 18 54 1 29 16 7 45 47 7 51 36 55 30 44 5 27 29 57 13 23 53 45 13 53 19 8 52 18 50 23 59 11 26 3 40 3 52 22 49 42 44 53 31 16 18 22 59 15 22 40 10 48 57 55 12 36 42 7 10 7 36 53 37 55 45 15 57 22 10 28 16 12 33 13 47 17 37 21 12 32 41 14 51 38 43 34 33 17 17 32 51 50 10 41 45 38 1 36 57 54 11 22 30 37 2 17 52 46 2 42 40 58 53 1 31 11 13 14 4 58 6 11 5 39 19 26 7 28 55 34 43 32 29 36 7 15 36 28 31 42 42 41 32 31 5 35 22 16 34 26 11 24 15 39 31 46 6 38 43 29 41 51 23 21 37 38 10 28 10 11 24 45 39 28 39 42 21 9 50 9 43 29 44 3 7 19 17 53 19 21 1 35 30 14 42 43 26 22 48 39 58 58 5 49 34 48 33 18 26 19 40 39 57 28 56 40 50 3 23 59 23 39 47 4 18 20 24 37 29 8 45 49 30 59 16 17 57 36 2 42 57 52 59 2 2 11 46 48 48 39 11 4 29 22 16 41 27 36 1 46 30 7 16 46 25 2 12 9 41 9 51 59 43 2 2 35 42 36 40 12 30 44 7 47 8 6 41 21 32 25 15 52 31 32 49 6 51 18 17 22 13 4 30 4 49 11 5 31 28 3 38 25 45 38 36 13 2 4 38 33 22 56 37 14 56 1 47 1 40 6 7 17 24 5 57 22 55 3 53 59 49 54 17 34 43 26 42 29 4 32 41 36 45 12 40 49 42 3 40 21 36 38 12 57 17 49 10 4 35 50 52 43 1 30 24 52 8 13 22 10 18 51 11 51 19 17 6 21 48 59 21 56 31 31 25 3 56 52 34 35 24 30 6 58 43 21 17 56 1 53 32 3 30 12 8 56 55 50 14 41 12 19 36 42 49 2 27 3 12 2 30 54 51 48 54 46 21 10 34 49 22 34 15 13 15 25 41 22 28 2 34 2 12 25 11 52 55 31 49 56 49 32 50 56 14 14 13 21 59 1 54 5 41 37 56 47 11 21 14 5 56 27 53 15 7 53 12 22 19 3 17 34 21 1 41 23 45 19 37 16 22 24 21 32 13 46 31 10 1 39 54 45 12 26 31 48 53 32 20 26 53 52 40 52 43 42 48 22 44 33 6 53 15 27 38 45 41 55 41 11 42 37 29 32 50 1 13 1 51 29 49 58 54 12 32 25 49 3 22 4 31 8 36 35 52 32 38 11 14 15 28 26 39 18 36 24 9 45 21 43 43 4 16 35 22 36 37 36 28 12 48 47 19 45 55 42 28 23 17 50 2 45 17 44 28 8 9 22 16 51 10 24 23 41 34 45 51 9 12 14 56 25 14 25 15 53 45 38 17 15 31 50 9 56 24 26 16 7 52 49 3 12 51 16 7 24 55 45 10 43 57 57 11 55 44 23 20 28 25 38 7 2 50 7 57 55 24 47 36 4 16 1 30 16 35 48 22 20 26 4 39 4 56 44 54 31 32 54 8 45 45 7 48 27 13 40 42 28 56 26 25 54 44 10 13 24 3 35 20 12 24 21 18 23 52 26 38 12 21 33 22 6 33 38 36 55 15 20 51 56 39 14 59 53 36 23 39 23 34 24 7 35 44 32 10 52 15 19 42 48 23 59 58 50 12 48 10 4 9 56 52 30 38 6 42 58 43 5 45 7 39 7 48 50 39 49 41 18 4 36 11 41 21 7 15 16 13 52 22 1 47 15 41 55 37 27 49 16 34 48 15 18 16 19 46 16 54 24 29 7 48 52 3 45 6 52 50 47 27 54 1 39 50 2 9 56 47 50 32 34 45 38 16 45 4 53 45 20 2 11 1 48 47 54 45 1 40 55 28 46 29 43 13 27 20 17 9 14 53 16 55 26 43 35 30 6 57 48 57 55 38 15 15 43 34 36 16 10 2 22 20 15 15 46 8 14 54 36 14 46 3 35 29 55 41 27 9 11 1 48 14 51 38 25 29 40 41 9 20 13 19 56 57 59 23 7 48 39 35 24 16 5 19 37 39 53 57 58 5 6 13 4 54 51 15 23 40 59 36 1 59 13 14 28 7 59 7 19 44 57 1 47 17 1 25 53 44 23 36 20 32 35 30 3 39 6 12 20 26 41 55 53 20 10 8 54 21 43 54 20 48 47 56 49 36 44 23 18 12 22 6 23 6 17 8 35 10 16 19 4 44 5 10 37 20 57 24 21 53 32 47 34 4 32 36 8 51 39 40 56 18 30 38 31 53 18 3 42 31 53 14 33 8 35 32 18 40 6 27 3 11 4 51 58 27 52 35 41 39 50 1 25 36 21 40 58 46 34 42 22 24 46 9 23 57 16 9 2 41 6 5 40 51 43 27 29 56 17 23 59 7 20 36 50 38 36 34 20 2 7 12 36 44 13 4 33 1 53 57 26 46 16 51 36 1 1 37 36 15 25 46 26 34 46 33 19 16 14 34 27 29 15 15 15 47 55 19 55 8 57 39 58 59 35 14 45 13 39 22 17 11 47 11 49 7 5 55 6 56 42 36 29 7 52 8 47 7 30 48 17 33 42 29 33 31 41 11 41 57 23 22 4 7 36 13 57 58 25 48 14 38 50 44 6 2 26 55 11 52 4 22 14 26 56 56 4 48 23 19 5 2 44 7 13 6 45 52 7 47 47 33 19 31 10 27 36 36 8 19 17 25 7 25 6 7 12 15 27 28 24 4 9 21 1 55 12 39 30 25 45 58 40 18 39 8 44 57 17 23 24 5 17 59 30 8 40 54 30 27 17 30 1 58 49 57 44 46 28 3 45 21 1 58 24 18 36 1 30 10 41 35 3 40 17 22 39 40 14 38 48 52 33 55 48 24 29 26 46 29 20 13 27 32 4 56 6 37 13 2 41 46 47 17 24 50 59 18 33 56 24 34 12 34 39 21 57 39 21 34 1 14 29 30 7 39 48 44 59 23 3 22 47 8 46 2 22 11 30 52 49 40 15 37 58 34 30 22 8 9 22 10 33 59 36 24 45 8 34 35 24 11 45 13 28 38 53 33 17 16 55 34 26 52 14 22 8 57 7 36 46 26 28 24 33 25 15 52 11 18 9 55 46 20 7 
// di
32731 4182 6253 15785 6036 737 20642 1588 23763 25611 27083 2206 26152 14652 216 32278 4122 18405 25692 1469 20218 16169 14186 32287 7329 15399 25826 25495 12370 5896 11746 2451 25917 19506 26299 16372 22103 23572 4146 23987 32811 3203 19668 24990 1886 18432 27199 28891 27827 31222 13136 31290 11146 6837 18279 23582 28074 10337 30742 8099 28625 24147 23782 24707 8891 15390 414 31228 20543 593 5865 22300 27383 28163 8972 32608 24322 20299 8349 14874 2637 26310 14989 17961 9813 25209 9793 18356 26340 29001 6438 23490 1528 16913 15681 5150 32537 13523 17432 25271 31177 16594 29422 29412 31772 31241 9482 32376 19562 31706 29490 32918 22774 7514 17420 9666 18872 30886 19504 6854 8509 2884 5784 18953 19779 1172 14930 8028 17776 20436 8320 10318 22701 30150 2239 23766 23111 30948 32067 22202 30339 27959 1410 11578 18138 28087 28644 5358 25877 6616 5195 20626 19976 32546 20846 28204 12 24469 3178 8912 30128 13651 12414 3914 27903 1428 14438 18471 24121 18620 32684 20462 8938 14240 7248 12194 1916 25019 946 3708 4511 10828 27066 393 13449 8331 2000 30000 2588 11191 18738 9409 30656 6039 17762 12473 3283 5522 30937 15768 4887 349 15991 7937 7375 30700 11216 29317 8881 30938 22020 22118 23350 8438 23404 15051 4868 9046 18763 2821 27109 834 19551 7497 25466 30073 26727 3308 21275 23198 13560 964 22887 27720 10928 20612 2276 28409 1987 10513 31530 25894 8505 11575 10576 17020 566 27276 9358 32308 8531 21485 25734 8848 28598 30285 15682 23517 21307 4417 16191 29590 15909 31267 26818 14506 13311 20785 8136 15393 15357 16779 6208 21711 22942 25092 10714 26583 21537 3392 22263 12365 7545 2534 4254 22286 3388 7738 14998 11678 20882 10038 25120 16913 29407 10156 14176 29038 13458 19454 27494 1516 30587 20044 18794 18720 19741 14550 23541 31961 12592 26279 13500 19222 19181 2743 12207 13401 2993 17525 3016 4426 7644 18191 4910 4560 15923 20442 31873 24153 25072 5018 30954 29290 191 11112 10784 28965 2564 30949 116 28327 7982 19456 12850 30687 697 31192 23221 14820 30740 2056 30213 17851 29342 16462 30819 3599 15466 3689 12165 16953 17088 5777 5935 7944 21374 13456 10517 3419 1396 23533 23941 9766 11747 10183 17935 10573 31129 19011 29183 23061 18373 6921 6500 2555 1292 6001 6662 25141 27267 22365 27874 27722 18724 18339 12405 29125 28902 32007 23215 9759 28575 9973 12187 29772 22920 31198 4617 3580 20084 11910 1576 21028 4748 16548 23817 4040 5502 15552 20742 32281 14642 30923 12105 32428 23431 10469 23600 6354 19320 14662 16042 31722 13363 14015 9785 31841 31209 23023 28414 2558 23916 26 18583 12209 11530 32543 4872 19476 1015 23706 19383 9595 28216 4790 16612 213 23445 4426 18847 8661 20786 17572 4120 5816 14380 29238 3677 18161 22362 32851 24718 5158 16794 23562 12734 4232 31276 10396 17139 21030 23830 24258 25866 23288 21021 9135 29953 14368 15750 20004 10237 15173 22124 865 11467 7988 31669 16152 5268 16006 21057 18929 12013 7639 31200 93 18482 21096 18393 20687 20302 22339 31587 14810 27899 12791 26898 18950 30193 12655 29798 5441 20671 10395 23044 7322 19328 4235 1868 10203 9425 12783 19447 8690 14028 17303 25359 19542 11939 20113 9987 11808 23091 25630 28032 12376 13440 824 14508 24096 28873 129 25320 19301 20395 4385 13726 8169 3469 10227 27497 25197 2150 5164 3205 8022 17228 18004 6995 29874 8882 16093 8177 15600 13084 26799 1682 14975 11858 14675 1556 32130 9802 1205 30578 11145 10452 31234 22508 20613 30352 27320 1749 16047 6959 28231 26966 11796 3500 23154 28879 25340 29125 30430 31319 24531 28404 1982 1335 4035 27718 23149 23678 24549 29662 2468 21512 10718 8859 25800 3997 29358 3353 9644 5520 21744 32078 23153 15364 30749 23559 28601 8309 3016 32957 3299 55 21174 24281 1193 17975 21485 2568 24328 30411 17055 23471 10396 6076 4113 4416 4722 5028 16056 20333 11582 17403 18860 27646 7343 20845 3240 25394 19915 29583 18480 29244 20901 12356 5381 1503 10506 26964 327 7129 20134 9265 26185 9283 7470 3591 2413 18609 6404 19256 3236 19543 8892 24703 28789 19681 24309 18117 20130 25820 4439 4689 8699 15807 12640 10627 24282 10203 29829 851 10877 27160 20142 11018 13225 29476 5831 26719 17615 20443 12566 31053 22955 5185 11187 14927 21980 56 6344 1651 32016 19823 3991 24408 26763 28980 14436 21186 23476 16810 28952 1557 2845 330 28987 11695 28127 14010 29054 9167 3978 20142 15645 5746 13172 29099 25911 22979 9705 12441 31401 2079 32671 26288 19474 622 5341 20672 31237 11128 9895 18013 24863 12287 32608 6945 27218 9310 26208 17075 21706 24407 11427 146 6218 9467 10741 27815 10794 22930 17093 15658 22596 18826 27171 23632 15363 32395 14650 25178 21555 9312 24494 27295 25328 5580 15238 30494 6064 27221 16747 7077 28344 27012 5963 24027 32044 1657 21451 28574 4015 24684 17191 27905 5654 25017 18409 5152 18838 7878 2372 4315 4666 14342 19380 7867 6335 10272 15133 24572 22667 24424 18709 30946 25976 32891 3948 4377 21372 30669 24406 561 26495 28839 14505 7457 9232 21924 26170 10945 9356 13878 19462 19605 25387 12077 10222 3241 19365 16744 27946 16724 4202 6787 9060 3599 26293 15494 27605 23829 23900 26025 2529 4524 9141 18793 20022 31892 744 1448 2458 13417 18953 23963 9672 31984 30319 12403 5960 10160 18667 2195 12941 5083 3457 10509 9832 19470 32 27523 3168 26404 12343 31276 16688 10648 25310 28426 17184 24994 23116 17830 776 20064 1145 12212 11442 20777 2222 22041 25937 23177 15230 1615 27498 32809 20586 5278 10284 26979 17815 3571 8768 22421 8145 26012 32882 9796 15318 29870 12229 18380 28198 26165 882 28390 19985 7033 6174 16798 13389 14006 30736 15514 11329 4609 26950 2234 11447 23063 22041 2549 8959 5130 31359 28959 25606 8741 25077 25948 29335 1655 20592 20689 3762 1305 15240 32543 17412 27729 22824 10169 21741 12830 14510 30896 11313 15507 14223 9748 24143 15884 26109 358 21153 4470 2157 8941 8221 24981 24131 32001 13077 30657 32329 17949 21509 19307 23746 11266 26532 9503 5199 5256 31074 11552 23995 15633 3166 31127 25607 4454 27048 9570 7818 17582 18655 27727 20316 4631 32002 25582 1201 7031 13159 23989 20894 15992 12009 6279 11614 21810 16024 28057 18436 11492 8297 22145 15079 907 16855 12257 10578 15168 25450 30343 32724 32950 26160 3511 16808 5205 12538 17895 20965 8278 14105 23020 21461 20052 16234 14437 29879 24319 1405 18223 23279 3301 4556 24152 28180 5547 27907 2680 1709 12737 26469 13304 13032 7501 15368 7613 19095 12583 14902 19572 30147 32460 25595 32973 32879 30383 22910 10226 28751 30633 6141 7061 1458 28113 13254 4664 1287 30836 30727 13622 10786 18158 29704 3306 24629 1408 11866 29375 21520 11279 28427 3566 21222 28007 18070 17980 24053 1809 275 7606 29936 4336 2135 4725 6171 288 26830 2699 2232 3737 29613 1365 12642 1023 29362 19348 2872 26422 11718 28923 25638 5686 2338 25494 8333 578 31364 11908 22135 29390 8647 17478 25551 7306 19928 28235 24933 15721 11285 4539 23059 16799 10685 6403 23374 27191 11547 16913 32935 5809 17795 6466 7863 5291 10697 24908 753 28778 9338 16235 17019 31298 30449 7900 29081 20171 25068 24029 19918 8610 3463 31359 29793 32200 21937 24155 11817 27886 32803 6187 30864 6259 5841 16429 28314 5763 21886 1316 28794 22378 23693 7428 1804 5266 15302 5274 15043 835 8690 859 3810 18361 9915 28227 6252 24195 20356 7206 73 27687 19981 9836 18594 15370 19928 11728 4037 15805 23644 802 11800 12458 8663 1627 1782 27416 20100 19223 6663 19543 22282 977 11473 32801 362 21616 20454 3594 29267 13168 31446 9277 7883 32187 2994 26983 19859 9959 492 20244 26205 12167 3844 2823 13835 25744 17618 15633 27022 3319 16388 2850 19308 8823 8880 21010 18676 29341 26040 23007 26291 15547 878 23997 19048 17882 25613 25041 26202 5505 30209 4424 28452 28295 5634 23375 20214 8474 23806 24653 15359 30548 8228 32163 5840 32413 32079 18717 25503 7108 30279 18653 3623 10354 20231 24104 9189 23646 15005 8136 30829 12560 6836 3690 14477 19721 13000 7979 20339 14360 2466 18573 31571 27470 10217 15801 10195 16128 16237 27131 19810 14166 7955 30224 18525 25357 13208 24390 1080 27324 26479 20377 9109 18984 8448 12366 11963 25445 18251 23078 26264 17586 1485 31518 32675 5361 4585 8548 17083 13846 2367 25790 21083 2144 32832 10676 17817 11848 17118 25598 6789 2525 30895 4347 29716 4333 4911 4543 7441 31778 17279 1374 8037 16063 32164 11442 23668 22642 1658 2162 1194 24638 12400 23956 22037 14676 32495 6772 21090 2991 16393 10739 24631 19931 1634 28065 24261 5509 18940 7948 22911 17616 917 12747 14963 303 30290 5334 19465 5211 17709 21389 11268 11979 29949 12463 6002 25936 20477 21570 24781 32607 4503 21521 1719 29988 1245 25278 5729 20104 24577 16534 537 9623 20952 9095 148 24303 31038 17590 6556 4977 23348 11528 15320 7368 9356 17920 31585 8166 12282 26233 23990 17929 8905 4488 15912 8530 28066 109 29571 27982 28024 25984 24594 21625 21762 10371 1034 20758 2557 29266 2503 22883 24125 32362 449 32577 3513 2261 9958 29521 24749 15179 625 13209 31657 14511 7817 32664 12567 18333 10754 15317 24851 24925 2222 3695 31064 28813 3052 4472 29226 7214 7920 31276 32841 9960 23289 18224 21811 3359 27617 27734 3135 18249 1221 14164 2569 31689 9983 10024 20644 6144 5271 24064 30774 11048 14149 23923 28139 14053 7827 19276 21604 12573 118 29768 12321 15413 21490 12587 4934 16008 29492 5643 32274 9136 6256 14022 561 25545 2418 31026 4448 20628 32500 2473 19718 29954 11167 6847 1730 458 17233 1884 11632 1447 8279 5442 5843 12428 30133 15796 15836 30493 14313 27589 3929 18885 7742 21782 11500 23971 30458 11204 5875 4412 32667 26050 9158 14518 24103 15148 16174 23523 13918 27960 15550 1754 9852 25542 30192 30694 23489 4279 22483 3603 8790 24846 25799 8852 28315 11582 16396 9707 3201 11076 11707 9821 26363 25762 25584 27840 5238 30183 5193 17791 23084 24241 10884 25866 3285 15941 944 27536 27368 22141 7891 9450 10373 6720 29639 26706 13514 5059 4994 27346 1183 28059 22845 2119 4029 28209 27206 23448 13411 11479 6653 3963 30654 6541 20827 31295 27705 26139 32898 15583 24379 4099 32815 21191 16007 31785 3985 3223 20128 15794 5858 7604 10577 8458 30605 18277 4172 863 22906 21603 2999 19807 7700 6552 11136 30104 26242 7325 30912 31086 2155 30643 5413 27315 23886 23279 16102 4602 2452 10510 30426 9769 29146 25035 8764 32045 25661 14087 1643 12181 8775 15783 29047 26328 20502 30217 29034 2944 13681 767 7628 11069 6862 17140 14775 22389 8533 21914 21442 20677 16948 29674 347 21380 26676 21209 3971 23005 1241 605 10011 14810 12113 23351 9796 24738 8126 20658 3993 25701 24881 15373 27872 1202 27563 1262 28082 16778 25382 26216 29822 16471 21317 4099 1852 10845 19263 2544 22438 18636 21765 12549 2078 22750 6265 17923 19185 28177 12720 12452 1727 9677 29123 12257 8200 1442 32396 29697 12401 10743 21419 27770 9446 17457 6649 22049 25920 10288 21416 12041 19217 9208 2585 20904 1368 21677 13990 31252 4647 23755 32516 24755 2498 20576 18129 15221 14905 22124 8015 23298 1353 6420 12295 2360 12803 22742 28625 15102 27121 22361 27989 13383 5077 16856 19683 25565 23716 5752 17206 5936 32676 17560 12389 5094 5146 8074 11932 1821 24069 12807 14347 17235 14171 32972 20152 4800 17247 22916 17855 32089 15564 21361 12258 12716 9562 28448 9851 32149 12650 13346 3934 30249 26380 28030 2043 8487 7458 652 15465 224 9406 11309 332 18712 29436 6151 25387 12795 27743 30356 1296 17285 8116 3460 1636 20012 22181 3925 27752 18755 11129 15763 24672 2367 17164 29291 29968 27668 24973 16926 12284 22480 10196 12152 31814 18381 21933 26491 3696 20308 25473 11270 15675 23781 22604 30205 12180 32703 5362 11741 17885 13200 29568 25038 26599 3363 19404 27405 30968 2565 13128 30040 12621 5250 13294 30031 1851 24147 19698 4412 18636 11539 18799 30113 19080 11832 7007 9796 22282 11068 2533 13597 11450 24464 342 12144 5818 10351 32530 19113 21686 2934 25241 11261 7289 4365 30833 24241 22099 18470 10036 4968 23978 28132 17144 27220 21654 13437 26538 22821 24894 1662 24667 2097 7379 24585 3170 5809 2740 29030 14042 3554 12077 9776 19634 16688 2919 17992 25922 28346 10917 26760 27716 17179 22835 31260 21254 28959 9345 20160 19990 20543 7787 6778 24246 28474 32181 2101 29772 30545 25841 30 14902 23866 28400 12619 16745 26041 6225 19734 32847 13803 22656 12750 29969 26974 14162 19401 29977 11516 18772 18468 32821 90 9436 28575 20800 23455 12040 32962 29538 396 60 8052 8950 8534 27060 32257 11386 27147 20267 26450 28762 27713 13479 4014 22592 13088 20912 27176 20675 8072 29923 22107 24113 13076 11364 31615 29950 15449 11328 25723 20599 21324 20998 5221 19064 31528 12269 31822 24562 12166 9754 13029 1651 4888 5540 17938 19022 29592 20440 13445 15826 4641 17010 31497 8812 32145 8714 9478 23517 31629 2180 32278 8779 6258 8745 508 32908 19303 29979 32997 5244 4489 4929 22094 15756 30557 3802 8384 1913 15330 16583 4288 29994 6563 15864 28584 26267 16212 22134 20697 31885 7350 28927 15949 9100 25985 7580 15522 12511 21118 32648 19658 26718 18942 27329 977 7280 26460 22614 8712 29558 32918 14063 28450 30164 9530 14995 6549 13035 17791 15285 13921 20492 29595 15629 6204 3408 16217 1697 12126 6875 29930 13903 11425 55 28098 26937 11420 19877 16597 4880 19294 22365 14209 28124 30537 5246 22502 16274 8686 19888 23144 1999 32143 10877 22872 32611 6567 3757 25259 11311 14900 70 14802 28357 29932 15884 9627 22931 20159 9103 12220 32091 6107 3317 147 13683 14889 14645 11354 13502 25786 651 11696 31726 499 8904 8035 11777 22392 10393 4593 29584 7712 16438 15668 3771 19967 32458 5635 20558 22425 8934 1492 10343 1919 22096 32571 14416 11218 14026 28005 32995 31680 20386 30449 16721 26017 16189 32796 1283 24378 17505 21491 5638 30035 28685 28403 20954 19760 28552 21034 21217 18156 23455 31589 10788 10232 8533 32294 26614 13768 29748 20128 32150 28548 15993 24085 11340 29400 24381 27121 3097 11583 23457 21851 24691 13664 20492 11262 1053 25818 30543 2282 22819 26254 4230 20500 27973 10367 21741 16875 8801 15836 7977 26752 21085 23188 20890 24512 20766 27906 16640 22534 9094 4273 14232 3305 19470 6800 28729 2119 2751 14086 1346 24590 28982 3952 29955 20804 5202 8845 4736 29367 10860 20712 29873 11322 1656 8072 14296 5036 5423 26761 330 23577 29769 7957 20335 8894 21685 14042 19246 23689 27690 14089 25705 23232 25435 19014 14596 20514 18613 15120 23452 17006 17153 27748 24637 30418 20131 18011 10457 17187 18804 8188 775 31262 30605 7588 5141 19208 18857 3824 25217 26692 31163 15764 31142 32331 21992 1147 3545 8564 21451 26164 17375 20407 17486 7364 2800 15527 17085 28697 158 32143 16107 16146 21783 1754 15880 524 23337 9353 1064 12761 14971 31365 22681 3728 1891 29467 16070 7339 28741 12016 9139 5164 21734 11432 32057 28459 30262 16943 23027 8160 21462 65 13918 6446 20473 20310 2329 30314 26958 31178 8073 17482 6625 18956 13543 28947 19103 2481 24019 12256 19171 22060 10119 7293 12989 2544 2690 19171 13426 10139 3280 4498 20250 14940 26639 18098 25968 21342 7353 6109 31112 15537 14629 1245 10174 29281 5050 18038 32707 1741 8685 2565 32866 1684 14347 28267 27659 10520 30249 268 22745 32282 30962 9630 27881 10030 1772 27059 1900 5905 11250 18133 17391 21485 21463 26817 9881 9247 22404 28503 24219 25986 28803 13536 15108 31070 6477 8333 29522 18574 12470 9317 10064 9471 27717 26935 12507 10679 27078 21962 14111 27662 5222 29067 10352 2292 10857 22761 15320 1138 17474 5098 5721 28894 12841 3329 14959 31653 12230 25687 27918 17092 5559 17231 28519 30088 31074 1225 19112 16210 1723 19192 4841 19755 21692 28861 7281 7092 26536 17884 24020 23559 21480 12105 10729 16686 26629 5501 27542 6318 3570 12453 11972 17918 17017 32158 13436 11539 2311 10700 10004 12972 30339 1418 26374 16225 18017 6688 1036 25890 27240 24351 24471 31504 32908 25552 29288 20400 10573 21700 24008 28636 184 6493 7394 3467 14926 17875 30537 22389 9062 10552 4293 29854 23321 5212 18619 28654 26471 19083 18445 25909 23630 13098 15909 28222 31139 26949 8918 31452 27143 27965 18883 21947 19782 32362 5539 12162 4246 2419 8102 21453 12077 26881 2546 21350 21778 18630 481 16083 9589 15764 13513 5810 11163 10831 6801 5724 22123 25145 32409 11042 50 5896 28672 4450 6507 2728 15001 32141 21469 22090 7785 12400 3627 3936 6690 26329 13268 15978 19801 6655 9548 17227 2274 6227 7040 30810 2933 11552 28870 12954 5436 9416 11083 15293 4664 9671 20306 14082 11137 31699 29689 28664 2556 6075 27378 26592 23966 29438 21946 9356 13594 29659 10830 4272 15288 13894 7422 27118 10087 3877 15014 7566 15674 1967 10094 11734 20264 23307 12887 11816 26768 29668 31917 22180 30818 7875 23187 19727 26762 21567 29211 4972 26598 32368 31537 25618 27396 3508 16632 27064 21804 14304 6822 12460 7539 15115 24952 15291 6082 15925 16876 629 12829 17000 3620 8650 8767 7069 4899 24663 29243 28897 13250 12718 8075 11302 2868 17447 6244 9193 11813 30279 9131 7453 10398 20837 18397 12206 31760 6304 11151 24711 27367 17189 25774 10273 28468 2741 13098 4223 27502 16052 23015 18127 30121 5335 5352 11355 21954 15302 1603 19331 30067 8796 16609 32964 10573 12317 9830 32043 16078 5018 2427 7512 17138 1655 9005 31694 25665 14819 3342 25581 19754 30717 11157 20167 9544 15581 28581 20403 6462 32698 22721 2658 3257 1294 2226 25040 10117 21700 20162 32950 18582 10268 4699 29310 29154 4802 30600 26706 12160 23140 16690 3044 11085 19463 416 13918 32848 8021 5913 837 25871 2436 22582 29261 15490 29698 18756 11782 3102 12206 25177 20424 16286 5466 29366 7906 1713 16169 3441 4780 32007 28555 1590 24395 28612 7620 13785 25499 16900 31337 24035 2646 20725 32733 30936 1667 12080 24663 22476 30041 30973 24687 32088 28455 23950 29377 472 32757 31616 15622 10251 9559 30549 1579 1703 4199 30477 15626 18586 2667 32280 11180 11806 5676 11165 16749 8098 334 9694 29509 7410 25013 32970 5481 11692 901 15636 32629 9991 17613 27736 24289 32584 26529 9677 22483 25528 14022 3713 13205 15460 5050 21660 14654 9726 18031 23505 12887 5872 29784 30788 6663 6323 18034 9364 31745 8893 9888 3624 30761 10761 15900 17733 15929 32844 20988 28235 24693 23694 107 14620 1995 30309 29385 29838 23267 13746 20456 23693 4750 29666 32728 16871 22368 2905 24729 25466 21746 7324 2546 23521 6257 23205 16040 9080 17550 9293 14837 16314 2422 3744 27355 7343 5836 1212 1584 400 12123 7129 7608 3060 10986 18616 19919 30414 2022 29301 4081 5688 15970 11557 30907 26565 30977 14546 30126 28903 28079 28979 25384 5677 7849 11456 27892 23230 14157 17746 6907 27315 11598 6588 21733 5348 7410 11910 32406 3392 25713 13034 23436 24365 20538 11312 5205 1853 19627 24366 2450 270 27867 30059 16191 23953 20972 28344 27285 24372 12293 20935 347 17068 22526 20786 5894 15254 24856 1502 7160 26002 19085 19601 25671 15469 3748 26760 10892 26350 9980 9727 426 970 16127 7042 7686 27148 13872 2194 31360 27321 19132 10326 10936 21034 31862 2460 22845 7544 28439 11719 31630 21979 22707 264 2300 11744 25207 2124 21644 17905 2626 5371 13055 5460 27842 4519 24701 23409 8963 32070 1742 18328 25132 4503 13761 20163 4779 2782 3800 14648 18338 25208 18545 31564 16954 20015 23790 14812 11115 7566 2715 5091 30972 141 23607 15783 24162 23329 3048 12931 30983 22227 17469 15474 1256 23084 25165 19479 23178 20484 32124 11171 16786 32910 12517 9451 30803 30253 1400 10084 20372 29237 11853 16965 24046 18584 9269 10548 9755 21466 16303 15233 1002 26364 17145 3374 28287 19322 19016 10984 23130 4880 2843 18277 7965 4700 16869 6375 25221 5378 12541 738 6482 10924 5653 8255 5842 21525 18891 3759 3934 27811 25898 30883 10413 4631 5352 23336 29068 5025 27683 13731 32797 30646 21576 16680 8712 899 30893 11123 17096 24148 2209 30451 29393 23077 21908 17744 5291 6005 18858 28707 28963 14930 4899 6957 26195 1594 4801 24295 15055 29163 10839 2524 28920 27998 22558 5659 10886 27376 31160 9560 7863 11930 22611 15884 20506 20115 27618 734 10611 22802 30082 30855 5462 31327 29662 4613 15520 7475 27107 3938 16684 26798 25930 20369 1601 8088 25243 26251 12394 13848 8243 5977 8552 25160 23515 26703 16891 29713 6004 27481 5363 14948 291 10052 9888 914 1164 3454 17489 9045 31629 30812 17902 31175 23429 19861 15798 23000 30174 22280 29241 1877 27802 32833 22473 3695 1212 15309 6085 20867 31616 1104 8961 13038 20480 30428 11006 20952 11637 5227 22710 21900 7058 18333 32320 19774 5446 20566 27668 23614 7868 4859 1810 16790 398 15353 3809 13198 10475 17288 2354 27442 32956 13046 7144 17828 22935 15617 9292 16231 1328 5399 24442 26575 22743 27021 14859 4012 17443 7985 21970 8969 8195 27153 19864 18258 32137 32473 25647 12348 8613 22513 7396 20806 26919 4933 7029 4466 370 20117 14627 2729 10317 21949 28757 20000 7901 10360 24472 4985 23069 29915 6086 17426 1469 32080 2242 4165 10879 4884 6574 27641 7316 29478 31566 28231 30930 18439 14703 28628 23225 23390 9953 16226 19514 29958 22252 20383 12872 8879 29642 13078 14344 3953 25943 20749 26270 13340 24482 13289 26284 23618 22351 17324 21552 25926 18492 6816 5470 32727 1488 22625 4551 9539 28472 26594 19017 28034 22701 12573 29461 10246 16040 10371 2567 21055 32035 15743 2940 24774 6880 19947 27527 3490 32457 25031 26819 14600 5097 17108 11463 12367 32831 25808 11947 23481 17780 10634 6021 15479 1435 32060 15803 17154 18740 982 31829 23255 30061 1264 11517 15100 12770 4083 32914 17349 7771 5971 32161 1504 25300 4962 28808 5929 9945 21943 26437 14955 4701 26222 26798 6275 19583 6691 20241 6608 19890 24792 28009 15992 5386 20170 10566 26169 921 8660 9877 9491 161 32295 27674 14512 4632 27471 16944 25339 15250 9627 7646 18915 28864 8946 17435 15407 6349 9921 2608 22873 32004 24300 20058 17891 5228 22215 22918 28933 17436 32091 24450 17020 6596 22804 22001 26751 9798 2197 15424 23226 27697 17842 13058 31399 14847 15804 11204 23785 26396 1086 1117 24482 28842 23719 26997 18296 2850 3794 16477 22418 30153 20516 1645 21469 10313 20906 28929 21220 1890 18682 21299 14556 31118 20746 27139 24725 32755 5202 16072 23865 4157 1195 18788 1836 19611 27233 13980 9402 18773 28661 1258 20452 16897 8387 669 31576 10939 17427 2022 11686 24794 19973 21091 21682 11338 28763 21426 22506 14810 6023 7796 22519 201 29486 18138 10196 4783 23995 4570 7740 1503 24919 4249 5442 12874 3020 9349 12256 21690 20371 3258 20453 12449 5051 14070 17260 11375 14569 22770 21254 9132 13918 20971 7513 26778 28608 11227 14987 3351 5881 9695 23932 13307 17777 12390 14586 23270 582 31473 30609 22200 32993 27715 18153 27053 18465 10382 25319 18265 22978 10399 28627 9739 29192 30192 3768 17102 1490 17839 29313 6783 18180 17592 10327 7662 30568 1657 32075 359 28626 2541 19966 10838 21128 10050 22523 8831 10599 24488 1078 19666 11151 3259 24880 20918 14519 27327 29760 13865 7707 27736 16120 17337 21107 30562 26488 25084 19712 18410 13255 12720 13651 22253 7130 27758 32131 23836 18808 24817 2020 9379 25672 29238 21878 7871 1270 26322 7482 4505 98 31178 9646 152 22558 24232 11684 27456 30712 15041 11938 17891 16734 17155 14707 13667 30807 3289 17024 22474 17561 10349 6070 28380 27940 26394 5074 8629 9348 9175 3220 26135 1031 13906 31765 20873 474 4315 14846 10239 26296 2198 12461 5463 16520 8015 4188 19395 20383 13197 1281 16881 13992 29045 157 7080 6569 3160 14525 496 19232 13583 25074 20547 8071 978 18561 10235 4775 7543 19457 26815 9810 6650 8846 23955 25972 20010 28693 20683 28771 11917 24534 23354 31289 22714 21984 21071 14560 7803 22588 22492 17654 9178 1665 17327 6103 20065 26672 23026 5198 17310 17071 9450 8891 8891 32268 1081 14023 16572 17647 98 12604 14713 10916 6163 14989 27349 1566 32300 8079 14405 11552 2914 5261 11868 5592 32272 26864 32457 14354 12334 24040 21728 21726 22176 2738 16341 5834 6151 8401 32819 12914 30745 8537 12499 18123 19049 1383 10503 20452 3419 22762 11348 4221 2867 13666 14766 15223 21638 13575 14754 3158 18247 19155 22374 20567 20888 17779 5728 9705 3835 27537 31058 3223 16163 14068 12392 6636 6492 30593 17562 11396 6856 14825 26891 10408 26473 11944 17772 25128 18178 20329 2465 23859 24026 22747 24899 17187 20614 22994 21610 11090 1874 23400 19818 16884 1837 3051 7743 27276 8536 23821 14628 28224 32530 5758 27015 2263 337 12270 27824 14645 16464 23489 4455 23164 5335 20244 22485 20985 1533 12041 12977 32135 10256 28488 3469 15095 20673 17211 18879 25520 31529 13082 4162 5505 14785 17900 17873 25427 7063 23793 25674 7372 12720 24233 16650 17308 6757 11962 20144 29131 27055 3652 21160 29476 26113 21456 13317 8097 7751 7084 30567 20547 25392 17929 28214 522 27439 1735 24809 24853 5239 14506 17149 17032 19223 17665 21284 15452 22154 7457 31874 453 29898 53 2305 4832 24200 27961 4237 16003 27830 12638 20228 15900 10657 8611 162 31299 22827 19948 17324 809 3275 30775 7969 2325 9526 25353 18950 28841 21218 18306 28805 22400 23991 16730 21439 17170 13028 14517 29980 166 2295 14242 16325 31086 2308 293 2959 28342 8794 13337 7868 30073 27714 7652 1158 5633 5878 27013 15785 9126 17907 4009 32857 19198 21043 23776 1684 2959 11627 7286 12355 12847 31601 11352 15361 26029 23814 10696 22864 8281 9476 30842 582 18808 20881 27573 19353 2634 8465 16653 30706 32160 9484 29042 13189 2480 12900 17900 8895 28454 30442 14914 3975 23131 29979 26458 21005 3343 32762 10751 16060 5624 7365 25472 30760 710 10893 24526 9927 24750 11374 22111 1330 31881 19388 12775 28511 1082 20074 360 13348 15959 27852 30556 11338 23874 7958 21922 30922 14238 7015 13154 26877 6209 25264 8576 22147 9758 30833 29086 7247 23777 24691 20195 2453 17830 31924 20300 24342 10930 14230 29077 29098 12659 31026 17841 25522 17966 9899 31505 22499 2785 11798 25512 21636 19625 3064 26748 4016 26829 9916 1331 20140 22246 28703 23320 28567 19889 30443 2507 13204 7549 17342 21111 11849 13992 32830 23484 22646 6726 26487 28505 352 27207 26296 9097 24730 10459 20827 28561 24548 2324 10738 9933 17364 6848 28720 17879 22029 17454 24714 7476 9029 2735 20504 10231 1093 31900 22034 22923 27787 7526 13017 20894 10615 24682 1515 22416 10205 32267 12510 104 7640 6208 30341 22187 1678 16906 17409 18210 2020 13037 5652 2478 21146 26662 9014 21653 10623 2855 25832 19388 26932 19975 10661 4977 19309 23562 1992 27445 27792 17016 7432 14268 20418 8352 28339 29473 3739 21006 24581 18124 29064 6946 27422 29609 24801 2425 22004 7289 26349 13622 7990 18607 21625 26761 31829 1711 10097 15707 29784 16319 2440 22003 10752 20991 21053 8094 17656 23403 22293 11216 10491 23150 2328 9283 12964 27321 16774 17190 14628 16824 16161 980 9797 9723 5364 32394 16945 14252 13364 25261 933 21691 8297 17741 14047 7270 5313 14187 19681 8024 17476 23203 3934 6349 7175 18953 16744 28609 30971 29564 22718 30368 32069 24534 17086 11062 27244 12826 32778 11668 7281 1437 7152 23453 28102 4739 330 27646 10780 21843 18865 22769 8015 19253 728 25702 21975 29250 8518 26316 2104 3154 32240 30988 784 21164 19817 6626 23274 19442 19192 10525 18378 24561 20287 32863 4104 3098 17384 18857 31576 16580 32421 20300 20484 28037 16569 19797 4374 18832 12068 23098 28468 28683 16240 1746 27410 4212 1806 31873 15787 8251 15556 11779 17856 4545 5377 23970 27812 19516 17000 9274 22118 3757 30795 18675 26737 18170 10247 22398 27681 22944 227 1919 6997 24312 25510 29277 29517 29022 9057 14144 16944 23750 3836 1537 31837 21336 25560 15171 9814 19427 4648 20883 3850 10715 6975 26903 10043 19233 27210 29430 12256 20479 11862 6521 20229 14151 7600 17576 25727 11313 10118 26697 1832 16120 22395 7486 21804 4972 9024 6690 25798 20621 186 32958 12259 11058 21400 15021 6380 31813 24062 32301 10629 28112 13451 24863 25060 19040 1492 27054 12311 29526 20771 10123 13334 7138 32795 16393 4019 20244 10894 12579 17406 4102 26133 25872 26570 19018 31780 22525 17625 19858 1087 27829 32018 25804 32872 13007 31889 5986 10574 29124 17713 32422 26318 17580 13034 26823 16495 23429 17138 25786 25303 18587 29252 6941 29088 20643 9585 30033 4373 17286 13310 9783 2342 12612 3377 25870 13936 4380 26148 8076 28737 13154 30125 13346 12722 20885 19056 14085 24877 6829 11997 1228 25541 13914 9052 15321 22782 23449 12261 17202 24596 16157 21774 17999 28068 31936 31964 4399 27425 20959 32737 19941 28679 28507 3331 17586 12380 32603 28588 12534 9849 14872 18076 12307 10596 19765 19515 29607 13259 3485 3067 24828 4114 25921 12171 16345 20672 25048 32695 2500 4665 28878 21662 22536 382 2069 513 8976 2782 1284 15383 5926 8838 21484 2739 8961 27840 22714 6777 17438 25546 16022 6008 3459 27407 26248 29186 28140 31050 9590 22210 13100 5757 22685 7 8598 6961 12059 23636 16594 12211 5737 7245 24419 10468 10111 3535 22999 20652 3008 20697 9174 29263 12344 21793 3101 6249 24289 25640 21883 30354 31943 8740 31202 26811 11517 11897 13843 11680 12182 31571 13564 5748 24782 14482 27519 22017 2142 9182 12722 29997 25508 28129 31780 28414 22534 5054 11426 18507 17270 11452 27346 6064 1486 24289 23655 14057 4222 17888 22810 17701 15106 6519 29303 11270 14354 11451 12397 31504 29381 28878 7598 23176 1985 6339 121 31801 23025 16975 14650 7160 32021 19041 31924 13178 24077 25280 10226 3906 7684 23694 32743 930 17004 32698 16303 20206 12588 17347 6946 17538 14884 20106 875 13818 5079 4219 545 5727 1607 7139 11031 5393 30621 16190 969 1754 23948 12367 12996 9776 32109 11017 28248 9209 4473 28553 19051 18743 14945 7522 21478 9403 10906 5968 13904 498 12494 18521 20682 11875 12946 5700 18465 7385 30323 21210 9989 10266 30941 20596 13377 6035 8231 9295 28059 2420 14728 26691 3526 21437 27256 27591 6768 5237 23933 30644 15076 5019 13388 1865 7646 26260 7834 21746 27337 32784 13250 24141 15643 642 16121 32651 17378 25799 26351 8653 31181 3977 31835 3486 28257 14123 19879 1037 1089 8354 23982 20531 25688 15268 21421 15695 3760 14849 26602 162 7447 5349 26198 27667 6675 11942 26104 2755 32731 29430 19811 10381 26997 1165 25538 9047 27029 29023 4993 30650 1780 27520 20080 11984 29699 17187 6864 30637 9855 4560 13430 15615 29679 25251 27706 24641 15869 29727 19841 13121 17710 7647 5137 14739 22820 2783 32006 21693 4901 15039 23627 26736 23881 15065 17971 25789 22825 9895 32707 29511 31188 15704 10809 29326 11746 27528 23522 29364 26856 20202 13303 27076 24954 14562 18052 27345 21120 26158 17466 23809 21059 29508 14419 2158 32948 29098 10902 25754 15867 23480 30477 11464 16581 32688 6418 27163 26388 10414 1249 11192 30770 10496 27369 21381 29581 21770 28297 31007 11793 24033 32199 17188 19732 8328 7641 29628 753 17098 5411 24162 25740 9101 20122 28270 5221 19060 17296 16604 20535 25251 7358 4866 9837 7046 18400 26882 7094 12140 29117 10911 13339 10856 149 4501 5255 9878 10241 6413 14167 21793 21914 16264 7082 14022 27099 29582 30054 4948 4450 11903 13571 21078 10132 25776 23417 22750 13669 469 8868 9244 15616 32102 25622 7977 14269 14359 10311 12869 9624 5238 13056 5236 14813 31428 3652 25457 29537 18567 19483 14715 31995 2583 17249 10692 22000 20289 28704 30132 29234 17557 5264 8360 57 28964 20128 29845 29339 1526 4498 4152 31842 31567 15037 2833 4161 22153 24944 29452 589 12996 5053 16750 2653 32902 17245 27590 29108 4248 30775 4212 26919 2506 672 32343 17282 429 26241 20214 25001 7594 31944 29825 24588 17757 30786 19398 4059 28542 30421 17865 4815 12344 19442 26865 1653 28016 31287 16037 12308 24926 17305 30349 19316 13563 31258 27303 7901 31909 24685 21345 9941 11681 29011 19526 23440 26727 13020 9106 14772 6316 23208 16153 15005 159 26277 10702 18928 26270 21920 9934 24535 2951 5796 29611 31672 29730 30692 24018 22246 32816 2174 22959 14332 18319 8229 12963 10886 12245 32049 697 17739 2133 32940 11482 19734 13166 29329 25738 6596 8594 17957 27265 32150 4640 20474 20680 22181 28660 23105 25382 27996 28304 29415 30392 29693 14690 32542 25442 27960 6808 32035 2308 503 2980 16201 14926 24953 14132 8267 25956 9115 19499 32237 1390 29185 26244 4183 17334 6500 27661 20564 21614 1006 13811 8087 371 9073 619 20338 31710 21161 9398 17 11757 879 5835 11106 28080 31926 23457 13535 29153 7419 5241 4035 19089 9534 22060 8535 10519 11552 20730 5173 20205 23414 31323 13147 16949 7105 28381 4831 16719 11833 31633 31892 12474 4820 722 28844 14391 29195 18236 17264 232 19995 6239 17360 15429 23314 17199 9186 29068 14993 3624 31454 26264 3583 32388 30319 6039 5386 2938 13472 19642 13111 7757 15981 26581 10245 12642 9291 19274 18475 25530 20052 7713 5031 16270 31184 813 8267 25850 10064 6022 2937 8240 5941 23294 13685 2507 2630 30484 24581 27294 31090 17241 709 11527 7809 7344 4968 15160 10036 16757 23272 23905 9597 10031 14826 5036 32195 18024 1990 12942 14490 19581 733 19346 32330 17477 31754 27797 5683 3564 21362 13129 8673 30888 13844 18434 27903 14299 25288 27720 861 10945 21433 27149 1347 25490 32808 19340 8705 30667 20792 30390 24842 29882 12487 14427 15178 32214 21150 16667 18287 4440 12924 20482 7195 11094 21141 29453 23972 15035 2183 9914 11906 8876 11724 9360 20943 21470 354 10672 17615 28804 8262 4163 2191 17614 5056 26064 5328 11088 12447 13530 28039 2719 14738 28322 27322 19019 13433 18760 7486 10175 8649 32756 11085 23988 7338 311 5411 1242 4013 3429 5973 19049 22744 16063 1617 18715 7607 22579 29361 14106 21707 6826 2480 3773 6889 7449 1446 19802 23833 22541 2680 4714 4735 7310 30868 31717 31482 24123 18269 20774 3500 2498 5378 6888 426 16704 32073 27779 14323 7259 8935 2020 1913 12116 4834 22899 15002 12431 31411 15463 22173 23813 12174 24642 23370 12512 28686 16794 15615 15384 1206 12512 11150 25010 22446 16308 1670 16385 29651 24836 7013 20680 29735 9708 17718 14434 21587 9671 19219 29825 14421 25096 30591 13939 18788 2074 3697 26312 1219 19685 3673 4278 12901 864 391 10109 4548 5377 26137 9744 32693 25471 23351 5790 19859 29288 29867 7341 12966 20760 24121 27437 5453 30800 14918 22039 19540 5788 8913 27735 6458 21892 32475 6019 23699 11826 31395 18451 1445 30143 9472 10059 17910 10126 17753 3534 10848 118 10649 7872 19596 12599 16217 23419 19055 8088 14337 16900 9222 24452 31970 1586 2596 31510 17971 7571 10539 20136 21253 368 19766 31665 30206 14163 2140 21248 32903 32782 26776 7483 27805 27948 3393 27864 11358 28534 28559 5691 20937 20620 22208 26664 8432 31849 17917 4660 7143 11311 1299 29075 21357 14371 30077 2239 30800 19226 12262 20886 20292 27529 5436 28072 31935 25216 13921 15506 13168 23747 24031 6353 14276 3796 10775 5612 10508 11738 12904 25147 11437 27926 31311 15637 11297 29581 20360 14401 332 17356 10067 8723 32206 20114 11242 6161 2735 28859 7609 30319 6850 20443 15861 5421 31726 5054 21884 26123 19396 18812 13679 31473 28048 29784 16290 8789 8015 2562 1792 7652 2226 15318 7476 23554 21032 9926 17009 12672 24228 29651 20225 8120 14787 18622 32936 12377 2063 30203 18885 25923 25688 8051 16267 24136 2839 14241 8820 20171 30473 1710 26768 17980 19406 734 10367 1100 29817 19594 6476 3415 21829 5797 9336 312 9670 20265 21787 13332 7545 18212 19125 10520 12863 22599 7747 2703 10980 2083 31845 21776 8402 32136 13822 27708 2574 32196 9385 26494 10191 10820 29750 27058 10494 18195 804 6257 13086 28461 3439 24103 2514 32873 17177 5475 23276 19723 20441 24521 22210 7380 17971 15978 27190 5094 20476 13796 13691 10450 18144 22008 20164 32416 7418 5841 24041 17331 22740 21108 21614 27578 20734 19503 6092 20175 27153 26696 27685 14579 29918 23017 6632 14594 31343 2248 27133 16812 4596 17894 29764 1302 25233 17294 31141 203 22182 20432 27106 29559 13756 24740 7853 11330 19431 16828 23924 12041 10010 3207 26782 24994 28110 4560 20393 4321 18706 23292 23437 3164 9695 4934 3606 674 5775 12562 28479 18190 28439 18765 21786 5808 5888 10268 1292 17340 20147 25827 32419 19543 12615 31875 9229 32049 32986 3142 18820 30539 19137 32217 7463 3688 32984 6590 12470 28422 26353 25108 24433 24312 2429 4146 26194 5068 16930 28719 96 9598 15101 12185 14897 22761 14506 8405 31980 13475 7373 4514 15014 3867 30769 14674 28710 9724 19025 2885 15004 24665 23390 7943 13624 12122 2310 28027 17520 15670 16856 31542 12996 27363 15457 28426 3525 4596 19390 22967 13812 4514 2830 15114 28957 17929 15220 23212 24240 28798 4233 14039 31055 16208 16779 14865 6844 4250 19571 21014 15347 10113 13690 30181 26914 16873 458 27873 13537 29675 2699 8281 1145 30040 13944 11457 27487 5470 19459 21577 21028 7658 24640 10019 5327 8626 31345 10242 8319 26395 10322 114 1540 22080 8561 11841 22344 15270 15758 9100 26336 9172 2307 25970 1563 32325 23927 13369 28480 2774 12610 30888 28171 30973 32470 15042 23037 22861 21578 7451 10002 18237 32624 12923 6439 474 19633 33000 14483 28547 15450 11369 14840 14406 19453 2888 29492 20371 10661 29505 24640 23536 156 19333 23126 29297 30818 32536 8401 15203 24744 18935 24069 24579 27716 19814 29569 5666 28159 9487 23251 24794 2244 31126 25832 32607 21101 13630 27000 23569 25913 22452 17871 10301 5064 22682 17295 27492 21439 2320 15939 29364 742 30575 32895 5554 16537 8880 21434 23291 14217 27334 3532 15116 29338 16489 10469 20898 4236 22473 25946 19782 378 20412 12764 13729 5130 14294 17536 13841 20639 26326 8012 12861 28343 12041 16538 11951 2271 1795 32922 1347 28553 9897 16413 7044 22294 31768 7159 3862 26934 5919 30479 28538 7950 23331 26570 16669 14013 11532 6750 8626 18191 14921 15461 18342 24782 8535 24924 27945 24401 1548 1671 23359 7666 4399 5850 24073 14816 4595 11319 32269 21131 7853 12222 30582 6263 14232 18900 31178 32771 6958 30603 3241 4306 26540 8406 29528 8472 12872 4502 24058 2342 9734 32142 8267 6986 986 16565 4823 1762 9114 3312 9676 1900 30823 12359 16880 19819 591 25535 30939 32816 24921 18273 6417 8313 11812 640 5887 22366 21241 679 17339 18984 25889 21622 23767 16241 9707 29119 4783 15012 4381 662 17348 4109 29753 11019 1373 29481 11784 15115 5736 3865 8182 2963 2733 22646 22760 11566 31829 3670 11581 17213 9811 30244 16142 7940 16313 17572 25319 27464 9995 15584 23097 21623 24961 11304 14877 16218 17924 27569 2256 15553 5243 16877 9499 5271 26150 28720 2908 7807 6534 31523 8138 21907 20917 26232 27327 32727 2255 32260 6572 23959 25177 26188 2152 722 2342 13529 5866 28342 22265 2317 15497 2844 1934 2303 29351 4484 17466 30699 22683 19350 4009 5262 32521 14749 31806 6511 2714 15233 20222 24892 3233 17540 2725 4307 6588 942 3407 25066 13389 23649 17148 11040 31508 26682 15027 28898 13674 26586 7907 12978 13015 30443 20478 22403 16389 24777 2500 28378 32290 9435 19851 3951 29398 28649 18463 3927 8514 24253 5335 22717 23064 4931 19429 5155 6773 10175 16805 21262 28157 21046 4370 20910 22280 10416 23247 23951 31657 27242 18901 10119 958 23895 27374 31630 22288 32817 10621 12662 21248 32078 12718 3794 26077 4187 14265 16244 30440 21934 12119 22947 10033 12126 24000 15034 31351 8605 24382 19198 13197 8754 13938 30302 22200 5332 18640 5494 19518 28399 22039 20137 32173 16981 11278 28397 6106 26089 10235 19074 28142 7781 32782 2641 15882 15149 10721 20892 29755 6864 12185 30078 22758 22687 4150 23502 17608 9227 30650 9551 11418 8380 13755 19639 27671 2860 4372 7996 12351 20018 31181 28626 23205 18101 19641 31105 19983 24610 13122 25082 30248 22489 2145 15126 16918 29950 22534 14095 9762 17448 8130 1827 8603 10440 24310 28351 4074 11627 27765 22627 2715 388 11764 13177 27285 21591 12824 15936 22672 32365 10429 7199 30564 32038 29343 27977 16353 19433 6507 31418 24125 24161 12589 20903 10668 15006 9436 4051 5978 16072 6793 32819 22530 10751 277 32616 31340 10773 15733 14435 32555 21719 10509 30262 5963 12632 1495 11575 17555 2483 31410 27784 32565 14311 2883 15714 23887 8796 12626 9767 736 29882 9971 17135 30774 24527 21884 16012 30502 1547 23337 17969 3708 32045 27409 15523 4306 14937 25164 17375 10962 4221 3725 26210 23454 10521 20734 15278 26248 15978 28467 2673 12816 23216 13171 19587 2848 13999 28923 29813 11500 31499 31153 3454 28507 2379 28310 26134 2106 32752 7535 23829 22148 32478 29616 384 12759 23480 17374 3069 15403 8746 18922 19814 25941 10741 28513 5258 3837 31025 31877 17908 2758 7944 6410 10651 23969 27407 11071 16343 10242 13540 10535 1527 25298 856 11263 30713 3357 21465 22921 22723 5091 1765 7568 16931 302 26057 2449 1386 16154 11343 18791 7658 16011 9167 9957 14057 2016 1864 12849 15581 8192 19157 23885 18273 13504 3906 26813 19693 30279 9800 5546 6159 1638 5894 20376 15670 30552 31830 9918 3473 7138 28780 2009 23700 12766 28472 7591 28323 10502 32921 5673 11604 32832 25634 12115 19147 4903 20116 16643 21518 19651 5895 30310 15858 27406 12208 11892 6903 15334 6613 23350 9952 23123 17652 23367 5819 17834 7322 18714 17928 12832 4494 24178 7744 18315 10500 10991 25285 7793 30218 17959 5809 31115 29234 32920 4539 8735 30222 22801 17369 19620 32450 29554 31174 3638 26495 145 14580 12091 20542 11625 24300 10499 32477 27261 22745 31482 343 18315 21905 16301 8507 1410 20466 7661 5748 22656 11354 24162 9238 18320 5352 8799 7048 31959 14709 3799 24307 5049 8600 9740 267 4729 9767 2798 3317 8014 31480 3126 25058 25175 19964 1520 13676 4386 30324 7571 15371 7437 14045 10427 23571 32929 26698 21049 17052 30338 16588 25977 9158 15090 8908 8666 24302 27213 11727 26059 23735 10801 5983 25586 4935 3654 3190 8986 31023 18756 16108 5765 5218 14999 31063 21896 17687 15912 7963 23079 19943 24115 9042 12291 340 6980 28867 21490 13882 5851 29305 29835 17103 27338 14943 18974 26032 17942 27631 23103 29973 12272 23306 13235 24055 31853 14517 740 20145 23754 24091 14357 3294 13207 16637 31321 29149 8995 27597 22783 24451 20836 22190 18532 12420 8083 32950 24209 19727 10438 16470 18122 31651 14632 29526 5878 6102 25118 6523 20263 6888 7685 1529 27956 16839 25649 30133 5338 9221 10477 30401 6855 10155 31026 27234 1591 29708 21841 27788 27965 13149 15039 2735 2721 18720 28985 7782 7652 1249 27972 1603 15074 11465 25536 31427 8342 12591 21461 27260 30554 9229 17633 14380 3670 29367 25948 29290 4066 16051 20820 31952 17161 15581 26212 10709 16822 11451 17185 2101 27954 27574 1566 8755 16138 28354 31820 4963 12031 14387 9979 9738 15924 32604 6809 26796 3901 12868 31416 27343 29727 2503 5299 16286 18384 24617 30731 12546 14528 27175 18735 9420 3432 26525 11522 25906 7451 391 4339 27192 5957 24991 18421 27042 11681 24872 4269 6940 10684 4712 21030 4151 6055 409 8079 24103 965 16678 12775 31956 25137 2295 32847 19715 3376 14270 32836 31473 8376 8998 18023 3612 29030 15372 9404 16644 13778 18723 2206 9304 11420 27514 17498 17311 11682 16412 1596 28333 30517 27953 22601 2251 7243 9204 19568 22375 18106 15432 19269 13935 29713 24754 10872 31808 18413 16443 19998 8726 19791 17505 26667 30184 14399 24268 13418 11793 30281 6563 18225 29291 11375 23155 24510 9389 6731 6700 7095 7446 29805 11591 10617 13769 1840 15770 28592 12663 23943 7358 8921 16581 31057 22963 16119 2749 24875 25623 22464 24260 16916 16315 13039 6997 31418 29825 12697 6993 14657 3442 22933 21133 675 11394 2819 2122 12407 4640 31466 20377 12508 7524 23657 11824 32714 24105 3338 25932 613 1488 27799 11876 16967 1031 6773 10872 13049 12495 16336 28181 9046 29784 4514 20606 23897 12613 2294 2344 29180 7288 12709 15876 13089 24439 25296 55 20011 2544 26259 1357 6339 9513 19922 22902 14773 20388 9593 19456 23994 16309 26547 5242 27336 29508 26856 29873 12276 16618 10859 5393 27547 20084 16066 28807 5313 18246 5148 26959 28831 18292 13043 20732 22313 25981 2938 12749 15036 22000 18208 29042 17256 10597 6585 20781 24372 29975 23388 31934 18464 6380 17152 9376 20423 4109 1422 12243 142 18652 5430 11606 18731 29974 17610 28625 9405 29599 4840 28882 3219 28980 18558 17462 27882 18370 21388 22095 29289 30087 25292 24227 26586 4731 9980 5575 32475 32607 15663 14471 29266 12803 4836 15768 20876 9319 13269 2994 28987 21642 30938 9032 10946 11015 23407 28497 27463 18195 7732 3357 11099 18424 25937 5072 17295 6425 23774 13582 5882 11041 10545 20814 14809 17784 9331 9972 2083 17420 6988 10661 6827 5149 18399 29673 25424 26177 22814 32560 26060 23257 32576 4134 21609 1406 11404 3660 30678 17275 4801 14414 14870 29844 16449 7918 6421 20720 24141 32774 22153 27885 257 13272 1089 27563 1509 8311 20478 31986 3667 28869 2448 17583 5912 25545 32112 6098 29813 28440 26829 16732 2096 17145 9890 5706 30861 17073 30721 17893 24998 13418 20428 15397 13579 23267 2626 21584 25218 16834 4287 13582 575 8895 26465 11730 20443 28911 23639 12238 32772 14470 20745 12373 32178 14560 16184 3597 29554 3869 7128 4642 15348 17624 26147 1786 27579 5889 8757 750 28316 7119 22346 28733 31435 7771 10495 29379 12329 14398 4665 2588 31522 29941 29653 10474 13397 1432 29499 26739 32213 3767 14456 11636 23169 26540 14466 11670 7419 20224 9193 27165 17968 6959 11492 26622 1350 26423 30931 2130 30865 16286 21206 25593 5791 323 14595 14493 17320 16154 16898 6506 13586 26573 11824 17019 6514 29242 17214 858 944 29164 22185 24355 17836 23053 32855 18653 25213 10514 6238 11285 10841 23587 23352 12234 21692 2896 4297 21364 17574 30092 2288 13576 26675 10846 25173 14714 935 21585 12839 14349 14270 32444 9766 7734 6848 12275 11500 1148 8995 22938 25596 16643 17919 354 24626 8832 21931 5212 16310 4692 3131 24731 7829 17644 17852 30209 31757 28210 11861 30453 3209 18463 3121 4122 8739 5169 2184 27441 1064 22524 25510 27311 1597 30700 14772 2474 29845 9555 11515 7676 18166 1325 28416 5864 30427 32717 8040 11743 31924 15583 23322 30937 5388 13412 649 22452 10813 9820 21066 31199 26091 7572 11376 20009 19343 21305 1735 12749 2213 12031 9771 26537 12130 18234 4787 8613 277 5652 22625 3837 7724 20337 1339 1864 25815 23042 3307 3492 24624 5047 30922 394 17469 28245 25775 15338 7995 651 11483 30800 12631 22467 10706 13692 14906 31717 3944 24113 20841 4958 32231 16266 16643 2200 25238 19868 23822 32125 30335 19159 17557 8717 17262 29293 24982 16558 5526 8448 17308 13148 43 8004 10805 19714 26388 20329 21163 6864 15784 1322 5477 31543 8083 28212 14784 4653 4734 18288 19412 21219 23048 24010 20564 19687 26496 10247 18170 27567 11329 2550 11862 14301 10383 29050 24393 1606 6228 2437 21551 6394 6234 19252 13707 13044 5760 2552 26579 3548 3065 1640 15499 6567 2260 32619 4077 32461 16157 22674 30696 8026 21247 9693 12000 28250 3151 12328 942 2234 25392 7821 17886 11109 26140 29344 21073 18419 12751 28571 28429 4297 20393 17372 26067 19527 31886 6982 30286 14244 25700 19462 30317 20126 30406 29417 26973 19833 27124 4000 19224 7813 3095 12375 27812 32841 16942 32088 19017 2955 19605 26081 16870 29240 22683 24897 30127 26689 4341 1385 4794 14874 25013 31780 18399 22005 24251 3192 3183 13947 14829 23225 6924 24836 32007 28411 9182 21345 31857 22494 23826 1579 31708 8138 17777 32792 32074 4832 3992 1202 11138 14266 29551 1297 13239 22813 601 7713 2695 3768 15837 22919 4198 12418 20459 26122 2475 29484 28533 2119 16012 27425 7964 27559 13392 1270 25730 21827 26224 13868 2677 1340 30054 19485 26545 464 11135 27045 15063 7856 1845 28918 7325 14225 19191 31981 3500 26896 6376 27751 19837 28979 22333 15518 9613 2077 11363 25712 12239 11561 21389 6561 22525 26391 6247 6596 548 8980 12261 23061 12876 26747 17571 10021 14770 32893 27143 15985 26309 11180 599 1599 26418 29642 22218 16281 15395 17876 20572 730 10277 6497 20794 15854 7008 25142 1197 31669 6736 27129 18168 7141 14034 12081 29801 17341 9160 29223 24397 27289 21451 3792 24192 22964 6718 32750 32825 15665 18633 15578 19224 518 5674 15240 26466 31278 5974 25610 27149 3317 9592 18739 8184 8441 19367 25963 12928 17428 14014 19982 15017 9171 11395 10506 3407 11923 25770 4407 22058 2230 28969 31730 1975 11361 21952 29736 13313 6025 9302 9111 26903 4903 21066 20441 9949 16756 20295 3953 25124 11178 19119 6024 24510 6317 2188 32883 30684 22604 27153 29157 22185 17269 32664 18070 3035 18675 17581 17574 29173 28892 20936 5059 16636 30408 10743 29495 5043 24140 24150 26550 28510 8580 2851 23890 16920 28429 24587 20248 13311 17113 6081 2918 15821 11958 13649 6510 31558 20202 23463 26935 26102 31850 15306 17817 14508 3578 22856 2574 32330 31407 911 6892 7151 3635 30590 20832 19393 23671 4983 11367 807 16116 15805 27813 4697 7137 16549 13329 15193 2268 23986 10406 21408 15283 32957 16479 2637 11227 17147 8778 27303 10684 28351 2498 15837 3621 3334 12988 15928 27652 14658 3090 24168 3373 7398 18217 31449 20217 7826 1151 3355 7178 9935 9156 13921 10573 13641 24595 24887 605 29548 31274 9392 13677 17102 22459 18153 11667 2990 19077 23446 12796 10065 25937 19972 2150 12245 15467 15652 2151 5415 13367 11127 16345 22485 4981 13439 29237 13735 31915 17615 1689 15607 6018 1973 27917 4894 2503 5778 8201 16290 24370 1907 27941 30111 20352 13838 27785 17486 18254 4028 5200 15711 18775 18890 32467 15335 10904 4799 13732 1459 6787 17599 32590 9024 32301 24446 12481 24474 18573 23948 15915 23544 5765 4646 12155 21526 8118 21904 29618 6050 23277 27047 29226 15972 7317 9518 24071 17976 32251 16440 665 28303 30721 22965 17637 22352 1255 26797 12069 31649 17729 26631 30274 22723 27131 22474 9065 5883 28472 16900 9973 24913 28513 22478 28446 9311 21480 23879 26643 730 10114 18262 15203 15221 28079 29783 22814 19276 28675 20034 13826 19709 28582 10468 5674 1606 24431 32765 2421 27351 31860 13421 20713 26047 27290 20164 31460 23810 25933 26744 29613 29072 11233 138 28419 18376 27612 222 12974 19232 13233 6447 2633 3452 10183 5687 26239 2422 14284 29284 20937 17421 21220 24519 8490 23249 6540 28261 358 22380 10490 17026 6341 13920 12372 20096 16049 6016 20006 30568 13367 10540 13185 4502 12007 13111 15411 24371 9953 13365 11540 21080 1509 17175 27025 28206 5998 16003 24855 24539 11965 26566 1007 14622 32173 14855 4258 5562 7836 27415 9443 17208 30520 13145 3598 8961 16731 21842 10638 1625 8528 3979 22499 23002 29077 28859 19200 26381 5686 30848 30995 5212 18986 27390 12979 989 29940 26155 30146 22049 4311 13852 12200 10008 24128 689 18938 2371 11002 2474 17008 9635 3004 14059 17993 31129 5423 8622 24626 14403 7204 20423 22802 27260 19115 7471 28440 4877 14406 3207 30887 7329 23298 12191 1261 7451 31595 13062 7755 24596 29230 28545 12269 26967 17288 8484 11557 22310 28434 22817 1877 15649 28185 26376 18967 16748 32321 21375 21802 25523 2087 13387 23796 1697 3929 2075 5750 4387 8066 21931 24426 3291 32204 29440 5157 2062 13685 14262 3171 15779 20112 16953 23779 28758 26254 3736 29750 13216 25325 31107 32195 19684 32696 31462 30300 13565 3413 1287 12588 10649 9260 29752 29964 2457 14079 2265 20249 26758 24385 3594 31178 28511 16757 20270 13956 9131 21414 7112 6863 16877 17890 108 10383 23564 18737 27036 32810 31030 99 2075 28639 20799 22061 11558 21014 20821 2542 569 2230 16485 12618 31684 19169 6620 30290 15798 6871 8434 21951 25308 26664 31532 21218 12006 4409 24456 18583 11500 11516 13604 414 7194 27411 6144 10103 14593 9625 11425 21486 17818 32424 20533 2896 14746 18324 5763 23745 27361 24818 25590 29351 8891 4984 11248 8796 21505 16855 14070 16950 491 9971 20711 30331 1520 5935 7161 14838 1326 29884 2156 14460 26161 18850 28185 25127 25232 6023 1191 20381 8698 22390 31536 19727 6561 12335 32596 19236 6854 14897 18083 3114 18170 41 27266 14708 15401 20872 5299 31173 15514 18481 13541 25242 19478 4103 8815 12803 8075 1690 6093 18884 31356 25612 10061 23244 22452 10879 14573 4841 18208 17204 22155 27282 23784 31341 9508 21452 17737 29099 28704 31149 5510 21832 10126 195 407 22106 86 5435 30330 32192 12308 6708 28321 24346 307 20391 29700 935 31910 16461 9505 21912 24691 7763 5885 15012 6070 1625 31004 8750 1427 24122 6296 31954 32441 17391 24114 14532 9045 20416 23824 8110 27998 10888 30794 15631 31514 2462 18566 28155 22795 8249 28935 10651 15353 11256 19819 21745 4775 17497 29529 12607 4781 8798 13959 9162 26695 7897 20411 30185 15882 12853 5564 3943 4353 17355 21965 11623 18147 17511 29610 7989 4681 31211 1135 28579 26460 19163 20626 17627 2350 5999 5198 19947 21092 1869 12491 13452 24644 20314 18918 30209 19952 9010 3697 24160 31905 8262 30696 27611 6980 29518 32623 21315 14402 19536 9636 22235 28149 28957 14986 10417 715 17255 14367 14019 25676 17460 21238 23374 26199 26642 7021 22414 15410 13548 22669 27063 16339 6912 29442 7764 6637 9982 3312 532 30399 985 29027 15179 17387 15778 20537 15588 31738 11738 14137 15585 9938 9927 14990 25087 9117 5660 10961 21436 19790 21641 25258 664 7312 9950 23960 12947 32114 14500 3671 32988 23861 16388 26948 14203 14363 17164 3369 15561 9221 23970 8845 16739 20954 11323 24597 7963 18045 10835 28057 3061 5033 8600 32445 15310 19454 7230 15226 17139 2217 2113 23229 31502 12072 25329 16965 10862 3757 22522 20652 10302 13164 16966 3873 26082 2828 436 22397 18091 8749 17588 26112 14066 14235 17591 7444 890 30687 3887 27702 18757 19848 32945 24099 6277 3699 17670 6146 26350 15479 648 21902 17068 30865 19836 5465 26139 23894 5461 3804 32675 32039 199 31863 25458 25113 24586 19352 24594 18645 4862 12796 1012 3481 21007 27919 26411 11266 9655 1214 32202 28738 23169 25615 13070 13573 24741 20094 18321 13784 5886 6089 9229 23633 22787 21892 29631 20867 31579 30286 31918 17642 15982 1743 27895 30692 7074 24659 13596 13270 10273 135 11292 4129 18427 3681 18887 14357 7454 32908 29577 21432 19414 12053 17221 29423 14723 28675 10416 25005 20040 6028 13199 21916 31076 16374 12976 4416 19929 3591 25777 3092 20563 26645 8282 7754 26731 18434 24675 25350 13817 6515 19181 20312 17661 32155 25091 26794 10412 19777 13167 3208 4866 25194 31252 6925 19858 261 19737 4664 22994 31598 29127 10582 10768 17124 28930 30157 7381 7105 24889 9789 14562 9454 14577 30742 23127 28676 8354 19284 19621 12482 8104 8056 26397 2183 32628 8729 29631 20686 22780 4081 2248 9332 25365 23685 6485 21607 10837 31226 2896 27606 16865 30785 2943 26497 11561 3204 29418 17392 9529 19084 27470 25065 16211 4338 3490 6544 18308 21806 27825 27579 28606 19511 1062 27891 32181 20531 27415 8497 9140 31849 24398 5382 14355 20625 14283 14758 8353 24544 32620 9552 8164 1299 27989 13863 6074 18444 16045 2973 25069 12266 18067 8387 2726 23677 13915 10850 14861 21520 19039 26367 440 10033 23227 5951 3002 10476 6346 6694 16876 15416 19515 20114 32467 3386 22673 18470 21308 32707 2063 11563 26921 3872 5191 7690 12246 10737 2242 28536 25041 1345 1375 12443 32452 28606 4740 26677 30658 17279 30583 1479 17394 13516 847 4240 15504 12271 14469 28761 12143 8930 23184 14385 15638 25164 32041 266 17883 4078 12142 30651 7398 22381 10228 12763 19770 19556 6417 8186 28633 15970 30388 22267 9093 4644 10965 21269 23970 26407 27104 4171 23591 3123 4208 19174 11581 14737 6961 5651 15032 470 2496 32340 28710 3552 31958 5878 14102 30216 13530 29687 10941 24997 31977 9247 11003 25769 12814 32682 22094 11461 1309 22750 505 1934 26137 32023 26443 16030 20699 3508 15419 28964 27797 12017 20605 28516 465 10712 8598 28835 27227 11165 5043 2014 22111 6693 14200 24871 17678 14198 17673 2432 22190 30197 28211 12350 6137 28951 14958 30758 5165 12963 1333 30436 16659 14571 12213 26795 21987 11495 13808 11290 18586 22221 4781 30773 8256 28333 22222 1694 14969 23321 9743 5355 1943 21778 16938 5755 15888 16480 12151 20497 13305 1601 1062 25810 8026 32287 2188 24485 25792 17130 1472 19281 24961 4759 7864 8800 23845 4382 31493 12177 9851 15662 3390 32995 14270 25825 13837 12925 8625 14841 1882 13593 2343 390 15154 23648 24517 25274 32415 31318 27234 14869 14164 17891 1898 587 17170 17025 14778 10812 17912 1156 12802 13692 16302 10724 9489 27821 18329 10481 28577 20810 14953 8189 27799 27371 20002 23329 31132 10376 20408 7618 6055 27049 16203 15573 21245 4998 11562 17755 25310 1433 4326 7867 21825 21999 14582 6168 7901 32321 32047 21897 17266 23014 11705 23670 15513 17650 20201 826 12247 9025 14771 20199 21545 25407 29698 2114 27880 13950 24821 16991 277 5342 4099 13713 26005 18902 4844 28520 26437 29253 10550 14961 1346 5878 16385 15625 10592 22853 3076 22486 32162 20705 22435 17737 11539 7770 19423 25281 21514 4548 28669 30806 8737 1863 13359 5736 15641 15737 29373 20336 11955 30453 30034 13892 16473 20202 23147 27485 3333 3845 2796 29415 20082 16539 11288 12704 18543 24049 19986 5352 8644 22240 29546 7680 16666 28343 32807 11150 11330 9264 16913 1349 27920 2196 17905 18888 26107 21906 11782 15476 19927 19029 25944 22015 4127 5435 21530 27635 12649 31627 8781 5654 17074 9026 7086 24790 31319 5675 15512 30409 30401 567 4838 28016 7703 12541 19558 26020 6294 3802 32615 15158 8859 21342 10156 9246 21716 27298 752 18993 28941 20874 20238 12924 28956 18934 2845 30849 23569 25925 21604 24127 16983 25550 3824 858 8240 21495 12015 19698 25914 17078 4389 18426 3156 16777 3105 157 888 7140 3724 4751 2841 10254 15775 29688 31427 13444 9511 31850 8213 19080 15241 19672 23015 14476 3301 29047 10547 32370 25119 931 9483 8877 1701 12038 2054 15183 11121 2809 7555 24227 157 29337 24618 5199 5675 4658 24726 10954 31881 28708 25194 10545 12806 11805 14905 23613 15913 24360 22745 10008 10452 7073 31573 24646 27984 3804 10796 16515 4701 23028 9360 15163 24491 17638 27773 5682 29151 12280 25257 23541 272 1293 2194 15177 2993 7140 32104 12854 4819 22809 4192 22684 29655 4555 26426 11741 11559 16468 16742 24605 25737 13646 14322 9162 29693 28357 31358 5370 11145 23083 11479 13369 27064 21842 22467 24832 20065 30346 32760 1661 16516 29777 17464 16928 2243 22393 19609 18078 23431 6782 23340 21783 15455 27284 14303 4344 8312 24515 14385 17885 5162 23732 19387 5809 13800 29313 31624 28698 8704 2095 28760 27838 9139 32250 9964 19490 7370 21065 27678 1554 30557 29306 17736 13016 8309 17779 23735 4671 30985 24668 29835 23842 14752 926 12223 6593 23925 18524 29041 25791 23029 5649 26383 16444 26522 14710 10773 25702 21211 203 9274 12383 6084 1906 25308 10498 9210 15278 7487 26417 32937 13520 24313 4635 30608 2103 32388 5155 28710 24980 10530 12625 5132 16798 8623 17225 19499 7739 27512 11704 30437 772 13708 29585 23277 3867 2270 24243 20538 23711 1711 31894 13529 3379 10543 8581 22725 31280 25989 27746 25663 30662 21428 16312 15536 16363 18523 9802 17583 10897 22719 6328 17275 27222 17966 28268 27356 11497 26619 23874 7154 16914 19468 31471 24925 5927 16876 30744 27064 10059 16427 16275 5496 22711 5850 16174 18316 10344 26362 30898 16067 8205 994 17454 10816 20313 17041 8093 19219 14686 14417 9231 1166 15699 9754 7165 3482 32926 14375 25738 27898 24309 26071 31130 16915 17974 1209 901 31550 32829 3230 2913 19776 28834 6788 30414 30334 19069 15979 11155 9025 25400 10271 14080 12565 1671 9156 28549 17118 31793 6710 11189 5263 5320 17949 80 24034 18494 3590 10855 21333 6516 16268 25297 26306 30855 10766 19478 8583 13269 31264 30498 16489 16141 18750 25796 24162 1781 11056 10583 27222 26158 18889 9265 22163 5871 14690 24191 11817 18251 26309 25844 23427 25054 10479 28726 10304 11455 26568 13385 30249 30309 15572 27562 27968 1691 14677 30215 31264 7551 1000 1004 20924 3694 24069 21464 10477 22185 7349 25055 24141 28948 13206 16965 13960 27526 8095 30378 28307 24803 9221 8466 17435 21170 26938 30166 29076 1433 29701 10216 24593 27518 28572 18285 14080 23972 19241 19151 19985 24822 10573 27594 4993 6926 14897 10390 18573 10546 12958 13641 30280 8457 26533 10627 32702 5756 14198 2611 1377 23267 3254 3867 20157 3786 1203 1415 9788 7747 32398 23758 10484 16727 3838 7083 22135 1096 5884 5404 22079 19727 31157 21866 15209 1762 24270 4128 32340 29227 13006 12335 16538 1725 9208 2611 8591 18270 11428 12312 10324 10958 31055 14458 4933 17476 3685 11011 2375 21360 9794 18935 13519 19076 29126 8682 27668 13377 24270 25069 26151 19780 15193 15932 1145 16112 23568 11468 25943 24783 18538 14307 4045 28458 845 2202 17365 16945 1165 7249 10569 26973 7812 24174 21375 17561 1972 27905 9376 1467 32237 22931 17826 1259 6028 5788 24004 10372 19645 4478 5426 28457 29171 31315 3586 20219 25617 32489 8711 18351 10748 14254 26397 20484 16059 17818 13770 30625 7830 19154 11439 23444 1601 4583 27338 31263 23631 21896 13017 30933 25412 28266 21453 19836 27263 30287 5635 27420 4185 4807 5772 3846 14824 17833 27005 31516 30628 3100 18484 4485 11586 2799 30846 12300 31924 8260 21844 18474 16678 26075 25568 25156 13624 15355 9781 23586 12832 15720 7234 30704 1860 20384 16267 26796 1617 10419 26772 9979 23692 20097 6688 24460 12749 738 16037 18451 24892 21458 6405 22247 3062 25094 28339 1677 3255 8754 32360 14413 27467 31313 16792 20813 28433 5541 9414 29020 9548 32904 26664 13555 28974 14441 16950 11464 11449 6332 30690 412 12967 27557 26404 29212 2882 21308 8588 17467 22430 7297 2905 13227 13270 2076 21048 5611 16153 18620 29665 21145 31322 23281 30302 21858 743 13542 15691 16767 7957 29763 3828 11523 15490 745 25257 21336 31031 14808 15134 25408 13339 20450 25133 7798 14830 12384 13466 12558 20665 13293 27604 18054 29038 13564 19342 25530 14525 28439 31473 27132 30401 17624 17440 32623 22010 11214 813 12636 18714 5736 28365 29794 14114 12246 18731 22975 22981 28594 19467 909 5807 29875 928 2109 19734 12947 12570 29354 8358 5282 27133 3180 20358 6740 28137 21066 9374 13203 19144 32655 18143 24346 22227 18579 1209 31984 28847 10792 32682 331 20063 440 19699 8579 23713 13081 11570 2496 13692 25911 1764 24581 19378 7179 10535 19098 13668 2356 32404 3847 27830 12968 8585 12826 16184 11428 18762 4760 23340 16568 23425 32385 13052 27386 2966 28811 918 9896 12891 30672 29730 32623 28118 31118 19951 29376 12985 6809 11196 26181 5809 9709 6460 20651 14548 9868 9270 15563 19729 8568 26100 16667 21638 23269 27216 23912 25977 10936 1880 32298 1575 9006 18716 29410 22170 14682 15257 12375 10452 9166 12218 28252 32822 25397 22151 8738 24339 7441 7469 4980 3443 26067 24273 1078 803 5759 3280 5362 14425 30242 19759 10555 204 29627 10526 29283 32884 11374 4781 5988 7951 1960 1134 28571 22276 16151 17903 7878 1293 23675 16764 29147 13829 20626 13500 25861 4972 26832 6694 22748 21770 30457 22469 7270 26193 381 22471 26788 8811 27408 16852 631 5955 11418 10935 24967 9057 1726 29804 15017 9156 3040 2318 11573 7022 10180 15177 6763 21973 2228 23913 28704 29634 19167 484 15948 1983 21231 21947 19535 1664 18967 10601 3824 11266 2754 13255 24468 22112 1345 16455 16694 13807 17847 19310 1487 15587 3909 3490 9157 16665 10972 26098 6942 30471 31549 24077 16061 13025 23213 14144 19197 31573 23678 11626 15525 16197 22297 10192 27152 20594 9440 10171 32512 11112 4335 20809 1506 27441 13539 13605 5232 7718 8597 5421 3397 3944 8889 26491 24139 43 24378 3043 22624 20640 11566 6876 17100 7208 2130 6649 5156 7405 27493 10697 21940 8963 9438 25490 6607 31595 4528 25795 4080 27863 24578 15612 19189 8485 20656 11032 17061 4211 31677 9183 2148 16531 1722 13010 5809 23295 19177 29302 7209 23945 8945 11640 29721 898 24099 19089 10819 21127 24317 5698 6951 19802 18362 24403 4751 27065 10351 3631 2422 24647 24530 30568 28866 3837 12645 29222 32826 26471 10987 27622 22770 13172 1562 30243 28848 8732 14276 30471 3460 2572 30410 15648 25234 11508 26252 13139 24231 4671 528 29427 27381 5527 1386 32411 8993 10309 1925 700 20336 27763 9112 39 18589 25451 7798 17966 32431 32374 27148 16620 16680 5406 7049 4432 27963 17520 3071 21178 13576 9012 20772 17692 15566 31625 6085 24565 18849 1917 9841 27704 14691 17381 14980 32436 2457 21785 17488 20178 5767 27878 21947 13207 23610 3871 13505 15705 17069 11963 1350 406 14457 26982 7065 23269 19976 14352 209 9576 25906 18692 16019 30373 3839 30467 28511 31184 19256 9201 10912 21507 25184 31936 15690 12611 28703 9315 13846 9484 31793 31114 30206 10746 21994 6321 31520 25561 11609 14891 23378 23497 18941 22181 30153 25609 5254 3947 7084 8907 11194 24222 30708 23704 4025 31600 27553 18422 6627 1877 9917 30940 21896 13719 13703 32199 25938 7506 2818 12951 1756 16055 17823 31523 1430 16371 6950 18302 15740 15766 3307 21905 14583 18746 14309 17844 25422 25084 1530 21824 20033 15105 16682 27224 27420 7762 20503 8035 4110 4544 5999 29674 14877 11059 11002 6344 17700 31890 23939 29085 16803 2560 12588 21359 20851 24820 10605 18213 7098 16252 20384 1737 
