// periodic
// number of jobs
1
// pi
70
// Cycle
100
// aperiodic
// number of jobs
11000
// pi
59 30 43 13 6 30 49 31 13 14 40 46 36 17 53 9 16 1 37 52 40 29 21 55 32 29 21 15 1 38 54 50 26 15 55 8 4 42 7 58 10 37 16 55 43 46 55 9 11 27 6 51 29 54 48 2 50 13 26 12 46 34 36 52 37 38 16 40 8 31 24 55 46 50 23 27 30 23 35 41 11 26 13 35 24 4 25 1 54 18 35 51 6 22 11 15 57 53 20 20 11 14 43 14 39 38 6 48 4 34 15 11 37 40 45 58 35 45 49 25 29 30 50 19 39 6 4 34 4 23 11 56 13 47 18 26 44 20 42 8 50 51 32 55 13 18 52 33 3 36 23 17 24 38 36 6 6 46 28 59 1 56 28 6 19 32 5 28 26 9 44 28 28 10 22 53 9 51 39 44 19 36 9 35 25 44 7 2 6 38 38 39 15 6 22 54 51 41 55 51 19 25 39 29 59 43 23 7 57 52 10 57 39 13 15 28 36 29 38 53 34 2 22 54 44 38 33 6 19 56 46 22 50 53 58 19 49 37 31 2 44 52 58 21 18 9 28 19 33 6 46 42 43 17 6 22 53 48 43 38 51 1 17 20 3 57 47 14 45 59 33 59 52 24 28 57 5 46 53 4 33 23 4 18 36 31 46 42 27 42 53 25 42 21 25 52 40 46 17 28 44 10 55 39 7 27 41 29 54 22 1 27 29 29 32 45 37 56 29 17 31 47 18 29 49 27 17 22 55 8 56 1 54 15 57 48 19 51 25 1 9 5 6 24 54 34 47 35 50 18 13 21 15 16 47 33 21 27 53 14 10 47 46 23 50 40 2 34 41 37 38 23 51 31 14 51 33 27 53 23 35 28 28 29 52 37 40 31 31 17 19 26 53 15 13 58 27 13 57 5 44 47 26 20 58 25 14 36 34 26 29 6 12 6 1 13 22 23 35 26 18 3 16 37 27 49 25 20 54 23 17 38 42 33 20 31 58 6 46 5 15 48 56 56 12 3 14 16 14 37 26 50 2 42 6 2 56 54 35 23 2 44 54 25 37 25 29 12 33 17 38 21 28 5 2 16 31 25 29 31 32 9 9 50 23 33 3 17 35 40 15 23 26 33 2 1 53 57 24 16 48 50 57 37 34 18 25 49 27 16 15 9 40 59 42 40 31 59 47 32 34 54 54 59 7 36 5 29 5 10 36 37 28 26 23 18 55 38 40 43 42 19 43 5 50 24 41 47 43 9 37 55 4 9 19 44 15 54 39 4 49 35 38 16 11 11 21 50 45 42 58 31 16 3 49 32 52 48 11 24 30 36 36 50 40 14 36 3 32 37 7 20 47 43 34 56 35 37 31 27 6 17 14 15 41 45 4 4 41 34 41 9 15 21 51 40 47 51 30 57 18 6 2 17 36 9 16 6 44 41 39 31 2 1 42 44 11 15 6 55 46 51 48 5 4 7 8 13 49 10 5 25 18 7 20 16 26 9 53 30 42 44 58 9 42 13 1 55 15 49 5 2 8 12 41 7 2 39 48 33 59 1 55 29 39 46 41 52 18 47 43 9 28 25 56 53 56 32 9 41 25 46 2 43 44 6 19 55 3 55 39 35 58 1 20 11 22 4 59 30 7 22 15 23 31 20 59 54 42 59 48 5 33 6 9 51 48 16 22 26 27 32 7 42 5 17 21 59 31 8 10 48 48 29 37 8 16 33 38 51 6 37 12 3 30 21 23 22 42 18 12 33 13 10 29 17 22 26 34 58 41 40 54 40 2 48 13 57 4 43 28 54 20 38 43 5 54 6 30 55 48 20 36 24 15 57 32 47 41 55 54 58 40 30 53 37 34 39 37 44 57 33 22 19 19 56 19 19 1 41 51 37 40 42 12 31 31 39 27 35 3 55 43 5 5 10 42 49 24 56 58 19 7 4 6 35 51 22 12 37 30 52 2 47 46 16 53 47 31 23 55 10 38 4 25 35 18 11 12 30 35 51 12 34 58 27 28 22 44 50 44 5 47 16 4 55 59 12 52 44 38 49 25 16 45 10 5 40 42 26 58 46 40 4 28 31 29 21 9 15 54 44 25 9 29 49 27 15 42 3 4 11 51 57 19 39 42 52 58 15 13 15 5 39 33 39 24 21 1 25 42 43 48 18 6 50 3 18 22 14 2 56 20 14 56 36 3 4 24 36 26 25 31 54 48 37 48 13 9 46 26 31 59 23 44 20 15 52 21 15 16 27 59 37 11 39 43 27 16 13 16 52 3 45 40 1 59 57 19 28 54 20 11 38 17 10 34 28 29 14 43 55 28 32 17 17 43 40 4 17 1 41 10 19 40 14 38 7 50 46 55 23 14 52 54 27 5 39 19 55 21 39 14 59 54 40 45 51 28 6 15 33 9 29 18 58 38 29 4 45 28 10 24 53 2 58 52 35 5 10 16 49 23 2 18 47 27 36 59 3 23 7 1 47 21 51 6 58 58 15 53 10 55 17 8 28 24 23 22 23 3 20 49 30 42 38 35 8 39 38 5 55 52 44 41 30 27 15 17 37 10 59 52 38 58 40 12 19 24 3 26 10 22 10 20 22 1 49 11 23 46 29 52 20 1 32 22 20 57 37 20 54 13 1 47 37 9 22 11 37 36 30 29 27 21 10 7 20 21 33 50 7 6 5 58 15 26 47 47 53 5 43 36 36 11 54 22 46 50 40 11 36 27 16 11 36 46 7 25 12 39 54 23 10 15 20 58 57 32 28 13 38 23 8 50 21 27 2 41 36 23 31 8 40 14 34 22 6 36 25 36 35 28 59 5 37 37 49 57 42 42 5 44 16 47 7 41 34 2 8 48 42 24 52 49 58 38 59 16 39 57 36 39 9 13 24 24 4 7 6 32 5 58 31 13 47 29 49 35 5 5 27 6 9 46 14 39 46 59 26 3 27 24 21 46 43 5 7 6 52 32 49 21 5 11 9 50 38 57 57 45 38 16 31 15 39 39 35 21 9 4 8 13 41 56 13 58 37 19 15 19 6 47 32 44 53 30 18 39 30 27 8 54 57 4 44 1 8 15 33 33 17 11 42 25 15 37 29 36 1 13 31 3 33 13 34 7 39 57 33 59 49 12 53 22 14 25 28 43 13 38 30 13 50 38 47 41 32 12 13 33 43 56 56 46 11 23 27 40 47 54 21 52 27 41 16 11 24 9 23 6 33 18 17 25 51 13 11 26 4 30 57 14 44 37 1 24 59 45 18 21 47 51 23 20 59 48 46 11 32 14 29 17 42 26 42 49 7 47 57 26 56 23 28 14 20 39 52 5 32 50 5 8 50 55 9 21 17 24 4 54 45 9 23 41 58 36 52 27 33 35 46 15 11 43 20 3 51 31 29 13 58 15 53 15 24 23 43 57 15 30 35 38 41 11 36 6 29 36 53 59 45 45 40 20 46 40 51 29 29 22 1 25 22 53 11 47 46 24 58 17 28 12 23 27 17 17 6 10 29 14 49 10 35 35 17 49 2 16 22 50 16 39 30 30 33 21 9 5 7 36 58 26 11 6 6 59 18 1 16 16 55 20 23 23 59 9 32 19 35 18 53 44 6 26 39 22 37 54 20 31 27 12 25 10 23 20 59 40 53 23 58 57 41 9 40 50 33 6 10 3 24 38 48 1 14 12 10 56 23 8 33 28 10 24 45 21 57 47 44 56 33 41 6 16 17 15 25 50 12 29 59 42 55 13 41 21 52 15 55 2 46 34 52 49 13 35 50 12 36 22 31 52 40 9 6 54 23 28 43 24 26 13 14 14 28 51 16 34 57 14 3 50 44 22 55 40 40 8 34 3 38 50 41 50 54 40 17 45 26 26 51 27 32 50 43 7 10 2 12 39 35 15 17 14 57 56 42 15 52 4 18 10 50 54 32 21 51 58 25 27 38 22 39 44 25 38 22 10 30 5 8 11 24 55 2 48 48 22 9 41 1 17 17 18 47 6 38 20 27 13 39 14 37 37 56 56 16 38 20 47 49 49 21 22 51 14 27 17 25 47 40 41 26 18 48 14 14 43 50 24 25 33 41 4 33 25 56 47 58 43 30 13 3 52 16 18 48 48 42 3 17 41 17 49 41 8 59 4 33 58 9 15 28 20 47 23 31 30 5 30 57 20 56 9 6 31 17 1 53 28 19 35 11 46 50 22 4 6 9 46 20 8 20 46 23 34 33 36 14 30 48 22 31 57 53 11 35 26 43 27 39 27 54 1 20 35 19 13 29 48 26 34 51 26 3 55 20 54 44 24 30 16 9 50 53 11 11 22 13 35 11 40 53 54 44 4 27 49 35 2 8 16 2 22 48 17 37 44 14 11 41 46 23 17 45 33 6 45 34 59 20 11 43 40 28 15 33 54 24 54 23 34 2 59 33 34 13 52 35 24 42 25 52 53 33 34 2 33 47 36 49 14 6 11 24 42 9 43 17 58 54 4 20 27 54 19 32 44 20 40 20 49 33 56 30 37 52 12 59 28 55 56 23 14 38 35 39 58 18 42 25 51 28 10 2 3 54 20 8 49 12 57 44 48 16 21 56 23 56 21 25 2 13 53 10 36 25 31 26 56 37 56 28 19 27 42 28 27 24 9 38 46 25 40 54 54 52 35 20 42 51 15 20 41 55 36 53 20 31 25 28 3 59 2 52 6 46 29 25 59 28 30 30 7 19 32 57 52 42 38 55 36 29 57 44 2 56 32 25 57 28 11 35 47 53 55 45 58 15 6 12 10 16 22 58 56 13 24 32 6 53 29 16 10 52 26 45 15 56 50 30 35 56 21 56 48 5 32 36 39 43 40 22 6 12 55 9 49 25 35 58 1 57 17 39 21 25 17 4 2 55 48 15 29 37 39 20 40 14 20 31 22 41 26 10 32 22 11 18 27 30 29 2 53 16 50 11 54 20 51 15 5 12 12 37 51 26 6 7 20 53 22 11 52 21 52 25 37 42 14 3 37 28 5 29 41 33 17 47 52 17 19 43 19 50 44 40 3 52 41 20 19 35 11 48 56 11 30 41 9 22 29 7 30 34 56 22 3 12 23 33 35 6 25 45 54 57 50 13 8 58 50 58 19 28 45 52 9 49 26 28 39 18 9 51 41 57 34 23 7 29 13 33 14 12 11 40 31 14 20 25 48 12 36 57 37 25 24 5 41 21 51 5 26 40 50 50 46 16 12 35 14 26 42 26 49 57 42 15 54 57 8 16 50 35 33 7 47 27 29 58 22 30 20 27 10 53 9 7 56 34 33 14 10 29 36 55 24 59 27 5 39 49 56 59 43 5 31 16 51 51 16 10 25 5 16 47 55 6 59 26 48 48 29 46 18 8 8 43 19 42 10 45 47 3 37 3 20 5 33 20 6 2 26 12 47 23 56 1 22 17 28 6 24 38 56 40 54 6 45 1 40 22 5 7 17 11 2 34 31 55 1 15 4 52 49 11 9 41 26 13 28 19 17 43 28 35 52 32 38 30 31 28 38 7 34 11 44 24 5 25 33 41 18 9 39 42 20 16 51 46 53 13 10 59 29 28 59 22 40 10 1 33 59 37 28 48 5 13 2 2 37 37 53 8 30 55 8 1 35 15 9 28 54 7 51 57 37 27 54 26 41 12 47 23 33 21 46 31 59 33 28 45 48 24 37 49 51 40 47 58 48 20 43 28 52 59 22 44 11 42 40 40 40 38 13 46 57 58 49 18 3 32 19 4 36 37 57 56 19 28 4 22 56 54 59 57 8 48 29 25 52 13 49 50 10 50 32 56 4 7 52 50 57 21 49 48 59 18 50 34 41 46 5 8 11 43 35 27 39 52 31 21 23 26 25 31 6 36 34 18 34 22 10 50 51 41 6 46 52 35 27 49 21 27 5 3 3 49 40 55 10 11 28 41 50 57 8 31 31 45 6 55 28 59 48 12 42 52 50 13 11 24 4 43 13 26 35 19 33 25 16 42 14 13 18 31 59 3 50 4 28 38 18 55 8 3 31 21 3 17 25 9 46 46 3 23 58 29 14 57 46 12 49 57 25 13 16 16 34 7 10 24 30 36 15 34 42 30 23 11 37 8 38 34 34 21 4 44 26 41 18 2 7 51 6 28 51 44 10 20 44 15 37 46 53 16 42 52 15 5 29 59 49 55 4 42 41 8 1 41 30 21 58 50 47 53 9 58 50 19 7 21 33 14 39 28 53 44 57 58 55 30 13 6 38 31 14 4 54 11 14 13 55 26 44 2 3 25 29 34 19 9 26 37 59 17 34 28 34 46 4 4 30 47 49 19 50 33 25 18 2 18 15 53 18 40 38 8 21 56 3 39 41 14 46 33 50 58 49 48 46 32 54 13 40 11 10 12 44 12 37 18 50 15 29 37 7 58 55 7 52 37 27 56 43 18 3 22 49 6 15 34 27 28 39 10 48 7 28 31 45 30 18 3 12 17 33 16 17 46 1 5 33 6 16 52 50 56 14 29 11 54 3 12 59 33 16 4 3 38 43 25 54 4 27 57 28 53 5 13 35 37 47 5 29 16 26 37 18 44 11 49 27 17 11 57 59 7 20 46 11 10 29 27 18 7 27 39 20 17 23 42 21 56 28 15 18 37 44 6 31 10 51 11 54 54 34 27 34 21 50 39 50 20 38 9 44 15 12 29 33 57 54 9 35 3 20 31 21 30 10 7 6 46 6 6 48 39 18 37 46 30 55 14 58 57 10 42 13 16 42 16 57 52 56 54 15 22 21 36 9 26 47 45 32 10 4 9 48 15 7 22 25 46 12 41 21 17 59 31 14 29 23 14 23 10 27 27 50 15 59 9 16 41 56 21 5 25 58 30 19 5 59 58 12 56 16 10 19 51 39 45 33 33 18 55 5 58 8 41 17 1 41 11 23 17 26 29 20 42 49 8 16 49 2 47 34 44 16 50 16 22 12 23 9 53 6 58 24 8 3 2 19 54 23 40 56 27 54 24 39 51 56 22 3 6 33 48 53 56 10 25 8 2 51 55 56 38 31 26 34 10 2 10 32 7 3 53 25 47 38 7 9 5 2 34 8 13 57 57 43 29 12 54 14 21 2 33 54 5 18 28 25 2 41 54 43 13 36 32 47 16 2 36 17 24 37 35 13 13 10 43 54 15 38 53 35 14 27 35 32 20 35 55 46 57 13 27 31 5 3 49 3 23 58 33 40 16 22 31 54 53 50 31 44 8 49 46 55 13 59 20 29 56 55 17 38 28 15 53 5 30 11 36 39 8 14 17 24 3 55 6 6 3 13 43 34 59 33 56 30 47 13 39 13 50 58 39 13 38 34 30 8 16 54 19 37 36 1 58 5 9 5 41 36 5 2 21 20 29 19 54 42 45 39 33 33 3 40 30 13 20 39 58 57 14 57 5 38 18 1 28 42 54 1 13 37 32 55 34 58 8 29 48 20 38 13 34 9 13 18 12 3 45 18 38 52 26 52 6 53 32 34 43 52 56 58 24 15 38 50 39 41 12 34 12 7 11 8 43 5 13 7 41 31 54 34 6 46 50 16 49 23 28 20 36 47 4 47 34 12 37 23 31 52 17 31 46 25 43 37 2 9 24 56 1 44 1 59 45 39 20 27 15 57 43 40 37 12 18 54 41 34 6 19 21 23 55 11 42 30 15 16 19 39 31 46 21 31 52 7 18 12 29 45 35 21 32 3 35 46 48 51 34 8 20 35 4 34 1 30 25 46 53 15 30 25 20 33 5 22 50 39 56 36 2 29 33 48 40 22 39 43 50 40 38 14 20 1 3 45 33 15 16 4 20 17 34 30 50 10 3 19 40 33 35 32 58 58 41 24 49 6 17 38 26 49 2 35 30 51 55 7 30 14 27 26 3 35 28 22 25 47 21 22 48 27 39 29 14 25 26 32 49 4 37 32 39 3 7 22 2 47 24 28 35 6 26 36 38 45 9 20 18 25 12 16 10 50 24 1 21 20 20 26 15 7 26 14 32 11 33 42 5 46 54 22 42 20 54 2 52 27 42 17 8 56 42 47 33 4 3 30 3 48 28 5 11 40 17 43 54 50 30 40 49 12 14 36 2 6 32 27 15 20 15 24 41 32 58 31 19 59 57 50 36 1 9 22 43 1 34 12 19 19 43 18 34 15 18 19 16 29 46 30 3 15 35 32 19 46 39 31 45 35 53 55 46 20 27 31 27 52 20 49 42 40 50 32 14 6 15 21 42 46 29 59 55 13 32 18 41 39 21 9 46 57 55 46 2 50 33 54 40 13 52 55 9 41 46 42 46 27 6 3 48 52 17 10 42 13 25 42 13 14 25 7 50 32 23 21 5 53 38 26 31 25 11 5 31 58 4 43 5 29 16 50 56 45 27 52 44 28 31 15 20 18 35 23 35 12 2 8 29 11 19 20 27 17 2 30 14 47 14 1 25 23 32 31 12 31 38 13 1 12 56 34 15 41 44 46 24 40 24 31 7 18 18 33 37 38 49 52 57 38 59 58 30 13 31 45 10 12 40 25 42 48 25 39 22 18 17 12 52 18 6 18 36 45 8 1 25 22 47 6 10 15 36 24 42 12 46 53 28 3 16 58 40 52 57 38 42 44 12 31 39 24 13 34 40 27 40 15 51 40 35 16 4 22 34 14 31 41 55 35 23 37 37 10 4 33 30 49 12 44 3 53 34 35 24 15 58 46 30 30 45 43 18 41 57 50 32 59 44 33 18 30 30 35 28 43 40 13 47 7 23 56 43 52 39 3 47 23 22 43 57 8 8 15 16 18 6 43 54 16 42 49 50 24 5 32 9 10 54 51 41 18 4 49 57 39 57 16 19 13 44 14 45 10 41 21 58 16 20 45 45 36 35 17 17 40 16 38 24 5 32 1 9 50 10 3 19 7 56 14 43 5 14 45 34 8 19 37 31 16 39 52 4 40 3 21 4 53 20 25 17 20 54 52 46 40 41 50 53 21 36 57 8 56 35 38 40 37 17 39 50 17 13 36 16 30 43 13 18 11 18 17 19 47 51 56 14 42 52 27 3 3 39 50 53 50 10 40 40 2 27 4 1 21 28 24 25 3 35 30 44 3 4 34 38 13 30 11 34 15 26 49 20 56 23 2 4 54 38 14 48 22 14 51 13 22 52 41 44 20 29 56 44 56 56 55 42 25 17 18 11 29 27 56 2 44 5 46 17 45 10 36 28 43 36 33 55 26 41 41 59 28 31 21 16 55 55 24 4 28 19 56 46 21 33 5 38 29 2 42 30 21 58 58 59 12 13 42 2 48 39 59 55 43 7 35 44 53 49 15 45 53 59 27 7 33 42 29 36 14 46 27 55 23 38 13 13 28 19 44 15 22 24 19 41 9 40 3 38 58 39 53 56 55 2 57 50 12 19 1 56 45 35 6 13 27 41 14 55 18 17 47 20 19 47 52 32 32 4 56 34 43 24 39 57 57 54 23 28 34 6 59 32 55 4 28 3 17 44 50 42 18 49 5 7 43 26 43 28 24 58 7 57 51 54 3 39 45 46 42 9 21 45 18 11 56 45 2 31 36 11 1 19 21 34 34 23 18 12 37 31 50 39 4 35 52 41 21 36 3 18 4 17 32 5 26 23 37 26 25 35 47 14 44 50 19 9 7 2 7 12 26 33 55 53 26 42 11 13 26 47 22 23 30 22 30 37 8 41 3 39 55 9 55 59 16 11 43 43 2 42 4 23 8 23 44 37 52 46 54 3 27 44 36 54 15 18 47 6 33 21 53 41 20 14 35 41 42 4 19 28 54 19 35 33 41 9 24 55 21 9 17 36 21 56 19 16 52 23 34 30 48 21 27 14 53 55 59 15 4 14 26 34 14 1 21 54 54 17 50 28 23 27 43 4 15 39 58 15 37 15 50 9 12 17 12 26 55 6 36 40 33 49 2 21 58 47 46 45 6 52 52 17 39 57 19 1 22 22 15 2 30 7 12 32 43 48 34 16 2 54 41 13 3 29 46 51 44 34 53 23 18 3 15 47 42 54 38 22 12 48 1 50 41 14 49 21 57 50 50 48 31 29 7 4 4 42 59 6 33 16 29 46 35 18 28 3 57 52 41 47 12 35 52 8 10 17 49 37 26 58 17 51 24 50 1 54 38 44 15 26 25 9 20 5 53 36 24 24 24 42 9 26 43 19 28 35 52 47 19 25 7 24 36 47 3 55 27 18 5 30 6 36 47 51 37 42 5 10 13 48 17 19 20 49 36 12 50 21 9 57 41 4 56 5 11 35 59 48 19 38 24 33 55 16 57 19 40 49 46 20 44 8 7 58 10 47 44 17 34 37 12 42 32 32 19 22 58 30 23 57 28 49 2 59 16 11 6 56 21 15 18 26 10 8 52 14 5 54 30 56 12 46 1 36 38 24 31 28 56 1 48 34 50 53 1 36 33 23 13 41 56 43 15 40 4 42 42 50 3 55 54 45 18 53 19 14 53 51 34 44 4 50 42 22 30 8 52 22 55 56 52 33 24 31 16 34 42 29 34 9 39 15 50 55 14 44 49 40 1 10 19 59 6 33 14 16 27 24 50 14 13 26 20 44 2 48 52 19 27 53 35 24 59 46 42 48 24 55 7 6 3 53 30 28 1 32 53 27 13 33 28 34 57 31 52 28 25 6 17 30 38 7 17 2 40 39 59 7 41 55 25 4 57 25 20 24 46 20 28 32 37 49 44 51 23 28 35 46 5 28 6 15 16 33 18 19 42 34 43 38 53 45 33 45 8 9 40 21 40 23 22 46 20 17 47 48 32 59 47 59 19 57 50 59 58 39 25 39 44 18 18 4 24 2 26 39 37 50 35 33 31 58 53 33 56 54 24 11 32 51 58 58 38 15 35 47 9 36 45 6 46 33 32 17 9 44 23 34 24 33 28 30 13 44 4 12 51 23 29 45 3 33 12 5 23 22 47 31 31 21 11 41 9 33 34 35 35 49 33 32 44 58 31 29 32 46 28 34 30 20 31 17 24 4 55 4 43 13 49 26 45 47 11 7 6 51 9 34 37 25 15 40 33 6 18 49 16 18 56 35 2 4 41 1 34 58 40 47 2 10 38 19 59 27 51 57 50 2 53 59 14 43 45 5 15 12 31 8 42 14 18 35 59 48 38 45 42 19 37 6 29 44 27 31 47 41 4 13 10 29 33 53 19 45 13 13 23 57 59 22 36 16 7 5 33 37 50 34 44 20 53 2 6 26 57 20 34 7 55 47 15 58 7 1 52 36 43 17 52 3 48 21 16 1 8 54 40 57 3 33 46 40 19 8 49 51 44 48 24 45 35 29 22 9 2 39 36 52 52 55 9 30 6 42 44 35 12 35 17 44 40 9 9 21 2 25 47 26 30 14 16 1 31 57 8 20 31 20 43 49 10 21 29 12 38 13 30 32 51 44 40 4 12 58 45 10 29 26 56 17 36 15 25 7 37 27 11 37 10 44 27 54 54 20 45 8 6 47 19 26 35 7 35 39 53 34 46 54 1 14 57 40 57 22 51 36 53 17 20 49 9 41 4 3 59 6 10 45 50 34 51 13 53 8 25 54 23 10 35 17 50 59 55 18 37 20 28 29 30 6 22 13 19 26 8 36 13 28 26 29 39 26 2 43 40 54 38 29 57 43 7 2 29 28 8 40 39 36 59 47 23 20 38 3 40 49 5 29 52 39 28 29 51 22 11 17 47 53 49 32 38 7 48 51 15 7 33 17 24 29 31 27 30 18 14 55 23 15 1 46 47 57 12 11 4 2 20 57 53 28 41 19 49 1 49 6 50 34 12 20 52 56 45 10 2 39 43 28 23 24 15 41 14 58 27 45 52 24 58 4 28 55 43 39 8 19 23 13 53 44 54 26 19 14 28 31 22 13 32 22 52 40 53 56 48 24 42 30 12 52 31 27 2 3 52 5 11 55 22 50 25 10 30 32 58 47 34 20 6 36 23 4 12 49 59 12 49 35 4 39 41 14 34 24 42 32 22 35 34 14 18 21 19 38 27 56 47 24 55 27 27 14 44 34 57 20 56 7 6 21 18 32 35 8 31 57 5 27 35 34 26 34 59 31 22 19 8 54 11 2 34 6 3 37 10 4 37 2 49 52 29 19 24 27 24 47 51 12 29 7 45 55 11 5 51 57 37 12 59 47 1 11 5 9 2 22 5 21 12 40 45 42 37 17 47 25 34 5 19 27 59 59 20 5 1 52 32 29 51 28 45 17 22 39 57 27 12 53 2 31 14 57 5 11 59 2 25 57 24 13 30 3 35 46 11 30 8 24 19 14 16 57 34 48 12 30 39 51 42 21 16 51 50 12 5 34 46 51 56 17 47 9 50 2 30 46 56 18 12 31 6 9 26 23 20 16 29 27 51 31 38 14 43 3 30 23 27 20 39 8 27 52 49 18 54 25 47 25 8 20 35 43 33 24 18 20 58 34 22 40 18 53 51 23 26 49 37 6 23 25 1 49 40 46 34 2 46 29 44 47 52 2 8 47 38 11 48 42 31 18 50 54 56 7 8 13 7 24 15 47 36 27 16 5 58 3 4 55 33 35 52 28 27 10 31 28 39 48 59 54 21 26 8 54 44 41 26 55 14 18 13 49 19 12 47 10 15 29 3 20 46 7 19 1 7 30 43 15 45 10 59 47 21 3 9 54 15 54 53 56 14 16 32 44 48 41 57 27 2 44 11 36 17 46 23 49 12 30 35 47 22 27 3 53 24 11 57 31 24 29 31 42 53 20 54 16 51 55 32 45 2 20 50 8 3 55 12 55 24 45 41 8 49 37 33 40 39 8 41 32 5 7 17 56 13 32 32 52 42 19 57 57 41 49 8 9 4 31 42 18 23 20 46 33 24 49 28 55 32 54 30 4 51 51 34 42 54 53 52 9 6 51 1 32 32 24 6 45 32 54 22 7 48 8 2 38 49 42 45 16 8 56 38 1 26 18 44 59 23 18 30 27 2 9 55 2 45 5 22 33 43 59 26 5 22 57 16 52 19 34 33 26 55 15 10 6 52 34 38 25 12 18 21 4 31 48 55 8 12 29 24 30 8 41 35 4 23 17 38 4 58 48 10 53 36 37 58 11 29 55 18 5 48 45 36 59 46 52 2 35 42 8 57 55 37 9 38 10 6 12 18 11 24 17 27 59 26 56 10 46 9 59 44 10 42 59 50 53 23 31 56 25 30 13 19 50 19 53 36 33 55 4 2 26 2 10 21 12 30 20 22 20 32 26 2 54 20 51 43 19 12 57 6 51 23 35 6 4 51 17 14 42 45 41 34 10 6 55 57 44 31 20 10 55 21 20 17 46 38 49 5 45 21 18 32 25 3 33 52 31 11 48 19 1 17 58 16 8 27 59 41 1 51 58 15 9 14 24 55 45 49 3 53 17 2 12 28 14 26 9 35 6 45 40 55 53 26 55 44 51 5 54 27 18 17 7 56 53 30 10 34 1 45 36 49 19 23 28 48 1 29 39 6 31 20 59 32 28 57 15 46 20 45 5 15 6 53 6 45 42 20 26 3 24 16 41 37 18 58 52 26 5 26 32 11 35 2 11 20 39 1 20 11 21 49 46 52 14 59 49 47 21 17 52 20 28 16 23 41 20 30 42 15 25 5 55 37 26 50 34 7 8 28 6 31 25 53 12 7 53 14 15 24 1 19 26 42 33 52 36 42 25 36 36 6 46 45 36 52 23 11 58 13 23 14 48 4 33 9 42 2 54 18 30 34 58 51 18 5 54 23 27 58 57 58 14 28 51 16 45 12 59 58 56 21 15 46 17 28 35 28 43 8 6 14 55 9 20 10 10 22 2 51 14 31 50 28 56 43 40 18 21 5 10 53 35 39 50 13 58 52 17 4 19 56 52 29 53 52 40 10 23 11 8 48 4 10 15 34 47 5 41 50 59 47 23 5 41 29 40 49 18 58 49 33 31 52 19 32 3 29 49 54 38 50 23 17 20 46 43 8 44 50 21 17 48 12 44 1 10 58 45 46 38 53 5 15 10 45 57 14 33 16 37 13 42 15 9 28 6 42 37 51 19 20 39 55 1 18 17 52 27 57 32 29 29 52 37 50 22 26 33 58 56 15 31 9 16 27 54 26 57 24 14 27 21 15 17 41 13 43 12 32 18 7 14 51 42 32 45 26 2 35 27 41 43 9 16 30 45 43 37 22 51 40 23 21 9 18 48 35 25 16 11 21 10 54 34 56 30 15 26 17 50 6 47 12 39 15 20 54 37 9 1 53 21 8 32 24 32 27 55 14 52 48 38 55 20 49 12 35 34 39 20 33 39 5 12 20 52 57 9 55 38 28 21 22 20 31 29 28 38 31 44 44 20 56 6 50 43 5 53 10 28 1 13 57 44 57 40 33 37 31 50 33 20 7 41 29 59 34 43 49 13 50 1 7 57 41 4 58 9 41 14 5 20 56 28 31 55 28 40 20 20 46 3 50 59 24 11 55 58 33 22 45 12 24 50 46 42 54 6 3 28 25 26 30 38 53 25 20 16 42 33 16 46 34 13 35 1 29 29 31 35 25 1 42 4 21 40 5 38 4 3 33 35 55 18 13 29 20 18 25 13 56 19 53 1 8 16 52 28 4 30 18 2 31 55 43 6 17 58 14 57 11 40 30 46 29 25 45 49 5 33 33 23 15 56 47 38 46 28 46 58 23 10 24 16 32 11 19 42 14 55 54 43 43 19 50 38 21 33 15 18 49 51 22 10 41 54 15 37 9 11 41 48 31 9 29 37 58 41 6 46 38 45 33 34 24 12 39 34 32 12 38 9 9 17 24 59 44 10 10 19 53 42 31 16 34 48 18 43 43 7 42 31 37 24 52 56 16 38 10 33 32 46 34 4 15 7 5 20 7 11 48 57 14 16 26 3 41 19 28 38 48 6 37 54 42 6 8 15 54 37 30 41 55 32 32 18 32 55 21 28 5 10 6 23 15 34 7 25 1 1 29 11 25 34 45 48 8 4 26 12 58 31 2 59 28 10 11 17 1 56 46 56 52 24 59 18 53 30 45 15 43 47 38 7 37 12 19 24 2 31 21 18 39 56 2 21 42 34 54 54 17 17 50 50 47 50 11 22 50 31 51 58 36 33 15 41 10 20 30 7 34 18 48 2 49 25 46 13 11 50 30 13 12 44 33 57 31 25 3 12 34 3 33 6 17 55 35 45 40 30 2 24 20 38 34 13 3 58 10 14 15 13 56 7 36 51 18 36 37 36 42 23 47 40 48 58 24 8 54 49 17 32 33 4 49 52 13 47 33 32 51 25 1 54 45 27 46 16 19 45 11 59 21 8 30 11 42 2 40 4 4 56 53 49 49 13 45 42 59 44 43 39 43 8 42 5 13 44 28 59 51 36 17 46 34 34 10 16 45 53 25 23 59 45 27 42 27 39 58 23 6 29 41 4 3 12 54 14 25 35 13 50 28 21 52 16 58 6 55 56 26 2 15 11 16 26 24 17 2 42 55 40 49 59 17 40 35 35 36 37 7 39 41 22 26 3 32 47 50 13 31 2 40 23 14 59 59 7 13 19 9 39 43 54 18 51 42 55 10 38 41 14 15 59 17 21 19 25 19 48 16 28 54 59 27 13 6 37 53 49 36 21 11 31 23 42 14 55 30 56 31 38 47 54 41 17 24 41 2 7 46 7 3 38 46 25 36 58 19 48 2 57 54 42 45 58 23 38 49 30 54 42 25 15 42 18 11 11 4 31 5 25 53 40 48 34 4 39 50 22 24 49 29 18 2 18 9 3 4 51 45 6 33 37 53 43 54 53 18 56 46 53 4 17 44 53 1 46 35 54 20 9 57 59 3 48 43 42 18 30 46 39 50 51 58 44 26 54 14 11 55 51 44 56 59 44 25 21 12 4 35 45 39 55 56 17 14 20 34 34 5 58 26 55 7 33 56 21 51 1 21 35 11 7 50 4 17 18 9 43 14 34 24 41 34 29 34 33 57 3 6 31 8 37 56 13 52 50 5 20 30 54 48 33 25 3 32 45 11 43 11 57 9 7 14 40 56 6 27 28 55 22 16 59 58 20 26 16 19 25 19 42 24 30 24 32 36 40 3 27 7 39 32 23 11 56 44 58 43 44 49 19 39 33 51 7 14 50 55 7 38 42 55 31 33 16 30 14 10 9 19 46 51 46 9 43 46 45 15 29 41 36 36 28 20 49 51 41 45 59 13 50 32 2 26 45 52 15 48 19 9 33 17 46 28 7 52 47 49 22 47 10 27 30 47 18 29 59 58 1 32 30 45 24 27 59 16 39 31 12 48 35 28 48 15 43 6 34 2 25 30 35 2 14 54 27 8 31 49 48 47 6 50 45 34 23 38 44 56 35 39 18 10 56 45 57 1 47 59 52 46 58 58 32 21 46 21 48 4 31 43 42 8 8 15 14 22 3 58 47 7 51 19 33 5 10 15 39 34 45 45 11 49 44 14 15 18 49 7 51 13 7 9 26 6 34 36 1 36 23 25 38 32 58 59 21 36 22 32 11 31 27 18 56 27 20 52 39 12 34 24 51 3 20 51 8 10 43 15 18 33 35 12 51 52 17 18 20 51 42 20 27 16 10 45 31 20 53 53 16 1 4 55 39 52 20 7 33 55 54 36 34 27 59 56 12 29 29 14 26 16 42 12 56 54 58 1 40 56 6 53 24 41 43 33 29 32 39 37 55 20 45 24 41 47 22 37 27 39 13 19 19 50 54 9 32 36 58 18 40 34 21 46 12 5 54 30 35 10 16 6 8 32 2 46 16 41 50 32 21 24 36 59 15 31 26 30 28 46 31 25 58 59 38 34 13 30 37 49 36 7 34 33 17 15 36 46 52 45 28 11 57 36 14 8 52 7 1 9 9 23 38 20 49 13 16 41 38 51 47 53 58 13 45 14 48 5 32 17 20 52 46 25 43 27 48 29 37 17 15 26 50 19 5 20 1 14 28 5 17 3 27 49 28 1 42 7 13 32 7 51 52 56 35 20 37 56 52 8 55 1 7 9 58 23 1 7 22 33 27 46 32 23 50 39 29 13 21 2 42 17 17 56 58 57 48 56 16 48 47 5 5 29 29 36 29 26 33 22 41 40 13 40 34 26 26 2 49 28 27 7 14 24 22 3 50 59 52 15 58 50 44 40 52 47 7 9 33 56 28 48 15 58 48 18 10 43 54 43 49 14 31 9 22 12 22 55 1 21 4 35 45 3 14 19 57 40 7 49 57 44 15 10 14 41 6 59 49 18 50 17 37 14 38 43 28 58 19 37 54 56 36 40 58 22 4 46 44 16 9 45 33 26 53 50 16 59 7 52 1 53 36 18 3 8 14 33 21 11 45 49 13 25 58 22 52 6 34 36 16 59 27 53 30 57 48 16 31 1 48 48 41 22 29 40 2 30 7 43 28 56 46 55 22 35 37 55 28 24 47 50 48 14 16 44 27 33 47 16 52 17 35 19 44 48 56 9 54 16 51 5 12 34 19 13 35 6 36 33 38 16 8 23 55 50 2 35 4 32 19 29 36 15 27 16 8 9 14 29 30 8 30 32 50 2 2 5 41 29 34 17 11 22 32 43 58 16 59 41 15 23 19 53 59 18 24 20 5 54 5 3 51 29 54 49 25 29 52 49 1 21 25 12 24 51 9 26 8 18 37 48 21 38 38 22 10 14 27 47 45 50 2 4 59 7 34 37 24 48 29 11 34 35 43 31 47 25 6 43 19 28 32 3 57 32 44 16 23 15 51 59 5 16 16 4 11 57 18 28 30 50 23 49 11 15 12 42 26 55 17 10 36 33 38 7 51 47 6 9 53 9 11 5 49 43 34 39 48 58 21 32 23 14 56 40 13 22 20 6 23 41 48 42 29 31 21 35 30 51 43 26 53 45 16 37 30 23 2 29 3 10 26 22 55 32 24 54 44 22 14 33 52 50 43 23 13 58 24 59 44 3 50 10 33 28 32 37 49 51 48 28 57 29 24 5 27 4 34 28 47 45 12 38 7 53 51 29 21 24 55 33 3 55 27 33 56 3 46 55 2 22 46 19 6 10 24 27 11 43 42 3 59 32 36 49 31 43 39 37 2 52 42 48 41 23 29 46 34 36 22 30 2 52 21 49 7 14 42 59 17 45 15 44 48 29 2 11 41 5 36 30 27 14 36 44 2 29 14 13 49 13 39 11 22 43 27 22 5 27 25 27 32 56 4 24 14 26 14 59 9 23 6 39 57 26 54 10 4 32 20 25 3 8 38 48 55 50 59 26 53 46 45 35 48 2 53 19 22 24 46 50 32 57 1 3 29 43 11 17 21 56 57 31 20 21 9 14 39 43 43 16 16 12 57 1 21 22 44 4 20 4 6 34 55 51 56 23 51 20 15 40 43 21 57 44 33 35 40 7 47 1 17 57 40 12 34 34 31 23 39 53 8 57 44 26 50 1 54 54 21 12 26 42 9 20 28 35 28 32 13 45 53 18 51 51 21 30 17 2 26 24 48 44 56 55 29 38 57 23 21 46 22 40 59 42 46 28 15 10 43 49 18 1 36 49 51 42 53 14 27 51 32 45 46 52 30 38 1 57 49 56 48 40 8 51 39 35 35 25 2 28 14 58 30 49 23 9 32 6 34 14 5 49 23 19 33 38 9 19 24 45 53 36 17 34 20 47 32 45 52 13 7 39 41 40 10 11 21 52 12 45 5 54 10 4 26 10 52 1 33 57 41 47 8 21 12 57 22 40 14 47 17 45 37 20 39 42 43 56 24 55 40 2 27 29 12 33 40 21 17 55 36 18 41 23 39 45 48 12 40 28 29 41 51 56 11 59 55 44 51 54 27 18 31 17 25 28 7 20 55 7 10 30 9 25 36 29 22 53 26 11 25 19 21 33 50 54 13 55 56 30 34 5 6 38 28 44 14 28 35 6 19 5 1 42 41 2 39 20 7 43 56 40 21 19 13 34 3 34 44 59 48 21 52 4 12 50 39 3 51 17 20 24 57 33 55 49 55 21 41 26 6 26 53 34 33 6 31 2 18 14 20 47 22 50 45 40 34 35 55 3 30 47 15 52 5 49 47 28 52 23 57 8 40 20 46 58 54 36 45 8 8 40 11 35 17 50 50 5 46 25 28 59 21 16 37 7 51 37 4 56 33 7 17 16 59 57 4 17 40 26 20 13 33 43 2 7 12 43 47 33 36 2 33 12 26 19 5 55 56 16 43 6 33 30 57 36 20 55 10 43 5 8 33 12 16 56 3 7 13 55 47 42 41 53 46 19 20 17 56 53 56 12 59 38 30 2 59 53 32 51 32 33 59 28 39 32 18 17 35 43 50 42 23 52 16 14 16 23 8 14 51 32 23 43 50 25 43 55 50 11 30 13 13 2 12 19 27 17 30 47 48 21 37 29 3 32 34 1 10 41 4 58 30 59 53 35 49 31 28 45 43 31 39 44 50 31 42 8 45 6 38 5 28 13 16 13 30 9 42 4 3 44 25 33 16 26 2 19 25 58 34 45 44 26 10 27 1 49 57 7 11 35 35 44 59 25 13 9 1 39 38 25 43 51 1 55 49 59 17 50 2 31 7 18 40 41 48 36 28 17 41 16 5 10 9 4 10 21 37 52 26 56 5 39 27 2 24 45 20 58 16 6 24 48 52 25 46 22 50 41 37 43 18 45 25 6 27 3 30 24 51 1 22 20 33 48 10 25 33 48 5 5 40 54 2 13 19 12 46 33 3 17 28 22 6 44 45 26 15 28 6 25 49 53 34 51 48 34 44 22 7 31 45 37 34 21 10 47 27 1 52 23 39 39 46 58 51 40 24 26 47 34 9 42 6 27 2 6 58 16 32 31 19 27 14 58 25 31 55 27 9 2 11 31 7 8 45 50 42 54 44 12 57 2 27 28 47 20 6 18 17 57 9 12 16 37 12 22 56 46 52 4 50 18 12 47 11 48 33 43 54 3 6 21 8 32 8 57 21 19 9 29 25 21 7 27 6 41 57 1 27 28 38 3 2 43 32 30 20 54 58 39 15 4 10 16 5 21 40 11 47 17 51 11 4 9 30 39 19 41 51 14 33 52 8 24 35 46 46 46 35 47 36 28 48 34 48 6 21 22 25 57 15 22 27 2 51 52 33 36 39 26 42 20 21 19 14 27 58 54 48 7 25 5 16 47 16 44 44 45 43 1 10 23 18 13 4 14 52 49 49 39 20 21 39 37 23 18 5 28 15 28 49 43 54 2 31 10 44 1 49 57 24 6 29 3 51 1 9 28 37 27 46 30 42 33 23 45 59 34 56 33 35 26 11 48 44 27 35 22 55 7 43 38 23 4 55 31 33 28 50 47 12 19 18 19 41 59 45 2 57 57 18 46 38 33 6 49 17 38 52 14 3 32 53 34 15 29 1 53 16 57 28 18 34 42 42 40 41 5 15 28 34 2 34 18 27 52 45 23 37 8 26 20 29 18 26 53 13 45 24 55 9 5 34 11 41 33 37 5 12 1 6 58 54 18 4 26 25 24 55 34 29 23 40 45 25 22 12 59 34 14 39 42 7 59 21 12 46 27 22 43 6 47 40 1 3 43 11 55 37 1 41 24 39 10 14 17 32 6 8 42 29 32 51 44 21 56 45 9 58 14 59 26 29 16 12 28 31 47 29 20 46 47 10 34 34 58 57 32 28 32 46 14 7 43 16 50 50 6 48 14 22 26 3 4 52 5 38 6 24 43 51 34 15 14 57 37 18 17 19 20 37 22 36 49 22 8 14 58 57 11 39 53 38 35 9 49 22 6 54 58 49 44 26 36 27 41 5 14 1 54 32 34 48 31 8 13 38 8 27 34 57 9 26 5 18 22 37 59 33 14 58 5 45 47 54 45 5 23 8 4 7 19 25 57 30 18 31 16 33 49 20 13 20 29 10 45 4 8 9 33 21 52 53 23 15 16 11 3 47 51 46 2 53 48 32 51 2 20 20 44 18 4 11 30 42 17 20 42 42 45 12 36 18 27 41 32 11 40 37 45 42 11 16 49 57 34 12 52 26 42 53 26 56 56 37 46 31 54 50 21 17 43 31 39 8 29 7 51 27 46 37 25 34 39 33 46 20 30 18 44 22 16 11 56 38 9 48 25 1 8 29 35 33 4 17 26 11 42 5 45 25 33 25 18 41 43 13 4 9 24 2 30 52 7 14 29 31 44 19 28 28 58 45 40 13 3 38 26 24 7 24 6 27 15 35 39 49 57 36 33 3 21 54 23 59 30 54 59 13 32 28 11 7 5 27 12 18 29 54 19 8 12 7 8 19 54 9 22 44 36 15 6 35 36 4 26 35 50 31 47 27 55 4 36 34 36 27 50 21 39 7 16 14 37 56 19 12 43 9 59 24 3 30 44 9 43 42 19 10 39 19 22 6 59 1 22 29 50 11 8 29 29 47 37 25 35 30 44 57 24 28 59 2 38 14 55 34 44 24 22 52 49 35 39 6 57 57 32 29 5 32 57 17 16 13 25 16 55 57 37 19 50 10 35 11 8 16 28 30 54 13 49 25 25 8 56 42 57 47 27 19 18 47 43 53 12 50 36 17 37 33 10 45 14 48 18 2 53 5 30 16 4 24 58 59 7 49 44 3 29 21 33 19 18 48 16 5 25 18 7 6 7 59 8 15 49 24 26 40 11 7 14 17 23 21 42 25 2 50 3 17 6 16 40 54 37 55 58 54 52 34 53 25 6 47 40 27 22 2 19 24 50 15 28 37 3 56 23 45 30 24 5 28 32 5 11 54 27 45 23 36 35 38 20 13 11 45 45 49 6 51 48 37 14 48 39 44 15 49 1 39 40 26 21 37 31 40 53 25 39 43 37 18 4 29 36 25 41 11 15 25 35 39 40 38 53 14 14 54 21 36 12 52 50 16 32 11 10 6 11 41 2 35 29 55 51 58 48 34 30 54 55 36 55 25 10 17 39 34 25 52 51 21 46 12 22 25 21 28 1 48 20 19 45 7 12 28 8 49 26 51 41 43 5 17 44 54 56 43 38 41 42 26 15 27 17 33 16 58 45 55 6 17 40 11 49 14 47 6 34 14 42 39 14 58 18 9 18 57 39 58 32 8 5 16 8 43 43 15 44 14 30 23 23 24 46 28 22 16 35 49 13 34 42 47 57 58 20 58 35 30 24 44 50 52 50 21 47 50 8 32 48 6 35 27 45 53 58 52 1 5 7 54 33 19 26 12 44 49 42 35 11 54 32 56 16 39 15 44 56 27 20 18 39 40 25 58 43 53 3 5 25 50 36 25 25 56 51 33 19 58 26 25 10 23 43 24 3 9 48 54 34 51 17 13 36 26 13 50 28 6 7 2 25 54 15 29 40 27 15 58 22 20 41 14 13 16 57 45 10 10 18 46 16 11 26 32 28 36 19 25 30 45 50 35 4 25 56 15 6 30 16 50 53 39 42 8 11 15 48 28 36 39 9 15 57 33 11 48 6 29 56 25 15 16 47 41 43 41 41 23 23 59 36 31 27 45 57 26 11 53 27 22 48 35 8 52 32 12 31 14 16 40 33 3 44 4 23 55 3 56 31 16 8 4 25 43 19 12 20 16 31 19 46 25 43 53 10 36 15 55 10 59 44 21 41 15 6 6 39 32 52 58 40 39 19 51 1 6 14 20 2 47 32 51 57 51 39 27 36 35 13 28 52 59 50 43 45 29 41 50 50 54 58 14 39 11 38 29 12 2 45 52 49 40 30 52 22 51 13 53 49 45 47 30 29 25 52 41 48 17 24 13 41 59 28 14 21 23 55 41 37 19 6 50 8 52 3 44 1 39 49 54 13 57 24 4 51 5 17 23 19 21 3 48 49 35 13 13 58 17 45 53 36 29 21 27 27 10 8 19 29 9 29 29 27 55 59 39 53 19 7 10 10 9 17 50 5 6 27 33 21 27 37 44 35 34 35 12 38 29 47 34 24 11 31 38 6 43 55 32 15 50 21 3 1 52 15 42 47 12 53 37 56 6 29 29 3 37 44 24 36 24 7 55 49 34 45 47 57 3 29 33 54 43 32 18 40 31 38 34 45 24 28 7 7 32 12 33 36 11 48 33 30 22 45 5 49 57 47 38 32 11 17 10 46 1 51 44 23 47 54 39 48 35 41 42 28 46 43 41 34 34 53 15 57 54 36 57 42 35 9 47 5 5 24 26 1 35 32 49 23 29 8 25 45 14 22 7 51 24 52 49 42 50 48 56 19 22 20 2 39 10 1 46 37 54 11 12 16 28 47 8 27 16 29 45 8 56 42 34 54 58 11 28 35 54 28 29 38 50 23 42 55 39 57 40 32 48 15 45 5 11 24 12 30 56 55 59 50 45 12 7 23 40 42 53 35 14 1 10 54 44 46 53 27 31 17 19 43 23 10 33 49 33 16 38 42 25 25 42 44 40 24 35 38 43 43 56 1 16 35 11 18 59 6 6 25 3 22 1 4 53 5 48 46 54 39 15 10 50 10 31 54 6 56 7 38 2 44 2 50 40 26 1 6 54 5 10 46 52 57 47 39 9 50 4 9 8 40 32 44 38 16 55 35 32 38 30 36 20 23 29 52 41 39 44 30 39 22 26 33 23 6 43 48 52 56 20 55 55 23 22 11 3 57 7 9 25 47 30 30 8 32 56 39 7 47 23 28 14 16 59 20 6 15 10 9 46 59 37 24 38 16 49 2 27 41 35 34 54 19 58 17 24 17 3 16 58 33 53 21 22 24 10 29 36 26 45 23 14 25 44 13 32 40 4 22 35 21 6 22 39 59 1 1 56 23 1 11 7 42 51 24 42 8 30 22 30 39 36 44 21 57 29 50 53 53 15 18 1 35 56 32 49 41 26 3 24 33 39 37 23 56 34 33 45 27 35 54 11 14 22 28 57 41 34 20 50 10 14 50 15 53 26 32 7 53 42 59 42 11 22 46 46 23 13 44 44 7 47 18 17 20 27 32 12 39 20 13 12 2 42 39 54 9 20 17 6 16 49 41 25 46 27 36 14 20 26 35 55 53 50 15 52 17 11 32 27 11 25 18 22 23 51 24 25 54 2 25 15 23 7 47 54 32 54 31 38 15 2 44 1 40 59 27 38 30 30 18 59 31 44 37 20 15 28 27 10 12 55 33 39 44 21 33 4 35 54 39 3 41 55 14 5 52 55 42 29 34 58 39 49 47 29 13 3 56 53 25 7 48 57 15 16 42 29 38 6 22 3 54 16 17 32 4 25 35 40 18 44 32 36 34 59 5 25 49 56 11 43 42 43 1 7 33 4 5 33 7 54 11 26 55 5 33 4 41 16 29 37 17 15 55 39 43 27 46 56 21 9 12 43 16 44 53 40 36 37 40 36 25 50 30 41 56 8 39 57 8 21 37 28 28 4 41 12 21 23 36 23 41 26 4 23 55 34 15 23 16 44 10 42 5 30 42 8 14 22 20 10 49 16 45 37 59 1 54 23 18 43 41 44 59 36 11 40 24 46 49 47 56 55 19 48 11 19 44 43 17 50 41 10 54 19 2 1 15 26 23 9 23 18 46 27 49 52 6 53 56 41 29 25 52 19 39 16 58 26 21 8 19 48 16 53 26 26 49 4 58 27 16 48 39 50 16 3 25 29 27 56 45 12 1 56 12 27 8 22 39 44 23 39 54 46 14 18 5 4 23 48 31 7 40 45 25 41 57 41 43 45 59 4 30 38 
// di
13199 9345 18661 23119 11680 14831 11913 27033 2605 6488 22753 27513 30405 22491 10371 24131 4409 9174 21820 29427 3647 8304 16937 20303 1283 15660 9550 18412 1375 69 4538 177 11195 4670 20443 32447 24101 19861 13822 30353 10404 26788 26088 15034 14861 11720 27071 598 7447 18792 19086 2103 11254 4248 13093 31176 7005 1498 2329 1324 6734 8559 14313 10955 24040 6096 28941 11301 1019 18440 20952 22800 9620 1193 23407 389 67 30176 21345 3098 23690 2986 25406 21966 22592 30497 10078 21499 22505 28818 28858 18591 35 7578 17351 32648 23452 19224 25373 19554 13445 4134 15448 13625 18504 6954 19739 30796 26703 17514 22289 27549 15626 19982 11048 18002 15819 26978 26565 29891 18389 12668 16918 30249 1572 28339 13389 9825 14403 26339 11679 1484 8939 32717 27345 31137 15785 28395 1132 23205 30543 14208 27932 30623 2123 29149 9270 13716 20715 10764 31071 1452 7053 32751 15892 17372 24073 27878 14471 10643 8534 23711 17072 30103 933 26017 16427 9647 16948 9381 48 26678 9168 5654 7782 17320 7042 21169 22361 22909 28190 3018 23195 32019 28338 16488 26749 10837 6839 19386 31411 4063 2978 10180 5938 21479 18937 22595 29657 23036 19404 22313 16022 6660 22244 17061 11242 16901 4927 32190 22855 27278 2225 11784 17190 3797 19638 28339 12505 6789 28912 21677 24338 6004 21492 680 30481 13531 8658 15018 23139 3198 5443 22383 4728 10897 11368 2185 18997 14047 25582 5874 3037 32379 28052 2153 3445 11317 32274 6527 27632 21405 28807 8936 22060 12933 28555 463 26748 30799 248 28256 4868 31648 17651 1919 17040 2051 24967 32410 22083 9642 26310 16845 7297 3911 32683 27187 8938 1697 4857 24368 14838 19885 6149 13590 26653 13690 6121 15806 28191 7866 25910 4688 5122 425 16348 6792 5340 16019 5021 28920 7693 26791 19748 21452 26626 18822 19617 17832 16254 22554 29242 16936 31023 28232 28077 246 23708 29366 7374 29555 1349 7063 25200 17117 13099 29690 21117 25102 16605 21652 7726 23483 25952 31536 8746 11844 26547 6197 21761 13815 31770 18240 5248 8234 14755 12984 27202 30329 22138 21711 16469 12272 23591 12869 18634 2033 18107 11158 4799 15396 5116 3175 26859 436 15061 21282 17672 19858 19222 27703 19296 15451 31001 22390 25427 1378 14541 2684 28822 12395 21919 19528 19399 19495 8016 10812 25404 8686 30053 30578 27435 26101 10371 29872 4173 5145 11804 12481 27379 14118 10456 2867 10016 17681 31496 10647 4198 10143 17426 12256 30334 815 24866 15488 21593 25872 27853 32746 4673 8227 16611 30925 25257 21848 25398 2703 5077 29061 1964 25562 8831 24281 20308 9122 29440 31691 1961 7240 6807 13127 1661 412 6134 802 32066 30143 2252 9837 30598 32267 26234 17917 17940 13990 14587 5830 17343 18204 25250 19087 7025 3334 9634 13378 19315 25970 9917 25379 15682 31111 17052 24994 17008 19074 6703 7438 5362 6419 21826 5032 14196 25968 21600 31922 19909 137 14704 32021 32770 1356 6660 2288 21716 20639 8685 23303 25441 29709 2699 27988 6775 15965 12838 9638 4201 15211 13660 15697 29963 14941 21456 10891 6428 16625 6346 14447 3934 20936 10527 23271 20978 14883 17822 12068 32630 32326 16467 9963 18010 12670 22794 4041 10353 4180 12095 4132 12611 18046 21620 10466 12416 5428 9472 31021 22115 12350 29560 25132 9179 8712 25765 31980 9119 25501 3229 17464 16808 29260 1513 15484 30111 17966 31782 20302 2989 20015 11520 11441 19810 8767 9378 12209 1474 3317 23622 9720 16692 1450 19047 32161 13364 6671 15698 11524 24635 19187 7763 19977 18701 21806 26 17242 15136 551 17417 14514 14054 26748 13935 3666 25054 26508 10713 24808 17985 18420 22786 31867 14960 31486 7037 10124 4666 16871 24666 8648 24070 15446 10854 24328 7222 26303 19423 32613 1629 23795 3943 26145 23019 17308 6307 6826 10739 18514 5385 20829 10606 22511 5472 22937 2762 8094 21407 23809 12707 26335 7427 24433 16113 7768 18035 14418 4758 3232 21066 15979 26429 27406 28652 10185 2388 9734 6891 1728 25958 6034 18667 10738 8882 9038 18699 16541 19629 19780 26871 12575 2014 13756 17627 26679 5045 5708 3085 30587 24838 16030 17001 5103 24403 29008 20888 19846 287 4918 25752 11340 28206 17215 32927 24530 28298 21579 14270 23558 22791 25661 23540 6538 25141 3683 12530 3534 19341 13290 23053 13757 1467 7364 20047 3579 9438 12463 29067 13662 25780 22531 29631 21448 18866 26552 12746 25884 5842 27305 12050 16657 16419 12017 27730 31211 5411 19933 9904 10235 21417 32697 2525 12924 18457 8911 6539 12405 11169 32075 28896 30398 3290 13862 13915 29754 6466 7453 4177 22950 16510 23309 19377 14915 21226 30740 26358 27361 15105 26343 24846 24386 1591 11177 5733 22709 17488 26656 12898 8400 12913 19539 3202 26582 1094 10924 20837 16575 12924 12691 32131 3749 5064 29378 10519 30451 18957 30702 10708 6489 13906 463 21072 17160 2591 20472 31086 14386 9895 16105 12623 28193 1411 15821 3741 5562 11369 19765 10194 2421 30123 12876 3426 6857 29224 22725 9986 21206 27819 25347 657 25395 7767 19687 30967 455 29656 1437 29684 30096 22873 1486 14130 20769 29919 8526 19196 4829 32685 11544 19504 10956 24175 2622 22318 32407 7139 32535 21660 6424 18059 22844 13182 23168 13118 20423 23862 2291 28688 1991 30053 26920 7250 23786 27940 28794 29439 17368 225 2034 5321 23686 11114 273 22992 19829 8818 28080 23664 1516 14600 22533 31944 5303 17071 18280 24940 8466 2898 823 7242 29141 19711 16626 28845 9495 11979 2279 29351 28679 28104 30308 2462 2431 17605 10814 13114 30832 31307 16200 21789 6045 20095 22686 31353 7252 21204 11408 15020 18301 5551 17655 11712 16005 4007 31465 31230 25505 14908 4182 5436 21587 19246 20127 29221 1577 26885 26488 23722 5335 25424 8019 23608 27737 3366 25364 5800 21934 4675 14632 21731 9781 11972 16692 21788 3191 26186 7981 3670 14997 8534 4957 31058 25857 21230 21566 1605 8249 21194 30962 22148 17346 23555 19739 30626 16405 17094 7906 21631 22454 16920 32517 29183 23599 22112 8558 9979 21512 9240 5590 17172 20615 11231 19163 1330 32322 8416 17757 28560 27015 30713 9763 4829 27862 30968 13597 32430 20091 18461 18418 733 1576 3974 21283 13422 8821 14479 30087 10639 11772 12974 6846 792 22555 30531 15770 31697 24911 2062 5605 30800 599 8986 26871 5426 10376 14754 20295 5877 23729 8240 29229 25560 27688 19245 30911 12210 1968 25135 6488 19103 10879 15455 6252 29597 22830 30776 7377 24767 28871 5612 16147 9209 14577 13692 22069 30358 20120 30871 29855 31178 12488 6484 10165 1142 7890 16568 8037 6183 23751 17810 20355 6916 13482 25907 32049 8765 7798 24934 31931 18521 14306 28561 15818 14015 22534 25045 7112 24608 4858 16773 7147 23361 25107 19438 15342 31761 4305 29566 13082 17724 23082 2993 24537 7748 3513 10368 29479 32197 13222 11899 27443 8632 14709 10872 15823 27080 13947 12964 14664 17878 27695 10850 12622 5956 25183 1272 27695 10396 3019 17801 13321 2415 5996 12721 16 28782 4843 32147 4443 22392 16876 11469 18022 22938 2441 32467 9659 16151 17865 11344 18974 19436 16211 1484 20155 14858 18054 5632 18748 13760 11659 4934 29736 7831 16018 24418 6461 26156 5948 15779 21287 14626 2625 24006 16557 8740 17432 1455 19152 26862 23946 11166 12608 27029 7396 6927 10196 4508 31400 17612 17087 4290 18144 32335 2731 9252 18556 8150 15238 15775 31095 11372 3141 8939 18796 1425 21039 27880 4039 15170 5925 3557 7941 19387 17612 10989 29057 29048 5686 16276 2923 28737 12580 16860 7332 27181 19284 3055 20352 19208 6274 419 19352 12533 32700 30370 10981 24899 15227 28184 7758 949 7520 19067 103 9990 30685 16098 849 30524 12809 14587 26349 25632 6124 26791 27092 17738 18402 3665 32934 585 14665 18416 11578 7302 26118 10951 12336 14332 15721 8290 6651 4015 3886 17269 14249 22891 7970 7880 18975 26218 31265 19636 12207 26549 31391 545 11285 17545 26447 26648 23418 5150 12969 16199 12367 15444 5187 12433 12789 24713 8267 22874 11470 9833 31287 23309 25844 19024 32413 15191 28162 31462 31390 27748 11655 17653 29126 13648 1924 30272 4734 22358 8951 19511 27049 23902 8735 20045 30715 1441 23713 9127 3234 24793 3032 26459 3128 29145 28495 19135 4015 4444 30522 3935 2042 30030 10062 5257 24385 4448 31543 13254 1895 16518 11702 25199 16910 27462 18523 442 357 3209 22213 12061 2961 29197 22394 24960 18873 12551 13551 17324 25981 30411 23135 30619 16611 10496 11411 4070 7221 16116 3267 19677 32070 22907 19664 3549 25511 5404 32455 23732 3499 9858 501 5983 2002 2229 5341 17346 4661 27154 25027 13406 28369 21826 13453 32111 30728 29775 23633 21580 29264 29092 16539 5639 3506 18529 3901 4097 30154 28298 27550 19234 20678 7709 11320 17116 32408 16366 20021 18484 26799 10165 27299 16670 22978 23158 5182 11014 9714 21654 15441 4265 8144 12642 16946 5074 31236 8537 23900 27966 12648 30661 32492 4674 17232 7308 8672 2414 32844 32604 27758 19659 20085 1227 7935 8943 24753 9190 8792 4183 16887 18266 8994 3186 22761 11313 20774 21049 7743 22705 15168 16444 14426 5916 24902 10507 6267 27676 29569 4066 11909 20917 23843 22828 12838 19549 18754 28611 4089 5705 8932 23562 19221 6614 2269 31020 10637 5966 27053 4279 12816 31335 13576 23713 29238 7514 32618 12132 7182 10289 20311 14915 430 24802 5368 25130 27941 24745 16126 25531 25871 1640 6867 8840 26251 27405 20462 1883 23917 6088 19350 4774 26795 30980 5687 1916 13976 1737 32486 19309 27556 25276 11933 14523 14044 32113 13082 5512 6947 17923 4892 26737 29953 16192 26421 27406 16695 16872 20768 26315 26337 27059 21259 6085 24343 28341 4614 26256 28084 6027 5077 5679 6541 10324 2201 21742 7044 9493 28210 946 5854 23347 5920 28224 2115 6978 13773 32208 31815 19747 2033 29107 31663 14585 7344 30348 21746 25575 10149 13083 15487 4878 30385 16345 20514 6161 4614 8489 3007 23788 28260 28262 16396 10650 1299 31332 23420 28576 11126 11978 20875 22717 14207 58 8194 7817 9843 15141 30606 22019 11166 11616 23858 19300 386 9664 4365 14623 19646 741 4504 12414 19606 6210 4739 5639 20048 19059 4876 9715 925 27675 17104 15944 30349 534 16243 29250 10163 10829 4485 12467 29867 4098 7049 7593 16621 30181 22627 20420 19110 32944 19974 18487 11940 24438 25678 2143 1124 27688 20614 3872 7643 15591 17515 28705 1122 26228 23148 26555 26911 21965 6158 8829 17274 6201 22272 28519 11971 19332 9909 126 22448 3958 8261 23928 31727 17054 5435 12511 17006 10252 11895 30585 13042 20581 10888 23770 2502 23110 15615 30072 2213 7465 3055 6786 6481 1003 28604 17777 6134 13246 15726 30606 21623 14466 25535 1599 24810 3263 27138 30183 17344 6700 30679 31893 14944 26571 19151 13115 16166 2533 31238 9762 30007 3326 9646 21508 13559 2711 9062 8586 5869 12974 3528 9428 28646 21086 21864 27190 30782 6571 10502 1483 23543 5872 21282 10379 2584 7848 29035 30454 11943 27882 22870 21506 13102 21685 22191 17199 10233 12068 26165 17984 3932 26163 15928 17251 29663 19347 23768 5350 12471 11910 8512 17867 14873 7730 31969 20484 20133 19339 6615 19007 17476 26820 7369 9247 17484 27139 6697 14698 8248 25486 7993 7525 16880 29684 4207 10981 17347 11704 7371 13507 7867 25358 25047 10708 7721 24987 13595 24333 13546 15989 14224 9105 794 19651 19310 18910 7398 838 24771 6967 20798 32711 25933 28331 29966 5745 9860 27945 31883 27649 6687 20665 15579 22280 13646 3962 2996 15095 20827 31271 12158 9869 3587 20995 22606 32775 7673 23267 13895 11749 2113 31266 28970 688 7634 26025 26235 3704 19064 7198 10410 23829 20099 10667 2902 11630 13430 21950 12882 23199 15193 4214 22382 10633 6447 12073 17617 11857 13343 17210 26988 29658 31442 1566 32923 23030 4882 16445 28587 30658 3073 16904 15432 5977 23147 10734 9471 13331 17468 29752 32303 18049 15709 26115 8233 3852 19032 29388 12151 18572 3123 3215 7044 25509 7497 19460 1600 3685 21586 30697 955 12137 22791 21161 17259 5509 23474 17186 7085 21306 25873 21277 26953 29306 6063 314 27688 9155 6989 26761 31809 22131 4164 2289 5122 720 27573 14921 16929 27018 8305 20300 8624 10837 26153 31769 27954 9728 13291 9391 12553 29187 13461 32869 22903 15091 29079 5863 28320 6459 1902 3489 18029 10318 20197 13376 7298 23869 27406 13065 19850 1722 21403 10394 18350 23526 31369 18881 9865 29310 8512 2110 24491 15392 16277 15603 2851 15408 460 15650 3708 21881 2876 27800 10624 1194 18721 16760 28373 2120 32712 8348 27746 32472 16893 8501 8011 28532 26236 8397 30639 32510 86 14718 920 27420 11371 1238 21642 5226 32431 290 7522 23895 17187 8948 31543 15772 3989 22435 4766 4907 21407 19587 14013 27927 12719 26305 12445 6285 24181 21900 25666 2535 1368 11121 23007 31740 25945 3327 23404 13166 7599 24751 8148 17020 29485 18323 17000 20328 11753 24967 21688 27072 25792 9151 6855 24189 29686 11479 16393 694 20581 2127 3605 29475 21789 1392 117 12503 16996 1528 3000 22471 28889 26325 13963 5905 6351 25221 29752 8842 20066 14681 16555 25898 31624 19766 7097 30325 250 17556 22537 1662 18664 16907 12396 13750 21512 29975 19789 9312 18813 3463 5193 29432 212 5324 1207 20181 21320 30358 27031 8589 19395 32507 25676 21650 4012 19200 919 2827 12977 13895 10786 17561 28622 31794 4506 21935 25514 25986 14501 8169 17211 823 12387 19465 31399 32394 1720 3616 30803 17248 11418 27769 18220 4439 23485 16628 10328 30429 841 30297 2242 23257 12187 12832 8776 25796 28478 31242 16062 13438 29538 15102 21627 31927 10554 15123 30655 16894 9298 14387 10393 20229 8246 3580 12120 26777 29472 12357 29374 19916 30077 18951 12449 1182 1135 28488 32277 16821 28902 12301 14531 22337 14233 25111 30582 30206 27114 31664 32335 6135 11257 30401 3885 8612 15422 28101 21972 30090 3414 23704 11226 32037 17145 10300 24257 2199 899 12831 753 4177 9351 23229 4786 27891 18778 23679 31297 27048 12955 22591 24122 5089 13805 17468 22996 18521 21633 28375 2351 27731 6135 3219 14063 28521 24002 24619 16760 30123 16900 27766 22124 28830 1818 23130 31980 22320 3176 10728 21561 11473 9231 28659 21831 13625 19053 30796 9727 32029 16797 32219 26968 25815 20502 3957 3304 25932 9871 1963 30785 29257 9161 5198 7385 11008 32625 8635 19729 19955 14986 4215 317 8740 8660 32305 14346 4172 22814 25964 21886 3606 10911 8784 32491 17878 28239 12943 11884 15288 14741 14035 13852 27644 21179 22641 17179 14141 6606 17603 5175 29053 9640 8044 2161 29120 26067 25682 12514 31140 7990 10587 14983 14525 27543 32464 22268 29281 12969 30979 1775 14820 32179 18349 15521 8682 13056 20122 23938 11876 4080 30746 4804 12221 1540 21074 24762 23119 23571 11660 23849 11097 12690 21740 26474 5095 30953 15410 15385 21610 7630 3039 9194 30160 29346 5141 5063 27029 1450 5355 4149 20472 8591 29231 25900 15202 31169 26561 31596 24231 23195 24450 3937 2698 22921 3889 17810 1292 12814 23299 3640 270 306 12125 9620 32008 5717 1517 18726 14292 16445 12727 7038 12275 30372 6756 7911 17797 2166 6296 2294 21302 18656 1179 1924 6393 30916 5587 6596 2221 12761 24633 4714 28054 29186 12071 8640 12597 19874 9016 16077 2120 7522 14666 5596 15723 6412 31558 153 5459 4394 17066 24334 1659 1603 5987 8506 20429 25119 3578 10123 1076 26236 6421 26011 24733 18842 1912 26621 7677 13135 29698 30340 20501 18818 537 16453 16173 6289 25018 2241 12393 18079 9195 16062 11088 11170 8772 27544 12735 24950 7506 16024 22354 7153 31660 23033 6195 9216 21155 24285 5123 27957 17146 7563 17484 22815 4305 2932 25613 5917 15245 6666 9473 11838 18134 5755 15548 19611 15331 15639 3374 22829 24329 18156 30102 28980 13056 17370 5636 11309 8344 25053 19759 2677 29649 25643 12439 11941 18941 17173 21569 5783 26469 30883 6693 32236 3936 25226 29038 17580 842 9055 13701 2111 20535 30408 15781 14473 32540 2751 8386 8680 28551 1316 10736 8232 24958 13225 25966 2648 14921 26035 32368 963 23358 22258 18274 28184 5273 13023 1655 5321 26952 5830 31264 5481 16898 895 28883 22060 4854 31031 9031 12023 14186 24837 3240 15261 24712 10846 14194 3063 31722 12739 8827 18582 30692 26741 6687 15192 9877 26140 5769 26995 10321 19120 5795 24700 26759 22517 27147 3714 5401 13050 371 6957 3139 30254 1746 15135 13666 21204 23380 5219 21644 24924 748 22950 12226 23589 11625 23766 7142 16472 17530 19169 14712 19429 23270 18415 18952 7407 11947 29518 14665 25691 29367 28370 20175 6750 18572 681 25812 3821 24486 15367 1863 25568 24744 22159 25986 27023 515 5862 6244 29093 23782 17069 10313 7470 15666 26645 22947 24165 6864 24989 11714 13431 7438 7861 32647 15140 18758 8298 8919 8180 13575 5984 17540 24704 18608 23100 30277 17744 1066 16141 7446 16148 13065 6923 25341 4608 22527 31860 8532 2058 24325 13178 4963 19536 11393 19708 3698 10891 3015 30118 25600 23248 22965 13551 10787 12308 2379 5938 25806 15645 13086 14059 29700 8001 28374 29719 15045 25128 12113 11174 11044 27885 30651 13918 7966 23867 9294 15167 14506 17462 29141 26986 16801 27882 20449 17757 30558 8475 9388 32264 7038 149 29296 4776 20159 4397 6971 6429 3919 2749 23556 30649 17264 18700 30361 32879 10295 16962 20236 32671 23546 24761 25890 23 18270 27278 8405 21556 19543 9000 19537 3746 12485 10110 18249 16319 22582 24849 9908 31182 2204 23797 1921 12440 13011 7800 23473 18714 30027 13344 8203 7219 28757 24094 1006 7213 24798 15798 9739 28433 4684 25202 16464 12072 32757 15943 25077 17112 2675 19026 27569 6857 7779 30539 1001 8078 18160 25120 32756 25716 7680 11736 9890 27468 23798 24973 12379 24038 26811 32952 27840 27557 18723 20593 752 3278 20058 29168 12401 30056 30541 4017 12723 15516 9912 17871 20500 1510 32863 28438 16197 3427 19965 4669 17694 5623 12350 24690 29707 24594 18541 8713 1237 9769 21635 22707 21637 22805 17267 24812 24419 14563 22327 15044 16808 77 20624 16678 8200 23188 12528 3871 10711 15835 3029 792 13571 11496 3987 32967 16713 11021 14786 21958 20395 23919 6432 137 805 6057 28315 30510 16307 10131 26232 1146 10663 1501 6232 9815 26402 5609 25194 22911 23748 10347 1174 24117 27535 12984 4828 3171 2388 12845 18940 29692 25933 3951 18694 31378 22682 24920 343 17736 25103 13795 7201 29142 1361 20815 4750 30340 26687 1810 2448 15956 260 31248 14371 28350 7282 26376 20652 7986 2319 26141 27988 21693 31716 8968 13213 22145 7080 6822 17241 4366 27600 120 32318 32201 7118 30684 515 25373 16834 4975 15632 15119 26948 14408 28066 22492 15466 8151 14142 19454 31197 21067 7762 31007 24416 15379 25188 29457 16380 12310 4285 8524 25695 24678 7588 6216 14612 19847 19611 7090 11639 8108 27504 30362 12104 5455 5632 31205 8533 26340 22630 24354 31187 677 23914 14601 17288 19175 1417 31609 18449 16912 8070 16735 10153 11151 3619 6024 17807 10764 8858 1922 8373 6062 12733 7461 18414 32177 23999 13555 11292 28880 5105 15194 14756 22298 7592 28361 31099 14699 8414 30773 27976 535 12081 31186 28434 25732 17060 18217 14652 4015 8809 3129 23607 12599 16936 10077 20271 25139 23143 13915 9567 25176 19441 18888 17319 17690 18822 2392 26810 26471 29973 30495 23202 5557 20367 28678 827 26840 27694 421 19175 21608 7776 13112 6958 18056 2865 16811 9191 1248 6582 28381 21059 18849 12993 26799 6310 4790 26055 3312 2466 6377 11028 1859 29804 5662 1791 5408 9634 21551 1760 28143 3576 23862 20432 9970 334 8777 12405 19086 2857 29305 29881 32590 17115 25775 6156 27637 30938 13478 3944 8081 28468 26312 9830 29543 25350 4433 2586 9131 24515 29889 7673 21348 4513 5812 25267 27503 24359 20192 24081 15531 4839 27820 31663 2404 20953 23528 28476 753 26515 28182 26549 21695 20826 17638 27266 5486 13442 21704 32829 4609 31657 9976 5736 16601 31589 5778 25425 14963 5087 23433 17511 1109 2275 27260 20913 9979 10313 18961 22397 23085 6563 9091 5103 3189 42 25180 3009 22364 15509 11364 29733 23858 150 23018 2118 13410 31836 26899 9484 12770 1586 24021 32293 8333 17738 22417 27180 9785 6078 12092 3345 23705 6686 1929 2031 9939 1667 11137 29860 6260 2771 15156 7442 2876 9874 29337 22357 27247 19325 8172 1594 23820 19199 29112 9806 13023 2985 20372 25151 25548 8869 20818 20812 32742 31371 8226 15998 31220 25605 29136 3914 17538 29551 9405 31265 8971 23844 28444 19913 19538 22494 124 15611 8192 25396 25920 7409 24959 16579 8437 3195 5548 21449 25723 5097 14097 4274 24035 29423 1015 9023 4731 21690 4580 6754 15695 30532 7226 29297 23514 19067 19519 20980 29987 6585 21924 32869 24842 20728 823 29889 26136 8386 32838 908 14712 1660 24723 17533 19811 32933 19629 30193 31076 3563 17690 7897 21583 14562 19698 17728 31480 12408 26604 3541 19211 25450 27422 1958 32928 773 14221 23523 9925 21858 30508 24277 9214 23340 1186 6597 449 25451 4393 29156 9648 20729 138 16561 25216 28714 4938 3071 8418 24316 6572 2896 13050 28726 26788 16182 26210 5570 12601 30153 22424 14454 5494 29595 32953 26949 25657 4717 19125 4000 8194 28814 5851 10562 29577 5259 16804 30477 3805 19299 6944 27496 21797 975 29333 2572 19001 22878 4583 22953 14478 20037 13423 29095 891 31383 28416 9688 5471 18986 649 12488 31259 18584 25103 13775 6902 32556 26478 12406 1916 8659 16259 28221 6941 24616 13968 2508 26622 4661 6747 10662 20775 8141 32369 10029 8955 596 32653 31290 15363 22273 480 14159 6339 15106 27748 27819 32560 26401 12415 851 9313 14664 9781 24296 10254 24719 28459 10497 3029 6787 32709 32363 2878 16929 24182 31446 17602 19070 29534 26223 10085 23193 16327 23405 22715 6035 4417 2348 17656 30386 9423 19754 9003 29977 32961 7849 9819 3042 12936 9910 23093 8855 23507 24384 2694 9522 31102 32407 21016 16042 1082 22393 17515 12324 4508 9197 4621 18407 7309 23402 21858 5311 31207 12008 3904 18349 28686 30908 27271 4382 17328 10514 31747 29992 4347 8576 29132 4096 25049 30003 6377 22184 14135 27522 28517 10505 2650 3904 14369 8509 14780 9005 6210 27292 9272 32912 10787 30788 27265 30114 15559 28521 2682 9900 32079 15453 5116 30996 3877 5706 860 20940 13843 3117 27488 18484 29664 31950 7576 13390 1399 8396 14529 28085 15543 4957 17073 19258 11431 5938 16253 29731 12541 11845 1560 21372 11868 26477 28072 747 12482 3762 12626 23328 21944 27369 1487 8384 22169 32132 30448 16480 23788 22680 6411 29172 28440 4495 30639 25904 5320 4484 15659 17837 30686 28610 3596 30944 25314 25839 24144 16073 1210 31530 26344 27600 4434 21316 31592 13906 28471 4444 14809 3566 11724 2875 19876 26713 16034 4950 17940 16902 30166 12752 23575 23914 28111 7062 8495 30960 28515 6871 31469 19962 11144 13000 28739 15873 5804 9391 11423 29765 1355 22671 17795 19925 11053 10531 1306 31178 24097 13383 6425 4064 2734 24791 27305 20137 27721 10261 22932 28325 27713 5797 6595 14186 13302 8262 2874 24495 17640 29670 17641 9964 23192 14550 26764 1218 32602 25654 8699 20083 20473 16022 18221 8017 20009 15107 26247 6259 8091 10981 358 2998 11084 5136 19094 15027 25963 25798 3829 30681 28929 8911 15990 23976 29468 26930 7783 22382 19107 31187 7530 25605 12481 31313 25162 26193 12734 5944 20354 28984 18451 20347 16320 14621 6118 11098 7875 12898 3616 27332 11799 18739 24744 227 12697 29552 25054 13444 29631 23979 5039 12062 23634 516 26848 30069 19389 26792 603 18071 16018 27465 14011 27326 12597 25000 21160 25426 30240 28226 31129 24263 12336 3222 22555 9224 5536 18792 27212 13093 7297 23792 6993 15 19417 22415 23310 32609 27465 24664 6889 21015 26432 22088 18106 17107 19238 22640 3105 32980 5302 9246 10071 10533 9302 6174 15512 24249 23372 8856 5028 30453 9280 19771 6952 260 16435 13542 10826 25395 4396 4545 27756 8774 21242 16062 14294 24858 19605 30787 13345 979 32718 7017 18933 27650 3649 14352 10682 992 23120 9896 23123 8505 16921 6347 18820 5218 19915 14907 19081 20643 1721 6141 26594 8968 17020 19148 3602 9106 20643 18172 2820 6761 13336 15867 875 11708 16434 19154 23187 2963 25720 32893 18806 28295 27830 14131 7683 12848 32532 8620 2457 8718 2430 91 18920 26664 11623 16163 233 3274 10041 26751 15813 11726 6680 8808 13955 27637 29737 4702 23754 4216 13929 21397 21310 5762 8657 26611 23055 13573 25174 11851 26500 22170 7668 23423 32405 13523 2568 12113 24772 1187 10038 19339 25380 12270 30434 26640 6551 21153 24593 4739 5424 5093 20830 23889 20332 27738 26933 19677 9422 18556 17091 20650 5009 32490 2601 27017 12573 4572 21199 23758 29498 12024 12018 20712 6332 21160 26930 19306 28640 19131 10695 23682 15713 28270 22379 4721 7885 16767 20341 32923 28774 31140 8102 30882 24500 4513 27261 31830 32512 16394 20654 13250 8426 9690 5919 6119 20222 12092 26700 1570 4822 19633 15180 6485 18860 29265 3027 13013 18012 13942 10063 11242 7074 4055 2267 17876 245 2671 29005 12598 17163 7407 15460 10802 21481 31453 11539 32743 29684 175 15247 10882 11135 15193 22172 10534 14410 28412 4095 30893 21985 20930 10285 10639 6382 1497 11630 403 29394 10860 8286 6246 24706 8835 26988 9290 463 1129 28356 25811 26651 9973 14140 31793 7877 21934 15681 15943 17217 2481 8801 24350 15478 17227 29348 26744 10741 16101 18820 2694 28540 1651 17464 21675 11450 29714 1622 13235 24409 22253 20124 11930 18655 3540 28293 9386 8014 19659 20908 32698 21563 24178 21720 24350 12072 7371 5082 19076 671 14209 32090 8840 28331 5009 16754 11877 3027 25537 29858 23180 4423 3421 6275 8140 26659 24094 24351 25845 13846 19669 15912 24519 19935 12927 2354 9873 17636 4798 1130 21948 29926 8934 7007 23928 14221 5366 12766 31013 26314 7032 19330 931 9616 30737 8242 27245 7043 29625 27410 23889 2023 16286 28172 8328 15504 31936 16362 6999 23221 18955 5203 31603 1101 25307 4206 11893 28295 1501 276 13150 28098 9964 17682 27806 1324 7273 18624 17835 18740 6321 11434 15517 14499 1068 10184 22321 20922 32387 21611 1038 6156 23017 12781 12004 18193 32938 16496 30225 22170 7023 5819 8158 7130 26730 10652 14190 7347 7364 439 1287 27501 8260 24039 12070 12977 26829 19269 5714 8857 5938 21364 26152 28189 30209 29645 18228 21805 17676 19867 20241 15528 29649 21852 24625 2968 21918 2474 16089 21005 26701 9590 25234 8137 26935 8984 27975 32282 28883 10560 10998 12717 4669 26353 11709 2480 12661 28104 24119 25155 13616 16479 25486 14256 28358 21759 12374 5656 5897 11519 30690 18687 28261 28509 30941 24020 27005 30066 27354 23847 17089 6491 151 31577 5670 30548 26778 25565 1143 3359 19642 1995 26081 31694 779 23083 18505 6341 25452 7085 14788 10055 13398 20526 10367 29938 5919 15186 8898 14217 27535 26785 13255 10292 15737 26819 4834 30273 32441 8491 15515 8164 4209 26957 28562 20993 20010 23601 8563 28568 14850 9962 2593 27442 29489 29334 26856 14914 11710 23774 7094 25892 859 4441 21033 31715 19664 10972 27266 15513 30735 1651 32741 22494 21292 2924 26812 27235 8798 2052 21277 22835 26367 17533 1149 8655 27487 29566 31967 23777 16729 8895 20876 22353 20672 18242 21905 29595 7878 19028 20360 825 511 12296 9608 8870 6459 15085 29796 26686 29822 9091 4828 18961 19876 9020 15206 26875 1453 29849 19387 9791 27183 19623 15446 28574 24007 28346 12338 12575 3434 19097 15497 24739 32268 7067 1953 12934 3834 24658 19087 192 5340 3472 554 28041 16471 27315 11177 5720 16246 29264 17057 29761 12138 2806 27416 3417 17011 6441 27312 20724 27698 30961 16066 5802 32083 31323 4822 13391 15429 1284 18232 15604 29166 25455 10694 6640 1679 20890 64 31756 980 331 7450 16074 27252 21331 5479 32196 25033 10750 2831 14771 9269 8557 10773 24348 17874 32048 14762 8115 19866 29167 24896 23187 4083 31859 10199 8438 16382 19196 4696 9581 17659 23113 10641 19491 27155 516 5458 19734 4482 23251 25992 27841 14638 31792 9620 2609 28518 23440 26513 11981 28969 9816 32260 10657 17386 9070 14219 23186 6319 26133 27633 15075 1744 4718 18027 16616 17544 31275 26633 27434 4976 21122 27840 18663 10375 13655 10282 11395 6651 28667 10910 929 7559 3783 2100 13433 23644 17987 15285 1420 31055 25135 7406 847 2653 13024 933 22758 19475 27874 6453 15630 24886 827 9918 16440 27190 14182 11048 14777 21040 26357 11733 9167 13123 3170 9130 13634 11137 29153 10826 30348 7037 24157 1856 26162 3258 32400 2921 6111 30766 7313 32447 13982 26435 25202 18477 21619 10656 25328 127 7078 27255 27855 10849 1244 11719 8226 26081 18853 31093 32229 19740 373 19136 10613 14121 19155 8878 12925 19991 17458 22718 196 22355 16682 14327 2958 21576 28179 14778 28116 10223 5708 11160 10743 18688 14893 12977 17817 25855 22068 5134 21641 22974 52 31522 18596 27946 31885 14642 31758 18650 32294 2893 14589 7241 3738 18275 2945 13954 8093 9144 9053 30597 1869 9917 10035 4872 28846 13099 10237 13465 15848 22094 29030 26803 10768 455 12717 15256 21603 16479 18678 13339 29146 28116 18102 1190 6135 17870 28696 24708 23062 15671 17467 23598 8460 9015 10962 19446 12235 32003 9000 14252 16005 32288 12738 16347 19818 32279 24422 2239 953 12593 4591 32919 9728 23706 12940 449 28015 25824 21575 4790 28772 15528 27282 14757 19140 15621 11171 12561 7809 11885 18302 25359 31436 24555 14556 18394 19189 26755 4167 16525 25021 15049 580 15510 27235 24570 27613 1776 27509 11336 19704 13973 31429 15484 13836 17064 8325 11616 152 31237 23120 2602 12588 2600 20266 10950 10255 696 7312 8999 5481 22749 27459 26730 26135 5986 24067 16538 28248 8595 2541 32548 13602 29844 26816 1663 6984 12738 23649 9525 15747 29766 18089 6368 10411 7246 16256 7377 15218 3865 15255 19358 15992 32900 12483 21520 27409 1051 27562 27342 10146 27704 3825 8694 3501 21384 16173 6063 97 27430 10090 29607 24786 24535 32923 7266 21134 32852 32946 1594 9132 3948 32502 7928 26161 19487 21353 29370 29919 12522 2599 32447 24392 25890 20361 17450 7455 30486 4818 27941 5164 1131 31774 24158 31924 24056 1372 27511 27561 3923 20775 6069 5969 21460 6717 30547 7947 8669 8832 20217 23399 27628 32545 15128 11218 9046 2965 5242 4567 31404 6611 16478 10133 10509 24494 12398 12964 6884 32107 32802 3298 13375 20872 10611 6602 16128 4974 7781 6326 26914 29479 9134 28140 21812 17963 650 11129 28493 28183 10800 3707 21703 1166 22965 16298 24181 14912 8266 19080 2097 16699 17183 30868 28089 24342 11625 15149 17162 27917 13133 18448 704 16450 8018 10479 9241 27938 14200 19815 17323 27245 21721 16032 408 5148 555 19439 20120 29359 10710 9732 13649 13890 656 20960 11775 30430 5594 5862 15851 27694 23504 32699 25378 24650 28292 24468 28518 3966 15088 29441 6388 5406 31793 31937 9098 12805 32696 18823 30353 30614 12144 13768 24 10216 22966 31037 12962 28301 29272 5504 31163 8694 31251 18858 10072 24984 3737 589 22445 16559 18141 17335 2574 13776 19256 18902 20151 22512 23670 1237 1563 24941 6904 15495 8925 4627 9644 25457 5497 5334 16425 25243 30720 10955 19736 6237 17058 31119 6003 5690 13163 9742 420 27195 2805 13484 27527 6189 15965 20984 3975 24761 919 23336 20070 11069 4647 20500 2780 11055 6429 16310 22960 21193 5343 21146 19752 13076 18594 2800 1313 29566 15897 28928 8285 14564 3144 10338 8506 4501 4906 18751 18115 31271 7400 1091 32843 11811 30287 16468 10069 29314 4224 10663 5851 23239 8826 20352 21635 25816 1951 32609 18306 22791 23668 2311 435 14173 5334 10432 1191 17490 9027 29662 7142 24859 10298 18362 13705 9576 4964 5929 464 16550 27575 27404 18149 15126 3914 9656 10085 1596 28975 30895 5722 22568 19337 32886 19644 26583 16193 13760 26623 8204 27927 5860 26629 20652 5395 14599 28492 11973 6251 17181 28463 11929 15470 27798 12171 9659 32599 20704 13992 7550 11080 18399 5399 12979 21596 26847 31116 8361 9274 18522 445 2124 32188 8200 32611 29086 21686 26297 24980 30949 7201 7101 25403 671 16836 5587 29941 26900 23031 20048 30487 2217 21422 20491 30338 21129 16342 31500 968 5706 26755 29818 8529 7658 29931 28323 1709 1432 8083 15810 7044 2787 16428 10718 15793 26218 605 32332 4369 19269 9573 13155 15645 19405 7077 8310 7551 25089 23071 25151 27954 26512 13281 13391 28084 28350 29773 30794 13678 29363 20958 13792 22373 20238 1474 14476 6530 29348 26015 10120 18429 12638 7887 15817 24331 18354 8087 14378 4353 8618 15090 9112 5573 29145 26652 21018 14526 29427 21244 981 5329 19273 18533 23035 5803 19628 27321 16663 7025 14141 28819 4474 3988 22855 31506 6422 11225 25360 6908 32346 20009 9056 27750 8538 190 11864 32949 31964 22389 30691 6546 12316 29956 11805 23550 16023 17759 6277 12151 32522 15533 26390 9461 5779 15832 23372 27684 6613 7389 27794 24105 310 4072 16975 25974 12672 18573 20292 21855 23950 24570 26559 20656 9027 24273 4706 129 17784 2511 24787 7065 6005 9745 10590 13333 17111 29788 7556 30878 3494 19557 23474 11372 22186 15003 23722 14085 32039 16032 31474 18901 31902 4990 12530 24020 32315 19424 30741 23165 30717 15461 1580 4563 18940 3449 26489 3211 26170 21753 7822 2063 751 26332 20873 15576 17638 32810 19049 22476 19789 1438 15518 4462 10562 27314 17963 661 8535 18042 17370 10473 24437 1145 22016 5609 31022 23368 5239 28877 12422 23807 13036 1056 25147 30142 1152 2920 5582 8198 31736 2791 14932 24367 13423 19556 20013 8459 18875 3809 22735 8932 11100 6357 15453 19462 1055 10264 28193 21803 7450 26198 25301 26560 29811 1148 30767 24128 27475 1518 28693 26034 22558 32564 15926 813 26682 12711 7995 7204 25788 29795 3393 7775 5099 22338 10955 7461 12557 3921 18079 32460 23518 25364 15628 1225 20778 20717 30473 26230 26654 7728 27538 2343 16670 32711 15016 2285 31344 7657 3706 12060 22285 32382 2455 29435 11275 29477 21185 8211 12953 14272 5665 5228 19092 24059 25692 28237 14860 23400 22480 22952 13383 2817 30456 17461 9305 21791 27631 13228 11315 21572 10293 7239 18522 13943 447 2489 22189 10734 1199 14803 28576 15322 2189 1907 27153 30138 25167 25155 32686 12767 2640 22813 7230 10703 15523 22636 27608 27937 18984 12443 17867 6428 4892 10316 15648 28365 32429 18989 3437 21466 9083 16915 22012 30899 6514 30521 8707 8703 28921 29087 32756 3101 19287 27308 7583 28444 9691 28593 12696 22005 29033 3700 20504 11982 10790 1028 23340 27272 17665 23728 29750 22796 25713 4340 29153 22689 10592 25982 19390 18779 16398 25711 23174 10955 20962 5657 11576 12128 7727 7103 9740 20840 10378 32796 11127 29838 29272 2633 11822 24848 1365 9660 13286 26378 15769 24262 31993 9358 9224 3095 12953 10519 21352 4846 27384 24711 18940 22642 18130 484 22308 10868 23064 32164 3658 23829 8572 4394 24806 6156 16246 1859 5915 18650 13856 23917 18582 30903 2490 12631 7357 18245 17943 3640 28702 11829 967 1726 14453 3559 28832 9783 5961 11859 16387 2499 12309 27836 30117 21517 9745 124 12394 21328 15498 4668 7986 1521 1183 12673 23463 8941 2747 8884 27726 15064 12455 31208 24864 17440 18156 13634 7146 3154 18280 12325 31508 23782 9750 14495 1354 5815 15221 31858 3035 17394 23503 15427 5385 6056 19606 27445 8819 21249 9994 16299 11097 745 15953 11173 2451 942 27361 26213 31340 19757 14226 2063 22571 26530 3698 16579 29258 5743 17714 16571 334 9800 15208 458 7417 24666 29882 2477 8301 23750 31401 4137 13085 23962 5391 4611 28758 30124 26724 1363 1465 4200 16233 6829 27297 8850 16734 11719 10781 12331 27691 12289 15035 12321 2164 2211 23609 6398 938 8299 352 32127 21925 15541 26215 28614 10954 3291 18734 20071 32385 3792 29101 32809 17132 31769 23521 22498 22718 14628 16607 18719 27981 32267 6211 21544 4936 11885 19160 14054 23343 29402 25559 15106 19472 3846 13465 12384 7083 117 9081 10424 599 28842 4212 9749 426 14591 6432 15031 21283 3329 21314 434 27548 14153 25703 22863 31144 18237 14055 4729 22411 25479 2971 5449 2377 5824 32881 31952 14805 6719 13245 18137 12377 3628 20953 8473 19237 5548 1582 26221 30751 21722 17879 28290 18738 15990 32050 21380 8366 7734 5859 26314 9670 17941 31240 28088 9453 24460 21402 4106 25629 22086 31123 16475 5223 15849 3355 10016 8832 20023 9966 6328 15905 3326 22291 17598 22584 13277 17032 24651 26672 9085 29860 26323 8382 24003 21679 22038 5557 29029 32974 31593 2225 12783 11542 29087 15907 8592 15972 22960 27766 8759 6717 32989 19723 19417 20348 32116 20172 15123 3977 4320 30541 14012 22776 23784 32771 12253 17981 14422 16116 23168 29551 19987 8965 9731 28473 22397 7384 17777 7295 2601 3225 32704 1656 18429 25073 18377 31126 17536 15001 93 2256 78 19543 8044 413 23215 25624 12799 2119 3807 29633 21045 11094 16075 11922 11430 12118 22254 21775 9248 19628 8072 23542 992 22990 13352 30178 23574 17792 6234 23082 14591 13357 31649 17744 12904 15467 6560 7016 7957 25513 27946 4399 24118 31542 29555 16788 21474 16147 10187 12684 25568 3156 18465 2041 13807 20951 20095 29750 4508 13358 11989 24954 31994 27212 19666 15531 24546 26757 20950 3076 28388 16034 1945 29886 316 20455 26936 17204 3976 613 22035 8878 11435 26605 26582 13139 30367 29636 15275 4395 24673 17396 21672 19386 10789 1982 14863 5476 24326 12450 1033 26026 27404 2795 10629 12353 21008 25210 8945 51 26046 23493 11331 15817 21828 24732 31092 901 11242 13304 16962 27023 7140 32026 13362 23559 30011 11964 23644 17683 22848 8575 16573 12392 5855 31934 13132 3714 9210 24129 30737 13532 4555 15939 25503 15459 3777 31379 28894 21908 14341 12698 32587 1847 19792 29847 6827 606 3515 5726 20818 3270 16559 28423 11660 26160 21123 20421 27570 12954 17190 32175 21767 32344 17165 16755 25500 10175 1686 39 27023 7235 1681 11664 30098 982 24408 32820 10489 861 4865 12054 17401 10424 2352 7296 5453 12792 31239 18085 9250 3148 30656 31545 26413 27392 12045 7894 32971 8107 20754 3160 7663 10320 9026 27788 30369 27345 32575 14594 30654 21311 9476 31627 8338 14393 23269 17665 15088 29048 29763 22636 21479 13398 28220 4046 3038 20728 26146 29790 21167 6229 26944 15820 32943 4724 24318 427 26226 21983 31370 18210 15948 32487 16922 12534 4850 3586 16714 22925 83 562 23054 8928 28501 2914 26498 31782 20572 12880 28356 8152 26354 26617 20709 30877 10801 22562 13273 4263 26200 16895 17563 25181 17438 25347 19817 19558 32741 26365 29743 11112 14557 9396 29175 24358 27135 5979 2217 26647 7332 8963 25621 30576 9532 19788 21436 4128 31364 6835 11113 2045 25179 6967 19909 15216 20390 11024 11112 29536 9557 17633 16819 5844 26095 4731 2190 16784 6353 6950 27941 28447 10979 17974 25459 6544 23510 11296 4312 10720 27140 32510 27754 17455 17456 7634 11345 19345 11529 29830 425 8438 15377 30708 11474 17478 23067 11920 26945 30038 28391 21715 9601 2604 28774 23239 20353 18726 25106 32884 15105 9272 20280 11837 17558 21476 27619 16538 14660 8763 7910 32312 24287 22543 26626 11811 24743 22342 15241 6675 22044 5017 5716 24914 22569 2668 16074 4869 30133 5243 10168 255 14480 9807 3588 27438 19636 8950 8366 25392 9886 8634 28467 15705 14397 4621 30244 2997 32455 27118 20454 23351 20321 19551 30424 27870 20436 11851 2136 27759 13527 29217 23021 16279 3699 29174 5881 992 15911 10408 20860 26148 15637 27910 28234 7534 8304 18609 29560 61 31471 10884 16480 8398 12097 2378 2681 10557 541 3539 26973 26029 5452 12695 11454 17272 8741 10664 17365 1863 6612 7182 10510 24819 10335 21009 25704 25873 4119 21316 13122 7943 18405 1511 56 29054 6025 12268 26462 31096 20017 3111 20897 19496 26296 31329 26482 16420 28914 7458 6163 31790 30300 16486 15390 15988 1557 7155 12579 21045 30 10030 29424 7147 22549 8641 17196 2810 31164 23496 14923 27662 24055 2841 31267 7757 15056 19457 9976 15406 17080 4003 11543 10569 14112 21556 32244 590 25366 29995 32870 16650 4631 10599 28714 11101 7301 14678 9522 18260 3445 2656 25085 25352 30492 18325 366 28160 26249 30000 9423 30802 14862 20245 6401 25101 11152 29790 15430 32711 7522 3408 24311 6496 9064 3090 21248 9409 26426 16706 6145 3796 4876 7199 3095 4984 25702 18596 405 28273 5085 23507 1727 8017 5911 8339 10775 9620 25904 5238 14357 22788 10928 20460 16326 27717 29804 2598 14178 13715 20531 19447 19989 11746 31854 27907 20401 27413 25683 16223 29236 14473 5250 8816 7719 16504 18717 26971 31670 12919 31106 7962 15269 9732 15863 23649 11502 15581 4231 3621 25098 30764 25783 10635 22346 25981 2139 31396 30487 2995 20121 17529 6433 25064 17084 18935 26588 24989 12413 5626 14237 2883 7293 10035 11761 25238 20991 32382 625 18038 30342 31726 7837 2064 15564 27980 24909 19375 5726 6609 29173 9138 11093 22500 20877 12468 12275 10930 17039 32943 21707 12066 13372 21113 5310 27114 141 10999 21262 14822 10761 2247 18199 5967 25533 11222 7623 25677 4661 12848 27992 31978 2391 20043 10193 23540 11482 635 26944 30711 5075 7029 30221 6641 766 3081 4774 21821 8522 29044 22269 24552 11457 10291 8398 12770 10313 1678 23418 19402 6353 27224 30697 6193 2662 27418 14960 16154 3147 8229 1249 9685 29861 25439 25104 32974 22750 27238 2089 8122 20382 5235 26832 6314 27556 12404 10375 32610 3299 20410 15893 19558 11644 21050 25335 15998 18439 2832 17724 5578 1918 15467 4226 32537 3408 4972 27165 17237 21103 13575 5552 7827 17752 20620 5808 18356 4500 19953 25469 27830 30486 6302 8023 17555 13902 14068 3387 4967 16442 21909 23539 13823 13598 11604 804 10434 23691 26177 3246 13929 10365 18705 24469 24579 28642 22462 32240 19911 18563 3222 25939 5930 14386 17316 5773 28455 6100 30735 20512 16119 17149 20559 19147 10931 13051 7356 7823 2098 18432 23319 1574 18676 13556 32303 28574 13940 5461 26579 31253 2758 6718 7454 3019 8426 5438 25432 30130 6115 6041 26026 27579 13114 28846 14036 6044 32815 8410 26094 13740 241 29298 28888 29667 6456 15256 6939 30236 11191 6975 25730 7375 26834 25616 22013 20026 17788 6040 30352 15615 2614 19648 10381 28167 5134 8964 9823 937 184 20537 1078 8838 15857 18959 14416 11966 8530 19617 21015 4668 27348 3025 31025 25879 22638 31146 17331 28464 14993 22699 8856 15561 21266 3437 32902 25671 13395 23109 30956 14790 25917 11842 28765 27629 13848 29781 3839 8717 4340 23943 27627 16674 31364 24654 5206 4604 24044 26889 15628 8045 5127 1679 4461 27072 6194 27648 11291 5001 29683 13677 5773 25314 20337 13737 5743 9598 2321 5865 29819 27431 11208 798 14988 25539 3803 16383 20977 12321 32012 21112 26627 5457 20953 28589 12052 4668 32711 12200 756 1890 25837 11146 7203 6172 30314 21584 25343 3430 3737 18279 9189 25152 30560 21116 24432 16365 20563 2617 31116 31407 26103 4392 31730 8258 24657 21084 31451 13214 32244 9096 3106 22704 20104 24906 19107 14372 12096 17167 9090 25313 12865 27286 26414 21530 19748 555 4725 19596 20334 24624 21379 5966 14461 1600 21954 19553 3853 24490 22319 21286 9454 15706 20543 18949 29594 29348 15066 26943 26203 25935 18174 27102 16535 30669 30377 8598 22990 5210 7098 23578 28098 19680 28878 18626 22330 13875 17972 7852 27256 26541 7200 25955 23852 12935 19642 18877 9177 4564 11175 12561 2781 18251 30282 652 24135 11562 30850 5230 27184 10968 28597 16643 14529 23038 27125 2895 12437 9576 9772 28718 10931 987 12239 29547 2887 31056 1767 29582 9209 17103 23999 6420 17563 930 21407 1513 25410 27180 27096 9542 26673 15399 9703 4235 19854 7398 31747 27592 12115 7055 11869 9584 31599 21889 10527 5740 4967 29860 8431 20400 9766 23271 3820 4702 18400 3497 8172 28195 25881 21217 12028 1612 9527 26276 32049 12577 18773 22325 18115 32526 19286 6350 1725 30189 26763 30929 21705 21035 14337 31736 15997 11758 25709 1692 30860 22276 14691 18187 5459 18175 10655 31054 17282 21307 9099 16345 12981 28412 17041 27830 524 3111 17863 31288 8950 23585 16096 9427 28300 9043 2765 10430 27703 8837 9610 24177 12453 4418 29952 419 5740 4907 5538 20143 7055 31788 7644 24902 8469 12923 27421 28828 6457 32 25200 11646 8252 23296 12130 836 18488 27875 8369 12295 2377 8365 9873 569 4648 29497 4077 7369 29572 23265 30520 5979 17108 14366 965 13044 26814 30676 2194 26258 15712 21471 15396 506 30736 14385 30642 2818 1859 31820 27255 22613 21038 20501 31551 15141 5587 27425 12594 23584 3920 6975 30074 4153 4089 2464 27801 31031 16608 6214 13091 657 3486 15486 22602 22847 23440 8213 6863 25743 3531 4499 10692 16112 25047 20677 15816 19048 25419 31016 25652 14141 30537 29413 1821 8446 17520 30153 26316 10963 8733 24576 1996 23938 18521 8698 365 22432 25823 28206 14719 9463 2046 19129 17469 15422 30434 23814 1150 8823 9770 21275 32984 15232 26254 19399 22198 19215 32479 996 31093 7061 20915 7561 18499 8290 14040 23219 1595 28172 15171 18619 24810 3912 27098 32177 18485 32927 2494 563 18898 25314 29890 22413 6824 671 13263 18592 7352 14580 23607 7059 24520 19467 30939 31246 312 21372 32405 21898 30098 30481 7512 28993 1984 5083 6183 4502 1921 16018 482 18324 23638 4704 27478 7232 9957 28024 2123 27222 27333 28903 899 14187 202 6278 2437 14225 26470 6650 8153 21285 23203 14990 12561 11711 30072 13492 25767 21852 616 18281 23642 20894 20364 22918 8043 27386 21468 20314 12500 11436 24759 19998 19308 18165 20018 29294 10341 17980 3944 28616 26086 4441 20082 9511 8010 12132 20427 7356 23842 459 25012 25795 15962 32842 31921 6497 12360 30937 12612 30395 18453 11769 28399 23944 21281 18455 4691 32385 32242 28724 1422 12124 26381 1147 25038 23265 16717 18719 20058 3807 31724 24583 27014 5860 16269 9092 15984 12475 10268 13839 25931 20834 19886 8141 13154 30226 15924 12674 14825 25166 11518 30688 4522 32885 17814 19123 26170 4861 15802 18946 19351 10638 20079 4182 24802 17869 28626 29862 101 18642 838 16166 4663 4624 13440 3043 6516 31356 23124 14245 3152 910 28868 9990 12827 13818 20448 27201 31918 15762 21374 22958 32696 1878 14579 23983 10670 28725 15541 20545 18652 32067 26016 8521 13530 26622 19312 29333 8660 9994 11362 8401 32613 22088 7542 14254 16217 1438 3622 19680 14150 14744 32911 21558 1093 4088 27136 10705 7883 15971 7963 31280 4182 28768 5938 1839 28066 17995 22882 7077 7150 26129 13138 15897 10410 24606 3823 26400 20545 20482 25096 21789 4364 10071 5065 17367 31901 8977 30844 3674 20479 12774 29035 29818 1815 9149 23960 20344 24115 13752 13324 32640 26751 25928 2386 1422 5766 9441 7962 21981 18367 17577 20122 11736 25456 19701 31914 17313 3491 3352 19482 26822 23161 26492 4449 16028 102 19470 26616 6049 23321 2886 7006 3633 28064 31860 13018 18570 1671 21309 17511 9556 20419 12113 28436 25485 16343 22405 25299 32968 13909 5222 31068 19154 20195 21279 20566 28984 5084 23494 30804 2194 15431 24341 3407 32115 21925 13015 22228 3537 16580 27716 12775 32616 3799 10492 30005 18249 17265 18711 25392 15290 20797 18552 32818 14445 32249 26542 6659 22338 6077 21144 27822 7345 3112 27393 25797 28969 21227 25213 18915 14175 31645 26544 23494 28679 5344 5364 26630 32968 5124 20223 24054 15559 19598 3028 13652 15350 25463 6022 8652 32651 21601 8198 16677 26883 13476 24668 1235 11738 22127 8024 2911 28139 10819 23034 28303 13582 18597 11083 589 22239 31550 12255 23925 15820 6213 3326 16849 28180 20280 452 27808 7460 29554 12236 29514 21539 23952 19589 22327 5432 28293 30039 2315 30382 29359 31456 22724 32923 2241 31145 3917 23873 15746 18491 10001 32909 2520 10418 11110 8146 25402 22498 21126 13044 26271 2953 3215 18306 4087 3801 24836 7854 1258 13245 7938 9199 25028 26978 7558 29227 23864 21644 6596 18075 19120 26378 14878 16133 2467 12765 19153 29096 25325 6914 948 26150 25912 3030 26498 5821 27189 14982 6709 12307 2911 18255 5503 1125 26868 1892 29308 28090 7606 22217 2391 15696 7663 23566 15018 14066 31652 29770 2453 19730 10621 32833 28439 2175 26991 5684 20775 20544 14627 9229 20873 5149 5139 18727 4775 22895 19372 11817 16172 11205 14479 19755 5447 19641 26902 29593 19059 18389 22922 20407 1077 29816 31839 17812 11446 15807 22659 13015 13237 30659 19706 31671 4658 26351 10926 8693 23916 22763 30373 21716 24836 23299 25427 5912 26228 4263 13015 31423 24878 428 9467 10663 27095 7304 29322 2667 31845 5618 28214 15703 29099 25435 21132 10099 30275 32750 21516 4709 13224 19724 17203 9548 13171 15293 32484 6196 7593 7068 24489 1102 12866 12051 2996 17812 8660 9591 9226 4970 14928 3549 27803 3935 11695 2667 24075 32926 21217 26477 24166 11451 13239 23521 23958 28531 28486 20786 15619 19454 32213 4512 28370 22642 5350 10613 21895 30114 27259 11947 17718 18966 65 1718 24639 384 21562 9144 12031 9544 5731 261 31962 27196 8506 8292 19963 14977 30860 13158 28434 20391 19761 11501 18557 3343 2668 1747 25494 13874 18220 12298 14791 30434 22479 492 23063 27972 5764 3393 23533 3958 30741 16974 14682 29724 5330 4117 25346 19389 14386 26521 8156 23761 364 4089 20787 652 18783 31906 9389 10082 2155 27827 19369 20303 11952 27578 15060 28153 20868 26260 21926 268 29770 12352 25767 2604 15797 15021 30748 29165 1553 32269 9161 16190 15864 32611 572 16612 22351 16607 15767 5233 32198 12516 13077 5854 8036 28203 26384 17815 24000 5908 27243 2765 12470 22310 10071 9830 3620 14286 23061 873 24554 11626 24765 25170 9752 123 6626 10177 18418 10030 15977 24621 6521 32034 6885 20828 28695 9879 2806 20897 8393 27496 21693 9810 11253 902 29608 2641 12837 30049 22774 3945 16244 10784 32144 11416 25081 7285 31820 30397 12791 24969 32633 15615 14188 20232 6534 12989 15996 3201 19622 18724 1417 24554 29359 12714 31122 5364 2537 4852 21256 119 29670 32091 14918 32272 16389 9134 14527 8347 28489 354 27655 38 28871 25201 14404 20474 11184 28126 1432 19005 14744 4832 11147 32199 11948 24229 24237 7372 10397 27448 9459 24644 8088 6783 5968 14305 32877 24727 23555 29576 31513 23869 31605 18946 31856 1124 11974 19835 20830 15123 19690 6651 16759 1309 22800 14856 7339 3083 16525 10990 24176 32157 9325 30958 22152 7822 17236 4718 6046 30918 27639 28381 3003 89 744 19083 30686 17194 16090 25475 1214 19415 30766 21342 10531 13794 25913 25171 16884 3933 31023 21239 109 22162 2347 19565 14798 15190 24734 18895 9814 30155 356 23087 24615 23569 20558 26106 9880 4531 26249 30764 5511 24508 23660 6235 25650 20544 32027 30868 29711 18554 27370 31744 12468 2912 12453 11156 17730 18252 6584 11213 5970 1656 5551 12614 24315 21187 718 13372 16879 5762 5901 15056 10797 3570 26830 27402 30844 29438 32895 2720 19462 28763 3939 154 527 32418 28973 16201 12729 26457 1412 20293 25771 14546 12520 22160 23907 3530 16269 31656 8202 13408 17680 29260 11541 20909 4147 16093 20133 20804 1766 2188 26040 13804 2878 27195 25265 3179 25132 4172 18 19251 4944 6289 8280 18241 16920 30104 13993 3361 18624 14185 18262 5679 24840 8894 8210 3171 1087 3272 20434 13431 13060 23846 11938 30650 14805 17744 16491 6511 27439 7247 1890 13668 15211 10738 23119 18052 12949 23953 15883 19459 28743 23221 9223 21641 20481 20227 31618 2038 484 25153 7674 32763 22008 27774 949 19260 29825 7887 2329 11713 22553 20246 30078 18701 7444 28487 387 30902 686 18188 7283 22322 11842 23712 15243 16335 24342 7383 7416 13157 4436 28984 27673 23968 27618 21142 12075 31965 1128 13587 18007 5134 4462 15332 32734 16418 27318 17859 21267 2965 17112 26028 2043 20012 15127 12663 17783 3938 22509 29339 10490 7132 6006 32159 12834 7023 6503 6648 12735 24097 17138 11959 15811 6707 2820 4905 14266 2334 21546 8684 18648 29824 12040 8653 8869 26421 10942 25641 30279 25996 12255 20013 928 19638 17362 5278 884 8058 18463 23499 4199 23957 27439 29229 17565 26828 30213 28242 4991 9963 8211 9766 60 20417 15247 861 18569 9466 9028 17059 31213 25245 8723 22355 16285 5406 18598 28235 4319 22515 25770 7621 19148 30128 1742 4315 21840 6781 29666 5510 18621 23566 22893 12321 23251 17977 5536 11552 14406 3375 30971 21669 22854 10105 5180 10817 30507 20852 30743 19974 28361 14347 20605 22810 21630 19891 12485 4462 30141 8253 18617 11039 13280 29956 24391 9302 16309 79 11916 29719 32416 31291 845 1783 30007 32331 28294 24909 8030 17146 610 16066 29351 16610 24527 27979 23274 32425 30922 20444 28050 22435 10049 30479 23784 27191 24010 14551 11951 2349 2295 17652 11452 26103 10526 29316 31286 7104 77 2682 20644 9 7440 14014 13906 22229 15556 22833 3309 28260 15010 22235 8983 15665 4899 21899 11026 11492 25434 29443 24112 30946 31420 17927 30817 27320 10927 1600 1943 8798 18741 10398 16278 12259 32134 13870 26783 32828 22782 3589 29599 22774 14573 23097 29916 16922 13767 6048 31547 32149 5418 15516 27547 2607 27813 18248 31540 22804 18347 24164 7052 9698 10339 4065 20094 10476 28832 4605 27060 10684 1159 5052 16026 27120 32808 25730 10553 20117 26167 18858 30376 26288 6254 32952 17912 9840 15225 30190 8444 20749 25990 9201 28194 29349 3831 14819 32173 24758 10215 16774 12785 21077 22986 21128 24409 14514 26064 26622 22782 9612 16115 17756 25789 22183 13983 24721 18420 12989 28391 3302 17665 9006 12799 22134 8654 8888 25655 2873 9088 13959 29738 4533 10903 25171 23473 32798 8393 12207 28366 26167 24615 25672 27707 16355 15677 977 19089 25936 20162 3535 29059 32809 32745 13369 18081 857 31290 16050 6927 22630 9123 13702 13418 14707 8616 30936 7285 23163 21290 22164 16606 7075 11815 21204 19884 5895 15104 24836 24110 25465 6774 1594 28171 3821 19652 27636 5412 14220 17940 17470 10432 2059 25437 27658 202 1973 14452 18261 9993 407 26125 13094 8775 20329 28383 27721 19043 26591 21487 11032 27243 10412 19695 11718 16174 20946 17346 23592 28064 10663 4079 16130 19181 26178 1406 25438 17412 6043 13856 26625 26085 15048 18954 8326 8761 8640 20078 15798 10568 18881 4484 4938 26012 29956 12708 14512 13119 17614 20542 17376 12547 1565 10674 28841 12827 2579 22655 14650 30959 14981 1646 16214 4763 9107 11985 20459 14802 28572 21761 3832 7194 2079 8712 19292 26020 12929 31836 12180 23746 10403 19379 8816 23892 24704 18094 6583 22572 17053 16837 24837 18577 25680 24161 14895 27606 10557 4534 29776 21234 10188 29937 10883 207 28353 7815 11149 17914 10214 13243 31486 1677 23624 23781 6433 8283 14322 11785 27 25170 5392 30744 6178 28336 30102 3844 17236 10545 12123 5230 12864 21339 1781 2286 7219 30364 13964 11133 18391 10531 971 9018 11667 6514 21768 18520 23975 16557 19915 4258 8221 14843 6019 18020 10869 6844 32196 1406 27515 11564 15382 30908 4012 31262 27077 22284 30522 1398 13950 15576 12622 17541 18395 8968 8515 18354 3280 5634 885 10519 26033 4044 29452 27956 32170 24680 19367 31307 22874 19599 4703 27968 31708 15467 5783 1501 16928 25195 23158 11133 501 27069 3286 2128 31854 18032 14313 17691 27093 12367 22419 19177 4237 19558 28303 7058 3982 32744 14129 31745 14974 12578 19253 14350 19309 17046 7050 10703 8433 7772 20019 20869 16148 18553 17480 7503 26320 21956 26968 32117 4939 29977 2074 21409 21090 11124 15623 2072 18701 19692 6167 29115 25836 22751 24009 20235 30096 27853 28594 22925 4035 6612 8436 21822 30335 23691 26209 17527 3896 10847 10223 19523 22215 3338 28552 5416 8063 32791 17054 8395 16429 14911 2103 12243 17318 26762 22373 22536 355 16737 18649 27610 2838 5873 22641 14438 18037 234 24723 8733 32906 22338 20616 3252 14616 28804 19857 27051 7113 6638 13518 13714 539 31102 7070 29328 1833 11325 4543 26848 853 126 26689 13051 17935 5311 9752 6343 16854 8366 14195 4826 15152 1152 11611 4247 29597 3271 16428 31151 20045 27814 18449 20741 6951 25987 25039 15375 9994 18718 31555 19553 10593 22961 21458 17159 31730 5799 3990 18631 10084 23153 13938 9570 25946 1111 20729 31385 18649 102 2334 16413 185 1550 18960 1098 8925 18100 10331 8852 7440 32015 21274 15640 29557 5294 18978 4749 6442 23090 3313 12208 31269 24217 24642 7349 27387 23933 14487 21680 6833 22951 29535 8567 29158 19389 22301 27188 24370 11329 24282 5225 11263 14448 21921 18416 15956 26415 13055 4878 11456 27447 22983 5384 14702 26182 9556 9298 12696 21880 25403 10157 31331 18858 6439 16869 16404 17354 20810 8458 25607 22666 18430 21021 9565 23334 26684 297 2575 32339 23314 14634 16552 23038 12874 5418 3494 17249 10010 24799 11249 4183 401 5033 18597 15031 13184 8040 15848 31794 4433 2438 17228 1165 3556 15177 759 1955 20290 3597 6399 27022 11746 26354 30232 1164 19694 15015 26779 31789 26798 8208 7141 14863 14648 17262 6202 30750 20221 12805 21392 28383 23335 21027 8686 25220 9877 27361 24255 30133 12750 13971 1483 22266 31445 1893 26774 11006 20851 16727 1145 4082 24500 12583 28123 10630 8460 13678 2428 16731 5250 5447 13790 30267 8638 32170 26830 11972 18493 21646 32628 2924 1639 4113 14062 9446 17600 30998 5490 17882 1773 3215 28839 31437 12349 32507 17455 8565 20947 8868 5198 18713 9118 2883 18805 16312 21934 805 11657 10396 22612 6697 32582 2981 6521 31396 15092 307 29099 2956 15109 5132 6736 27325 32422 2208 14627 7547 7075 23321 24672 3708 15418 29027 22260 30560 12687 15458 16995 29945 15222 24587 2068 30072 20197 29812 8041 3733 4948 25012 26638 21543 14408 30133 32524 32292 1108 21625 10434 17604 29701 15689 25955 14820 6843 16168 5046 12028 22125 26730 10175 19047 8940 28903 27361 9913 22245 23502 18827 3962 15920 26139 4564 15599 19764 6431 10798 4132 24303 1295 27382 2362 26502 20958 22236 9593 32993 18710 12682 26539 21439 14752 7214 30024 14669 15286 5727 22459 4646 31566 16973 16648 10129 1254 27784 1188 18271 8267 28741 14973 9119 28268 9619 30920 12499 16952 20177 26498 21634 32890 19015 15135 7336 13456 18120 25931 15903 1467 29592 15718 9391 18664 32292 16678 3586 14156 13359 24497 27871 634 3289 13755 28917 29057 27897 13758 168 20897 25711 20968 606 10020 7120 14182 23391 31339 4756 14116 6579 9468 3689 5484 31677 9485 29194 18494 4677 705 12886 15752 9750 23122 23449 11573 22801 2012 2198 16311 5406 29494 27136 21727 4948 27675 27015 24329 14978 1910 26039 21262 19351 8908 389 30051 16077 22471 14247 21796 17766 13865 29574 6262 27647 13605 1235 8432 2637 21113 15667 2812 11999 6603 10680 8345 9683 32702 18523 29098 2252 23810 5437 21004 32021 5649 23285 11775 32448 17569 3598 7167 18077 29257 30549 9309 13624 17599 22046 25496 15884 9286 8860 22288 2385 15931 4861 19309 31753 840 25739 4470 27185 45 29715 11426 25000 16754 13739 5507 17585 18261 2285 28992 4311 7686 12291 27556 15738 15659 30134 27353 479 813 23297 20610 1021 5320 1545 24777 23747 31341 12687 211 30360 32884 22900 28557 22849 10301 14978 5574 18203 23362 13957 19226 30436 32660 13088 25609 14381 16818 26844 21257 965 28436 18974 30388 30570 29723 32339 12757 22299 13573 27942 32257 7616 13511 3310 3129 16535 29591 25744 1428 23722 26181 6700 27876 14543 27106 30630 394 9935 16548 13956 1129 8075 4702 4572 8980 721 13322 26954 15203 6530 19986 2501 1125 23303 23020 21886 14571 28023 21651 1558 22481 31665 26947 3872 8428 4338 31969 8786 18797 673 15240 5642 11274 6952 1028 6660 25851 19275 26705 11713 29119 24178 12643 12689 2813 17988 19214 6593 2727 7199 8817 19919 30196 10943 31283 11971 9495 27602 6439 11720 3545 10557 20433 25306 18962 1615 29435 19924 12960 29855 824 16398 10802 30430 25550 11547 22683 29794 32289 14755 11127 20119 15273 14305 19736 21714 12725 18590 21957 8168 17966 20792 26481 14748 12798 31557 20454 230 24216 5069 32316 18834 11784 17219 23932 2757 11055 7451 710 15805 10478 29845 10663 14545 23278 1468 8971 8616 23581 20988 23136 30237 21713 13866 32201 26855 11200 2909 23217 32851 6147 21901 11363 12999 19587 15297 9260 28404 18579 9002 1856 23342 24537 8474 17801 5259 8701 15724 3510 15293 27267 18618 23068 9785 9560 7008 19291 22985 11430 16534 588 22513 27321 10205 3886 1969 1967 11431 6419 15707 30101 14090 21682 713 23917 21777 8720 31370 14968 16324 14364 24965 21444 13325 24348 20991 7475 12267 23392 29991 7032 19768 20091 8589 7403 28578 25365 20075 2783 21031 552 31158 32028 10181 26205 21506 8529 2618 13072 4710 10830 27203 4930 12741 7726 8627 22781 5095 16575 23973 8886 17336 16592 12148 15521 26379 8409 18989 1271 13970 28305 31584 22102 5723 1292 14256 13781 10114 32823 32411 11894 7129 11009 10112 12827 28808 21256 3908 6978 14169 21125 14759 28878 25349 1734 2140 11631 27434 9333 12253 27978 9911 21964 867 370 22701 27041 8503 25483 9931 19193 7782 7794 21807 14105 3289 18644 6548 14869 582 24447 31005 7088 6033 2869 22527 4767 4701 10405 24131 8944 6865 10904 2013 3770 4263 11523 30631 19870 6466 26224 19046 19263 3314 28867 24165 10577 11935 11324 31020 31763 16808 13241 29553 13205 15360 4591 6050 16842 24025 4163 27627 18845 11549 16169 12803 27472 14045 5712 10024 8481 8434 25005 16336 14958 15055 6487 3260 20964 28195 30245 9494 31506 23924 23854 28456 21046 5162 19802 6387 7469 16097 6683 4171 18078 25495 9931 18068 8497 31241 18570 20982 12110 7546 23234 11964 9783 14457 26515 24772 1857 10917 29052 24078 19175 20045 25871 17708 19587 20076 28154 12821 19619 25396 25333 30348 16359 6845 5525 2321 27723 9866 30545 26474 5726 9146 5330 1623 6480 27424 21703 31782 23015 7447 26976 25592 11425 16040 1085 14731 31152 1627 1080 824 25844 22806 28546 32209 17680 26312 9775 9668 6628 29799 13727 6495 9621 10574 24332 11801 17022 17518 5259 15235 24574 19893 2776 5765 4585 25480 22240 644 5761 29644 27786 20916 28614 20606 17930 22664 1311 17504 5537 23901 2582 32593 29305 26366 31976 27840 27194 2322 26523 1830 22918 2610 20891 22881 29614 31030 17446 4010 29431 27952 4600 15805 18805 22271 14848 20496 19267 2872 13331 26201 29093 3237 29480 23073 29213 4289 7135 1789 16563 24946 6946 15515 3403 20697 4464 12544 26792 6729 1127 14059 12293 497 14899 25402 9402 11105 13755 6424 3981 151 5408 19223 10372 22100 14643 1056 6232 31551 28632 11251 24734 11419 3556 6635 19820 19021 18364 11324 5750 8378 6 2506 15061 25003 27928 19536 10820 20323 24002 17627 28222 6261 7521 3941 5213 2972 9487 13352 2647 31849 17916 8733 28345 8747 27619 22740 3685 10470 21256 7506 3677 30888 8211 16382 3846 20544 19540 15023 25253 30083 25039 27533 6627 17824 19737 32214 24239 16291 9334 2211 5390 9007 19813 24454 10266 30813 3701 17782 23372 5227 1629 31666 11594 11505 25844 25808 18235 9407 19338 3514 4532 21113 30525 11219 11931 9509 4110 11456 15225 14474 9627 32906 9778 20299 8771 16454 1029 22793 9982 23149 238 6279 5265 16785 13643 11155 14376 19125 21321 8306 9099 23413 6654 1291 25441 26117 27792 28515 27003 29068 7623 22581 8328 24527 11282 28530 16936 10041 2415 18367 23031 10260 12066 20131 19746 2343 24774 12022 17560 6627 11170 17684 12655 13795 14363 32472 14434 9263 30538 28811 11662 18892 5795 12633 28298 14884 19139 21559 25699 31775 10382 306 16965 25615 14383 8362 21889 19881 7775 855 24981 28280 1607 4289 1655 5961 817 9780 28850 24855 17093 7514 14440 26726 722 22255 4871 6417 3703 1005 27732 17996 558 26541 12900 12697 30693 14275 7827 27806 30662 31640 5296 32605 8429 32898 3057 6871 24100 27172 18536 2231 21524 31898 14744 6358 22581 24407 21878 28304 25323 14762 15853 3443 9691 31832 16926 1412 11132 14974 21592 16558 21268 19154 21401 24741 30290 19316 21889 32716 7892 31836 19218 18938 8259 20899 13090 19058 20760 9602 6076 2829 2487 21061 28898 24384 15805 26731 19984 90 2783 31376 6919 1741 20221 11599 28244 6623 6143 17384 5703 28207 20399 7278 24697 7472 26139 19061 20900 18433 17400 29547 26977 1671 15265 28589 32367 7952 1123 27253 32143 27828 16851 17935 2784 5399 13611 21021 9861 8226 14046 17443 11350 17434 27155 10152 22265 28216 13951 22139 9546 15464 7971 5409 25751 30701 18136 6810 12520 28253 23487 2505 9776 6880 1537 26534 15562 21247 14019 17073 26035 3641 15499 19644 24732 17932 17951 4530 30268 10532 14599 24648 22247 20735 31501 3959 28810 19946 7256 8443 26314 10645 24518 6984 26511 29691 27273 8612 11017 18560 5859 12818 9139 15566 15208 19941 1203 9206 6406 16096 20881 15696 23420 31290 2689 14974 13260 31283 1107 31624 27036 27342 4506 18668 3914 31311 10510 29115 11229 15129 14541 27179 5366 19163 1406 27858 29732 15049 1271 28884 6306 31111 12946 529 12404 819 13678 4434 7022 22760 8700 21373 21721 32678 8589 7794 25476 32139 25283 8442 13896 1448 14820 15223 30147 24442 4259 10280 25909 23709 28733 11361 18029 23503 23446 7344 292 22229 24700 21995 31311 23776 2978 8754 4637 27877 16929 5653 18045 28159 12309 19418 29090 9973 21000 16738 1299 6767 548 3369 20694 7050 19739 29655 6069 31409 31145 19494 6958 4770 26952 8901 16128 18262 11374 18702 24305 4117 15187 1894 23812 17013 10000 29883 18531 32311 4567 29661 9744 23590 23304 15165 14667 19471 986 1558 19198 10969 28402 13914 6914 2043 27768 24548 29762 10312 29989 25342 3333 15474 3833 27749 30793 6033 25920 11869 30797 29625 21072 25357 2490 24905 31474 3233 14570 29935 940 7728 9914 29760 20563 29837 6321 26886 5504 7867 853 25867 30011 279 9051 12546 13009 31595 24522 26437 31114 11990 17645 17743 769 20011 8278 18088 25687 7427 2210 17655 21187 26206 22166 11611 19363 3056 13349 29472 7301 28757 1448 5675 5144 6298 9693 
