// periodic
// number of jobs
1
// pi
50
// Cycle
100
// aperiodic
// number of jobs
10000
// pi
14 30 35 46 20 15 86 59 91 84 97 1 62 16 58 27 4 90 33 42 20 26 3 55 43 26 45 61 96 4 97 75 9 10 91 35 29 94 71 3 1 84 23 91 99 52 11 18 42 16 4 81 56 85 10 4 76 42 57 68 4 76 43 39 55 79 90 51 46 34 12 89 39 27 2 68 77 89 62 1 27 69 62 2 17 24 35 26 66 72 23 76 24 89 98 59 37 35 58 67 76 44 4 88 11 76 80 1 50 25 72 47 11 76 84 63 17 54 90 69 88 6 88 88 37 52 44 15 6 41 24 40 75 58 91 9 81 57 60 50 19 19 4 18 20 47 6 23 35 14 32 56 99 25 12 14 45 8 64 39 48 20 62 59 1 28 68 64 79 68 78 54 78 16 31 79 7 9 18 12 8 11 44 84 19 84 94 42 42 59 94 14 40 44 48 67 43 22 65 68 92 46 3 40 11 93 52 95 31 96 22 22 52 85 35 21 63 11 56 18 99 90 37 78 59 43 3 52 22 60 10 40 83 53 77 77 9 81 33 67 30 46 53 77 70 17 28 45 1 91 86 31 34 45 39 96 74 98 31 41 31 25 77 89 2 85 19 4 40 97 31 7 72 96 44 71 90 55 67 78 42 79 30 16 70 87 39 69 69 4 87 71 16 90 40 32 56 33 39 18 22 20 15 84 47 3 88 66 72 70 91 62 58 84 33 79 21 19 80 43 7 54 76 28 88 24 63 56 36 69 15 87 53 35 12 47 85 22 33 19 91 24 91 2 43 16 22 50 45 85 32 86 58 57 5 1 22 4 65 47 99 73 46 90 6 30 49 18 68 45 50 87 57 61 36 79 60 48 61 96 59 55 85 35 98 11 9 76 87 66 18 83 8 80 65 63 45 84 92 17 23 79 12 81 6 7 49 45 79 55 64 80 58 74 52 62 54 26 54 80 51 78 81 54 48 47 59 61 65 46 7 35 80 87 29 33 7 99 11 48 32 18 22 68 5 32 96 39 65 12 7 1 68 38 15 55 45 3 45 99 48 31 81 49 38 1 19 54 97 12 75 89 97 3 91 88 68 35 62 41 9 23 70 7 73 86 70 45 71 76 97 66 33 57 63 67 84 57 43 59 54 88 99 51 92 5 82 23 49 36 1 74 17 20 36 60 44 30 7 2 63 58 33 21 72 23 31 4 98 76 50 17 16 95 3 64 18 49 91 36 93 37 18 93 33 66 56 3 9 19 16 28 89 69 9 27 39 31 94 61 90 85 59 99 97 65 74 28 83 83 50 8 33 1 89 9 9 86 91 34 11 29 85 47 76 62 20 8 31 58 37 19 1 65 75 10 36 7 44 78 73 82 85 33 91 56 22 25 66 74 97 57 14 61 30 26 1 90 81 64 29 64 19 78 29 6 60 42 37 42 49 97 27 5 72 66 80 86 76 84 66 75 15 44 9 44 38 14 9 14 55 95 75 4 59 88 59 51 10 47 6 75 46 59 43 84 69 61 3 95 89 97 60 13 17 94 38 68 99 48 2 55 38 10 85 40 65 2 59 86 19 59 89 50 94 41 69 50 54 61 13 70 51 9 9 3 92 18 55 48 41 22 62 44 3 83 94 43 82 10 40 88 81 74 46 27 15 67 87 81 16 87 79 99 94 7 4 70 77 67 8 72 62 70 32 47 22 78 66 45 4 54 7 63 80 60 74 3 65 89 17 52 42 32 90 28 77 55 49 36 53 86 36 86 84 41 7 16 79 58 4 52 4 80 59 52 76 48 13 39 78 70 45 32 20 82 33 50 49 35 35 20 73 95 91 13 27 16 53 79 38 1 85 26 13 25 34 34 99 10 75 8 43 7 86 32 78 72 62 78 87 61 41 67 40 75 60 60 56 76 39 96 44 10 45 86 55 39 55 56 41 59 78 4 89 76 49 36 24 34 79 25 30 33 19 55 37 48 21 97 10 22 55 53 97 97 89 20 14 27 69 11 97 13 41 22 43 5 74 76 6 35 52 89 38 57 40 32 59 43 66 42 21 98 98 18 58 30 68 12 15 40 20 99 68 5 88 1 30 13 38 48 55 99 72 18 49 41 81 10 16 11 33 70 34 26 23 71 89 40 71 16 39 45 91 95 57 2 83 36 59 89 65 66 17 7 81 99 56 95 62 83 87 78 58 96 46 75 85 27 9 84 67 13 44 50 61 52 35 61 23 96 82 57 30 73 87 31 14 22 29 36 27 5 10 37 94 22 17 90 87 79 56 20 8 16 89 55 79 77 10 35 16 87 72 60 51 33 55 7 62 4 72 81 67 22 54 81 92 97 33 57 4 20 66 21 78 72 79 96 25 28 68 2 76 86 7 36 83 77 80 75 91 28 80 68 30 97 55 80 31 96 65 49 16 95 75 34 65 36 31 84 82 44 26 7 97 85 83 49 16 25 30 11 73 55 24 18 76 57 83 79 70 56 41 13 39 8 5 33 37 57 68 51 41 1 2 59 28 40 63 84 58 83 96 76 27 79 83 51 91 92 95 39 68 82 54 44 33 98 20 31 51 94 20 15 27 69 53 63 69 95 47 53 37 29 83 13 89 40 26 4 86 84 76 79 34 52 34 97 23 37 53 49 29 77 74 33 28 57 55 95 70 67 93 64 36 51 66 57 51 17 23 57 16 57 16 27 67 25 48 85 59 17 92 25 40 54 38 98 88 96 95 98 34 86 39 53 88 61 28 23 22 14 7 60 67 10 14 6 48 78 50 68 59 37 44 73 1 35 31 48 2 81 46 79 32 43 85 88 8 16 96 34 5 22 80 60 79 54 31 41 80 52 53 53 57 32 44 95 43 65 33 11 4 68 27 42 42 48 28 8 41 64 17 9 93 89 72 21 21 67 77 50 89 89 13 79 15 67 86 35 5 6 91 16 33 62 17 7 53 86 91 52 74 30 65 22 87 33 81 2 11 17 49 94 11 68 48 97 33 16 32 11 2 52 73 15 19 24 52 6 41 62 70 31 11 47 85 41 2 40 21 60 52 56 46 35 41 77 39 74 83 60 28 17 45 69 22 66 48 26 68 5 47 23 30 88 71 38 64 91 1 22 98 40 19 53 49 74 82 53 11 62 70 38 60 41 60 91 51 52 1 62 85 62 22 42 73 72 30 76 1 55 58 51 57 79 22 56 66 95 59 22 25 99 49 94 12 94 9 39 89 20 51 77 15 75 54 67 76 6 62 4 31 32 39 9 55 62 55 25 88 32 17 89 82 99 51 98 28 27 25 87 22 30 55 72 48 69 66 30 32 96 2 5 5 41 1 3 96 12 46 30 41 58 91 64 27 40 53 58 47 76 59 62 24 31 8 65 61 64 93 49 55 99 42 35 11 5 66 39 32 54 40 82 27 78 87 75 32 43 61 68 44 18 98 18 88 45 4 1 92 40 38 69 72 64 87 39 26 64 22 39 80 86 81 37 94 27 49 14 15 35 83 28 29 52 47 72 16 29 91 7 18 83 95 30 97 92 61 49 31 86 98 40 92 64 87 43 41 58 58 17 11 44 64 20 84 73 60 56 66 16 55 20 56 44 80 1 47 13 73 70 77 81 28 87 97 79 9 95 8 10 78 15 63 95 68 66 62 86 33 77 44 21 20 78 80 34 32 26 9 71 98 35 6 32 77 20 87 96 39 41 62 13 62 82 67 61 3 48 66 89 47 32 27 9 67 48 85 39 98 50 25 34 20 52 92 79 40 36 80 51 24 7 60 93 31 90 9 85 68 85 27 35 80 52 92 89 66 94 51 42 37 86 37 47 60 89 14 71 71 90 44 48 86 68 4 42 18 1 69 2 52 9 82 16 77 69 27 15 62 2 14 38 80 91 6 35 83 34 90 63 70 9 34 30 89 46 18 63 41 88 24 93 25 14 7 95 59 73 19 96 71 68 45 31 20 74 43 96 34 88 73 16 99 64 6 52 70 65 21 80 74 26 14 85 28 28 84 96 34 50 59 45 97 84 37 9 30 54 82 18 17 46 82 53 84 4 72 9 47 86 30 82 2 55 74 28 82 90 83 71 17 44 7 48 23 95 70 22 55 85 4 16 62 37 75 99 20 2 14 8 69 92 35 90 7 98 99 43 99 7 86 97 45 7 21 4 56 9 74 89 6 21 1 88 26 92 8 43 98 51 46 90 34 86 5 99 72 5 90 79 60 19 17 46 86 52 70 15 72 30 12 88 2 12 91 98 15 42 34 12 61 23 76 49 38 72 39 85 73 48 40 74 88 45 52 14 65 61 44 42 61 62 10 88 73 69 60 13 37 20 58 28 72 70 6 95 72 94 67 97 91 94 4 65 92 14 67 44 72 76 29 34 82 2 14 50 80 67 88 29 41 44 49 27 4 27 26 19 88 91 81 63 33 37 4 74 81 16 97 4 58 75 3 59 76 70 50 86 10 39 43 84 29 94 65 16 98 90 53 52 4 20 49 89 57 97 84 13 96 78 34 43 55 40 2 85 41 71 87 36 3 1 61 55 78 91 20 42 44 99 1 86 17 91 46 47 28 71 52 58 5 5 40 36 16 86 42 78 7 90 13 71 40 30 1 48 59 75 95 71 87 63 25 53 68 18 65 71 86 91 12 69 44 15 17 15 53 80 51 10 47 76 13 37 61 90 78 50 67 6 6 91 26 30 5 94 41 68 47 4 51 34 90 96 48 89 86 47 37 80 7 79 48 28 81 64 54 31 31 51 65 18 59 72 4 25 80 30 68 13 80 81 91 5 16 76 4 14 85 32 98 68 19 63 52 5 15 11 38 38 7 84 49 81 37 77 97 32 61 80 71 24 76 47 20 60 7 12 19 88 53 50 7 34 88 80 7 89 66 7 54 88 99 36 15 18 67 36 82 75 82 6 98 17 96 75 34 99 47 78 74 26 87 86 94 42 76 7 50 51 61 52 24 1 27 7 91 98 53 2 28 54 40 19 87 94 98 42 95 34 79 47 76 31 59 44 52 72 81 59 46 64 8 91 18 93 65 92 60 12 62 28 82 15 8 39 61 95 82 35 63 12 60 32 95 39 39 12 51 10 47 36 33 18 8 10 25 63 85 52 92 94 10 32 8 87 26 15 59 30 67 15 19 49 7 83 24 69 63 64 56 19 72 20 51 11 32 23 96 9 87 85 4 41 66 92 62 90 70 88 55 83 9 30 50 4 1 59 23 47 63 98 33 39 83 81 65 80 78 11 5 30 91 15 23 45 8 71 42 1 77 21 16 28 57 29 78 47 63 18 94 93 87 30 72 11 3 12 88 37 41 82 17 63 29 71 47 57 22 35 37 73 34 29 13 20 51 24 74 2 92 57 56 60 39 69 33 76 70 12 21 81 52 50 39 16 56 75 89 3 80 55 91 20 20 62 9 23 6 21 12 99 2 70 24 52 98 5 46 89 3 92 91 34 88 11 32 64 72 49 34 40 13 8 96 67 25 48 64 39 53 50 66 69 99 94 5 88 47 20 82 93 66 19 24 78 42 8 57 32 85 86 91 14 39 70 39 36 13 35 38 65 87 26 59 44 7 21 74 2 52 6 58 41 92 63 70 99 71 20 11 95 6 31 62 84 49 5 21 34 45 80 71 21 5 15 60 14 30 75 85 37 48 57 21 6 58 30 28 8 14 82 34 53 15 77 13 2 62 72 67 87 23 8 28 35 73 95 40 91 28 14 30 96 61 67 22 21 25 24 76 46 37 48 97 62 97 59 91 36 20 53 3 70 27 13 82 10 40 96 78 65 84 69 73 52 76 97 25 84 38 27 63 32 14 44 54 28 42 26 66 4 61 46 25 42 31 74 56 77 81 49 43 25 40 89 17 55 39 35 23 37 78 40 53 34 34 81 56 42 28 46 8 30 80 95 83 86 86 83 52 87 55 56 27 36 41 50 8 5 93 96 1 18 96 84 25 95 71 76 50 84 67 68 26 93 6 82 40 66 49 6 77 3 80 14 17 94 27 44 25 15 51 13 14 9 85 38 93 96 88 37 78 21 15 63 56 7 93 71 90 72 77 70 86 66 94 52 92 50 68 46 20 38 10 89 55 87 42 95 44 16 47 42 65 88 80 66 15 92 52 42 23 66 69 56 94 19 47 84 4 64 20 25 10 50 6 86 21 23 9 66 71 33 8 71 56 58 29 5 90 6 34 2 45 98 30 9 85 7 87 16 66 23 23 5 92 40 58 5 16 89 62 79 74 61 64 73 56 10 14 83 12 48 85 30 28 79 91 58 95 32 46 85 59 49 93 64 91 27 22 33 31 58 82 87 97 33 91 31 80 41 93 50 40 5 59 79 35 99 43 94 26 47 18 93 1 15 11 90 28 47 53 73 59 61 54 44 44 33 85 96 66 92 44 89 18 66 57 74 68 42 89 66 51 93 27 65 70 56 92 34 4 82 12 14 12 56 58 11 62 83 8 27 37 22 90 36 75 51 44 61 80 10 29 19 93 33 94 33 15 63 33 80 14 15 11 67 34 42 78 65 3 90 73 50 74 47 91 86 81 11 69 16 2 92 21 53 57 50 77 72 70 59 38 28 83 29 49 58 94 65 21 24 71 56 43 1 34 23 23 24 86 41 61 42 17 75 2 32 44 63 13 35 78 13 92 57 43 92 18 84 57 58 9 44 99 50 35 83 67 78 72 85 25 50 3 88 59 41 36 28 59 27 42 46 86 23 9 91 75 89 56 38 14 44 75 77 75 40 18 27 79 94 48 15 65 7 33 86 28 83 72 73 67 55 18 46 32 93 47 63 72 93 87 42 25 1 97 73 4 60 92 99 36 61 83 44 11 51 28 57 91 97 54 14 84 34 67 30 76 41 21 25 46 75 59 29 16 7 26 34 32 64 4 62 95 32 18 88 48 28 90 43 31 35 25 42 95 12 31 69 94 86 55 84 74 78 40 42 61 65 55 3 22 76 76 9 49 9 71 61 49 42 50 41 65 19 15 60 98 46 89 83 34 92 90 58 91 55 10 15 23 67 51 45 56 70 28 16 19 77 39 81 33 46 40 43 15 84 71 10 97 13 9 44 95 36 44 84 55 21 84 34 38 60 58 45 50 94 82 59 8 24 61 92 55 90 49 25 25 62 24 38 95 64 4 82 6 4 32 96 34 15 8 50 81 2 52 3 29 35 19 2 85 63 16 50 83 7 62 23 32 68 54 19 5 78 29 9 31 35 1 72 38 75 74 98 69 56 95 97 46 95 31 80 30 48 33 15 12 20 32 35 85 44 49 25 99 64 30 35 34 22 19 67 97 7 37 59 52 58 77 88 77 70 35 60 44 48 79 64 73 67 72 61 15 1 93 52 51 42 67 77 18 56 2 84 81 77 74 16 37 37 77 27 24 99 66 95 89 90 41 73 79 82 82 32 15 69 93 47 28 77 67 86 17 91 23 18 74 60 99 20 67 99 31 89 1 49 13 69 78 32 65 19 85 43 65 64 87 4 11 48 85 97 71 18 83 41 74 13 9 40 88 36 87 64 98 88 4 81 79 86 22 22 70 22 93 89 9 68 19 9 84 13 23 37 45 4 23 49 25 1 52 32 34 13 91 80 76 21 71 97 97 82 82 58 25 61 14 27 72 25 23 82 2 4 57 97 38 37 33 38 60 96 64 57 80 55 47 68 58 95 76 65 35 32 71 81 3 9 74 31 33 55 66 34 99 64 36 80 71 86 89 31 1 57 18 79 35 11 71 8 11 27 20 68 59 6 84 5 79 31 2 85 10 67 44 10 17 81 28 32 57 71 72 68 19 68 47 62 56 6 21 69 82 17 72 10 31 19 54 24 82 27 10 35 93 52 76 27 13 80 41 6 70 34 96 36 52 55 19 14 30 11 69 5 71 4 22 40 29 66 38 18 5 80 53 65 87 63 72 65 50 72 9 11 37 62 67 62 99 93 83 86 74 20 17 85 54 45 2 59 53 78 72 66 89 46 18 93 70 56 12 77 31 75 80 71 44 27 79 84 50 13 62 49 5 61 94 67 58 66 45 21 98 89 16 10 46 89 3 3 6 54 85 69 52 17 49 44 52 89 91 54 58 38 18 76 31 53 11 90 11 49 87 87 39 66 34 41 71 97 18 71 72 20 31 48 68 56 11 82 75 55 6 41 51 60 50 52 39 15 14 78 15 15 15 25 2 70 78 34 11 90 94 79 61 27 87 46 98 33 71 68 77 51 29 83 85 28 81 39 52 45 69 21 36 6 3 10 79 45 57 98 95 71 68 29 17 91 20 49 80 63 59 78 54 78 53 97 46 46 46 73 27 6 82 49 75 4 87 81 45 29 22 63 40 43 76 28 2 28 26 89 36 93 77 43 63 58 52 58 31 36 35 86 47 25 19 94 5 92 98 59 80 14 54 20 40 45 46 72 92 86 71 11 7 12 28 14 10 34 66 43 63 62 36 87 89 58 78 39 97 99 31 40 15 87 86 77 42 42 28 81 6 83 48 44 89 97 39 65 43 14 13 16 17 23 31 90 58 82 83 66 17 89 12 5 24 21 98 27 69 70 95 25 17 19 35 97 39 34 29 82 27 12 85 66 46 81 56 6 46 93 9 88 58 30 72 11 53 5 86 84 66 70 43 55 86 19 43 31 30 6 78 47 67 81 69 17 35 26 71 91 7 37 27 11 11 54 1 71 40 30 98 97 45 43 52 64 74 10 34 25 20 21 38 30 40 19 33 26 1 12 49 9 16 45 69 52 16 61 12 3 23 82 67 34 68 5 43 57 16 98 57 43 76 90 99 4 27 14 14 37 21 56 4 85 73 78 32 57 47 88 99 49 33 57 18 96 73 73 79 65 74 41 73 92 73 70 94 93 86 93 64 87 66 40 56 22 13 77 16 55 29 64 41 53 49 44 18 11 16 16 11 78 95 11 84 94 54 90 41 3 13 37 54 58 22 5 52 29 70 32 92 1 40 81 60 32 75 82 48 8 33 72 16 67 79 21 66 5 28 32 36 80 52 26 25 24 75 12 40 10 36 88 58 1 9 63 3 98 60 49 48 5 74 32 24 13 50 95 11 87 37 79 80 14 70 67 92 50 59 16 27 7 28 52 61 32 96 22 70 80 11 93 43 69 47 75 36 9 34 54 93 15 44 66 19 48 37 36 79 31 23 41 55 34 63 42 80 28 8 36 2 83 71 61 22 95 92 60 64 16 24 82 10 44 49 23 11 64 13 46 40 75 89 79 16 44 19 47 57 48 45 36 38 46 8 37 53 11 84 47 89 47 53 46 72 34 64 64 42 69 17 80 27 51 67 37 13 78 66 33 95 62 48 79 55 94 95 53 65 29 42 22 10 4 61 68 90 12 40 10 12 93 13 41 35 95 48 27 66 94 15 44 80 68 75 49 22 41 68 40 87 73 78 37 54 25 61 19 56 19 59 89 56 60 6 55 63 43 25 91 47 46 59 7 60 31 70 29 23 27 46 4 21 23 42 68 13 38 74 42 49 52 13 84 41 17 78 83 11 85 34 37 59 58 29 99 69 76 78 68 87 79 57 1 88 35 63 77 50 19 13 36 88 49 68 7 21 96 37 12 68 58 29 56 42 55 68 47 33 24 31 40 2 38 55 26 40 93 22 34 80 57 62 32 23 18 73 19 28 27 34 98 87 72 35 40 31 35 92 83 36 92 5 62 94 93 35 94 72 69 36 82 82 10 12 62 71 30 44 92 8 97 62 38 74 84 12 53 89 13 6 10 85 30 40 11 36 72 74 34 45 43 9 79 46 16 53 89 29 90 41 56 16 80 2 49 66 7 28 63 72 40 84 60 39 98 34 93 45 53 56 60 27 45 2 4 15 59 43 43 32 90 54 94 19 10 12 88 37 6 68 34 46 12 77 59 48 61 34 67 34 2 58 67 8 91 22 94 19 8 20 3 61 41 49 86 79 37 6 3 98 26 87 44 53 75 1 21 52 98 42 39 60 24 25 4 99 63 87 79 72 82 90 47 64 30 94 87 82 74 30 67 15 39 35 6 62 66 70 18 91 45 78 94 54 19 95 21 83 12 71 66 15 90 60 30 48 99 70 16 26 7 39 46 90 43 89 48 32 75 79 51 68 70 43 51 7 92 37 93 74 51 6 83 47 65 82 16 47 55 26 45 51 44 5 50 8 50 76 40 59 35 15 6 82 28 46 76 32 62 86 10 5 32 40 84 47 77 22 42 19 19 24 20 86 50 77 94 46 54 77 70 66 94 95 96 34 25 76 35 3 82 12 36 56 90 44 11 95 22 27 27 97 7 48 30 2 64 33 25 81 42 83 42 31 61 46 94 71 14 74 78 23 27 29 49 62 50 69 13 55 97 59 76 67 21 27 5 66 60 48 60 25 33 88 52 51 19 71 37 89 96 28 70 59 77 4 40 49 89 2 91 83 79 27 17 63 14 84 66 70 65 73 64 23 17 37 11 22 8 4 82 42 38 12 60 29 16 34 14 63 12 64 76 87 97 14 21 60 51 80 82 99 25 81 55 68 18 33 31 74 75 75 19 32 23 55 90 53 38 36 68 54 25 61 68 64 56 75 66 1 86 11 94 69 80 8 15 1 33 22 10 72 11 95 1 73 2 76 13 95 13 21 13 15 79 14 65 38 77 44 54 28 32 14 91 11 6 35 83 12 25 62 22 26 97 27 62 44 26 98 70 12 67 98 91 62 5 67 27 24 96 83 85 54 85 39 68 85 92 34 24 9 5 54 67 97 96 68 30 76 93 98 58 94 7 16 80 68 23 88 35 2 27 11 55 96 40 8 60 28 66 36 25 29 96 16 49 56 70 11 83 4 60 74 14 3 92 51 44 22 86 32 13 44 95 16 24 31 96 17 91 2 24 51 69 36 32 85 93 42 39 74 97 95 10 54 14 95 12 48 62 92 59 21 72 26 35 71 48 39 15 64 47 34 27 80 45 97 52 67 61 95 63 6 35 71 7 31 3 62 48 34 85 50 94 88 85 89 56 70 26 19 58 43 60 54 86 25 19 38 58 25 82 99 23 47 92 27 71 44 59 33 29 57 4 22 28 65 60 9 28 41 85 26 71 63 66 15 72 53 41 78 19 75 2 39 57 92 79 53 53 4 72 75 29 24 18 27 24 38 28 63 50 41 45 74 72 40 30 19 69 38 4 64 86 90 25 45 4 39 39 47 76 48 95 75 72 31 52 64 14 21 75 39 18 46 57 25 57 88 35 5 74 53 72 64 71 98 23 54 88 93 72 50 16 68 53 93 4 82 53 53 42 65 97 2 11 71 56 12 29 65 93 19 23 94 63 48 7 13 20 39 18 51 9 37 4 23 3 40 66 13 33 86 32 92 55 21 13 33 10 92 87 45 86 63 48 61 29 31 74 23 40 16 1 68 24 57 75 48 88 12 80 40 7 71 71 85 75 95 26 57 40 21 68 69 12 96 37 88 65 77 51 47 57 9 38 27 35 39 61 58 34 9 90 39 26 86 49 8 52 15 64 99 83 92 22 99 94 29 54 33 16 56 57 13 61 2 50 19 96 66 8 25 22 67 90 58 46 35 61 6 11 28 20 49 7 54 94 15 72 74 8 30 25 8 5 20 56 53 95 51 89 6 75 11 94 73 91 87 33 1 32 17 46 46 9 25 68 2 97 55 82 85 35 4 5 38 37 21 99 2 10 99 25 38 37 55 35 54 11 12 46 92 16 88 53 92 12 71 41 8 96 14 48 52 58 48 91 4 99 75 13 88 59 62 22 83 69 19 49 5 57 45 79 87 76 18 1 11 44 80 53 75 7 12 67 43 95 28 82 11 83 36 76 96 15 70 12 63 6 42 11 71 28 54 52 69 86 67 62 83 16 42 17 73 42 93 29 84 28 29 22 7 47 18 1 4 25 81 4 37 98 29 43 83 32 99 15 51 18 99 59 93 92 58 47 73 11 19 5 23 62 60 82 25 14 57 18 62 82 41 64 42 76 71 63 29 49 56 70 12 71 33 71 38 37 2 1 19 18 58 10 95 56 82 92 97 71 65 96 32 65 24 36 43 7 58 49 81 40 4 49 80 87 43 86 17 60 89 98 72 11 66 71 59 85 68 91 58 74 85 94 60 17 34 4 67 13 90 9 64 35 99 75 28 85 70 81 98 3 47 50 16 78 88 32 38 81 76 62 73 78 35 11 29 7 51 76 28 26 20 88 89 50 40 38 10 34 78 10 26 83 99 38 45 14 79 41 99 75 2 33 15 27 63 59 82 13 5 56 32 81 20 15 43 98 7 31 14 21 54 83 40 43 2 93 10 57 99 65 60 47 8 74 45 77 3 14 67 77 27 18 96 52 20 59 20 60 24 95 60 84 15 36 68 47 12 6 67 79 51 58 56 72 75 13 4 34 81 38 26 53 5 35 25 43 11 53 91 33 50 38 32 23 35 69 6 59 27 25 90 60 46 30 44 20 57 79 91 57 55 15 6 5 30 82 72 28 62 54 29 80 65 44 63 60 23 14 80 66 41 66 16 60 48 38 31 86 78 53 28 39 13 94 12 70 14 57 57 25 92 10 36 66 75 82 73 28 19 99 23 49 1 1 9 85 67 28 92 65 22 77 47 94 15 19 22 99 24 68 78 72 84 80 88 54 72 27 54 18 44 19 51 38 37 58 43 4 51 15 14 2 19 58 89 39 59 90 92 61 63 15 3 18 38 96 99 27 42 40 3 70 67 86 10 23 94 58 86 94 74 51 14 88 13 49 52 34 45 14 49 58 97 42 57 36 29 58 92 72 29 61 64 10 16 86 11 64 47 5 16 99 39 92 59 66 91 42 82 21 68 91 33 47 36 48 99 58 4 71 95 46 63 67 27 83 1 46 47 60 96 56 28 75 95 47 37 27 42 40 92 38 65 60 69 55 94 6 37 77 27 18 23 83 89 96 78 50 60 45 55 84 60 56 29 35 72 72 35 36 84 65 92 57 17 13 54 27 96 62 23 63 5 20 64 73 4 33 56 77 40 77 96 51 28 85 80 40 99 62 25 76 73 81 86 2 48 49 79 99 13 86 50 65 69 93 94 66 71 92 50 50 29 29 45 49 78 8 85 1 90 2 31 28 33 92 51 27 4 63 58 59 24 85 46 50 26 63 91 10 31 26 78 21 30 68 67 95 2 46 27 92 51 89 17 50 22 97 58 5 84 87 27 82 75 71 59 18 44 9 87 95 95 67 37 28 51 8 11 84 1 91 64 87 20 58 78 64 5 13 97 20 70 47 95 96 80 25 99 33 83 98 71 38 57 22 3 57 71 21 5 4 79 6 66 60 4 7 24 19 54 45 2 11 88 13 19 89 88 87 9 40 72 52 86 25 39 81 15 15 37 48 61 94 14 25 55 79 79 22 29 35 28 38 16 91 7 19 94 64 32 18 93 9 65 38 74 12 23 66 97 50 59 32 71 51 66 25 27 7 47 68 52 20 7 75 93 8 27 32 10 5 46 51 19 94 8 19 66 32 16 82 70 58 25 50 23 47 35 39 79 60 96 34 83 71 69 27 50 83 89 70 31 21 88 72 83 91 64 97 4 35 82 99 1 27 58 32 91 76 47 30 18 20 99 39 14 64 34 71 22 8 5 52 86 80 72 29 8 12 45 17 7 17 18 59 10 30 58 9 52 58 95 66 9 22 30 43 28 81 15 25 27 97 97 11 27 56 9 60 30 78 31 44 7 38 29 89 11 14 24 72 81 68 91 43 67 91 40 8 75 13 75 54 8 65 76 67 42 18 71 43 49 62 3 49 4 20 13 58 74 54 58 39 77 11 45 2 32 70 86 60 46 24 43 12 15 87 86 96 43 79 11 79 36 83 82 19 61 2 27 10 68 37 20 12 23 46 60 77 12 50 21 38 21 64 30 68 43 66 21 74 77 79 72 64 23 98 6 40 24 23 25 14 35 98 15 98 85 15 61 11 18 8 19 4 70 93 81 16 17 4 1 93 78 11 69 34 98 2 32 77 36 28 7 32 49 35 28 4 11 94 81 96 5 44 90 94 60 68 44 90 58 41 6 43 88 12 72 33 40 18 20 7 42 16 79 7 86 83 31 89 39 34 31 63 78 62 48 85 12 40 18 27 62 36 47 12 53 12 7 84 96 23 99 48 30 2 31 27 4 8 88 95 11 21 1 31 73 90 73 37 94 59 90 50 26 99 92 58 82 78 84 95 73 23 6 86 69 81 6 44 66 34 19 7 11 71 77 58 19 33 38 17 2 10 39 89 79 94 85 23 40 76 17 3 92 87 3 94 99 68 13 37 59 80 10 97 40 56 22 80 40 79 1 4 44 10 55 82 35 71 69 9 22 64 54 92 10 90 48 88 98 49 28 3 82 31 11 97 3 39 77 96 78 42 91 47 64 68 60 86 18 5 23 69 60 61 35 1 22 44 7 10 71 53 28 18 47 86 87 44 80 62 38 76 59 77 37 85 86 41 62 27 29 5 15 67 21 57 57 44 72 26 43 77 75 24 36 8 74 22 8 69 86 35 63 74 55 16 99 26 3 96 99 60 23 78 73 6 31 64 17 36 71 6 57 42 78 17 12 15 49 39 51 13 46 74 86 43 56 59 76 33 45 40 65 26 54 17 54 46 86 91 40 63 6 41 60 99 92 67 55 88 57 85 99 56 89 76 16 75 71 68 81 26 81 98 30 88 32 45 12 37 47 65 26 57 32 81 62 36 61 96 26 7 22 36 99 92 93 55 37 61 73 92 52 20 88 8 22 79 47 66 66 87 72 84 56 53 76 90 5 85 90 33 65 41 97 16 41 54 98 21 92 2 65 73 96 75 11 68 43 4 4 2 85 9 91 16 11 48 24 3 20 10 40 32 30 93 55 94 90 49 40 23 23 8 17 25 44 11 27 3 6 90 78 58 35 79 34 33 18 15 90 4 28 76 42 82 16 33 66 89 95 71 19 69 9 71 39 6 19 1 85 33 37 25 69 31 73 47 55 88 82 66 17 32 89 25 36 36 62 77 91 1 49 4 72 4 85 83 88 93 62 29 95 12 92 21 64 2 57 68 33 15 72 62 59 53 33 17 47 86 2 53 38 55 38 10 66 38 1 50 73 7 46 81 30 61 12 25 42 84 21 66 74 8 23 98 80 78 79 91 77 12 79 47 1 48 78 3 90 87 8 20 32 19 66 13 53 34 74 16 9 42 45 40 44 15 41 14 43 83 33 31 44 63 19 34 81 36 24 74 83 68 26 16 47 37 9 68 63 4 48 89 47 81 77 89 90 53 79 74 3 22 65 23 31 43 99 17 8 82 62 70 60 79 83 83 68 7 41 99 46 93 8 75 57 26 84 68 37 97 81 27 29 36 27 48 46 89 90 81 89 20 11 80 51 75 84 72 60 43 97 19 61 57 60 1 31 48 23 12 61 99 6 4 64 51 55 24 2 75 53 40 47 23 55 52 95 7 94 62 69 51 52 44 14 53 48 6 53 11 34 10 58 76 95 53 30 35 7 22 28 1 80 86 81 4 3 23 77 33 22 1 56 1 14 65 16 57 38 33 7 36 44 30 42 3 57 78 75 52 90 80 72 44 32 92 53 52 51 11 18 70 79 55 36 88 35 10 22 80 11 97 51 44 3 58 2 30 10 87 9 36 57 54 91 5 58 12 49 32 48 17 53 34 52 68 38 48 79 86 7 8 82 38 65 82 20 7 13 5 28 72 23 53 95 34 1 22 18 3 88 64 13 27 28 83 3 2 39 96 8 98 72 88 73 28 62 46 60 8 37 3 74 35 72 41 50 75 56 26 29 76 50 81 9 66 38 88 63 16 89 53 92 92 43 56 2 64 78 11 87 36 39 5 3 29 22 17 52 85 88 60 24 58 27 5 33 95 23 54 7 3 86 24 66 2 14 50 94 22 53 1 43 81 15 38 74 55 91 54 85 28 65 1 83 4 46 19 85 15 92 97 19 2 21 47 44 95 21 51 63 2 67 51 9 10 6 75 7 36 47 99 13 61 50 65 53 24 7 42 15 95 13 81 71 5 22 26 30 25 96 36 13 76 79 79 33 78 36 26 78 72 55 95 13 84 17 67 96 39 24 85 8 63 81 33 67 30 98 2 61 56 85 73 76 60 85 11 21 32 20 21 4 80 68 96 45 97 44 12 86 30 62 83 82 23 19 26 30 36 19 90 41 38 31 55 17 16 57 40 71 79 50 86 14 22 17 61 25 4 83 31 3 17 44 96 50 92 14 8 13 99 95 35 28 52 6 26 29 63 76 58 79 12 41 20 19 95 47 45 79 66 29 57 84 40 5 52 31 54 7 15 56 93 30 92 87 6 50 37 84 3 59 99 40 86 59 40 20 24 86 12 14 36 59 22 90 53 79 20 19 17 82 75 71 69 57 65 68 74 70 43 60 82 50 38 22 56 97 10 64 9 66 41 86 37 93 74 37 18 9 25 33 95 80 45 31 23 67 77 8 43 3 60 1 41 14 83 67 90 40 73 9 46 40 82 53 39 11 4 21 62 64 83 51 62 91 17 4 36 5 93 80 39 45 46 80 65 59 19 27 70 22 75 78 5 95 88 2 60 17 71 45 95 26 90 10 58 18 28 39 27 50 89 57 42 5 6 76 77 10 9 91 18 92 46 34 60 67 81 6 92 32 87 28 80 62 68 40 29 51 85 49 60 86 31 59 14 3 56 93 28 59 44 50 3 99 29 40 97 12 17 29 86 96 87 45 5 37 7 41 97 93 87 35 51 57 82 88 2 68 51 45 17 52 96 46 91 80 13 84 2 52 42 46 52 83 63 50 11 97 75 76 82 13 53 58 79 95 67 55 41 39 90 9 80 92 23 38 2 83 77 69 83 9 6 39 5 62 21 13 37 64 55 88 45 99 71 19 52 51 61 47 47 47 21 73 47 67 3 39 5 18 96 22 50 28 21 95 10 61 6 21 7 54 9 38 43 30 98 90 7 27 37 85 62 76 98 47 86 67 96 60 63 96 44 27 38 22 91 37 81 29 70 8 78 15 75 99 28 53 89 24 98 85 7 83 80 3 3 59 91 83 45 69 27 18 11 10 82 48 94 32 58 22 18 41 77 26 1 41 66 22 76 64 36 18 57 71 79 38 29 81 2 50 74 67 4 99 91 66 38 9 95 64 37 54 42 87 65 4 94 61 79 57 25 14 12 95 51 40 58 72 57 75 34 68 26 9 85 85 82 15 60 94 64 19 98 42 6 22 64 31 1 82 83 66 14 65 9 30 40 15 84 22 21 17 69 43 63 98 14 58 4 23 2 31 90 53 68 21 37 64 3 42 67 23 44 43 4 71 12 80 43 53 99 60 58 13 76 84 56 81 77 35 90 79 79 60 95 85 68 68 44 27 79 63 60 43 14 5 26 5 81 15 32 76 11 43 27 22 9 31 81 59 93 35 36 56 99 21 89 99 58 11 92 27 66 40 54 27 99 6 40 95 77 16 80 53 16 77 73 61 41 88 82 35 17 16 47 46 93 45 66 81 22 11 10 31 30 47 90 7 99 15 83 93 10 61 27 26 65 52 61 13 68 15 91 28 38 89 55 51 69 20 47 21 95 45 87 17 42 57 31 1 31 12 91 88 6 17 71 24 90 54 40 23 38 32 33 1 68 28 58 18 50 98 76 37 20 41 74 74 77 96 4 45 82 76 60 93 72 7 54 98 96 25 76 61 30 31 47 19 88 32 33 29 83 83 30 90 92 73 88 68 18 55 89 75 61 55 33 66 21 97 51 72 70 26 10 10 14 44 61 78 35 52 82 40 87 38 37 16 21 32 20 86 20 92 41 29 8 33 73 98 67 90 4 32 68 5 97 68 32 9 27 73 12 14 45 25 96 71 66 22 18 24 49 2 82 35 87 74 73 65 30 59 16 61 1 66 93 63 40 46 25 91 71 33 7 87 9 66 68 65 97 87 29 83 91 21 95 59 31 42 56 22 42 69 9 86 80 85 94 80 65 42 38 76 34 58 14 67 73 7 75 55 93 21 4 93 1 71 66 17 4 38 10 2 56 36 27 50 29 60 38 63 76 35 72 47 34 23 86 26 71 67 67 56 14 92 7 75 10 53 98 47 32 41 99 22 60 12 22 35 67 95 57 73 97 57 35 81 88 8 80 71 35 92 3 90 51 43 75 11 64 19 19 57 4 97 35 48 7 29 31 8 16 46 25 77 92 37 50 82 32 33 96 98 52 34 19 27 8 70 32 25 99 53 67 44 50 12 45 77 95 27 76 81 85 65 97 90 3 41 92 36 41 44 22 9 95 86 44 91 45 52 78 49 74 71 36 39 44 49 85 47 71 51 33 29 96 90 9 8 1 56 9 35 13 59 11 64 15 71 9 83 21 20 85 80 30 77 61 29 58 74 67 65 68 2 61 33 54 99 58 12 91 47 23 77 45 56 40 50 83 68 38 75 82 21 99 51 87 94 37 35 88 14 50 77 93 66 59 80 63 33 97 65 38 84 89 99 58 34 3 17 91 56 12 98 69 24 19 10 8 34 18 43 98 95 11 60 33 70 64 90 36 15 23 97 40 58 77 38 97 94 52 20 15 83 87 79 75 98 19 68 51 81 62 36 75 76 65 22 46 25 96 31 11 42 11 43 78 64 47 84 55 52 59 13 78 82 49 41 62 59 40 1 43 77 35 72 89 31 28 67 1 56 58 1 76 11 19 32 64 22 34 60 71 92 61 15 5 11 39 37 32 75 65 47 23 32 66 25 84 74 15 89 84 25 83 26 94 3 96 33 85 93 76 52 37 83 6 24 78 7 14 2 11 77 30 76 84 57 62 74 21 32 23 55 43 58 87 12 32 95 63 76 37 50 40 30 58 95 92 86 56 21 78 3 20 96 8 53 89 42 48 7 25 12 55 28 93 22 7 64 48 91 76 56 97 73 80 53 21 60 79 31 5 13 66 5 68 98 75 18 68 8 63 19 80 15 89 74 16 88 50 41 42 69 96 19 42 2 11 39 69 39 80 79 38 67 88 59 85 13 66 30 68 86 69 87 24 42 82 11 33 35 74 31 91 43 66 12 6 83 69 67 78 78 70 2 8 98 97 13 45 53 14 20 97 66 25 22 33 41 58 90 74 34 97 55 35 92 23 14 52 10 37 31 35 66 33 91 85 25 9 50 34 65 7 48 54 29 28 1 46 50 31 39 23 63 30 72 79 44 95 89 76 43 75 4 31 87 78 52 60 66 22 6 53 45 30 39 68 50 44 2 83 79 90 99 19 61 84 32 92 73 18 5 57 20 84 91 40 7 94 48 46 56 89 41 63 97 27 19 25 25 57 95 41 88 45 91 62 77 97 3 18 68 5 25 15 85 1 23 21 19 16 38 68 47 23 44 36 90 7 11 25 78 1 57 2 86 94 94 3 49 47 39 54 72 67 78 1 23 82 57 66 99 32 19 64 73 65 98 31 8 61 8 34 15 1 69 10 22 58 54 67 11 20 38 33 88 69 31 25 62 41 15 16 26 76 63 87 2 71 78 38 28 23 63 41 51 89 76 72 86 60 80 65 96 44 39 8 26 73 87 38 29 54 48 41 75 58 20 98 82 57 52 57 1 76 18 57 60 87 56 18 60 94 55 96 60 23 21 39 85 9 56 41 32 21 40 5 78 7 16 19 54 11 64 56 66 17 50 13 7 87 14 49 66 12 29 29 77 65 73 59 26 20 74 36 95 91 78 63 25 75 4 12 87 93 78 38 5 58 10 17 70 57 31 46 97 67 62 66 34 2 48 43 89 19 94 46 44 93 53 97 18 88 81 61 38 2 52 57 22 39 51 62 85 59 53 91 89 8 18 1 18 77 11 11 88 19 71 77 38 13 98 16 40 62 66 86 92 80 60 24 31 50 23 90 50 66 28 43 17 31 12 50 88 58 25 51 25 85 24 13 78 27 14 93 27 82 46 61 47 26 34 5 2 20 48 97 13 24 83 22 19 61 54 9 60 47 17 93 86 53 91 18 54 64 72 11 48 53 29 85 45 78 18 37 24 58 18 77 7 18 19 89 25 76 23 48 89 82 73 80 50 5 88 84 74 93 7 34 46 94 33 54 66 48 3 63 35 70 26 12 93 45 36 39 89 6 20 37 43 26 51 30 90 40 71 87 77 65 99 61 29 65 75 68 22 1 69 87 71 74 19 91 25 72 19 47 87 26 32 97 34 19 51 36 71 18 31 3 12 2 54 52 86 63 58 52 77 91 23 81 85 31 36 41 56 1 5 66 98 88 85 30 47 67 29 32 51 8 16 97 92 45 43 85 35 33 96 84 17 42 29 97 9 38 78 61 46 9 14 62 40 50 30 46 49 96 35 92 47 64 97 33 57 20 77 92 7 51 67 33 41 74 88 42 14 23 59 84 27 50 68 87 55 23 49 73 34 86 42 71 51 96 69 17 31 2 66 79 22 4 62 66 75 11 27 82 15 3 61 52 13 55 12 6 98 58 18 65 75 8 28 47 74 21 80 53 36 67 97 39 63 98 36 75 10 99 39 27 47 36 81 85 67 54 2 7 51 22 13 12 62 56 96 51 49 66 96 49 33 18 38 99 57 66 49 7 12 57 84 28 11 32 30 60 68 62 35 11 78 81 81 96 61 77 78 11 20 52 2 28 88 68 56 16 14 26 88 78 77 66 83 84 3 67 31 7 29 81 52 52 68 4 84 46 79 15 27 81 51 45 77 16 7 7 79 46 66 81 44 32 42 37 37 77 34 83 38 89 25 3 29 78 88 93 47 2 81 26 84 82 64 99 24 59 64 95 90 86 16 17 87 9 20 48 34 87 5 92 88 25 92 82 52 83 98 63 5 39 25 23 78 75 65 44 32 59 49 33 20 67 51 2 57 6 95 50 87 26 77 35 69 54 29 1 23 89 61 99 84 35 23 63 19 73 54 93 28 37 91 95 86 69 38 94 9 77 4 85 94 36 89 62 16 53 95 82 68 3 15 79 96 53 86 37 60 70 59 74 83 2 99 90 96 11 25 81 59 29 51 94 52 63 56 78 72 51 58 68 72 32 15 14 64 42 79 79 30 21 18 50 18 59 40 41 61 5 83 81 96 17 7 58 46 42 96 70 73 70 20 66 99 30 19 63 14 19 44 7 30 28 63 7 4 25 88 81 18 45 28 61 33 67 60 56 21 87 63 89 76 89 88 61 93 17 49 93 47 82 69 90 66 85 65 59 55 49 55 81 2 45 86 61 72 18 50 81 84 65 8 28 58 64 17 79 75 63 30 2 40 15 3 66 80 54 99 51 96 72 28 69 11 49 94 98 29 63 14 13 75 60 12 71 54 40 92 22 27 65 79 35 62 7 91 58 65 78 10 85 60 10 27 19 33 83 62 39 37 47 46 29 89 65 7 39 99 20 74 53 80 40 34 78 77 48 89 64 61 58 12 68 74 87 21 50 10 35 6 31 70 47 69 59 23 97 94 52 90 57 50 92 79 85 70 94 20 99 94 91 97 27 25 37 61 22 31 41 10 21 37 31 62 80 56 59 10 44 19 50 33 95 71 6 49 88 85 66 31 82 10 20 77 44 88 4 82 84 37 77 15 8 24 18 29 91 93 51 94 96 55 47 43 40 22 25 71 93 41 16 25 89 56 50 53 21 43 26 7 24 96 56 88 56 1 37 99 60 88 8 45 62 3 70 53 71 51 99 36 65 53 85 8 18 17 78 70 71 35 56 57 2 64 92 79 25 50 72 1 66 77 45 96 44 3 14 82 69 95 84 80 39 93 11 29 76 37 15 82 68 67 82 8 7 56 21 74 48 64 27 38 86 92 2 32 53 47 75 29 30 9 24 7 45 59 36 73 31 69 90 31 97 25 8 91 30 64 65 37 45 72 30 79 99 19 57 57 40 77 37 65 1 61 82 32 1 28 29 13 5 89 47 31 96 10 40 49 95 13 7 40 17 75 39 21 8 22 74 37 92 40 90 8 18 83 93 30 70 33 20 19 43 52 61 59 26 73 23 42 83 52 83 16 86 62 49 59 63 74 27 7 66 98 66 79 5 28 36 79 46 75 54 62 53 20 54 46 11 91 35 58 93 55 61 7 84 98 85 48 10 7 37 50 65 32 62 80 37 43 72 51 64 82 76 61 87 27 56 5 24 90 17 8 8 1 91 38 10 65 49 41 26 33 24 44 51 12 43 64 4 83 61 81 68 83 29 36 30 42 67 81 40 55 9 42 21 23 70 29 55 82 2 54 99 43 83 17 64 46 13 84 57 88 88 99 87 60 84 21 26 63 46 10 85 29 40 73 50 52 81 39 51 76 98 12 71 63 99 59 24 16 2 54 46 34 74 29 41 51 78 4 64 78 44 70 88 18 68 97 98 96 4 60 89 31 78 3 98 54 11 19 37 31 60 48 9 68 48 79 96 75 51 61 78 92 22 46 34 31 40 23 83 75 3 42 82 48 81 7 46 3 9 38 81 40 71 
// di
47975 37931 49031 20400 43058 36050 38681 723 15102 9078 17043 32623 15843 6657 39043 27321 40959 5535 12806 1630 8147 13838 28361 516 34477 25303 38541 19875 18464 25512 28886 48795 6132 45126 18487 17567 42894 41469 5678 7119 19741 42034 38332 31306 18044 20178 29586 32000 30322 4488 43040 30302 14825 45585 11829 28880 19934 40586 1139 2639 40006 33580 45429 14153 39267 10043 18248 14178 5148 12292 6931 16938 47275 24346 36069 2150 9588 35138 41924 16286 17080 15311 44314 24432 34296 47194 44927 44962 28247 48428 13253 15874 26729 34543 1635 15737 32029 30247 48780 13060 8728 32371 30723 36206 671 31547 29332 40050 47829 21008 21034 18866 2418 30359 5366 4666 21242 27046 24269 48415 4828 22376 7435 18151 31868 37355 1571 49237 6705 47460 20606 32130 11904 19857 22983 5756 38247 47304 27500 39690 30143 20075 13206 8918 25804 45783 5182 14466 21796 17645 1545 37875 2150 39742 13818 29593 43116 21181 29701 14007 45134 28330 8913 8145 43198 21498 4609 41033 32181 1827 12416 12524 47855 40182 22673 17522 48066 15800 14775 22801 18807 42677 844 7806 6338 7351 462 16997 1294 41135 3012 14176 4785 9189 3380 9423 25293 5516 5886 25020 6877 37374 19131 40779 14947 30238 6592 21949 35663 30104 40966 47772 25060 18861 22224 20798 2383 35056 30986 31179 8714 38005 39017 47174 30607 7977 43657 35644 33951 8582 6276 12137 30784 10453 48957 6321 37859 34085 16038 17269 49627 35882 25397 16542 19732 49348 18353 12889 23068 42017 11754 29159 45606 36758 18927 10011 7629 39649 1354 36924 36665 3479 26995 8518 23770 15820 38634 43785 38580 31347 12095 18152 7412 39247 35445 10201 5883 24973 26980 49244 42949 38182 15508 26302 17186 39264 5961 43243 20521 40305 28574 36338 25029 25683 29263 13306 39655 27229 29733 11984 46284 22205 38923 26442 13604 45896 47875 40676 11344 42892 49714 39107 36885 14560 34571 46975 32737 20184 20798 6673 35937 42701 30226 26706 22061 38026 36009 32915 32378 43168 27157 6621 32541 13830 2886 13593 36043 1904 9804 32902 16125 12678 44751 30952 44695 28112 31474 32714 41644 28577 20299 6809 21696 1483 48656 34813 23139 10803 49557 7596 12449 16942 32799 4815 27443 7687 47437 28892 4171 538 29411 37789 8969 7967 12315 11508 26090 16000 20538 24246 2337 6672 188 17936 6089 43142 45606 5602 17314 7010 36893 9795 1900 44162 16068 30363 16676 31830 43552 32562 44073 26354 9414 1413 32438 20577 47213 11136 28404 6413 21162 8385 48257 28618 38011 30208 12070 48789 47241 33233 4648 48992 17643 46975 9800 30426 47670 33910 24513 44282 7070 17705 46076 1811 39372 22350 19039 20216 21849 25401 3130 13138 6408 17834 6798 19248 36608 20685 41275 37040 2520 37639 45797 23331 3201 37604 16620 19528 39344 20546 6369 29648 25841 21918 6355 20176 28644 14436 15260 15302 47593 43531 35212 47552 47500 48832 14887 34025 7596 916 34338 46498 29836 49877 44024 49989 27013 5065 49751 30193 43384 28815 16010 16058 40379 47213 42805 1326 12010 20670 25739 23786 24593 25703 43539 21894 30181 49596 2452 22680 20598 4809 23622 46436 20553 17164 1335 48595 227 42112 9034 37270 7138 42833 41344 17591 15519 42348 743 31695 29361 4141 23035 24240 35453 35951 29630 10944 42387 8531 33852 950 11281 11407 32787 40730 7471 8724 36366 37088 8459 24932 37818 9058 28718 42964 28180 11188 8258 13681 18718 237 19814 14980 23284 20019 36331 6785 38132 42607 10620 27062 48303 17658 23210 34187 42668 37192 44660 46212 34095 6374 15026 26985 7068 28122 19283 2222 30084 21604 34634 30179 45402 18216 41426 46023 20475 48734 14470 4058 10167 43865 25602 41513 34680 9342 9203 39950 33604 33682 12858 10472 28608 39396 23944 15795 16879 31771 25308 20161 19914 5769 22013 42882 31187 2544 31214 47814 26276 33134 19784 23253 13104 30394 35084 27954 6995 33214 20460 19647 46146 23570 35221 12478 3715 16742 15248 31600 40101 31902 23825 13859 36284 14918 14926 14377 28707 3659 12890 15230 36262 9888 35907 47621 8675 4290 11274 1978 7977 20905 656 16233 48087 41694 38066 25473 67 15349 19364 10219 44560 28893 36240 22386 34597 14658 27601 39162 36518 630 34653 18761 41167 34610 27734 18026 24949 39676 19163 36920 2101 26330 5123 682 536 37527 16300 31961 30821 40504 18962 37715 26000 12310 31088 13269 15584 6865 39262 47006 15595 17369 21090 38312 18135 45883 49025 4176 45036 44064 4806 27426 31096 41928 30374 21784 14329 30434 18969 22302 10428 7089 36860 40004 29819 49357 44269 44909 28479 7561 10408 14677 17987 17823 31984 29636 3736 40293 49192 42515 19972 41912 44107 16458 8891 3275 37703 22164 41290 22295 32926 9973 37038 10483 5161 12416 24089 9783 2362 34044 12177 36056 34478 40107 49207 30422 4127 23757 20010 4937 9140 49056 46088 13529 23952 26622 38639 48670 9537 15902 34114 47717 45470 34096 32547 15564 47955 21243 13456 189 40046 10372 35021 43767 37721 12617 33098 16830 2934 3274 26690 8781 45550 41578 9821 38222 21760 23769 1151 8812 41950 19580 28153 37462 35185 5802 49486 29859 21424 48432 38740 47959 28370 21286 37689 21300 6824 23717 18720 15893 28261 23724 32052 472 43575 43676 23361 49326 42619 1858 28967 6813 29454 13225 9064 18848 23986 46602 37351 16535 6687 22944 11187 33558 3465 11181 44864 33496 32619 37428 3383 42637 62 6318 14707 19747 7335 17223 36651 25910 47362 25148 19328 4891 19525 33208 26025 37066 49970 43891 46592 25594 11415 1330 49730 21048 12569 32686 37720 5796 183 13823 19310 5614 10768 43833 16985 42117 8725 31614 44101 48311 42847 4810 9006 2924 1350 39220 29396 23744 9936 40390 30965 15837 27148 36705 23897 19633 41532 21651 42352 41606 8782 15684 21641 21155 598 20890 3191 12509 25727 742 40077 45721 45181 48980 27044 35049 23257 18840 8193 38576 23639 26317 37215 41912 8474 48424 7092 23093 25526 41798 8982 36938 14872 29764 22576 37975 12543 34666 24213 13802 47626 3512 25502 32166 7786 47179 22127 46506 45083 5016 25565 49670 16647 23147 32507 27419 43809 36214 22498 25658 26547 37924 43544 41350 14607 15790 46550 44768 47450 26110 6270 35739 10943 4287 48636 24362 18192 37548 5592 43078 21343 12425 21254 34907 35264 3858 37880 32460 7345 20150 27771 4379 28148 47022 46866 19169 29216 4036 37248 11231 9288 12955 19647 2408 42215 15903 46578 3450 15005 33468 46324 10020 34989 40099 15705 45197 631 6143 23581 31289 21567 46823 16056 9430 31308 49903 44606 21076 874 11635 32013 3551 42246 19677 22008 6716 45352 44442 24143 3594 22326 28532 12991 16004 11180 35561 17770 19301 23528 1949 44347 23045 10691 9994 38021 43598 5547 31181 34185 43749 14179 42367 4300 10762 47694 39922 3358 6557 32861 29888 17849 10624 37180 18491 16431 31723 12687 1313 43318 42071 47556 41192 21346 46664 19517 31643 11251 7000 38828 37526 30275 36848 8218 26683 11650 8758 18453 14422 39257 21520 21924 40211 49911 47242 48282 39246 20834 45574 26236 14524 14901 4471 30538 35023 31896 27388 23640 6622 1699 3820 40028 36021 5184 36259 27571 1170 49076 33825 37181 8281 39084 22968 29211 47208 41222 2059 39764 46649 34019 33945 39075 47604 22517 26485 33754 15450 41732 2384 27006 19953 26072 37379 18663 48677 49240 42785 536 27690 13973 40257 12614 38935 19631 10103 14216 35337 8600 47859 683 24658 49673 1831 8444 33512 7902 9635 22331 25292 49591 40744 16151 43731 8444 44512 49925 6477 30616 17068 49051 16611 16778 27176 27694 33903 25657 43454 9003 11699 10769 35859 48380 35234 47687 9671 20064 28120 31759 49526 24536 14036 18447 39998 6141 21480 35990 24088 25161 45291 4669 6977 7013 27361 43910 47739 982 19536 34238 46078 18503 15895 25457 33191 36031 30211 24236 48919 44424 1074 14412 26023 36670 22063 29648 28916 6590 18026 40604 2592 18101 15635 28082 14876 41729 9576 24961 20381 29417 25082 35869 44509 36365 44650 49594 20910 49031 43151 29428 42695 37046 4431 20952 9604 11905 25438 24542 17646 37684 31922 32160 39818 6208 12833 18241 27244 46825 36031 16725 6316 45728 13272 14221 34450 9804 11030 29781 8876 16904 36212 19367 3436 37871 31372 43008 37737 15777 49363 30493 32960 41572 7689 22855 2843 39781 24929 26373 37699 49096 14009 3348 38367 24801 48964 9725 8078 42280 47334 25245 15047 14268 21735 34335 7069 49198 24904 27911 14194 45139 24212 31581 23645 36010 33718 11668 27699 22930 29137 40363 27601 18926 46041 34961 49008 4439 9692 45143 6022 3868 45638 15225 18128 30691 44083 3177 21261 12008 38016 47399 40378 49961 40743 35382 29187 7817 30860 37490 29256 120 4199 25206 5747 22843 43878 36286 37643 35307 37277 15738 13642 43006 16285 4273 37590 36967 903 2485 38060 634 41839 30349 10927 14058 22745 39256 49124 33668 27938 46600 1958 26421 2027 21106 3554 4345 17041 25524 32336 45433 19131 49540 34618 41742 18387 35624 11623 19304 37961 48913 6418 8230 29497 16028 12609 30523 35207 25290 35265 22846 24383 8932 48875 3169 17687 30308 25554 27213 39703 33349 21950 47251 36338 45276 31663 41852 49231 44809 38863 15527 3843 25879 36641 2613 18427 16364 27583 14872 30584 12262 47088 37909 25887 42188 42745 46225 25602 22336 20631 36534 26205 49313 46512 45139 21061 45499 37463 413 5597 5269 32443 32923 36603 11794 43105 21185 2778 39787 29334 11408 7952 41523 36737 7009 25244 20620 26569 23696 16437 34439 22222 20927 27928 18407 41745 9841 26570 22199 47108 13795 38566 19887 9557 37960 13855 28556 9049 33489 15398 20115 35681 31066 7252 38955 1422 19684 35702 14948 30405 40643 12769 3569 30413 46949 21916 4021 24195 3724 12354 19693 20562 1301 33574 40705 26310 32769 33934 12945 28494 39093 26459 2792 33926 20400 19606 42348 33792 28768 18368 1829 45948 8311 28122 23439 37355 1646 21475 30976 49374 24226 29270 9009 2271 27729 9675 11407 49301 4888 28967 35079 4924 35808 28714 14088 8157 23874 21488 46807 25127 47827 36172 38682 3806 6589 690 12901 10178 8746 33343 47462 14116 17208 49900 18244 35115 48815 11390 34473 1560 41576 38038 809 17037 24583 12649 6320 48291 26517 48606 49302 31191 2171 22912 21358 30720 29453 9082 15516 30617 41254 36594 15751 18539 3601 12738 43801 23218 40310 44402 27153 27660 39177 40701 38196 38985 25302 45261 29719 19780 42567 30053 46969 40358 18440 5658 45469 38126 32700 33685 20642 2174 5037 15763 42841 23758 32191 29445 3314 24679 48924 2387 242 29040 41954 34989 49996 20045 16581 12873 25553 39452 11954 44331 17697 12886 19413 43860 18800 12548 27512 1567 14910 46416 22723 2655 23104 2139 47986 37572 13345 43370 25232 45584 16204 8369 31629 21866 35910 49689 49404 21739 5053 9848 36315 531 38530 20880 24504 48410 28834 214 1017 49352 22300 9134 38050 46247 5346 46326 16110 10484 25351 26460 35380 32680 41408 39331 29691 31757 407 45468 41947 26281 27796 26599 39816 31317 14273 25952 25287 48432 13742 46828 41585 42418 15645 22381 35607 26866 38883 2535 832 12221 36396 41866 38441 45652 24612 18179 36586 11808 32552 15322 1379 7057 2721 15349 31471 1050 571 25919 43127 48079 35074 17691 8434 3432 18877 28748 29857 19350 7039 43244 6672 46494 14948 39028 20987 9896 133 36942 46992 36438 1317 25281 45951 37405 28401 45793 30372 17133 20500 33755 22298 21375 17355 8254 33331 39259 31828 36561 17576 8638 40235 3352 46508 43252 24637 25529 19376 12986 21580 21896 18726 344 7957 40204 43916 8260 47098 20555 43129 28858 2607 33646 44284 11712 6639 30738 48824 36319 16822 40734 46638 42408 17105 1993 19838 48852 14295 32818 11090 6310 42036 37138 10330 26220 5217 33223 43441 42578 47072 34809 17671 12824 16131 6483 38296 8189 46326 34580 7920 35619 41682 43203 30953 13314 8770 34178 37481 37016 48113 48172 49961 11510 11348 24300 44852 14273 16991 21403 25367 22424 4974 24484 14167 11296 13409 36428 46241 34865 19016 19055 46810 22614 46805 44218 7119 30316 24382 10031 33051 33565 35442 31749 16450 34153 38428 21564 47646 15282 9893 32615 38026 45310 1487 48182 30433 4695 12440 37394 31479 24471 5727 33957 9465 18228 4092 40932 38902 40886 16522 6553 29961 9632 8570 24186 5572 9416 42040 8837 41555 26561 31005 46249 49246 47670 26448 24791 22044 42983 10724 38592 20572 911 13671 26111 34349 22041 30370 42540 7094 37525 28934 512 32556 39158 43966 40435 18289 20260 45401 30283 31129 17230 11317 47170 14233 21303 17817 43473 25372 7303 44741 43969 37044 36595 5486 48894 22233 35452 30391 24185 27209 23697 2803 46844 25414 25814 23562 30085 12501 37858 17794 19555 18953 32788 25691 38501 4751 42055 36635 23061 31444 11987 44946 45898 961 25115 39148 43690 12825 49153 32862 17210 30944 6582 21756 47492 27906 14054 45486 14141 6369 40441 8556 372 32930 14605 45435 14986 34350 25711 11999 31050 37349 9026 40057 7013 10482 24523 48171 35931 20721 37786 14630 9033 28897 38461 4279 6425 19701 17368 35937 40024 33432 42719 24291 40483 27928 26462 47841 46711 31791 35260 48837 15750 19687 45456 41468 2028 19353 9318 14158 5994 32165 27438 33981 13180 38786 15325 44845 46278 35225 9430 44789 20593 21019 15600 14894 7285 4365 33381 20956 31653 1936 5920 18450 33102 12323 26552 12955 15022 43276 38185 23925 30866 14166 40229 30059 45970 6381 12048 33666 28397 24177 30221 13312 24637 30699 40699 27612 5096 31949 40752 2067 25250 6882 33826 3852 24404 4433 34671 3812 24015 30871 23176 24069 2434 42529 33126 32989 35199 2997 2080 14166 22898 39435 26090 10266 40683 46194 40516 12599 21807 11128 40220 24838 26526 12876 21353 10496 605 21662 42288 1054 11393 8380 21511 6950 38103 37469 1207 39298 205 3592 19652 31429 25651 22416 27219 38414 10681 47115 13836 24284 14590 34860 46794 43085 35376 25371 39289 6833 5075 26428 49766 32897 3097 42577 6302 21224 7602 41232 48277 43183 4031 7310 36305 22701 21780 40341 20920 18705 43221 26164 19004 35803 24211 44347 20875 5358 14087 9384 15190 23983 47699 40205 49126 27844 1152 43356 12364 32985 6688 40804 11048 34849 7868 45840 760 32935 43264 46343 4392 38743 12931 43455 29854 33255 39615 45445 42042 32098 17367 36717 31518 35322 16804 29138 2915 42648 4065 40133 20557 42873 40133 21070 26055 31879 21981 29417 49562 26668 41978 3332 29685 25748 13332 8113 38851 38543 2485 41067 31401 48358 43273 41956 8460 14908 8636 14412 6996 12066 29872 33092 28646 40862 4697 30919 41591 47967 35578 19575 40515 22048 44223 36602 37400 2317 33210 19005 4258 36083 34806 49834 10363 35222 25938 33089 47859 27168 28353 3375 11225 6644 7127 4132 35090 2273 27996 33862 45734 15570 21717 7189 27391 49333 42258 10273 27919 32813 30089 43350 28570 45303 32963 26404 1955 20412 44171 39236 904 29441 11697 48405 44240 22474 37874 577 38773 1880 26676 34919 22980 3332 28608 43085 1331 4627 19266 12688 26873 9081 39819 25050 4646 27127 38033 17241 39393 13878 30821 26814 13968 23290 36942 7134 42319 38488 24226 33928 24004 125 12115 3614 43686 30889 42982 19448 37294 3670 24726 33710 19778 37018 14281 27521 22133 27042 48530 31965 5692 21106 37033 21195 31412 34140 21737 49699 7614 48793 40124 44826 26816 9629 36345 41902 31917 29003 15103 1766 21210 306 3613 38113 8831 39492 9942 47480 26154 49606 17699 19831 45964 15091 10329 8668 27688 39345 31813 28010 32817 33241 29981 5967 38130 24638 43276 6287 34283 36640 11241 25783 48017 9748 9375 35976 17251 1801 5438 6419 38923 20978 13522 32890 6048 29606 18267 30597 43181 10655 40509 5458 11578 21964 24933 47618 31589 31191 42831 18112 10012 38030 14833 1360 37450 23615 20753 18921 14350 49503 10802 37679 9360 988 19783 5791 14170 41629 6851 18809 11604 18303 12811 8061 16668 3810 2413 8105 9291 3237 32822 8534 39603 9124 49282 16961 30706 5869 35090 15942 871 5034 35034 6459 9452 43938 44361 35918 29416 17654 16790 43820 37567 9083 6046 4861 5598 947 44491 46705 6173 42203 11669 21737 10637 448 24436 15361 21346 11408 20901 38748 31037 35619 19507 33068 35998 23994 33152 1281 36128 14311 31839 46376 3554 32322 7584 32037 27122 13496 43961 316 48347 5503 5230 9584 638 5550 41607 48748 10193 24444 44066 34765 7465 40060 36218 5573 40016 44785 19464 5242 9813 2560 2035 15587 26444 27943 21618 2337 21117 21671 14801 3539 25404 16676 42830 3701 32136 49573 26175 41116 8910 29080 18955 21293 12359 2642 18161 34759 7951 20911 4417 24006 31391 15630 44208 21925 44151 32136 38430 42962 10366 20922 45628 35171 366 4670 31815 28603 35850 181 43814 20481 34049 41900 10016 19633 30409 23022 22468 4 49526 11200 22492 9015 17545 14613 41471 39889 44024 29758 18399 35969 37386 48862 30458 45317 40423 41358 40622 6323 1359 11997 38803 21504 45604 14539 41854 26376 18959 2984 2651 17215 44402 21574 21370 13840 39520 34024 1956 17962 10010 4845 39672 46368 7148 30240 24801 8990 39808 24395 26232 15332 28090 39285 26746 37689 31953 48509 5064 29047 44492 22798 39212 25587 10982 43986 41632 28262 4742 15613 34579 30444 28691 15962 39656 41789 17552 33226 23889 24535 18752 28945 39966 38072 31136 27847 16637 18713 15998 90 37125 49280 8106 41330 48774 460 3676 23184 10120 26885 33296 31450 27788 42947 45170 38556 11572 6356 15029 8528 20161 16122 7514 45445 45615 34460 18068 19031 17984 15905 35077 36183 32578 46267 46619 31275 10448 20664 23296 45098 34370 31208 25256 15521 29938 15167 18148 16470 31840 250 25566 25519 20180 43971 39060 15668 49283 38505 48577 28853 22405 41635 34751 38925 44539 6359 39763 3519 23782 48658 7090 13944 14386 18999 35460 41945 26246 30489 16002 16520 30532 28142 14944 35781 20364 370 46347 32112 2001 43910 42414 36598 18816 1867 9363 25666 20338 15922 3246 7839 8108 30991 32551 10312 32216 25838 16045 20242 25898 37906 5747 29034 43119 14675 24525 40228 49702 15775 8988 48943 18638 25176 14712 42325 17878 14696 13302 24588 18058 23226 34073 10715 2908 46565 25115 48785 1862 19659 21415 47301 45030 32517 31003 27864 28374 1526 2366 47392 10827 14987 7025 20894 6450 38257 29381 5336 14833 18452 28911 43462 48325 10928 42122 337 28399 15984 40512 22754 28371 43667 40246 115 8029 1843 10423 45556 26304 27598 27870 25934 17861 18714 21941 1583 12758 30546 16625 18885 1338 28966 41292 13508 23548 14424 20451 2529 43765 10752 16109 27016 26133 17890 36831 46415 44751 49053 16898 36126 16159 4840 4529 14485 32216 45587 36168 5888 26374 47133 22038 35835 36933 19943 16106 39557 34860 4682 21093 11486 30663 30620 34450 43056 14853 36788 47706 8781 41083 4986 21156 23759 46257 25074 19025 26214 15634 33149 46625 38659 39505 5314 25284 44405 34919 16328 49955 1617 36615 18401 23761 12763 42511 11642 4040 46692 1375 44887 37778 37910 33393 47318 30102 1999 30528 14291 7893 37745 36497 43663 4499 42631 31673 26984 45283 41734 7068 41344 40790 28793 31788 44551 48965 7712 2595 3194 22339 2933 2889 34410 49318 29463 14512 31682 2025 29939 17453 16516 47142 18036 44888 35868 5716 28721 23774 36392 38382 48251 20216 8481 41237 21145 21628 19467 44739 42024 28938 19812 24862 25639 1155 5274 38099 33443 44378 48426 42335 46343 10958 39941 47671 43855 24684 11174 12101 33742 15940 1862 5611 27425 47159 27023 46610 46656 20924 12300 14278 1946 32382 26862 10698 9228 2151 49706 37511 39197 33003 12133 23476 28634 19739 28822 17792 24850 38657 47569 10865 10408 29323 19427 15442 25173 40046 27055 38464 34732 20239 35734 13614 19802 21591 22136 25451 31197 34235 16775 17174 39021 27617 3862 6656 13436 19488 8969 11717 40600 19335 18104 29062 32900 42478 28451 17220 36248 44789 11911 30378 45712 46139 42678 19073 24837 28136 12894 42865 41126 26373 31116 18752 30732 26736 22861 45953 43817 43898 24449 20705 12929 21029 15424 25162 48344 10464 45868 36670 18205 43702 38132 10487 26015 11214 44586 14716 26207 20528 21217 6075 23112 47024 47516 380 4926 48815 35079 31207 29494 24372 9362 48504 40153 32823 27225 30436 42227 40748 21106 47476 24979 10549 5930 42353 24421 24364 18806 4589 41985 1470 13153 30236 43957 38836 30597 1133 1329 48827 6920 18009 35849 37629 20150 26488 22989 47073 34087 25837 16406 38798 16180 12098 48371 13734 19754 44487 46299 41917 21355 14322 15154 42127 31133 30252 30160 18904 18889 38796 22011 46130 18530 27768 19331 43171 32987 47165 38999 17929 35516 9759 21838 6901 10229 29138 26084 26348 19606 12272 12298 40190 41086 27479 7275 122 11879 43407 9326 30469 3550 23818 16739 17491 34064 45780 21273 9319 23889 25892 7619 47867 28615 19115 4358 49822 36231 46778 12078 19141 47130 40107 26802 25594 49959 2599 1158 14403 11451 38462 4669 32272 17320 39061 27310 32104 3349 36463 19904 26247 4462 1944 27969 38009 44423 49989 21692 35642 28572 33858 38778 31992 12368 29172 37877 28665 6154 14842 5881 40672 40378 35215 10329 36411 38279 42513 39045 13281 11498 4904 1409 11222 36133 20643 24172 29814 30389 44857 44271 29903 47997 23189 20324 30912 233 43742 36576 46596 44068 32435 305 2270 39440 22890 49931 1722 6220 29148 25342 28609 46395 27980 41952 32171 8158 7630 40092 14928 11678 48852 42471 46130 32094 18425 42920 2011 20451 43963 7779 26631 41650 29548 16104 18425 26350 48105 916 46377 33296 42575 26177 48078 7335 27480 45137 1795 34076 35685 5201 3597 44246 41172 40692 12350 35069 1416 19245 49903 159 49082 49713 24043 10070 18726 47604 23907 13446 19219 47458 48036 27016 24923 24645 6586 42274 42645 19528 30230 25698 21395 35855 4929 10586 2141 10598 26583 33240 35041 17600 31081 2252 8809 37209 32095 24871 18457 26104 891 18619 44130 16702 9241 41902 12928 41840 11447 31846 11260 42977 15533 44043 40159 34005 8263 4928 36137 4753 6964 27269 37142 27408 37248 43256 18663 11395 9796 45675 7097 36501 778 19768 10402 11930 557 33149 36343 20192 12844 6399 6115 45161 20240 29994 40260 24802 43147 20084 40371 16326 39706 40885 28956 18018 38152 7071 4851 32332 6013 19351 23474 40219 28153 45835 42192 48384 28033 32859 37775 9236 49740 14043 28163 43427 44181 44049 14348 49696 29087 26703 35114 40568 38937 20353 25218 30666 32393 26848 31051 41288 35586 29083 965 16836 17421 1793 29290 7149 27246 4300 21819 31002 30566 12904 43974 22712 44183 20077 36542 46103 30804 30539 16592 10364 10184 31882 20999 11391 15360 40234 13904 49869 14614 37919 32841 17750 19165 47087 31475 22135 7106 16118 15260 28713 13625 1502 1890 8224 46733 1508 33641 27952 4826 357 15874 16526 34609 15255 23867 37141 8068 45658 23328 15928 42615 12207 12273 21439 45004 19882 39322 44712 7632 27684 38540 15260 24231 27582 13257 49376 18067 7897 45259 42248 30337 11373 3886 44740 38479 23048 2654 5540 41459 30287 20472 23718 43320 11060 1909 27303 25461 11845 33338 36667 25896 22848 11146 2534 32568 12190 43862 15255 21453 45392 24553 6270 5376 11180 5395 31766 3194 1366 43110 18708 19380 22577 15626 7086 22160 37675 22961 1969 24154 42470 23 38771 18179 46184 23372 25354 22860 29549 11363 13329 12231 39133 35744 35557 33567 13331 2950 40806 48583 20542 18049 29980 10521 7858 11707 31487 6459 48866 9509 43667 8784 43641 36845 39325 13996 30383 16630 22770 29379 48632 49175 40128 13296 6291 35400 8399 39243 12098 6128 2079 20435 71 23556 9058 43208 9561 27181 19318 7252 32577 39986 3235 17099 25266 17690 46053 31401 10353 17569 34074 34157 42797 32362 8520 25539 48974 19353 6001 43102 20424 17044 48933 44719 46623 9187 13372 47509 26924 4082 37906 31081 15577 41568 46014 43417 38203 13758 33953 16607 2027 36048 25322 2166 19847 29574 34435 2811 5261 40372 19933 36789 32586 37536 34313 22473 29573 49394 44782 4361 45378 23966 12263 2336 23660 872 7607 33967 1238 45920 41476 5426 49858 2675 22677 16156 35761 12115 29805 19305 9296 5421 3964 6588 32289 49738 18213 13249 1434 28238 16881 46825 11799 15150 15120 49593 12194 23088 14271 42272 17306 25729 47299 7634 7288 26137 49552 47378 41261 27732 10744 27586 10630 46632 1155 7722 32868 1954 33799 17420 21213 34239 31574 3189 15803 24543 23738 18748 44935 27838 4202 5072 19329 49927 29050 21703 38862 38911 5799 48936 24813 707 13161 25191 34848 19083 13806 28838 23847 30956 37759 7882 3385 13315 34786 48946 34835 30291 7378 11666 37283 31049 47355 31705 23046 46364 17775 40070 40955 45248 23768 46957 18545 6051 34972 42782 23084 13194 234 24152 4739 2133 44661 20919 8664 19551 35699 13699 49656 46096 41923 29172 49841 21172 5025 48552 8038 7605 35250 19988 1839 38314 45312 21150 14748 21951 36959 28867 20409 35029 9512 4853 1837 44987 37511 16417 48432 13950 42104 34570 6331 45563 31462 6100 37925 15354 21326 26368 6715 39284 21741 43763 39544 2850 29625 9282 31977 12379 37048 9238 18192 25539 16928 20284 10988 2555 23011 30213 44454 43509 31706 13428 29730 6388 34695 31256 22518 44173 1961 46796 38391 34872 12687 12989 22469 36888 2491 42922 20060 46195 19046 19604 49203 31954 2436 25862 12586 953 27810 7613 45299 24616 27587 42809 22537 8928 5238 23668 42434 21228 40428 8057 13872 17892 41605 15601 6407 41969 14413 16248 38496 13622 387 16905 23433 33216 41405 14368 2363 44301 33304 18615 41680 13809 29166 39890 37542 27585 5387 40046 33740 8057 25446 15548 17983 28120 40746 3235 30048 5072 12980 49424 17252 49342 42395 13643 41631 39823 23155 29257 1448 10551 47523 6699 36040 2050 7921 18007 37523 49686 1632 811 19500 35075 28811 8779 42161 30461 3108 41340 32109 5993 49723 26474 24506 22496 33831 10292 6489 26078 42951 32238 27123 15049 40658 23183 46211 25800 31218 33310 1007 36359 45533 1888 7952 30312 5025 20955 26358 28646 23313 3591 17327 42393 16237 36486 21882 19632 21769 29172 13090 13551 43469 2904 48449 11394 39648 7970 44253 1204 47382 13745 37268 21909 4878 33617 33544 33302 35449 9365 4778 33285 7405 28752 49837 38180 31661 47332 11301 34486 37377 5534 16652 47729 43214 36245 40310 38941 49685 2644 23856 29184 14284 17633 6280 35684 3657 39775 30341 25676 7277 34403 21972 29892 17839 38871 7749 20805 38179 7292 33050 35531 26247 5656 29072 38622 22705 49702 30227 32080 48417 4428 45257 17783 14361 15809 10576 12236 43243 10421 38961 2509 2801 17687 34830 33850 15743 30147 42205 38204 40388 6069 30776 36169 46118 7795 10445 31286 13510 11792 3223 14568 11495 1975 20191 8833 3158 23269 39516 35153 41414 27627 31283 38860 26976 11245 27854 37800 43392 43056 11323 12365 986 20174 9292 24229 39806 8706 12668 2324 44863 40542 49605 20897 43637 15794 1321 26543 46694 30765 34606 4908 25961 22831 12693 21762 14316 44272 22854 48597 31157 3629 18948 754 3023 4653 14097 10232 3592 759 46182 24628 47022 44654 20367 35263 14718 16140 22621 3322 29894 20992 10608 9770 7306 19513 46975 8728 23916 29213 12581 7208 24977 40138 40582 31528 3104 48392 32920 38552 21953 18922 31855 878 19846 9238 33588 42933 28662 16744 4983 2897 40710 20738 21645 28811 8426 5275 35574 18142 2703 43849 2430 34675 10953 46253 46864 26215 12732 28087 23427 33858 29886 33037 24349 42049 11504 16766 35387 9616 14494 39211 12775 46262 3236 25358 20846 46127 4595 9466 846 20367 4387 1366 3808 10910 19608 27038 27855 36477 13626 41122 4653 27334 48870 43880 43789 17773 30570 48789 17720 43740 20371 30875 16778 43240 39330 11496 4444 37413 3947 10074 42158 47420 12510 24067 30806 39283 21050 8509 6283 21872 10946 10832 48027 27889 42909 37365 7132 28886 30126 16885 29130 31081 35204 13922 45782 49278 29921 13925 49661 15872 48571 29706 39637 43819 45646 44770 44869 20531 29832 32659 36501 26300 1772 42688 4592 23728 3981 28508 34765 2773 447 32717 47965 44324 8015 36981 10845 35773 11986 16602 15803 12075 41496 37214 19262 26570 36651 41326 10059 32807 27793 22379 24255 2892 11531 2475 4637 35793 22647 11624 39516 13897 30988 40293 9670 35831 46848 39063 44591 16972 19478 17101 1056 17282 3008 35901 27640 40623 1459 11026 134 16745 32830 23181 22893 29254 13197 23142 41034 20024 30470 47299 19165 4799 49085 13082 9985 49044 48871 45874 41557 42622 25581 47077 43315 23036 11137 31970 1015 46698 39623 47416 45031 6497 35971 17678 7163 8466 30208 32049 38151 14694 14145 18912 818 34643 43431 49001 626 26388 13210 47125 41640 16876 1653 23504 17307 35514 40890 34112 35154 22593 37223 28237 28375 19403 3130 28470 5680 18532 19500 39001 1660 20427 40056 11626 19200 10479 16851 32210 15481 14381 7191 6674 21046 25297 4579 2854 39271 6421 20114 10733 19356 23095 9820 21673 15292 48715 39896 9825 38595 20973 32523 48954 48223 1848 25644 36998 21807 30739 36869 11480 45634 45430 6822 38219 35517 18798 33908 1187 14015 17230 14918 36317 11650 10917 595 45458 36622 16320 48216 5970 43815 26830 45517 18055 6212 6920 25989 13306 19481 28647 4910 32057 27456 34561 17175 2414 32827 3588 39059 19763 11692 25810 390 9276 47397 10747 12588 39144 41320 35935 46455 1771 44793 14924 32657 23834 24543 14253 24871 19493 8172 29615 49785 39986 18168 37720 12461 27147 27411 9240 19375 3825 41357 2862 24993 1874 24430 47686 14498 43416 25389 41204 27076 18581 32850 43720 8096 7099 19621 11321 15563 21913 16487 39313 26422 35054 24898 23044 29544 23701 12828 4215 23839 25430 5707 21893 41116 38865 29216 34607 34076 44265 41327 17049 7650 15987 45691 10735 108 19166 244 18440 4534 35411 1162 19354 18699 26172 2124 40041 46141 2164 13783 37882 30444 24668 36981 25521 46065 30077 49554 13416 49120 23768 25466 36232 42873 37823 13179 39352 31078 20922 10398 46704 12747 49037 31001 8653 29760 32437 8984 15370 38111 5781 37757 29122 26149 7151 28823 38906 20279 24481 43770 45213 39637 32866 2944 25470 37711 33137 46538 29209 32414 40660 16039 20032 15877 40422 21546 35536 46396 45152 29868 28915 44085 19085 26324 33586 35598 49902 39700 32777 16036 17877 3836 29046 33628 30842 28262 5636 21448 22504 27932 21733 8540 17312 45521 24650 26388 37624 34772 18017 10327 25174 48386 38403 12508 11108 40828 13210 609 14868 31304 17964 45610 47415 3321 33186 40966 38960 47286 15470 1995 1508 48396 45842 28330 7165 29894 25741 15894 12642 19661 17104 10444 43217 47258 19072 20234 42376 35163 4222 49917 16763 37432 29902 27573 30544 9385 806 45377 11015 8634 28863 45674 34654 25828 44822 29868 32225 2976 43893 13250 36571 10355 45692 28726 11762 30372 31935 34326 43246 46111 20020 25971 14358 15766 2826 34521 25855 42145 35998 48963 40577 7914 43857 17713 35965 19284 32502 26354 37316 13957 13645 18713 26517 23188 3421 21586 15219 33544 177 483 42452 21891 46895 1136 27718 37356 36460 41630 18410 33101 936 18911 371 49414 31947 9597 29437 4736 37660 18325 45359 32607 7099 40400 45285 30046 19604 32287 41968 18936 13430 46864 8381 13935 4075 4707 16181 36072 3863 6142 17980 5477 24661 31661 42969 13368 9003 649 29525 23546 28949 23933 44222 42890 38564 6821 7419 26632 49058 24725 17498 3696 41498 45841 30428 23719 13335 22615 15434 17495 15428 45201 23763 46226 23429 34472 17853 19750 41164 27141 19404 24243 12593 29969 24124 2743 41835 27415 23877 28275 35811 16652 41605 20488 22749 19863 29059 4336 19902 20194 20720 19365 49088 34332 47295 8797 1657 9030 49583 37472 5529 39467 28134 21963 2069 7191 43155 37807 12975 36996 31088 22119 11653 19683 44665 35264 16570 43300 17344 41438 14130 32342 40948 9902 44441 40250 28439 37307 42277 43900 1809 22190 24816 15138 29395 18682 35390 12446 38795 28849 23065 8420 1438 9535 20863 28152 7229 34972 34482 47569 6664 47469 34566 36596 17987 26632 12527 24495 6862 43084 13784 15188 24136 37858 20621 29580 9149 1409 6139 2347 38935 30897 8362 5196 31290 44482 1807 29755 49840 6294 42759 17659 35711 34731 38639 24146 46912 19032 35063 20007 2715 22381 5526 12575 29851 42807 23259 35505 49804 31663 3561 38874 9233 48005 14519 31983 20508 30839 9757 38965 32803 11642 27799 27234 26088 39461 29198 40272 44359 38956 19347 3603 32338 40843 14945 31046 12578 7423 37864 20305 40032 21022 18081 41712 34243 36546 3523 19824 40009 6946 10138 5977 42381 4428 13361 23668 4006 24137 13886 41634 19177 25228 27062 20877 13379 32972 45192 18683 42093 33600 34769 48353 39893 31899 43145 2779 49039 12739 27756 18110 18394 42566 38513 21775 43743 2304 19700 20780 36630 44165 24440 41323 30898 47875 49014 43632 38290 48286 9084 30001 46515 5523 25798 5906 37259 22629 41716 37102 936 38567 47946 37833 9212 48407 16915 19635 572 37419 37163 24136 33316 37587 49994 46895 15107 21993 15878 28362 17359 3447 13165 29929 769 202 12800 44488 21436 42165 23994 3966 33358 13639 38616 24905 43687 1488 2323 19307 48480 49502 38605 23296 13509 8481 47425 33653 45313 7861 25673 4000 14630 20095 39398 14187 32977 30915 10471 6178 12146 20164 9766 45198 33164 39710 16925 22976 31238 9785 17936 36492 39692 30008 16449 23778 31353 23171 10771 12191 49345 47783 40746 40725 16253 35346 36821 9091 46568 27118 13109 20284 40976 43380 696 17095 47171 44263 24037 21881 15349 27298 29183 14528 29689 43216 28466 2854 31399 11416 9391 9817 26166 42196 22196 33599 41672 41197 17845 49797 12734 35601 40883 21903 42940 34619 23426 38079 33747 39195 24811 29858 43867 2264 35360 24572 3280 1911 32735 6408 28057 42533 48744 9913 33590 761 36356 44347 33083 7057 45550 15603 34279 4205 29163 26647 12290 18132 21237 42415 47006 15119 7188 4453 24458 35896 10410 41000 37713 33491 12647 25248 26488 4891 20665 24858 28352 7324 31268 45785 20232 36972 46631 41508 27453 4454 39215 38528 18226 41 25385 16771 25225 37776 17044 38751 40075 7055 29751 49301 3872 10106 10660 29641 23259 49616 48987 10028 8483 18320 33336 45638 4465 38150 1715 49090 37652 10508 35831 11390 8396 15051 280 44638 22082 15926 40551 3828 41318 13047 47660 12173 40251 41970 16408 16169 16184 25355 2211 18081 48854 45037 30288 27840 48273 11447 26286 28451 40600 43392 40419 33999 2228 42165 14936 48002 6713 28573 16316 21705 49571 3650 5367 30082 40403 43269 23114 18653 21807 20504 9795 36818 20324 8477 34694 12145 12240 35905 9251 21976 5951 12147 26906 19902 48835 41197 30074 29140 19324 29668 30460 11417 30490 28751 48239 49301 15352 47957 15482 1044 43392 16039 38158 30624 26746 28490 48101 43034 26036 15627 11518 33147 31923 4081 8285 3073 12105 28511 28953 31014 33679 36603 34407 26235 12080 36019 9032 41840 29731 11806 3523 19536 20911 8622 13164 26962 9351 38036 37615 32000 34525 6199 37876 21590 33864 29529 30417 32723 15257 2919 2047 39664 28077 9558 1570 16544 9862 31167 32882 12746 23067 37118 47856 16283 39290 16281 20445 48613 4514 38307 30959 19403 19676 7106 26126 44577 48396 41010 39662 44927 33525 6180 44133 40346 29698 27488 29273 13328 30917 25770 18284 27455 42543 3177 15011 13352 43295 44191 14691 2074 48564 47473 31578 7143 48163 35076 29431 4684 10899 25120 26547 15054 33528 180 17544 267 31680 48245 22087 25349 41657 2258 5200 28026 19561 3675 11795 31800 9505 26081 849 30749 23049 5100 2825 30285 32938 10956 35726 43974 8225 49623 42991 3106 24764 3005 17506 4878 26330 48023 38371 27163 18485 38267 30371 20365 47857 30411 33827 7131 18221 2533 22151 40148 19018 43747 33903 8222 5332 46115 14153 3274 15857 4662 18770 14341 24257 9363 33523 43306 37142 27767 10331 41625 18681 12170 34645 35129 6855 33281 16292 5026 40747 35718 22103 38038 13868 47843 28833 49546 23530 11927 16375 25897 36389 32869 43512 38993 770 5108 18991 46042 5432 27304 39587 43579 16358 31643 29536 38313 18120 26251 19799 5463 17948 26253 6829 38179 34113 3962 48672 39468 9360 39832 11915 24141 3368 46064 25875 18005 48450 26301 1301 2208 26060 7076 10155 32233 38975 15526 40502 8303 41773 17878 26213 41933 46862 7289 34753 36042 9197 19783 5407 25219 34610 11904 45676 48586 21416 22179 13920 40944 44187 17521 35010 10725 16637 29819 47620 4920 20316 35400 3762 25684 29165 16265 33580 15940 14078 14228 30787 464 35768 3875 16215 10249 13111 13279 20878 37260 10258 28789 27276 48727 8208 12321 8285 27773 37924 11284 3076 5902 48490 21639 13101 28091 7303 28720 42097 49358 33351 9127 45492 13550 22267 3630 26004 46014 35195 46762 28000 27035 30963 26334 36717 28928 29087 38383 23681 28757 12827 2104 23975 10764 9595 21930 22454 35019 33686 20058 34228 35235 16741 48668 5906 48571 36542 21747 5059 38863 10841 39632 9249 11344 46391 2580 18620 15472 15800 48360 280 18641 20638 4978 27371 43862 11142 9476 29198 38458 19296 27382 48383 21730 32425 38091 31355 43512 27295 6820 39444 38167 30696 43190 47097 13114 35644 31213 11271 4666 29928 42340 27929 34711 24639 48557 14957 47951 16205 10909 39714 1828 48221 4756 31162 43926 3183 33220 38890 18650 42338 22020 33576 23711 46885 26267 44047 28545 39577 27545 30726 867 43234 40541 17014 14530 16103 20991 422 15231 31015 28085 25340 36273 48656 20902 19189 17247 33077 45939 37076 25071 31559 11784 36326 8300 23660 2426 48136 34686 7351 27591 1753 32060 6712 47756 25917 22928 34079 24138 29429 2846 42838 23240 14120 2337 14755 11456 27661 665 8053 22355 33853 5563 37256 21512 6875 22926 17097 41046 15292 34216 8315 18741 22921 44586 31427 27827 17091 32973 40768 32311 7636 45535 22482 17775 42995 22429 35064 7369 17255 49446 17250 7046 40891 16338 33293 49474 27170 30300 19267 49377 37434 6581 43926 42833 41921 20864 33727 5222 40753 12354 45401 3651 37182 29854 30349 23855 4270 24348 33957 7324 38693 10299 39482 47832 9070 26522 15920 27504 16455 43030 26729 49625 13940 14604 47421 44385 2260 47426 24606 44740 33254 18116 8764 2335 11321 22497 21268 28311 49823 29619 33416 30638 60 49566 33765 30989 33334 23896 42505 9241 21439 35909 38838 2247 301 31151 7549 42788 12672 683 24257 20260 34979 32681 12980 19879 43983 18365 17852 28384 24767 28255 14855 14403 2882 31891 45342 11928 17533 18009 20247 41233 45261 46550 13126 37152 19931 20121 45503 21652 17375 35289 10762 44479 30571 19347 26234 12298 23026 23421 42877 49064 7035 40177 39262 40313 38784 48755 22399 21232 38200 45986 46921 31239 30216 7849 8199 19130 17513 39379 48646 39754 12072 6250 41723 49640 24450 2357 26703 32148 21670 49303 36375 46304 36577 42100 22089 22900 43527 6906 40641 14563 23238 33620 28737 17996 24385 30866 40355 27430 1790 20515 40513 43072 15775 29651 2885 27167 33967 21650 45313 4562 40044 6555 3260 7585 14032 35070 36848 17532 24748 7080 48843 34871 11884 12156 2934 35170 7719 40524 13718 14278 44134 12877 32841 34686 35052 668 25161 38911 41090 30929 138 35403 46038 23033 2574 26516 46365 24897 42676 31637 14639 17859 12475 39602 13135 37117 44170 21998 12509 23846 13306 8961 34879 7638 16665 30116 16543 18812 38371 14879 8842 49592 38778 10536 16391 49756 39370 43590 9821 31839 23636 18076 19576 44498 24336 17904 38965 9318 45055 2092 14089 213 49205 45172 14351 32223 18486 42822 6155 49309 46884 20561 31077 14588 7513 47917 6132 12679 8311 38159 17860 13468 44383 35165 44894 43245 13789 6055 39927 5176 38473 38240 29735 3304 12211 18461 10206 43237 262 6173 43494 11240 16712 39604 19752 29216 33899 20049 44037 28118 6350 14638 49470 47874 2413 30591 32582 34563 41749 19913 837 25962 48838 31157 46873 23028 14508 45552 14747 14120 16343 45291 35636 26194 40707 883 23935 8362 17938 18601 39569 11133 15150 30883 28036 34414 31313 12187 10969 650 31606 33974 19326 26526 7037 30555 34085 22451 17481 39257 26601 2320 27645 30524 5153 30717 16876 27317 11415 40597 23913 41509 22180 15237 30103 34568 23873 15127 12861 41473 8113 48139 32399 20158 47105 2409 26152 41740 14055 2706 41198 48154 18518 25087 21882 5141 14702 47334 618 24444 20401 41579 12508 18899 26071 20294 37388 5846 30762 31680 21891 5376 44567 46078 14290 46500 23760 27709 28959 39756 10186 43934 39607 21514 16713 24845 8873 3380 29536 48617 26508 14977 42315 24649 32113 20789 23381 27744 24972 46406 34703 37306 2809 39005 14182 49243 17701 15060 31322 18342 39973 31574 39053 34919 24457 7142 17256 38939 34351 34376 39823 26492 40725 46554 44876 14485 2965 12380 28077 39401 45800 48380 3476 37432 36475 38535 3343 47176 35691 45126 36138 9998 47476 26674 16327 29359 2010 12484 41411 43662 25226 19426 49539 33837 48442 48121 46351 13001 7252 29997 17072 20985 32490 2820 31825 29831 48218 17824 16104 11944 21852 26766 28080 23689 42411 44464 41242 27930 19058 30786 5341 9206 14563 3799 12409 47757 18103 21274 48006 33487 8953 27219 30236 17132 6400 23977 38401 11943 3702 25576 8019 2311 36250 47614 14925 40445 21647 46490 34288 46020 49020 15730 32163 42587 12984 45397 47200 23895 23719 16442 6327 13724 15338 41501 4205 24378 23291 16381 8978 42091 46933 39047 27615 11016 10376 24111 33621 33601 10128 36395 10277 30908 35789 4364 44338 46647 294 29352 33677 28612 43735 999 36355 6172 21135 41700 5160 20061 29194 23729 20957 17370 22532 41521 35707 33837 12621 23135 33135 28443 10758 18529 48830 28936 47786 35445 25781 43858 41588 27721 27358 13319 45468 19442 2531 16535 19790 45532 46154 38602 35789 38366 17868 29232 41143 22870 7749 36460 16156 1914 41791 22292 24106 30668 7266 21893 42790 33459 14712 31218 8028 8607 5123 6262 13310 22349 33944 33533 17591 25041 31699 30200 31017 23468 17824 48809 11074 24057 33058 4071 13975 1275 7324 6043 27595 22112 32048 17106 30188 16457 34528 35338 2852 13689 8966 45885 14886 207 43173 37968 25473 42160 21949 13355 12138 30519 1961 7121 5447 35182 47445 4370 43075 19502 22219 7759 286 45700 32698 4194 3210 15822 27158 22881 11033 16926 10438 19631 17809 18468 42860 7495 21276 35892 23316 1923 34913 41023 27574 36460 20072 14664 44819 46058 37034 8115 4281 31115 26512 27400 20285 22594 37617 48145 42009 12272 26033 32934 7081 20264 14861 31383 14198 12626 18354 10144 44036 22508 33266 44149 462 7724 745 47167 49823 38438 12575 30211 4493 14941 49986 31297 8171 47282 9350 34417 43349 18388 35392 4357 43457 47005 30038 23724 37567 35988 15685 30592 45621 2264 5836 27081 10511 17493 29524 31471 42570 17921 31735 34820 42626 22567 44940 19986 7640 3460 42917 29363 31018 45412 11509 2806 45336 37832 25154 1695 13966 30175 16378 22521 8756 35284 11121 10609 41912 21589 10180 4952 9181 48204 8795 10894 8491 45429 9024 18745 25363 39931 41606 10913 17734 32096 27771 24082 6078 23358 24638 49327 1422 46685 40564 38748 47280 43136 16362 33141 12898 38464 41598 22371 42043 34489 668 30602 3646 20586 37755 49836 4864 21031 34884 47663 24223 33445 13113 11030 20613 49333 17304 48191 46387 20731 2748 49591 9059 41928 29644 19348 29970 30625 33060 26265 16700 39395 14871 15840 3338 25105 24844 20188 20941 4738 26851 35123 15488 14151 33964 30205 48777 47033 46814 43822 49399 18035 24625 9002 40221 48868 11549 3008 13788 30546 29746 20687 28295 4588 4743 10014 4702 16289 22595 10589 40827 11980 43012 17943 40177 33952 45886 32201 5699 31955 35265 4464 6701 10654 6060 32827 31511 31565 45687 22922 12018 46814 20055 16955 49818 4568 41394 34456 26531 29067 32945 13433 41632 2853 31277 49873 20525 14082 19583 6892 3382 48493 13728 36025 36196 39675 16174 25529 46181 32808 4920 45625 25013 22598 38355 4940 442 11282 5622 3626 2741 48187 22337 32190 11833 4266 42124 10919 32204 36899 30307 29149 32331 21666 35886 19578 35606 7943 13042 19507 20182 32424 48482 34357 11098 39264 17685 49020 39212 22829 12828 25260 20936 1141 17395 7663 33756 8470 33089 36224 18902 29278 45670 14879 22874 44971 40197 14877 31920 11865 10900 16709 3591 41577 42920 37026 4620 28096 16861 23943 1978 44626 17523 34329 44519 32935 7429 1295 38632 25029 12275 43357 43495 20044 29067 7168 20716 31591 46941 11292 10533 15776 11315 30766 4029 49347 46734 41138 33690 27102 8014 20166 43513 42547 25555 34090 35838 873 30038 35193 9241 49081 31009 43775 10037 9196 27580 49454 8139 20 26734 4075 24119 48028 31779 46730 39764 19624 20351 37276 21541 20908 48844 44636 21653 44817 38070 9509 18802 43420 23530 23172 8552 41152 38321 24331 16223 8946 41189 48473 2644 10156 18388 21179 25035 2957 38601 5641 30277 14009 35533 33767 28059 42867 10330 26554 18507 39361 18859 47514 4493 26778 16542 12564 49900 36019 24361 6087 18239 34539 10963 44938 14143 46598 5082 10400 13370 28741 45129 44985 38813 21317 13499 42614 17199 5661 31353 32061 47095 18139 23400 15941 41077 31801 18953 48412 41317 16610 634 43068 6112 9681 22780 21657 12717 33325 11233 21240 26682 9871 28551 570 15261 37129 47720 26120 47128 18583 6460 48368 32241 39278 40067 33335 1133 48553 30699 18835 1244 18424 40504 26947 48538 33022 21654 33459 15452 49035 44446 14283 5614 10130 13966 47385 34454 31210 33741 6422 18339 46653 11843 25092 4954 20807 30721 23776 14104 29138 8564 43560 47316 28242 17130 35265 12155 46979 15293 16262 32274 14618 22286 40904 19381 3218 43049 46194 43580 17400 49713 31666 20428 4103 33667 17674 16746 43081 30762 38559 16824 34307 37479 10230 43616 35624 21765 4503 26273 36342 44725 28616 1068 3230 31666 21253 8747 49088 27160 17730 43303 33536 44863 19827 11003 44634 25707 25788 37071 14140 30585 29760 31991 9896 47531 22689 12609 48780 26261 29598 21670 44789 48875 6400 45878 19525 29052 37133 4999 1921 39259 41286 48576 16563 7894 31365 4591 41028 45777 35937 10228 24921 36540 26976 19940 36801 5013 3435 37617 2944 6680 6699 2943 42909 41188 29071 34163 433 9239 28011 45354 47545 38624 6392 44370 44071 46191 29787 26778 39055 27383 10961 14437 19897 28151 33992 9647 19265 21539 12887 16652 522 14377 22097 19948 21872 3997 38348 44444 48726 9775 30609 26503 31744 19529 21093 32658 28126 28019 42452 19075 25247 22664 37454 28976 27330 42630 13286 15488 28592 41654 5670 9184 18980 17514 4135 14132 48330 12083 8719 34001 48155 43532 15194 18354 38185 39528 42335 9562 25676 23462 7599 33322 47546 5499 5773 2114 33269 42755 48041 35999 17054 17682 33536 7056 45763 39041 1759 26361 2700 22017 21166 26090 14377 7891 31204 24255 10908 4433 28135 27508 664 39217 35854 40265 14595 1612 26855 41989 29514 9128 27112 7625 23041 34568 16685 42145 41716 42282 24029 39079 16588 20772 39624 5227 21213 11271 23493 46969 17684 25722 14599 40143 20399 3119 35705 9250 26295 8867 24348 4609 19029 19897 41430 40034 20420 33845 26171 17146 48814 16404 27726 29287 9932 41356 31223 21872 2483 41236 27054 40695 38514 32223 45382 18227 21120 15105 16659 16812 49945 8578 37227 34856 22011 7983 16325 45888 43318 23381 45727 29808 2368 18860 29468 12062 15799 45251 39981 2277 25383 48590 2931 534 22275 3177 35260 48449 710 7138 4202 25666 1080 44964 3058 37643 14463 34585 12087 15140 22553 10653 6928 15108 11737 8975 48306 8056 2436 7933 2599 46525 5727 47110 30406 5006 43422 17288 26493 27059 1435 48881 25906 28655 17041 15926 25516 4113 48921 36716 17598 37270 22236 47904 42905 38030 22950 43729 48097 48885 15449 4263 24867 25466 41467 8746 33890 3525 40104 2749 1319 26119 35128 39696 33246 19024 38854 13848 2841 43715 43851 41939 43884 4490 32897 13362 32368 7968 2389 43321 10564 35616 13397 41548 48348 41890 33743 15891 3804 7416 47292 16843 2407 49915 6411 27799 17287 14708 45727 32898 15735 12802 49463 30298 24808 37853 42825 1867 2840 22795 22814 40158 14817 38887 16244 37705 22808 31800 695 35384 8655 3899 40442 16300 39307 37312 29128 37268 2773 9112 12961 31402 21477 19924 31066 19708 26843 1471 27229 14244 25831 27190 23581 19141 48127 35803 12509 6679 14118 8062 48979 7444 4873 21595 36438 44891 26414 8059 25100 12843 9125 461 40001 47586 11305 10936 47572 38271 45297 45805 11414 41833 14365 35747 8193 36071 19434 21424 19468 49189 44773 33434 31345 30646 7498 14431 34184 38240 14955 25134 13409 23768 5868 32193 8318 35350 7282 10423 20154 33729 33709 32179 47913 17705 2759 30187 4250 45670 39877 35624 31567 10043 20719 7756 36945 24866 4339 5201 19124 25057 31738 28306 27813 7615 37791 40278 39993 23247 48390 10566 14446 46119 39101 35311 7816 4472 27184 49287 34180 46337 28620 33684 30924 16593 47695 25705 32540 16633 10437 41494 35971 18200 12735 42036 31351 9040 13052 3548 27667 10216 3054 45510 46738 27895 14748 34321 27220 21106 11952 41658 26229 36718 37007 8018 15674 17146 14653 18706 32453 14372 31188 27684 18385 8968 49313 39145 24146 41954 15026 26227 31778 30496 14742 9425 20851 30439 12350 11746 47458 12109 26437 14159 37927 42788 29194 20740 13953 33317 35907 49936 2816 20796 39700 15658 42695 27312 3636 18071 11327 32023 48979 21828 42909 36682 27765 13134 43990 30375 40247 38123 23730 44097 30223 23799 14223 30238 3508 13097 9003 29595 18166 1078 36240 19723 31771 3713 21195 18258 23391 7515 40623 27559 48552 5573 16266 18480 14885 31694 47756 28273 9867 31739 36418 5128 22720 5072 48091 21016 4765 28299 9402 19850 39437 7085 26267 23225 36420 5978 37141 31306 271 31125 23160 13199 24021 35601 6691 34363 41394 25075 46002 20653 7158 40569 15704 12371 14594 12228 42645 33226 41106 9539 34144 11108 28391 36601 24293 1010 27617 15910 39284 32725 42734 28329 38465 8081 4147 13327 40253 45361 28057 35058 43330 5289 7122 4099 2357 48875 46992 40223 21732 22632 47341 3841 27509 37326 19254 22972 44470 6868 12517 29130 39958 40656 40019 14483 44331 31673 42273 41927 42671 33343 35952 25150 45512 17811 10903 48158 17849 12379 34769 23713 45802 46040 6390 17036 31277 19549 27655 14992 33668 42445 42354 33686 5149 7474 41852 18147 12280 12226 23800 46784 4661 33668 35233 33833 31385 5736 18536 12152 36794 1337 8808 20726 3274 36530 869 18157 49780 46785 5275 30636 11081 28818 25688 15636 2680 24532 21718 49559 47280 47061 25476 34375 22645 48074 20231 39088 32752 6830 44216 26532 49297 1740 21820 30229 46185 31208 24881 7466 9901 8719 2517 42459 35030 42121 22768 46828 33557 17151 19954 43030 12267 2402 3388 13026 47459 20272 32725 45171 49296 28780 1759 26624 6960 29122 49742 2790 33772 30497 29574 1445 41589 17178 11616 36790 19245 33913 23114 28426 39109 95 7647 21187 6128 25832 2609 30144 48906 10337 16105 2310 28552 29831 36925 36158 44256 47671 49468 28530 30214 47676 7004 23905 45207 4786 12571 22420 44373 44389 31951 46853 16989 15579 5198 1075 30555 44762 21639 14753 10475 29972 31905 45888 6422 47652 31563 18543 43756 49190 38698 22205 19019 45719 11533 2007 16287 41984 35619 23028 37636 46324 37585 22116 41125 1020 36777 44031 23240 17470 33236 41020 27066 38865 7454 14730 3912 14594 14441 20414 17432 15844 20807 2149 32534 33062 34545 32158 27235 42259 11627 10325 46196 28469 35409 48494 42045 7426 25178 33849 39218 30848 45253 7754 13659 13578 42753 37861 3051 2107 19950 4113 44149 41342 11934 17110 38850 4302 20087 3473 1790 11131 36219 27256 27817 11192 38070 16886 46327 23536 24593 43496 45533 14278 43741 30961 1478 31479 2182 49318 47499 16877 15116 5317 18109 24568 34489 18939 313 22222 25931 41684 29365 29801 18058 44696 49779 18273 41954 28575 40013 8410 37209 29464 30778 48157 26776 14195 10502 23341 39776 19867 49398 48008 6302 34958 31025 35745 27074 48745 8765 38123 39249 13705 13374 5296 40172 4960 28402 34848 38615 43084 11535 2815 16330 7102 5101 17782 3423 27158 22802 41705 46076 49716 42958 46098 44232 40522 17044 24130 28473 43914 24016 19243 6463 6263 33124 5096 1602 28872 32752 19471 39756 5534 3015 38900 26299 46711 22972 16506 31913 11936 32435 27308 233 8297 42952 1206 30779 11750 4367 49934 24226 35420 22293 41910 6283 35617 40187 24853 4862 29423 38952 46440 10392 34467 13641 23736 40290 34148 13659 22546 48291 5564 18610 16875 49711 36851 49910 30932 22199 41359 28442 11597 8551 14941 32846 47352 15004 19358 28389 36986 20743 26441 49810 485 928 30239 761 1061 20381 13940 34229 8369 2070 26838 21814 44385 7715 14219 39631 22835 43007 44807 27812 40176 27449 45812 49973 8926 33974 40361 36937 31548 44011 9616 33052 19528 3988 48348 23528 22102 26469 15621 7703 22582 37432 17993 31560 47448 23085 14779 3050 21892 13266 22589 40623 6483 16121 47811 45892 44725 1225 36585 19119 49930 24822 40842 38271 31354 46149 41880 10185 16305 41660 31362 40299 42079 41136 5861 16888 43502 40192 13049 2046 45596 41813 35543 40150 11090 33400 17222 10049 17529 44658 35460 42120 4414 42926 3082 1307 45584 7777 42700 6669 11614 5496 30320 2678 21566 34874 1016 7757 1349 33480 11551 31552 39452 3008 25948 3262 44310 3493 48628 17947 17716 34899 15225 43875 20647 20483 12269 35241 7243 20383 44281 30592 2084 15595 2689 20454 24631 1192 29680 42297 4112 12267 14291 15844 16976 16874 14074 37060 37960 36358 24707 39023 10506 14531 25891 28447 40400 10544 12575 26939 40762 37927 49628 38540 31633 41496 5322 7203 37348 19017 23232 25436 13040 21558 40864 40894 30389 848 9114 45973 32919 30533 27099 22436 40787 10658 14901 18416 7804 26532 43531 33104 10160 33636 2940 27625 39288 13658 16023 12355 39620 23889 9799 24199 18894 2109 10048 45804 11021 47617 45808 15242 19900 45099 42989 8605 31405 24149 26512 39007 32165 42701 16649 1173 14600 46532 28425 21181 6222 42540 11981 13933 10254 47749 3727 34019 31519 18575 42497 1012 42 30973 27133 32848 6710 16716 38006 17522 44787 1805 2481 31008 7414 13771 36766 44057 24853 25734 18035 41089 2441 28218 29276 33138 2517 601 49272 21374 19634 5354 3521 39555 43358 10482 33794 41656 5870 48885 15755 41435 2828 40421 7955 37647 40154 9313 5238 32825 17656 7104 43153 35375 46021 6467 22765 16405 3808 2323 7110 4363 154 1241 42327 36907 3369 27217 33980 35700 39791 49993 27193 8751 42912 3778 20589 39825 41828 39374 48621 46251 16309 24861 29065 27792 5692 19605 43552 35941 37040 13302 8252 12647 42784 21485 34026 49920 22070 22775 17343 4375 31112 39242 38633 6305 11309 13945 38567 29391 31883 7646 4818 31847 49299 19398 43519 19494 18313 3954 17631 17420 34228 25767 25978 38030 7387 9602 15826 26199 5234 49638 13907 28192 48250 28301 3953 7168 7137 25667 47476 32213 42210 23373 22298 6541 16023 12260 22839 7487 28362 26031 1437 37282 39317 35404 14739 20552 13302 45613 35614 34268 35079 7743 38328 16733 7206 7836 15137 21561 8900 16940 42561 27326 12100 10291 30026 20462 4942 14224 10045 47800 41689 1380 16943 38845 2563 9264 27594 36212 11368 17939 11028 30848 4794 44760 7282 28441 45440 8563 26252 31904 27020 36137 36769 20399 49762 16973 34509 5224 17519 32562 47063 9423 20134 34556 29944 2586 1609 3692 20545 37913 37023 3578 31057 32147 3139 35858 10269 21188 32852 20959 32890 4524 1634 4314 9163 39472 2384 49429 2979 350 21024 26115 4302 12337 36280 16143 41132 21630 38354 13483 41184 16052 501 14175 11723 1447 5969 17269 49156 6705 32494 37694 713 33102 47237 48681 12791 7494 31511 32809 23538 46163 4226 28879 43429 20300 8035 9775 34914 5024 31705 24195 25606 31104 20359 1117 31472 19857 1886 18752 40757 44615 47975 10976 30655 34413 31165 5669 49387 9411 37293 36061 44120 18737 8946 37251 13180 14943 28343 5460 417 47665 44268 35216 45999 29228 28159 29326 44032 46208 8133 10137 25420 642 36519 28676 2358 42281 26532 25040 22983 41621 19011 28711 8727 3049 12260 8167 26373 651 1225 45857 5254 48013 39725 47601 41200 18242 13392 43211 3363 45365 47488 1847 45966 34068 3975 26360 13445 13111 42822 35235 24313 16812 47354 37715 35663 40369 5772 47163 46568 18483 39475 5059 41248 45712 27778 217 41790 20766 12442 48459 16291 23259 14093 15102 479 37469 5315 32352 3771 18854 14621 5199 15270 20843 27942 14766 4809 37768 27777 5587 47034 1276 35308 25407 31990 17069 24138 41222 31344 885 17526 49531 24826 44129 36826 42362 21258 12320 29629 45631 48630 25902 4042 1814 19273 18019 2582 25733 2237 38599 1487 28936 36017 35055 8741 13393 16767 16580 5714 3591 11989 25148 1209 41452 18646 10914 19913 29023 16752 42649 29846 20782 33244 45412 10202 49042 11936 13964 41057 48288 38266 42308 7888 14538 10371 336 25620 29096 8648 30580 28419 32820 33296 34905 1965 5404 47257 23511 48317 19308 19385 23506 32407 25420 29280 26042 49895 42590 1291 19194 559 18943 39803 31032 45020 31602 16401 21950 26942 19278 7647 1252 5484 37821 28744 1714 24263 30584 40965 28798 31928 25776 20800 48346 36805 11188 1180 18084 49960 19061 39586 43092 34786 29218 1878 16086 21743 24488 36706 17215 41378 48630 34448 14629 9148 9333 26464 37338 13740 43222 1483 49878 46373 4777 35346 5256 4613 27581 25213 36932 35935 45190 2526 29666 24131 46744 47531 13133 5337 25989 43737 27444 1247 31870 9983 40742 36772 7443 26972 12776 12578 13709 27454 43499 40489 28290 29227 24366 46601 42698 35309 28144 22625 45137 15643 7229 34883 21006 8427 17262 17515 3780 33779 31442 17609 43974 47805 30846 15622 10963 45722 34111 3985 45342 25892 24286 19218 4963 7326 31416 49062 21388 19488 16368 9320 25895 34817 28139 41060 49531 16357 45298 45469 21610 38487 1053 42046 19746 2998 33288 11717 7413 43969 14030 4927 40382 37316 49582 34048 31515 37125 25 12538 2146 42205 32415 11623 32047 22500 8463 4282 15106 27817 16947 22036 1303 49485 47549 46406 22278 37720 7615 28947 3012 5192 27165 21430 42325 20391 11930 23203 34054 3050 15164 40949 23315 17452 43845 705 31387 48057 33482 25970 11277 1647 44876 3686 42082 48872 9103 40999 49065 49213 5816 5402 34541 31861 46345 42453 15506 40375 17008 8166 38667 37880 19629 46460 8389 30378 29693 42840 30884 8361 24701 4271 31627 13287 25670 32139 5300 46357 26871 33500 28378 35772 22184 13503 26427 1069 28621 49970 27714 31161 17980 18183 8478 42680 16721 37852 3032 28614 8255 3276 2364 45991 6416 5965 13103 39188 10327 367 30316 3773 39751 8939 20715 21188 27042 18726 38345 42794 13017 3531 24960 43820 33264 4668 27844 31841 15168 8552 37229 2383 34546 45324 25800 28161 1208 21155 29425 21494 40537 10 4500 30599 16960 14971 29128 3138 30451 40909 29885 25533 29131 21290 48379 31909 43850 44064 24296 39226 1892 36771 5173 20921 529 46186 41148 37776 13778 20673 4886 28900 12777 49769 23115 19329 19768 1395 9894 45250 19169 30219 14208 13352 19112 46189 18720 36730 31410 32750 33274 9479 9611 30813 6248 42418 21332 15878 11728 37862 30698 45167 10243 44089 7349 3208 48374 26971 4194 2992 44423 47276 17053 36827 46069 36487 28929 43124 39547 11660 33882 32652 43152 10071 32894 44336 25388 49489 30841 11677 9006 21656 1406 35454 44407 3661 30815 11848 31725 24526 11206 11715 46347 16466 16015 7386 44489 1327 37165 33429 2206 39432 14835 14487 32007 1805 25029 21589 38191 15418 4721 1737 31202 5702 18828 42945 24300 20521 15105 10852 45594 35459 36066 20472 17097 40730 33520 41208 12797 23790 31742 19057 46276 46765 35568 13880 27975 15711 9788 48412 26586 28164 299 9660 10456 28979 13825 48144 26184 36666 20378 48141 39709 29158 16805 46868 8849 31429 43805 40429 43269 27803 26653 3171 47331 19009 40319 34421 23158 37371 8989 48920 15542 20290 17433 9825 23782 22667 37701 48764 44523 12657 34467 38921 12729 29436 35924 15398 27244 20643 40579 31131 7507 49775 32889 39725 6637 46325 34242 25829 6237 27838 44025 28517 12208 35765 2591 32175 11801 23294 7132 6782 40362 13560 31314 26318 89 22127 44161 36799 26306 32326 7962 22265 27741 27999 21229 30462 7635 14749 3552 38281 41368 9019 36393 33386 19988 21968 37651 14067 3858 34736 14171 45974 10695 35998 48875 47903 28467 38402 17555 43296 3821 10668 13760 43089 28762 38833 29327 23226 7041 26117 1212 21576 32735 37672 21405 14206 7350 36580 36427 42995 14520 44744 47255 41152 43139 26899 3892 48167 31878 35320 3328 29480 143 39697 31844 11651 4512 16040 14412 47713 40441 26864 20575 49115 26126 38378 1863 26868 18046 27589 40186 14430 34155 16632 8149 29871 45953 22898 29280 39071 32981 26232 46297 38436 11052 10051 31664 18956 13582 14062 7963 49817 28503 2804 14040 18299 46466 30416 28713 13271 49108 26048 2332 34868 15975 11994 18307 42179 49718 29906 28164 49873 26995 14425 26405 34961 18237 49263 5454 1457 4485 47514 42523 15727 48576 7213 40367 38414 36341 45352 15947 7865 23601 33261 
