// periodic
// number of jobs
1
// pi
50
// Cycle
100
// aperiodic
// number of jobs
10000
// pi
75 20 25 53 48 22 67 2 66 17 46 15 30 2 79 28 43 97 36 44 99 90 2 73 75 62 29 10 25 46 14 40 26 64 78 40 24 13 46 69 41 59 2 88 73 85 7 48 21 29 13 4 53 86 76 53 51 59 94 28 17 46 10 34 59 66 16 9 60 63 94 99 79 13 21 15 34 34 35 60 34 31 21 4 7 25 12 72 12 60 16 16 25 5 17 32 6 95 91 29 90 72 31 82 44 73 60 73 34 96 1 56 39 6 41 38 53 7 8 7 71 12 62 98 88 61 65 55 37 55 2 16 5 61 56 64 55 10 58 69 91 29 34 11 2 80 70 94 76 13 50 21 99 63 20 33 5 55 65 65 38 14 53 98 1 3 32 20 52 70 16 89 69 48 87 71 5 89 73 33 67 73 78 17 27 45 96 56 53 51 82 10 54 6 45 92 92 22 12 52 36 31 83 67 1 21 17 19 42 53 74 2 83 81 21 43 7 36 28 17 90 74 4 15 17 65 14 32 41 23 28 67 24 21 37 72 94 4 28 97 62 70 3 46 26 73 79 30 65 66 53 24 53 26 22 82 15 37 30 37 89 48 76 34 56 42 57 50 68 34 73 36 93 51 5 42 80 14 83 56 63 97 67 13 15 58 45 98 14 74 75 34 6 27 11 85 94 55 62 16 37 24 15 68 18 71 40 45 9 94 72 37 9 71 13 95 53 27 56 25 75 1 58 29 69 87 28 8 94 24 48 15 9 34 83 93 63 60 92 74 45 81 6 22 58 69 54 51 74 8 60 80 99 60 65 6 91 51 57 98 54 55 24 62 10 80 69 30 43 41 54 61 26 64 85 24 87 45 68 18 46 88 41 87 1 99 90 81 64 40 81 42 66 90 91 61 20 73 67 41 65 74 64 26 92 29 6 18 31 96 64 76 28 89 69 64 79 61 4 71 10 18 96 45 93 50 1 98 16 5 32 63 52 46 28 97 85 25 45 2 34 52 16 2 69 81 96 7 21 3 11 56 95 14 1 72 67 75 84 53 95 91 29 68 10 15 43 36 94 2 11 86 16 96 97 89 81 7 4 1 99 65 69 65 46 63 45 47 86 4 84 32 15 49 1 31 24 74 58 51 58 90 26 26 13 88 42 32 41 82 70 47 30 43 80 39 14 78 5 87 64 6 68 52 21 37 1 23 2 65 93 34 28 8 15 93 57 22 73 33 95 20 42 39 36 38 41 34 76 21 34 83 55 26 89 38 34 8 88 87 84 16 67 35 81 64 96 40 85 66 38 98 80 5 58 84 23 6 89 39 84 85 37 44 52 8 25 35 63 44 54 25 34 16 43 5 86 18 22 77 49 16 70 14 55 70 94 57 29 63 16 17 98 32 55 75 47 94 97 37 79 69 93 97 83 97 86 44 34 30 10 19 6 64 77 63 98 5 81 6 25 14 42 41 49 48 50 8 64 63 51 85 84 24 53 80 3 29 58 31 32 87 86 66 72 43 13 40 5 27 81 3 86 58 90 71 45 70 1 91 35 51 36 61 16 79 85 65 42 45 85 38 19 27 46 99 56 42 38 38 34 19 34 25 58 74 52 83 35 41 14 89 74 48 65 49 53 13 76 33 68 89 10 97 20 82 1 12 64 20 39 9 53 29 49 84 6 1 57 1 58 9 38 55 46 47 78 72 31 57 79 95 35 20 42 62 99 63 65 30 51 52 78 95 66 49 81 46 58 34 63 82 45 57 94 63 71 74 11 9 94 40 70 14 71 55 42 32 33 30 94 70 40 24 34 56 9 58 38 67 35 63 58 87 41 94 87 96 30 5 99 72 70 97 86 67 20 63 47 92 45 29 67 26 13 57 65 90 27 70 40 8 69 65 55 83 96 1 53 99 89 30 26 66 59 90 53 57 62 66 50 88 90 26 29 58 75 1 53 29 16 85 91 42 70 84 91 49 40 77 57 72 10 3 31 10 67 43 71 80 48 58 81 21 16 54 73 83 23 7 72 14 93 95 20 97 81 77 66 18 49 1 20 5 54 27 76 45 51 70 5 84 76 68 61 56 43 20 33 6 41 85 16 93 85 25 68 66 24 34 88 26 66 97 96 3 54 92 53 65 43 71 94 90 98 71 84 35 36 94 58 38 76 16 13 84 23 44 6 7 43 98 74 39 11 93 12 37 50 61 80 53 39 29 43 48 51 2 77 23 98 34 27 69 19 5 68 34 44 30 49 1 69 85 73 60 47 98 91 82 78 32 32 65 75 71 41 79 66 94 96 71 35 2 87 59 45 73 3 7 96 98 81 70 97 52 35 13 61 95 73 60 57 31 24 50 55 77 21 65 76 88 64 85 16 17 25 2 13 71 58 81 4 35 40 11 94 75 22 54 58 45 14 93 94 35 35 44 21 16 92 47 37 30 34 57 94 48 72 25 89 71 52 46 45 86 91 78 66 22 61 21 19 83 45 66 97 91 27 46 67 80 85 53 44 24 96 53 82 69 62 99 24 57 87 5 21 42 69 41 92 83 67 1 91 74 86 1 72 73 5 46 20 58 65 38 78 74 87 85 17 91 53 92 23 67 98 34 75 4 69 5 45 7 25 14 65 73 78 19 99 91 66 98 81 84 99 14 83 48 15 89 37 41 23 64 43 23 23 76 34 1 1 71 90 5 5 59 55 51 67 76 67 44 55 17 67 29 35 25 34 9 15 32 54 77 95 97 2 59 95 84 23 26 4 36 55 23 5 42 25 56 55 54 75 89 83 65 19 18 58 2 37 68 17 68 51 77 23 41 49 47 88 22 39 34 64 75 86 74 59 30 3 43 9 99 32 16 95 76 24 10 67 40 60 31 19 68 19 71 32 92 47 94 69 89 45 30 59 97 97 44 69 74 25 83 56 47 15 40 82 29 98 70 5 34 25 31 14 83 21 38 38 26 12 82 68 46 96 49 6 25 92 93 98 49 28 54 12 98 58 67 93 64 73 22 23 13 94 96 93 66 11 2 21 91 24 3 54 17 4 95 99 46 60 59 77 29 97 52 63 52 12 80 41 62 42 2 41 47 24 14 19 73 4 51 88 55 86 68 54 24 96 38 81 16 12 75 94 95 11 22 85 67 73 26 71 39 70 53 21 14 34 65 86 68 19 3 64 25 58 20 54 58 78 68 27 31 33 63 34 82 28 31 31 84 1 66 33 13 84 52 75 48 27 37 33 8 23 82 9 98 48 3 65 28 17 23 61 17 67 53 43 31 47 82 59 73 63 91 42 68 91 43 23 39 59 70 83 73 26 27 35 74 47 61 27 50 68 8 32 24 88 67 73 23 32 25 89 27 43 71 58 65 93 74 51 83 63 34 40 99 51 32 69 52 43 22 69 4 23 95 67 24 65 73 53 26 86 1 72 29 40 19 50 30 85 57 17 23 86 91 99 59 65 35 49 33 98 7 18 38 74 59 91 44 27 79 19 67 72 87 41 62 74 87 18 68 85 53 49 17 32 44 67 11 59 94 18 61 59 35 47 91 74 78 75 56 91 96 70 5 93 92 30 95 69 84 61 98 21 36 17 57 74 84 58 53 25 3 33 41 93 87 20 37 15 41 86 73 91 25 54 66 22 78 14 17 92 61 29 82 1 13 46 95 65 84 14 14 84 47 23 22 48 68 90 99 47 26 19 75 90 1 31 30 18 20 26 95 45 3 99 15 15 17 9 46 75 78 84 69 71 43 40 7 43 6 52 31 1 14 96 63 94 57 22 88 44 11 59 96 23 28 46 45 73 26 32 59 14 64 7 50 75 33 25 49 71 3 99 67 57 16 77 32 8 89 34 85 14 35 39 56 7 16 14 74 47 50 39 67 94 22 4 4 93 46 59 1 68 83 56 3 60 31 50 36 55 10 63 39 81 40 25 52 7 32 79 94 38 8 35 79 98 48 47 21 48 12 34 99 67 20 7 50 62 45 99 37 12 10 43 24 8 31 20 97 38 12 25 91 33 40 52 84 62 11 51 31 30 89 29 52 12 92 77 54 97 64 78 28 6 72 59 32 7 26 58 44 72 51 3 85 44 14 13 55 81 93 7 93 98 97 27 6 34 43 6 61 88 45 92 56 12 25 60 34 91 67 77 8 89 83 19 42 72 99 40 41 69 29 30 52 68 59 51 77 85 13 78 9 8 19 82 68 54 30 25 71 76 8 34 83 17 63 90 39 64 66 80 43 71 13 87 3 5 43 24 52 95 18 76 32 15 85 83 40 38 17 6 77 99 82 66 87 12 78 5 2 68 66 95 88 30 6 31 65 99 64 89 69 70 31 85 59 87 5 38 64 59 24 46 21 12 9 38 40 99 66 10 58 21 16 83 92 76 41 56 39 8 12 9 68 92 35 3 31 9 82 14 36 28 48 13 4 28 64 61 49 11 70 94 7 77 44 44 14 94 42 69 38 74 48 46 32 58 65 70 79 74 4 95 46 22 8 91 25 34 28 84 22 92 47 22 35 25 5 31 90 17 33 73 84 85 25 29 45 64 50 86 49 32 63 58 64 36 12 34 98 89 91 52 41 84 7 72 31 53 56 18 27 83 57 89 5 67 96 86 16 73 58 82 91 60 33 5 65 2 24 6 99 49 66 83 22 63 36 5 60 2 3 53 28 11 81 6 86 71 87 74 98 16 82 30 70 83 96 38 57 52 66 88 67 72 93 20 17 41 46 13 62 56 55 40 10 67 41 71 76 37 84 68 18 72 1 14 79 95 53 8 9 2 57 97 9 50 43 21 77 63 6 96 87 76 66 6 81 44 55 17 49 71 14 76 77 59 70 90 17 67 64 23 7 66 1 75 12 39 58 54 75 75 13 56 53 61 9 39 80 85 78 13 33 23 79 54 2 16 69 35 27 56 21 26 53 68 12 7 51 13 7 59 92 94 17 15 79 36 26 48 60 74 40 53 41 85 37 27 33 47 74 3 4 56 61 51 45 15 42 91 19 46 48 70 50 92 7 33 77 16 45 66 21 60 15 55 84 58 4 61 71 3 1 91 11 93 59 14 30 61 72 8 1 54 31 21 28 24 74 4 21 54 9 70 17 29 6 39 68 45 67 56 18 87 51 57 5 72 44 30 19 19 95 27 43 21 19 3 8 37 80 97 2 26 31 42 69 19 81 22 40 28 12 58 80 15 3 67 73 47 43 19 69 4 73 46 55 83 34 1 29 78 58 99 24 58 65 5 69 15 65 92 29 31 15 77 45 42 83 1 91 30 74 13 95 34 11 42 54 58 4 16 96 94 45 54 4 56 48 84 5 93 30 19 87 55 57 17 22 27 48 72 7 94 57 82 68 95 42 34 36 34 43 99 11 95 26 35 28 63 81 65 48 54 73 76 53 22 6 71 67 75 39 83 38 48 81 45 41 57 40 41 39 75 52 58 22 97 29 45 41 4 98 36 98 13 87 5 7 59 8 65 42 92 58 65 11 54 84 84 94 17 74 35 62 43 19 82 98 39 28 15 95 72 85 20 73 42 33 40 99 60 47 23 22 94 40 90 30 98 9 46 5 15 55 23 82 76 70 80 10 73 84 58 73 38 56 54 37 63 97 35 96 95 95 86 60 5 79 91 80 71 7 5 19 59 65 32 73 30 91 20 40 76 35 75 63 12 48 5 75 38 33 29 87 28 69 9 92 26 50 15 48 63 87 42 76 33 65 46 37 63 72 1 79 1 83 81 41 48 11 36 51 44 20 15 15 5 20 66 13 50 54 43 17 68 35 30 46 12 91 86 16 83 90 78 44 90 42 63 2 63 46 39 22 10 93 31 36 19 33 88 30 56 84 28 31 68 96 65 40 42 90 93 41 33 64 43 32 70 19 58 16 6 63 2 26 14 54 16 76 31 4 93 94 98 20 55 77 46 34 26 76 22 74 63 85 62 80 95 73 46 28 56 96 68 61 16 80 26 89 12 15 27 48 52 24 41 80 47 36 84 80 44 17 79 59 83 84 73 61 59 82 23 48 84 29 7 6 98 27 13 89 3 38 91 80 6 29 56 45 78 27 95 64 64 30 14 99 54 12 51 56 4 14 98 57 47 64 76 96 12 93 32 6 2 76 77 64 88 20 90 22 70 41 90 87 76 65 14 73 92 87 2 84 21 60 35 82 18 7 14 21 70 68 85 91 45 51 72 9 48 56 63 50 9 41 4 63 73 85 46 39 21 67 90 80 77 3 38 12 17 79 46 93 25 29 86 8 96 43 3 7 53 87 86 48 84 68 1 32 28 24 29 69 56 57 37 19 4 84 4 88 54 80 19 15 51 78 19 95 14 18 97 97 24 53 91 34 59 40 92 74 57 47 68 1 65 13 77 63 62 35 45 41 21 48 76 66 38 25 89 59 6 33 62 53 42 88 20 13 24 45 50 36 97 65 97 53 70 97 2 87 61 43 76 38 23 25 25 27 57 83 75 5 20 49 92 48 13 5 56 14 77 29 96 88 3 56 97 97 51 7 1 24 55 80 63 96 75 16 63 75 14 27 37 68 89 4 2 9 35 51 23 52 23 77 84 93 11 89 40 55 57 54 20 32 29 46 9 83 67 15 80 10 23 33 87 76 90 56 70 34 47 89 87 77 71 44 93 10 14 16 94 1 44 33 39 20 52 3 54 12 13 71 22 27 78 86 34 35 63 72 97 49 15 52 40 44 53 69 63 61 73 36 17 65 33 70 59 34 61 76 75 80 77 32 6 53 47 34 7 78 29 65 52 87 17 39 56 63 78 73 50 95 68 15 38 86 57 2 97 13 16 55 45 98 70 11 45 25 81 18 66 13 33 13 19 90 21 70 10 84 52 22 5 22 14 62 86 98 92 88 23 29 90 10 82 62 28 46 89 66 69 72 82 61 85 91 97 74 31 22 31 59 47 75 70 83 94 94 73 39 76 33 43 88 98 6 95 81 99 92 60 30 76 15 57 92 57 91 14 3 46 93 43 79 67 9 78 22 23 67 88 60 91 61 72 24 1 28 20 79 14 8 29 81 66 83 82 5 53 73 93 86 49 76 95 35 45 19 44 48 14 68 40 48 21 92 66 28 15 47 8 74 12 52 48 36 53 91 33 76 47 4 43 80 81 26 86 49 66 18 28 56 72 41 30 69 85 26 21 81 38 74 75 54 96 91 20 31 62 95 85 77 98 58 18 29 54 91 63 63 86 13 52 67 75 15 61 66 55 94 71 62 90 71 46 46 19 91 50 77 32 21 51 14 63 27 49 32 42 61 52 9 47 74 93 84 21 53 67 7 23 53 86 37 32 50 40 44 76 36 51 27 94 54 24 50 94 46 95 19 38 61 87 81 1 82 8 15 74 76 43 69 64 89 5 33 90 51 42 7 15 32 23 20 93 52 79 77 43 22 17 95 3 2 77 24 28 34 32 71 58 57 94 91 13 62 97 48 52 95 67 8 4 6 99 19 65 70 66 96 72 69 14 98 47 39 52 54 26 61 64 6 97 18 18 53 10 5 27 80 9 77 27 17 86 29 87 21 20 38 89 51 59 56 26 76 22 44 92 32 34 47 95 42 42 85 15 21 9 57 73 65 39 88 83 62 21 87 40 25 5 94 74 53 73 96 80 38 23 99 95 97 59 80 5 24 48 41 79 6 15 69 94 44 83 80 73 22 70 26 94 83 72 21 92 50 43 27 44 51 43 5 42 45 49 68 49 4 47 62 26 88 7 14 62 13 20 76 25 91 90 61 7 88 99 36 92 25 32 14 60 21 78 65 43 81 55 80 97 77 26 25 23 43 57 53 76 69 66 10 1 38 2 85 33 73 56 98 51 25 3 72 4 91 22 57 49 16 57 60 27 55 66 53 36 52 66 58 49 28 89 22 35 55 69 22 13 71 84 23 99 20 30 71 95 18 25 19 24 78 37 81 68 51 80 70 89 65 62 29 48 93 10 14 87 52 18 38 5 32 36 46 25 27 92 17 11 60 6 20 10 76 6 16 37 54 5 1 8 61 20 33 67 44 19 84 9 54 85 60 83 32 91 27 21 75 69 50 77 10 91 9 1 41 35 87 15 97 95 22 30 9 2 69 39 49 79 15 69 36 58 62 52 42 74 88 21 5 30 79 50 54 93 92 90 34 82 61 10 29 85 32 43 54 16 32 6 11 75 84 12 50 66 95 10 21 41 1 62 96 79 75 97 3 46 56 16 55 62 2 59 11 48 67 15 81 27 69 8 27 29 97 90 10 59 71 13 95 97 86 31 62 11 52 42 53 27 29 25 28 36 26 39 29 88 98 64 4 45 67 91 13 87 90 56 57 61 2 18 23 35 27 97 15 22 49 64 75 23 25 54 35 47 13 1 78 51 6 10 77 16 26 53 37 1 39 16 95 90 7 9 29 40 34 50 58 94 34 32 76 76 38 2 85 56 66 87 10 21 56 53 60 89 73 23 44 54 78 21 31 7 72 50 70 92 63 66 26 52 70 80 38 43 30 43 49 33 22 85 76 12 68 58 52 67 64 2 65 4 18 35 20 78 29 81 37 71 85 11 85 69 36 26 3 77 30 21 36 5 70 52 14 65 18 71 78 94 49 17 22 81 40 41 94 98 76 80 92 22 41 21 38 70 99 71 99 40 79 63 54 90 73 94 39 67 65 22 6 84 10 18 2 70 30 57 92 57 21 22 91 56 93 48 71 79 77 34 74 62 43 64 24 42 16 26 1 11 21 73 27 59 52 61 88 99 90 50 34 40 48 5 4 68 19 82 24 50 22 72 45 83 8 48 62 60 75 4 96 61 59 88 76 34 93 4 58 47 87 36 88 99 18 61 38 32 39 20 92 24 64 96 89 67 37 15 66 33 25 81 34 95 53 46 55 69 65 72 35 52 69 3 2 39 60 69 83 41 7 50 99 67 37 82 67 89 85 93 60 56 61 10 70 28 75 61 45 57 56 34 53 66 46 14 78 62 25 88 92 74 54 66 33 86 56 29 89 76 79 3 22 85 35 37 13 73 74 49 67 98 10 60 65 17 52 56 61 19 3 62 55 3 42 88 17 2 50 7 82 5 30 79 61 19 21 4 51 89 14 11 62 72 70 92 3 75 40 71 83 27 84 68 50 72 19 78 77 53 53 43 75 19 57 91 3 48 33 69 54 22 84 23 7 6 60 52 1 77 16 79 44 70 38 51 16 84 73 34 36 66 33 86 93 71 61 96 78 51 40 22 67 91 32 64 38 14 77 45 22 14 44 82 75 96 54 38 66 15 21 89 26 36 6 8 82 4 58 10 28 1 4 31 55 3 74 19 2 12 95 51 88 48 58 65 28 96 87 28 14 60 85 6 19 65 94 78 39 57 44 47 78 77 3 15 97 41 25 84 21 23 67 43 66 92 66 63 16 92 2 19 61 31 49 9 41 88 42 63 5 37 98 12 45 63 23 16 67 20 6 77 3 85 18 80 81 21 83 74 2 59 58 77 87 72 93 73 93 47 48 73 52 3 83 20 58 97 32 97 63 76 14 55 51 90 67 7 66 80 4 20 50 65 32 26 9 8 37 86 64 51 52 50 66 57 53 79 93 37 85 91 30 22 5 41 89 83 18 51 37 85 87 44 82 73 67 84 49 49 99 53 43 53 67 50 8 17 1 53 4 16 4 61 88 47 94 57 53 91 88 66 97 88 58 8 68 46 82 73 3 1 73 77 59 25 95 62 56 97 33 90 37 17 25 36 47 70 77 68 53 63 4 95 68 48 38 18 69 43 96 31 18 65 58 79 95 37 44 43 59 44 84 85 61 80 80 46 98 14 34 49 96 39 19 89 59 70 97 25 74 91 80 72 33 25 25 95 16 10 78 47 19 33 16 23 84 79 27 33 58 99 9 46 33 32 79 60 22 30 7 71 32 43 39 32 1 6 4 23 14 1 25 95 2 73 29 39 30 52 69 20 93 23 79 53 70 99 77 67 99 99 11 37 97 79 73 19 55 8 83 41 78 19 49 67 19 84 97 57 68 86 83 44 59 34 85 78 84 69 1 31 4 7 8 46 65 9 14 69 70 26 50 79 62 11 26 46 74 55 84 39 71 39 19 23 51 96 43 5 36 41 13 57 44 41 17 38 53 47 76 91 95 16 93 29 44 96 20 42 95 73 52 59 96 19 85 22 10 61 11 89 90 60 53 35 32 28 87 84 77 67 17 53 60 82 18 4 20 29 37 66 2 10 76 24 26 89 51 60 50 28 13 47 67 33 14 81 98 7 75 27 71 77 42 33 17 4 85 58 51 91 37 79 69 2 85 95 41 44 73 96 42 91 28 18 84 43 47 31 65 33 1 25 20 23 39 95 91 57 39 44 92 40 34 50 98 21 42 37 37 7 16 87 78 29 30 62 39 44 38 10 40 40 43 79 68 66 3 53 48 40 16 54 28 80 8 53 50 18 21 2 35 4 77 67 13 76 83 5 46 81 2 39 92 39 61 48 68 68 67 31 77 7 78 71 38 24 50 63 21 91 44 67 52 9 11 1 89 56 22 35 57 35 54 42 33 87 43 46 71 90 21 81 75 55 72 27 23 29 19 14 61 44 35 93 92 79 17 70 95 35 71 29 27 93 66 74 12 2 49 35 84 14 50 33 94 85 58 55 84 89 29 97 22 43 32 21 95 93 31 7 68 72 9 61 40 11 66 61 16 62 76 83 23 39 11 80 69 62 34 93 19 24 75 47 74 3 82 44 93 36 54 56 68 59 49 69 32 23 39 42 35 91 23 67 27 58 10 15 24 22 20 31 42 21 96 23 98 49 58 13 18 41 15 46 28 62 90 70 54 93 53 65 16 76 92 27 86 21 13 37 67 65 90 44 57 21 99 94 81 91 69 35 56 96 7 93 3 49 24 3 26 58 92 76 77 59 62 57 66 46 44 30 75 79 81 77 77 37 97 55 95 56 48 24 9 99 47 38 44 59 34 68 26 23 25 85 6 39 68 74 65 35 81 37 90 87 7 47 38 74 56 70 70 17 46 13 44 77 71 87 5 56 72 37 95 93 83 93 42 5 21 54 82 2 80 22 31 75 92 11 10 11 65 32 96 99 68 3 94 69 63 46 18 3 83 89 64 42 61 68 65 10 72 50 32 24 20 81 10 19 23 50 1 2 27 33 9 98 19 83 67 59 42 9 17 61 82 33 82 29 28 46 90 90 35 60 71 83 45 3 77 32 79 61 52 17 14 10 51 66 59 69 78 6 80 68 61 65 30 81 27 80 24 37 13 38 75 19 73 97 39 30 44 11 23 60 11 16 5 6 77 38 85 85 81 21 83 68 25 41 6 74 78 95 99 76 12 72 29 50 13 13 54 80 52 83 81 96 69 74 54 38 85 53 17 14 49 34 29 12 2 44 20 92 43 58 42 49 90 16 10 31 54 72 18 97 12 36 61 64 41 41 17 39 71 98 84 97 12 10 38 26 39 95 41 63 75 7 31 13 28 13 3 31 46 18 12 50 37 9 36 13 38 71 78 56 41 57 61 45 1 14 1 26 88 30 44 89 6 7 74 73 27 89 20 13 58 55 73 83 74 60 91 77 19 87 82 55 52 96 9 9 30 54 91 99 69 7 2 94 60 34 24 75 38 56 9 24 66 92 94 7 40 98 70 60 69 76 16 75 85 64 99 74 78 78 16 85 25 60 71 42 97 30 33 61 80 78 80 53 89 93 96 29 45 40 10 57 98 5 55 8 49 61 8 50 79 92 86 76 97 3 3 50 24 29 94 96 11 66 50 9 54 16 69 50 24 34 1 51 72 28 25 40 99 24 40 61 16 29 89 47 83 41 38 40 70 65 8 55 84 34 8 38 53 6 17 79 15 6 21 49 85 77 62 63 79 80 17 41 79 6 11 59 81 16 27 80 29 54 57 79 88 95 2 49 96 19 12 2 53 3 24 65 94 59 49 27 20 61 98 25 38 96 25 6 4 26 67 27 58 61 53 85 41 15 69 34 79 13 37 72 90 86 14 47 51 58 7 14 68 27 79 39 48 60 80 7 52 3 5 73 1 22 96 26 18 25 27 45 92 65 89 76 50 79 97 15 18 19 45 57 61 58 84 40 63 7 39 84 31 85 55 1 86 86 91 31 58 85 16 79 2 20 12 89 7 93 63 4 16 47 93 32 17 3 36 61 12 85 22 28 36 45 56 50 92 54 66 4 58 86 76 14 43 43 65 22 35 22 44 62 38 26 18 6 56 34 4 84 43 54 90 2 81 33 32 97 8 34 35 37 91 51 57 54 87 98 6 13 42 82 89 38 31 95 87 98 99 75 62 90 85 43 6 56 25 91 13 12 33 24 31 75 68 87 60 71 20 1 89 28 50 27 23 8 50 32 58 57 46 84 85 31 57 99 99 79 55 2 5 43 25 25 80 61 8 45 87 10 37 13 20 62 85 55 29 14 13 24 12 45 36 63 14 76 54 85 4 36 36 11 97 53 74 47 80 8 55 28 95 25 88 43 1 75 75 96 34 87 38 91 66 14 77 75 56 80 37 55 79 27 79 56 33 57 40 11 71 24 76 97 84 45 1 9 17 36 23 74 7 6 2 29 6 98 44 70 98 82 37 36 50 19 44 19 73 8 18 87 47 23 62 6 93 11 85 41 46 27 95 57 77 63 86 43 77 64 86 66 48 36 84 24 29 38 39 82 28 23 3 91 84 35 82 17 24 15 85 29 61 98 59 71 42 83 8 59 62 6 36 96 99 98 88 6 87 4 38 40 1 92 53 1 42 49 66 14 63 9 32 81 18 54 22 91 40 83 24 86 36 34 26 2 4 61 88 18 7 44 21 59 82 17 75 60 24 41 66 1 43 52 95 36 69 5 16 84 5 26 8 32 86 69 76 97 68 56 58 74 28 40 22 98 38 74 88 48 2 66 93 66 58 4 63 60 53 31 96 47 93 1 35 12 12 84 99 33 21 20 32 76 93 39 12 34 37 79 24 61 5 84 43 77 30 72 89 75 84 85 82 13 33 36 56 50 2 42 8 40 77 66 20 67 6 4 20 36 73 10 4 82 91 42 24 56 68 88 33 15 8 18 72 97 58 23 21 14 57 51 33 15 54 78 45 71 83 2 53 68 27 16 75 99 6 75 92 94 77 90 35 14 40 95 28 22 45 66 62 77 39 20 33 54 88 37 91 65 77 8 78 75 64 62 61 32 55 5 54 49 37 17 92 81 93 18 39 9 82 32 95 26 4 76 63 34 69 3 37 41 53 9 96 14 76 31 16 88 92 8 6 84 28 45 60 41 83 62 47 76 33 3 3 68 94 97 49 65 49 28 86 57 14 67 59 80 44 64 32 94 66 61 1 33 66 85 10 54 27 83 27 15 43 99 76 77 48 37 93 7 29 27 90 10 18 12 47 74 8 78 94 39 72 50 36 62 5 72 63 3 34 61 9 89 78 89 20 56 51 80 85 51 93 92 56 95 34 4 67 1 38 24 33 39 27 31 12 96 58 12 13 13 39 36 48 68 77 67 46 28 54 53 84 62 18 81 12 15 68 23 95 39 82 23 71 55 63 48 37 24 19 15 80 97 72 58 33 43 50 98 82 82 12 7 61 96 93 75 49 11 80 96 33 59 64 68 54 62 63 80 27 43 8 26 82 93 81 47 56 48 39 38 13 40 39 69 65 82 97 83 93 48 95 84 4 78 6 81 46 82 90 62 70 18 6 66 6 54 3 65 23 75 39 64 3 85 13 84 72 12 74 64 74 96 55 1 42 26 52 63 84 8 96 96 43 63 50 65 48 96 95 92 3 52 67 55 56 97 97 91 60 11 13 32 15 48 32 42 22 3 24 68 50 75 66 6 25 57 10 97 63 36 82 80 53 68 65 92 33 27 53 23 46 95 18 58 12 14 57 80 76 82 66 1 48 41 50 50 54 71 75 87 40 66 87 1 98 70 86 46 58 86 11 48 12 55 98 64 11 27 53 98 78 65 98 19 83 95 33 41 80 43 62 42 85 33 39 63 81 87 2 46 21 29 58 50 94 81 23 98 2 75 37 57 14 88 60 22 95 70 88 43 30 11 4 91 41 35 50 23 42 2 7 95 83 12 19 23 72 43 71 9 27 67 32 26 2 48 34 23 43 35 98 34 78 79 65 45 23 73 63 70 69 9 13 91 70 91 76 77 35 37 56 94 58 6 35 79 15 93 8 16 49 3 27 90 88 54 21 88 20 11 95 5 30 63 97 62 37 66 30 59 97 8 82 31 10 52 54 88 27 69 62 30 4 98 44 25 91 13 98 81 34 85 4 34 9 28 2 5 54 13 80 23 95 25 38 53 38 94 19 22 64 25 25 67 61 98 90 65 17 61 94 2 71 82 87 63 42 14 99 33 65 69 45 77 94 92 53 49 28 97 42 15 85 91 20 63 36 34 79 40 47 38 62 25 48 82 50 67 22 73 48 40 82 13 21 91 75 88 61 70 41 58 37 84 60 73 44 12 66 35 52 70 71 76 20 66 74 13 7 29 17 38 21 72 24 91 2 54 62 50 15 51 22 25 72 57 57 19 53 46 59 99 85 54 30 88 16 62 91 8 52 29 77 11 10 3 28 52 55 93 53 36 60 98 98 83 11 64 86 89 73 75 36 69 99 47 1 52 49 42 10 20 73 80 20 58 49 73 80 62 7 91 19 13 56 74 9 17 99 31 95 69 45 75 78 21 58 59 66 18 84 94 79 69 33 77 69 16 67 81 14 94 26 44 13 20 45 56 69 83 12 34 59 1 3 67 4 74 84 40 29 96 90 85 62 45 15 84 70 72 11 28 35 11 26 20 33 65 42 82 59 84 21 96 7 4 98 78 94 25 89 86 12 35 21 93 54 33 44 79 54 95 87 29 66 85 26 26 30 24 1 3 94 54 89 38 80 95 22 48 49 37 8 65 31 25 16 54 22 48 29 7 90 83 16 53 65 25 6 86 35 81 36 57 64 82 98 89 70 5 12 59 60 51 49 81 19 21 51 94 54 10 8 16 7 47 80 13 98 51 36 91 63 45 54 14 13 38 72 56 18 35 57 44 11 11 12 18 11 58 57 78 75 44 4 13 15 84 91 80 81 11 44 47 81 15 68 36 22 56 51 2 42 60 85 40 52 90 1 79 87 93 41 58 54 28 14 55 29 75 2 19 28 97 35 12 38 4 19 10 25 85 75 34 13 40 65 6 36 49 46 20 15 83 64 47 43 55 12 28 47 52 77 89 55 76 4 97 47 5 4 23 36 80 94 64 26 29 9 80 74 80 96 70 25 54 96 87 25 76 16 77 54 74 53 84 58 76 96 77 38 87 30 8 19 82 9 96 91 73 34 26 80 96 9 20 65 64 82 58 1 83 94 52 54 90 94 97 16 71 57 76 75 50 47 68 22 60 71 12 89 59 12 47 4 23 37 10 56 28 30 65 81 14 49 63 6 77 90 8 42 61 5 78 30 23 85 50 65 59 76 91 75 74 95 4 58 17 99 68 53 16 63 73 96 35 83 2 89 67 28 96 82 78 59 78 22 33 44 93 99 53 51 17 55 24 52 59 78 13 38 5 13 65 53 55 41 55 60 10 93 81 44 68 1 78 27 58 39 52 25 36 77 7 23 44 68 37 29 9 41 32 23 70 80 51 46 31 18 29 84 72 82 18 99 59 77 90 69 78 71 68 48 21 8 96 30 54 18 53 21 62 10 53 6 93 7 93 49 81 74 28 85 27 36 38 76 63 98 3 88 77 3 68 67 11 2 16 77 99 6 5 57 94 27 20 48 58 67 65 57 18 39 40 69 42 76 37 84 17 35 74 46 63 4 66 50 91 82 7 49 83 47 56 94 32 95 33 23 22 48 12 96 33 20 11 29 79 1 41 51 17 84 76 7 81 62 82 20 14 23 31 60 83 87 98 54 32 11 3 6 76 16 40 47 20 40 27 65 35 43 37 42 13 32 40 55 25 53 78 72 55 53 11 32 45 23 62 97 74 73 70 65 72 11 95 36 15 12 1 76 71 27 83 32 91 72 42 33 50 95 69 16 34 85 87 72 76 29 53 1 25 63 41 5 86 48 81 33 38 26 59 27 96 31 66 33 71 47 26 96 9 41 34 53 62 75 40 50 34 34 47 86 96 99 24 45 9 58 29 89 33 87 38 1 70 16 64 33 91 53 59 99 38 28 19 40 32 91 25 91 55 67 85 96 49 5 10 7 33 80 38 96 22 9 22 24 63 31 1 52 15 62 55 67 99 64 37 70 62 84 73 78 61 5 58 75 37 1 49 74 12 78 60 78 42 34 36 11 13 78 5 45 52 33 73 23 57 94 19 95 91 24 73 89 75 82 48 18 97 39 43 21 87 20 94 17 51 8 50 48 31 13 67 56 5 16 5 38 64 91 13 90 12 41 96 72 15 69 90 97 93 47 80 53 54 40 93 36 56 92 84 44 53 64 12 95 28 19 23 85 79 67 18 28 44 37 83 17 70 85 48 74 24 37 61 81 10 24 15 24 37 85 5 1 7 74 70 66 12 1 83 87 98 69 43 70 83 12 48 18 96 79 70 34 94 97 84 33 16 31 45 60 94 15 72 7 67 60 8 42 74 59 19 53 23 24 29 46 56 3 62 38 85 16 85 8 88 59 51 7 4 89 60 97 47 26 2 88 51 49 66 86 10 3 98 22 91 62 92 30 38 95 47 96 63 58 22 69 47 88 95 74 4 70 49 50 44 40 24 80 58 40 17 80 72 7 53 38 31 39 65 33 52 71 47 91 38 96 86 14 34 84 77 40 58 99 30 2 68 7 43 27 65 96 54 17 62 21 6 20 12 72 9 19 85 85 94 60 85 12 55 71 83 3 92 1 53 99 6 35 92 54 12 80 44 66 10 71 42 56 56 50 66 50 33 82 56 53 59 64 23 13 21 5 67 55 79 37 84 3 58 6 69 61 12 36 69 25 87 13 24 25 68 24 41 3 71 19 39 37 67 21 83 21 94 25 82 93 38 54 29 9 44 28 15 10 32 95 81 84 81 61 13 69 36 32 94 62 77 74 12 45 11 19 75 22 88 27 68 80 11 99 62 11 75 84 13 36 56 42 46 82 27 53 61 63 50 35 90 47 65 78 45 22 44 10 22 96 13 51 54 76 69 97 57 10 54 31 51 47 93 73 25 53 12 17 19 4 69 79 21 21 77 74 98 79 63 27 87 25 65 5 90 2 28 98 15 46 12 34 36 81 13 73 99 63 75 40 40 70 64 6 30 19 95 37 37 48 16 67 26 51 80 54 82 71 93 56 94 36 11 83 93 98 93 41 84 18 96 17 70 34 58 79 39 98 6 82 99 34 66 82 54 78 53 71 8 48 39 22 80 29 20 47 57 22 65 46 99 23 51 74 69 25 82 80 98 36 67 72 90 34 99 23 2 48 86 89 72 44 4 12 72 92 86 63 25 5 62 63 8 77 34 87 45 54 50 31 41 17 39 27 27 13 49 95 81 13 70 42 37 89 63 50 92 86 13 65 15 86 82 66 21 13 31 4 83 31 73 93 88 81 46 13 58 96 2 74 78 94 62 31 38 98 47 72 83 59 21 21 64 36 65 75 67 32 85 34 65 64 49 34 64 7 40 69 3 48 67 36 24 37 16 2 24 85 47 6 49 50 73 27 78 71 16 69 93 99 37 76 71 75 54 24 41 53 86 81 36 80 23 99 99 68 15 84 4 64 7 95 83 45 4 1 99 84 12 56 35 99 45 67 15 7 23 89 11 42 16 5 39 95 70 89 56 24 60 37 61 37 82 14 52 66 97 70 61 15 67 97 27 9 48 92 59 21 79 22 41 29 15 97 95 84 79 17 68 11 83 38 2 49 52 71 99 12 94 27 39 89 89 5 71 79 30 80 52 39 90 39 69 70 92 26 23 44 98 3 78 24 89 58 83 93 33 24 70 73 20 33 46 64 58 39 42 69 19 33 27 44 59 94 9 72 97 66 4 50 55 19 78 71 88 97 30 88 55 79 10 40 42 21 42 57 85 46 22 63 48 42 78 40 8 22 17 44 92 45 43 28 1 65 15 47 4 33 87 48 47 92 32 20 62 5 83 79 80 63 53 9 77 99 2 24 65 99 11 69 57 52 3 55 91 8 37 51 62 88 92 91 51 6 7 17 63 57 60 70 71 8 95 71 19 20 12 50 66 98 67 33 30 29 37 78 9 76 77 82 25 99 77 24 66 43 54 51 74 88 48 48 16 37 69 9 23 12 2 71 55 92 92 72 76 85 69 54 85 37 42 10 18 14 95 33 45 56 54 34 35 6 60 37 1 44 44 43 33 78 99 63 91 66 93 50 66 34 46 69 14 46 17 86 92 37 87 41 44 40 49 4 51 41 68 46 54 26 37 9 27 17 99 32 45 15 26 26 82 47 27 58 64 91 39 49 42 38 12 65 32 28 84 72 57 34 55 66 35 41 95 10 24 68 79 3 76 47 75 31 58 71 53 76 93 38 54 67 17 40 17 94 33 68 73 23 54 27 22 17 86 48 42 67 63 64 53 46 54 69 52 94 31 57 62 69 5 24 24 57 93 89 40 15 40 27 10 43 19 74 77 3 10 8 42 23 6 52 50 23 91 58 62 60 74 14 54 93 35 8 59 29 44 2 32 89 26 39 51 1 95 75 67 28 75 14 51 75 21 66 96 71 67 85 11 64 5 40 33 91 38 22 86 77 31 30 81 40 76 37 83 3 43 79 79 24 70 25 98 74 54 45 6 17 77 82 10 98 78 20 24 45 5 41 52 23 3 22 84 18 45 87 51 49 53 46 73 95 44 7 65 31 20 46 29 46 67 29 14 88 46 18 83 35 66 88 44 33 11 43 38 16 61 10 7 19 77 96 68 59 94 94 94 75 54 82 2 65 46 49 3 37 2 69 18 75 70 52 23 71 57 66 75 39 60 27 87 89 97 35 94 27 98 11 13 82 58 15 84 28 71 75 94 79 55 95 53 61 15 84 23 33 97 10 20 64 48 84 63 29 90 36 6 87 74 1 49 3 34 58 43 2 63 82 60 98 15 4 52 40 13 84 42 63 84 17 90 37 10 72 68 45 45 27 43 59 47 88 89 16 37 76 40 8 37 4 13 36 67 9 29 80 55 32 16 8 29 36 26 27 72 3 24 99 35 62 4 29 3 86 32 56 82 85 70 83 73 13 26 66 29 7 23 80 40 28 93 39 90 57 85 39 25 54 46 12 91 13 84 80 56 90 58 25 24 76 25 39 81 65 16 72 51 93 6 52 68 67 37 67 27 78 96 48 20 37 58 96 50 60 61 94 93 46 49 23 52 4 11 88 29 88 32 98 42 5 44 31 6 50 95 80 94 89 65 89 9 89 47 4 92 25 4 51 30 11 57 10 10 17 82 88 54 94 14 39 38 98 57 17 93 82 89 57 36 30 44 36 48 77 69 9 94 11 87 13 45 23 15 70 25 58 25 59 22 42 23 24 45 56 88 82 39 69 88 30 38 2 16 1 91 65 48 17 27 10 36 26 6 65 56 34 97 46 5 89 74 1 12 52 25 2 44 86 97 67 51 85 11 58 68 35 88 29 83 94 9 46 36 84 40 24 66 83 73 7 88 54 47 22 22 88 95 51 89 20 83 86 25 30 21 36 24 59 51 34 97 73 85 69 55 99 81 62 23 4 19 36 91 64 5 31 67 56 74 52 52 53 42 98 12 85 58 59 89 7 28 81 19 45 91 98 95 78 3 82 30 11 39 14 47 52 45 94 61 3 36 90 87 12 90 98 38 5 76 16 33 63 29 40 39 33 71 12 40 63 40 53 61 21 85 13 68 14 92 58 58 90 52 67 27 47 16 5 92 99 73 54 91 48 96 53 77 64 14 99 70 45 21 16 92 74 50 34 30 46 74 57 23 41 1 83 85 94 55 63 70 40 93 82 13 10 4 31 30 54 61 40 48 88 80 1 34 89 34 56 20 41 55 5 2 12 76 67 56 63 72 6 24 57 72 37 69 12 97 63 90 83 43 24 77 48 65 69 17 2 70 8 99 65 8 23 35 83 83 4 14 80 49 55 18 1 52 36 45 29 37 13 29 40 38 30 67 90 39 61 24 14 8 12 26 24 77 19 39 55 36 79 21 95 50 19 63 46 98 44 91 89 6 45 42 58 82 29 87 81 3 78 5 53 23 21 11 46 25 83 8 57 52 45 20 69 28 24 25 59 85 72 25 58 6 51 11 12 33 95 61 80 41 11 47 45 44 74 80 79 84 96 86 52 23 27 52 36 59 37 19 15 49 52 78 97 44 36 25 39 3 47 36 32 50 23 21 75 92 30 59 85 49 18 45 92 29 94 68 48 22 4 87 44 54 94 3 72 87 81 60 2 96 56 93 99 95 7 2 8 25 91 74 45 82 77 82 51 46 47 95 43 18 16 50 90 13 1 75 51 20 1 16 87 96 61 27 32 4 58 35 37 74 95 93 32 13 43 79 93 23 62 17 16 88 47 82 4 13 75 7 6 59 85 33 81 6 35 12 1 13 26 5 17 7 64 37 78 18 58 88 31 56 93 77 40 13 57 70 67 14 49 81 18 77 65 29 57 93 76 48 73 45 4 69 20 78 54 7 23 21 7 34 53 42 6 33 84 9 58 18 67 75 19 73 29 9 99 18 55 94 30 10 88 28 17 82 76 30 96 75 87 94 4 66 52 53 92 23 52 68 44 74 8 69 96 24 37 2 1 86 84 12 92 39 25 83 4 8 96 76 36 38 96 73 1 33 32 89 92 61 83 16 12 87 69 24 50 31 26 71 23 67 70 20 95 25 73 70 33 10 21 12 57 62 70 66 54 23 23 72 22 20 37 45 74 64 63 2 93 12 32 50 5 92 38 87 57 10 58 32 22 89 12 18 90 62 20 7 57 94 68 51 62 3 7 49 35 61 38 14 31 72 84 76 64 76 83 94 99 95 41 24 45 19 45 16 89 98 51 16 46 43 23 67 55 98 63 32 54 13 47 65 2 91 61 74 2 24 99 92 6 7 81 26 95 34 17 35 6 91 28 40 73 69 97 77 24 67 36 80 9 63 13 10 87 49 45 24 76 78 78 46 75 87 82 88 45 95 60 76 70 95 2 66 67 67 78 14 51 94 24 72 57 77 95 62 13 53 70 46 92 25 18 69 27 12 97 14 36 87 78 7 30 27 67 27 85 61 44 84 23 25 40 27 48 85 83 16 30 79 89 65 3 65 55 42 53 48 94 41 48 10 3 5 5 64 16 7 78 9 41 70 60 82 92 73 79 25 35 94 27 91 96 66 93 69 43 77 94 67 68 45 28 23 81 60 71 48 39 42 37 69 61 28 90 19 68 34 40 66 49 53 41 96 57 75 10 46 17 62 60 99 17 45 70 50 46 53 99 18 39 2 16 48 14 55 54 85 44 46 6 21 35 29 27 25 8 50 2 98 73 79 51 32 95 84 99 36 73 62 94 97 33 55 50 99 51 54 36 93 57 97 47 65 45 16 19 23 22 70 55 61 41 14 80 68 48 95 39 37 80 2 86 52 95 22 18 80 69 84 80 87 2 15 13 22 14 76 35 57 46 22 22 24 80 28 85 98 63 47 42 42 98 69 49 88 64 90 88 2 6 15 73 81 44 84 78 38 23 26 8 64 25 34 45 19 19 7 85 60 4 75 15 12 51 20 16 1 71 98 57 6 42 69 73 75 40 5 39 14 73 21 82 2 77 24 84 91 38 90 52 78 70 16 23 94 7 95 16 81 92 93 21 26 11 55 3 44 45 2 88 40 28 4 55 52 66 24 10 64 34 56 71 34 27 43 68 27 57 79 47 24 74 79 36 93 82 26 65 21 98 71 44 55 8 30 13 69 51 46 42 27 23 19 71 41 5 79 2 6 58 14 68 79 51 92 18 58 38 92 68 25 81 5 1 87 44 62 72 76 27 92 57 92 25 64 93 93 42 42 87 25 60 87 48 26 42 59 82 98 76 57 57 15 69 24 23 85 21 13 36 14 12 38 6 54 79 30 26 15 21 39 92 2 85 11 70 38 88 61 28 52 13 26 28 13 4 8 88 44 91 17 32 97 67 87 10 88 9 8 32 79 55 93 69 78 20 42 37 64 68 98 22 58 31 78 46 99 49 48 46 76 32 69 75 47 4 34 94 87 88 73 38 18 85 68 95 30 43 74 78 24 92 39 16 82 40 17 26 63 50 26 70 51 15 83 78 25 81 68 62 17 87 15 38 49 13 51 92 68 46 71 31 97 78 79 26 88 50 51 69 47 8 73 9 56 32 82 14 45 58 1 96 63 46 59 39 89 44 39 34 89 36 62 98 95 14 16 54 71 12 8 9 49 74 89 3 10 27 91 30 43 36 89 13 64 36 41 33 44 82 13 47 99 38 31 45 96 40 65 65 23 49 88 76 61 86 67 62 80 76 47 53 2 95 96 90 7 35 16 87 1 13 42 37 37 59 87 49 
// di
17608 18201 40354 1506 31408 48933 44071 48401 36231 32035 12210 41474 45966 7830 49329 308 18720 44978 31391 42141 30806 49903 49380 6893 8346 19399 49644 12512 3982 26711 12804 14877 42064 40280 35110 24276 11712 43624 20090 32110 16355 37345 5105 11912 34276 39424 19554 20884 4209 22365 30740 8775 18178 44556 12403 38857 36957 10362 49589 28016 227 7866 21764 44059 18868 16640 899 47721 38018 30490 14683 33216 48558 49026 22463 41691 5980 21673 42605 41848 3224 41813 5960 16299 26567 27919 11885 45716 10135 41852 30420 2374 47157 31079 1304 21969 49870 567 289 7019 20368 27643 31568 23542 45953 46937 42162 40318 36501 46046 37173 20615 33121 29784 43287 3245 33148 4658 24174 5598 9126 27656 2913 48100 38085 10918 33985 46709 38718 20541 39853 26690 4145 11756 40190 22979 35204 4061 29757 38438 269 35652 15899 24382 20719 42486 45377 15452 40026 30538 40747 19645 17477 27051 2949 35343 2533 19814 44812 34746 43510 4082 5080 2458 1494 47246 36357 14151 11701 18009 48711 8669 26620 16657 7421 13755 2998 42438 31322 30420 4937 16435 37646 2158 45132 43633 13371 22823 42134 25934 3423 49299 43642 774 4291 8859 8839 2412 49440 37682 34976 21268 22640 30906 25419 48356 34230 10934 30907 3154 6357 8753 28931 17606 11759 35084 15528 23517 9106 2843 46172 11760 49276 1018 38938 33687 12252 1506 34675 9178 23807 6993 22286 17985 48224 49129 28105 2533 30559 36319 47230 27855 32726 34805 20045 23760 35117 37409 1942 40601 44770 43140 22451 30491 22139 29714 3029 4632 39417 15517 22809 23821 12766 42708 47565 24147 15081 2139 4572 16491 13260 47547 41266 24497 18044 36688 36578 47921 48366 20663 21321 12945 16716 9949 6502 19899 9996 26807 32979 9789 2614 46441 25098 26609 30398 8984 20084 5094 3475 24721 7528 5451 4543 45793 6478 41629 10936 19220 47421 28738 4268 36190 25186 10422 48269 36122 788 36909 49151 15911 1533 43320 30282 39806 38696 29049 46269 34757 37136 32928 48917 49479 30891 346 30621 43401 48242 4838 15199 15573 29346 33591 31751 33903 4771 28672 7851 19431 36155 8032 32497 12675 35459 10958 24770 33611 44374 37861 36432 25760 40105 28147 3568 28285 22501 23016 48594 22487 13711 29977 21743 21330 8464 12613 46094 31744 2487 35663 36126 39514 48956 27422 4890 17886 3470 5116 21971 20978 4458 15051 13327 39663 11809 35124 20026 32006 1116 25893 18740 6772 33359 13272 17234 43297 34095 34289 24319 45512 48840 40850 1857 16650 26555 24946 18543 4125 48975 202 22851 14567 40796 19206 36873 36898 28237 21560 26805 47222 32904 45748 49346 45720 22993 32892 37520 7038 41997 25658 37743 42600 39243 29885 25743 40298 14838 29641 6948 41269 23507 22732 34552 21765 28018 38402 4148 46589 25158 23476 33910 14023 48108 13676 27784 42353 42004 46828 26248 2873 34221 40789 41561 39579 47344 33196 4454 38479 26549 38988 46809 15379 26809 45499 9364 423 8468 48448 29069 33250 25399 28437 23978 22878 45400 10679 35777 8253 18515 2997 2909 24002 9925 2488 15527 13599 47364 25921 4575 45900 24717 18886 36509 24092 34441 1858 8161 19028 9830 35546 28462 31191 46907 20410 23316 41597 16401 13432 21060 1179 37734 28494 38231 35885 1896 32498 43500 46379 35309 18290 34304 30931 9475 26876 33651 23908 27555 32483 21510 2065 42518 43335 47229 46091 27906 28246 10942 17028 14308 48311 1754 45808 13724 12534 14545 44831 12781 18796 35462 23913 37923 42758 11306 45841 44275 24596 15490 37264 33570 33353 24510 40122 2542 45265 38369 34884 14226 40276 32482 40854 49260 16571 32799 31278 42772 47910 29008 7729 48211 41557 18950 3926 12322 41919 28851 16227 24123 17737 24711 22497 47444 38247 23559 11270 30909 15188 48982 12507 3889 46532 18919 43138 38574 2941 34915 1963 10819 966 20276 7239 15417 738 7167 47678 43881 34479 29170 27428 17919 41635 5404 8465 45801 18100 23980 19939 43193 47783 28145 7342 41195 49387 972 19773 46769 43454 29932 42258 12782 39958 6724 13369 23688 7359 9030 16541 1874 46447 49870 21648 46724 20443 34664 24985 44520 26458 26074 27382 29252 44036 24917 19095 22867 22558 43892 3153 38186 7460 48803 42641 25361 8485 43413 6146 2520 18611 27731 2980 43249 12717 43270 32958 11206 23372 8963 3774 28031 4445 21088 33720 47883 8502 2566 25995 18228 11729 31860 23229 2414 26109 29882 48780 28365 39829 46904 48057 20008 8184 12260 13927 22270 45126 47380 37526 9580 34376 46849 24143 30624 17044 11149 34404 45077 49243 10487 45883 17448 41379 29638 45173 40611 15405 25998 23435 3308 31882 46156 46946 904 2297 27736 32609 18640 34692 826 30501 23480 17626 8767 15102 46492 6520 226 38877 43068 46755 25930 8416 2870 10485 26593 743 38483 46624 34919 27944 26223 11703 48489 16481 30996 9846 30708 18963 34351 49477 46754 44308 49546 10560 42947 2128 36764 26138 10849 33741 19463 5350 16875 14353 358 47656 34901 7252 9579 48490 18976 10631 39281 38092 20823 29515 40377 43986 18045 42661 41854 37779 32040 5166 35478 29451 10565 49100 43012 8223 23515 592 39945 37490 2923 13347 22427 15416 16843 13296 48967 27559 13098 27719 19214 37893 29686 11619 3066 30425 34397 8866 47427 9939 48384 39519 4369 7205 44750 18782 8603 7454 47263 21706 16198 18303 8341 32414 47269 31066 35778 32273 6082 33851 25863 49170 1367 48183 49360 11318 33760 5864 34415 16628 31047 30648 23276 5740 24464 4831 19295 30376 4509 36730 46370 4553 19279 32161 18773 3304 5226 34684 7445 18658 23878 25600 6526 34457 8004 17245 26958 43954 13814 8565 16871 32900 24725 28263 47067 26302 15534 28870 34053 20255 42995 20652 21949 47562 23969 7969 33398 9127 9340 37823 43308 23560 8752 12944 6117 2734 38176 6229 48055 15072 26237 28205 20188 31981 7865 21774 11822 47426 4753 236 40281 10846 15827 29373 4196 40609 45739 15488 11169 2363 37902 2689 45855 42231 5188 25566 18447 15791 40264 47532 46627 27893 2456 26262 3000 3326 24931 39739 38785 17275 29497 20684 13666 35378 42763 11424 2388 12474 38171 6720 48136 20612 28783 7227 11982 44167 31970 30556 14065 29734 2868 17539 4904 49867 27936 49865 15125 1410 16166 17051 38016 38012 6026 23460 15598 19949 10926 32072 20941 19411 3001 40385 26708 33370 12887 16979 24926 49985 23022 47270 15248 8961 27980 7186 14810 13599 6554 13753 31122 16769 31909 24514 9237 19741 26187 8698 1984 20020 17744 5644 25328 19206 25102 32723 26021 41996 21593 31641 37526 29203 6953 35844 13238 10461 12686 12596 19803 6898 45547 16542 8790 450 44193 22683 2086 28123 27188 41840 19558 16908 27982 38473 14679 20559 14814 37685 23344 34757 14288 39486 38383 34055 11543 47557 46168 1660 31772 44957 18498 42292 40171 22208 16629 5659 20136 11643 4410 4411 39646 5972 15262 22398 44134 32270 8046 10835 32471 3688 12049 39304 14386 9923 43821 46913 21465 29727 41986 29351 27818 6705 41488 17217 10811 25423 33618 27750 28184 39658 19671 38339 38327 40776 13682 9539 24225 2501 30711 35469 1759 39039 41103 17555 37698 26980 121 49102 10023 13485 39299 37362 13169 37400 46667 15519 33000 47141 49993 45840 3110 20202 41799 7707 20728 25010 14254 45189 7249 22919 33754 659 44397 47039 12462 16298 35072 41113 25388 36007 47425 6134 32508 41761 10860 15641 16188 3737 18301 36173 35150 19593 21055 37565 37322 49170 14125 36363 36956 19895 20879 2664 34570 22541 14493 22923 6687 48618 20540 30300 42052 6532 8806 13308 10210 31892 18073 583 49986 48477 11119 28268 2902 28549 39602 48244 32519 3462 14641 23916 6045 28561 32526 29545 43952 28669 12879 16430 29166 26129 45409 20698 26948 6340 10572 29252 30783 41528 1152 43188 5305 39889 41289 27502 29346 21220 1199 36231 31273 17599 29849 623 22903 16267 35669 22459 9862 34387 9461 40203 17265 30247 28718 43197 40503 711 49158 15018 40487 12913 16385 22423 43070 32561 9288 15684 47561 37129 41131 4739 43001 6131 3089 21064 3456 11322 29425 21990 4760 32279 6670 5005 32001 28883 41939 34912 22033 33557 29383 5774 4109 13454 47160 36664 24036 12320 24658 11803 41372 2277 4839 24658 20600 16117 44879 4420 25293 9680 49142 49111 45311 44511 44667 16931 755 19398 13664 30496 46186 41929 43168 35188 45468 31825 25626 23011 16280 5122 24495 8019 42501 6318 20040 3653 38398 42423 609 8188 30620 48572 8440 17624 40517 4229 45033 7691 26025 46145 6930 42748 11460 8988 21799 2233 17645 41563 49417 28103 10769 21087 21046 45367 6937 39516 32612 35830 10915 1912 46458 25575 1461 7646 18276 4144 3751 27307 36656 25686 38921 35429 26983 29455 17476 17913 8658 11493 16043 8565 38528 17795 48627 11922 33208 11900 199 4632 21070 16385 27538 21216 3951 2299 22326 33455 15555 6611 27282 13768 25192 5023 37065 45070 44052 45068 11830 20035 26137 15100 26730 38164 43110 33656 49720 8307 26638 20251 21105 21298 11382 36220 48028 8493 33381 3499 40376 8563 44394 49298 41763 46245 12329 1834 16971 48038 34119 21979 36056 22718 49566 11058 12371 44017 39512 45543 33157 46844 8414 14091 47604 32972 494 44681 34223 26010 476 5075 38078 12729 29400 46190 21148 30936 26893 19696 20579 17242 11471 13720 32110 26405 34248 2894 7130 23922 8806 2716 18788 26184 47750 28842 30438 17148 33586 39651 21440 16827 14099 49941 17359 36268 47733 19072 29255 42704 4633 12964 12562 4465 41735 25904 34862 19910 48723 44750 35762 35386 33419 3429 48520 48968 25922 1101 2867 36539 32655 9599 8553 35176 27680 42385 21444 28874 22540 23001 28237 2183 25136 21317 15908 42102 32106 46681 21469 34437 12006 9473 24907 41323 1458 49180 6593 13836 38854 18494 47741 29836 15169 20516 44450 6075 5881 47591 23432 48427 30050 13303 28449 6216 23854 39282 4068 3488 38313 28208 32893 42529 21886 40223 31913 22971 27852 21512 14723 14221 39789 9844 8798 11521 22239 29237 32508 23828 11566 45877 28287 9285 41302 31290 46257 34359 23470 42805 32752 26197 18303 5947 44670 19137 14852 16656 23509 30450 2926 40339 36300 29141 28688 8259 30493 13202 28875 41119 46618 4642 17075 14485 21623 25902 36554 32554 25957 12054 19143 13725 28665 43935 45465 44647 31925 45269 47114 23740 44663 39290 13078 11864 32246 31730 9219 2229 41376 5354 40264 32402 49852 21733 29493 35498 30431 26215 5650 13968 41280 49287 46361 13592 3971 35340 46974 27788 35548 35270 26567 42795 35887 31757 48505 21357 8918 24331 46517 22968 46995 1625 45638 14356 24765 36300 42062 15211 3859 38866 33491 36340 24701 43432 30095 38223 32703 24252 44440 31425 41772 22038 29659 40757 35401 37738 41783 7968 47683 35798 35935 46715 4022 8598 18737 32844 15498 31671 29193 34152 48280 22311 5326 36601 9145 12338 22497 14070 9986 13039 6309 43985 23493 12743 5235 12925 31934 47546 30706 46989 4766 30323 6938 8235 27959 15447 14830 47789 47059 17996 17303 44883 12804 42621 25266 35756 41464 8752 43118 4114 34835 17764 11558 49542 43113 43656 34833 28434 24983 24781 28281 31866 37126 9788 29458 39560 46670 42735 26477 25293 41210 31404 29183 49799 43604 38686 32951 5696 49092 17361 4188 32016 47994 39437 24004 26988 49465 33003 20201 44225 5482 46772 30189 32081 4016 24156 47763 30819 1165 11426 39813 38001 46453 4778 11197 26620 23929 27502 27943 48862 15782 44780 42790 1523 39978 17544 8011 30820 34937 14446 6575 48978 28748 30753 6850 29523 3560 41427 15972 3380 10791 18103 37877 5279 23868 31213 13378 11718 34674 45056 8559 28402 48648 30123 36965 24138 46087 17397 9797 27933 13681 2808 12789 12400 16364 42927 28890 38978 21733 7056 5563 9201 21724 6399 5451 28495 11951 15433 34972 23854 17997 24924 29900 25529 21831 26135 7715 7102 29944 461 22872 9999 35999 36291 48721 36977 31702 21586 48671 36018 44705 7249 35363 8460 23151 24327 1324 32100 42143 44886 8188 31894 7281 46265 32453 26286 1320 1609 22184 8195 11954 36688 2990 7641 15130 18260 19279 43021 12080 9884 23436 35514 45678 5816 24292 42508 13970 10117 36012 9314 39783 39008 43408 13850 8064 24536 29895 31380 28903 40727 32733 1498 38320 34783 9597 43581 9293 22113 42199 32340 14419 19692 2313 23294 2996 25209 47051 25021 6934 26601 41313 33914 9412 43936 47462 14677 2114 6442 7283 49392 4397 2408 30255 27565 25943 14369 19040 40770 11641 28341 46408 10855 37461 3689 2307 42483 35190 23155 49928 23738 17001 8071 24444 21441 19617 12506 15879 43368 4146 46786 36592 20230 4387 40176 24493 7898 48195 11372 27538 16062 38800 14455 33665 11157 12700 21392 7374 31204 27414 45334 45800 43233 40788 1328 9570 34724 6436 42584 42942 10461 21832 46050 44238 41028 2135 44187 20251 26262 13152 27828 41227 393 10025 29739 26756 36382 19306 11110 6148 12014 38348 22858 9169 4560 43993 27306 25523 14804 10987 1482 19005 28936 8924 8675 6718 37015 11956 30963 27829 17412 7177 9572 18862 3103 7012 6246 44242 947 11825 4902 19235 10564 1072 7395 26760 46433 21331 8197 47020 26874 21058 5994 20082 10118 710 12837 44121 36414 26342 45846 17124 29049 10776 18394 41884 6122 9420 36863 6581 40015 22359 44760 2516 8676 20992 8475 25916 36955 31611 3842 16590 40377 19879 4222 46395 10010 27197 41438 48493 41428 40890 32098 15930 10499 966 42559 33262 30766 30194 4337 42146 7102 40162 25885 40141 20571 38531 7377 31330 27471 23154 11707 10319 47748 36039 27 4769 35584 273 21234 27361 17867 47651 46861 12045 44504 25246 12563 35371 33232 40695 45947 47485 28735 15256 16860 8469 42628 12513 6750 3088 37454 38525 27437 44924 44817 32366 4894 7779 41233 37211 1518 44244 42415 11053 17246 44308 37278 45212 41238 17887 39662 41986 18136 42448 33139 19146 38262 42390 7614 43003 2383 2470 40289 4638 49719 23527 7836 15345 18335 28903 46256 31605 25484 16133 40903 26589 12979 12350 20913 20713 29388 20192 33459 17151 33597 16163 44247 26365 9144 5704 42849 516 30310 17939 10787 33379 23671 48684 46114 46936 45956 31612 47272 2635 25747 16395 16062 21845 38937 15326 41850 9766 49451 21198 46266 6035 153 2731 18949 40991 30978 20721 23167 38811 32561 18152 1995 21447 16754 32294 14917 24188 11678 34160 42529 4934 19725 827 41159 28601 8782 24538 28496 43624 6251 26886 23977 46095 31501 41968 16416 29671 19518 36412 34299 48961 15348 29996 27155 38070 15761 28379 13829 47348 14760 38172 44168 25455 41868 39777 27642 12732 10062 11292 9705 10307 30721 21694 21990 9824 21991 31105 22255 18687 16375 19362 43034 16632 15384 20333 48224 12813 2554 30938 41164 44073 16224 18364 13641 22238 21724 40585 5829 28281 34653 27896 44159 23526 48509 8668 23193 12762 42436 31060 39955 14173 2233 42254 20687 25785 45718 24972 25704 6879 35129 17564 14547 21990 36679 7948 24901 3864 4737 46095 11516 46265 30482 814 40319 10232 44737 19182 38175 36897 7819 18495 38500 6175 42118 22715 45941 18494 40790 35708 21390 40512 37180 12371 36942 4989 43092 42452 32022 13685 19273 47301 30614 9702 7033 29120 29339 7769 4371 49302 46690 46463 34126 24753 46602 26771 29683 27142 25919 37600 32508 42461 6991 21922 13366 37064 30972 26075 14367 47678 29941 26316 38547 31093 39312 29228 7473 828 48783 10382 12066 4852 41667 1102 9385 19406 26170 9159 10440 25709 3283 13957 16045 12400 13674 33848 2325 28324 13156 39042 42051 49660 11372 45399 5138 24236 48686 8716 38189 45802 43847 23879 13306 4179 32833 15544 25665 6120 41301 2777 6177 15050 19813 45954 44131 41155 19661 9264 36907 48206 20074 12674 13066 2784 19837 12062 28908 30905 42472 9875 49897 21248 38915 44612 3361 28704 21844 4123 44382 3941 27247 47882 20319 40335 133 11320 20017 30950 29726 46182 558 3600 2423 7728 44110 38963 34838 12507 43258 8991 5844 40984 33752 29613 13882 41005 2047 9980 39843 10715 8440 6457 25783 1446 35486 44578 13997 19242 4502 29229 7059 35745 2740 31594 17485 22767 22530 22899 19399 45334 40850 5772 35252 43957 5518 24548 49083 45769 33869 46426 5761 43021 9087 9402 29561 17277 7885 23985 33424 12196 43304 3559 27856 45067 4584 35002 40050 47000 39588 2771 8861 16090 14602 3701 46863 20879 34244 32108 11140 14127 11076 31856 48140 46850 32494 48893 4233 32117 8032 42683 46542 23433 42460 14363 19556 38557 13957 40988 20904 41042 48345 27739 34938 1204 5934 22159 32071 33676 41009 36272 39176 13007 33600 5254 23669 3114 7063 5600 44781 20044 35870 32792 7120 32152 21002 27253 9835 20415 33940 20792 9162 6523 13183 4048 34269 24217 15355 41936 45570 45719 11276 21305 14385 28137 46154 20693 1529 47097 19789 1768 32883 40676 15980 38830 33527 31248 26131 21982 20319 40614 10114 34535 5845 2818 11784 14420 32184 4488 34681 14406 33948 31182 23318 16719 623 16179 14101 42183 46398 6763 6102 2265 49101 13070 45341 43462 14317 42001 5347 28017 14448 33254 4001 17830 24022 2520 14835 6363 2496 17257 33483 9714 24236 9088 3456 47453 34203 46272 29507 40411 13910 20628 4642 26651 28289 1541 32749 42962 7723 10658 3704 10302 36784 15908 37290 34260 30195 46726 19719 27986 28068 44095 18172 25208 46226 10331 16899 36653 9916 27687 28776 33449 24377 27941 15701 34631 23811 20672 40342 13789 12547 37869 25001 6335 22236 18061 12148 3247 21425 35534 19444 27433 41600 18357 6498 38027 21319 35130 17484 40468 13423 49495 40403 1589 49125 44179 35785 20655 12368 6802 26107 49635 20003 47550 39960 8626 26190 30127 30831 27979 8885 7029 8533 39699 34375 13042 17413 43030 239 20154 6416 27046 34458 24722 43000 8661 24401 40504 36688 28663 37746 36361 22385 10425 21943 43745 9687 44939 31245 11991 48775 1504 42989 7671 25848 28354 39678 41545 38679 36399 1318 47272 18034 1000 39530 9331 20915 40210 46102 4180 45645 39600 42702 29536 32541 16471 24785 7470 25147 48066 1473 21378 42756 5 20885 7855 11244 19934 44729 36036 45381 27680 49174 18092 30606 12707 37751 765 20257 22231 9983 2630 12465 40180 37069 32853 36777 7727 11383 7640 6336 43625 19235 9864 18668 2303 6189 46413 35591 35476 33542 38982 41175 995 24725 45109 33437 40291 33656 7319 14293 49418 1696 9328 29340 18925 19432 34493 8653 16204 3767 42025 16010 1515 49325 27616 1314 13438 898 40169 10847 5616 1121 21159 28852 34647 38152 16496 22221 21833 5402 12194 3014 27510 24742 30350 40041 4965 46059 36558 12066 39552 2006 11003 11290 34409 33813 14682 39327 36647 7458 20170 40267 14637 14192 31532 44654 11455 11468 15436 49095 36514 44180 8398 38782 26498 21246 37014 20026 21422 16641 13984 24236 48707 18361 38661 35421 32372 37175 49619 47539 38817 45838 37501 46879 14317 15631 8 35042 9152 10001 49362 26235 39207 34850 30801 29282 28983 35334 26183 34626 20422 25476 3646 8353 40676 40990 41168 10907 4447 30945 4799 28533 21226 9218 2028 8431 46602 38996 47993 17709 41552 41937 44836 17958 38618 13874 10408 12901 12341 41670 22072 12702 31640 8175 4400 20747 47718 10751 5355 49352 23884 19968 21813 21155 11254 31800 29250 45336 28969 23015 11372 15148 27075 6664 40298 12376 23414 41792 5669 11923 49450 49791 44891 8830 42924 11739 25721 42138 31530 16387 40967 38462 14830 19272 49433 44758 36447 18479 26888 32037 1656 19532 889 45661 48675 29048 15099 45450 24984 16155 3858 46998 9728 33172 37393 36455 48636 3455 18390 49803 12521 23344 25588 30680 10791 29123 17645 9769 30030 4189 42337 28185 26052 34795 42355 10278 41666 18315 5408 45752 20167 46677 12495 42246 44881 37187 31107 4560 8730 43820 21957 30436 21960 40217 33100 7974 23541 37780 16784 25950 28598 33038 29326 13593 39703 48702 45093 28762 19560 17494 21385 6266 30644 18391 44439 16740 37479 2844 2442 38882 24753 39910 33464 470 30882 24718 44260 5597 41393 44813 15157 39357 25188 49693 30061 20874 25330 25011 1607 32147 11827 15691 3802 30190 8088 40363 33340 20688 13694 4456 25971 30784 48521 26820 37751 42065 49109 4266 41840 33138 37649 22510 46679 46972 29742 31291 29052 29822 5051 16558 37020 46114 1045 22219 43165 40052 40007 27968 12725 38999 4390 39983 104 8971 35909 30920 49677 49899 33482 23921 30152 31881 33541 14231 28296 7786 23767 34555 1128 28822 3065 33498 6798 12642 26177 5961 27235 9795 1323 26805 41779 22880 42038 39813 35578 39868 8160 23537 41287 26732 19197 2556 47046 43597 336 43862 12549 40269 41829 4322 19872 14949 47894 42485 10500 42828 29379 25350 26102 11913 45443 34250 21555 21574 41925 12722 39643 28746 24171 7872 634 4124 20470 42775 29717 45471 43994 23061 34579 17381 8037 26295 4856 41411 1955 25968 21078 42537 19144 39685 14338 1845 6967 801 33139 39894 35310 6414 15419 24695 3239 35843 35365 46795 39676 1005 10830 15122 26926 20163 37138 20909 36981 18645 28952 6559 8438 15122 16025 39154 19077 24074 7501 41507 12921 2090 35638 23748 47892 9226 44900 25565 10931 26856 3149 16594 16045 35328 2940 26362 10991 31902 34736 36641 23182 29075 47198 19733 22832 24526 21877 15070 32306 24142 27628 23724 32874 24897 4892 9730 35574 39186 31199 24195 21604 14965 40459 41647 45694 30094 30095 10933 11566 32612 13232 7429 29233 3018 25948 40999 41830 20438 8770 25818 29276 10396 42725 6787 21423 1499 3072 6775 2285 39987 38247 42724 38374 46137 18148 30750 37727 28727 36775 37908 17678 34001 16641 20651 36516 12939 31618 33990 30826 31240 36697 37931 41630 48259 7993 36574 20062 18937 11713 123 43719 26389 46416 9621 16769 9221 804 1282 27558 9070 18583 731 15309 29204 26406 24003 25136 15037 17642 11056 24232 39078 21595 44023 28680 11085 25914 49185 10826 30889 31241 11654 33786 49829 14449 30824 35872 24905 34646 40195 18851 7309 26291 29332 47208 11453 6324 10256 19271 45734 28576 27275 24694 33820 43987 9712 22018 5284 19327 34492 15911 3046 33919 25412 19782 48845 16651 6192 32529 24721 47056 10312 11815 44304 20430 35855 7703 35260 15331 31062 47559 9875 13523 49780 13338 42789 5135 32433 1862 35147 29414 29807 48545 1351 29098 8473 22008 49906 37535 42108 20591 10847 40655 39189 45992 35446 48475 45954 21671 33393 13872 17875 45065 439 2 34887 45945 45629 43727 22761 19218 11300 43037 34752 249 41182 25195 17033 14470 1797 7057 12789 13190 27305 39384 49268 20829 6301 40965 37019 22123 43850 39288 34365 26231 25112 33906 6154 48851 23334 13845 585 5273 28428 40035 40286 26627 18308 48768 15657 21844 7418 7209 46519 4667 47294 28874 41437 21319 25003 17063 30044 29829 36604 34160 44527 13724 36827 44273 11762 49991 41592 27577 43036 38429 21847 19846 47079 18694 25452 6338 43772 39336 26410 42833 12104 36849 26872 16236 23662 16546 13401 36835 32061 29805 41024 19001 2537 339 3454 17109 22677 11479 20650 36227 27601 15971 24187 34941 24779 12041 7127 38620 8328 7694 43380 24951 7026 18585 41962 15452 42253 28449 20267 21371 5828 5353 18695 44893 289 20979 31008 2048 7654 39285 19025 34838 15749 42074 41016 34425 30727 48687 27047 22086 46932 40309 29392 30484 40710 46113 20105 37896 42144 15259 5086 6953 40206 47853 48138 39631 42674 12304 4225 45045 42668 15074 29941 48474 8105 21781 49512 42632 25374 5013 21758 45392 20575 3800 16158 23123 7999 16450 43268 5413 10005 7634 36798 44763 45886 22497 19060 3378 42874 21032 49898 6408 36377 34046 21555 32052 15074 16876 22747 25632 27702 27445 7368 12498 17915 13699 42749 36389 30352 18619 8096 46240 15174 7967 1446 129 15438 36314 21105 36391 23174 45804 32752 37863 36403 22249 18745 26378 20874 2487 10394 30928 2171 31854 18347 19117 6660 45091 25496 37331 24144 25004 12620 25104 11274 35863 32158 21639 47909 999 49946 17340 17825 39666 5263 22761 14803 40184 19113 13766 36820 22967 23061 21381 43350 36291 21903 28410 42116 7838 29935 27369 37203 47446 6615 34762 11609 49461 46166 25122 40521 43494 21603 27744 31792 5291 24817 29681 4152 10789 42170 10780 43064 47207 47057 37964 12647 1048 6105 46514 26542 15780 12864 32526 14232 17354 18909 31975 27875 22227 38883 15997 24937 8888 46268 29471 44651 212 46388 30630 26633 28993 26635 25324 24207 25716 30988 10417 12027 33781 10406 42021 36753 18153 34750 40576 12794 11914 10800 24595 35798 36441 46951 19943 3926 19338 32913 36857 22678 19960 21384 41651 34054 48244 30284 23300 27767 3209 21258 23861 7454 36018 710 4166 19853 5158 39149 2987 28745 586 45428 5029 6471 36033 11755 40577 25505 29576 4961 47754 19479 41924 20839 8729 34808 10327 3573 23496 49341 34135 14448 8996 5959 41165 26572 31140 7612 32632 36362 4115 29838 20524 40397 13713 15244 2276 8294 12750 17615 40229 10805 3143 26091 5103 35373 48587 5623 42541 38365 5424 46568 37050 24648 46792 19804 34596 44548 16146 18498 26111 39032 2718 49218 13109 14255 48303 19950 21487 46639 6360 24762 16328 5538 48418 2046 23560 34577 5158 40858 35702 6093 24945 30601 33145 47787 9483 49855 44431 10885 49780 2597 39985 8767 28125 32943 43201 25888 20885 49007 29952 5845 6564 44756 34918 45232 45343 6501 18228 32506 42823 29786 8884 33448 32407 42044 38477 12313 1409 22420 33833 25510 47179 31955 21269 26099 26123 33781 5815 39973 14193 44365 6401 31524 9951 34529 14754 27095 29918 34852 15552 18397 18487 40278 22409 42921 16873 5145 19296 44810 45656 40973 38512 2582 10818 46047 3741 48731 49019 38111 16705 17000 44937 6724 32261 25724 10043 28908 31110 18902 46989 21622 30315 18607 48452 37754 39434 29407 23537 4291 10981 25721 11589 20594 28715 15866 44886 24776 49950 24630 5983 45664 46732 44703 20145 45530 11957 7660 1832 33140 4292 2535 14893 48548 7985 31393 23550 47141 11830 43390 30695 42688 4120 46301 6520 40134 49762 18461 26330 25049 45735 24289 14273 16051 30 4563 41998 49475 46191 2239 46560 33122 45547 23574 13032 13923 22229 13085 43128 33519 40294 37435 7327 34205 11783 16514 23278 26203 29872 979 20737 36221 32672 3639 4824 41675 7270 15660 17999 27671 38028 12173 26481 6593 14321 6062 4165 45188 42684 11803 21894 24255 22520 28887 49713 26130 16848 44704 31376 36838 17749 673 26989 4239 21059 48792 38253 32851 34637 29178 17402 40192 2535 19074 42569 6173 35521 38287 40384 13433 28178 42318 4624 2714 21437 27849 19217 27364 2313 32792 11868 19648 16467 39936 8624 10190 22735 34618 542 40305 1433 9426 38458 21353 20591 3283 33299 5089 12952 1977 42808 4941 12671 5530 11877 2019 38676 25342 9234 24092 28792 7967 20531 32725 25573 39834 22633 10843 11774 27395 40487 25530 48262 6957 33191 43247 14615 1603 7748 33826 46692 20554 3310 16570 42056 17718 33907 44204 41633 27658 37946 10714 29510 2372 42371 19537 19392 33698 29055 22773 2399 22080 26179 34355 43016 5236 22718 21614 2697 29087 39210 8224 2077 30523 27735 6370 14865 21230 19934 24552 16795 36588 6399 32522 12443 3049 34930 1604 16735 10242 34683 40607 220 16383 24770 27395 45292 30938 18958 34967 38417 41084 20743 49042 44850 37767 31305 28157 17873 30041 16726 42134 11190 11591 1502 13172 15293 33590 36414 7284 47313 11758 7639 30375 47802 32363 19631 49596 4638 6905 27868 21685 31328 4735 34359 37327 45894 40722 13075 22415 40917 7147 43954 19818 45505 43129 49899 20451 30058 10629 49711 2809 23935 14912 18760 25176 27448 47462 45962 29242 9555 3042 22879 4457 13426 18625 6558 9680 31519 15636 7039 34668 8023 36227 46957 11262 34890 40282 520 45984 48511 48061 32142 10681 12430 23288 20126 21569 23533 13144 13645 29178 12874 33790 22131 14602 24985 36087 6638 2674 35000 11526 3626 23096 26622 35091 991 28613 44164 19087 29312 34050 37826 30163 29370 18276 22461 8311 48931 14307 46672 28373 136 39023 45741 42298 7180 15703 14097 28050 32776 28664 29671 20125 33718 14006 43194 40863 7986 23183 17704 17992 13779 40446 8495 2454 47095 42410 34759 47281 7711 216 29832 26703 41051 47785 44434 12603 34664 35542 20935 11939 24432 27303 7817 30031 36507 36355 46253 25325 29557 46559 34545 48463 3651 8653 10033 17837 12638 23533 31165 14109 21928 26212 29177 19849 4085 24531 24550 47094 32831 45674 18738 25540 10434 26490 34398 9714 17295 41702 10014 35336 17186 30018 30177 30755 13369 27852 14401 41956 31914 14469 4365 28229 20683 29521 16151 9803 24782 13266 6552 27304 18962 4593 19494 47255 32918 8566 29572 45246 24797 10767 48346 19129 21800 1758 48201 17647 9345 24945 48564 37759 3963 46955 27101 17902 31683 39001 43466 14472 543 36618 31125 31450 31144 9720 17566 5098 45851 48178 42677 31279 23241 5145 44435 34501 5584 30206 28661 8427 49833 9225 12261 43354 16274 30135 42503 17452 48107 19585 23106 23687 18856 29933 23753 40213 9197 16130 45189 35183 41732 24966 44485 1020 27162 48497 28296 9727 13650 41626 31016 47538 12863 2684 39181 38582 7193 35913 36350 3776 11072 31158 31503 29135 2849 42882 25012 25805 18127 30931 48599 13607 4063 49543 7714 28032 16495 32743 18904 28919 48032 20610 6432 35159 20405 45392 39686 21730 33962 7870 33709 36711 47049 3843 16445 1337 27117 38672 24455 5195 30235 3982 16930 45915 24665 13155 25413 11235 25590 5088 27630 22955 33134 10313 4684 27248 32324 20190 17477 6236 16678 27599 17716 45200 21333 23416 36521 31228 12470 39927 4373 17837 20253 45656 24469 39454 3053 27012 8662 21074 37071 31352 49250 802 36211 47641 31464 21935 46540 31771 37063 38256 19794 7344 26506 38216 4381 48928 4476 16851 32490 19310 2131 43905 18237 49574 29676 25713 47956 30861 32661 35652 49610 9644 19398 2226 12774 9006 37682 31943 18105 37033 39681 20342 44179 42456 5605 12251 35011 17600 9316 45183 24019 22514 19127 4929 17661 8951 26374 6011 46936 25218 42547 22248 9440 7495 5936 47191 15931 24143 27938 11007 7311 10238 48553 13245 41516 20683 29979 20202 26143 22183 20671 5401 44325 7536 11842 2300 6590 21679 49673 48401 23794 3508 16637 41096 12156 48137 10101 10042 16652 35516 30622 2912 40641 11062 12435 43041 29440 17111 47021 44792 38200 44741 19763 13544 38133 43278 37994 34089 8262 17706 34401 23547 25527 10887 37224 9294 23306 28663 14114 11024 7408 15945 98 9951 8832 35533 32102 2552 32315 43221 17094 8001 40878 22740 13651 47309 6694 41124 3880 17360 49094 17328 37943 9898 48661 13287 2403 31687 13924 29628 22261 8168 40153 38264 25314 39745 19811 45822 21034 28438 38668 22885 5730 19324 41542 16504 38494 27958 39620 44134 25973 23736 33564 31397 285 10246 37246 12963 13806 37315 34355 27847 20429 8091 33287 17247 37375 41064 7017 26878 16690 35475 42161 18920 28561 18947 41803 5750 13554 24508 18296 30470 5649 5676 26396 14091 46090 43092 28517 33 48004 23931 15887 3315 18214 32731 19320 40019 23244 24382 40505 7856 35567 11411 45740 4066 29543 42786 4007 41168 14087 3044 45215 20407 28016 46063 46835 23526 13308 11748 45917 10299 33181 46567 47311 6276 10319 31159 26210 48068 12091 941 3714 33694 36655 33894 34288 43623 2046 29259 25188 33891 46530 37991 4684 47735 37583 41651 40319 41755 30872 32656 2445 31819 42310 35242 22469 44344 18096 15706 48783 43302 34723 16412 42864 15599 36954 21406 26231 8141 45491 23627 39855 11964 16430 41068 23197 26775 18173 19501 43407 17241 16291 47902 29046 3324 44537 41911 39736 2540 47451 4235 49560 36355 10493 24587 9632 16386 25261 13788 45546 22317 5756 31752 27397 1973 1227 19285 40910 25230 36383 39216 8452 7929 2686 13044 17381 40 12004 22496 39094 41427 2406 3687 22493 26676 5946 48122 24773 12480 30744 1613 18957 38282 36124 35810 23432 28284 49228 30193 26718 3525 49198 46363 20145 28840 5940 16691 2058 18942 8885 13101 39349 28685 36582 2761 19838 44933 14248 48945 24255 39921 45569 6601 42931 44511 21628 15922 35838 12399 8122 32575 7836 5157 43968 48097 6223 43619 33359 45410 27535 17005 48962 18680 46057 25368 11196 6989 37561 41418 27523 41791 10958 3476 19484 2054 2867 20956 21233 20757 25163 24433 32301 30947 37093 19741 24981 32631 9606 25363 46454 25984 16400 18387 9751 10777 39354 31953 4356 5023 5493 45974 143 21126 31650 37597 198 12150 46871 20597 1143 29511 33293 48921 31084 36974 4947 17747 37053 38966 45800 12675 36050 24622 45032 16264 32386 47181 28016 19751 20343 17676 24244 43988 41723 40181 48135 25680 7805 34222 14064 14915 46243 24019 45898 48423 36619 4190 20834 18736 21925 29555 3356 4024 30705 7066 10524 43730 11506 16608 3526 12557 36014 49090 36109 48885 21269 33241 44569 36296 32404 35227 46793 5510 36939 25847 8098 25769 1032 32764 14072 33386 14058 5194 45361 27337 47105 25025 23266 1014 7568 32910 6764 42284 14194 17398 3279 39544 14645 39203 24001 46561 41013 48641 32329 17875 17413 44075 8378 22052 40347 11344 17873 34004 35122 32456 27754 11212 14707 49416 21640 2452 30785 1156 14306 14241 11790 18312 27019 38642 15310 4127 13395 14271 10621 19893 49675 18812 11188 5086 44267 15374 13738 6366 8083 22453 47864 8356 48161 9161 33465 22500 3177 48744 2950 26554 49403 26956 19607 41716 30582 22378 26956 13617 26526 43903 28211 11576 44499 21604 12755 41188 38766 875 31167 22137 28820 24668 2476 2609 45275 3647 11780 32044 28090 37813 42762 26919 16171 16922 12839 38321 17581 46538 14936 11729 38252 27189 6191 16460 3012 8907 7585 6233 25988 8713 46568 8703 17027 6194 47601 24384 22689 16083 13123 39189 28793 4753 27282 38562 1299 46484 1242 26042 47548 40466 8952 37813 41827 26872 22776 37566 39992 470 49973 11064 30451 19042 22725 4990 37515 14973 27874 44632 5968 27077 6843 47953 9963 45833 10482 23352 12841 22569 41646 45578 44345 20908 1778 691 16761 24157 1218 34458 46362 44398 23634 3723 7181 9393 11258 19689 23971 23037 38636 2009 22675 15255 6497 40133 45280 7026 29140 14426 24878 21370 1398 39688 47208 24980 6925 8670 18340 39513 31532 42834 29429 18891 44702 35660 834 21959 48439 27247 22025 20243 29183 6580 33551 4756 15050 4537 3235 17328 2011 20464 27768 23325 12258 8336 49089 21928 6750 28750 8390 46037 34357 13377 30911 12785 38521 10200 38157 48628 45805 14612 13346 35007 33291 29005 19256 47294 1518 30161 15133 42097 15922 37639 1494 38370 13527 45183 27480 17324 35364 37000 42581 2024 17382 30477 38405 30947 40340 40967 32702 26179 44737 16479 48509 22303 6880 40971 8265 14161 14909 37329 31505 29042 15144 35838 28676 25565 2308 25547 756 43693 16477 24990 34634 31063 36220 5081 29309 13225 28366 35203 21394 17830 8979 12596 29503 38321 22508 5793 14180 2131 23631 17987 925 562 7833 33225 31937 10966 10719 38734 22273 38661 30992 26152 24029 24919 23243 20328 17125 19791 11672 36029 15637 21869 23761 18404 38276 3185 2139 6552 7157 45754 40330 32617 40330 17011 37019 40099 18946 31584 48666 47524 49856 10367 26056 6019 32683 46857 5983 21433 49809 30625 22066 19048 13230 5079 36136 13639 26738 27160 33666 43995 33431 6399 30005 48663 3661 32142 9746 37322 3318 23677 13641 25644 25166 48953 48130 44364 34371 6737 15218 33029 42668 13971 33406 32374 49859 47396 18122 43296 43630 49713 8219 5578 17942 44653 43914 25629 13854 49145 13032 25205 7128 15315 8352 10972 44163 6559 38229 16220 39125 47854 43978 44690 21278 36328 40394 28783 32677 34771 30938 22197 42398 9170 29344 33068 29186 46558 46726 45902 1339 47203 41012 12947 49661 7855 42869 47629 41334 35973 9790 41212 1725 24666 19054 38560 5059 10303 35917 28576 44185 38880 37805 27527 18274 22727 41510 40478 33743 9344 21709 45169 40188 43340 38094 47310 4767 23728 27092 8676 27247 24669 10330 34424 37098 22849 13323 2222 46699 2435 2428 37480 20417 23383 3957 15117 30335 36995 37605 10949 49684 31703 29791 21559 13288 31763 35264 1152 28979 33920 22457 46523 47971 10102 44929 28587 9284 21253 661 22287 36137 31591 22325 44508 13121 1671 6042 19847 24835 44637 210 32743 2537 46132 29386 13871 31236 20545 40565 35020 4799 9446 28719 9866 43205 21771 15722 46961 39819 26665 22007 4680 10715 15595 15238 29610 21327 8740 46841 41612 28485 24097 43915 10336 40578 47423 30448 3236 4612 33322 20335 29008 44841 37618 3491 33526 48548 4494 46287 43692 7794 955 41663 28455 12994 47176 44094 23489 43266 11199 39578 39065 24984 31322 35043 24137 18163 34929 18066 226 16810 27252 27770 47305 20607 11464 33059 17005 40013 41696 28886 3908 15107 47707 2725 6393 23015 11932 36828 39859 887 34287 30929 44369 33450 28694 48922 19776 24335 28886 15250 14072 13238 17992 22912 49040 2301 2470 15624 22974 47674 46880 27571 6586 16774 6407 48524 19562 27090 33680 11095 45582 38184 9896 20879 2510 42326 36640 9967 27878 9267 49240 2058 48189 6932 25380 2348 23703 3672 2689 9738 41501 33834 44736 49294 27023 1580 15127 32162 1294 5243 23289 47939 22329 10727 19777 13621 48842 24070 6795 40993 18304 3160 37024 19743 24776 12838 3883 21051 43157 42379 27286 5853 49810 24779 15287 38083 30369 6900 45343 45278 13444 30520 38825 31087 47207 47045 12381 14305 22384 8159 11827 11829 10490 48484 35033 3084 1077 13377 33678 46650 22687 38747 27087 2423 38147 48788 32431 41434 24836 21562 46275 31445 33942 28340 28201 11653 2385 2089 44511 8295 49742 13670 22435 21775 36338 28130 41094 14934 9997 48144 19884 15838 9731 5339 7506 37031 49864 16477 38115 41011 9323 5795 7793 48459 35699 12315 24704 31732 38588 31331 34948 41982 338 27932 21165 39450 30119 45795 46286 45106 8846 39837 21029 19957 40113 17317 28142 8586 34981 46608 28729 25538 45765 27326 28967 27622 41589 48042 9768 19802 12690 6401 5712 9881 44313 6488 19568 23714 32155 35402 8926 21945 5190 6936 40739 2185 15949 13130 27800 39466 31902 27709 46979 28938 37066 5931 11361 40835 49775 2861 40970 14440 40298 18554 4161 15255 5379 16727 1865 32752 7241 22535 13000 34146 15335 37515 48003 3936 40662 42780 34134 32298 3565 1301 18529 25867 18448 41447 38638 12159 25050 8875 19940 45194 13747 39048 7303 49541 27842 46829 6515 30770 21841 22746 49176 20336 22844 40891 431 23864 31359 45560 27833 25789 38635 43620 29087 44612 23622 4664 2253 11861 3569 20937 33251 33896 13015 45190 24006 37217 31538 38999 18216 7832 1516 9779 49448 18056 1836 44953 40110 19602 12095 15335 4617 2332 40754 17083 45671 47606 48710 11534 12246 12730 41982 46866 2338 3438 7678 10435 27893 29686 24334 1902 49264 29181 2176 49881 35073 48882 43148 46942 29597 16605 6499 17307 27535 28829 15460 19143 16127 48415 48089 15274 43283 24788 17056 12167 17355 5070 12090 22812 31490 34220 33442 46565 27975 14117 47278 24049 33298 47711 5404 27315 6701 45007 13446 6786 37648 27904 48909 41726 36422 6880 7532 44497 47803 49941 47026 18651 718 37731 5431 3809 87 13349 2534 17077 38825 21565 16020 35977 38499 3110 15969 42037 48245 28471 14367 49084 32651 2953 45319 19157 31578 33048 9797 23092 16047 107 588 7839 14974 25959 2913 30814 33991 9001 3044 8435 38336 25757 13756 4285 14240 25482 49071 49106 42383 34427 2327 49065 37015 29186 28155 31833 26016 23561 33211 35286 4500 32733 16455 48538 36020 12077 13820 7358 9770 2071 18486 36437 22873 43022 310 1035 25490 32300 30395 31885 46552 36048 7166 2050 4346 32964 5578 18865 38982 20813 18296 7281 49529 40913 37725 39964 18936 12255 6335 13214 3169 49444 7239 48277 47897 1492 48087 34513 27690 35452 49704 29898 41489 33560 26042 4320 17796 11244 39367 41867 33622 21760 33473 2015 12959 28790 41495 9209 2639 48147 28403 32258 43859 42284 22107 2075 5360 21986 47515 41500 30248 13299 26626 47692 3237 30142 14662 8799 13634 45465 16595 25368 39250 27467 16271 40016 11800 21691 26070 18844 48654 21964 47973 18932 33816 42390 11090 37010 49780 16576 42005 16997 38862 11993 7899 43958 46354 35519 48551 6599 36624 41802 4391 45617 40442 47632 14580 40361 7159 32988 32155 37964 48246 41593 46614 27358 36463 47168 9981 474 15809 11750 41071 49672 29475 31722 31049 36071 34688 35382 42859 43118 5877 34692 12050 29849 25888 20218 6793 48696 48837 37360 18806 44136 30019 31067 9848 26868 49168 6628 42130 6472 24134 33264 19209 1222 16927 16687 7595 35433 33804 15394 6920 24443 12231 18733 30456 46258 13475 35868 2871 48534 27432 7459 22673 27935 25642 17287 27270 29166 30640 32795 42475 38592 10785 45859 14169 16923 2939 9447 6683 30853 8698 44607 41851 13410 17318 10069 25745 34873 38238 34990 1735 22137 5433 17431 45346 42450 19162 25899 26579 15465 15035 14197 39830 9604 12834 26341 3293 14836 15807 41462 46587 47405 40661 17138 42155 7562 25498 17795 8689 38936 14257 13840 39240 36065 38335 24229 22712 1030 45842 41258 35856 35965 33736 46657 31662 6702 12363 14460 42477 41520 35977 1095 1458 31188 48121 42928 17097 13058 24582 1983 17081 18401 1156 34943 14790 847 1602 28714 32318 19130 34895 33521 1162 13661 32430 5101 41401 12659 7164 30876 37750 23984 23648 38421 20887 31153 29816 33087 5088 30438 1785 44243 38744 8890 2015 11399 41223 17496 2501 17405 8707 43806 37074 44059 2068 49608 8228 23242 26516 38751 47125 30502 47356 4790 3098 25305 12019 28627 177 3794 3143 19229 32678 3134 48506 22215 10109 253 27548 1126 38064 7032 5342 19113 49345 12160 21608 46599 22828 31699 11393 28863 9416 32082 19833 46827 15255 25014 6541 35388 41717 48552 30585 29384 36054 45186 4541 29356 17270 49735 17140 33443 29648 37878 10422 17763 27599 2154 19572 7685 15428 6112 49625 25356 36947 10074 35112 16234 12863 5213 43386 45149 14343 46501 30299 3769 17721 47296 2215 3237 6071 11582 36791 30667 2852 34155 24992 12550 13102 31592 38123 40913 25415 35 15725 12690 9193 23592 23143 26604 42972 36312 24520 36718 48147 43387 8975 45865 23653 13336 12993 9526 36713 29647 17396 26291 4759 4634 5481 11132 24383 45038 7590 30977 45390 43349 18495 23686 20437 3716 28169 47484 25268 17745 25989 48196 25104 2128 32165 26524 19608 29814 27976 12594 39454 8698 14616 48534 35007 14818 12080 39519 10248 32239 6000 3551 28156 27114 48756 6124 37511 15711 48005 35157 22804 8505 920 3467 18016 19294 43458 19130 34253 46911 11120 19212 33963 45832 423 10504 41496 24885 14133 31818 35420 20426 32304 46825 46572 1545 4605 8470 8429 38741 10017 46688 4819 5399 3107 2203 49677 39918 36770 6504 29925 16367 13210 31818 22697 15436 22116 46270 26401 30063 8183 47859 19851 30316 12526 32410 39866 43355 44461 47378 5764 18540 11485 29888 37195 10674 4708 47713 42871 17880 16705 6141 1216 31474 20865 48907 9773 6603 7381 686 26236 46202 29774 45153 7425 20942 34039 10814 6992 32019 36387 22607 35099 17055 24907 10362 24889 1533 5513 48644 49134 40746 33025 6198 19610 29869 49947 6092 28873 8046 34179 15265 36726 19454 3254 6700 13607 2973 35835 10956 32022 8648 26745 48872 18252 39947 2652 14399 47175 43392 48224 37301 16535 39370 14809 27422 31670 14457 6482 37097 47929 33873 24355 18660 5230 18061 33042 2109 775 24953 12470 19118 33531 27317 41179 23494 42395 4252 40279 10893 47555 10772 40915 44786 25529 47671 25143 24881 12540 39783 12021 22322 39847 9997 6242 32792 18295 24391 42350 18532 7679 32115 32798 8791 46094 14768 45130 15671 6405 852 32785 13957 48700 6945 33699 16251 48956 24336 5643 49955 9014 43270 17156 27506 1772 31144 19982 21660 16615 44000 43695 1239 18469 16475 28495 14638 43113 25240 21114 40181 13730 35754 4482 13496 46012 34396 12437 14745 14935 42089 35279 19201 26341 40384 17401 26612 19651 13421 11619 30667 49996 37301 8731 36711 17914 44801 2496 18872 19169 44399 5288 41455 8824 43780 14527 31287 46453 49431 23866 34513 6472 32444 31733 35746 43084 6002 38151 48578 47357 48948 7970 573 10845 13118 37347 3569 12067 10609 9429 21472 21021 204 43190 16532 15693 49993 32969 29167 14880 12021 27858 44078 8872 47532 48502 38621 31409 23872 944 17221 2997 28801 23338 9091 32560 13689 44284 35228 19179 34596 24044 994 40070 14667 24196 39707 7775 17611 49514 29521 46412 10082 13093 19246 45637 30028 35296 22451 29690 11791 45039 44884 26225 3613 9578 29331 6370 42761 27737 47416 46748 2945 16927 47617 16186 22328 27987 10982 20452 25290 28496 17185 44253 10635 17971 35229 1776 47288 6475 48693 39693 1168 34232 2780 5653 39582 8237 22113 46052 22935 34598 4404 16933 30319 47292 46986 16801 34427 40267 48272 2158 6020 38666 3638 47796 21451 35916 7024 11441 9661 15188 10913 33066 20956 37435 970 12589 17877 10872 42 1135 2130 40817 44304 24653 36955 12349 19074 11461 47598 9317 5533 37766 34169 24482 47623 17272 44019 3352 8249 9779 14782 37864 6422 43504 26381 17015 2709 16290 46590 4822 23864 5255 43099 29420 17546 20400 23953 41047 11678 5784 4615 13869 19763 49174 39651 46195 26353 35438 22689 21236 18071 6723 21420 40877 40188 24 18805 468 48091 18833 6688 4330 36412 33096 38905 30358 7970 38194 17053 27002 14 15257 15826 24391 23873 16038 2082 29088 13815 35447 43937 41860 23818 35185 19215 26285 40795 37854 32874 34549 6071 43544 44759 9251 48756 20617 25437 7210 5650 15178 35024 11993 39714 42336 22664 31129 1205 30430 44272 14580 46871 37975 23001 48059 36457 31865 11775 1946 28640 34371 22886 40702 26888 31306 44175 7136 9692 41859 25737 36653 33515 6119 36498 3802 24736 5778 16240 43567 1546 5214 23354 47888 39252 21431 1374 27964 34466 14777 3754 27014 20288 16576 838 37285 22791 32400 42080 19682 12107 22375 23883 25920 49110 42401 28298 17382 31742 28133 20101 4414 23533 38343 9925 6002 6294 38037 47205 22690 12483 45589 26259 42824 27784 35872 47484 41492 38299 24279 14792 23927 26469 16387 29921 30302 41969 23888 2319 24164 12792 48068 41514 5344 20281 12613 25622 161 28398 27209 10924 27633 15255 4599 13888 11638 9061 24354 18370 43141 13239 40646 43277 47627 6273 48210 26333 17182 16133 27922 48546 14214 46595 4880 45725 17426 40656 15304 32191 21964 28198 22343 23303 29203 44051 15304 26048 1783 14056 27496 28751 22177 44257 9514 12547 36249 42963 3112 45956 47876 12477 37327 41490 46608 27571 7827 19390 25654 22429 32418 30993 45419 17593 9447 35335 22689 6636 7842 23347 48786 38180 33233 18807 22997 19061 15505 5113 1591 32760 44849 16093 13212 38313 1681 5311 48935 25586 10082 46582 1711 29007 45462 2611 32589 26787 12954 25966 6042 947 2376 8585 37145 12798 1789 8865 21178 45281 37371 13768 43381 21201 13957 34422 16339 48914 26299 13216 48287 17180 14577 15760 2679 27557 42072 12084 14826 29659 24161 20782 32275 13407 35566 9070 40609 5325 4617 42499 26777 14793 12680 3457 4493 39036 10744 45498 25825 45121 30975 896 41792 48946 11058 2311 47264 22913 47389 17279 1513 10364 43203 47071 14200 2839 20908 34652 29601 9176 15590 34289 21012 16515 31269 20230 20037 26901 20977 32836 7270 34848 28428 32145 8338 25435 49390 6987 27536 18507 20328 31714 17243 16714 33881 4116 15506 33732 16634 4513 20198 24673 1263 6362 35348 36438 30736 8300 36329 4323 46986 32054 26543 44647 45661 8961 29835 7937 11837 26950 11413 7653 1863 20861 28080 31878 46624 2474 26898 35713 12528 39608 4429 23454 27249 23094 39308 10414 25130 35236 17686 6517 16919 4263 36532 5332 23666 24187 30880 48978 3449 44971 29253 36131 26187 23805 39717 10632 47678 2695 25596 35523 43099 49587 42354 32209 16775 47145 31608 7001 24839 31171 31302 3606 10706 18913 37678 20911 11854 19128 14724 9004 37201 13539 28071 27889 44298 31951 18014 24997 11632 41220 32398 49408 30280 7372 3499 44509 42929 47913 44642 31111 26869 40968 46060 36050 48834 10984 45891 1945 42931 46949 24305 6214 41407 21057 42559 300 14216 1150 41089 21916 42963 15645 39839 6644 28906 33191 34325 23476 14494 4177 19472 7124 4697 5229 20420 38627 15700 5977 4370 38439 1477 49227 38371 28947 4935 4285 29247 8691 38205 1597 28318 6184 14822 6987 1403 9343 3813 42916 22037 31680 24013 11821 2712 6009 25973 18405 44207 41479 4138 42174 31329 16566 24236 32690 25232 14223 14737 48671 25266 42542 38623 25871 2571 42288 26471 18007 37358 12469 26862 30068 7616 33417 44719 10917 33791 33546 23163 15434 29540 26823 16016 13925 18015 5563 38808 796 49278 49419 16560 12001 35834 37465 35736 7181 38644 903 38612 24255 8488 45124 30490 24296 36604 15414 33175 40936 18623 43251 36016 17263 16009 46499 1234 1780 21525 2601 5248 2047 45131 7106 26891 26847 4356 21326 36697 45885 45548 30704 18276 33535 6963 45795 11944 9162 24985 9701 30509 41037 43139 38995 26271 36080 7010 42748 18780 42839 6669 35445 43409 18791 38367 41544 4587 44141 18143 8813 36502 33198 39114 29101 19927 29304 8516 14793 36201 23161 40240 23570 37425 17843 49225 26837 38966 35299 27390 22212 29635 14784 9811 1578 8413 39866 43864 15593 3747 13302 47968 46872 47570 8431 43894 41538 17983 26924 45449 21887 2543 24717 46322 8289 9581 43416 44693 16039 7384 5814 10236 22179 33396 37179 8550 45731 978 4324 36497 34798 35207 31043 40574 46887 32708 9082 35358 31929 43198 19937 7346 792 26148 1428 25433 35435 40843 47881 19576 8679 8268 29340 47956 34579 41128 42944 38668 31269 4184 12489 33768 38226 5452 40262 11145 17738 1889 24658 47431 14125 3600 9919 49466 21472 34440 20839 16620 20455 3926 23663 46931 45398 28450 30312 32386 6209 10094 34381 39738 12419 2705 16832 29781 2063 11066 14682 19613 21207 42749 5500 1674 39715 25693 46821 17259 12899 19263 5611 13371 24764 2508 35753 30101 44531 43018 2762 35469 42037 37256 28446 30145 19738 26969 20983 19912 32617 11854 43104 17752 1684 30748 30533 44179 34860 30218 32829 14422 8836 30984 19089 33894 264 5124 47836 22613 21361 19551 22737 44020 9675 25322 17324 269 32912 8586 42505 38508 22735 20822 23395 39075 49675 45892 49505 38544 17398 14831 33215 33414 40078 11372 23695 48739 22284 44569 19836 5851 26756 29810 11668 16920 3397 25216 3502 16312 23060 26573 1311 12480 26307 18810 4819 10187 21129 22266 31328 37854 31632 27584 37713 21726 26008 726 38011 42938 27329 13307 27254 27678 48727 28043 8642 38676 15168 20334 46132 13174 44074 17154 47055 1346 42953 43686 17700 13522 16464 13661 39861 38640 47003 15482 19662 44678 21779 6119 17629 44534 4319 28534 28119 23026 32857 29823 24402 19095 10515 10038 15819 22276 17367 38138 32444 16937 36498 48085 5901 14687 47288 17937 8888 11839 9129 20556 15463 33216 47373 31865 8607 36863 25724 6570 39174 31340 7312 5763 5527 13504 44373 10397 12393 22532 20278 42635 31902 1167 11151 45934 7748 44807 35464 36520 11683 7223 37132 44694 49779 40583 39496 30583 34646 25665 43167 46412 39516 24886 22179 13572 45487 27158 23195 42687 513 19100 44921 34041 25669 43627 30120 29407 8404 11101 30041 21816 11528 23361 39542 49862 33164 31952 40158 40882 29794 46115 22369 49820 9026 49217 2270 46316 29355 14126 36200 21927 20707 47785 14306 10928 37966 19410 38411 6334 13654 32404 4428 13484 20214 47240 38737 12760 42849 32101 45611 21862 23332 36390 16567 16928 1065 12857 44872 13754 7145 49740 22817 27333 45006 6541 44743 40967 5985 1359 16048 20573 27819 47984 8877 33873 35342 26809 48938 23632 37890 6674 1464 33550 4995 12298 12620 42385 27453 35749 24039 49705 5361 126 16903 5901 46447 18698 35476 25605 2597 44852 22448 20239 36640 10656 48223 12547 23983 14729 11324 25743 41821 44452 40566 39643 23857 20996 45205 35037 15652 39290 21695 11979 40782 31171 45928 47725 16261 13026 7781 41121 10445 4180 14397 34988 3612 24495 29814 9077 15286 42081 29006 48438 32104 37631 41842 25963 28499 32306 42360 47532 11738 42429 379 12947 31377 10323 44690 45582 23973 39356 27964 9180 12107 3412 47337 24953 28962 32105 12231 20286 47713 26108 12391 38563 2582 17763 30312 24335 6414 16743 46813 17304 17203 10686 43122 43337 43577 8336 29234 29114 18440 48522 9916 12396 49605 35736 10519 3018 24312 30418 47044 37278 23502 15435 48015 12177 17559 43443 23023 18973 5793 33995 14014 1492 30591 49873 11017 48185 38611 23895 30079 37820 18687 37902 120 22144 47928 26749 32017 35060 34310 28533 31677 32234 34883 17351 36440 1550 27382 4269 29850 19366 32788 5316 30210 45073 11560 30348 27052 47649 38591 15466 13874 4296 40311 1039 21631 4523 11743 42639 36522 9174 43042 31867 5040 49063 35827 29919 37394 33506 35739 32564 29747 49361 46551 25971 20283 41395 29110 11424 36179 44568 37398 16523 33918 38898 22338 8050 5425 36244 38282 14036 46140 6202 42907 39827 27728 48058 16293 15386 48712 17796 8787 20859 149 20282 16486 35949 45472 19845 7297 8539 37187 30710 4038 48133 8569 5236 920 7636 4070 7323 37244 40707 24313 16851 11348 11160 10870 6681 34253 8294 26080 39942 35774 30839 45537 15078 10687 1918 44397 3277 46479 49661 48464 42403 2016 10340 33962 1978 36118 37681 16628 4246 33548 13493 30099 22164 31593 17157 49518 32903 4271 10919 46792 29174 9872 38638 22393 10991 35136 10941 18056 18315 28291 5314 29902 1931 24497 32248 9564 45723 19500 8938 10662 31479 11046 5482 47031 22284 38755 2970 19265 29362 47564 31475 37391 27494 40036 1234 3108 22404 26683 2019 8429 1558 8888 25149 16848 46363 28926 28337 20979 33324 15669 45412 3336 22244 45366 34544 35582 15749 46803 44355 7284 15137 46266 15856 43896 40732 37030 22478 17860 22930 2540 31245 14514 8393 12324 13995 32048 38502 20423 11415 10495 41666 41212 35427 4403 25334 48517 16613 28315 18926 45720 42214 20216 16798 2654 11736 36235 18695 46687 40157 41607 35814 45075 40515 8814 22035 26774 38982 777 43120 45996 29453 36340 21344 14824 38856 18942 22911 20342 29916 39663 17825 20648 42393 37553 8904 39488 27607 23398 13200 45346 40163 38161 19101 24425 5258 19086 49252 3348 3496 37380 8279 4065 15598 29474 11472 7492 20247 35717 16766 18483 34341 34882 8485 23142 41819 10234 36393 18125 33655 1274 512 18111 48636 41300 42548 36573 48425 34771 35182 32055 10007 27547 10940 37096 40809 19484 35149 27239 49975 45977 26327 381 23925 11310 16681 32678 49398 30937 22497 9701 33681 47700 8642 1655 34335 30747 24192 8454 1169 11915 38670 37644 96 467 3362 1465 11139 17018 28710 28161 15031 47926 1285 14623 6183 48391 44947 12054 24432 9093 10863 26595 47642 3513 30858 42209 44556 21035 31307 7176 13609 33034 28335 5334 17985 15482 40810 44369 33524 39967 36129 1681 33454 11035 9185 43994 48620 45591 25058 6464 14504 3857 6367 43981 15958 26097 11165 3910 18921 3114 48281 20600 2428 16914 45432 28412 18316 43552 5346 20863 5853 47397 47778 9443 9365 19162 43592 41062 26839 30811 15026 23140 11972 2895 26433 28315 33626 38155 40197 41856 26848 47220 13742 29966 8624 28773 30910 19919 35618 21528 7501 38057 45409 40974 27873 6605 39671 354 41278 26308 7761 28290 4170 23984 40238 26855 1830 20479 21735 37364 33131 15181 39175 31071 40052 13948 20287 13513 31471 36793 5334 45324 48242 17976 3360 26028 42547 28824 44259 4640 13826 25102 13685 22068 47059 5953 7001 14702 26005 27738 14695 39256 14025 13926 18083 37789 14647 6968 7489 32636 11584 5660 8474 21432 8565 29371 27248 8787 40182 30670 25845 39114 33544 29417 23292 29533 20844 5178 18159 11365 36519 14719 15250 885 13059 26060 38251 15709 43094 48428 31452 8596 33128 37647 4473 48476 26221 40791 9278 47634 16487 38081 11059 5492 12830 37040 15180 47869 28454 20485 47504 41715 23394 38379 31400 21508 22054 30787 43608 16476 24701 28087 3757 3784 17451 29819 21342 44925 28327 15986 45041 37125 968 47015 15889 44031 36751 35409 30667 16453 35251 2241 12837 30559 47107 4524 18858 44336 32055 23305 16376 21972 3845 1598 1809 40549 48927 13000 36836 34226 21027 49670 35666 25724 23795 7162 43935 10205 19721 34227 24437 8373 19487 36812 7737 27784 39929 21349 18792 44013 36399 1065 26896 7791 11753 20389 4914 8487 10182 15555 13301 10926 25992 14102 23843 22668 25689 12856 464 27225 18990 45826 37685 26810 22187 26753 16128 45738 11321 4910 18696 47426 13291 34453 9490 9264 46158 34790 21925 45063 11877 20115 36590 12905 36924 16279 39221 42940 25512 32182 40083 39457 34461 11618 5520 45488 34070 26632 45831 45774 49548 19618 9568 29902 21791 45994 46886 28781 38996 35132 21700 20894 39886 16919 35499 15567 28101 7772 20261 22226 8587 24408 46393 25469 6056 9489 2872 37054 38662 47068 39961 9006 11845 4023 31782 38638 46559 2773 41316 6598 10429 15142 40405 41615 22397 3588 46449 36344 48369 48218 25971 18457 19253 39779 25269 11727 32958 49733 38223 15153 1184 41726 28896 829 6622 19912 43932 14478 43965 15948 30686 17170 27138 7723 8988 22205 15801 18118 19106 41720 22170 2203 8820 22305 26660 5488 26706 4118 24580 10697 33253 25614 45045 45231 23731 46841 47742 12877 13576 49943 42092 469 25344 42540 24262 33561 45269 47100 30402 19515 17046 28077 41235 816 15732 16235 9153 48861 48852 35995 12707 25586 11142 35351 28564 26440 18491 35351 4272 1773 7263 41689 5602 17701 23938 32075 22603 11422 13257 20513 14429 2329 41688 15364 41208 43890 31020 47067 28150 31637 4241 36586 44241 11731 38748 19792 15494 43495 30820 35572 32221 38344 26862 1319 28557 3836 46302 17306 41541 31488 9407 13356 23851 12184 44129 31266 24783 47037 43956 1401 34458 25250 31093 1727 48980 31950 45160 17444 45976 31899 28634 10350 38530 42118 18771 6990 22993 38 45168 38001 17483 22912 44655 23553 18840 36740 3476 16290 4047 9901 1000 36365 5826 3983 47791 14033 19495 28822 22810 33685 27067 12977 21810 33277 45328 6261 19255 39186 42658 22804 45495 40644 36195 48490 9675 7940 4826 25729 45910 7985 34864 20147 17954 18344 48290 35789 16817 17069 46053 18900 9836 30030 9035 16055 10287 2971 28343 14488 20152 18964 37124 33215 39874 32720 14211 43474 41706 36702 7612 4698 2838 1668 16101 47852 2025 10495 26541 36202 44249 32051 6227 40479 27614 14435 14963 8898 8343 5405 35103 42339 25610 6217 48678 49031 33613 32616 40068 40678 29425 14145 47771 6884 12801 8691 37802 24736 27468 41536 3168 4430 45534 42516 21062 47987 8313 599 46321 17285 46974 26806 25985 2178 46345 16946 24711 43758 27613 36595 11874 15667 12566 17697 22600 8804 30141 27541 45209 41174 16897 13802 42111 31056 49636 16620 36242 18803 7449 33596 5509 45221 20279 15342 9559 35919 47797 49410 3930 26045 6527 28414 36191 1127 26203 8951 15147 6592 42369 35110 34345 2916 35183 43778 40565 6104 14261 12395 42018 21392 25129 29661 3591 19096 9171 33368 17700 33124 37644 23053 14095 41216 48049 37401 38284 27067 48885 12485 7475 43381 3762 20930 49131 31356 21560 867 15939 33384 49211 6173 4566 34238 42441 36072 11933 30454 12847 48303 14934 31938 41761 10651 27112 27308 4523 1389 44142 39215 19912 18249 12820 48448 14616 21710 2423 11642 11541 29967 33057 15991 45237 3007 14193 21954 36497 22680 1942 40154 508 6762 47885 21602 10864 730 49990 24735 11533 16541 20642 37845 18279 47794 34964 18649 37397 3772 43096 33381 5594 45604 3831 26943 33496 13231 25638 37051 45411 37582 30965 8714 49204 32954 42991 35099 40075 43779 21622 29484 8959 46280 10047 15618 10622 45974 42399 8351 22419 9877 48209 1739 41124 43915 6912 28470 30838 25008 30902 41830 3324 16742 13281 9294 38397 27407 31110 26954 30909 41956 48407 4065 1393 49000 20994 47033 37142 41014 49753 6014 31770 726 17426 20368 13342 46412 46791 13555 15703 16385 26598 12515 37056 4788 26417 612 42927 31063 35481 282 1759 35791 13582 32613 5256 7864 30852 27274 19252 4682 27699 47899 40173 30081 13484 31643 395 4989 3507 10151 22681 37319 35574 6313 8380 8622 44975 44204 4928 8354 16212 18786 20047 34934 43428 26487 11625 42058 49997 40865 38360 35143 32105 30323 19380 22979 18459 22289 7034 25048 28748 33904 40733 15718 6952 3938 25358 31164 614 48612 42042 26526 29577 24698 1230 32227 29307 37591 23814 9381 12060 21379 8585 31861 16321 27530 21925 49448 26753 44100 46272 14498 42639 25303 7536 31320 21673 48193 14091 13644 30213 43822 33044 32124 23575 4824 458 19345 20692 40550 4323 7640 27739 27519 8114 2467 24819 20469 48988 6776 11587 35024 48753 613 32695 48252 44666 43560 5439 19191 3576 48711 30227 49233 18587 39052 13382 578 38245 26068 15773 39079 14541 43180 17009 42306 21722 33479 40942 2429 13362 11198 17620 4525 16835 38380 24119 19651 11827 42995 4267 9462 16376 48730 36524 26306 48102 35348 41912 18817 24327 46586 17268 2183 24307 25801 42283 37034 17814 36134 9840 47902 37023 48997 43980 22223 49628 6604 32372 28340 48604 4528 7550 43312 49548 29644 17860 24315 44984 2711 1090 14399 43937 1216 28404 
