// periodic
// number of jobs
1
// pi
70
// Cycle
100
// aperiodic
// number of jobs
9000
// pi
35 11 11 18 12 28 53 25 55 29 36 5 56 59 2 21 30 23 19 27 44 24 44 35 47 54 53 50 7 39 17 24 28 28 34 38 7 24 41 15 26 16 39 31 59 39 3 39 22 51 32 8 31 57 48 14 37 7 57 35 48 34 59 25 26 10 53 16 36 11 21 16 16 50 26 8 53 5 54 3 59 44 32 40 21 42 18 10 30 41 26 38 34 48 19 38 58 22 22 43 14 44 21 29 33 33 36 57 44 34 24 52 19 17 16 29 10 16 53 8 31 7 45 51 59 22 26 22 9 37 52 13 6 44 26 59 1 28 21 45 15 53 58 24 57 18 39 34 26 17 9 8 2 22 39 36 4 5 18 56 5 51 16 3 16 59 2 17 15 38 18 41 26 34 42 43 48 55 10 31 31 5 30 55 15 36 17 39 39 24 24 45 4 39 42 35 57 22 4 45 12 44 12 34 55 54 41 10 51 18 47 26 9 4 40 17 37 14 10 41 2 15 45 11 15 1 45 59 5 43 50 1 42 40 56 10 50 17 57 59 25 32 26 21 34 46 3 49 56 55 52 38 50 41 7 29 10 46 6 9 52 35 58 7 52 18 23 11 58 7 25 46 39 34 47 14 45 4 37 23 25 49 38 50 19 25 39 20 1 53 11 7 55 58 51 35 16 8 12 17 59 59 20 58 29 50 55 3 4 57 48 27 1 12 23 26 15 35 24 48 39 32 42 31 49 27 7 21 43 58 56 9 49 51 34 53 47 54 32 46 21 37 45 51 50 37 48 25 4 34 39 29 6 37 15 29 55 10 26 59 53 23 50 16 53 41 15 51 14 19 29 15 34 16 59 43 40 3 55 34 33 22 36 39 39 57 31 30 3 11 47 8 9 7 54 54 5 54 35 32 17 33 9 35 42 31 30 27 59 16 48 52 12 30 41 42 9 35 1 40 22 36 41 51 52 54 56 15 24 48 5 9 34 15 58 29 50 19 40 12 27 9 4 12 12 3 26 16 25 34 21 24 51 19 24 13 36 40 57 49 48 35 40 53 39 51 34 33 27 47 15 19 1 34 26 20 3 45 9 14 8 56 19 30 30 40 11 48 39 25 26 53 24 44 34 34 36 39 9 38 31 40 59 23 56 28 3 16 40 8 34 3 31 6 10 57 8 49 25 10 40 40 9 18 2 13 48 58 41 35 50 7 13 3 45 13 46 31 56 17 50 45 2 40 3 54 10 21 21 41 55 4 52 39 49 31 47 35 40 10 37 42 22 26 43 39 54 46 37 1 56 25 8 28 49 23 14 12 58 52 2 34 43 1 1 57 38 35 48 3 4 10 49 16 37 51 12 21 4 36 21 18 38 58 35 27 35 20 44 22 30 19 49 38 13 22 26 22 51 18 50 32 11 36 29 18 59 29 28 13 5 35 54 56 11 43 59 18 34 32 4 11 55 25 51 43 59 56 56 26 6 9 37 5 34 3 38 10 51 6 55 9 19 49 59 24 7 9 20 5 45 20 37 33 17 15 30 41 56 13 43 51 9 34 21 49 33 40 48 58 20 39 43 31 47 32 41 24 18 59 13 14 49 57 12 51 2 14 3 37 8 48 24 41 52 37 24 13 9 7 29 57 33 8 31 5 9 57 51 34 38 8 27 1 1 3 41 54 44 37 41 37 14 44 34 32 29 21 43 33 58 8 45 50 38 30 21 32 32 11 48 23 24 28 6 19 41 58 39 13 15 37 7 57 49 37 23 30 42 10 4 26 26 2 59 28 25 17 8 22 37 2 14 41 3 54 25 8 53 14 40 51 31 49 4 51 58 59 41 52 49 44 8 29 40 4 1 33 16 56 43 41 34 46 52 41 47 10 39 33 52 12 4 47 18 16 46 17 35 28 9 11 22 2 33 24 17 53 32 7 26 26 42 40 45 54 13 19 2 53 1 11 3 17 23 46 27 28 34 7 15 20 43 19 36 10 39 55 12 34 51 29 1 37 10 48 20 26 7 41 7 40 18 49 56 14 8 58 47 8 4 43 38 1 56 52 58 1 42 47 11 43 42 25 40 53 56 49 18 56 41 36 46 50 16 12 51 14 44 38 12 4 24 22 33 10 39 32 10 42 25 45 44 50 7 57 57 8 29 29 4 17 1 13 17 16 53 45 52 58 27 3 42 53 45 41 31 9 20 23 59 2 10 11 43 43 46 33 29 58 49 57 39 53 32 16 38 52 21 34 36 29 21 27 52 29 31 48 17 41 45 13 37 17 8 18 20 6 24 45 3 7 4 55 10 38 11 13 35 56 49 22 3 47 26 32 12 48 17 37 50 55 31 34 5 28 38 22 58 47 59 1 25 35 38 13 52 5 7 43 36 50 48 43 44 30 39 18 30 35 15 55 20 55 43 58 20 26 56 21 25 22 18 48 35 5 11 5 33 33 17 48 1 47 25 23 57 10 16 13 51 48 29 23 17 43 56 9 51 23 46 59 12 8 53 55 59 3 49 34 58 51 53 55 37 1 4 38 21 15 50 38 20 1 7 45 37 41 28 4 36 46 37 44 20 23 26 26 24 25 43 8 52 3 52 28 55 16 42 40 59 41 31 46 56 39 13 3 40 7 16 35 30 19 46 34 12 34 32 33 48 13 31 56 10 23 16 27 28 38 11 56 43 44 39 10 3 29 40 5 4 5 53 43 28 49 3 35 13 12 24 18 49 40 35 49 38 11 14 39 49 30 32 25 21 10 43 56 43 58 31 9 48 59 11 7 50 21 7 17 1 16 57 38 52 32 13 54 36 3 15 5 54 10 45 27 35 53 17 44 7 19 28 27 52 52 56 52 29 45 43 7 30 9 43 48 52 37 38 12 59 25 18 43 38 10 57 1 4 22 20 13 2 19 15 26 40 57 30 25 40 22 58 45 50 47 14 15 42 40 50 6 56 10 34 3 16 44 35 46 58 5 24 55 53 15 18 38 36 46 18 12 9 3 48 41 43 37 41 20 44 53 28 32 11 48 54 27 2 51 2 41 1 15 20 31 15 13 30 55 57 12 45 30 2 27 3 22 2 1 21 53 18 49 46 52 13 1 46 41 43 12 29 22 6 51 42 30 29 38 58 26 4 22 16 36 18 42 35 12 56 55 7 16 21 41 44 42 21 24 54 32 39 14 46 21 44 20 20 41 57 57 15 51 43 36 54 41 9 30 48 56 18 53 23 11 55 55 56 11 35 39 21 59 35 59 57 21 55 24 34 56 43 51 49 55 23 53 53 39 40 56 47 8 19 32 39 31 52 25 23 58 58 24 28 32 41 17 9 52 7 43 26 19 47 58 23 1 54 59 3 22 39 53 12 7 5 38 19 17 42 43 57 43 12 42 7 37 15 7 41 3 7 40 14 27 45 50 28 22 56 54 59 58 12 6 47 51 16 52 8 44 49 41 20 27 39 29 14 34 40 29 29 47 4 43 11 29 22 38 37 12 34 40 35 11 26 43 27 38 55 43 38 21 51 51 19 53 41 43 31 49 55 59 28 13 27 25 49 28 31 36 47 51 9 20 35 56 25 33 40 40 19 7 18 43 12 1 16 8 17 10 12 47 9 56 54 7 5 11 26 58 27 17 12 5 52 8 59 44 2 56 50 40 57 55 41 34 58 31 45 55 46 32 39 2 45 10 39 53 17 55 42 18 54 27 9 58 25 54 34 42 41 11 43 40 19 15 19 54 48 30 45 1 53 59 6 52 38 25 11 8 8 9 45 15 34 44 23 39 7 48 51 32 13 30 20 49 12 40 5 15 36 44 5 23 48 10 57 8 46 6 15 22 55 45 58 14 5 12 15 16 40 20 45 58 31 9 33 30 27 59 37 15 26 35 41 24 22 40 5 53 46 57 7 30 17 38 51 23 31 56 9 17 21 53 27 39 55 4 49 9 22 55 19 39 35 41 5 46 38 15 20 43 14 1 1 10 7 49 40 29 40 19 9 48 49 11 33 42 41 5 15 58 25 2 45 25 6 18 46 43 4 39 37 30 17 54 20 19 16 35 9 41 23 43 38 32 53 15 11 8 17 30 20 25 59 37 41 50 44 34 20 21 11 16 33 26 7 54 31 17 24 25 1 28 45 31 3 6 46 14 8 55 40 12 4 6 56 9 42 8 24 38 7 33 9 26 40 8 49 15 32 54 14 56 17 27 57 9 56 44 53 52 10 37 14 26 16 22 36 48 35 49 43 6 18 31 11 23 2 31 3 11 9 10 17 55 22 54 41 42 49 24 53 31 49 14 23 39 22 23 28 23 5 24 16 37 48 57 15 42 40 27 8 53 55 22 54 55 34 34 4 48 31 4 22 45 2 31 19 26 48 33 33 28 30 13 57 45 16 16 7 30 40 29 22 18 50 21 25 36 49 43 6 1 43 36 52 43 12 32 22 22 33 23 4 23 37 22 32 20 28 43 6 26 48 48 7 18 20 7 53 11 28 59 36 22 44 28 36 55 53 55 32 23 41 35 37 39 19 57 25 4 36 54 16 13 25 5 52 20 9 21 15 38 52 10 59 45 22 44 3 13 34 5 49 17 53 56 2 36 14 36 19 5 12 16 13 34 52 3 47 48 3 51 9 58 36 36 45 53 20 26 16 27 52 21 16 20 2 12 37 17 14 11 32 53 5 16 37 27 38 10 17 36 37 37 49 46 54 6 58 33 23 22 57 15 34 10 33 15 47 54 31 1 2 20 40 32 9 42 42 49 58 53 51 33 33 8 19 45 39 30 44 18 56 10 43 58 12 43 9 4 47 14 49 59 49 13 40 29 7 34 47 40 12 29 19 53 46 50 11 11 34 3 21 59 57 38 16 34 55 38 15 44 28 28 2 51 48 38 50 11 6 44 17 49 5 17 26 18 23 40 23 12 1 1 31 10 26 4 35 54 47 32 6 43 47 57 32 17 14 28 59 26 39 51 25 54 47 51 35 48 18 15 30 13 26 25 10 28 22 47 44 4 8 41 17 29 27 3 7 10 42 16 32 56 12 29 8 32 34 56 35 58 44 24 25 16 31 39 24 59 44 21 31 26 59 28 27 56 58 2 47 19 3 21 9 25 1 46 38 22 46 33 30 46 43 25 33 9 10 44 2 26 42 2 54 22 8 32 37 19 7 10 17 6 5 31 11 38 46 45 19 43 16 27 41 12 11 55 47 20 1 56 50 39 38 1 25 48 2 34 19 10 25 30 26 45 35 11 51 29 41 57 8 40 42 55 7 42 16 5 39 9 18 45 51 43 50 27 6 46 53 9 58 57 10 52 39 2 15 56 44 54 34 50 44 13 25 40 23 38 27 44 13 22 57 40 30 51 14 33 28 50 40 22 25 31 36 18 39 46 18 9 23 54 18 59 38 55 2 43 37 1 28 10 12 36 39 18 24 6 23 37 57 38 23 31 43 42 50 1 46 2 27 37 17 8 55 27 9 40 8 50 43 50 4 38 7 51 57 58 16 35 10 43 54 47 56 30 1 21 44 19 20 58 58 49 44 6 51 17 15 33 13 55 46 22 12 41 34 3 21 22 9 2 31 51 18 25 56 26 8 42 7 31 21 22 28 44 52 35 9 41 54 17 51 27 18 14 11 58 24 25 38 23 3 53 24 31 19 58 35 28 49 30 12 45 40 45 57 39 56 15 30 22 24 53 47 7 20 45 20 19 6 33 57 36 29 8 13 12 22 12 30 25 58 46 36 28 16 5 37 53 37 43 25 4 6 34 35 20 39 50 31 55 54 40 49 59 47 23 16 57 48 2 49 52 16 54 26 34 38 27 34 47 32 36 31 45 8 19 47 5 25 59 24 40 13 22 45 30 59 23 54 30 57 58 21 22 46 28 43 49 14 20 13 12 23 16 4 4 57 22 4 54 5 1 50 31 53 12 49 18 14 25 19 27 10 20 52 16 59 21 13 45 14 32 37 27 41 17 21 59 7 4 47 34 50 14 2 41 55 48 19 22 41 11 10 33 51 21 40 58 3 37 53 2 15 30 37 22 15 27 43 4 9 24 58 31 18 47 1 36 11 56 5 12 28 44 1 46 17 18 36 56 11 37 28 32 23 53 20 58 37 48 28 57 51 16 3 52 52 6 2 40 56 46 8 6 25 58 2 8 37 30 5 55 6 11 53 48 46 22 45 31 33 8 39 56 31 59 26 1 50 16 10 28 50 54 39 56 29 40 21 51 42 28 25 29 18 10 55 2 9 16 15 24 33 11 26 15 30 46 30 8 4 47 8 19 2 18 17 9 53 33 1 3 26 29 48 7 23 12 4 18 35 40 48 17 57 49 42 24 52 47 31 28 14 32 28 50 58 33 4 44 28 8 54 16 2 51 29 5 58 5 10 48 20 13 48 41 50 41 27 52 48 34 36 24 3 30 56 11 41 19 10 33 27 50 39 24 3 13 47 12 13 9 35 57 31 38 10 7 28 35 48 43 50 18 14 1 54 32 53 8 1 4 14 7 41 18 25 59 9 30 6 41 17 19 5 29 7 26 13 20 13 38 24 27 41 42 40 11 27 4 15 53 34 17 56 25 36 32 7 1 47 52 42 18 39 31 32 18 8 34 51 12 24 23 31 20 21 32 12 3 30 41 53 11 25 6 8 24 55 26 50 31 40 19 57 9 24 59 53 20 42 8 40 1 6 31 49 16 59 8 51 34 44 52 24 4 45 7 30 56 19 41 30 35 27 53 16 25 45 14 21 6 28 46 16 28 16 22 53 28 26 2 59 19 3 25 1 5 44 56 32 43 8 15 54 31 51 26 32 37 3 52 6 57 50 8 30 50 57 34 36 10 1 3 8 34 11 27 59 55 43 8 41 46 51 34 19 55 30 29 28 33 59 11 30 52 5 45 28 32 16 12 58 7 37 16 46 24 21 34 32 49 6 54 51 57 37 37 54 14 31 30 23 29 58 18 10 19 45 13 51 50 19 6 11 28 43 19 36 46 49 35 45 44 21 49 57 57 28 40 3 22 7 30 11 34 3 54 29 13 56 22 24 7 42 54 44 56 26 47 23 1 24 15 31 2 36 33 37 37 34 28 48 10 14 9 46 53 44 46 59 51 8 30 39 3 16 44 53 27 44 47 35 47 8 15 4 35 48 17 17 55 2 20 27 26 25 42 5 11 53 41 51 58 37 10 11 29 52 49 12 12 32 49 12 10 21 23 17 3 21 49 55 53 42 32 50 14 32 8 32 1 49 56 40 6 49 15 10 36 23 7 54 42 51 57 25 5 17 20 43 43 59 46 8 8 58 51 58 30 56 58 44 17 24 12 46 5 31 16 5 2 13 21 13 18 42 54 59 55 9 27 43 53 7 27 29 6 33 26 17 2 29 39 27 7 58 21 9 3 8 43 44 12 14 28 33 8 10 2 22 7 30 46 29 57 53 5 11 15 42 28 39 41 25 11 44 8 3 25 31 42 31 13 35 10 13 20 57 57 58 30 33 43 43 49 11 34 50 55 16 57 10 23 1 36 15 24 43 8 59 44 4 25 11 56 29 32 40 7 49 45 36 20 25 38 6 30 44 32 39 53 49 33 46 30 2 29 9 57 15 21 34 40 49 22 57 19 35 31 10 56 38 55 28 11 26 46 22 3 1 2 11 53 47 30 51 13 6 6 43 33 6 53 59 47 33 38 7 51 54 29 27 21 50 28 33 30 43 4 49 4 21 18 9 15 16 10 1 28 55 4 26 28 47 42 57 55 58 38 35 41 11 8 23 46 39 39 19 51 37 46 37 14 23 42 56 48 56 36 8 11 21 23 36 3 40 4 28 59 45 23 2 46 40 46 33 52 55 39 31 3 8 31 51 58 14 22 32 18 57 19 31 28 20 5 36 10 31 38 49 56 54 10 14 28 26 46 57 24 55 20 45 28 53 15 43 4 1 28 29 53 16 28 30 46 10 37 40 33 10 21 29 14 42 14 32 9 54 16 35 42 10 51 22 44 16 2 14 5 56 19 24 29 23 35 9 47 54 51 40 30 13 39 2 6 27 35 14 5 28 18 21 8 41 44 30 52 28 52 8 32 19 13 7 3 46 14 37 57 12 5 16 15 4 26 1 18 3 10 46 14 33 25 47 24 6 55 43 31 30 24 57 41 38 41 58 41 26 53 7 21 2 52 19 18 14 30 5 29 5 32 11 39 31 29 39 26 56 23 51 9 59 43 11 20 26 5 48 37 51 34 16 53 44 59 3 21 28 33 35 7 47 48 8 1 11 14 4 58 59 47 56 4 44 13 1 54 1 44 21 38 31 49 56 32 35 9 4 25 48 55 7 27 52 41 36 3 47 4 14 54 37 47 5 58 29 16 58 43 35 15 46 14 11 22 13 49 48 11 58 21 25 23 59 59 42 58 59 42 40 22 26 54 43 19 16 27 25 25 35 57 20 46 33 18 47 58 1 44 15 49 45 27 41 51 53 40 7 55 20 25 13 3 31 56 17 26 34 41 4 59 3 23 26 39 9 2 6 12 35 18 33 26 23 57 5 54 54 55 33 47 16 56 14 39 54 48 30 53 28 12 27 32 34 59 36 26 42 55 24 49 58 44 54 45 4 47 16 12 47 8 17 54 9 32 25 48 29 25 36 26 58 45 9 25 31 54 2 28 50 9 53 35 32 56 41 56 8 3 17 37 17 36 41 40 4 37 31 21 23 36 39 28 36 49 10 23 32 19 13 20 46 51 51 58 41 12 36 24 47 25 23 38 55 55 52 21 40 17 52 54 37 8 10 53 40 15 9 23 6 21 19 19 17 13 12 32 3 4 11 23 42 29 16 56 33 6 30 44 26 20 22 57 31 42 13 6 25 35 20 4 30 54 38 6 20 30 6 51 20 11 28 18 18 30 28 33 13 45 16 32 32 51 41 42 45 27 31 43 9 42 17 20 48 31 48 42 41 27 41 31 47 47 9 37 9 27 31 42 25 51 12 17 15 25 6 26 7 1 26 41 30 14 39 46 45 40 22 53 21 43 14 51 45 2 30 32 47 37 59 44 15 11 37 55 11 33 26 49 54 12 52 11 53 4 46 54 27 58 13 37 9 17 25 34 42 23 14 50 35 31 20 58 45 9 12 39 18 46 10 12 57 52 37 1 16 51 26 22 15 21 10 50 39 54 28 16 17 54 16 28 11 47 48 40 37 32 19 43 8 57 18 18 13 48 41 35 18 36 58 43 47 45 43 30 6 4 47 3 5 41 35 45 49 32 51 32 32 16 59 25 53 44 57 59 38 44 40 2 47 9 30 23 28 19 22 39 20 52 44 46 15 5 55 9 30 44 27 13 57 50 10 5 56 20 13 30 40 48 28 49 11 30 28 12 46 41 44 22 19 48 27 54 8 27 24 2 7 10 46 29 38 48 8 4 33 38 22 30 46 41 14 10 4 58 29 22 11 24 34 43 53 11 38 43 27 9 24 25 55 22 43 23 18 32 38 21 22 15 46 8 3 18 4 54 40 55 48 40 23 20 27 33 27 23 58 20 52 3 46 41 21 50 42 59 57 47 33 34 25 14 23 10 46 23 45 36 39 33 36 56 4 58 49 11 59 24 7 1 35 59 23 53 56 39 31 55 3 9 19 31 29 42 42 38 18 54 41 4 48 50 20 53 45 2 52 14 9 42 20 31 42 26 15 24 29 52 40 58 51 56 9 46 21 2 19 8 32 16 40 27 19 32 34 44 22 59 12 50 34 59 46 13 50 53 41 6 32 48 10 58 49 1 56 14 21 16 2 53 58 50 32 40 2 18 6 10 13 17 8 36 23 1 47 32 37 32 22 23 38 57 23 10 37 40 49 45 9 17 47 43 29 20 47 52 51 53 51 55 55 39 2 27 30 28 1 33 40 5 15 5 30 1 2 11 35 36 25 54 39 56 20 22 30 45 26 32 16 24 53 23 40 3 26 27 34 2 52 13 12 5 15 12 51 28 50 14 56 46 26 44 31 22 3 18 6 7 26 31 36 26 24 10 29 41 44 7 43 2 18 52 35 45 1 3 31 11 53 7 53 45 27 59 3 47 37 18 16 38 18 33 15 37 23 29 6 6 29 3 54 22 17 26 55 29 50 56 2 1 53 20 49 32 37 17 50 41 20 18 44 56 8 1 32 20 48 55 39 48 53 11 28 1 16 53 55 28 7 2 55 13 54 2 37 42 57 26 46 38 26 19 12 9 38 7 26 8 48 22 55 47 19 52 39 48 39 32 3 57 17 27 32 15 57 14 33 58 3 45 46 52 1 22 9 53 32 21 53 26 46 28 44 7 53 24 44 47 36 14 3 1 45 43 10 17 18 37 35 5 14 50 43 3 57 5 9 35 19 21 42 16 9 58 13 33 54 16 29 56 55 52 22 28 22 21 52 12 45 45 18 20 26 10 59 29 43 31 6 39 56 43 50 20 20 28 30 54 27 11 27 1 40 58 45 13 49 11 57 25 25 15 1 43 24 41 40 53 25 50 26 26 25 45 18 5 24 57 4 55 41 53 27 8 38 8 2 44 43 35 30 59 28 59 16 30 32 13 32 12 21 9 27 46 8 55 51 27 49 10 7 53 25 43 3 36 6 36 26 16 12 20 1 20 57 43 8 52 46 2 41 24 1 3 25 15 49 4 11 43 11 27 54 39 26 48 50 51 49 27 35 25 23 38 45 59 20 29 4 34 49 17 20 42 4 41 28 17 14 1 44 44 47 3 45 31 37 59 7 13 57 29 27 31 16 37 44 29 35 10 30 21 50 6 46 40 5 13 22 29 46 51 39 1 18 33 29 37 5 50 31 34 41 23 2 46 46 11 31 23 54 13 51 4 15 6 27 29 2 31 23 49 27 33 4 31 27 43 22 17 4 3 51 35 17 28 17 44 36 14 31 55 36 19 48 17 28 23 8 33 20 36 40 35 42 46 50 8 22 16 22 49 37 6 21 59 59 7 42 5 2 38 13 38 39 18 54 9 47 35 45 34 28 18 42 16 4 59 16 35 23 6 40 5 1 36 7 47 45 8 25 31 11 21 34 13 5 36 50 23 53 11 47 28 10 35 30 16 10 2 18 11 47 38 12 10 31 43 18 7 23 26 21 24 56 59 50 27 49 50 17 56 44 45 51 41 7 26 54 17 11 16 6 44 13 16 4 26 32 47 9 43 20 8 6 59 43 39 49 47 33 8 10 29 18 35 33 10 22 38 41 5 14 21 41 11 58 18 4 22 31 19 20 39 7 23 52 26 42 2 28 56 52 33 59 43 43 36 8 52 5 36 32 3 8 5 29 44 27 54 1 24 4 25 15 2 28 25 26 39 48 57 13 3 42 23 56 38 53 44 55 57 17 53 37 28 1 47 10 57 16 35 24 13 41 12 31 23 56 20 54 27 49 28 16 28 26 51 31 43 50 33 4 46 34 1 50 49 44 14 6 44 47 59 43 13 23 7 50 39 21 43 7 35 32 29 47 57 51 29 43 15 49 36 42 16 51 14 22 39 43 28 54 43 5 55 29 45 6 35 24 39 6 11 34 11 54 17 46 54 28 21 6 56 8 32 7 42 53 1 13 54 41 5 45 10 46 31 4 5 1 40 25 27 11 8 36 18 50 8 8 47 15 17 45 11 30 22 57 33 59 4 44 15 16 12 10 53 51 39 24 49 52 35 30 41 26 49 28 40 50 31 4 15 15 52 59 51 15 43 50 26 53 51 19 11 51 53 11 27 14 58 18 42 15 51 56 30 55 15 55 45 19 41 15 43 55 13 33 11 26 23 17 54 46 37 23 54 22 52 35 47 58 37 10 38 33 49 38 26 46 34 38 48 37 14 1 10 41 29 9 28 6 41 12 34 39 11 22 52 51 24 42 58 31 34 9 16 3 26 19 9 3 35 47 17 29 58 6 16 10 32 29 53 9 26 14 43 51 47 5 59 23 16 6 23 9 37 25 52 7 31 42 14 46 14 13 32 47 42 9 21 37 59 38 32 43 47 59 15 45 3 20 37 23 11 42 33 2 57 14 26 37 24 6 6 35 24 29 53 18 36 20 22 9 45 29 7 37 1 35 26 58 50 17 17 58 2 46 25 5 9 44 27 56 21 2 30 16 31 8 35 32 7 11 42 28 27 12 54 20 29 7 39 50 37 6 34 51 54 46 31 50 13 9 17 5 8 46 47 59 41 19 22 9 31 12 7 17 25 19 23 9 37 13 47 26 44 18 1 4 40 31 28 32 20 24 51 58 24 7 26 3 55 4 48 3 48 31 14 46 38 4 59 2 5 53 27 55 36 58 44 44 30 30 12 34 50 23 27 30 51 27 50 10 13 49 39 8 27 18 34 29 22 18 45 48 31 37 47 34 4 28 21 26 53 9 16 30 38 56 46 8 34 26 16 16 5 47 40 48 4 17 15 23 25 44 48 32 11 27 39 28 38 25 1 29 2 26 58 34 42 20 37 43 55 10 8 23 43 33 28 31 34 17 12 10 53 2 46 23 56 38 14 17 57 13 39 11 32 51 54 16 51 57 29 14 8 45 58 5 51 43 8 4 12 44 37 42 57 34 28 12 35 49 4 6 21 26 29 54 37 32 26 45 44 59 57 32 15 4 4 21 18 47 4 24 12 20 31 14 13 24 24 18 25 51 12 44 9 46 58 7 33 5 34 52 52 48 25 5 46 37 28 48 19 55 32 34 3 55 4 19 13 53 49 22 14 17 16 4 14 43 44 9 32 7 32 18 50 4 53 59 12 56 27 42 25 47 58 54 57 39 31 27 1 25 29 3 58 36 19 17 11 37 31 56 57 53 38 34 49 10 7 47 32 16 22 5 8 52 43 23 53 15 44 16 25 11 35 26 1 2 26 1 18 56 19 39 16 12 58 43 7 50 3 23 10 24 44 28 58 34 8 35 15 21 7 13 28 55 9 49 17 25 19 43 59 41 41 32 5 4 56 26 2 59 20 32 6 41 15 21 22 49 32 38 53 40 55 26 10 49 58 31 32 6 1 20 4 23 15 9 44 59 29 16 42 17 14 12 56 10 31 53 33 18 13 9 53 5 46 55 3 40 56 31 23 5 9 38 56 55 11 59 58 20 59 55 12 13 8 52 13 21 18 26 50 35 9 8 23 36 13 22 15 27 39 51 40 43 30 5 38 24 22 36 16 7 17 16 58 11 52 15 15 21 35 36 13 25 16 17 35 43 15 49 29 24 34 30 44 1 22 37 27 4 26 45 29 57 11 34 21 11 35 50 5 19 8 54 30 29 14 11 46 47 2 33 38 45 30 51 40 16 41 3 39 23 2 28 25 35 41 32 3 40 21 56 29 53 49 37 50 38 20 32 18 42 22 50 11 30 2 37 35 18 12 36 56 21 40 47 29 52 32 9 13 3 43 55 4 36 43 39 37 31 1 50 41 27 15 10 42 31 46 51 25 36 55 32 3 18 17 52 59 54 57 2 56 47 10 1 33 55 55 11 2 9 49 9 49 12 28 6 41 39 13 29 26 20 53 45 23 29 56 59 47 4 34 28 8 22 7 8 36 2 11 10 8 49 41 19 26 50 39 55 54 42 16 44 40 31 42 17 26 53 27 6 40 33 8 8 22 14 31 27 59 31 18 44 32 23 10 59 3 21 23 18 2 34 56 8 20 4 10 42 38 52 9 12 18 45 14 39 9 12 5 44 33 57 11 14 38 57 14 7 20 47 53 9 27 56 7 31 34 18 20 55 46 12 2 4 6 22 37 34 51 53 51 7 19 11 57 41 26 48 17 37 14 51 26 24 47 6 42 35 51 45 29 58 13 27 18 59 57 55 9 40 18 7 13 20 38 30 57 8 35 39 35 59 14 7 21 39 4 45 18 57 38 34 39 11 25 4 4 28 59 33 7 45 35 7 18 57 52 16 35 10 33 38 44 13 7 10 26 32 18 1 7 49 22 48 57 41 53 25 10 44 3 13 18 37 28 50 41 48 53 27 47 6 4 24 5 10 3 22 43 54 53 39 39 31 56 25 54 46 14 17 19 59 56 13 21 21 39 53 47 3 12 45 39 9 7 52 22 30 17 44 26 32 43 5 5 41 7 45 23 30 13 59 25 47 12 28 24 55 10 57 23 35 49 35 40 20 57 39 15 42 50 57 1 28 44 15 21 55 46 46 4 19 52 4 50 15 22 24 8 21 20 54 17 44 9 23 31 12 43 41 40 29 45 16 8 16 41 56 30 41 19 22 23 8 43 51 14 1 42 52 51 25 41 39 2 47 10 27 57 37 59 38 57 59 21 16 30 59 44 15 48 48 12 41 23 24 58 39 50 46 44 42 24 41 31 9 38 50 14 33 34 51 28 3 40 21 45 57 26 19 8 7 22 7 21 24 2 5 12 18 29 56 33 4 12 1 54 26 41 6 1 31 46 56 50 19 19 9 56 40 16 10 16 22 5 47 36 56 36 19 10 29 30 23 45 53 12 23 35 2 39 22 36 26 14 40 57 8 24 46 44 53 12 41 1 23 50 18 3 55 36 26 50 41 57 2 2 4 1 19 32 31 43 2 57 46 51 31 28 57 1 56 2 12 45 26 44 23 27 10 19 40 49 53 31 1 32 44 13 51 30 2 55 15 13 48 13 37 18 53 57 19 43 8 13 17 13 7 55 41 53 28 14 56 11 17 43 43 14 35 54 33 6 23 33 47 40 2 18 47 34 58 14 29 55 37 35 57 42 34 20 56 46 14 2 5 8 51 48 2 29 13 46 28 50 57 1 22 7 1 34 43 37 38 47 50 16 59 43 57 6 19 41 31 47 57 52 51 11 43 41 4 27 59 2 38 56 17 36 48 15 43 12 21 41 20 39 13 34 52 24 26 43 21 31 47 35 51 13 38 18 29 14 29 18 40 5 30 19 20 42 58 31 8 38 19 48 33 42 25 7 8 56 27 39 29 42 50 58 18 28 57 2 12 28 13 30 21 25 12 33 37 28 57 29 32 15 42 45 26 29 19 6 35 15 46 18 50 1 25 13 34 52 48 10 36 52 7 55 20 52 6 21 37 11 30 56 38 3 57 13 54 2 51 2 30 50 6 33 52 26 5 59 16 16 47 15 20 56 6 34 36 29 14 30 54 58 32 2 51 32 48 1 2 22 46 59 30 14 42 26 43 35 9 51 2 16 12 31 59 14 59 9 23 9 15 14 40 5 20 21 38 50 18 25 8 55 27 14 31 12 24 50 36 24 40 15 40 42 26 24 30 3 51 35 16 17 53 17 33 53 44 8 34 53 25 40 55 16 24 41 26 53 31 33 49 36 55 25 26 11 15 15 1 10 49 12 21 40 48 38 32 38 31 7 38 43 6 57 40 10 3 5 4 51 5 38 21 57 13 16 41 35 40 39 18 11 41 57 36 59 28 42 52 43 18 8 22 11 39 57 47 4 31 17 49 57 40 35 32 15 40 14 15 43 56 44 44 22 32 23 29 30 5 5 36 24 33 8 52 10 18 53 27 24 57 53 48 41 35 20 19 32 11 31 22 6 34 36 26 54 39 14 33 52 48 11 15 27 46 10 23 38 5 44 20 14 44 19 51 32 20 20 36 41 3 58 19 4 5 31 47 34 38 22 55 23 41 42 50 11 13 10 28 54 7 27 26 37 19 34 55 51 1 2 56 24 21 30 58 7 28 27 49 2 36 7 12 55 2 45 23 59 9 48 47 6 11 1 6 42 1 40 43 20 10 25 29 48 30 49 45 2 32 9 31 54 24 50 55 42 19 19 22 34 9 38 27 18 44 48 45 26 51 14 4 37 30 59 49 33 35 9 55 43 45 18 20 37 19 1 35 50 31 51 6 18 54 37 48 53 5 1 30 25 11 20 15 11 5 49 53 48 37 43 57 14 54 52 39 17 33 54 25 27 38 22 37 59 45 58 40 42 7 59 40 34 55 35 47 50 26 57 35 47 42 33 42 3 47 51 26 43 51 51 52 41 46 50 3 38 44 25 21 40 10 15 11 40 42 29 37 32 21 54 50 52 27 45 18 50 13 56 6 44 35 8 51 15 41 21 16 38 45 38 52 59 35 59 44 10 14 44 12 7 5 22 45 8 41 45 1 9 23 2 21 18 10 48 46 57 11 28 7 28 40 20 42 1 11 20 28 44 38 26 16 25 50 53 42 1 18 41 19 53 5 52 43 14 3 37 44 6 20 14 22 28 30 19 52 16 50 38 41 25 23 55 35 18 35 59 58 50 34 1 16 34 16 53 8 47 7 52 43 49 5 20 11 12 36 11 36 19 14 33 47 25 34 36 4 37 20 43 45 51 18 21 10 41 35 57 41 26 31 33 34 29 36 29 30 56 48 31 22 38 11 25 13 19 22 16 10 20 40 52 16 42 51 49 42 5 14 32 39 43 31 58 11 51 3 26 51 48 41 18 32 56 55 17 36 33 1 35 40 23 35 2 56 59 14 19 49 51 19 21 45 24 51 2 12 52 43 41 40 46 11 35 18 12 48 47 9 41 57 35 58 18 57 46 45 24 55 5 6 11 14 29 39 1 57 35 48 46 32 11 42 43 43 9 44 39 15 55 18 44 47 8 39 33 33 31 30 23 24 13 27 31 28 54 35 11 14 13 2 34 51 47 11 38 1 49 14 56 49 58 37 23 41 28 22 46 10 1 57 17 14 16 15 23 51 3 4 59 26 29 43 11 53 4 5 46 17 19 30 43 56 2 57 34 42 21 42 7 32 25 6 2 53 6 39 59 56 33 3 31 33 26 9 58 20 25 54 35 48 27 58 13 55 53 42 57 50 34 56 34 26 5 24 5 29 14 14 35 43 42 37 23 13 57 51 30 36 7 19 10 42 8 12 57 41 49 57 52 12 45 8 24 51 15 36 3 58 51 39 14 12 34 40 6 39 11 44 22 24 26 1 38 7 26 35 34 52 55 56 42 29 43 27 41 28 44 18 6 28 19 29 38 7 35 23 4 49 16 20 4 4 24 9 3 11 37 54 59 18 18 16 14 59 59 24 45 6 31 7 2 19 11 4 41 30 29 19 26 29 38 46 56 3 30 51 24 59 36 3 6 35 17 41 24 19 11 38 37 11 24 59 36 13 14 52 39 41 51 11 32 38 54 5 10 11 37 45 25 44 27 2 44 45 28 16 45 34 48 5 27 51 34 33 23 17 44 8 24 17 8 41 17 30 47 44 27 10 10 5 19 15 23 41 38 6 13 9 46 25 14 34 5 51 38 50 15 9 4 10 45 6 33 44 50 49 19 36 56 16 2 13 41 56 37 53 4 10 56 8 57 25 39 26 38 10 12 22 37 51 16 20 19 27 56 39 32 47 32 35 47 30 47 54 18 11 43 41 1 32 38 55 12 25 4 30 4 57 50 47 14 28 15 39 30 48 49 48 35 48 1 55 49 58 41 51 14 19 44 26 2 19 38 55 11 27 5 51 43 14 57 51 4 55 28 53 27 51 35 6 9 18 41 11 10 40 12 44 15 57 15 34 11 26 41 32 57 7 4 14 45 54 17 20 19 56 31 51 4 22 35 51 28 24 11 19 44 50 2 59 54 53 19 26 9 58 46 58 27 15 27 9 36 9 14 24 40 41 49 15 24 33 8 59 56 30 19 28 45 45 52 44 35 6 21 37 7 13 21 51 22 38 32 27 5 44 16 39 57 47 10 19 1 50 22 50 41 52 24 37 45 58 45 59 3 26 34 12 37 14 55 9 5 31 22 40 44 22 12 9 8 42 21 35 22 35 12 46 17 41 53 22 11 14 5 57 52 46 28 11 36 51 31 51 48 32 58 14 30 8 30 42 50 47 59 51 10 6 52 12 30 45 18 25 34 57 19 45 56 15 41 25 45 48 3 39 2 55 4 12 45 11 27 37 38 36 46 4 5 44 27 28 22 17 41 17 24 43 9 48 33 59 15 59 5 29 28 12 33 31 28 18 42 41 46 41 41 56 32 27 50 18 15 29 2 38 14 53 42 49 45 23 3 17 55 18 59 14 46 47 35 47 55 49 36 45 23 47 44 19 48 30 40 33 40 42 30 41 59 21 48 46 22 15 21 35 7 55 17 33 8 48 18 23 12 38 25 55 12 18 41 17 42 39 12 5 1 41 17 4 51 39 55 2 54 34 11 38 11 4 31 4 45 25 45 48 39 20 17 34 44 56 9 35 5 6 27 11 13 34 12 41 2 37 49 38 26 21 23 7 6 4 34 32 24 59 31 23 1 38 47 36 10 13 53 36 45 39 1 5 3 12 42 35 55 58 34 11 3 23 32 43 36 48 28 19 31 48 7 20 44 28 34 25 41 40 32 25 43 27 6 13 54 16 38 33 26 20 58 14 21 9 1 35 2 10 11 17 7 9 3 42 35 58 8 34 33 41 38 14 35 54 28 32 30 35 11 55 23 20 7 40 11 31 43 39 55 17 18 3 9 29 24 5 5 8 18 27 28 2 43 18 19 17 38 55 22 18 7 22 25 2 3 37 1 40 40 45 53 21 20 9 29 27 43 30 13 46 26 6 19 50 4 55 39 14 44 47 34 43 19 49 17 24 39 33 48 22 40 31 29 39 46 59 50 16 44 37 59 54 35 14 56 24 34 36 10 36 37 36 29 2 40 17 8 30 29 14 17 25 6 40 9 54 3 55 21 1 8 47 13 32 1 44 33 16 47 22 33 3 31 26 6 28 4 47 19 5 24 29 48 44 41 31 26 32 49 24 52 42 14 32 20 19 11 24 13 49 23 58 18 20 18 27 22 8 39 24 6 30 33 47 50 12 50 44 2 56 16 1 45 50 57 38 4 19 8 10 13 32 15 46 8 20 22 32 5 3 13 24 35 42 49 55 11 47 28 1 15 48 18 21 47 47 55 22 10 31 6 40 36 42 18 15 5 24 6 49 55 42 48 19 37 49 29 59 31 28 47 54 10 7 48 37 22 10 3 7 45 55 53 5 10 34 4 40 28 9 57 21 36 25 30 2 27 58 30 52 12 47 10 16 3 54 6 18 18 23 44 17 33 10 26 31 38 2 17 37 54 18 36 17 20 57 30 48 32 40 37 24 4 37 40 56 37 11 34 23 44 13 52 55 17 4 5 49 51 46 3 33 12 36 10 53 22 43 19 28 6 43 14 24 16 6 55 4 26 34 16 40 45 34 49 9 20 40 28 50 49 35 43 38 46 25 21 30 37 43 53 13 24 47 37 24 55 19 9 4 32 50 20 4 43 36 56 47 15 29 30 8 25 17 53 51 32 15 25 43 24 35 1 41 21 9 14 1 52 23 9 20 47 40 25 29 59 24 59 47 46 12 12 24 13 4 11 40 20 10 35 46 55 14 6 24 18 20 33 4 54 32 46 1 45 12 55 11 49 34 28 19 52 51 14 32 59 32 24 57 43 48 49 40 4 43 3 12 1 46 47 36 32 8 8 58 21 18 48 36 1 54 14 1 8 18 52 59 33 14 43 24 35 18 34 50 27 33 56 30 6 17 58 41 35 6 12 42 28 25 37 51 41 16 14 12 46 12 12 57 10 5 16 36 34 44 1 10 20 38 46 49 28 43 26 29 23 19 6 51 8 22 43 38 4 18 58 4 28 46 56 47 24 38 5 55 22 1 16 9 35 42 46 34 35 57 58 56 2 17 59 45 54 11 43 33 2 14 24 31 27 26 23 10 36 55 30 26 45 39 50 36 58 52 51 53 10 26 48 23 31 55 27 59 33 26 14 52 24 44 43 39 47 1 19 46 33 33 39 26 5 7 43 9 45 29 46 10 39 53 26 1 6 30 13 47 52 43 11 16 25 54 22 28 47 47 43 7 18 24 44 31 6 46 21 49 42 47 34 18 3 29 7 14 7 14 36 27 20 21 3 5 50 14 7 25 17 12 14 3 3 33 26 51 53 22 22 14 2 26 53 33 58 41 27 57 22 58 52 6 4 36 16 58 14 59 34 59 34 7 43 7 6 44 18 41 20 35 12 55 17 37 52 2 9 50 18 10 31 5 50 50 50 4 13 1 15 58 15 2 43 2 37 20 33 8 53 29 54 40 5 10 7 44 23 5 4 16 17 52 14 47 44 12 29 7 1 49 55 13 54 32 58 41 6 28 4 53 14 55 31 57 8 12 51 59 17 19 31 44 36 51 40 11 49 2 9 57 27 53 58 47 54 53 3 25 33 11 22 32 1 42 37 10 44 19 12 57 40 31 21 31 4 2 5 37 27 26 36 16 26 18 44 13 51 22 25 15 6 10 10 
// di
21730 1810 26672 6664 5357 26635 10473 7403 24438 11930 6692 9889 20693 2707 14743 13597 8049 17749 17142 26222 22529 22808 1538 484 8297 21160 20274 13996 17466 11766 9996 7720 23180 4264 16383 13229 18101 23670 7641 17648 6194 7603 12306 19343 2089 4213 3062 13165 18535 8875 15918 2700 1661 23692 6904 2215 23775 7388 5079 26885 14902 25055 16457 22401 14171 14595 23529 17660 7521 24219 4527 9037 24755 17446 26323 18851 26092 20433 4871 4168 3990 3343 261 21733 921 9797 14884 8764 6604 13766 21556 25329 2965 17912 22072 10989 24328 18777 20607 14218 19410 13246 245 1595 15958 11041 18599 6040 24165 25558 660 2463 24701 20989 3038 21788 17236 9238 8931 25281 5216 18401 448 9560 16947 20303 23398 15319 3234 2246 8231 18242 21042 12871 2054 5838 22632 26797 3740 10907 25620 15417 9178 6411 2375 15169 5291 3746 11730 18359 18514 20512 4955 12062 9648 25962 17067 1422 24237 8357 23309 21460 6332 21302 1111 20832 17823 25541 1599 24055 15832 25603 17406 16892 20086 19893 11240 23552 4991 21028 801 24101 10935 23879 15877 6899 12095 22398 7377 4192 5675 11248 19999 140 6896 10421 15819 1981 14658 14871 20275 22811 13543 2714 13384 13287 18812 25253 568 2259 16911 12692 5843 17627 14026 16183 20120 241 6130 5502 23478 17634 12837 17006 10590 8873 23224 24287 24256 22164 24503 25623 12125 23297 4131 4757 2965 7457 25303 17186 17678 10961 17428 22732 24787 15448 25726 2122 3201 8985 9329 18736 22059 1708 12857 245 15513 25561 21172 21331 3763 7829 10665 10250 14289 9681 14347 18745 25655 9786 5074 17926 18157 25192 11459 26463 4980 14669 14717 7528 24867 15139 10577 8007 18141 8912 1585 14744 188 14471 15758 23130 26466 12665 23373 9081 24816 11854 2203 15064 14156 25950 191 19053 8965 1695 11506 3964 6512 2325 18961 21376 18372 23416 8429 24605 396 13461 22529 15603 11559 16628 1503 6366 20799 16737 9336 8183 21783 14475 13395 14189 24349 26177 11266 5181 12411 26699 16932 23866 2600 16915 20831 26370 9850 21473 22197 17331 1468 572 1414 6524 13369 3282 24384 8817 1647 24169 18562 10989 22552 12477 11304 289 17736 15229 19175 22722 15970 19821 15623 9166 11253 16750 17182 13307 18487 19403 14182 16641 2164 26495 16173 17130 3747 16473 15318 19459 11881 17752 8838 16728 17949 6366 2482 201 7233 11166 9444 21752 20200 2007 11116 7569 5982 8420 13155 19865 13952 7907 9362 23459 24567 7150 9137 15740 22546 18213 22876 17297 23586 20146 6534 13712 5627 15158 17319 14189 6716 26569 3012 23148 4803 14347 20293 21090 10036 4082 3922 26744 21870 20048 9359 12741 14902 18774 24958 25205 14120 11084 1525 15781 6886 22869 4080 23962 8030 20663 18931 14051 3053 11113 8184 16693 14594 2678 21475 24397 4239 3968 2259 23664 17020 14725 15668 17348 6800 24131 414 8922 277 13697 8918 15560 19391 2603 9098 1871 15806 23255 12270 21001 5903 19812 1336 19128 10519 6215 16057 11214 24142 9591 9010 16046 3786 25338 3491 16016 4924 25356 4871 25166 21910 18466 2767 12882 3648 23338 18797 16448 14690 23564 10901 2428 15924 4916 26098 17951 9444 23765 956 24832 25878 20209 734 15431 5992 6949 5488 2463 6843 25870 16121 6539 10582 4889 4956 9297 3361 13673 20078 12528 21584 15884 16051 6905 21847 7468 12522 26805 24870 21332 8563 21063 4597 17909 22542 25693 10075 8325 14569 17524 9034 11997 752 16420 21142 14685 14057 24459 22629 12126 45 13898 20096 23189 12194 23466 596 24325 6754 3678 12553 5278 23284 18561 9106 9568 6032 2083 22819 15187 5374 16829 20922 17250 4885 8871 3202 24124 9904 19577 26334 23244 941 26973 8465 15393 11205 18679 14245 6656 8937 11767 9273 23154 21369 18488 17965 20323 8002 25939 2467 1901 19733 23003 18677 13779 20668 3719 15094 8446 3066 6829 7652 23011 14839 2060 4745 11509 22776 17564 8474 16004 7222 6979 5003 4167 21324 12150 13026 26936 26003 20885 23549 9736 14951 3858 4883 25185 25571 16082 9411 1779 26813 5594 12604 15376 25795 10713 26354 14841 16919 21627 3954 11971 12388 10059 17968 8788 5230 15536 14165 7730 14374 11595 22860 14847 26289 14004 4963 15806 9720 11434 19071 4715 5100 23980 19019 5573 247 17647 15526 22188 16321 17059 15698 7438 17841 8733 24503 987 14337 10109 11009 20011 12835 6516 15206 8246 14623 6059 25904 18015 8655 11100 5963 9978 22321 22417 13152 1433 15028 24798 26321 24490 16992 24206 26293 26322 9882 19021 21388 24760 18151 14108 1524 17944 14678 4019 5446 2563 26131 16086 5687 12763 23804 3012 13888 3934 23096 14333 5377 20774 3881 4057 25916 332 18122 6508 26132 22877 24374 18398 19375 9990 2148 5261 18887 24226 22453 14398 5185 4146 7056 11529 3043 18085 24979 23851 22457 23912 15536 4670 12980 962 5396 16259 21317 21142 19054 2956 11244 22784 8958 12144 6907 16051 17117 15963 19044 22489 7216 16962 7746 812 26344 18144 1700 10031 12280 7469 5529 20662 25569 23274 16346 638 5566 17705 4991 11275 13314 3159 16708 2037 25218 10109 5520 14713 8463 2741 17539 22614 15618 11122 22093 16101 14293 8598 13834 17094 25922 15529 17645 7636 21846 15653 4664 24278 6899 4648 3305 2571 5372 21503 19387 13532 25611 25775 26608 23280 26741 25259 3054 8734 21580 1127 11154 10135 15378 2917 15800 11197 4757 17564 4346 18439 3069 26053 6441 20322 25477 11163 12155 4386 3601 4815 20977 11930 2909 18493 19803 3395 4624 2834 11048 15176 9334 25927 21714 16758 18894 9246 26624 11406 22336 18688 26165 12064 3762 577 24590 12923 19485 3371 18258 20081 9625 6480 11239 6501 10111 5941 20934 12541 13272 6389 9035 17581 19195 3745 8703 20393 6098 3291 19998 8664 19210 24128 10465 11295 4205 21688 14948 7141 1142 25011 22912 21619 18489 19491 6930 1221 8461 244 7241 21348 14600 8603 26046 9458 14069 14192 16334 9207 4753 5173 470 20829 26839 11367 21626 1379 23043 20298 21035 14461 26082 8555 21148 15205 9776 21073 23615 21033 26576 1873 26426 10209 3906 22365 15719 9594 1919 1111 15725 34 3833 2229 1134 6107 26578 5435 651 20930 2526 3294 18138 6650 13934 25187 500 1757 16028 13055 4960 1546 18518 18275 13464 24838 6614 8562 7093 8202 5149 19636 18768 3202 20605 17276 6962 12440 26222 11903 26932 21843 5416 1679 10626 8456 18152 19409 12931 23932 23077 1348 15606 23487 22937 12644 10557 19133 18972 4969 21096 21132 3758 9708 26339 416 10118 26921 22958 20909 8839 10534 24060 9619 18319 11119 4798 10886 2118 6118 7183 1087 666 192 3433 5918 19521 19075 8575 7436 10319 23684 2812 20067 8789 19178 26317 6517 21713 3335 26347 9309 1268 15098 24 19331 20165 437 18636 12586 9298 17555 6525 23324 12098 5249 18827 9993 12662 23678 8049 24364 22840 2452 20463 19609 17665 26189 5146 4025 24103 22856 23187 857 2943 3370 16014 21767 16109 9805 16866 14338 346 22819 21146 22007 11149 15757 19062 6300 18268 21847 11017 3454 12851 15077 24557 17867 6226 3988 16519 16782 2762 25083 2007 11783 12402 12020 3485 14901 12786 6594 9674 24482 3527 7446 13583 6958 26530 21006 12389 23799 9434 1966 14021 19759 4308 25775 11754 9368 3233 19344 2895 26106 11324 6767 19065 14698 11297 6113 15526 7836 25147 20135 14871 14570 8933 6279 17349 18910 15141 16697 23942 4755 8397 24444 10375 1552 24301 5897 8690 21913 1433 13988 26159 13184 22567 24227 8508 2211 17136 25048 15363 5505 7323 24453 12176 10284 13032 2630 5725 1957 17846 6888 18693 3168 16534 16314 10612 9446 17765 9702 24337 4404 18757 24211 12937 3847 22568 9023 8176 630 14072 9034 7253 23446 17978 24233 10701 21038 25984 1582 25424 19096 22131 19977 4287 19811 2804 26216 13442 1484 18668 12410 17538 8552 22044 7060 3251 11687 12955 9033 9785 14063 18123 1284 10156 11776 22291 7888 20414 2746 17418 26091 19833 26847 24225 21268 5940 26218 19353 17554 18069 20286 22096 8157 12390 26527 10036 20766 23707 20209 19155 7446 17228 16976 1717 14576 23958 22587 6849 8559 25632 7481 14520 9832 6797 23845 7298 20931 7764 14714 3219 13128 17096 9830 23906 26255 8864 19361 18294 3762 6845 12577 26697 15405 25118 5152 20686 9343 26144 18926 5753 8309 7206 16683 13319 26546 16363 7670 7359 23479 5204 13154 8871 26917 22608 14146 9029 20283 24885 21704 19694 17945 25996 25496 17321 15557 22588 10711 5376 12917 2822 12823 6625 26773 3129 5128 22260 14323 24135 15119 3420 1871 7570 3491 17636 11956 12182 18169 12613 17242 19435 11104 3757 17201 23099 896 6014 3138 13771 18413 26529 17012 22273 20422 25189 8475 10773 6317 16274 17094 10663 22948 19420 12001 1257 24031 477 3867 10339 10260 2225 16367 1504 1096 12407 1826 9646 18666 498 9615 8902 14051 18510 20095 4996 13207 6954 16693 9387 16970 1072 7835 14988 340 15553 2867 19709 4042 1646 2743 10778 17680 2540 6467 15895 21391 4575 12994 6146 24006 9054 5781 3389 5767 4649 16225 6861 14177 20734 5954 8092 10611 13127 1060 3397 25136 18279 18605 24515 208 10662 5222 24720 17740 19837 15828 8457 5664 12222 16808 19659 23777 14484 11049 23152 1718 6548 980 25821 12643 6300 17256 10227 9836 19413 26201 19221 21147 20591 13480 5957 23656 16225 3655 16263 20342 539 16845 25464 13812 20278 15827 14604 5291 8110 5410 13403 20724 667 2732 7160 22416 9449 2270 21930 4263 25327 22041 23200 903 17480 26364 12106 20157 6512 5087 6759 388 24262 5905 10790 10993 10146 10147 3052 23166 3562 11980 3895 24503 3721 15824 19558 20903 25142 24886 23523 19410 21373 927 26681 6254 4897 21522 399 832 22601 21093 15216 4341 13145 21336 23278 16090 3311 2149 1562 4607 9730 5111 24765 22427 13823 17974 22331 24038 396 18029 6656 11899 16510 26143 16186 26470 26239 5344 23137 21484 18177 25325 11510 8361 3887 8007 26648 25399 6211 17750 3152 5558 57 3409 7954 10793 6247 15019 13087 10240 1084 1069 24467 17030 1176 21182 7952 1730 21968 16627 8459 8027 3361 9960 10294 10226 19416 2150 8988 24748 26924 26421 21736 19105 16099 16741 25236 7518 2034 25161 18663 3687 14616 23812 1340 13115 11526 12880 2144 25649 10658 12936 21094 4190 1750 24045 20053 23972 6275 11740 4713 12806 23027 5574 24873 351 19746 22370 11487 11409 803 24512 17931 22550 18395 22498 7512 11598 24454 2683 16629 21530 15047 2869 6097 10047 2130 18542 10021 16210 17898 21160 14969 16261 19166 975 2278 18617 17006 846 19691 3948 11907 4557 12963 12176 18456 25546 20635 24456 23908 3099 20526 5961 19707 10950 6433 567 4131 26519 25093 18492 24580 4092 23296 4911 2461 1986 16942 14127 2939 2582 1476 11831 1276 4719 1364 21452 24273 24439 4011 6349 3668 574 22877 7335 951 9881 18359 6887 7732 13225 24530 24454 9766 22245 12381 4278 24402 4515 13896 16157 13372 3172 2953 25441 9284 3124 8602 11655 17461 1649 13057 14740 20124 243 21062 8661 14397 6767 17172 20722 21164 19855 5224 14361 12361 2512 17157 23426 3410 3373 21812 11084 14555 9388 6784 23377 908 13103 22836 6237 12429 20191 6391 11455 3278 5856 6821 3331 26375 14920 23760 21548 10658 3831 15406 18025 19660 13358 18418 8316 13940 16221 11987 7444 7422 19809 2086 7902 3110 8073 8043 14632 13331 5836 2315 10098 17793 26604 23452 17997 22372 25786 25581 25111 26185 14649 2784 15100 16443 24802 15389 10515 1412 10259 19709 9100 22135 25706 3141 12037 21951 10431 24330 26527 13424 21023 15542 13392 6127 7408 26753 12392 8121 3742 13882 3403 19988 15733 6739 8113 20777 16751 3492 25378 13623 12182 21582 15891 2704 6987 5136 22179 20827 14806 9042 3825 15592 7821 2579 2836 8502 23356 7926 2225 11297 25951 6859 15278 20339 10360 2112 13950 24202 1497 10039 24610 23559 4287 15813 12037 7242 17695 24051 16578 10343 17989 22383 4646 14265 7941 6022 12310 26964 8480 21172 2433 7241 26703 13275 21494 26126 12008 20824 19069 21123 20901 12224 14293 24337 7810 544 20490 21303 7760 1403 11422 14854 18029 10931 24739 2544 1019 18999 15976 12973 17346 24630 26406 24975 8767 4462 6859 3178 24811 20154 11631 23147 24379 8674 13609 8909 23585 11267 11865 4012 18724 26822 21433 16121 10888 10408 10084 23493 21249 7270 9188 20905 5479 17237 12466 25626 11444 15391 14249 9446 24319 12401 8713 17147 12590 9025 9297 4800 4616 3948 15837 7499 12076 25867 24646 8068 24577 918 20227 14570 26677 12633 18951 23815 7786 13630 15133 23876 9949 8009 2096 24452 3117 11818 17564 17094 6300 6391 11371 8407 26459 15529 24998 3233 9665 15756 22087 15576 24980 17059 477 4134 22715 7554 13135 24183 25874 19128 4337 21295 19572 11884 15753 15052 11779 13617 18798 6664 21245 8853 19241 9943 6288 23378 18316 16033 18877 13054 13600 5781 23491 18820 23785 11497 21602 15955 5490 25288 14828 6614 15001 26024 22266 22034 9800 18770 2609 20853 25851 26018 25335 23015 4052 11255 1467 6459 9461 26641 23896 5079 19610 17587 19345 673 24325 15405 13936 23974 5491 9219 11368 22576 26820 11453 22444 19008 1395 23289 14018 20836 690 15995 2268 24089 13346 5263 4184 18741 26826 4573 25765 19276 10481 21905 2892 9532 20775 8251 15640 22395 22006 7560 3016 17588 20390 7375 20787 15212 22371 22473 14853 20053 5088 23283 16617 14939 4983 1587 16714 17888 13159 24169 23105 22706 892 24407 3946 1968 19124 22100 9210 5838 9595 8214 3152 11759 5892 23290 2955 2179 19028 8588 24812 10581 12603 9548 332 7051 712 23616 11700 21699 7130 5707 6422 16039 2778 9665 7239 26421 12562 1912 3555 19545 5883 15197 13310 6788 6333 17970 26048 14127 8688 21596 23711 10617 556 3972 18687 601 10882 18928 12579 11328 10180 23880 2261 12485 19523 6660 13416 1586 4919 17595 19350 3470 26088 17666 17222 10982 26073 4702 25110 24949 19166 1193 19338 23924 18001 13533 11597 14492 3506 1780 1183 20753 7667 26734 2092 16658 14968 22100 18780 22148 23898 16740 23924 12147 14510 22264 21801 23323 20597 11593 2129 20445 7166 13714 9186 703 7641 3945 8445 12906 18963 938 2495 2815 9786 15616 7349 1741 5880 8406 11443 6284 1087 8191 10445 15052 16657 17281 25391 26752 25223 1906 2742 7182 9036 24301 7820 4779 3609 25457 21274 16739 73 3975 18793 26533 10633 11486 12929 24517 2819 8276 22976 4783 7212 3098 17031 16569 24874 16560 24418 6159 3903 12899 7330 20830 19423 7803 12079 11805 22954 8806 18716 26578 5090 6363 15646 7765 18609 22047 26826 20215 16913 26937 24343 9519 17104 10568 20080 26079 23579 8219 15603 4490 25734 10653 18694 15474 17080 2014 20993 22464 14817 6047 3699 6338 20361 20857 6270 20371 8303 7370 823 16015 5319 20979 26278 3645 21041 24873 13481 19027 907 11793 14991 24604 5401 21956 6742 10693 23300 5073 15901 25947 6710 5550 8326 19475 1907 2185 4947 8760 12434 13046 5978 7494 15627 12623 1847 17222 20932 20854 16678 15982 1350 6435 14156 9436 26130 13947 2447 9094 7583 1739 14284 8725 1385 10610 1529 16077 13714 15292 8605 4989 6600 12183 20523 19731 11686 17467 15000 1024 19701 6920 26364 20428 13525 5882 11825 24163 8955 13570 17676 5621 3829 26794 11062 1055 5125 9014 18972 20928 19944 25361 26530 13456 23874 12990 12993 17962 18645 7762 11146 10015 11163 7810 20752 13933 18823 18664 24678 23428 16044 11704 13679 13418 19110 12440 10163 19779 5977 4907 17107 9662 4338 22490 12758 9037 26767 3801 8304 5542 11970 22921 8091 24759 13536 9395 13530 12793 17420 5051 7899 7524 18036 4850 17402 19976 12544 4288 4402 18007 6707 23365 22900 18350 26555 11561 26069 9620 17935 15257 178 13445 14604 1401 9475 25416 1305 11092 21353 16906 2677 11754 2754 5128 12591 12298 18226 26993 3884 19147 13929 3578 4823 12744 20818 26019 14617 14472 26010 19841 15417 19731 15168 2876 5893 13886 11888 9543 2019 26661 4098 23783 25240 2737 18977 21199 17141 5061 9425 1068 24896 17586 10142 5350 25562 5718 25344 14005 21031 6433 14737 22571 10770 25694 13255 3999 12811 19031 6701 12670 26615 25631 12072 19639 12254 10243 9572 23448 17817 184 14479 23230 5137 21402 4432 14824 23726 22861 17288 26287 16953 2165 10234 3708 11197 4005 10410 3400 3690 14354 8263 8145 15898 2366 21424 12545 25704 1659 14303 20586 8062 6383 7036 3122 16766 14033 11949 13839 15521 12498 6475 22042 1846 3155 21440 13676 21957 9724 9556 21021 6355 22538 6826 22693 17234 22272 8718 891 7214 4411 23546 24180 6784 10561 5083 26578 23083 3444 2409 5519 16093 5775 11572 5733 2058 6889 9392 23486 11638 1426 10898 255 16227 11382 22924 16779 5632 21896 9331 3190 2508 990 9456 575 22992 25117 18434 11735 19447 944 17445 25645 706 25080 9613 24342 12331 26297 14881 17565 26820 21007 25723 20583 10542 23345 23591 7352 7939 4044 14495 16643 11905 20762 18595 23114 10258 8576 9186 10783 16285 3970 8063 7766 17530 10907 13870 10366 18659 22708 15889 25528 7757 26577 11288 23230 16306 22003 26521 26730 24467 2504 7476 26611 519 20177 10049 10898 11373 20110 1891 10082 14457 156 23059 9792 10312 21102 10686 23550 15776 8958 23247 26015 13966 10981 21130 19112 22199 25285 15830 9679 24040 14721 1610 4315 25172 16504 6783 1112 1633 18291 15163 21802 25904 23970 14150 6740 8760 24853 9912 24694 23793 18905 17246 20289 23348 23457 19668 25045 2082 6902 5162 12441 20831 3512 26132 23104 12426 4961 22080 6209 1761 10100 24796 25140 22538 21589 15649 5194 13412 11072 18641 10583 8247 12646 21114 9481 9229 6458 16169 26619 2654 17168 22068 3664 21077 25704 12528 8104 959 8671 14736 3514 8606 12819 25647 23 18075 8654 4098 4947 5264 6762 20609 11956 26161 3514 26155 9148 8687 21338 25216 7182 18650 11581 2732 19594 12126 11445 3038 16333 8346 11464 23721 26591 3538 7696 25528 3683 11244 14071 24398 20052 11989 15958 4758 25893 18196 24751 1524 3050 12907 18185 23485 10678 1445 25162 11100 4751 20739 26240 15158 2904 16730 1689 5182 6938 7969 6436 12291 8352 17910 15651 18547 20894 2023 17399 25739 25998 22289 26308 20043 15992 26839 7448 3361 22161 7044 25638 22166 19754 84 20898 26222 14446 10489 20908 25160 1296 1045 24358 25887 17471 25502 17248 16889 13433 16738 20994 5888 5202 10505 17278 8411 15167 18120 25333 19688 12148 4094 446 21899 21639 6385 9587 15475 12645 728 6968 21948 22566 909 19668 26518 1531 25808 3731 21672 9565 6517 5767 10940 9352 19095 26666 22484 2790 26364 8819 13779 19077 14414 2543 13380 2482 20452 8024 23477 7453 24939 3148 9258 5947 16247 25664 6384 23091 10254 25778 23370 20644 2955 20713 20186 24263 21821 26092 642 14447 25563 3022 12142 16762 19472 6990 3517 24367 20405 9048 8998 8638 16601 13314 14482 4316 15318 15477 18390 5282 524 26073 5475 7469 7151 14019 1485 21894 8251 8578 15890 10848 24138 23062 18576 3361 17106 12983 2497 2923 12843 16621 21167 12529 4332 15005 4107 23965 7001 7154 22500 17200 11578 9990 20877 26491 4590 14143 23122 19235 13154 6454 1119 20248 20558 25436 21695 18984 13929 11355 14817 3243 464 18312 5795 18209 12938 587 4853 9045 12700 18207 17082 243 25451 8250 8498 12541 26742 7498 846 22972 12093 20535 23417 8107 10612 16201 11742 21653 18833 6733 12645 23718 11647 2405 26019 26385 1124 8199 16822 17700 5293 21043 5551 5342 6899 4786 15918 22822 10591 12020 23787 21081 26593 10030 15342 447 5998 5613 14500 18639 3489 9368 21784 24385 7380 26526 8432 7117 5678 20705 12236 12 15159 20064 25992 20612 12796 15570 16356 2513 1128 12289 12691 15686 25249 3510 12123 13630 20207 3156 7389 3127 20889 18175 10317 12463 6600 14412 20057 21105 14143 14457 17016 8032 10852 10643 15530 15640 9109 3855 18645 1138 9867 17071 16017 7970 7191 9466 22256 13416 5257 21894 2846 10690 5533 16447 2109 23291 24524 6045 7195 388 20678 22317 16885 5961 9987 11984 11094 26327 18876 23672 8137 4761 25541 23602 8466 19964 19442 8138 26440 23123 26 2122 12026 23492 14138 23462 26921 20823 14743 26097 21807 4187 7492 7794 557 5114 14179 19817 14224 19062 18393 24781 16270 7405 25537 7928 6488 11001 8417 3143 13747 10495 22733 24173 9644 11165 11811 23149 26825 6106 24525 9701 20389 11365 18347 13393 20883 12418 15271 25565 17521 20475 9456 7985 1931 6423 15842 2219 14408 20893 17399 22842 8905 4358 25364 4288 23299 22192 20230 2366 22046 38 11709 17799 9513 20760 7525 24346 20957 10978 4190 12439 19285 6585 26851 16746 9220 14573 11186 17426 5218 13966 16288 24591 15648 17981 19089 22534 10731 22872 10279 6457 13024 7082 4534 15744 24233 22869 10283 11046 12372 17604 25468 25300 7604 21819 23754 5611 12014 24984 12188 14090 23020 5902 16121 7998 23089 15820 7406 11198 22954 25036 6703 2044 14812 8247 17215 18765 25681 11727 2908 16331 20068 26476 19354 16996 6426 17332 14526 21592 12103 21676 10683 7910 1312 20073 24093 10092 14496 1757 20873 15992 6844 24540 9179 22554 2519 14574 25081 20266 5696 11941 15668 4043 946 8121 6197 5079 1561 22705 2961 17582 19845 24344 18772 12680 19887 12137 24673 669 14323 9134 25909 19747 14309 9021 6725 2313 18645 19978 6326 10114 13527 5789 10165 19333 19216 23042 2515 13865 2873 13676 19505 3437 1308 2204 24076 8815 15827 23703 2374 13267 4978 23063 15459 16551 3141 5419 10016 22118 17102 13919 26238 5737 7604 10005 12403 17864 24832 7716 1054 5509 10524 9297 5997 12352 2581 12373 25406 6400 12410 8160 14709 13448 5601 8383 7931 4177 2666 17290 4128 18461 17860 20442 13421 7254 17603 1906 8064 21950 4304 22193 26643 18771 4413 19465 21522 1292 21133 7966 24045 18947 3229 19678 15293 511 21825 10832 13558 16344 10347 18742 4657 17414 25314 18219 18308 13053 4878 12497 10843 24530 18001 25333 3887 3802 22271 24682 17900 14439 19728 171 15533 21580 24905 20931 758 23546 1872 20040 19598 24898 717 24081 2375 10048 24241 8673 25912 628 23060 22054 21526 12917 17295 4144 20848 5530 6507 7794 21763 17776 20241 22112 16189 19407 24550 26189 26213 18505 4365 21609 658 9626 146 6510 20095 23731 13190 3940 12192 25150 24804 618 3384 8099 12955 18401 19877 11369 10511 25860 25457 24295 9791 2388 6517 3348 23576 11821 5159 824 26743 7617 18032 3539 8058 7488 12092 14588 8973 12362 20346 11023 20762 14671 4210 12902 5908 8229 1132 6561 11014 9550 14006 22914 19014 13919 24778 6174 8578 25290 26113 346 7748 24373 13188 4247 11322 8873 26991 7593 17511 9458 23020 24575 7792 23033 13337 2602 20061 6582 3269 17727 17189 9305 12542 23946 9080 12157 6836 14167 17539 7936 24905 10381 14394 20342 22029 11868 622 16192 2754 968 3843 7805 13406 7430 11767 960 13728 8032 18331 21282 7889 10581 4276 11929 12088 15278 12726 23536 20677 13404 123 21207 8702 13118 11620 4466 17804 17389 6391 17486 22824 47 26395 4402 642 5452 20521 15584 11398 5106 18122 12972 6526 1012 9108 1325 17859 7762 5192 2442 23837 21365 26688 709 5889 25006 16897 21146 6679 14928 11392 1721 24686 24701 9244 26739 2210 5641 26084 7259 15987 2619 9107 22747 11992 18310 16708 21334 17380 23405 22461 24807 26730 3769 16414 3235 25281 15138 10082 8594 15154 13338 1792 14124 1327 15578 668 23075 17517 24413 12843 10120 19781 20109 19252 21440 21531 15515 14262 16707 12326 17848 12344 11102 18149 16374 23993 21197 20019 4006 26572 11604 10384 22830 16429 18380 4473 23751 25152 15679 6957 8355 23660 5430 16294 18369 5936 21433 19238 23594 23352 22500 15592 25601 24843 20569 14990 17296 13935 26615 21597 739 14160 12965 7201 14786 9379 9348 24339 17077 9489 13827 19087 14256 12862 24656 5602 892 22350 22984 15236 23605 21838 17867 13073 10236 26997 4908 24607 6379 6476 22748 25551 26545 21274 9659 7508 3779 19977 7152 2320 15048 18669 12500 26205 2281 12144 5684 20183 24398 20464 5940 10149 19784 2955 6748 22885 19284 1850 16887 6282 3264 12037 3471 17308 5742 5823 16119 21633 25915 5682 981 19124 2046 12327 12871 11644 5665 24957 26440 18714 6434 15166 12679 5668 21894 9965 13227 7074 10797 582 12384 20579 11006 7407 6904 15210 4843 8254 975 9348 20092 7917 18426 4609 24042 6346 13153 14469 19639 1850 5346 22005 7009 5698 4201 4335 24265 16615 7907 25915 1993 25523 5176 9962 5709 7207 9170 6688 2207 1958 12390 4104 8049 9826 24434 15986 11407 1829 7704 6120 26832 23654 13715 11601 21148 7287 26779 23221 4255 13881 25928 24467 25589 9857 12383 12718 10547 5391 25743 11610 3996 14157 14344 16146 13205 7175 10063 23274 25312 20112 9715 14304 18710 19029 22626 18930 20784 21921 4995 573 5572 14311 11249 5595 12185 2603 26032 20151 23757 10059 13197 12807 1186 26419 19963 17562 13987 3187 6185 4261 2932 15467 12167 15998 15842 22996 10411 1251 7201 18511 16243 16239 13784 9786 16216 22897 8391 2261 7821 13644 19178 15311 21345 24778 3970 9147 24052 25855 8664 1636 5348 22700 9969 24432 23604 3628 19863 3537 1141 9569 26829 7399 9015 11255 5264 15745 18983 1474 11211 7682 23784 9547 25311 7587 24287 7521 10544 1037 17316 6609 12692 20373 9655 10384 1032 4189 24000 5591 675 4658 16941 4270 8170 9931 20061 2762 22158 8994 7902 11256 15917 25334 3172 7645 13775 3162 851 10166 19518 8893 3628 4355 1512 10244 3473 6895 18909 16816 207 23163 23139 22871 13444 7111 11755 22443 12985 18847 136 26926 16234 16089 9506 7472 17279 10715 21563 21961 22613 3904 19392 22780 16367 13926 20098 16854 5192 16811 19795 9265 20515 16548 7433 1127 26439 22167 5325 12194 15614 9212 12997 12801 17968 22471 21726 813 9642 2231 20026 16294 3679 15641 5585 16906 22796 9094 12841 12708 3936 10950 2840 25850 19365 18565 18527 10631 22146 26298 14261 1618 14293 3103 13221 19744 21369 1331 4403 4214 16289 24781 7499 5250 25648 13472 18549 7000 14894 24864 16955 8379 17134 18859 6791 18075 15826 9208 629 12681 2142 23051 885 1481 3254 14532 4292 13125 15147 13343 4528 10415 7229 2059 4152 16085 12730 4811 5741 4095 286 2550 19399 4215 20987 12250 23933 20473 6681 11503 6673 20406 12737 1485 20492 17705 3548 23392 12264 1069 22481 24808 23527 11275 5943 11523 13522 488 26582 5316 11748 26732 553 2742 8755 4560 17119 8359 359 12992 2333 22120 7318 18648 22762 18420 18329 12236 16828 10522 7274 23791 4295 2847 13937 15172 18924 18830 25022 13096 14485 10402 9554 16846 13261 11150 17472 14287 8365 24993 13025 6093 11191 2357 7801 15540 8913 17395 23857 8652 14345 5958 24267 16090 20557 1581 19310 23891 6987 18901 12400 2513 4897 5764 7368 16140 23943 1175 25124 19184 5513 20147 24689 19274 9973 10010 25116 24912 7911 5958 7645 14175 3501 23468 10104 11572 6865 22297 22673 10689 25502 13196 25077 17104 20305 445 18135 13328 19446 6088 2758 14006 18337 3812 12147 21397 9808 12940 3292 6988 26850 10609 2136 2793 2821 9516 12038 1702 7211 6558 2584 15858 8525 5518 8237 2233 19286 10530 3847 4751 12460 1987 14324 20274 23650 1354 8362 8333 4210 6471 22105 10023 22630 17401 12426 38 11640 15141 23177 24746 15817 22562 6674 5361 13273 5200 19225 17883 3819 119 24754 4502 18110 21827 14231 7211 21448 6609 9052 8517 2384 17025 20037 2317 2637 14407 10345 15132 2944 5048 25680 10326 25616 23342 23365 15512 26876 21137 19375 11365 26843 6430 11818 11115 23812 24335 22946 10900 19132 7281 842 1631 15667 19960 22425 14651 9020 14949 10387 7600 11975 8542 15437 314 13816 14470 11437 19627 2683 161 16891 15551 537 23138 1559 17462 2689 12044 19874 26321 22709 16188 20237 26933 19367 3987 4343 22189 20523 4143 9014 1483 6029 1343 21311 17982 19835 24015 24375 19350 18440 3507 15294 8072 15035 17036 406 1840 9914 3598 4502 2311 13575 245 7940 1429 9576 851 20561 17434 6151 3850 559 21236 10804 365 20030 4470 22568 26469 343 13087 22544 1140 3892 8720 8376 18315 5550 17592 10341 15966 22537 17304 22825 22420 13815 26298 17555 18346 6243 21972 9981 22392 26761 12067 23455 25514 13289 17899 1113 10806 7939 12191 16189 20966 3392 25036 16298 24581 12441 26811 11976 13795 19477 23997 14064 18143 11611 13773 13884 9623 20304 24587 14144 5786 19520 7032 8951 7040 9302 24018 20236 7913 13301 8099 8427 15864 23362 18357 17311 9140 12561 10717 8200 21872 12106 16603 23910 7783 17915 7288 16210 21921 22912 5746 1856 8211 9693 16674 1354 18495 21578 17341 10895 19221 16085 23002 15945 9793 13503 9403 23363 21858 26496 6507 3988 23199 18001 21231 24928 20955 5668 23723 1702 3367 18708 8848 11641 23974 9416 19101 6334 4531 6878 26210 16874 16912 2690 3300 13724 20549 18763 8998 23980 471 20208 7817 10201 19744 752 16905 18231 5538 5217 23238 19505 7387 11543 18113 16756 24543 1722 17878 9121 19242 17481 2634 13832 16936 17751 19143 5761 3247 7895 16608 22360 15862 3945 15582 8873 16013 16102 22584 16252 5554 4543 14707 17541 2813 20004 14697 15777 7869 5346 15918 11099 2579 5458 7464 549 10244 18946 23503 22642 18741 13034 9941 25901 16011 19590 12960 5324 3919 22322 4989 12563 11855 24981 10517 4864 7042 2604 10740 10784 10165 9877 6757 14126 1958 1214 17556 25548 20847 11539 9428 22027 14385 6071 14538 15627 21992 16538 10312 5350 22539 1279 22027 21306 8295 15055 3446 15529 5078 18678 10585 14978 12216 14819 3554 13507 7818 20850 23018 14095 9245 19511 1672 5589 9687 16962 12520 1039 6017 25009 6482 10362 15211 17359 24534 18954 3485 12937 8634 3842 3597 22671 19150 22915 4430 18616 7278 1322 24977 9663 26584 3930 21065 12787 8674 7019 21406 552 26299 22213 2984 25712 1771 11796 16439 23708 26976 14250 22731 4126 13075 26741 5203 12354 22702 23300 8465 5133 26635 19256 1493 13789 3331 23574 9466 7722 24488 13723 24816 146 21821 20619 698 6047 14120 10548 15277 3355 11565 20745 24042 6834 2770 21142 18675 14094 1573 18942 3514 12899 12144 23194 17144 7239 11442 17599 21538 20829 21804 990 22974 5905 14709 26342 13271 23772 11170 17876 8554 21542 17642 22002 5605 5547 26626 20629 19499 14508 2937 12548 7038 17800 21747 19253 15325 9957 26703 4082 11705 20360 19859 25232 26016 4299 16198 5989 20725 10769 3438 8043 22518 18056 12873 1135 12836 11756 25223 8287 18835 16541 20846 20381 7112 16940 19780 22005 19437 21654 19022 25970 19075 9787 23495 2451 22354 10219 14887 1452 5793 5467 14393 16994 16382 24919 5706 20037 12553 7348 26175 14898 1195 9314 15725 18427 21042 20571 1103 4099 9985 2053 25616 13608 15873 26631 21895 23869 17464 24157 13929 7717 22555 13729 7636 16382 9414 1265 1747 19415 18799 24325 21034 22980 2742 4260 26617 3415 14681 22953 24542 9243 4099 20256 25574 22920 12244 11499 22519 7009 1209 12028 7839 23736 7435 13140 23736 1115 5436 69 25545 19385 13962 13614 26981 20769 12523 14270 22985 17634 178 9291 8785 1986 242 7826 24964 22138 16562 7132 20663 7888 4852 6753 18008 12582 24042 2532 20020 7272 21285 24389 4423 6171 22092 9955 21667 20368 4948 23305 21735 14343 22984 14853 6504 4443 16615 8184 26698 17660 19924 12799 7427 18021 22498 3664 18867 9007 17944 7510 1773 17356 8774 22763 16505 14100 19556 2041 15079 9913 20798 3622 26152 6505 19356 15462 7248 24572 14727 9615 26293 18836 13049 8824 22119 24014 3619 4944 22538 17519 13272 13439 12905 12783 23249 14075 25263 17356 673 22411 25854 8619 17977 18714 25002 2822 13700 11509 18632 25373 10787 10626 15830 19472 15907 23741 18325 21504 17989 17262 10671 22968 11482 6528 10440 9671 25464 21124 13260 26540 15635 26995 20747 15851 17256 25948 19773 15498 1063 3369 8561 13639 21216 9635 1006 998 5867 5279 6458 26405 3982 15361 25539 3195 17977 8955 26097 19303 15974 21020 20032 21903 15158 25131 24725 19866 24755 20922 23878 21088 13243 2739 13681 14175 17727 23272 20328 18238 11152 3207 23239 13075 5021 22961 22719 13841 25208 21969 2545 10124 1270 14819 7125 19556 20988 7038 18345 355 22102 21468 1279 23435 23889 11204 25389 14419 13654 11859 11624 24948 3615 10587 12019 13847 2252 8337 6600 17809 21274 16895 6766 1433 7159 6309 21425 6106 6363 18679 16117 13245 19703 8449 26976 14306 5757 9059 25880 10640 26672 19154 11415 15082 15386 26518 1135 21284 18720 9994 25825 7759 19353 20259 4276 25438 19284 9712 23332 11576 18040 20714 11634 25168 13668 22718 14232 19748 13048 11987 6003 19228 22929 25166 1637 5110 10050 21903 616 23360 19462 24807 10445 15747 17447 2619 1382 17751 8952 3565 25341 3327 22168 26041 18701 12623 13895 22163 14295 15517 4950 15416 8478 2156 904 6514 26375 2359 4936 21278 25623 21907 6447 17969 20558 5599 4872 6762 20559 14278 16033 25997 7897 23813 11891 6205 17800 2013 8533 17291 8768 23274 21403 14821 24303 11118 12957 2354 23260 12822 26582 9708 962 20402 5423 20943 5523 21576 10869 22734 4102 3336 16160 9648 2172 15928 14163 4222 23133 21504 16294 18124 6489 6829 26658 18921 23270 12644 25791 23576 1259 23591 555 9238 1117 3982 24055 9003 21836 9074 11564 11866 19183 6288 8872 22342 4182 9440 5870 19238 14537 18765 3384 1390 9791 7724 9074 21628 128 17981 25532 15084 12698 14097 24137 17096 25652 24392 20226 13342 3662 7720 22665 15793 11850 21819 18886 7219 18553 22053 13289 5378 13534 17432 8107 5618 21922 11212 23989 15054 5305 6457 3338 20298 4628 13578 19428 16847 1590 10823 2567 731 17579 26507 4945 14223 12631 9343 510 25870 14254 16537 12246 19260 20106 11799 5786 17068 7698 9680 7288 19824 1537 2032 15235 23402 199 3130 12178 21087 534 19290 13730 24552 3123 10265 12856 12384 21826 25306 1889 8747 8471 18595 441 13924 14861 24733 10602 14911 18537 22061 22176 24197 15346 14810 3081 20349 20527 24509 12174 26786 2201 9689 24289 144 16715 22368 9011 26422 1678 8640 3057 25921 8936 8482 23149 645 11462 22227 14432 16852 9038 1014 10314 460 13556 15156 12963 2873 24698 24202 18859 21470 2797 4760 2249 25430 14186 8269 7817 23860 8786 9438 21056 26461 22335 15191 5749 3769 21537 10837 17224 15610 18765 7846 1610 23322 3893 23957 3732 16097 23141 20367 1828 18376 11692 15302 4880 23406 2315 17447 2678 12919 8520 22785 16789 253 14907 19448 21907 12398 26620 24081 23656 21906 13824 19939 22562 7527 22891 13030 24873 1899 10314 5038 15923 25261 17558 18950 11329 24055 7915 19106 15963 1126 16418 3431 20836 14990 7070 21218 13744 26319 8861 11355 6876 7939 23774 13182 16204 9033 24517 26058 17359 14945 24647 17803 11488 4938 23667 18208 7646 7486 5501 15293 9779 15715 9444 23148 15292 17928 20831 20562 25111 15127 9532 2208 25830 26256 2152 1961 17071 9968 11624 18213 10138 7957 22449 25687 11087 20911 12223 317 1543 22329 13298 15090 9449 21240 907 1361 19291 17074 17916 14844 24551 11599 21475 5594 5253 23879 18013 24982 11786 2133 25778 8742 8818 352 20474 10703 18949 2149 18790 5291 10642 1144 1953 5991 13820 19747 8017 20982 2910 3819 21504 24227 21296 15171 10045 22462 19167 22147 7349 5893 3771 19835 18206 24195 13627 10456 5613 1826 4655 13671 9811 25265 3207 5535 20275 26866 14882 8592 16073 4075 6452 9132 11974 18107 12987 14577 21816 21494 6729 25038 575 18305 11468 18915 22579 16055 8329 9695 11835 25416 21906 10216 3246 20655 599 16099 772 19920 461 18508 26518 18667 18621 11961 22772 16379 6709 13501 20155 3967 18605 26269 11564 4623 11670 9792 23726 13921 26077 25321 18948 4105 19077 5744 22049 26947 22645 1330 25914 12403 5291 24597 11941 21930 7820 432 17164 23162 5543 21301 11000 16236 16833 5099 16480 15586 26693 19537 4039 24812 18290 5452 2172 1307 24769 13006 9608 15861 21385 2491 2636 9434 20486 8501 1444 12296 20413 19770 13227 15108 17740 14998 15176 11827 228 24317 6792 25748 11030 12318 13093 13345 17547 17218 9154 3175 7053 2737 12328 14446 19509 9075 23829 2487 25441 26591 25135 1348 1929 23934 26183 18446 3492 1534 2196 15204 17398 4660 253 11243 5543 14928 15525 3309 18442 11112 23241 10316 6103 163 1238 23376 25283 24526 16453 14891 10963 89 12025 4575 8694 8337 11041 12639 3387 12418 13127 6561 6887 23210 25415 357 19552 15021 8785 26887 17514 24197 345 3489 20814 15647 23333 18405 16656 21110 20715 1917 21939 21255 4875 6493 15164 24710 12898 12284 8387 5078 21710 21082 5878 21795 10115 21612 18242 26782 4328 5393 14277 14319 2652 19034 1987 11915 15678 18569 15126 16840 23754 19577 20952 8467 8604 7914 1437 15092 21705 6829 16937 25 8048 520 20884 14451 20741 19887 22619 2785 22298 17423 13126 16567 4405 13577 9443 17707 20411 12325 22920 19541 14687 18059 3472 16461 12329 19552 14589 6179 10625 22164 2874 6388 26276 4103 13441 24300 5337 18554 26398 1302 20712 5663 19422 24781 7178 5076 13663 15034 10559 1661 13386 5252 26070 7831 8641 9065 21216 24080 9020 17318 17609 16899 10236 17248 17858 7035 1906 7736 127 22769 24520 1819 2623 5385 15644 23596 71 10239 24193 6010 3116 16763 1510 14894 25271 22193 6535 13828 8186 11877 1092 10759 5651 24488 6598 17467 20702 4995 20595 7398 11520 23794 25906 17825 22271 11332 26482 4531 6979 22999 9309 4785 22654 4173 9994 12848 19 3248 8914 2130 17206 15244 19831 18186 16171 75 14843 6462 23389 21396 21557 26083 1190 3018 4252 15567 2265 9380 22872 8831 10456 1958 25104 14352 19439 4573 17439 17078 9072 4626 14579 22196 20763 18660 12665 4626 24354 22508 14869 11674 7371 8874 7694 17322 23310 1757 23666 25731 20437 25179 1818 17785 12962 13000 11652 12807 6783 23120 623 23401 96 1751 24700 15487 13784 2379 21573 4282 13955 6629 8560 24483 14024 13472 243 11604 25805 8892 3677 16821 5711 11216 143 8922 3648 17529 25988 2376 6250 11209 24033 1992 13016 833 25462 1057 24114 25761 18552 26353 26743 4906 9546 413 13245 22206 16428 5701 24902 1729 25375 15602 1322 22783 19547 2585 5994 22423 12760 9692 19163 1598 26061 387 22042 26843 20786 11377 2359 1750 18241 9832 18393 11003 571 5023 23970 12540 7988 20905 15723 14638 18343 18754 2333 19875 17089 24712 18325 10994 15967 13949 6826 24713 18277 6893 23354 22096 15037 7283 16137 14308 20047 16512 6842 18946 23453 10183 7206 21936 3306 1888 26522 9746 13936 10580 1340 26821 4559 25340 2056 4903 1238 14724 21276 18134 1327 18272 540 24873 24492 8003 13605 8909 3640 25102 6756 9405 17521 564 573 16780 21214 20479 8926 20476 22423 24210 13490 13775 5852 13692 20185 22992 12035 11919 11243 4510 22205 11781 25257 4339 12488 23865 10141 15541 23194 13903 2692 186 26392 13258 25789 9324 10893 3198 3181 6656 2652 2233 9033 3569 2482 5290 20070 9477 21742 5226 2968 11016 8114 19000 7702 992 13757 6612 17464 8913 8199 23690 21084 8960 23023 18239 23652 19032 1220 5998 11872 2143 25322 3828 14995 9896 13901 21842 4984 24974 26370 16741 7014 23839 7835 16786 25848 13755 1072 26221 11726 2010 22427 25846 1768 22497 19438 13636 25177 14714 9584 15058 17165 22578 10159 4022 11357 10243 6383 9354 11350 4158 21137 21336 3410 3884 11553 6109 16894 24541 26973 9576 13618 24417 25745 25998 2996 15045 8936 11678 918 1406 13847 3331 13888 9551 12211 11186 20712 26902 18855 19257 8638 9672 7614 10073 759 3610 11888 17771 7092 23029 26688 666 745 23321 7576 8022 21333 14618 3101 22746 26712 7627 20263 2366 4198 11864 8940 11167 10995 15215 25365 8077 21990 24510 19116 17715 8687 23279 26152 26344 24336 25138 21980 9890 2411 21676 4008 10183 26296 20017 97 9054 17571 18495 18063 20789 26809 24642 4418 7737 18037 17464 1857 10432 9473 10898 3887 21341 4526 11102 8297 23213 21118 4298 26290 11690 23130 13473 24331 25659 3868 8265 5992 12351 25824 1220 519 12505 1849 19916 4684 25354 3932 9860 2114 20766 5538 5133 26508 24924 25162 20768 15742 12120 12181 16543 13545 26280 13574 12100 18469 2698 3649 15049 9526 18068 11822 10333 4020 19501 12315 18649 15138 25915 25264 21259 13226 21315 1096 23862 10445 20843 24939 7608 19847 18806 15906 21161 10942 26713 12436 24769 8919 24941 17785 6201 14766 21895 2663 23264 23911 1808 16140 15660 21576 9533 760 25156 13068 11195 11699 6196 17248 15328 19595 26586 7184 15490 3112 7469 20542 25100 16024 624 4881 11399 3362 24126 14076 5231 24659 19437 20485 12777 1971 9692 5704 1748 25461 1342 8009 6780 22945 1310 17376 8593 18845 13135 22490 16015 20621 777 672 18776 24377 14570 25684 323 2435 24577 22398 12501 16873 7715 10397 21670 13412 3164 12040 1090 7150 18764 17543 6331 23922 19900 7560 22830 1970 9568 19543 22520 10791 26723 8568 14121 2359 20409 18348 13580 23998 6560 3574 19472 4556 26771 24197 26549 3205 20025 25833 8344 532 6783 26089 6572 25825 22817 3002 13283 20180 26141 17443 11903 17313 11370 21743 22314 6566 8077 18905 11423 1400 15887 6244 13084 1651 19191 8217 26528 21599 13652 13630 22708 8760 14455 20117 13879 6701 12573 4235 16507 12993 19827 9894 25596 21542 17981 24300 2680 14410 21473 19489 12382 26912 7553 484 5490 3223 26007 3781 13559 12845 8195 14983 6968 15823 25205 12591 10862 10401 9368 11082 24922 13922 26321 11351 25927 15766 1013 15645 8835 1671 24963 12326 5806 18350 11678 17432 24177 25322 23597 3960 19126 24801 466 4248 17347 17214 20124 16749 26480 452 425 15915 25798 10799 6429 19315 12386 20039 12528 21956 26085 11092 3158 5621 18809 4861 17762 11964 24203 2945 2680 22624 20248 7553 5196 14164 16326 18402 21889 7930 8369 1218 17911 18624 11067 22684 16325 24418 21824 23120 7165 21077 21968 16592 22308 2092 26029 18996 6432 15847 4601 6111 16365 16602 4800 11763 1823 519 738 7573 22515 26088 12835 295 2020 11942 8803 7843 6880 16024 17667 20895 15850 18110 6509 26665 390 10514 17669 24105 18557 20944 9008 24679 15337 13441 20258 26917 4796 744 13813 8031 24026 13961 20320 11941 11679 4014 16890 13762 12373 8587 21208 2757 4310 1991 21046 24395 17671 407 2650 22619 8629 18028 9201 8466 4940 26079 3761 21632 15610 1990 15707 20747 11673 7505 7165 14622 22081 16898 22177 12964 6838 20663 10318 10272 16269 19644 24109 1209 20503 22540 19593 19824 19500 20596 7284 26960 5465 6697 22593 9736 19743 23152 16887 159 4324 11067 7885 21904 4931 9732 13694 25203 26559 18753 24860 20127 6923 8717 13073 12550 18481 23305 19763 6901 23504 5801 18989 12362 26137 4159 17120 16502 2317 1578 14574 4576 10477 22523 20660 13475 12934 11974 12999 18848 25600 17739 8021 25489 23425 24096 11228 15330 7923 6427 19822 8429 7375 25898 15165 8668 24585 3526 57 12672 8656 18147 22819 7461 16603 15924 18067 12257 20129 5221 18366 12054 2883 7470 3841 25393 25434 24407 2894 8773 7177 15135 20134 5460 678 13708 7639 17323 21602 13222 2693 8997 9136 13817 14789 25717 429 24975 8045 14738 22132 23436 9768 11282 1739 13937 4750 23291 26059 11193 22600 6679 758 18148 26275 22761 1797 25478 22249 9458 13783 16162 9855 188 25999 18068 4492 5297 11951 9907 10627 16268 11313 25946 25578 12615 26055 12176 6794 25117 25929 4918 20902 10904 10379 7959 6614 7772 460 22781 4984 18869 23367 4922 19749 20685 379 18272 6330 25571 21088 14880 7616 9662 9044 12233 1494 20357 18509 7928 12356 5347 25685 12693 20514 20728 6655 17301 5831 15900 13820 16721 20208 7575 16490 17005 9805 11637 486 11436 9187 14702 13906 15096 26442 20440 12361 18067 3450 2607 10402 1652 22619 12389 5910 15515 9079 17370 8611 16685 20685 14456 4190 9678 3353 12063 25205 7197 7463 22321 15213 24612 12752 12736 9794 13364 18463 9670 20883 18382 8297 12337 7188 20654 23185 13686 5913 5747 6995 14125 9197 9217 25819 26059 22330 22225 1124 14672 1087 21662 19280 16566 6542 7135 9748 22532 11420 21008 10713 26088 2622 2792 7151 24090 10135 18444 10210 23525 15354 23012 2377 17207 765 5761 2653 6653 806 669 9787 2286 22738 17911 17578 2082 15091 15436 20198 1282 15114 2500 5896 3416 25024 2108 26698 1345 17817 23096 1913 7446 25929 3119 284 946 2052 14547 14020 25430 323 11459 20124 5074 2171 6880 6015 3925 9255 6703 6810 13645 3815 6943 1476 6884 12874 2223 13671 21441 2428 8708 3169 17801 23482 9749 7456 5068 26321 23796 4854 25725 7841 18009 13133 12758 9051 10755 22977 922 9796 352 11118 20330 18304 17010 11386 20792 13183 19351 8775 20635 5237 9489 9981 3368 3011 26639 6738 11277 8621 11988 21670 8179 169 887 13887 18944 5103 3992 26676 3519 8063 9627 9383 1682 8095 13566 3351 8237 20647 3675 26068 17194 15633 17678 15111 8128 901 11031 26350 16245 1086 20918 21835 16447 18509 20203 255 24199 16808 19448 17594 11087 4896 10108 3008 24636 26941 2575 10934 15776 5898 9267 18185 2497 15447 9400 11852 22617 14362 3340 15742 16629 24580 12675 18843 4769 9264 26716 17609 9433 26926 1512 11940 3172 12315 15193 6673 22754 1758 11340 2606 12551 4946 23112 15720 12747 3156 10161 16656 17635 3925 26855 24293 9050 5766 22541 6873 16233 21738 18601 10151 12438 13143 12841 11933 6708 17103 3948 10723 26502 24118 12405 7505 12902 25811 22738 4914 22931 91 124 10722 9015 8811 8053 26865 25189 10181 21603 7615 8216 11941 10194 18247 5219 20361 15598 2857 13709 16391 22644 14546 23305 18020 371 21495 10086 16522 10747 21489 15274 17247 9472 5236 7048 4851 5335 25182 2124 20575 3310 4042 16565 905 14004 23091 13278 15558 16999 7202 4002 16972 25531 20093 24966 17045 8470 10423 21032 4643 15927 19655 20583 24250 18577 3599 15597 18304 737 10668 20840 6186 2077 18467 13803 18092 19593 24368 15079 19436 4769 16312 5541 15915 20509 18320 9051 16514 2536 6141 23736 22947 6755 6490 24118 14108 23682 3400 21478 20395 23684 25833 20827 21810 551 7499 13519 26101 23213 7096 20936 438 5939 1560 13143 5612 6319 1099 174 1955 2771 12276 5410 6026 22688 3642 11013 18766 25186 18948 25668 12467 11704 23699 19609 12289 11746 18320 3929 14007 3573 13998 5405 10248 694 11174 3425 22976 507 17841 9998 20118 10101 22823 14040 19616 17854 16583 23994 21092 25628 21498 26729 22067 15239 8691 7402 23635 4323 12010 2935 21708 4989 5184 5482 14809 17012 26056 8861 25593 26424 15291 1313 26309 5558 22248 14347 4176 5699 11815 3832 16042 396 4666 1620 18082 22560 19017 22432 22759 2174 11026 9810 19074 1483 3587 22386 5769 18027 10040 2070 12238 20509 10220 20580 3146 7099 8573 20842 22066 12287 12654 14645 6874 11204 520 7483 13274 17472 8585 14599 12160 9027 7607 9062 20586 20918 1517 24085 10582 829 13165 6879 9303 19637 18366 17290 22609 18726 8381 1607 11673 17608 7464 21949 2669 2713 10957 4595 11126 19202 4556 21072 18274 19219 16819 18034 20480 16301 26165 22674 16820 11781 17677 9340 14520 8481 5419 18906 1810 3986 23227 18452 11611 9376 25465 4501 12075 3372 23444 6682 10598 18845 26941 971 26546 11645 12590 21734 15359 6555 6130 20954 9532 1015 25443 15538 19700 17323 12910 8413 7045 19048 15049 23945 18804 26058 15193 2522 18395 24631 10809 19339 7529 11610 11084 26076 1432 8145 8474 10878 14270 13835 22535 7231 10410 20347 17528 20334 5625 16656 26598 24868 8901 5031 2258 21230 6582 22670 19965 10168 13999 19287 23049 20751 15860 2688 5148 17261 10278 2870 16553 6204 7989 2045 11201 12960 19737 544 1889 21624 21362 19741 13215 3365 15749 11263 3428 652 18532 16561 8721 12383 4253 15318 21828 23994 5484 7211 389 547 24122 5206 10879 14940 23119 10938 6980 6859 18823 978 18879 19238 19815 26189 5863 8218 4520 26897 12085 23986 11356 21000 2722 25969 19947 20266 298 12750 10921 20693 6855 3061 16983 9678 5192 20874 25551 7452 14031 6144 3838 11130 11236 2098 3846 6187 17689 10210 11889 22874 26634 23499 24110 23952 19572 24271 6992 24900 40 21861 17354 5656 23683 16094 10504 8026 18675 20997 21279 17253 24193 18732 6202 18639 21952 20781 4592 15216 3426 6476 25179 19793 13877 26707 2776 349 6512 5150 26419 9030 3035 9698 449 26600 459 1980 12553 9882 15971 24840 5132 1393 1927 12147 9924 17712 18205 7295 6412 17767 19998 17900 20390 8478 19922 4011 22555 21162 14905 24144 4449 189 26572 25424 21364 3254 23598 20092 9475 18430 1501 8212 11309 8511 18696 21008 5428 15688 14396 12342 8567 5467 17196 2968 146 4393 11533 24502 8508 15505 589 16727 18998 10886 1278 25882 3707 20559 5433 786 334 20136 16909 8845 17985 12101 1503 8018 8057 23087 7221 12942 14692 12466 13185 5767 2436 6603 12123 3861 11232 26974 26573 3245 18500 15229 15121 26317 8412 6515 4487 520 18565 5251 23874 20567 25333 2079 21590 14966 21641 6007 6540 17650 14335 3910 13643 14434 23904 10276 6982 13464 6574 18758 20383 6650 26713 10526 9754 20400 23422 4532 22951 24572 318 9219 14959 26300 11871 7044 10079 15780 2306 17978 21773 19714 269 9006 22505 4278 21342 17840 26916 16148 1781 24984 12070 1244 24037 14844 16080 13506 8739 17509 7780 23907 9679 25491 5397 18431 2351 9777 16830 5403 3041 13107 26655 4354 20955 11976 3452 10137 11511 13283 6421 25669 3486 8643 26431 24268 22966 7371 4858 25310 19892 22014 10075 7024 12471 10737 11901 2199 2937 10502 20404 5816 16262 24814 846 23966 4339 11215 5010 26272 22039 25549 16630 10150 21173 12971 17813 4444 512 2276 8554 3058 5913 2397 2246 4124 24260 3379 10752 8476 19102 23701 16317 8131 25693 970 8656 4306 18024 21758 10157 22959 8377 4376 7511 21223 9482 15326 17799 12497 10993 19239 8606 2057 18433 3360 5201 7531 3852 7710 26885 19483 24400 4228 16670 25231 7752 14114 13636 24697 14437 18509 3397 18495 17240 12724 21842 10025 21469 4612 24883 18413 4817 25000 11955 11183 4447 8558 18943 23089 20276 14881 3664 22321 11525 9318 20838 25405 23996 18685 7268 25279 2279 17910 20405 16986 8495 21378 8084 20230 1609 5928 10214 11504 3185 25238 15479 19654 24337 12060 8387 11997 6355 15978 2841 5165 24664 22377 2400 26738 23729 10692 4162 152 3483 12521 21241 3133 2812 18642 3077 8366 12095 20963 98 14483 13730 4117 18484 1790 4103 1847 13461 16682 404 15333 1230 25744 8853 1893 5580 15815 19577 12017 13911 24178 13540 9838 4291 14523 12656 16898 20105 12816 24073 23207 20182 7361 7216 13865 19098 12767 4862 19340 8499 5797 7708 12696 1222 20452 19280 17532 6785 22619 2707 23859 10712 22545 12423 25410 4034 12742 11144 3145 26713 21293 13149 26562 10478 24709 12219 12203 21247 15617 15835 9855 12599 11776 8364 8245 9340 38 9207 19557 16553 25961 11027 4982 20120 10993 12497 7895 13944 26865 22764 19161 21058 7403 7379 4903 2302 15782 15591 18947 2550 4709 19864 7736 7695 3841 7628 11708 15897 16239 19688 18773 12492 5600 8700 14214 10674 6603 14651 20472 3586 20514 5208 11818 22319 26423 18734 10310 17953 16207 23567 3707 12694 6151 15574 4296 6744 15332 19775 18614 12146 14546 14279 633 24762 23943 10906 6249 19256 19508 22148 9782 23603 7029 3315 2207 3236 22868 4552 14741 7898 7159 22273 16588 3430 6874 4576 15527 5314 16654 6592 3181 13681 9286 14513 15098 3364 8397 7225 24292 21132 9189 8566 6163 25754 5033 17562 26585 8292 23575 13455 21654 2998 1256 10457 12592 7490 5878 14090 6033 26665 12498 14840 23870 25656 472 6029 23881 3471 12237 11375 13972 18734 23179 24883 5153 15285 4789 25797 21619 25586 7205 2196 19063 4972 26756 9357 17069 22221 22843 11255 8763 3237 7123 26845 23004 26050 5093 19882 19553 3045 19782 818 19754 19686 16053 2855 6766 7266 22259 11769 12898 6792 11344 11386 18784 3156 19475 25659 25027 2083 3811 19974 11716 3108 21335 20651 24986 19530 5026 24833 4660 1287 8937 21940 17135 20791 2516 16746 5253 10049 10645 21175 23411 5933 21735 1549 443 13609 25087 13980 25965 6632 3981 13188 17002 11206 20176 3182 21633 17280 11747 20680 11135 13017 6759 21497 18880 21386 17396 14143 8812 17054 25024 23337 26132 1174 17182 15260 1887 1625 11724 432 7830 23820 860 17231 23307 15044 12443 370 2129 24864 8251 14970 13579 4913 6381 13953 21940 18702 8172 12092 12358 20520 10707 9894 1944 23784 19636 19241 2069 1338 531 4228 17364 25316 4327 7546 5996 5073 14274 12260 25535 20476 26724 25782 19659 19813 4140 15823 6326 11018 532 5173 22120 10245 11042 14230 3540 17417 21215 5604 4476 24341 25878 17070 1620 4686 10062 9886 15083 22911 15791 6046 15063 21732 3110 2030 16389 10767 3070 14466 11714 14323 22305 22629 13452 25683 3730 4640 23449 8374 19622 6863 22193 26851 7609 13786 1372 21032 24883 20665 12063 8261 2708 14657 25674 7677 24239 15857 3111 3862 3278 25599 8151 26091 11906 25427 209 5943 1095 1256 10743 26153 15693 14695 12505 20267 19809 18707 15744 26374 8156 7870 9314 3427 6583 5702 13465 16213 24346 16455 18128 10237 2418 22940 21326 17586 24311 18366 4474 26593 12977 16690 21309 23736 12134 3029 20006 10623 24932 3730 11352 2550 22164 6748 86 23463 4874 10277 427 12425 12936 4385 5781 2975 18721 144 24918 17568 17173 21759 24588 12806 25088 20319 21458 8265 16564 24820 2054 15146 8641 15851 18430 11255 21811 16438 19204 23077 24784 18495 15309 24894 14049 9516 5285 3762 4440 22433 26762 12071 20913 15159 14614 950 10097 13255 23724 10517 3770 14587 12040 15288 14841 13451 8552 1688 16841 5554 20070 8371 15686 369 14696 13291 24652 13625 20906 7544 10413 3156 10896 25827 3921 5362 19072 5735 14952 
