// periodic
// number of jobs
1
// pi
70
// Cycle
100
// aperiodic
// number of jobs
9000
// pi
59 20 29 32 55 41 49 13 23 52 54 31 9 26 54 13 59 50 5 58 34 35 30 14 23 52 52 4 25 56 43 58 31 14 43 48 36 25 5 48 56 20 26 43 45 17 34 30 31 53 30 2 16 41 32 4 13 5 49 48 58 38 37 53 21 19 13 42 45 40 42 58 5 11 58 52 51 59 48 11 51 16 27 32 19 27 3 20 6 11 21 34 55 17 38 26 14 46 3 35 14 46 43 23 46 28 1 44 12 44 13 16 49 46 1 1 46 38 18 53 11 10 2 52 18 50 4 14 31 44 4 43 25 3 40 55 4 44 6 41 58 6 30 35 46 42 50 19 17 12 27 8 20 33 34 15 10 15 4 30 7 40 7 1 13 54 6 32 15 3 29 20 36 54 39 18 53 55 29 26 51 54 21 34 53 22 9 59 17 52 17 56 9 35 31 2 48 10 12 27 9 37 58 4 11 44 14 51 5 29 58 44 13 53 13 11 40 47 7 56 57 17 2 49 7 24 1 23 31 56 39 14 8 32 49 53 28 35 24 6 31 38 31 35 13 53 17 21 8 27 54 52 20 13 48 18 44 9 21 18 36 19 29 52 43 39 13 32 38 3 48 52 37 59 14 22 42 17 46 23 26 29 29 42 9 18 12 10 57 27 37 45 36 26 13 27 32 3 55 56 56 37 26 29 55 5 40 32 1 35 4 25 43 8 47 32 42 45 27 28 55 12 41 39 51 3 16 1 55 19 23 55 18 23 52 26 36 45 29 38 58 17 16 17 28 23 20 8 45 45 1 24 15 28 35 49 52 53 2 12 51 48 52 31 8 59 38 28 37 17 12 30 44 56 46 20 32 41 34 24 41 51 9 47 22 29 33 9 25 24 54 6 17 5 17 26 34 59 3 1 8 17 56 33 56 49 13 36 31 16 39 37 26 7 3 14 35 15 38 51 38 53 36 8 45 11 24 28 51 14 22 21 13 53 10 42 57 23 24 55 5 3 43 57 42 21 49 3 53 44 24 22 2 1 32 49 34 40 48 11 8 16 53 27 21 56 12 49 27 23 40 22 18 12 32 5 57 30 11 52 23 1 43 44 40 48 14 18 26 43 22 21 43 22 16 8 14 56 28 29 26 14 13 14 29 1 29 48 5 23 48 29 8 20 26 53 57 28 18 24 3 6 30 27 44 15 11 6 17 58 35 19 56 36 6 33 29 26 23 1 26 22 52 21 10 47 25 37 2 39 1 11 36 52 2 2 29 42 32 22 15 31 13 30 13 33 55 26 1 41 12 57 41 53 54 21 3 46 6 14 6 31 18 3 48 7 21 16 5 10 7 1 23 7 59 30 39 59 51 17 3 49 31 37 18 49 26 26 43 27 49 20 16 26 54 11 4 58 56 57 4 48 34 26 11 57 53 26 24 16 24 52 2 46 59 17 3 47 32 19 13 35 4 33 22 46 32 24 26 12 24 33 18 20 16 22 56 22 43 22 43 40 50 39 37 57 17 36 29 20 35 17 59 39 39 47 10 19 23 41 38 10 45 35 54 22 15 38 8 37 15 15 58 34 53 11 49 12 52 11 5 51 6 16 46 38 29 32 15 23 14 13 50 39 7 45 1 30 31 5 49 50 32 54 16 38 39 7 43 24 46 2 21 33 47 14 7 36 14 53 29 26 52 5 52 31 54 33 28 54 13 39 44 8 31 37 54 25 44 34 56 8 37 55 33 19 26 24 5 34 42 4 36 25 49 44 3 22 17 28 47 40 55 8 8 39 4 15 27 58 10 26 33 19 42 21 59 9 16 41 36 37 28 57 32 26 12 32 50 43 3 16 1 13 29 36 21 29 27 27 48 24 16 29 22 14 10 4 26 55 46 54 16 51 52 2 57 37 1 40 31 57 17 22 16 18 56 50 50 35 52 36 38 5 34 3 5 45 47 50 11 44 36 40 35 33 54 57 32 20 39 20 7 46 52 55 56 16 15 51 44 56 59 9 6 2 37 52 43 18 54 45 41 23 15 32 41 6 51 41 52 25 12 45 20 11 29 42 32 50 43 6 25 30 40 8 26 6 7 26 57 29 9 17 40 21 9 2 9 58 26 55 8 35 44 20 45 48 15 59 9 28 26 38 16 51 51 23 17 49 14 46 48 19 9 21 45 23 10 26 27 32 4 47 40 26 31 30 21 28 9 23 39 59 49 36 40 59 30 15 38 44 53 53 34 4 53 43 3 27 9 50 47 12 38 56 48 16 58 4 37 50 46 49 2 27 51 11 59 7 6 14 21 39 28 7 51 43 47 12 38 54 21 36 5 27 24 36 26 43 15 47 30 14 55 19 46 52 24 49 56 57 35 19 38 16 59 38 38 38 13 46 33 6 37 16 50 51 51 16 55 53 58 49 27 22 55 7 10 30 12 52 34 20 19 28 31 9 5 29 35 3 34 46 47 23 47 6 56 24 28 33 51 11 3 34 10 16 40 37 42 38 25 37 1 10 29 27 55 56 27 5 34 57 43 11 52 22 32 33 27 9 28 50 16 31 16 27 2 39 14 6 19 25 19 27 41 26 11 16 21 10 53 23 53 57 26 1 24 39 28 38 9 37 19 38 59 30 34 17 48 56 59 25 51 5 30 8 23 15 54 14 26 5 38 2 32 38 52 10 33 13 57 19 45 22 44 40 16 25 27 2 18 16 21 9 3 1 50 35 3 53 18 31 41 48 37 18 19 42 19 9 20 54 17 57 13 53 17 3 19 12 35 58 18 47 16 31 30 46 54 16 16 50 31 20 26 37 17 44 14 57 23 30 54 59 55 24 21 3 30 42 41 9 30 24 10 36 28 21 39 35 11 43 16 3 15 22 8 13 21 56 56 36 44 32 34 36 45 9 38 43 54 2 58 30 49 59 17 58 41 45 28 21 58 50 42 38 7 53 57 47 53 37 3 11 37 48 10 36 55 33 55 14 53 58 37 43 11 28 1 37 56 57 17 12 55 2 5 11 16 3 20 17 39 35 18 57 7 25 7 35 16 55 3 6 5 24 56 24 32 17 55 7 58 43 5 10 32 34 32 14 52 51 19 55 35 2 10 15 43 33 49 1 33 5 47 7 8 43 37 53 21 23 16 17 7 59 49 36 30 54 52 46 41 10 16 53 41 23 47 22 59 8 7 58 21 33 20 4 48 9 35 36 3 23 53 48 27 48 19 42 14 44 21 48 45 39 55 43 25 32 43 28 54 42 9 35 29 47 9 51 45 24 47 11 7 57 27 39 18 38 3 8 47 7 1 58 26 59 1 27 45 55 17 25 56 24 37 18 15 1 51 11 17 33 47 43 32 56 9 40 35 6 32 20 17 49 55 21 40 45 18 10 10 46 31 51 41 35 32 34 15 35 11 37 44 24 48 11 50 41 51 21 12 8 32 40 30 13 46 45 28 14 10 35 34 38 41 11 29 41 43 7 36 47 28 11 51 36 14 32 25 17 48 41 59 56 9 16 11 24 18 46 54 49 17 1 11 45 23 47 43 22 24 49 59 26 18 16 10 12 43 50 52 34 50 9 50 2 53 22 9 30 24 34 26 32 32 50 24 29 1 15 46 29 33 11 6 18 19 8 17 38 21 45 20 14 27 32 50 34 56 45 28 11 53 59 11 18 20 12 26 27 57 9 16 6 15 53 3 17 36 14 6 25 57 14 43 47 53 19 19 37 6 14 20 6 38 24 52 47 25 32 4 14 37 14 32 7 7 3 3 12 4 49 11 48 59 29 27 26 59 36 31 16 7 19 8 20 43 15 10 28 48 30 27 7 16 30 25 55 50 59 49 4 13 19 40 10 34 52 50 22 6 11 3 55 21 2 2 16 4 44 22 15 25 49 4 39 27 28 48 35 2 56 22 53 12 33 50 14 27 7 15 21 11 42 16 52 3 45 9 30 49 41 45 7 4 40 23 23 26 33 31 51 44 2 47 5 1 52 46 23 11 24 32 58 41 47 33 13 21 18 35 44 34 37 2 32 48 18 2 32 53 50 25 40 44 6 43 32 4 22 59 40 42 15 25 26 44 15 12 42 13 58 52 29 42 47 32 27 22 22 1 59 33 4 54 21 56 41 14 42 3 56 14 23 38 18 23 15 34 1 46 23 30 9 29 54 58 7 5 53 20 57 23 39 24 18 58 41 55 9 45 11 28 6 37 41 47 23 42 39 45 20 17 14 23 2 20 49 22 4 30 32 29 28 40 40 29 35 38 54 14 10 29 28 52 21 58 46 46 44 7 54 39 31 19 24 42 10 58 9 40 4 12 37 43 31 40 55 46 3 29 44 46 40 47 8 52 38 50 34 11 49 47 57 36 42 53 37 34 1 38 47 51 9 31 39 46 48 2 59 29 21 33 3 10 40 12 44 14 45 9 30 38 2 17 40 15 5 22 54 17 58 31 54 57 54 19 49 50 34 26 51 31 54 45 41 35 15 22 47 55 13 1 13 1 56 40 3 41 7 6 13 38 40 23 14 15 15 30 51 39 48 54 57 21 44 53 9 6 53 52 24 4 58 40 11 6 1 58 45 49 2 57 36 9 52 33 48 43 44 3 32 44 30 24 42 35 38 17 28 25 46 36 44 48 53 50 54 23 23 12 45 27 39 2 9 7 31 30 27 26 13 43 54 5 3 5 50 45 59 26 19 30 15 51 46 21 14 57 20 14 31 36 4 37 42 17 20 47 14 35 25 48 39 30 42 33 50 1 15 47 27 53 21 41 18 31 6 19 23 26 46 32 2 10 45 14 45 57 5 8 15 47 58 56 24 43 21 52 20 17 8 35 52 5 56 52 52 36 3 56 24 36 29 54 34 29 40 28 50 30 57 19 55 33 50 1 9 11 33 7 54 53 1 3 3 2 58 13 21 4 13 3 54 49 43 33 40 57 45 7 16 1 10 59 2 28 32 10 55 17 15 43 53 56 31 2 15 3 2 26 21 30 36 52 32 9 1 6 38 12 21 37 12 7 53 36 24 24 18 8 17 22 9 49 19 26 51 14 58 56 37 39 15 46 41 28 51 19 48 16 1 53 42 13 5 28 47 13 19 55 24 28 6 14 32 56 32 32 16 55 44 29 6 15 4 41 29 35 41 5 39 55 22 29 18 8 18 16 57 44 33 46 18 20 43 56 28 36 55 37 19 54 15 41 48 8 2 30 55 57 35 6 38 43 14 14 4 48 5 28 55 19 21 46 48 50 32 44 20 33 28 6 52 23 3 8 49 15 56 4 35 17 46 12 16 57 16 8 41 3 55 26 11 23 40 56 38 15 51 14 43 6 36 53 28 53 6 7 26 44 11 41 16 7 13 13 45 6 53 22 43 24 14 58 56 17 40 43 13 48 41 54 45 2 43 54 54 36 5 2 52 39 38 7 44 18 49 11 11 15 48 36 38 28 40 19 38 45 54 8 7 21 23 21 11 38 57 4 6 43 13 12 18 11 29 43 28 33 2 10 20 2 18 33 2 36 14 1 17 5 55 5 51 2 52 59 55 57 56 37 48 44 22 55 41 13 55 38 53 8 5 2 20 19 37 58 47 22 19 20 51 15 4 9 49 24 17 35 1 32 2 55 38 16 27 24 39 3 8 10 57 25 20 35 34 12 58 55 20 38 12 44 37 2 33 15 41 3 16 29 13 10 37 1 2 45 8 40 19 33 34 38 5 27 21 2 6 15 51 52 16 2 51 21 49 59 38 47 2 49 20 36 58 12 17 42 38 37 15 46 39 37 21 58 36 30 55 53 56 14 23 35 25 47 46 40 29 19 1 23 47 4 19 25 30 36 57 52 51 19 21 54 26 47 18 1 2 50 13 15 50 20 31 1 56 46 25 3 21 51 34 17 11 39 10 16 36 32 17 46 28 56 3 47 5 43 12 3 15 5 36 49 1 3 33 53 14 49 13 22 53 18 45 50 53 26 14 9 42 19 5 16 55 8 20 58 2 13 13 2 46 16 4 59 40 22 8 10 4 41 18 33 5 9 49 48 9 22 50 32 5 58 19 26 32 31 4 5 12 21 9 34 3 52 30 56 29 2 29 36 26 4 18 22 24 23 6 44 46 46 20 28 34 12 23 3 50 46 5 17 21 39 33 50 40 9 25 45 16 15 58 25 10 47 10 48 45 51 20 1 33 38 28 9 41 25 14 56 25 41 19 34 25 40 11 4 23 5 29 6 9 40 15 41 44 27 57 15 26 15 22 51 30 54 27 48 9 20 59 37 2 23 23 5 7 41 41 21 2 43 47 46 16 56 46 10 22 32 36 36 45 55 37 23 33 37 34 38 3 48 28 26 20 55 25 28 19 50 53 3 42 24 18 48 47 39 30 45 13 18 3 28 47 4 35 48 33 47 30 39 45 54 13 4 6 33 25 57 19 11 2 55 32 27 16 48 24 21 23 17 30 12 53 9 24 2 26 54 13 34 11 50 28 15 24 38 8 14 19 50 22 18 35 27 27 5 36 43 47 45 53 15 10 26 59 20 25 30 47 8 39 21 14 40 40 27 16 49 34 33 38 26 13 16 19 8 8 34 37 15 21 21 49 21 26 19 38 16 1 50 33 48 56 56 47 32 15 45 23 58 4 49 16 28 52 45 9 25 50 19 27 32 45 39 16 46 54 29 11 1 13 33 19 40 59 11 35 16 32 39 38 45 40 15 20 4 11 25 28 54 9 12 46 32 25 18 9 46 51 57 20 9 48 1 35 7 58 21 5 33 44 12 9 30 43 20 13 9 6 50 40 43 14 29 43 2 12 27 46 11 45 14 30 23 51 15 59 16 19 25 48 9 15 58 9 54 17 15 40 14 31 27 3 57 25 43 54 9 7 55 26 35 47 25 26 51 47 30 38 52 23 10 35 11 6 22 18 56 8 46 39 25 39 26 7 49 20 41 43 57 17 48 1 57 44 37 55 46 37 19 31 13 46 7 16 55 2 40 50 32 52 40 20 45 22 6 53 40 52 2 24 52 58 48 6 20 48 30 25 14 31 31 10 53 59 46 28 59 32 6 45 18 14 34 12 3 56 51 18 51 50 7 19 38 3 14 36 24 36 24 32 48 57 39 15 2 33 32 47 21 58 34 5 20 23 9 41 28 36 24 47 52 7 42 53 14 40 20 54 34 18 36 36 39 17 55 2 36 23 32 24 41 58 42 30 29 35 32 54 1 49 44 41 38 11 46 10 10 3 4 49 50 15 35 50 24 14 2 16 57 56 40 48 19 28 29 54 51 53 27 5 7 43 45 37 1 48 28 32 33 38 17 36 40 14 39 27 38 42 20 48 36 18 25 35 7 58 44 45 51 28 26 28 55 21 3 24 18 43 39 31 47 34 23 28 37 50 42 53 1 17 58 52 39 27 19 16 5 12 6 1 59 37 7 43 17 42 22 28 1 44 55 5 13 55 16 34 31 21 27 11 52 44 11 5 27 23 11 5 50 34 1 15 24 43 5 14 22 34 17 54 35 21 47 26 12 36 46 9 37 11 6 19 58 20 51 37 19 48 53 56 27 57 3 15 31 57 56 58 13 10 53 26 16 9 35 35 25 37 24 30 21 49 48 40 40 43 6 56 5 42 16 54 47 58 18 14 52 32 23 17 8 6 41 50 45 51 13 59 52 57 20 31 8 35 23 22 7 4 38 31 14 16 52 15 29 8 55 52 18 1 45 28 13 26 34 32 49 15 39 52 42 20 42 25 4 13 21 41 46 51 19 42 15 38 30 49 21 11 23 38 44 9 50 7 7 2 46 43 34 24 8 19 9 15 47 2 49 43 56 46 30 25 46 51 37 28 11 22 32 32 49 26 15 14 18 19 25 36 11 40 25 2 20 33 4 8 24 37 6 16 47 11 28 44 40 22 28 16 9 29 27 56 24 15 5 35 54 23 34 59 47 21 21 11 50 1 6 26 18 57 51 13 14 41 3 59 43 14 12 56 9 12 19 9 20 26 8 39 52 41 54 37 14 35 47 28 52 1 1 34 30 14 55 3 4 26 55 23 46 46 28 32 5 51 56 17 59 27 5 33 5 32 42 10 14 47 3 43 13 47 32 23 28 3 13 42 22 49 55 39 34 17 21 28 27 51 37 40 12 31 7 3 7 57 34 57 19 15 57 2 38 33 42 56 26 55 1 30 42 46 5 34 33 25 21 33 36 43 6 17 34 34 47 24 24 47 13 21 42 10 45 7 33 33 2 15 2 38 7 31 44 27 45 52 49 55 40 5 29 30 7 51 24 48 10 52 56 42 9 32 12 28 54 57 8 35 2 4 39 18 45 4 56 14 30 11 26 17 34 30 47 52 18 5 46 33 13 28 21 24 22 26 48 25 21 37 16 6 7 10 22 24 13 14 23 55 26 15 12 29 16 15 8 15 23 3 45 1 47 33 19 35 50 35 16 38 24 36 18 20 1 13 35 21 33 39 41 1 30 30 49 7 27 32 15 15 6 4 20 26 16 25 52 47 8 33 57 44 3 37 58 48 6 50 59 26 27 52 46 54 35 56 15 56 55 32 5 26 14 2 45 40 7 58 59 37 45 29 31 33 44 16 45 25 17 14 34 18 51 7 2 7 32 1 45 33 14 25 27 32 30 7 15 46 3 51 48 19 19 51 21 2 55 24 31 34 15 57 34 32 28 4 45 11 55 9 40 4 6 7 34 28 27 22 46 7 12 14 5 53 29 46 5 37 50 16 56 53 20 31 40 30 47 19 31 10 42 30 58 8 52 21 42 13 18 25 52 51 21 11 35 25 57 15 18 46 56 59 1 52 54 5 42 49 46 1 25 30 3 49 38 57 6 8 28 43 24 30 16 57 9 28 58 40 30 38 20 16 14 23 1 7 5 6 45 1 36 17 22 7 21 49 57 50 46 22 49 1 16 48 50 29 49 2 28 55 59 36 50 2 4 29 4 6 34 50 12 24 21 57 53 17 30 26 7 3 53 22 20 26 58 48 22 56 41 22 47 46 36 59 38 26 41 31 44 58 17 33 29 39 33 8 22 42 43 49 14 20 34 4 57 14 58 42 16 24 17 6 28 35 7 50 44 35 2 50 41 44 27 37 59 55 34 18 27 52 14 49 53 26 55 20 20 11 45 8 20 5 48 15 38 36 42 25 5 55 29 23 24 11 40 39 9 37 27 46 45 34 55 55 35 10 11 25 55 41 56 5 11 14 47 36 26 55 40 40 44 27 49 14 19 46 8 28 56 55 19 58 51 9 55 33 14 39 43 56 31 26 3 51 42 53 36 23 23 47 19 20 38 33 24 3 37 48 4 48 44 15 40 3 54 57 26 15 14 34 17 41 37 58 35 19 59 31 51 27 32 7 37 4 19 46 31 1 20 52 30 35 30 44 25 42 39 6 1 30 15 26 4 10 42 10 38 19 49 39 17 10 46 14 24 36 32 36 12 4 1 31 23 29 19 25 44 43 47 46 58 37 55 9 12 19 12 34 28 13 57 1 1 38 26 7 52 56 24 31 46 7 44 41 13 30 58 8 23 40 20 16 48 57 54 54 55 48 49 43 39 51 18 3 28 6 17 50 5 23 21 36 57 55 37 38 15 20 30 38 6 16 57 47 19 6 12 50 30 43 24 19 38 8 36 5 58 59 37 54 2 50 28 47 31 30 20 53 42 43 13 54 16 3 44 49 27 14 45 44 26 27 53 14 43 34 51 31 57 49 20 27 1 40 4 49 26 26 33 57 2 30 38 25 54 2 27 34 21 49 42 12 15 34 35 34 55 56 20 12 8 50 50 32 48 2 6 39 33 54 52 21 53 28 23 15 51 8 37 14 40 14 7 56 23 40 48 4 34 28 45 54 28 14 49 43 51 12 49 33 54 50 31 35 26 9 16 37 9 21 41 25 8 7 16 8 58 12 25 31 31 57 53 28 47 29 57 6 46 50 34 24 34 45 30 42 23 17 52 54 50 16 4 17 19 56 50 17 50 30 47 17 31 37 48 16 40 28 16 54 27 42 41 40 27 48 25 5 43 25 57 2 58 41 31 44 7 19 44 35 18 11 48 46 57 23 31 42 34 52 39 6 35 39 22 21 36 44 38 2 20 18 15 30 8 54 48 3 35 35 33 22 40 23 42 14 6 20 8 48 58 28 59 8 18 11 37 1 21 48 53 57 2 17 53 23 2 55 28 15 24 15 48 35 42 56 22 46 6 28 37 31 51 25 21 45 57 32 1 34 54 14 50 22 59 27 37 44 37 55 46 23 58 14 13 27 53 23 9 1 17 37 33 18 47 2 4 8 20 24 13 52 5 20 41 34 43 59 16 5 53 56 38 7 25 27 25 16 40 15 37 25 14 25 37 30 26 36 25 42 43 2 13 3 32 51 49 29 30 25 13 53 48 12 50 25 20 50 18 24 31 46 24 40 32 59 49 13 56 34 1 30 13 19 20 21 23 44 43 23 35 34 59 39 7 36 24 12 19 54 46 35 20 27 40 35 56 18 9 24 10 51 40 14 2 5 56 49 47 13 41 5 59 9 24 43 21 16 34 54 17 52 35 57 11 49 22 55 46 23 16 40 15 39 48 59 43 37 11 49 38 57 26 56 30 46 7 26 21 44 21 26 48 49 5 5 5 54 55 27 42 35 15 7 27 17 52 3 22 18 3 43 53 37 25 31 24 45 6 18 22 26 34 40 20 19 54 19 25 20 3 28 19 44 56 23 4 33 50 25 2 55 11 31 46 47 58 9 13 5 36 17 19 7 27 29 8 56 28 30 52 36 37 57 20 34 11 32 46 57 39 34 2 45 20 1 25 47 7 33 59 11 54 55 45 5 32 32 23 11 44 38 4 56 36 37 30 3 33 10 6 19 19 41 33 41 40 22 15 8 26 39 45 35 33 11 51 7 37 3 39 55 18 8 41 42 47 6 12 3 33 57 32 34 27 58 33 54 38 47 56 55 21 7 27 39 29 31 35 32 54 41 32 28 38 25 39 31 38 52 38 8 18 12 17 11 51 20 18 47 4 8 10 53 2 53 38 12 58 52 23 23 29 3 35 39 24 19 4 51 23 28 30 25 56 6 59 47 26 11 55 44 56 3 17 24 24 14 46 26 39 58 40 42 26 17 30 25 12 22 7 52 7 10 48 30 57 28 27 11 30 20 52 9 15 29 7 7 24 53 1 31 26 2 3 5 43 34 8 39 16 18 52 45 38 27 11 39 56 57 54 16 44 9 13 31 40 15 14 14 39 41 56 55 54 24 31 52 50 57 48 49 54 4 29 1 16 45 41 43 6 7 59 37 2 54 51 3 9 22 30 22 42 21 33 14 26 50 54 35 35 6 28 1 34 38 33 22 13 29 50 27 33 30 18 9 46 35 57 13 12 19 4 13 36 17 18 2 17 14 11 53 19 1 20 58 36 59 22 55 17 44 27 11 4 36 10 37 56 44 13 30 39 21 10 58 55 5 22 23 5 17 18 17 3 5 11 3 7 26 42 37 23 44 12 30 27 31 39 14 32 5 39 13 15 6 51 21 46 12 59 50 38 14 24 28 26 12 39 37 42 44 25 51 35 24 27 57 23 34 46 46 16 41 3 46 42 54 18 56 26 58 9 11 49 53 11 27 38 12 9 13 57 3 14 49 16 25 40 16 6 22 14 57 43 2 18 32 55 55 26 54 24 14 49 18 36 59 55 16 41 12 50 32 38 3 32 31 33 50 28 57 44 51 40 58 45 37 49 6 23 14 9 52 47 30 17 43 25 49 19 13 9 12 22 33 26 52 25 19 27 59 43 59 37 21 42 55 8 40 32 11 16 17 33 52 14 58 12 12 20 3 4 24 35 29 27 9 12 31 13 52 17 46 54 23 37 56 9 10 54 40 15 25 57 48 1 17 29 39 31 59 1 20 2 20 47 1 6 18 50 1 30 33 41 43 37 51 58 13 55 24 53 27 6 6 51 50 53 10 2 5 6 38 17 40 49 18 58 52 38 33 11 30 10 34 26 12 9 55 13 7 42 20 34 31 25 59 53 11 57 53 11 57 23 6 51 54 48 15 12 46 13 46 40 13 3 15 1 5 40 15 35 27 40 57 12 19 20 7 53 40 19 39 51 15 25 21 31 50 59 40 30 37 27 8 34 7 4 42 40 27 42 22 54 55 42 33 27 57 51 58 17 55 21 50 11 56 2 52 30 51 1 50 39 10 14 34 35 44 17 18 48 57 8 36 11 19 45 26 48 22 44 6 59 9 48 41 17 40 46 49 44 21 18 28 12 27 45 25 52 37 6 25 5 30 49 56 9 22 57 53 34 2 22 47 29 6 29 14 49 31 44 54 40 37 30 38 19 44 45 13 50 13 34 38 22 36 42 23 6 1 23 29 4 1 59 41 21 22 43 2 35 37 58 27 50 29 43 13 13 50 20 40 25 48 19 32 21 17 46 15 13 7 10 43 57 5 42 27 16 48 57 45 5 10 45 17 19 59 1 50 21 21 36 49 31 44 46 19 1 22 34 30 14 59 56 30 48 24 2 18 41 17 55 16 59 54 25 30 17 10 21 30 4 59 11 30 12 34 16 48 7 34 47 21 15 30 6 12 7 56 31 33 59 28 2 56 54 2 58 18 40 49 56 29 21 23 26 16 32 58 7 19 40 29 59 34 34 36 1 42 12 53 17 7 8 57 8 2 26 17 58 39 32 51 55 24 11 34 10 57 59 24 46 14 48 58 23 37 8 53 23 16 22 7 4 59 52 15 35 43 37 21 44 47 50 33 2 24 36 57 32 16 43 2 27 42 20 8 56 57 42 55 29 52 43 11 49 47 31 2 12 56 56 30 36 15 9 47 50 30 28 50 36 20 45 38 19 52 42 39 8 48 2 6 6 4 40 44 41 50 5 2 46 30 51 51 22 46 39 40 57 29 57 4 37 59 48 34 13 56 49 24 1 12 36 46 33 27 35 58 18 49 29 17 16 14 25 4 23 16 25 53 54 29 37 12 36 33 18 34 51 44 46 2 9 9 47 12 29 21 23 15 23 37 45 3 20 46 58 51 28 6 54 33 27 21 32 3 32 30 27 52 29 11 14 48 43 45 40 8 38 8 27 52 47 48 58 54 49 29 51 38 9 21 44 24 22 39 13 26 49 13 22 48 56 1 36 35 48 45 38 28 10 26 42 56 19 44 18 50 51 50 3 44 25 58 39 35 53 10 3 7 1 21 41 5 3 6 27 52 43 17 41 48 53 39 9 59 48 43 53 32 26 39 22 36 33 51 21 45 49 30 38 34 26 14 31 54 5 46 26 55 12 5 32 33 46 46 34 42 12 26 54 14 11 48 41 26 25 34 57 50 12 48 33 21 9 49 11 26 13 21 1 49 14 47 28 10 37 34 32 19 14 25 18 54 27 20 49 39 42 42 4 41 45 48 54 23 35 56 16 19 21 56 11 48 1 45 13 51 15 56 27 16 7 49 8 22 50 14 13 41 10 26 40 17 29 55 29 56 34 15 38 48 25 42 1 51 12 22 32 22 9 11 15 49 34 17 42 1 30 28 43 15 20 53 25 46 20 46 48 5 2 28 30 48 51 2 48 12 48 39 16 56 35 12 11 46 12 1 3 21 4 31 6 39 40 16 6 39 6 39 49 14 6 13 40 34 20 5 35 39 13 46 18 17 48 53 3 53 37 8 59 55 46 7 27 13 46 36 36 38 5 55 12 42 23 58 23 23 58 39 59 37 3 56 16 11 42 51 35 59 50 43 15 16 56 17 13 3 5 50 8 44 55 20 3 20 37 49 11 37 32 54 7 52 59 12 3 5 57 36 59 10 30 27 45 5 28 6 36 13 19 21 35 9 50 38 52 4 18 2 15 29 34 41 59 59 30 17 51 49 1 14 13 19 45 59 2 9 3 21 35 33 41 5 37 52 38 20 49 45 28 8 47 38 40 13 19 57 27 21 35 54 28 12 19 10 9 22 44 9 6 7 41 18 44 7 3 40 20 47 20 7 43 11 48 13 30 56 35 9 26 59 22 20 35 1 17 33 51 54 31 48 59 34 1 26 16 51 38 30 6 48 25 12 5 7 43 55 23 56 43 10 55 1 45 57 5 42 39 28 26 50 20 13 31 56 16 5 39 46 47 8 36 32 51 23 33 55 53 13 13 22 1 58 34 22 13 22 37 54 9 41 54 26 31 53 26 35 40 57 58 37 43 27 25 6 55 12 13 52 19 8 16 46 7 46 11 46 25 40 40 7 33 26 34 46 22 33 39 34 32 32 10 55 27 36 26 45 51 59 12 4 55 8 42 1 56 49 59 13 47 55 43 5 51 23 53 58 47 27 57 32 58 21 12 14 9 2 27 45 16 16 19 39 44 47 27 17 39 12 19 12 39 41 59 59 6 38 34 26 24 28 47 25 3 18 16 23 52 27 48 8 49 48 52 39 40 29 18 56 3 33 4 3 56 41 3 16 31 38 24 40 49 27 52 55 34 32 1 30 59 25 45 27 51 22 52 10 6 21 58 53 13 21 37 28 57 54 4 10 6 8 17 47 32 34 42 32 9 40 16 41 43 19 4 17 29 6 54 51 41 11 16 40 6 13 29 1 48 53 21 31 58 2 14 25 28 48 58 40 5 36 50 51 54 25 28 8 47 17 27 50 57 57 2 40 19 22 13 26 25 5 40 15 15 12 57 16 55 29 25 56 29 53 34 28 24 5 33 14 24 4 35 7 19 46 24 17 6 58 24 57 12 36 40 35 29 37 26 17 53 26 36 13 41 36 15 17 37 26 57 2 39 17 32 38 41 29 44 29 12 47 20 3 21 7 30 17 29 36 36 41 23 16 57 56 47 20 49 58 54 7 8 55 49 21 48 30 2 19 23 7 59 42 22 33 35 58 28 8 6 55 38 25 59 4 26 43 44 46 49 5 44 3 57 43 52 25 6 38 46 58 11 24 46 1 13 52 22 55 33 29 43 18 47 8 56 14 58 29 31 48 9 48 7 18 24 31 43 40 49 47 44 35 33 18 46 39 46 33 1 43 42 2 52 6 24 49 47 24 19 45 15 7 41 22 17 25 17 20 20 20 3 31 39 23 52 59 1 57 37 12 47 4 4 19 32 9 53 10 29 8 17 11 16 8 7 28 20 59 50 57 20 49 34 30 41 17 33 57 54 23 10 13 22 6 35 20 17 47 24 58 2 13 15 9 51 18 13 38 15 24 18 28 15 55 54 1 48 15 28 48 30 48 31 7 6 30 8 12 53 16 53 13 39 56 24 32 9 21 2 54 4 24 18 22 44 12 2 35 46 12 29 42 1 39 26 18 51 56 27 48 37 33 35 27 23 55 13 20 13 12 56 23 33 46 5 42 52 15 57 2 36 55 59 55 32 22 46 3 45 56 56 42 42 59 59 8 21 20 20 40 55 18 14 15 44 43 19 53 29 54 1 38 38 38 56 21 37 3 19 26 45 40 45 40 42 9 23 24 31 12 12 36 35 44 48 27 40 48 5 12 8 39 13 15 57 45 27 43 39 14 20 21 23 1 5 52 9 19 40 26 17 3 58 45 8 46 33 2 9 57 38 55 9 29 54 47 24 35 22 47 49 21 35 22 56 17 23 36 16 21 58 4 43 20 55 32 11 58 16 23 54 31 58 12 11 17 42 2 56 51 49 55 11 44 28 23 53 8 15 13 32 41 39 16 39 20 13 27 50 36 15 46 41 42 43 20 33 24 22 55 23 26 38 59 7 25 40 39 54 19 26 17 52 20 16 56 6 28 20 24 4 56 17 44 43 14 49 28 36 7 48 28 44 14 47 24 32 38 52 59 29 17 49 39 36 20 58 9 7 43 36 54 55 29 45 31 19 34 56 34 44 33 42 3 54 44 55 30 27 19 28 30 57 34 50 8 27 24 2 13 49 21 29 5 45 28 2 40 22 9 48 36 40 2 55 9 11 42 27 45 36 12 37 28 3 11 4 12 56 20 30 43 24 56 33 13 33 51 42 59 33 32 1 37 56 20 2 41 30 33 32 34 22 25 49 54 52 32 2 1 4 11 1 59 52 9 47 29 38 1 7 39 5 4 10 52 59 22 37 8 18 32 10 56 41 4 37 40 26 47 56 54 33 36 2 13 51 8 48 58 18 44 10 18 28 44 41 24 57 1 10 43 2 47 51 21 4 10 38 41 29 56 17 47 18 13 1 45 5 4 35 16 21 1 31 4 38 18 38 48 20 22 12 21 10 54 58 19 58 39 5 12 20 14 32 15 13 7 41 18 52 36 13 36 5 20 28 36 20 47 27 35 3 9 12 36 58 53 33 29 32 16 21 29 1 8 40 36 30 33 41 6 40 10 54 27 29 52 40 48 19 42 13 33 40 19 35 28 27 33 53 25 2 21 3 8 18 46 21 20 49 11 12 51 54 42 48 1 40 16 3 23 31 50 38 27 20 23 50 11 34 18 34 47 38 17 5 23 31 43 54 28 42 20 59 1 8 7 28 27 31 36 50 59 21 51 24 56 40 18 37 29 49 57 2 26 34 20 22 32 19 11 52 11 20 30 27 49 22 58 30 36 19 15 5 58 50 38 25 57 28 49 28 45 50 35 6 10 21 51 30 8 37 53 42 53 50 13 22 35 51 54 38 10 56 4 2 55 2 47 21 21 56 27 35 4 44 40 2 14 13 22 42 57 54 46 57 34 35 12 15 35 14 37 42 42 28 59 21 55 43 26 19 57 25 8 23 52 29 27 18 52 57 46 42 27 20 9 47 58 27 1 1 39 18 5 3 17 2 8 56 17 3 21 48 5 41 40 4 54 39 28 51 1 40 4 15 19 15 5 8 5 58 28 28 34 21 55 19 34 56 27 20 52 51 28 14 57 51 20 48 25 15 34 32 45 46 43 25 5 6 39 8 3 13 38 32 31 19 28 11 58 30 37 38 34 13 3 35 52 21 33 52 41 54 11 29 47 37 55 50 12 18 26 24 21 34 56 50 42 25 34 8 48 36 44 17 7 9 47 11 37 23 41 20 10 47 59 41 16 29 55 43 1 34 53 57 31 6 36 49 49 34 34 28 16 15 28 2 23 14 33 7 12 5 28 42 35 13 18 41 7 34 30 11 41 39 57 8 17 58 41 55 21 21 37 21 2 8 13 57 8 16 28 54 24 56 31 35 3 18 10 11 37 39 57 37 44 7 39 32 36 21 17 14 28 53 33 57 7 50 19 52 57 13 55 5 7 20 13 20 46 35 38 15 26 27 30 48 33 3 59 53 34 50 28 16 27 16 1 35 29 3 28 50 34 12 46 14 23 23 33 59 44 4 26 16 2 59 51 47 8 20 8 52 43 59 28 22 11 31 7 58 9 16 7 39 13 49 17 37 58 40 10 52 1 18 10 9 38 46 1 58 2 24 25 46 43 30 29 16 34 10 58 53 37 29 34 2 10 1 41 13 54 41 12 9 53 37 42 43 38 25 22 31 36 2 3 5 58 16 8 14 35 42 54 3 31 48 49 6 45 40 52 54 28 32 7 45 30 17 19 23 20 6 14 2 43 34 56 48 18 37 9 23 48 16 33 13 56 5 29 27 49 26 56 18 18 33 27 56 29 49 15 9 30 16 32 11 14 9 5 45 55 56 2 28 2 4 41 8 43 2 32 44 41 28 33 17 13 15 35 49 13 33 10 52 22 48 11 50 42 37 13 56 43 18 33 6 36 44 49 37 56 45 59 34 4 57 49 4 34 43 18 19 44 6 15 25 12 41 36 21 59 53 55 20 8 41 38 51 3 29 58 37 7 3 28 50 50 18 48 42 40 54 51 44 10 25 23 1 16 48 12 52 9 44 33 2 6 30 55 3 26 9 54 22 3 35 17 28 35 34 34 26 21 32 41 25 37 54 54 21 52 22 53 35 27 14 11 24 53 37 28 41 27 6 31 25 20 1 54 15 5 15 21 37 33 52 17 31 53 43 51 13 7 53 44 46 5 37 22 1 33 10 26 31 34 9 50 44 4 58 31 57 58 23 54 33 27 25 24 15 36 28 6 1 4 57 1 19 59 28 24 21 44 44 22 20 44 7 58 39 29 57 46 42 13 34 25 49 30 51 13 45 19 54 30 41 16 36 12 1 56 53 44 19 4 51 29 42 42 33 30 58 3 4 53 3 58 23 39 12 23 45 9 49 46 14 20 52 28 13 35 36 38 57 24 41 56 55 49 23 18 35 31 47 53 38 36 33 46 23 32 50 17 27 55 8 46 13 52 51 46 57 46 31 16 31 40 39 2 17 38 2 42 38 31 59 32 19 38 14 14 51 22 9 33 11 9 12 51 17 35 2 45 16 6 12 57 22 8 37 9 6 12 31 35 53 50 11 13 46 9 16 38 25 39 4 12 2 32 49 48 7 57 44 35 30 4 18 48 49 48 9 18 32 57 28 10 18 48 38 28 11 13 7 35 17 32 55 31 7 24 29 1 4 18 18 41 38 27 37 53 16 53 23 7 1 20 12 28 4 46 21 28 22 36 8 54 35 56 28 43 10 21 49 39 5 11 29 26 4 8 8 46 13 48 42 40 2 11 12 6 27 14 17 39 40 4 23 37 51 31 23 33 1 52 33 11 33 25 59 49 40 56 32 39 31 5 39 18 22 53 28 13 42 40 44 39 56 36 30 29 33 36 4 32 11 28 49 26 3 13 4 15 51 22 46 58 29 37 18 27 20 41 7 49 49 34 58 38 7 42 51 56 57 37 33 9 36 30 2 42 36 1 3 41 46 18 40 2 49 19 28 29 32 45 39 55 54 5 20 46 3 8 49 55 20 24 57 47 43 58 59 55 30 26 25 30 15 35 2 38 19 56 49 39 16 46 11 42 7 17 35 14 36 33 41 8 37 50 32 50 59 36 56 27 18 28 18 9 35 26 57 9 40 55 33 8 32 36 19 26 32 19 53 7 5 21 12 53 23 46 16 16 53 43 39 15 9 2 10 15 38 14 9 50 33 15 17 17 26 21 6 35 29 42 17 54 40 36 10 55 12 46 20 35 44 46 24 2 23 5 5 19 42 59 25 40 41 34 9 16 21 32 53 3 26 40 15 19 23 6 12 30 35 25 23 18 26 37 39 53 42 53 8 4 20 24 6 35 15 21 46 15 38 33 34 33 6 7 49 11 18 48 51 5 9 46 15 6 33 6 11 26 11 25 44 8 32 23 27 26 7 2 59 29 51 36 41 53 28 55 36 47 52 20 40 5 51 54 12 9 47 15 24 40 35 41 48 48 36 30 50 5 35 6 29 34 8 10 24 7 53 11 28 19 38 23 10 49 4 58 37 29 44 52 33 17 14 54 29 30 24 17 5 49 44 24 15 9 41 55 56 25 39 10 9 34 33 53 17 41 27 41 28 48 1 13 31 29 23 44 43 59 18 46 15 32 12 43 32 6 17 45 5 37 37 17 33 22 15 44 21 29 48 23 44 8 41 20 52 11 48 50 3 42 13 4 46 5 50 34 33 43 14 42 52 35 11 22 6 18 39 35 22 53 55 38 28 18 2 8 2 23 3 46 17 26 43 14 8 43 18 8 11 47 48 13 39 16 9 3 51 15 55 16 11 44 38 23 31 2 50 34 18 11 54 17 41 56 12 41 45 4 47 43 7 41 8 23 18 46 49 36 50 40 58 3 41 37 25 42 4 37 43 38 19 35 31 31 26 51 10 29 24 56 53 8 22 21 42 30 52 45 49 57 43 20 20 7 9 29 39 21 29 30 22 14 23 56 59 56 16 37 52 34 46 19 49 6 32 38 20 23 19 59 43 51 42 19 32 23 33 39 37 50 11 4 50 1 47 29 30 2 4 57 13 15 45 39 5 55 29 23 20 53 47 30 38 40 27 32 44 9 46 17 12 21 8 39 3 6 28 11 40 55 40 45 54 26 54 30 49 59 7 22 3 31 4 48 28 36 48 37 49 48 53 56 24 43 46 37 16 47 22 32 46 15 59 6 4 30 3 8 50 3 52 9 36 41 36 7 48 37 55 33 27 28 50 24 51 11 24 39 53 17 32 54 46 11 3 54 20 21 57 29 10 26 13 39 10 46 49 20 47 9 32 30 8 42 4 35 26 50 49 34 59 30 44 42 41 40 25 13 7 39 31 33 17 31 33 29 9 21 30 26 26 20 46 33 22 43 14 51 41 40 33 46 39 2 55 53 43 19 8 28 50 36 46 3 37 16 39 27 1 37 5 46 14 14 15 16 24 4 29 42 58 8 15 15 
// di
1352 14966 26693 12434 12681 10473 25029 7802 6778 8408 17717 11370 16284 11063 24714 25045 22967 13184 15210 23036 19071 22930 15876 3682 26535 2646 1821 20940 7309 4284 8063 15667 20 753 10097 24769 22728 25580 12472 1051 2230 22316 22476 17236 23010 17238 18928 14813 19217 13059 3646 22271 1247 11905 24294 16784 9804 14707 22138 24151 3670 12469 17200 23674 5475 24236 15795 22127 8090 17920 3395 23090 1827 4144 15789 24467 7336 11560 8827 21296 19764 24064 22176 12871 2701 10116 1080 17810 13998 4056 7754 20836 22456 2207 2961 26444 25713 4014 13291 19393 25608 22202 11675 24532 8533 17839 22583 7361 5698 2220 11661 908 12714 23444 666 12633 3105 8994 26964 7181 26037 10764 12789 23191 20380 10107 2007 6183 19859 17789 20918 1800 16612 3953 18695 25615 7419 17367 16846 12557 5429 3739 19916 11112 18909 16051 3488 16623 1439 9474 20945 20242 20385 9363 20613 5783 19619 17912 19430 2773 5635 23316 25890 2984 10608 5753 18548 10575 6078 21637 13376 4384 19441 19976 5117 4066 21050 18901 25230 10408 3195 26361 20614 11019 11112 16548 23702 4979 26239 5009 14272 18588 20664 13724 4128 4430 9582 25338 16050 4577 9946 12205 17081 19085 24720 26289 20158 17855 474 24239 6304 784 23915 17198 10391 19426 24288 26453 23029 9307 14649 24481 1227 15397 25794 25064 11967 16203 2019 6489 2951 25206 19730 17514 7111 22343 13203 13937 17686 14464 22602 26756 884 906 14421 20689 787 11025 6093 15896 5222 25020 14795 10758 7653 25202 18777 14457 3508 25780 5097 7725 9833 1544 11181 7862 23722 20664 3618 11609 21304 318 26252 25680 11933 102 21725 4600 17439 17965 22844 6678 11840 8671 24561 25291 15319 23196 808 26691 12216 18163 21890 15487 12703 11238 6432 25980 4442 4633 21677 20760 19324 13120 14433 497 24236 21358 15706 22158 2591 25480 18476 16637 6367 10208 10030 24369 15013 16972 2404 8471 20848 1805 13806 17848 9920 15969 21878 22425 22606 536 9267 14561 12498 4983 14462 26777 17603 25121 18633 22568 15880 16096 13276 8964 26576 16985 12479 17983 2508 21888 64 21027 13880 18143 24918 14728 17015 7975 25486 8955 23026 884 24800 18812 11522 6287 11554 8723 5498 22107 15933 11926 19272 18434 21373 22621 25916 15510 5269 18165 26807 9077 19391 22920 10968 26307 9533 12082 25125 11228 8587 21089 23877 24722 13759 17880 20064 18078 24689 19719 1790 20637 11089 12937 24460 10498 14502 1929 24500 7235 18038 4144 14022 19832 26693 7188 91 1931 6896 5456 12951 26466 16748 7865 25047 12492 9217 9700 19327 26280 12163 11649 15980 26470 23246 14723 25481 13824 5288 10103 9846 19036 24257 1623 4774 6790 5948 21847 17299 15152 14911 14161 17541 14766 14233 20165 5524 22729 6367 21060 2786 16900 21149 6738 6932 8511 8852 20987 19750 18646 23621 17436 14821 19118 25056 23983 1724 26114 12594 13198 15049 7748 8233 19806 3527 5161 25358 15946 22052 19994 22435 13446 21270 12640 2028 8143 9697 16019 16019 7905 11701 13559 1110 7886 22150 1952 18725 11034 23280 2264 25684 11798 19998 2465 2842 2108 20170 24274 9568 19796 24992 17521 16869 2526 15112 24270 1513 17309 9048 7186 2860 13361 20240 2234 19647 6689 20250 21484 16157 26715 78 20719 15976 23140 11469 25618 25896 12268 8928 15469 5355 11271 3816 20170 17788 23770 173 23197 26652 10092 7767 1201 21216 19760 25666 8496 14762 475 18236 24689 5446 15845 7954 15737 6330 14052 19192 6710 15494 16595 17909 22511 6801 19920 1513 21550 1562 8348 22831 7071 18670 18268 9223 25689 4183 20163 18030 12480 15864 3434 9543 14927 1333 24924 3923 5392 24408 25567 1296 2590 23089 19303 22917 15189 10350 15389 25618 23026 24953 9049 25941 20942 18479 21333 11850 25715 14806 26121 25443 23898 22706 5048 3830 22260 11578 11798 25792 15858 23087 8638 25149 2775 5129 19109 17650 2668 18772 7000 9935 26708 16177 18798 2613 17037 17653 25486 11868 19192 3769 15335 9396 2620 21049 20319 23487 26712 24568 15331 5201 9041 17564 3252 22026 17784 19485 7853 18014 13277 905 12090 10814 16057 7601 18382 26608 1348 8380 7969 23115 16960 11682 5203 4725 22900 26159 1006 23073 4800 26097 5293 26649 2965 24180 818 840 22097 7551 18525 14733 3769 3311 24543 13367 16313 22046 3282 24693 4568 2274 22414 22456 25058 12304 1242 15339 18824 16770 20478 3463 8906 1948 9089 20164 15594 16442 7493 4260 13784 6531 22126 25611 2079 22272 1717 11448 17910 19532 18190 3788 4775 19041 3037 17328 25056 25505 22635 4154 3745 6604 17022 19711 1317 19274 9888 9889 22100 12739 18966 12881 22120 11543 24785 2085 7539 24149 9974 20024 20568 13565 8980 6369 24321 4616 16899 25352 2563 13956 17186 19583 20562 26876 6785 19023 13835 1360 21426 2600 23378 23464 7913 17322 3058 20200 24251 26890 26966 3371 21174 19992 19990 313 20149 1640 21655 5429 2760 10614 2118 17521 5070 3314 16765 24190 16845 12011 15003 26112 21618 4602 23714 24366 26658 17182 9335 23240 7592 4078 2988 14091 1780 19080 17955 9365 8 24662 4814 21209 9799 26988 16511 1659 3473 11280 26912 17449 22784 1616 12112 25206 20111 18518 12802 20904 12853 8893 18834 15302 13139 11795 22793 24764 25229 18154 21230 8458 26805 22879 9942 16927 16573 17262 15900 8330 8633 17569 8684 7271 26064 14856 8611 1231 13110 2847 18806 25764 2866 18209 18549 7471 22120 7313 14515 8560 13412 12957 25105 1601 11882 14639 26006 13217 16706 7239 26474 1206 19886 3790 10362 20549 23919 13286 19520 20095 15547 11493 815 21750 927 18218 1004 17700 18005 7965 19837 5054 2174 487 7723 17680 23066 3149 20037 7893 20542 22133 7579 26553 2854 8943 8056 344 14664 8254 3030 16549 7567 19401 21797 3512 25309 15411 22017 11583 4157 7924 24768 3101 12235 24788 21855 23446 2657 12632 15385 12737 18077 184 25291 11649 19830 7125 7104 14970 8521 23299 18885 9613 19153 8993 11604 11537 17617 20374 10809 6667 3335 499 10448 10350 10719 15621 12312 24448 3677 857 10112 17044 11951 380 18390 14828 11167 3174 20205 8381 9280 844 16428 25018 14716 14063 10481 10268 23329 15436 12942 13460 8864 21431 24228 25569 17621 16585 3105 9593 21769 1925 26461 6795 22970 11594 16181 26004 20809 5068 23040 11961 1535 7646 3287 18364 8765 8706 11707 2509 20829 22298 2772 8316 15585 14886 9210 22258 3924 26210 2081 7433 17477 18706 2486 18925 14060 16662 6147 3563 18957 1602 21747 17009 1133 260 12023 5076 14477 19191 17725 25642 17227 12614 6058 26785 4378 6221 4969 5014 22269 7150 26018 19938 2488 16383 7298 1566 18138 4268 6301 16293 21948 11510 22292 9851 10297 16012 7976 319 22308 17187 19218 3241 20548 12547 3216 7652 9711 3463 4686 24518 13194 11952 26506 22063 25231 15116 20006 8534 8089 2646 16510 25696 15105 21830 3995 22735 8869 4278 10729 8811 10915 24174 15148 16373 26241 19315 16097 9609 8456 12991 22035 11679 6561 23826 23613 6577 8270 25584 3566 1035 21464 17495 21305 3873 12641 3528 26585 18070 8923 10227 20402 4784 488 9527 12421 554 515 13776 26334 6321 2555 8075 23789 10562 23847 21183 15930 3539 16864 7995 26615 2100 9633 10254 14943 20801 25580 20461 17868 288 14285 17471 6779 14195 23382 6451 16883 20671 26639 19459 11713 3140 18757 23273 20862 11249 18023 1355 2573 10528 24656 16451 16751 11480 4296 21051 16676 18162 22492 7692 15785 18619 7681 26739 22887 17748 4091 2624 7364 5023 22831 18887 1860 21555 10121 24572 14503 19867 52 2293 4587 23414 24882 23419 11218 21182 15902 17415 660 3565 26356 26334 24261 11700 5591 9131 24946 1784 4611 9180 3160 14999 8692 11425 26526 19562 11384 5693 6923 432 20999 9031 16475 18521 7716 363 5568 17891 18131 7644 7133 6448 5 922 13518 25636 2534 21652 9648 13570 3135 26218 25226 10094 12927 11510 19283 23317 13470 21951 3749 23799 3761 3904 1721 1771 8059 14062 15767 12849 17666 22804 1042 14252 16239 10124 12540 19584 5361 17073 12407 6441 23927 14576 22240 25291 17700 124 16778 21982 16691 15113 19511 5988 1847 4165 4435 21984 1279 25981 3574 11176 18452 12933 22980 6696 24610 16886 24471 14667 9945 14276 8541 21798 10983 355 17139 3964 25373 10852 22327 11812 14764 10686 967 13064 16998 14344 498 16192 18520 13088 19121 1605 21747 17254 25691 14232 16490 12722 26592 9470 14219 3829 8148 11334 24926 12374 14226 5649 7630 9502 10785 17778 19471 12976 22681 7830 21348 7193 21988 12323 2581 8194 16268 16694 11901 14236 12329 17574 6908 16439 3035 12468 4883 25050 14423 26655 25435 7592 20752 809 8172 13191 20216 26388 24845 4539 7980 3156 6153 15117 21541 18645 25410 10784 6512 25528 2199 10600 6999 21893 7288 16303 10076 9031 6321 23257 9937 15599 421 11464 16067 3622 2883 5043 8405 10816 16099 11682 5287 15639 24530 3677 10240 8786 3558 4793 22636 23584 1785 2237 11974 16031 7494 1387 26124 10945 3286 24028 1287 19029 16665 13851 12960 3540 3728 16325 22204 4838 11128 9737 23433 26306 17188 6151 5060 22029 20527 1850 19033 3181 15274 16597 11003 956 26603 7652 11546 22275 23829 18378 6379 26423 15487 22861 2615 16090 224 15014 22602 20885 6687 21390 15580 1908 18155 12746 5033 24400 23074 12336 11892 915 21182 21364 22959 1694 14373 2790 9737 18082 18566 718 9886 3735 10414 12354 10 5235 22148 7234 11786 26917 12166 23840 23198 15071 19931 7800 14862 18907 12805 2947 15736 6771 2301 2972 16472 5699 25478 11723 9323 26999 8064 1521 21438 4493 19997 24671 21523 3851 10822 1101 22968 9168 12028 708 21483 6316 23045 24295 23221 3374 3436 158 19872 15518 16153 11300 11704 17154 1526 7141 14127 2744 21303 10785 12561 8848 1364 22016 22613 7380 23578 25015 15640 2049 14057 26030 1406 10312 5141 5745 3047 12742 3054 18851 7098 3944 25913 26229 17011 19861 13850 2794 17800 8658 20254 17724 16799 4348 12036 14565 26896 2075 4461 13158 19334 14732 25577 10895 431 17147 22466 15234 9150 11168 23539 19024 25391 17517 14396 9679 15034 14784 1713 26953 13549 1347 13020 4 8132 12254 1550 11571 20158 20258 2181 4829 7966 10384 1957 2772 12468 20055 2174 19594 1007 26050 22044 13917 20967 25971 3819 13195 13750 22185 12341 2116 7119 3338 3053 22953 12311 11303 10097 26915 26181 16029 7613 23810 9272 13570 1943 22333 920 2901 6683 19284 20774 2603 5520 25135 21782 12530 15744 18039 15446 24988 12411 22178 11207 15832 11599 14471 4191 5172 14783 14432 15543 16774 24866 2150 1098 25497 20037 21908 6654 16408 22651 24330 3393 3707 9538 22303 11665 13107 9570 18757 1594 3333 10606 3100 24689 5440 743 536 26374 13347 7148 1832 20656 14102 3811 15700 2256 8202 9540 25731 12346 15799 24029 2076 23841 21159 2858 1931 14483 14713 25047 25482 6589 11803 4172 26235 9684 9466 11714 3782 7140 25278 14328 17680 10038 9076 10103 10080 5602 4644 10269 18546 10747 14490 20645 78 26922 24858 12493 9839 2729 20119 23833 16501 6877 17797 14940 21212 19701 12340 19623 7997 15191 8271 12584 3257 1076 7458 8618 26055 6567 7102 18634 21163 21383 26304 3796 9530 9351 11773 1899 10259 9801 23383 23424 18802 17266 17897 12784 5367 3217 23318 717 25139 483 8214 10949 21677 8328 19198 8510 5898 6470 22741 2421 25105 14569 5645 23699 4315 10864 16165 21123 23996 987 16933 2110 20264 1763 17807 18663 6852 12661 38 16935 11 7600 19515 10547 274 25061 7492 11312 23237 24511 23286 23134 6263 14999 4488 5087 18917 19316 4372 25954 18409 16667 12400 24264 21297 17179 17767 17784 19216 14078 6425 5921 17596 23443 18670 15649 526 14498 23332 21465 19462 9977 9324 9598 17802 8860 3369 22723 25874 16566 24383 6204 2924 10261 374 6987 22851 26194 16982 4429 19466 23028 5704 17129 12397 10505 16159 8904 8631 13105 18393 21887 10446 19980 14404 24858 20585 17657 1679 19939 9149 23709 2176 1458 21201 6881 2497 4201 8573 9725 14886 8833 9861 15788 2121 13662 22218 15461 11286 2290 18971 24173 4445 17233 1632 3964 6602 6372 26159 12833 14888 17577 11560 14477 23778 22097 13855 24077 24851 15501 16400 13155 18070 5937 2587 16021 17345 22143 13151 5695 25307 22876 14121 20391 24483 18979 204 13665 19944 18103 1368 26924 6227 10012 16193 26469 12027 23877 12655 26358 17493 22637 12209 13755 23888 6348 22155 19074 24565 18029 22974 5482 1564 13059 19607 4349 23903 17538 16258 1634 20026 15093 2190 2541 795 11600 24571 22569 2314 9394 25975 2552 21831 11272 21528 22959 12669 4514 24697 13672 6938 12538 4100 19633 14161 685 9602 19213 6490 3144 24838 6609 15465 18199 24909 7744 9113 19544 6950 18405 699 22375 17708 543 12236 4342 4715 19897 23132 3837 3096 4593 7123 19156 2884 19105 13836 6953 8670 4418 12929 1252 20287 3152 3645 24376 16630 17655 7923 25705 16750 26131 8714 176 7077 12464 22566 10478 20654 13444 14420 19922 26872 10193 7878 14339 12039 14832 706 11107 14173 24647 11563 10066 7066 14770 13494 1852 22572 5611 3773 3578 13774 25867 19788 1584 21511 8887 15193 21734 26055 12847 21578 11519 20904 15036 17943 6848 24722 7783 5462 14813 6467 15783 25637 3339 20984 3720 13240 12311 9472 25089 16982 1604 16848 24756 6173 10134 14426 23089 22881 14096 25196 9894 13471 26051 2512 25366 23622 6524 15918 12856 21079 19268 17199 2262 11142 25610 24785 22846 24913 19366 2298 20175 1724 7487 23157 863 25240 14226 631 16642 14603 3730 19948 18531 21349 9203 2537 23231 18867 8372 25154 20724 2206 19068 14312 15956 14803 4115 19715 26811 2627 16653 6139 17129 8944 19003 18449 3598 13506 22229 13278 10683 22849 12600 12319 3890 6469 18209 12384 9976 23158 11491 13794 23161 17839 10893 26910 24195 3529 7059 5261 20309 6832 5139 520 13803 20113 24928 3474 8229 3021 968 2121 4831 15906 14752 7757 2413 4977 8451 6449 14283 25421 25360 18463 5428 20966 12836 18527 2709 24780 18655 12428 21380 15742 15463 23176 23213 4627 23019 18242 16484 3439 14064 24273 7307 23120 19975 22988 1028 10668 23439 12605 2496 20126 23651 7126 891 8857 12202 2995 5556 22797 18365 6065 6647 18499 426 13036 15550 16280 3828 8114 18664 20059 24688 9664 3235 21101 8855 21216 13079 15735 14627 2375 25423 17108 17730 18182 17981 19324 4448 11525 14197 17223 17344 11508 21401 16089 24750 26421 23586 20284 10006 21806 16888 9772 22892 9111 11092 14606 17209 1647 17513 13390 4812 7414 16935 17268 5864 21280 10837 18516 24674 9034 4510 16266 20959 6943 9825 187 16873 11100 18943 24246 4529 10520 22841 16627 22364 15302 17243 7838 7440 6856 18420 19657 23602 14782 26707 2517 4896 9922 19401 15780 5611 10161 16749 10867 2827 15130 19095 18850 17348 12918 14438 24648 3363 10327 11721 26955 12162 20955 1340 14018 21529 18004 25805 14886 24309 15884 7523 7020 12404 24098 5854 18071 6507 13821 25890 10389 2566 25676 997 2324 5210 20254 14196 7496 10168 9254 11680 19994 23741 5998 780 6326 7314 19750 8660 8509 4835 10258 25187 10894 9440 11535 13364 20413 7346 19912 6868 14296 5815 17141 13273 5912 18186 7689 3198 4378 24522 7738 16071 23556 23371 16167 25601 22647 6454 10754 7185 22243 22998 2637 2714 21480 3818 26364 25379 17637 25782 1755 4466 11334 24574 21153 20089 1859 6973 9356 26598 15513 2550 18036 26237 14110 6765 26607 803 603 9704 6862 19966 26196 14743 16346 20232 18623 4453 9403 15903 12772 14937 17030 7883 3865 1580 17293 25471 17398 23719 6220 6192 4575 3862 16909 20433 6048 2811 26398 12651 13340 11598 8577 23469 9127 15585 3192 10403 1722 19267 14047 25848 6511 22062 5843 12738 17357 18330 9672 16911 8234 24746 1356 12796 17153 15857 5907 21364 13544 17364 173 19431 18230 15224 6255 22554 19872 6445 20680 21013 18431 26818 19413 8746 26628 16642 1040 17468 2169 13156 7587 19044 19310 19045 2320 14943 26979 18419 4712 16422 17801 19224 939 13647 8496 24203 863 15835 14466 24649 25647 6147 21406 1295 21972 15413 11605 14619 13961 13358 12313 17025 19973 19424 11866 6134 6415 4046 20927 17155 8271 13036 11723 22271 7137 15957 2068 6275 16705 5640 14267 12232 4797 19411 16270 21945 20924 17894 11039 14713 13431 20085 16251 21674 21106 22723 4154 10741 7257 10975 3871 3527 8976 1982 904 20765 3959 17178 8319 24197 8646 19783 19603 10104 23439 25202 11491 1328 16986 1334 1942 20038 10541 22914 8614 11577 19935 18254 616 15900 19072 26608 23947 19647 375 2471 16684 16129 15870 3072 17114 26257 11994 17900 6236 11403 16496 6309 4665 17964 2162 26629 23145 9795 78 7247 791 26146 11907 26941 18348 19507 2694 14442 11853 23384 15636 14477 9700 12487 14758 16722 1811 15575 14222 19472 3032 16482 23239 23855 23463 25388 12318 2523 6281 14344 4211 3200 21623 1525 18721 7824 7926 12272 20346 25031 39 22378 25401 12421 9986 16495 19603 26641 13586 25150 24601 11896 15560 18216 7228 17064 24988 974 23003 17831 18960 22563 24928 4201 14375 4018 469 3153 19973 21347 10836 6008 11576 19860 26767 23581 17633 17182 21364 21689 16266 20214 9868 1337 11065 13983 4685 24081 3715 16890 23512 23660 895 17809 26559 19848 11217 5694 14559 25485 9019 25525 367 21628 3999 23780 3236 13052 14666 19261 8362 13612 5631 16850 5010 16438 9260 2274 23356 16070 3730 11501 18867 10545 16568 8834 12341 21097 9736 2662 6159 25535 19043 8205 1895 21323 21640 16463 23120 4494 21207 1965 21335 6167 24347 1905 23441 5541 3966 19822 13766 21712 20836 13492 5853 6383 10841 19611 25318 26067 17530 12699 22298 12212 1881 22853 25217 14511 26031 6975 24656 235 11 7617 2281 18315 15079 16160 21151 9744 26785 7874 24653 20385 22064 16694 5314 5219 3095 15166 6061 25132 15354 26950 6669 25973 23098 17425 11721 6595 22901 4539 15330 25090 9895 20701 9028 2503 26514 17678 70 7150 14353 10583 801 23357 24888 4989 10308 9783 18278 4095 9909 19617 3371 21402 19874 2916 4352 11398 25123 18357 16670 11583 7800 23264 1438 12475 21098 15655 19002 18380 23793 12020 25328 11798 17896 6762 17008 24010 4644 24644 2941 2256 5124 2915 11781 26597 21513 24152 22139 16835 11134 10315 20298 13487 3482 17023 24916 1003 7723 21439 13005 24393 17545 9031 8960 2516 196 13933 19269 2524 9590 12021 11535 9544 18100 15853 7049 20805 1218 9616 19160 4472 24631 9183 4899 8319 2106 10105 13501 19991 1339 10288 14985 6356 7179 26916 26301 17829 25364 26923 16708 2192 1015 20925 7066 22425 26493 20166 22718 7335 4942 26437 9885 1299 21293 23780 20929 12594 3028 6593 9314 13663 7358 20974 23681 10628 15623 18746 3884 6586 18774 20868 19438 9925 460 6768 9060 19577 10948 22966 14032 5005 9115 8312 14515 13328 25940 8377 19277 6008 1475 16298 14506 22611 6021 13993 6077 16354 8851 16992 15104 7122 14167 16292 10363 22996 21478 4552 3020 14930 25384 142 5836 12449 26514 13653 21077 10159 20058 14907 16449 14073 9265 13593 26869 6490 26173 9093 23969 6878 24541 13086 14543 14865 8223 9226 14718 15242 12291 5708 23468 9006 13652 23311 10582 26586 13064 14092 3310 26805 22549 7821 8440 19977 13775 14951 23409 17487 22238 6612 9393 13131 18704 7228 231 3427 796 22491 6714 21780 18977 14784 25889 9667 16327 12261 8288 16731 1407 23356 10384 16914 4582 14204 12090 15982 6767 17849 17743 11115 287 11145 19942 10977 10904 25211 11499 12958 24620 6470 23626 6018 26597 11343 6486 12119 10777 12794 6013 3493 16039 13262 13165 15561 24090 15113 23388 9396 6413 22998 2134 9264 24980 16609 2211 5815 24284 5686 11763 14957 19559 22300 14279 11746 17643 16378 16046 7664 20807 5323 21114 6129 18094 876 9105 26171 2933 10219 2771 8960 22983 8116 15646 13539 23358 6665 25438 17017 21115 19595 884 21631 6456 11168 11889 22400 7015 9555 24063 7811 22496 4355 7193 23697 23413 7454 10726 9069 1404 25889 10903 21599 108 3894 7722 15048 10191 17606 16757 91 15913 9674 16517 7 5997 10390 15588 19125 1672 14066 12766 4208 4158 21552 1062 3686 9282 4577 14158 18629 17776 8622 8156 10967 4443 7234 7353 1533 13151 13896 24922 10565 11138 18683 24663 17485 16817 13774 14976 24806 12463 24225 20161 13003 9588 16195 5578 10697 3748 10536 1488 15963 21043 2002 22041 23299 1135 22903 15420 14231 26063 8476 18240 16134 20661 10056 3282 6574 8751 5054 21230 6416 26589 22942 2968 12598 14176 4195 913 14595 15837 11053 25960 18200 16250 14884 22769 1261 26061 3068 16802 17752 25478 19039 15612 14224 25527 12255 8845 836 10227 26183 19828 9819 12241 10537 16554 10218 4853 24281 24016 4262 19088 2106 5605 13926 22192 2488 21187 25183 17335 8735 20842 2678 24108 17200 8820 7121 18135 19127 6901 5126 18653 14042 7629 24005 10556 24218 15076 8647 5007 2020 7119 3200 7440 19794 8720 16619 1561 2583 4616 24478 22932 12128 159 8855 4312 16536 10378 18725 22057 7571 23042 25983 20911 18008 2061 9098 2968 3834 11825 5027 24115 20544 13145 20871 8633 1758 6623 20714 244 22953 23266 20646 14813 12751 4342 3021 4183 26473 1449 6479 4925 15345 18697 13714 12824 18318 20652 8166 1871 23745 22998 23541 786 9866 2082 1589 5614 22675 24708 20696 4015 1745 13960 13694 10602 20194 25896 22830 21677 16682 16752 9088 7518 17726 16971 6425 14193 16629 25621 13604 20623 19638 26457 19953 10874 23538 25148 8885 22123 3954 24630 3535 4801 17246 10665 3575 26977 4751 5309 4633 6561 12492 21817 1077 10839 4170 18186 12998 5631 18672 8622 20969 2612 19496 242 8770 6893 23671 16049 11621 26637 681 6162 337 13903 24177 8796 24438 1074 4777 18533 18448 4659 21931 24974 22955 20399 25639 17387 21374 13890 4220 14273 2655 19991 22460 14875 18142 11435 22157 24987 390 12877 25773 2050 1981 16215 19280 7751 963 24072 14013 26801 23928 9060 23029 6059 3293 24957 15741 14894 23431 5817 7439 14439 21920 21787 14220 19657 18435 23990 9942 14779 26906 5576 18059 11966 14834 16727 9024 8526 11322 13065 16605 7987 23240 26224 17447 8134 10364 19339 3691 1399 19910 20939 12122 6208 9869 8365 18212 14265 4395 3286 26992 9131 663 6639 12033 4478 782 18048 16291 25067 2954 3053 18789 15397 9811 15816 19097 5365 15747 1889 17344 15124 9350 6243 13016 5863 10686 7244 15338 8307 7300 6163 1294 26937 15407 1357 20296 9322 4928 23953 25990 13694 19087 12356 99 5562 2413 3664 5692 20098 12243 19705 23562 3890 26251 1917 6393 7919 1564 19585 184 8369 22050 14576 19171 14486 21186 21180 22400 15041 6486 15640 14326 4923 2727 11201 20028 10438 15059 2905 1727 20996 11668 21524 16205 6173 1459 227 15795 19246 349 17641 12458 11720 19348 22352 23969 20232 14211 9270 26995 6738 13963 386 26770 12713 17074 18654 15673 24937 15910 19398 6102 8763 3594 902 7557 18444 15634 3737 15424 23861 1271 918 4419 22993 220 7287 15033 20763 20695 8940 26489 19770 25914 3076 13516 17854 22456 25353 12758 4770 3284 13212 9535 25374 15868 3483 22691 16456 16131 2494 14264 26210 4112 23926 3784 685 1049 15042 22808 23146 6242 17203 3899 8059 10253 478 1960 15219 3468 7824 16613 21515 19539 15472 17382 12765 24011 6553 24956 1723 10530 19534 5790 20750 12658 19624 3218 22408 5672 1677 15919 18961 21409 26426 16217 13318 2217 8783 18210 19564 24040 14345 6274 9512 2540 3807 4432 26850 18870 11988 21531 12917 385 22961 9537 22856 24549 5349 19617 15583 7275 23323 26733 22581 4945 21731 10025 16531 10771 17850 13558 24417 20615 11176 6420 4172 10858 8991 7067 22129 6133 5506 24502 11451 17642 20992 10706 21222 10259 23210 18738 25486 26787 8957 20437 3717 19841 1569 4902 4225 5465 8276 14989 21653 6350 12607 19802 23921 8965 20277 9277 18425 14729 18490 23143 15291 19369 15370 6743 20918 12393 19290 12224 5299 11267 16025 21674 18301 22943 5283 3387 13214 11005 11990 22047 13725 19467 15455 2671 7693 11994 17518 13514 12769 19740 18739 13077 11661 13543 18792 5595 22306 1223 20782 18065 26400 22484 5338 48 3594 12469 16803 3455 3568 14266 24799 7607 24082 22220 1689 22692 12482 1485 12022 19286 12867 25120 23092 26289 11925 10172 24392 4712 15097 13215 24395 17315 21718 3464 21789 6101 23393 21115 6386 12536 5719 14021 17756 15483 13418 10452 14306 24154 2937 25321 17106 7886 13016 21736 18498 22624 7314 17101 21197 546 20003 2887 2368 14964 19969 8693 6910 24143 22800 6814 12759 23766 15275 26495 3808 21760 4505 4821 26964 21999 3769 11698 3296 24295 3086 20359 13597 24213 23178 4002 6288 25052 16690 22157 2501 26382 14922 24598 18104 14775 14249 6122 6186 11202 24247 12776 19808 16368 14758 17317 17483 24373 4404 23254 25990 2792 11019 10035 10540 20388 2042 2998 6334 18782 10452 8405 3999 18596 26783 12565 8631 25149 26483 5562 22448 180 6488 16125 11786 17649 3070 2322 15616 525 21074 4718 13865 18422 22592 9869 21765 5776 25257 10751 24842 4498 19163 8187 6411 3633 20026 6994 24473 1340 5481 12539 19063 22024 19858 26633 23826 25854 9740 21008 22977 12678 18958 17046 20088 24620 17111 17578 24595 7249 10129 24728 20713 22623 5807 10679 24671 14720 8063 9973 22215 8880 17864 14417 5546 14106 11863 24312 5384 3462 21007 26343 24202 18280 25626 1780 4219 10461 17774 15021 8712 15238 23184 19140 12404 1972 12099 11927 6259 19710 11627 26429 25857 17851 14814 5706 6192 9669 8013 23750 24330 23022 13906 13896 1135 19442 8897 9542 21071 26244 14583 11217 25858 4386 3662 24061 3107 26353 5315 26551 20677 22026 439 20807 19556 2490 17555 3990 540 18262 10689 9335 1409 23418 24539 16211 17973 16985 20570 6068 11166 17706 13500 13924 16843 19067 21025 2932 6054 2458 14146 4854 20256 20868 3693 14375 15757 13292 15536 13806 24050 25539 9117 22690 24601 16184 14691 8354 17540 13170 12508 15966 12625 2757 16589 15600 21783 14636 16804 2821 14727 3523 26152 9543 5921 19479 21532 22740 7643 6612 5907 19754 13132 9250 22060 11895 25148 22369 10106 11075 11867 9110 16163 22396 26602 6232 5541 24005 24135 26388 2292 9417 11144 3910 3096 15611 1701 1088 10441 17131 8942 21775 18158 24019 12665 5597 1611 10878 11161 7639 4453 13659 1474 8293 24021 23120 15133 9992 21401 14883 537 12503 19048 15607 19401 18864 3189 2584 2706 2778 4443 23877 20406 24142 26863 15926 26120 14614 19861 6470 24664 26074 11031 12389 10792 7311 21834 22104 24351 6954 15755 20414 636 26909 8140 765 10305 8939 18213 2176 24603 12394 6339 15033 120 19212 2931 4400 697 24101 741 7743 14135 17336 11726 11183 20051 7535 5184 10416 4298 18228 599 8843 24949 8288 22293 16322 7738 3298 4133 22030 892 5028 1382 13566 17180 12336 21408 16402 13670 3819 23760 22420 14855 19709 10945 16525 14294 17860 13304 7492 8732 2510 19903 18364 15308 15889 25838 5075 14887 19099 13158 15581 15917 21979 8933 19018 12306 523 24475 15507 9964 22107 937 26787 14435 3523 12151 1282 10531 14468 17446 22746 16079 4657 3530 2559 7682 24156 20918 14563 3486 7797 22852 2789 5301 2767 2853 2119 12799 24844 5 18819 7212 21247 18035 10128 5025 6614 24621 4178 19488 22103 16497 17164 14532 21083 13085 3896 14427 2585 16815 16150 441 13878 3467 11280 17605 21542 15431 15249 3801 15431 10081 21131 607 3497 6863 14898 20253 13653 24734 4021 2465 23260 17418 23173 4807 26816 8539 17508 9482 7791 15216 21188 18221 1891 25625 21986 5708 14026 13256 24748 3781 10832 25554 13050 18391 19852 2026 11456 5566 24097 5099 16173 10807 7319 21820 17182 26221 18097 1160 21475 1375 4685 21752 2724 15637 25047 19945 6031 2446 22445 14429 9239 7466 25773 22159 22008 14999 20502 13510 4190 3470 6520 19033 4999 19352 7174 26149 20880 9557 26463 2263 13562 15946 22978 6229 4476 5087 22601 18845 21111 19048 5228 15407 24586 9482 19360 11925 13789 24948 17976 24362 19361 9929 22820 12794 13056 1573 13538 22261 13945 15792 18735 1617 12671 19750 6036 6445 11894 25859 8583 20158 5744 14869 12106 1646 9572 19487 9908 19902 17932 13962 26921 9847 10178 688 24693 18873 21479 15539 4985 24049 12903 22972 17102 10183 6123 25226 18651 14386 18440 11246 26228 678 8990 16128 24638 5583 12453 10890 14120 7887 19957 6080 9219 4719 19923 26520 21898 25225 7729 16606 17774 13755 21845 20512 8730 21928 3087 26338 12998 12169 18714 11079 2854 7813 2178 12083 16306 26366 18401 8817 3441 24778 4410 326 22383 24215 11909 17278 5001 20685 24734 13302 4120 3675 3555 12987 6746 13670 12310 5575 8709 13354 17442 7627 19355 6391 2873 6565 17339 4924 4106 18311 12974 15716 14900 15356 1515 21205 10742 24508 23019 11865 20141 12840 2205 14277 12615 13509 10925 24515 23457 25982 10167 16714 9255 3697 12790 20663 23289 7615 6372 1418 4440 2428 1069 17827 22481 7162 2232 17318 1824 15275 17462 1091 21292 16390 21322 11377 8381 19381 18785 25408 8006 6733 14925 16297 13090 24701 14346 19594 4417 25333 8238 22647 13701 11696 125 10273 21537 21303 20731 4135 8507 20740 18605 7134 18403 8310 11859 16142 11538 24387 2154 26657 4692 13168 9431 18510 11903 20934 9902 4891 26753 17050 1213 7235 1759 18302 21524 22920 10759 3092 9109 14000 10557 15814 24285 6991 14667 6667 12238 18495 5136 7386 14466 23940 26979 18599 21520 7834 24230 15898 3377 3526 4497 15182 9128 12893 2146 12948 7688 16890 3293 7852 25196 5285 8484 11813 26226 20170 6025 10110 23812 12730 19373 4011 26801 20912 4434 23614 22101 22951 4899 19298 23347 12501 5327 21459 24958 906 22249 11549 9473 11708 1026 316 1258 10671 3851 9594 15863 14695 25675 6014 5995 8017 188 12595 966 20336 22426 5663 16235 22580 692 23808 16428 13594 4542 7477 4163 23427 9618 8557 2730 23664 13353 22415 18519 3995 9391 11019 18282 1391 19916 22843 4223 13621 2944 468 4615 7247 7605 17000 18748 24330 24729 13717 9915 14835 11264 23445 4225 16781 8963 19119 24069 4912 1708 6174 14343 4467 25926 18864 1222 1670 15196 19647 1182 1876 10988 14321 6474 2764 6007 8195 3109 3013 3568 9169 1643 7448 25893 21346 5892 21656 16160 7341 19538 5803 13352 26849 880 18965 20477 20737 10788 221 9197 451 23903 23765 1619 24221 6408 12244 805 16625 17956 12393 22145 8008 1170 13158 18492 5290 23628 8743 5581 24892 26412 12474 8458 15183 7643 19000 17687 3179 17494 5705 1269 3465 6348 11447 5468 6312 13926 10275 17080 18449 11650 20562 19411 10995 17171 6990 24175 6119 24047 4760 9929 4014 16720 15345 26917 17505 9349 12431 1293 11681 24433 15742 24361 16577 21638 15725 12468 11189 8111 18071 10016 7363 22932 24180 13042 18902 26629 21719 11527 20447 3129 22388 14598 25636 25497 14784 26256 21064 23166 14309 24708 13392 21642 24420 11663 23936 9641 3951 17901 24711 1281 2820 25874 14990 15141 20800 728 19987 11060 19393 23610 2959 23687 7412 16700 23239 10908 8393 17223 609 8521 11419 14705 6671 13903 23969 2964 4791 19041 25694 2337 21142 11815 24460 3498 4593 18624 16703 632 20463 11811 10665 9436 17224 15619 3641 5928 18666 2569 13365 25617 17915 22563 18751 6599 9191 8440 27000 13107 4780 13744 20670 15410 24518 21047 19692 10004 17406 14827 21209 5737 8422 21334 16406 15339 12260 4735 24504 17812 11317 22026 14831 7069 26757 16470 239 10138 21384 19490 20000 21756 8570 4363 19776 7840 24523 7554 16597 1478 19515 3199 26485 19632 6140 13078 19396 2515 22776 23322 21460 26986 19137 8602 18334 18118 2132 6319 7879 625 6411 24258 10161 25564 9776 11606 23471 9756 11799 8622 13165 11332 691 1118 15212 17260 8173 16101 22072 15603 18121 13475 9696 7253 21219 11377 19381 3337 13442 18146 3350 5952 10277 2243 22316 19201 5193 24477 115 8005 11483 12281 9927 26289 24918 17353 14684 21582 23970 2295 8000 4776 7452 9810 2526 15596 4734 13250 12729 16334 7602 22684 18931 10215 22959 25072 12398 4462 10999 19339 7277 23218 25670 14589 1492 1300 21720 2538 1887 2327 18361 14667 16169 19772 25604 26776 16293 25427 12251 10215 17140 3791 13945 11149 11043 18944 3353 24680 25004 23515 10565 9923 8616 1939 11547 19726 17824 17556 18619 22251 3785 21494 14905 3696 23088 896 14985 3797 17071 20089 4491 5044 5323 22966 20912 16556 2284 13115 23980 10258 22339 2370 15085 20718 631 15710 9698 1184 4310 8431 21473 15192 18180 24096 1937 13455 8306 5909 10130 11573 24599 3897 21525 19332 25264 959 24758 680 200 10176 743 11719 6219 5670 1992 18857 4926 15668 987 5028 436 26280 26292 11925 14522 1395 13943 12314 15455 8783 19114 16806 13094 12968 17697 21445 19440 16243 18658 11216 21966 8303 14215 14593 10644 20352 15328 12359 6596 22687 16551 15063 21240 14734 17245 3138 13865 10478 2749 23578 14112 17038 7659 24543 19330 4483 7231 19208 16466 12619 23278 24128 12696 20621 23992 15743 5878 1523 7853 5651 7358 17660 5224 3193 23319 11407 18529 19422 11350 24128 3646 14327 1779 23381 23438 14609 5089 18192 22179 23999 11679 16001 19349 2928 24420 20693 19256 4221 6553 11870 18850 4323 2001 20664 22075 2135 10994 7580 21239 24879 1482 7989 957 25187 13008 20167 13427 9080 13055 17482 641 16073 16908 5914 64 7923 11617 385 25763 8811 21755 26002 23123 10840 8884 5309 10149 22769 6398 6093 19648 6870 6185 6528 1825 2512 24442 16155 21419 15705 4757 811 20513 24973 20684 9034 6347 16826 11618 3353 5607 15398 25803 12222 9537 22696 19814 9170 18017 12845 10110 13809 17779 26221 1362 20441 22379 16076 1731 24948 22120 3221 6888 835 21601 9732 1588 17444 12910 21417 21880 6388 20425 20628 8041 7797 5739 21069 6464 10657 21262 15165 12346 26973 98 21859 6098 26173 15318 8240 17721 21889 23311 6708 15555 20878 18316 1292 15618 8168 15742 7715 7680 8310 23433 22330 26331 12294 10969 2816 2048 19855 9610 15598 7753 20704 16427 18532 2103 589 605 14607 19563 1044 25972 20501 19267 3814 25212 12017 5795 16142 4653 554 19236 25362 2113 3561 18189 6670 17034 1122 25191 5981 2020 24498 5662 20737 513 8369 4770 9791 21899 12345 1219 11202 24740 12045 10977 937 2964 12993 17145 13400 20622 22400 21600 12749 14274 4751 18639 6884 24636 5807 16566 3180 25039 5686 2734 22850 16144 18025 7138 26903 18287 1481 17273 7133 7149 922 24410 13008 26252 15626 15554 9345 13782 15406 14882 775 14123 2894 3305 10733 20759 25041 4772 6310 18875 24350 4058 4184 8743 24338 20473 15712 18155 18667 26278 9016 4667 20599 23420 4951 10438 21297 10761 4008 9994 13388 15410 19367 18156 21912 24450 10749 21770 12368 2358 9542 11604 14204 20727 5168 7338 4982 11320 25578 2956 19700 5982 13485 16446 22098 2541 24813 6864 14738 21575 22266 809 25394 3209 20619 460 2928 15238 22220 15799 12095 11180 2672 17830 22574 8379 20281 22942 12952 8497 18324 12486 22641 6661 26119 12451 21847 9951 16404 11339 6861 5698 7689 21487 7021 18830 8020 22937 25477 26086 14006 21852 22849 9924 6152 18219 9123 23090 8966 3308 26374 11056 671 14802 21624 21550 17261 25821 2294 24623 6781 26969 1226 8674 25727 25763 3012 1487 26992 16324 18386 11620 4743 24184 11892 4800 14485 6669 16069 17796 6045 14640 21196 26648 8910 21114 22891 13243 13523 9465 13657 19300 21287 8255 1089 15388 15815 24256 21615 3403 17069 10728 8122 5180 16413 12986 16791 10427 13734 646 22307 21079 5713 22381 16386 18779 3561 8722 768 8173 18666 6055 21920 5482 23834 18265 1926 16862 17887 1331 1480 9499 22773 16752 686 24225 601 10721 14528 8345 14730 26756 14695 22153 16702 13718 20711 24453 26709 19815 17810 23308 14318 8875 13185 19609 7786 6570 6914 2348 7589 14153 19114 5977 15251 19359 7803 297 20184 26844 23651 17896 14242 14115 21290 1006 9260 5809 20917 23191 10391 19763 19084 7533 18754 19311 7488 26995 22635 10210 18978 7 11527 2572 9431 12854 25060 16644 26469 13456 20223 8841 23939 8871 5921 20563 7256 2802 16920 20420 16899 452 12378 5705 3388 12351 5667 6646 18780 25621 24363 21822 7127 21129 24072 12273 14735 784 17123 25454 26762 18510 5193 4750 11063 9474 8467 14814 25477 21238 14596 11061 3038 3883 15383 16334 1216 19620 5033 21749 26212 16199 3354 20273 18796 19986 7227 10507 13302 13189 17650 16735 1190 4487 9695 21274 23559 24147 21730 25222 21962 11518 154 14526 12292 22877 3499 6709 8405 18514 15147 14601 8094 16757 19897 7460 18146 11016 5026 7603 24188 2546 24465 7958 978 23123 25813 9301 2872 19599 18805 16815 4608 1232 15967 13019 22884 4520 20171 12978 7604 26569 26386 10196 11794 12416 24794 8025 12767 7575 24329 3557 2309 23773 10453 7348 15224 26934 675 23417 4800 24632 114 21806 4960 25740 24552 26855 12242 6768 14530 21811 3111 1505 22606 9955 8471 8839 18517 13392 9306 10410 4849 2620 26792 9403 8585 7098 8422 2260 24373 6445 9861 6552 5318 9371 17048 6283 3781 18990 16377 24214 16866 7872 16121 22241 14251 14777 15533 26986 18979 5227 2364 5251 3787 9827 21424 14457 2951 18135 23876 5454 24631 23417 14767 6189 2705 6518 24421 1542 6828 5695 19166 25353 13205 19251 20351 8667 24229 19578 16907 10973 17336 14690 12629 2806 14192 23283 10378 4728 9956 7904 9565 11860 15710 891 8858 5998 11438 12122 19798 536 4934 1749 15399 10309 6272 2596 19640 25068 8793 13648 108 22002 4594 18581 12943 11379 2715 3695 25031 18470 88 12914 13157 10223 15988 4472 17823 7046 18055 226 2464 14144 1961 21094 12027 15417 18790 21336 19157 26148 8853 11689 17268 6362 24890 20875 7342 26742 22209 813 6985 3368 25662 26102 25956 22581 24847 16849 15090 11105 16079 15311 23564 955 25678 9134 15685 20926 777 15072 9041 18748 21366 1255 9440 932 19900 9661 8930 9858 13338 19701 11730 6855 11367 5005 15147 13084 9063 19676 19139 6482 3070 14927 11857 13527 21640 21200 19997 15251 24826 11390 17734 22713 14615 9281 7346 17720 26609 5882 3178 6745 19659 14972 4282 13350 3949 21096 2275 6312 8977 4634 15818 16792 25860 18248 14528 20341 8206 628 910 23606 24872 20233 11934 16888 22299 19242 11794 11430 17684 11779 23607 21359 15587 5073 7441 10959 25165 17943 17076 15225 13473 17256 10556 6521 20871 2210 10071 16870 19281 10142 9703 15898 2893 7033 18599 13006 17126 12013 20021 2289 6218 12505 19952 19386 6207 11600 14237 25075 20093 4832 24533 4840 3385 14811 8843 17936 22545 20637 25983 19728 10361 23747 21932 8189 5876 19179 3882 6018 4448 22427 19429 21521 12697 5394 7725 11767 26839 22069 1245 5737 23418 9864 14592 12829 3292 24456 7020 3860 25428 12386 19193 9024 9699 6895 16042 10322 8078 2554 17786 59 17890 5824 19280 8945 13812 13454 6251 8764 5783 21713 8062 12186 22787 25831 10279 43 24879 18322 7453 18349 25253 17382 8701 25916 14869 24998 6361 13302 690 6196 19792 16530 7386 8285 19184 14612 17386 9882 19593 16305 15266 4807 18881 23594 15141 4132 17896 14472 20589 18816 6575 9446 21540 8708 14782 1614 3467 24679 10841 1390 5277 3517 3256 7436 9321 23559 25940 21228 18220 20021 22703 9990 5919 17294 13691 7883 8705 15511 25919 17191 4912 17273 11927 24735 6248 10265 5768 8669 24753 3099 1880 16844 6685 7481 14337 13291 13890 7962 23437 18219 3607 12233 9714 11454 5669 5920 21648 5927 25131 18009 24261 15561 9091 3022 15570 21895 3721 19816 25991 14917 9444 21108 23795 1609 14867 5030 2502 5710 2689 17618 8412 2936 17652 20210 14249 17389 8651 434 13484 204 18443 389 851 26147 16028 25498 1641 3257 7228 22494 5905 466 3451 25682 23464 25994 24469 6108 21882 17109 5450 25560 10308 21092 6623 21863 10126 3268 13217 19287 18422 25000 20327 17014 9051 4050 6841 26022 23822 19262 7992 15549 10659 26897 17064 25198 19058 20077 22308 19777 21682 20726 13813 21362 18309 21614 20255 14314 1211 13418 24324 1938 23906 25395 10428 2508 13919 16897 14549 11472 106 9891 11867 17981 19124 10105 15004 22045 20602 10330 17286 8311 26168 1582 18509 10230 8458 23280 4554 4752 17481 4013 4969 5430 17630 12136 23198 24640 19493 26306 8945 1662 7000 537 5973 24392 18383 1370 6158 15732 26655 15486 21862 26254 26288 20957 6062 18026 24152 22175 23896 1256 9921 26054 16990 17535 252 2687 24942 21314 26332 6683 13483 19657 9540 9312 24717 25568 21629 22824 1592 2154 15652 10199 2772 21174 16084 19299 11466 6454 11010 5956 16743 26853 19617 355 6318 1526 25704 9155 9205 20675 8643 4051 10369 13643 828 24259 4296 9312 16910 17322 23188 13732 16737 22613 24120 14704 25389 4717 10154 13033 24688 9551 7185 13106 15952 3539 23682 2319 12644 1270 21224 505 5390 14395 24152 23244 17820 6478 365 2404 23826 16674 26562 10734 23808 1773 7917 4956 20793 7518 2263 14711 16654 17210 24045 1479 9817 6943 15263 8551 10403 5345 12445 315 9975 21877 7737 11760 6802 24057 12254 7768 2257 16559 25637 24949 17967 16638 25124 14951 7105 14010 18808 11489 13183 17364 16490 1307 20880 25856 23824 4138 21742 16890 19172 24274 18916 20646 4666 9932 7751 17614 21909 1489 9209 12757 23234 5478 3194 22222 22201 25819 20072 9559 12669 26183 25974 3835 17053 6364 189 19731 3082 26725 8370 17005 21421 18797 16736 17445 5845 25979 4919 15970 15988 19746 9002 17034 14831 18192 6681 3604 4863 12662 8550 1153 3616 23425 1525 20571 23272 15707 17197 13516 20057 7550 12527 6939 5807 18854 25514 9092 26441 3236 11508 1493 12178 15926 7575 21808 5496 13919 14321 10100 7696 14538 18752 22135 6525 25625 633 5305 805 15964 11643 16624 26151 14246 13448 24357 3478 11610 26193 19108 21479 2928 6903 1882 2368 5771 15876 5005 21872 2870 19579 22768 1739 21127 16827 5015 22343 5338 24349 20571 14198 13834 4944 6806 24018 6894 26286 7669 25939 5048 23999 18989 19197 1966 18447 15747 9064 16774 9191 17390 10115 348 1484 26006 7470 448 8797 25279 15948 16246 8950 3004 2024 16098 5031 25130 21616 15147 8503 9957 13343 17403 22930 13165 24097 1078 11568 2434 2022 10208 20063 23399 7546 19045 24418 19595 9626 21429 26004 26624 15555 22664 13142 26109 3370 25220 24588 42 26089 17253 3494 24552 211 17784 14598 13698 7642 14003 4779 23350 1865 721 17308 16871 19601 1174 18527 19172 24118 4277 23425 3098 14442 10932 25385 19787 10564 11513 5287 19291 578 23208 2333 10046 2834 15053 6162 18192 3604 9724 25412 20915 1746 3310 4617 19486 17652 26989 20734 16295 7611 19532 9819 483 4663 1271 2265 21225 24508 9247 7940 25395 10076 26934 21182 26351 19852 17789 20185 16928 550 8066 20940 23950 3334 13719 5452 26332 3593 5680 23701 25804 24486 24127 23541 4960 1154 2409 10940 7127 6103 11360 3498 990 15249 14842 6597 9635 17966 23598 13765 13344 1613 10328 20393 5049 22611 13561 18116 13284 9900 25033 13058 5749 12670 18227 15095 12225 17249 15041 361 21080 11077 19673 17392 21479 23416 17197 25123 10143 12997 1644 9753 20480 19546 23490 23867 12954 711 14700 2500 4895 26443 2744 13725 22784 24789 10968 3718 16157 9067 17166 5953 24365 94 23916 21558 1668 4753 4781 4213 7843 22266 17086 18237 14699 19498 1552 24952 3770 9536 12821 6680 26031 13863 20231 7034 11309 21586 15300 2758 8501 10595 13306 26107 2261 21477 4919 20080 8752 2326 5065 21472 5656 12597 12572 19810 203 16380 25206 23292 11253 4045 5178 9562 1117 19088 19118 23023 19887 5577 19208 8162 26502 9220 22777 11354 7733 1900 11205 25659 21632 7099 19588 14837 19898 20128 4993 7897 11374 568 8408 7689 17895 17763 13700 2001 7424 8845 15129 9472 12483 10351 11300 19762 26505 25426 16225 20394 2623 26644 14442 13612 13846 9795 8500 3437 14670 11210 2163 19519 3194 24922 14728 232 14824 26846 26081 7580 10170 12917 1773 16817 9945 7838 17616 25164 19413 15022 23063 8262 6694 22207 12648 26527 10837 1159 23248 2250 344 14554 4929 17455 20495 22719 25496 23205 15412 23130 2064 22871 1607 14682 10563 18900 26452 22982 20099 17294 1896 19365 9602 6576 19074 13508 17204 23189 2806 18549 1283 23401 7783 13463 16052 12012 20727 17143 7285 26679 14135 5897 23816 25923 1287 10499 17382 4775 21836 17303 7664 8305 10 6993 3847 21201 20517 11344 26243 48 26873 20585 8001 23692 16157 2411 7725 13134 17784 18549 25897 24634 24288 5347 23733 19297 2295 23420 18211 9007 11976 16621 24365 6584 17241 15479 2972 17677 18616 866 19187 21056 24872 17294 74 4378 15848 22849 10382 4371 26822 3192 12430 25945 24083 15605 11218 24057 4368 2909 21189 25964 22468 17342 23305 853 7112 1228 16985 16617 17692 16307 17643 14444 1165 18507 15142 21705 17807 21704 9909 9653 11480 2704 10464 18753 16696 26383 9023 9403 25775 7964 9083 1278 19850 6382 14347 21547 8950 10300 4796 22997 23427 25084 16763 25134 16143 23320 18304 9420 12232 24096 275 24936 7076 11530 10248 3888 92 1079 7123 23093 19344 15990 26941 12037 15934 24391 20215 18332 19268 10399 8968 8502 16036 13192 9722 12048 5619 20339 4361 20946 22391 20862 5754 9186 3320 11962 14500 26684 23299 10477 20414 12167 19308 5846 13649 16298 19584 14444 6441 19047 22448 2769 2552 10888 10681 4286 10062 11922 25833 26586 8605 22788 643 6718 13674 2792 21082 3900 478 21810 13625 20977 643 9720 116 3742 5511 13072 7294 6163 23368 13105 13911 23414 2536 14516 12432 17821 16102 19455 4622 6395 11072 15229 9861 1509 928 25770 668 12764 9776 12639 1769 12556 15767 26986 4837 18750 22895 14497 20294 13318 12001 25607 9525 20921 26822 11509 19981 10827 18075 81 7756 23047 15850 10577 3835 21857 24247 9666 4700 26611 17956 4365 13198 16842 2978 8323 22704 11202 24262 13956 12180 24716 752 6302 3119 11182 2408 18168 5432 9990 6753 12233 9377 16461 661 1764 18250 21345 1465 2765 25238 14515 6034 26450 10642 1558 5156 15678 11183 19803 23061 13128 15566 25396 20565 10613 8670 6527 3605 12437 11942 3932 12142 25064 3388 18706 9316 12594 7036 26894 12600 24746 3651 256 17247 8322 6508 754 13980 20978 6366 19531 20933 6353 11260 22548 25735 21541 16169 22885 6777 24397 3111 207 26786 3835 10670 9092 11672 6774 24333 22019 4578 23124 19689 13223 5809 14600 9680 504 21739 10127 4966 18938 8813 3885 22156 5654 2596 575 22057 8623 21823 16839 21667 14567 1970 5254 11514 5902 12812 16023 21607 9170 20984 4077 19032 623 7965 16033 22992 21054 7633 6979 11131 5271 5527 7272 14250 22636 5676 210 13520 7110 1306 4052 26652 17241 20143 2782 21485 25794 18666 16495 9715 7063 2955 20961 4059 8392 9447 12417 26699 13690 10108 10415 3814 17955 14960 10404 1904 15314 18879 19778 19124 7421 2903 11027 20218 107 16972 22438 3215 13514 15512 10813 25555 9807 6006 18772 22731 7413 24866 7121 7428 2864 22971 12714 8215 2839 23689 17817 8815 7340 8276 8144 8064 13647 19118 5794 22462 18314 20344 11193 25057 22233 17854 12013 15982 16825 23583 16614 24005 8820 5238 24070 24713 14193 24991 11072 18809 18140 13831 20531 5307 1827 9439 6530 7034 4713 15633 9347 6504 12499 14204 15038 12879 4583 21891 5032 11329 26559 23344 19547 3178 6597 4747 8717 12711 24554 18518 10362 26601 12530 7578 12909 5375 4885 5044 4487 11077 13204 17067 20193 15559 21688 16214 13507 22426 2271 17585 6735 15085 18610 5938 14586 22888 22359 1889 21717 4996 8384 26936 5928 1537 25015 23323 18851 21786 24202 17765 5045 9596 15187 19563 16166 7290 3967 2856 15330 11655 15123 21698 14520 15889 18033 24850 15631 21308 25467 9795 2234 4748 19676 19017 15001 808 21946 20369 9452 19852 4818 18549 9278 24482 10378 21720 2420 12642 8190 24609 10246 26261 12837 5622 17551 10345 7520 1019 2621 7874 18461 9646 7794 10443 18397 6948 6086 6950 13951 13309 9771 19197 52 26448 1522 13190 18724 12978 21382 14254 23611 14864 3130 14064 18144 17473 20011 1959 26638 14553 26580 22126 6904 13745 22264 24401 23602 1491 8427 9297 6701 25714 17033 4730 6600 8044 3049 26730 9219 24902 1394 22249 7691 1567 20794 8247 420 22714 19555 7111 5921 13249 19374 9123 7091 13627 4355 2397 13823 17840 25713 1153 11907 8589 3963 19550 17130 584 554 10097 22543 14233 13171 5212 12796 25327 1244 15765 25808 22849 25995 25975 16055 26851 7557 23418 7223 3035 25586 7707 22035 6111 8735 7848 18227 19155 546 13129 5941 10508 15730 22441 5546 14577 7645 26643 1708 19200 23786 9514 10028 18713 1520 10760 26013 10545 1801 6320 16370 13871 23469 6666 19243 12632 10641 8773 9781 10288 20654 18184 16444 17543 21426 4169 12710 22710 16905 15829 24666 24498 19246 2185 12837 14469 3749 18535 7774 262 9666 24394 15118 13186 2735 16804 1683 17491 20089 1483 8060 2596 21790 26983 944 933 9196 794 22907 13758 12635 17087 5293 5893 15238 2383 1370 14335 22402 9327 12336 18830 14367 12377 15773 15601 14008 2634 5291 18025 12730 14583 11440 16613 360 2696 22685 12872 237 6399 12162 4598 4114 7891 6144 17875 21264 12611 95 18693 9167 18629 21013 6667 7077 22372 21297 8844 22328 26574 19133 18800 20525 17809 10337 25379 11775 18191 2222 18131 23846 16414 16594 20251 14475 9577 2735 8029 1310 13647 22247 19408 25801 3626 1351 6255 15447 7989 999 21650 20626 844 15675 8450 6901 7371 13521 21445 4985 21589 22833 23534 14296 5097 22345 6394 20150 13484 3927 23308 15994 24823 4771 5578 23579 3711 22363 16885 2510 23813 4360 21978 2259 13509 9450 11864 5713 1082 4049 22503 22547 15883 10342 18320 6373 12722 17513 7986 12989 10828 10107 21261 7800 634 12763 18870 24232 7306 22825 25167 3479 20155 3476 7004 16923 5039 15023 25076 17273 8785 22145 4715 26887 16251 411 9628 10597 22544 5750 17603 9285 24761 20777 14628 22657 19240 25767 16868 14248 26725 18157 18305 15698 20458 14872 6024 20846 26545 12073 9384 25492 13007 12181 23104 26361 1617 1818 3897 7916 6173 12361 22127 3826 11111 3616 1031 18328 7636 26984 13907 9036 23257 16104 20538 4072 26769 5964 10153 7546 18226 2406 10389 21749 15688 2633 16176 5314 8966 4598 12851 18711 20251 2164 23129 9367 18805 13259 11138 25688 5537 19492 18333 1708 1379 1795 17302 13875 24966 5351 10802 21595 115 7735 8672 1588 4423 23640 21335 14148 20345 5152 2458 2496 26963 16419 21560 1026 16579 493 8781 22173 19652 20775 25890 10580 3728 11618 1576 23363 26144 24390 20720 19796 19778 24708 17429 8036 11402 444 3453 24197 21091 11925 19156 3051 3935 286 6251 18491 6844 23216 10893 23558 6650 3785 20902 3213 6924 22933 5406 16852 22671 18941 26364 7140 13905 15034 13643 12200 192 19561 11895 3658 20088 5218 16693 2334 6208 5485 18887 8433 5864 6933 20381 8024 16286 5933 26161 11582 26384 20291 1612 19434 1097 13133 12704 10410 6292 23830 6145 694 1166 7013 20188 17078 15463 5879 22867 21383 6694 72 6705 9603 186 9437 9422 11758 15619 5729 13060 5758 11389 10653 22236 20560 23521 250 23900 1723 15263 2154 9886 9028 6655 23246 16855 23659 6105 6681 1709 2934 7004 17041 14009 9507 24647 18664 19154 12787 22699 2522 6767 22707 21989 2102 25678 557 2223 3969 20839 23200 16211 1766 12184 7106 13226 16029 19759 9558 10890 22448 17253 23841 13349 13390 59 21994 8560 13584 7136 18792 14455 19590 10386 23518 19664 6255 6059 5731 4321 19645 11363 13632 7742 16983 26768 16270 18075 13931 14512 24958 4541 3985 3429 14074 13309 24383 7837 9466 13048 24343 401 26450 22768 653 25024 13556 21623 19120 7451 1653 15717 20065 12402 22619 26786 21245 24089 5295 20641 17272 26285 2332 19243 25335 11824 20258 567 16204 23177 9660 11881 26564 24518 22413 21971 14905 1922 18887 15166 21987 4589 25909 24728 24842 21735 3063 22404 3789 21596 25045 5260 1260 17704 1890 4427 26631 5045 17566 17669 17815 11987 25249 6641 19390 24696 19104 12948 10429 8749 8655 13396 23266 21287 19085 9964 10814 21110 8599 17783 5952 26387 9527 9943 9244 999 4323 3633 21699 18798 10170 17009 26108 23256 6150 13741 4598 21509 3253 4302 3136 11433 10491 22257 11843 13590 11975 12090 20898 8284 9646 12141 3070 10508 16381 8706 4091 6560 15206 18360 15700 4216 17667 7071 24440 18271 26524 18770 25983 10319 6140 3088 12902 7716 24472 461 19146 9898 16952 22292 550 5403 19068 6067 1899 8157 20520 19260 23072 16168 18118 23780 8021 17461 1521 8265 23695 14228 19842 16580 2471 13653 16818 4081 16119 19841 2945 26638 19411 359 24867 20837 9921 1824 17321 13272 21201 7820 12640 3968 8014 13217 21649 5207 1967 18100 97 3050 17959 23836 23085 20438 16229 16171 8865 18855 21956 11912 26606 12209 20507 14362 4448 21656 7777 4660 24381 18431 8190 9809 2952 25715 13610 19699 1351 5264 12553 3998 4220 19191 25184 14709 19194 207 23155 5045 16623 17867 6881 15137 19994 15023 10422 15662 479 22980 19070 2547 20539 550 9995 4686 26172 19071 26708 6417 13688 11907 20300 12021 5988 24596 3678 13381 8736 10491 11931 13103 9636 8615 12823 24612 26280 7841 23622 4344 3762 21110 5441 24721 14693 9408 17741 15155 8406 13776 19237 25580 11271 15702 12379 10619 5749 15203 10187 2866 13791 15303 2438 2457 3805 26265 25754 13509 21498 13182 5894 921 19945 12899 10905 21944 1178 24341 25772 22316 25953 25994 3483 21158 16364 840 7532 310 23853 20444 12971 8721 12200 15486 8356 24282 1798 22346 6816 22827 24883 5259 15197 20673 3360 22020 20559 9480 2136 540 20764 24846 25780 15946 3836 1606 20040 21909 10035 15236 11190 3148 4822 4322 17783 8229 8115 13737 10417 2302 11489 13795 18911 26630 18465 1750 5435 
