// periodic
// number of jobs
1
// pi
30
// Cycle
100
// aperiodic
// number of jobs
10000
// pi
32 47 85 64 110 124 20 118 76 5 30 97 98 10 14 13 111 128 103 62 24 18 130 98 14 57 71 62 46 125 122 87 5 57 46 12 125 90 27 40 101 63 95 98 8 5 33 18 83 55 3 90 29 32 53 49 49 11 3 125 68 81 54 117 44 73 27 74 134 74 32 90 129 17 108 86 84 46 135 108 92 54 86 94 130 43 4 114 126 16 131 59 2 59 131 101 86 137 126 92 110 6 9 45 61 111 22 86 38 135 50 57 89 103 62 113 74 97 117 123 58 2 77 96 55 14 132 119 84 91 129 18 51 135 57 69 66 48 5 1 52 136 40 27 84 116 104 23 24 100 125 23 100 97 122 30 43 38 2 47 18 40 42 117 74 96 9 61 49 109 65 80 57 90 126 131 26 69 85 133 66 91 133 84 77 9 100 106 77 11 34 122 30 106 85 16 6 44 68 74 39 89 54 122 41 118 104 137 56 78 55 78 78 77 126 1 34 76 70 14 81 78 54 118 96 27 79 49 107 99 117 15 82 35 25 58 5 50 49 113 24 123 53 60 106 107 33 124 50 80 19 62 16 16 74 31 22 19 116 131 80 116 138 51 24 25 82 38 19 51 46 64 23 80 112 66 63 88 100 21 44 111 10 40 28 30 48 122 13 79 125 29 116 101 46 25 67 110 74 109 110 61 22 83 49 10 101 71 45 65 121 136 38 17 97 107 32 31 108 52 8 84 15 133 138 135 91 122 139 61 96 63 79 17 17 62 128 99 121 129 106 19 35 123 77 4 47 104 46 23 130 65 50 16 44 101 120 68 81 88 32 41 45 32 78 139 48 2 114 80 89 76 62 45 29 29 59 58 24 132 103 67 123 55 6 7 121 49 7 70 54 52 108 79 27 137 123 1 129 30 47 117 80 128 74 26 58 136 72 112 91 109 94 92 131 32 5 96 125 115 123 16 45 52 11 31 74 101 103 27 136 41 63 77 61 1 6 104 32 48 135 92 115 40 50 132 44 78 130 12 108 131 133 136 57 7 81 51 91 90 91 75 29 75 125 48 104 8 34 87 61 33 59 81 133 69 72 130 95 78 65 127 113 103 66 14 111 109 45 107 40 136 73 125 107 69 110 90 48 63 85 29 106 48 34 58 10 136 31 99 78 27 59 110 23 43 130 99 91 96 124 71 10 10 99 47 122 6 20 45 135 30 54 51 20 66 72 121 97 8 122 81 63 8 139 42 115 24 11 116 63 112 90 105 4 21 72 85 13 111 112 20 60 71 132 64 37 9 116 37 91 36 71 120 22 80 24 116 88 16 47 101 14 47 72 16 81 8 1 132 69 100 121 109 62 126 119 125 11 69 135 111 77 108 8 137 5 31 132 98 47 130 139 47 110 45 126 52 113 23 118 121 94 93 7 108 122 50 63 13 124 109 54 126 110 53 74 20 19 105 50 106 45 89 94 109 23 3 136 69 65 51 128 63 80 119 40 61 23 81 74 94 22 2 44 77 135 114 90 16 71 52 1 33 80 107 87 42 109 13 94 29 30 86 58 96 124 97 106 118 17 105 101 77 88 15 12 108 113 11 115 20 59 86 99 58 76 133 137 56 99 86 132 70 118 34 99 80 116 135 80 24 54 115 113 119 72 72 94 48 95 50 24 80 69 93 90 65 18 107 119 42 91 27 133 68 27 34 130 6 96 29 132 36 19 47 72 20 62 97 99 109 10 70 139 7 79 8 13 43 51 28 4 3 111 11 79 78 136 113 118 52 98 36 75 108 19 48 103 10 101 19 103 102 135 99 99 39 30 129 44 101 28 132 118 121 52 54 132 93 10 120 40 36 118 116 136 10 11 71 25 11 43 88 17 60 83 17 103 22 136 37 31 91 60 10 34 36 115 133 26 116 33 106 84 78 39 13 88 109 38 59 134 71 83 128 54 61 69 122 102 86 57 83 137 19 123 10 4 137 29 78 11 131 62 99 10 15 114 45 13 111 88 17 41 138 69 86 67 82 86 122 121 48 122 64 120 35 26 111 8 103 85 49 15 128 66 10 45 1 11 126 59 25 59 35 107 11 61 45 128 14 34 84 85 65 103 134 106 92 8 122 101 117 15 75 90 138 55 110 42 136 134 106 40 10 4 120 64 128 81 12 106 6 112 59 108 40 67 56 125 58 32 33 82 80 28 51 102 127 53 135 61 58 136 94 59 17 79 54 55 49 27 32 113 65 22 45 70 62 115 122 40 20 81 34 115 99 62 93 61 27 62 23 92 25 44 117 25 82 92 102 79 24 68 4 83 109 33 139 100 18 90 46 4 71 71 103 123 118 95 15 84 118 59 18 119 54 65 126 52 41 12 118 136 93 61 42 14 79 59 1 60 60 55 12 90 131 137 118 16 6 42 60 84 81 35 96 60 87 54 19 91 53 85 12 117 53 78 70 58 139 137 127 10 123 57 90 43 85 136 52 30 81 30 32 5 134 78 108 78 51 54 30 58 55 18 58 5 27 110 97 112 117 16 24 81 127 52 19 100 107 117 4 98 56 133 3 117 17 85 112 11 44 45 39 19 86 87 65 133 37 74 70 44 39 13 30 100 68 15 101 29 59 72 44 59 97 68 133 60 70 134 94 17 75 31 117 74 9 89 57 118 65 17 93 80 109 109 120 7 99 114 106 34 80 72 31 71 123 105 43 60 72 96 89 103 19 11 91 116 127 31 13 15 96 128 3 116 4 68 78 103 52 119 113 87 4 118 132 139 43 42 49 92 138 124 32 65 47 90 79 61 40 45 74 36 132 71 120 102 115 125 77 38 83 35 101 6 2 83 130 26 43 132 39 16 61 62 69 117 21 131 104 11 29 135 17 33 15 28 116 74 77 79 45 65 51 97 125 79 96 104 65 36 113 76 54 1 69 21 30 44 7 125 49 57 90 23 84 115 129 30 74 120 2 48 56 123 14 54 69 94 114 87 26 34 88 31 112 4 75 100 59 113 102 84 77 113 31 20 80 77 56 27 8 72 120 85 37 31 75 11 117 101 38 5 68 59 125 49 7 51 57 88 40 120 57 12 110 56 124 18 84 18 56 137 44 8 17 52 57 84 54 26 82 102 129 25 39 66 130 74 83 33 50 57 26 101 130 59 39 8 117 67 126 111 48 48 72 27 20 135 119 1 39 118 39 41 32 116 112 90 110 56 51 50 69 5 4 137 79 42 15 65 76 34 130 23 52 119 121 32 74 136 45 12 5 5 79 76 130 48 27 110 93 1 32 12 109 60 26 65 33 27 111 62 107 21 123 76 70 117 49 7 20 92 21 93 19 71 123 92 74 72 126 6 104 83 50 82 98 104 10 93 72 3 68 33 78 7 75 135 87 95 54 136 58 26 130 41 105 44 83 87 126 34 36 60 115 15 138 34 89 117 102 79 88 104 105 137 120 9 96 73 101 116 22 105 28 103 87 135 59 101 92 9 86 42 35 37 55 47 53 4 66 62 16 85 40 79 1 30 92 80 55 134 115 47 89 89 90 118 120 43 55 69 24 14 89 11 137 83 58 54 79 51 79 50 57 84 24 3 38 123 122 37 87 76 64 105 69 130 42 36 65 26 47 73 69 15 94 9 109 31 19 136 23 124 17 121 62 108 107 122 52 1 136 116 47 2 67 32 5 8 129 11 124 16 114 56 93 49 52 52 82 120 10 111 32 88 75 103 64 111 99 86 138 9 75 19 23 17 121 21 77 119 77 54 109 123 47 95 113 86 139 105 32 9 108 73 52 15 33 56 67 92 116 107 71 63 5 129 34 79 88 109 24 34 53 116 112 40 4 95 61 127 105 112 42 41 72 113 109 119 55 131 64 75 62 44 128 71 117 41 134 19 102 51 60 56 81 111 15 112 52 131 90 115 4 21 50 20 29 123 110 91 65 113 50 71 7 137 74 117 64 88 84 39 77 38 61 57 96 34 86 25 5 57 69 2 26 94 107 69 102 27 119 16 73 108 111 43 93 95 59 49 24 21 105 75 4 31 35 97 40 121 133 99 75 15 48 106 32 76 19 45 65 22 132 126 90 79 19 78 63 133 101 1 137 51 113 28 111 25 31 32 106 87 124 96 127 40 92 72 90 61 12 94 32 17 107 6 108 42 28 16 132 123 40 64 53 1 95 86 67 13 48 59 29 121 64 100 51 23 118 128 41 40 98 130 83 126 45 101 39 91 76 40 71 49 39 58 103 96 82 138 53 50 77 84 87 92 100 16 46 68 84 20 3 91 134 94 37 77 92 31 60 120 118 16 58 19 107 28 112 3 56 71 116 62 97 102 16 70 11 72 131 36 76 20 84 62 63 111 108 130 11 20 61 61 137 24 65 35 118 84 109 101 43 81 128 82 76 60 30 116 130 111 12 110 138 133 96 28 69 62 92 42 28 46 113 63 59 139 112 27 6 66 116 24 25 34 37 68 23 132 78 41 102 112 134 81 18 55 42 86 106 108 42 25 123 122 66 54 60 75 85 48 73 65 21 41 90 38 128 122 86 105 7 70 8 50 8 75 60 3 51 115 129 14 17 64 13 25 51 90 134 31 71 39 85 22 52 77 81 6 19 32 101 133 115 113 79 61 100 45 67 59 88 79 99 15 21 44 130 124 74 78 135 70 69 45 18 85 20 114 28 116 119 68 109 50 58 114 35 124 123 68 58 55 105 22 55 77 96 84 70 69 1 95 46 119 73 62 66 34 100 129 24 23 97 32 94 83 26 138 108 123 91 74 109 3 100 47 115 52 76 85 82 92 41 67 58 10 36 93 3 75 132 66 22 11 71 36 16 135 54 81 64 55 35 85 40 94 21 82 44 114 132 136 131 58 31 63 114 1 3 125 6 118 128 21 112 130 20 54 61 82 55 81 62 44 81 127 51 126 87 13 8 75 89 21 28 114 12 8 13 1 71 126 63 113 39 108 70 45 100 74 104 24 90 4 21 30 101 66 19 62 139 43 80 129 28 3 116 60 55 68 119 68 121 47 45 6 127 77 97 53 6 89 36 129 116 64 66 37 120 107 4 78 80 26 136 62 30 23 64 31 69 14 51 103 32 98 83 31 79 18 24 95 107 114 111 102 111 110 117 94 15 102 72 29 41 102 13 50 74 47 115 139 35 58 27 68 113 50 85 39 82 15 12 50 110 74 117 129 51 98 46 91 100 6 123 125 9 10 53 6 114 11 10 126 88 14 53 120 48 12 24 66 100 59 37 42 19 119 114 93 87 10 45 136 109 113 35 120 28 13 70 23 80 50 4 125 18 132 72 76 112 1 136 127 28 113 133 1 22 80 129 90 111 9 32 120 77 38 116 126 46 49 113 14 60 65 120 15 114 86 3 28 20 70 8 66 82 93 48 12 75 26 24 76 70 63 10 8 55 117 55 101 80 41 119 14 49 77 133 130 136 130 129 15 73 100 114 4 57 76 5 112 88 67 129 92 45 34 93 123 51 27 5 83 56 10 126 135 94 5 112 71 121 61 105 56 117 99 135 84 62 78 22 75 19 110 16 110 97 109 59 115 139 33 103 122 103 78 17 76 30 85 29 5 93 27 19 131 13 137 42 50 81 128 91 35 58 23 66 56 106 115 73 128 14 123 91 60 14 66 34 128 127 107 28 76 49 54 83 61 25 66 13 22 76 126 83 73 18 133 31 112 119 107 64 69 135 29 43 58 40 107 14 8 15 133 45 87 120 6 57 85 81 117 63 31 114 125 69 2 79 117 85 64 62 61 138 86 68 139 15 94 20 61 37 90 34 125 119 72 114 59 49 13 14 113 67 61 105 36 26 131 61 133 13 111 91 78 139 65 12 122 20 80 98 8 1 107 9 81 22 32 69 92 130 53 55 110 69 106 40 127 111 13 61 81 1 40 29 32 19 59 121 137 55 26 112 24 48 39 108 98 66 36 99 37 44 19 47 137 101 123 38 129 57 7 65 100 64 77 12 58 97 3 134 108 95 73 77 6 139 94 35 10 10 72 99 68 72 23 103 130 105 17 131 83 61 4 30 115 61 40 116 100 8 55 1 24 91 76 127 85 34 23 134 102 1 124 102 123 19 89 4 85 136 13 45 129 107 75 16 11 62 41 70 127 57 88 116 72 110 53 24 9 26 2 27 92 18 85 31 89 71 128 139 61 79 40 103 136 105 89 69 131 128 72 49 51 57 10 96 32 101 60 42 38 120 58 47 29 23 80 31 1 45 6 113 127 65 76 58 104 29 89 112 139 121 114 79 42 94 29 3 36 98 115 120 116 76 55 2 50 82 113 120 15 82 40 129 36 41 41 128 82 3 21 63 93 54 24 40 75 113 25 57 18 27 16 77 60 39 29 110 70 124 117 134 70 131 85 3 41 10 21 30 139 13 65 39 60 79 61 138 9 128 19 15 139 111 137 43 76 119 107 22 54 82 117 24 46 79 89 118 12 34 35 45 27 93 7 11 50 47 128 116 44 35 25 5 103 29 37 1 23 9 67 29 136 80 132 29 110 113 76 8 94 59 95 63 107 115 72 52 4 93 138 125 26 128 79 128 1 112 19 19 52 73 66 104 19 89 102 17 36 14 106 69 37 16 62 115 81 138 129 43 3 129 108 64 112 103 9 24 135 110 80 46 71 48 91 118 69 120 119 22 105 118 102 22 69 51 37 62 22 139 2 20 116 89 59 78 4 87 125 106 98 105 17 19 99 128 4 92 134 35 124 136 63 93 22 20 72 92 55 59 18 8 55 92 23 15 77 11 42 138 99 58 48 1 72 134 61 71 134 136 68 30 70 109 58 47 48 13 29 135 121 27 91 46 30 81 72 2 14 16 22 53 9 55 42 80 38 81 82 17 25 91 118 40 105 2 111 34 100 22 26 78 138 103 118 6 135 72 28 2 97 88 130 108 19 3 22 82 139 115 50 124 136 33 107 81 98 100 48 80 7 125 118 118 77 56 123 43 69 39 126 20 127 112 98 109 115 89 130 10 116 67 81 78 7 129 32 121 33 103 36 127 46 112 11 46 34 113 126 60 120 93 60 109 29 127 64 117 128 96 85 103 38 13 58 26 32 25 92 122 79 57 138 4 107 110 33 114 60 64 95 55 100 72 27 89 88 13 42 72 73 73 139 126 50 45 25 134 82 30 17 49 126 126 94 21 82 83 3 2 40 114 95 109 39 54 85 16 132 76 107 16 13 16 90 138 82 94 26 116 106 17 104 58 1 65 79 88 122 118 54 11 13 115 80 28 102 108 39 83 61 73 92 109 102 100 71 115 63 14 1 99 11 122 64 42 135 81 56 133 110 30 53 136 82 38 19 21 118 36 95 101 40 67 114 19 12 40 127 88 85 121 79 106 127 88 17 98 19 117 134 94 56 71 76 11 58 14 37 23 84 91 33 54 14 60 13 68 35 22 44 29 58 13 76 15 73 26 17 27 99 112 87 132 31 84 121 30 113 71 56 29 75 8 104 126 121 36 87 43 126 77 60 93 1 138 129 128 62 31 24 82 122 12 52 61 54 25 2 43 70 53 100 14 45 135 95 22 47 31 131 99 78 39 132 82 130 114 3 65 39 10 74 36 89 38 10 47 23 24 58 5 59 108 134 105 139 31 114 78 77 135 120 56 122 130 49 127 44 95 88 13 52 32 38 44 98 76 61 95 28 61 100 1 26 43 129 112 63 70 82 117 36 97 83 123 103 72 121 134 64 133 39 130 51 98 120 111 32 23 63 42 33 93 65 37 101 113 110 119 96 117 59 81 81 65 59 83 66 112 91 90 72 31 42 81 67 87 70 8 106 36 61 33 28 34 47 117 62 87 75 64 70 66 17 79 39 35 100 88 91 4 73 48 139 42 132 72 105 75 80 133 95 20 94 9 101 80 115 55 22 67 84 72 66 115 109 50 3 34 88 1 134 25 60 2 133 118 84 137 78 134 13 81 48 3 58 105 99 96 52 28 38 24 41 80 127 47 79 29 125 118 37 110 136 114 91 128 124 108 114 58 22 105 76 138 23 137 31 74 11 27 127 109 58 28 136 44 44 91 86 18 130 12 19 10 81 36 48 25 77 69 105 135 97 108 118 91 135 106 100 20 95 32 82 107 76 115 12 12 6 76 12 128 82 52 63 112 119 101 123 72 1 104 62 137 45 112 135 99 135 54 16 55 135 128 1 64 24 74 85 49 38 73 25 96 91 112 109 43 114 89 138 117 133 132 88 77 33 36 113 114 137 19 26 43 111 35 4 36 41 32 35 1 127 47 116 82 15 36 121 113 58 5 19 132 63 31 123 77 53 93 15 25 134 120 106 133 93 106 48 135 12 17 65 82 35 108 72 72 80 134 88 92 78 137 68 69 49 25 130 40 95 106 131 138 54 98 132 37 103 33 29 130 131 105 131 27 135 95 10 56 97 14 128 4 42 72 59 2 18 108 65 89 7 111 84 131 5 16 120 78 83 123 108 88 76 122 90 55 98 99 2 116 130 93 66 13 132 3 131 46 97 134 92 88 47 20 79 45 49 65 63 41 54 103 110 106 5 121 69 59 59 77 109 95 20 108 42 9 36 15 68 106 129 5 10 105 82 103 6 125 17 18 129 6 133 89 39 118 113 94 76 136 113 49 90 103 1 132 20 67 26 7 29 113 30 48 24 2 128 61 135 102 1 73 122 14 62 129 90 20 40 49 76 44 12 42 126 82 131 125 106 100 45 111 110 56 114 68 58 29 64 23 86 5 119 131 134 75 23 87 28 10 101 41 52 20 134 27 74 36 116 111 124 62 33 54 52 44 80 96 136 4 91 12 39 11 117 81 137 120 34 45 41 116 27 128 90 31 109 29 9 50 103 90 41 91 58 137 113 9 102 53 47 60 73 8 79 114 21 32 56 111 32 20 130 84 103 76 85 9 9 95 93 69 12 102 124 30 132 75 66 122 122 46 31 28 119 31 27 71 10 81 73 84 124 30 128 22 81 87 104 38 56 124 24 4 65 59 89 44 11 113 37 133 101 131 93 5 33 11 54 139 138 120 51 67 88 91 94 56 51 15 35 102 99 84 1 94 135 21 91 104 82 71 77 64 68 64 25 122 41 79 69 83 85 28 105 89 34 20 76 23 108 123 134 71 83 77 107 44 19 116 26 16 77 104 79 87 99 60 3 122 59 73 106 34 87 3 2 38 101 77 122 37 9 117 82 41 27 32 58 88 45 22 115 11 54 77 89 66 126 102 10 131 69 41 24 26 101 20 52 49 32 72 16 58 23 120 67 90 55 18 128 12 12 90 139 128 67 99 34 107 139 110 69 73 117 126 87 77 83 42 76 17 92 39 20 130 61 121 75 41 122 27 126 40 130 90 64 57 86 46 27 90 25 65 106 135 109 121 100 63 21 111 87 107 45 122 108 60 60 133 103 112 100 13 45 77 48 22 96 94 61 28 46 136 107 6 82 134 17 88 69 25 10 20 135 14 55 9 114 36 113 86 61 41 82 10 21 73 103 124 27 127 111 39 81 125 74 52 114 23 46 115 19 76 86 108 99 6 113 129 46 63 82 99 116 130 36 91 116 137 75 89 114 119 50 72 116 110 94 105 2 72 107 118 74 27 65 36 7 120 85 54 85 32 17 133 60 8 7 107 106 132 117 59 134 42 126 80 42 94 73 113 53 2 76 68 93 71 106 108 128 16 115 86 17 136 60 83 82 41 76 65 134 109 81 132 62 121 20 136 115 1 129 18 97 32 50 47 24 44 73 106 114 23 38 107 125 118 109 29 139 77 34 23 77 6 61 113 37 77 120 111 39 17 114 29 75 73 6 124 107 104 36 93 89 116 3 89 111 52 123 35 36 65 8 131 69 114 5 134 21 5 57 119 37 122 121 64 121 94 111 91 36 58 100 116 15 21 66 60 44 92 125 129 22 138 94 49 74 55 46 61 8 55 91 129 28 91 132 75 136 89 5 3 9 106 131 94 108 10 115 86 25 85 119 22 90 13 71 31 36 19 10 14 47 29 108 5 134 50 73 43 81 103 46 94 94 80 108 43 115 104 57 103 88 85 33 60 3 113 56 127 66 78 107 3 123 27 79 73 110 43 34 79 48 63 28 42 50 70 27 16 111 8 95 52 88 6 12 25 28 120 42 72 96 77 20 7 123 22 46 137 118 137 139 22 33 87 57 23 115 96 110 12 130 50 104 31 112 28 73 25 9 10 113 34 136 24 96 54 2 120 121 96 19 84 99 92 17 93 66 98 135 79 75 38 22 128 46 69 107 130 28 20 61 35 5 113 74 111 80 28 9 73 63 12 134 27 57 62 138 76 10 28 135 9 94 72 69 3 79 99 90 28 24 8 96 80 97 96 20 60 82 74 34 21 84 58 48 133 109 101 37 137 28 67 117 45 76 130 61 75 93 106 39 62 60 80 3 127 18 25 104 108 62 75 62 42 64 65 84 134 54 82 36 12 128 62 57 89 77 43 97 37 139 29 86 49 8 84 61 121 25 84 73 2 71 128 124 76 91 92 66 78 33 41 133 107 138 45 118 83 8 113 38 26 135 45 74 117 118 104 85 56 85 127 1 12 97 60 101 115 29 132 98 135 2 71 104 12 49 108 63 7 6 52 84 95 135 59 136 54 1 127 124 58 20 38 48 99 88 5 76 33 54 93 30 55 28 18 36 126 2 51 10 107 108 105 135 73 131 110 125 38 38 17 108 75 34 16 20 126 95 102 58 108 114 92 115 28 29 36 119 74 111 22 74 2 12 22 120 88 38 99 136 115 18 95 122 131 73 62 67 128 90 82 47 87 118 64 79 69 90 132 63 35 4 115 138 62 32 12 138 60 101 54 41 132 57 105 38 120 35 137 24 43 63 76 116 63 25 113 116 89 82 134 79 117 95 93 46 3 62 27 50 11 17 71 116 42 86 97 139 104 135 134 98 11 32 74 100 57 43 136 136 86 110 39 102 8 6 42 97 125 99 86 40 99 81 121 57 114 23 125 13 1 62 11 61 106 47 73 70 93 113 125 112 22 121 112 105 82 4 60 127 83 77 40 8 42 13 113 77 90 83 88 18 127 37 51 43 65 60 132 91 113 107 128 47 109 11 18 10 5 21 127 24 95 106 126 112 50 115 59 116 64 88 97 96 28 95 102 79 119 98 57 106 51 34 42 66 103 110 34 96 100 130 55 129 27 13 94 117 52 14 16 92 89 122 111 131 112 89 77 9 7 119 23 87 74 31 80 105 120 128 57 91 12 134 6 94 63 129 123 47 127 49 47 42 65 17 11 130 28 27 52 11 60 128 63 34 128 97 28 98 99 85 71 68 130 89 64 99 81 93 7 78 118 7 138 137 62 100 81 57 82 6 21 91 5 79 39 25 133 78 73 11 133 99 67 4 80 54 34 33 23 40 3 88 81 11 32 12 2 55 81 137 135 106 6 54 103 113 87 137 103 59 134 78 76 101 106 88 135 13 22 79 106 62 45 27 94 94 17 101 112 7 73 122 108 82 73 86 120 98 113 134 98 5 24 131 71 86 126 105 21 57 110 60 47 100 8 25 95 111 99 107 118 127 77 58 40 98 54 59 81 4 58 134 93 137 101 1 45 11 90 85 123 125 135 104 113 6 117 55 51 131 30 95 31 120 37 32 100 34 17 82 136 30 88 27 5 105 73 49 95 85 132 113 130 57 122 90 113 36 83 80 11 11 89 52 29 70 61 124 129 100 94 108 79 117 90 58 51 138 24 65 29 50 98 107 73 119 32 128 111 127 10 13 17 45 138 87 73 132 139 44 42 78 52 75 112 27 38 102 86 69 47 1 23 4 129 55 120 9 92 25 90 109 29 28 13 105 117 12 40 100 123 136 35 131 82 65 120 130 113 29 96 32 77 73 126 50 73 105 15 33 62 119 76 40 127 83 128 106 62 77 6 69 114 96 15 93 26 67 9 74 10 89 91 77 52 106 2 111 122 101 89 9 116 57 61 47 26 116 112 89 59 11 6 32 94 75 122 38 75 73 134 22 53 42 136 40 131 68 63 66 54 59 17 118 82 72 59 68 26 52 71 131 37 2 73 121 2 80 16 46 57 40 62 122 100 17 67 51 93 127 79 23 94 138 13 65 57 83 99 133 126 81 69 101 11 95 11 64 109 111 59 50 6 126 69 111 101 121 39 23 114 102 84 88 106 65 6 104 101 11 102 32 23 112 6 62 2 107 45 136 106 53 14 137 3 112 12 57 58 100 13 51 25 80 125 126 15 122 123 111 67 114 88 78 91 111 116 64 114 36 3 46 101 79 85 127 99 80 92 57 53 3 50 136 92 113 129 101 135 2 34 81 27 6 9 4 96 54 79 138 64 14 44 71 36 88 102 53 62 93 100 2 135 93 102 136 22 64 8 82 94 134 101 93 104 57 20 88 138 102 27 2 50 123 11 6 65 17 75 132 42 71 42 92 101 31 86 43 7 119 69 114 93 95 12 101 87 28 89 126 61 117 59 102 75 50 79 53 107 48 7 4 130 50 49 14 42 36 74 31 73 62 115 104 136 96 91 111 66 100 31 62 56 132 90 129 92 4 52 92 135 72 38 8 64 5 112 58 61 21 93 73 22 92 77 65 28 57 79 134 36 38 139 12 30 128 16 23 9 121 65 129 37 96 104 61 73 84 58 30 114 135 39 7 61 130 18 38 112 117 25 29 77 126 139 67 1 50 76 132 51 54 92 99 85 26 91 127 16 127 28 89 4 4 116 127 56 2 118 30 121 37 58 122 45 71 10 31 26 126 116 38 87 120 69 47 6 117 20 114 52 72 23 59 118 10 22 25 110 19 13 36 11 129 107 122 9 88 38 61 2 82 124 76 46 133 49 27 1 110 129 48 72 121 76 112 42 5 19 47 138 28 50 67 61 39 132 9 119 118 92 52 54 31 25 68 136 36 86 106 121 36 120 61 57 77 20 126 45 138 53 21 97 42 47 119 43 113 105 78 68 67 60 49 135 11 27 43 139 31 69 9 15 32 55 95 125 104 22 124 89 9 75 60 85 36 87 129 110 20 9 88 72 17 134 139 62 60 29 76 13 50 105 11 32 135 33 16 23 65 76 116 42 102 66 21 137 76 90 84 90 83 108 122 29 12 10 36 11 5 91 116 57 53 105 11 32 112 61 134 7 75 122 15 60 55 67 32 31 67 26 86 80 70 24 86 98 131 84 137 132 77 133 136 138 113 65 61 93 135 29 66 110 76 67 61 79 4 39 121 126 80 123 27 83 134 9 48 81 3 36 6 46 51 92 53 27 59 118 38 94 51 3 27 47 115 95 98 65 49 98 81 113 100 81 74 137 93 36 35 12 74 20 118 78 126 19 109 11 26 85 101 64 97 119 120 61 59 116 53 107 128 5 78 41 20 62 70 69 107 88 1 17 134 114 60 107 118 121 19 10 85 136 115 117 62 108 15 88 9 15 105 51 91 120 22 133 90 67 42 33 77 117 77 26 35 88 82 38 107 124 130 129 2 44 69 100 11 126 131 97 2 139 79 8 17 5 95 51 101 73 6 45 63 14 71 118 12 83 129 62 136 54 132 26 76 134 72 106 128 44 51 134 38 34 93 89 97 62 122 118 134 136 123 122 64 24 12 76 117 129 24 79 109 18 78 31 88 82 100 48 68 6 109 106 5 82 101 2 136 75 73 30 96 88 108 122 114 121 58 81 53 84 135 30 104 79 47 139 36 95 80 110 88 35 40 57 29 122 11 139 69 6 122 118 120 80 116 56 100 105 49 60 82 96 18 4 73 27 2 123 44 122 120 40 125 110 89 32 9 138 66 131 106 126 5 32 41 135 32 31 78 109 139 27 134 10 75 60 130 108 23 35 116 89 54 83 5 109 107 4 7 41 4 5 104 7 95 100 15 133 80 58 130 55 123 73 88 117 9 117 96 117 49 138 40 51 79 59 100 24 17 121 102 25 7 25 119 87 4 44 21 131 86 79 88 41 118 65 64 119 45 94 69 17 111 136 89 109 70 7 138 31 39 9 64 96 29 23 8 65 114 82 50 88 106 8 48 98 65 33 54 87 139 88 63 38 75 63 75 55 20 106 39 133 98 94 53 89 119 87 87 129 37 71 85 27 13 49 35 71 119 106 94 55 138 121 60 34 89 112 56 89 66 85 98 130 107 20 111 98 69 95 135 8 82 53 20 81 21 116 122 134 6 73 104 133 74 124 129 81 33 100 127 28 122 138 26 120 135 76 102 94 93 10 116 40 51 66 53 12 1 76 25 1 130 84 29 125 70 16 136 95 6 125 50 130 25 94 22 110 137 48 11 88 118 97 65 6 41 126 101 48 89 71 80 66 17 117 130 33 92 62 43 16 42 133 64 59 100 32 99 110 117 113 65 59 103 35 4 44 136 64 18 51 7 111 12 139 139 63 48 45 82 126 47 130 59 61 72 65 55 3 11 97 70 79 118 78 64 39 94 98 101 28 33 11 65 134 88 21 37 18 110 112 45 130 23 51 49 124 99 14 135 17 119 22 14 90 9 6 23 29 23 97 23 14 30 139 20 63 47 2 55 18 91 1 33 114 21 49 128 135 123 23 12 8 117 69 35 21 127 30 34 38 45 120 129 26 15 51 101 1 109 16 70 137 7 113 118 22 56 122 32 66 77 24 19 78 40 122 96 18 119 84 33 18 89 87 39 24 128 54 107 128 53 92 50 135 100 48 54 46 118 114 47 91 94 6 23 113 41 79 50 97 95 2 110 17 48 97 139 44 120 86 109 48 38 40 88 102 96 59 51 73 92 26 138 79 60 88 137 80 90 30 86 118 61 11 40 112 47 76 7 25 21 35 82 44 115 134 63 56 2 3 113 113 126 59 41 106 117 34 109 32 137 6 45 111 39 126 112 70 125 42 11 11 78 135 7 114 29 59 106 14 20 107 93 115 76 109 97 110 63 128 24 58 97 71 118 23 62 14 128 101 78 97 16 28 110 31 132 103 34 9 129 38 95 2 30 111 123 67 130 103 42 128 134 121 9 113 125 73 43 73 54 136 55 130 83 107 8 128 87 42 40 18 61 17 98 58 121 72 46 37 63 68 72 139 127 123 87 111 107 127 13 134 72 14 97 7 25 74 129 7 4 28 66 82 17 14 134 129 15 124 100 115 129 50 133 13 85 131 124 131 37 136 131 29 123 28 18 55 58 119 75 84 83 29 27 19 97 33 102 139 65 56 48 111 45 43 70 101 31 99 68 42 48 56 139 39 99 33 93 102 117 74 98 94 95 136 120 109 64 16 18 102 24 92 16 106 54 135 139 32 80 51 10 132 43 67 73 22 53 112 3 111 58 44 51 39 28 11 76 76 4 15 102 20 56 86 4 102 107 53 68 24 111 22 47 61 64 137 61 103 63 68 71 107 59 106 60 125 107 42 11 43 32 69 56 119 7 94 131 22 22 123 55 19 21 89 56 8 11 15 47 19 116 63 84 20 79 100 84 97 5 65 137 131 5 121 63 64 10 21 60 125 52 26 11 8 72 83 77 69 12 36 101 72 97 14 25 114 10 10 32 25 91 48 13 1 24 38 7 33 110 85 110 121 131 86 122 135 64 127 52 63 56 13 125 17 93 65 97 110 125 115 61 69 23 118 46 14 44 82 21 2 130 108 116 66 112 132 73 11 24 135 17 108 125 52 93 118 82 50 2 71 131 94 20 103 46 113 91 50 98 105 43 130 50 55 120 57 17 2 106 86 57 15 28 55 130 107 127 121 126 31 88 4 115 112 5 89 7 15 123 57 40 64 9 106 111 64 43 108 134 99 50 68 105 104 57 55 72 54 116 112 88 137 130 28 77 96 108 28 24 34 133 54 47 93 65 7 71 43 26 139 134 53 37 118 41 131 3 16 82 21 13 89 80 112 123 41 132 56 137 79 19 48 26 56 135 53 1 18 111 138 63 74 118 137 66 82 70 21 133 94 88 25 28 54 49 5 63 29 45 124 10 5 54 103 7 59 75 27 65 107 119 73 104 86 55 129 114 44 1 48 87 39 7 90 47 137 125 106 23 4 86 96 21 105 138 57 115 44 79 137 73 33 77 68 66 14 120 120 51 99 14 112 61 110 121 12 64 47 52 61 35 67 42 57 35 72 67 107 86 18 9 35 35 103 92 32 115 49 73 66 110 1 36 58 109 53 66 80 52 105 130 63 37 3 107 134 17 64 68 97 61 45 132 96 117 30 95 57 69 121 97 29 73 44 45 139 3 105 46 114 104 96 46 20 26 56 56 43 23 50 91 139 18 6 12 29 136 32 10 31 5 83 41 5 120 24 28 82 11 59 47 9 86 8 68 100 19 17 42 6 50 125 32 17 52 65 136 22 39 46 137 99 65 51 56 79 109 65 63 133 74 81 71 14 130 92 37 116 68 66 55 99 136 84 46 79 1 8 136 92 84 126 3 5 5 23 106 53 106 112 36 33 70 107 46 90 134 58 139 32 48 34 126 95 55 137 64 7 128 54 100 135 119 107 62 35 46 112 77 97 11 11 17 103 129 37 14 65 87 66 12 106 53 70 136 115 22 66 63 1 60 74 40 93 108 95 101 70 53 26 138 84 3 79 65 24 22 61 103 108 75 12 71 64 21 136 56 98 89 125 74 67 131 30 30 21 56 123 87 129 127 132 66 51 54 73 130 99 1 129 94 62 16 81 16 127 68 125 27 36 89 14 19 122 127 42 52 122 45 47 97 84 90 7 114 8 6 3 120 101 54 109 59 64 97 95 119 117 66 66 50 86 104 23 31 132 124 126 26 91 19 110 81 3 10 53 17 85 18 15 49 34 90 54 35 2 44 22 50 117 82 117 49 88 54 9 100 47 23 89 85 13 25 12 43 31 106 101 53 70 35 103 15 139 29 73 2 69 22 43 40 25 56 111 116 24 12 15 69 96 79 112 134 80 24 60 118 132 115 90 21 42 94 48 104 125 122 77 73 16 68 23 73 97 50 87 32 99 76 72 132 93 128 104 118 126 49 12 8 123 83 33 92 137 77 102 120 14 110 83 55 67 23 52 100 95 83 124 63 133 36 17 92 37 79 48 81 22 46 136 55 6 133 4 38 45 92 6 91 92 117 1 1 96 37 98 9 51 34 19 104 26 6 70 59 73 48 11 32 36 108 92 18 58 109 139 13 104 32 24 12 75 33 60 117 134 112 51 136 73 4 45 100 112 109 13 137 96 57 11 13 27 46 28 36 111 40 61 39 8 118 41 99 51 91 119 132 8 77 35 37 98 53 52 98 63 87 95 79 10 103 124 76 107 102 19 93 71 130 121 109 26 54 92 85 123 35 130 98 62 59 98 34 139 79 111 88 39 67 4 120 113 65 113 25 68 21 18 110 58 106 50 56 41 89 126 35 9 96 116 102 52 130 72 25 131 129 2 96 2 55 30 91 128 109 49 55 137 56 92 67 13 7 102 86 14 10 134 86 119 94 41 89 73 98 24 22 2 19 39 10 65 67 74 112 19 14 37 83 119 126 41 42 137 36 43 25 50 102 126 38 111 4 6 128 62 29 55 7 39 80 117 46 67 108 139 64 57 26 24 65 20 76 1 56 64 95 128 87 139 76 128 76 24 100 53 25 101 57 63 41 6 30 127 7 109 89 131 39 38 38 18 24 136 121 124 13 83 13 109 129 88 53 15 71 121 87 3 6 118 15 62 61 21 73 132 27 80 70 42 129 63 127 13 26 29 121 50 133 21 90 38 7 134 106 86 126 35 34 67 139 123 69 126 110 89 132 74 111 80 33 73 34 110 86 73 88 15 26 12 128 118 56 44 43 32 94 12 118 75 38 52 119 14 121 40 101 126 103 96 114 8 32 18 131 55 128 26 123 10 36 47 55 35 112 115 20 137 73 34 54 30 12 112 84 106 102 95 51 51 88 24 85 82 122 51 81 77 6 126 128 50 61 3 108 92 54 75 108 1 12 103 130 5 49 124 103 126 36 19 60 135 54 5 77 128 79 100 83 59 74 127 54 111 22 37 36 121 33 124 30 9 72 9 30 25 93 138 88 73 49 51 115 135 124 43 75 83 26 89 73 72 139 37 112 75 15 15 5 99 71 126 65 25 23 74 2 82 128 136 123 17 18 138 11 65 40 95 47 113 90 21 32 77 136 117 65 61 4 139 45 78 104 38 100 70 6 3 65 73 122 83 121 14 13 51 52 137 43 17 59 43 80 100 75 26 77 101 55 123 135 43 139 85 112 99 10 53 67 117 13 33 6 86 52 85 3 125 113 15 9 45 101 131 21 108 30 11 68 15 65 52 8 20 123 105 58 79 110 113 124 116 93 44 45 138 17 115 78 139 122 2 129 109 66 34 66 74 4 122 32 79 23 83 111 99 39 43 121 69 132 93 9 35 66 88 20 77 21 76 19 79 38 25 2 73 2 10 75 56 1 103 110 8 92 71 106 116 52 121 3 64 54 85 62 3 65 134 98 124 26 135 121 39 109 135 86 65 29 48 13 19 22 122 33 124 63 8 68 41 113 82 126 39 82 49 121 78 44 77 73 9 69 61 1 38 28 46 94 122 128 30 27 119 101 104 18 111 106 19 62 93 17 83 4 101 15 43 122 91 64 17 128 129 32 30 34 54 83 119 9 79 37 69 31 65 51 33 87 51 111 119 40 98 114 56 59 119 36 115 114 105 125 15 43 66 116 59 73 7 89 90 121 124 32 136 138 15 118 5 52 91 13 35 90 91 94 21 4 10 3 112 126 34 110 98 26 109 62 136 102 90 87 9 105 123 41 104 17 95 60 64 11 53 71 20 17 28 46 15 111 26 109 61 27 138 19 123 102 130 42 66 27 88 24 102 8 117 35 133 7 83 121 134 32 85 39 110 74 26 70 105 43 19 60 100 62 104 44 138 103 136 45 91 73 85 18 85 122 105 126 23 126 28 27 70 26 134 132 20 121 124 19 37 77 84 132 40 29 50 71 139 16 134 122 129 22 83 51 10 118 63 6 45 47 110 99 38 66 80 93 71 81 87 106 130 76 101 93 70 74 48 55 28 9 132 69 49 44 120 125 116 75 96 139 110 124 11 93 23 102 69 37 80 81 59 118 89 7 55 68 1 2 45 127 43 124 126 106 85 55 66 49 27 109 25 29 118 52 138 90 114 25 69 136 138 77 99 90 84 93 122 32 1 138 2 64 125 110 12 21 123 111 134 10 9 9 69 116 27 63 48 67 118 44 27 106 16 36 108 74 47 36 107 33 18 90 1 111 62 69 12 84 14 129 99 21 38 138 106 12 33 73 81 85 53 18 126 81 83 42 132 103 22 11 19 66 58 7 48 51 65 13 77 9 135 96 86 105 119 7 18 108 135 100 83 129 21 100 112 115 65 11 102 40 100 74 118 35 2 34 41 69 12 99 117 28 64 48 41 25 76 134 34 46 18 84 23 118 56 119 112 139 43 69 101 86 95 104 53 47 54 29 63 77 76 136 115 139 48 106 94 41 88 103 88 15 114 96 29 109 76 72 84 4 124 74 86 23 58 117 79 10 18 55 50 130 25 110 84 123 57 75 34 6 63 100 33 132 84 20 63 1 88 84 58 25 105 66 107 96 5 76 32 122 46 111 117 69 134 74 25 99 101 32 58 53 83 56 52 57 64 93 54 56 122 119 24 10 8 5 136 89 103 95 61 110 118 48 64 77 89 2 72 55 118 6 10 25 37 118 51 4 60 114 49 104 13 139 18 59 31 115 54 56 131 12 58 92 107 71 73 69 45 127 87 139 15 121 130 59 119 131 115 99 36 15 132 106 61 120 91 125 72 24 62 33 62 31 98 104 130 17 65 125 57 132 19 86 116 103 13 87 80 40 122 49 66 14 75 136 76 136 112 114 2 95 76 25 12 123 38 101 110 23 6 109 39 127 81 98 51 35 2 56 95 24 97 116 118 42 114 66 19 108 27 125 8 79 60 60 48 85 59 39 60 138 54 139 81 136 42 114 23 17 124 10 56 73 58 98 115 85 22 61 18 92 5 3 37 5 65 109 113 69 68 63 120 57 124 40 19 4 101 8 9 107 90 7 118 84 138 9 25 114 94 19 21 84 45 87 81 50 46 88 17 40 129 88 81 47 85 111 53 81 19 78 13 66 95 74 49 22 73 96 104 129 28 112 39 97 111 76 3 42 88 106 54 24 49 78 61 73 108 11 25 36 10 95 97 106 16 87 119 11 134 66 74 15 108 131 2 78 93 103 96 61 46 27 46 13 50 53 12 69 47 114 104 135 69 26 21 51 119 41 35 80 91 139 139 120 40 13 50 24 50 133 56 75 67 15 39 135 1 108 82 7 130 20 25 121 8 60 40 69 60 109 83 5 49 48 136 45 69 66 73 5 131 82 10 133 139 134 97 138 1 110 98 20 72 31 16 15 10 126 26 103 119 48 86 115 122 44 97 85 29 35 105 56 33 82 37 18 73 17 104 34 36 92 138 52 9 41 111 105 78 134 61 40 107 90 103 119 25 24 37 79 45 128 100 130 41 55 94 28 125 122 135 104 94 116 94 67 97 66 53 127 23 75 5 70 77 82 49 39 19 90 24 40 20 38 20 126 139 106 92 75 89 99 107 21 25 16 138 89 21 135 11 114 53 128 42 10 88 67 69 116 36 117 135 130 60 107 83 39 37 70 44 18 96 134 118 110 87 21 55 51 37 77 122 7 24 67 82 43 79 33 127 74 13 17 94 7 47 3 138 113 111 118 50 33 21 66 111 71 50 131 31 12 61 18 131 86 114 109 92 6 15 17 42 131 90 117 98 127 43 25 15 24 94 134 18 135 26 27 71 39 104 20 92 83 115 51 125 76 81 64 73 2 68 106 120 74 92 109 73 101 17 135 83 109 49 24 14 93 121 132 4 92 75 74 50 3 42 65 12 24 73 102 69 35 98 47 79 129 94 104 39 18 106 23 123 60 13 44 20 97 59 57 21 39 1 26 95 33 25 49 29 96 105 41 91 106 24 20 74 36 93 130 82 93 27 53 34 41 128 66 69 9 9 100 125 120 13 42 78 80 131 87 117 16 29 36 51 23 102 100 112 44 139 41 29 113 117 66 115 127 98 119 90 12 112 124 120 82 19 103 8 36 8 90 66 99 18 106 112 50 21 56 109 36 58 88 31 41 56 111 83 60 28 30 97 3 67 104 59 48 121 131 27 17 23 128 69 39 29 67 4 74 109 39 75 116 27 90 112 41 13 102 62 98 139 45 40 132 28 17 109 85 72 111 8 108 69 113 1 29 10 138 81 130 3 22 99 52 90 17 92 2 52 12 21 74 96 125 33 52 33 30 56 1 89 21 138 58 43 23 83 87 50 11 47 64 118 83 45 41 132 45 61 6 50 10 94 96 126 46 120 21 65 98 47 40 89 81 21 86 105 122 82 69 14 106 12 37 19 108 44 91 84 128 31 68 41 31 7 50 133 135 116 77 126 8 128 73 19 50 99 43 19 78 81 28 137 74 71 131 36 62 1 15 16 7 111 108 89 123 87 12 137 20 109 114 7 79 88 8 137 107 7 51 39 7 126 113 136 91 6 50 110 29 32 50 82 109 32 26 101 132 116 68 63 117 87 119 136 63 102 80 35 113 136 80 4 21 73 58 81 109 48 95 85 17 117 122 20 87 126 61 52 110 133 124 50 6 128 33 83 25 94 35 27 96 81 38 47 71 134 70 14 78 116 126 78 12 97 76 124 3 46 109 130 91 124 79 120 72 42 54 25 84 103 92 27 133 100 49 5 59 81 52 41 22 76 13 1 118 117 138 11 80 58 77 58 9 65 103 114 49 51 100 86 38 83 15 70 124 80 129 59 17 89 100 118 79 47 17 49 24 129 79 137 6 17 137 43 5 74 123 7 104 68 96 7 91 130 107 18 51 110 98 94 124 84 25 40 80 17 123 43 83 15 43 94 116 99 123 136 61 80 108 11 20 101 38 129 22 53 50 67 56 102 7 69 85 74 120 4 119 42 73 41 86 26 56 82 16 130 117 138 97 27 37 137 117 12 81 120 72 47 111 45 79 54 29 127 78 25 58 50 117 15 115 82 59 126 52 26 34 16 5 100 47 131 27 114 106 132 22 94 137 48 90 121 30 124 76 106 62 28 117 98 28 11 78 95 63 63 47 73 81 121 15 77 30 101 41 106 111 25 18 122 48 78 30 3 65 91 108 131 76 104 13 22 83 89 83 137 1 115 44 88 115 122 27 136 14 58 94 18 105 128 28 110 54 123 70 88 94 103 99 92 52 58 39 96 10 21 123 39 55 134 59 4 41 105 44 124 136 89 128 16 15 127 139 122 136 83 18 77 116 28 133 20 69 23 95 95 139 81 77 92 42 46 89 83 60 48 121 46 9 130 14 18 11 55 104 120 127 19 91 42 5 80 133 101 65 74 98 101 65 72 136 82 6 69 123 66 24 44 39 131 88 70 127 22 95 114 75 79 79 43 129 73 4 114 34 92 
// di
44505 21755 2 67010 41713 40620 1319 27377 13329 26238 41077 40455 6896 55016 57240 60042 512 67436 23237 69788 54308 38239 63710 16774 40164 42757 16296 59953 32618 45558 21628 41064 67395 58508 35628 3436 67006 32403 35156 34140 54879 46939 39800 7810 63080 9912 24087 48896 14223 9397 15611 68765 26518 64397 9158 30711 13336 18206 51322 2075 20991 48003 58407 55889 44786 2516 26132 68302 38807 59974 21214 55999 16137 25134 43318 15984 56614 29045 56033 20621 45511 27587 21957 45434 58417 69609 54036 69448 69662 3985 54194 47420 35209 65261 42415 5054 22823 47601 49325 20167 34022 51017 14224 49616 40661 30185 2483 46247 42080 57370 44716 48996 56074 8025 52559 63043 53579 4473 40080 11690 43252 42307 25885 64076 47800 9561 63634 38572 49844 30640 37072 26401 11767 598 3304 52266 6542 25770 69861 39348 439 69780 26211 8958 11249 69175 52603 65996 30339 51248 6272 15313 29976 14948 14773 12289 36673 394 46044 2037 22922 10127 41693 32769 57749 45026 12293 39838 65533 53096 16940 33692 53689 38724 42500 58517 32360 43408 31814 61257 1400 38311 62420 16661 35091 52512 36729 550 17649 12415 45356 61670 58572 46605 1112 34506 52574 35718 61145 68328 58407 337 22279 46 5280 15942 48828 31890 42103 51436 67461 34838 32536 42383 49478 36348 475 33568 49584 55720 27544 41599 2597 65528 56291 54245 58091 3265 67787 22435 17257 59422 6457 17353 1755 26070 6340 15330 6672 5314 2391 50439 30767 45658 6 53232 44966 57929 22274 31244 30980 56476 645 41046 9414 60315 863 1922 18820 21527 15909 10224 9878 61906 35725 37101 57686 4754 30018 68349 32444 68790 20668 31601 9521 5208 68107 29514 20932 67897 41752 19416 64762 32950 4969 45127 22473 3597 56091 6522 61705 45734 19430 12333 15392 33604 29262 57687 68858 62559 11742 27816 69878 21578 58957 29036 69854 21779 20457 50842 34436 26189 53807 57417 36835 48880 68070 50206 56274 6083 22336 40044 59816 31090 21508 55564 64078 26795 50564 65325 7509 62349 36154 3294 16611 36340 14306 37549 29630 52917 26419 63123 25166 32643 64682 57176 5977 33927 51959 54587 15126 12263 46517 2372 55842 69318 3083 43682 14142 28871 18787 1966 49287 37877 13390 59446 16366 6409 67776 65730 15703 9562 53917 38220 39712 11095 16859 84 27377 64286 16837 20646 8419 30540 29519 12725 13483 65172 45330 25128 18843 49793 34713 48091 13263 50941 62551 30840 41828 46085 65152 4889 55422 7772 47076 17182 67857 10975 22463 57006 9625 49172 40197 64752 54165 36888 43290 51577 3072 54088 27062 6343 64237 40853 16293 35524 21600 43806 25604 48961 64252 50818 10320 40115 50230 12069 34886 13753 31322 65220 32578 41322 13117 66537 1152 68156 35692 58619 35906 29871 66151 11070 9998 63222 68697 26611 41937 40128 49021 33270 26426 41399 69137 34718 36400 36203 23050 11200 27705 46119 32696 36102 18502 14424 66309 52047 25812 6130 46257 6714 68555 30593 56817 27397 64020 48228 37388 48607 32682 12141 54653 42091 67013 61649 36876 19615 40386 6048 28398 15371 36384 66477 67795 57669 44936 43341 67617 36405 8885 33123 39867 42789 48298 39642 7838 68381 68972 53467 39305 6860 63486 65831 632 64394 45615 45337 19422 50219 49687 3334 10618 31878 42327 1731 62584 31519 31434 4032 39968 63795 23806 10648 13800 2328 28981 54264 61003 48788 14644 12823 4121 13779 49753 37741 36187 2472 4649 4898 46703 40144 11048 64002 41123 32710 54487 24589 17364 65771 42547 2702 18754 19185 22484 49077 19290 36826 45287 42671 54848 64365 66629 58769 53439 21766 8110 61633 42631 43543 40813 26790 2921 17845 1352 65302 63633 38497 49879 40174 29436 52585 60992 13240 4518 7447 56407 63193 64638 65646 31839 34643 18631 62691 34488 15285 43157 61920 1386 28796 62049 1634 17541 25122 22891 47677 57548 61835 46163 1650 27229 19995 11249 30605 14990 59373 28616 16647 66543 38551 51818 26146 30522 36336 51899 43824 60238 56054 2511 14052 28666 6072 10745 17671 6256 19167 55414 55392 51586 48053 2075 1139 10132 58656 59944 32244 63293 18889 10219 23436 14130 39365 22097 15019 17698 3932 34449 9754 65642 52839 14324 43839 37727 47628 19542 9999 5546 3543 59968 8339 32068 13503 30894 24444 2001 5417 9684 52100 57438 41506 52293 1188 18427 38599 27723 2051 32514 49947 47875 493 1987 67522 43604 29378 6060 3177 13142 53105 62045 2815 49630 28464 11177 63339 54807 57680 51811 38401 12838 61362 65707 31704 7040 9400 16099 65938 11441 17089 40553 3853 24357 44651 49003 64192 5230 36628 54983 56585 27131 57238 64721 43271 17782 30496 17553 30940 57175 51071 32058 41091 61152 56289 19970 37989 37626 65745 69912 33359 9305 18947 69311 48716 64940 4445 15366 56811 46110 53561 31607 14354 42133 59313 31986 2109 67888 1465 43734 35310 31168 31955 43008 24678 32477 57669 40351 68165 45802 51931 25961 14705 35603 55052 32518 10022 69251 26152 48508 57317 67310 2237 61867 55091 28291 50322 36987 46588 38978 67102 11050 10533 8184 43383 50726 36104 58511 53998 56193 18457 21840 48757 45098 14062 68994 13564 41188 39761 42098 66089 2189 66058 4089 66811 32120 42759 45916 43242 61988 65292 60541 40313 21050 64223 19862 40322 9803 46367 56063 34584 3467 4394 29752 34131 12577 59097 68236 817 15879 5673 24274 64651 48252 57599 8054 16952 5792 58191 8780 32283 56047 57299 23390 52552 16594 34313 26700 43018 43337 8129 42428 11509 44579 5819 69980 39362 25541 68837 25809 51569 33513 14228 46850 42337 42035 61852 36325 37085 39566 11643 10332 4334 15877 32182 12677 50971 5037 26575 7618 50635 6922 52563 26558 66082 52262 29605 40325 41491 68926 34750 22961 49166 49497 60288 26174 18913 15833 49434 37117 54561 42714 22595 3629 69198 23534 29864 33995 63595 19861 44213 54071 56204 49325 14970 25562 28293 39708 4156 55140 66529 25398 36657 1287 14798 56744 20369 67138 11521 15908 5685 15935 66680 64021 27491 26107 44912 29240 69240 61088 46597 38555 39612 44835 7949 4597 20378 49325 45025 49953 54959 46382 65786 69522 27694 19414 5369 60721 55661 47922 55339 10065 62700 57028 51704 3699 52092 3939 49520 23219 61887 43014 41346 36008 15838 24462 613 51801 32097 69511 42842 13754 58882 37106 1907 19426 43736 59972 39550 60005 31915 31380 42577 27993 44970 40949 52020 26389 56328 57896 44543 56808 10648 10493 42580 24292 8603 11161 36797 35093 55930 14346 30283 58144 46035 34130 56634 59428 58921 21414 42262 37193 65425 40684 30280 25315 9534 2675 57846 40550 53008 61954 47069 11844 40423 44227 552 69373 18770 32589 50285 15912 7647 14436 35907 34370 14218 52173 30802 54716 41863 35719 282 562 30956 1155 55887 49002 24229 52167 66564 44343 9023 44420 47631 56030 44183 43849 34103 47998 49505 3345 25610 67747 61093 68197 28721 55467 36177 34463 3236 26540 43847 4499 29790 13264 56612 1205 18304 56442 44463 49141 53597 62822 20206 50690 28883 36833 30890 52910 24648 28952 63511 59045 2388 62564 10245 37095 82 19005 27952 30795 13463 64722 55198 36387 16833 41315 16662 18373 36963 69037 30355 67330 28933 66549 42148 52400 4202 44923 18328 47945 66148 48071 37136 49944 6225 32222 43378 27217 19609 31613 11108 32008 855 20207 2157 66179 35621 1945 34107 2160 50287 62708 36103 7714 27838 34038 66576 41854 39156 43840 11850 31937 52245 11401 1118 37573 28585 40704 35270 56741 63955 28322 58960 16200 69091 46388 4624 39409 22438 68784 16508 67516 28594 4500 64548 41473 27204 55014 58039 13723 28755 61437 18157 14816 6270 44477 47227 44408 5053 55548 21225 12375 48393 14341 7241 22780 346 47564 9207 14638 68560 35444 42226 9590 66559 68572 66128 6063 27498 18411 31214 40540 19319 45483 7000 54061 1659 15275 29260 14687 27711 66357 50676 62418 67945 60598 18916 2485 25846 64968 48963 6717 26881 18571 12602 17147 1275 48005 7574 27949 53312 49247 35062 30880 5609 52434 44262 59270 64386 7088 58014 58412 35753 37125 59504 9508 20940 24168 9429 22824 46315 58248 36604 41157 3170 8221 36155 8540 8603 15886 41553 47975 63543 16686 43168 13786 66348 63929 28159 34622 26825 38223 830 4118 44843 31010 65557 29442 53142 20230 24522 691 9927 23765 47267 390 14268 3269 69002 51999 67775 35108 5744 55973 11777 21628 26001 59000 21031 42878 26496 12808 54821 7300 69112 1950 16067 66986 14267 30873 8469 48099 31410 59530 60113 47537 32490 47654 68841 55258 8701 27382 45551 36843 35936 18955 25876 59536 32620 66405 6556 68895 53256 32674 51378 54259 48652 43567 5183 69000 30363 18131 55354 30101 61480 48158 15141 3655 67209 32499 31807 44043 67314 53572 59304 44668 42852 50764 67997 50488 14926 65793 10090 51180 53575 143 34593 35029 56138 3919 5721 53307 14374 46922 23050 4100 49243 18990 68518 48587 40 132 20822 15487 31466 3273 63310 23360 45912 21870 64097 40718 59385 69009 8308 15444 54282 52056 41258 4732 22147 69297 16319 10588 53329 15841 68909 64718 2791 55779 41008 64445 37219 61040 46320 13948 50401 38006 50162 69136 29785 22689 5361 50974 45454 41880 60464 12809 15954 62343 40894 15826 32253 12014 43910 22293 4018 10723 52691 35128 27604 54066 54632 399 49094 19371 38842 18933 22865 47700 29222 59170 48341 19711 66564 12524 66130 5517 39628 25864 21564 9180 59683 37437 37352 40774 8481 4403 2970 19019 36619 32777 4759 26704 59181 18750 10835 28265 41972 62539 11960 30393 54824 21655 50056 18560 14968 41151 59971 65125 22049 27404 46214 4469 3778 6581 6402 51957 8243 60539 25910 48183 6685 64444 28449 30498 8546 29867 37495 63706 16512 19880 46133 64538 14098 4008 32506 55291 56539 6729 15739 20646 69238 41523 58021 53965 54553 45965 12288 19864 5191 42310 25179 11741 33691 68769 4310 14144 62284 33310 53971 42123 27184 57469 2592 7242 60754 15484 45656 37231 62313 56766 4185 64812 27888 30385 33653 41031 28803 67163 46307 69052 1538 63831 21469 42854 21695 64372 40323 32693 24783 49159 1668 68493 42363 18949 35077 37878 13403 38646 50264 67658 32533 8694 16843 53014 18332 51057 68037 15028 45031 65044 20821 67968 47706 23879 12687 15078 11734 16626 44433 53852 38298 22879 65541 41263 5640 31390 52150 45954 67198 66571 50828 48586 50371 7718 7102 26878 61781 21635 32456 30780 57517 54963 54685 56728 3323 48649 11967 24083 34594 5641 66699 26508 52859 59724 9823 65783 49616 45001 46720 17219 29628 34039 18109 33898 30238 45748 23621 2378 5106 34110 7704 3694 16678 39372 28166 42967 63308 61224 61217 59605 58104 24370 35742 33961 59874 44349 21178 46030 35899 62840 59779 11844 2040 22530 31318 59087 59152 9646 66072 42093 63538 61594 35184 45800 18627 33118 58960 19321 19418 26397 44431 14439 12431 54167 17687 14459 263 46004 60155 61288 40002 39689 18801 66156 60354 58658 26107 62418 27556 56792 57 27986 45921 64753 49603 1221 62900 6485 31898 31781 18576 1438 45576 56277 52159 23005 64669 43037 61959 220 36464 6094 21318 53759 37419 19300 39187 38938 2089 64987 66883 39285 24407 37717 21688 66589 23395 18816 16998 24869 15277 33542 65915 22881 53642 19906 57565 34979 10413 6435 46777 43170 7435 24626 44335 61324 44694 16590 8725 30981 28357 35527 52903 9962 13179 56709 60284 57804 66470 13562 241 33487 3740 64530 41536 25688 6654 45382 33762 56190 52775 42698 49032 18401 29533 15715 38882 45776 65186 47469 50025 46775 40986 11197 18164 53906 57574 20252 42564 35299 24320 68289 58990 4498 15092 44049 30496 55897 68980 2613 12567 22492 30396 49172 26368 60191 52331 39608 17249 11668 54644 40942 20084 65029 29723 11624 13129 53767 6272 29243 28897 884 64428 37607 54699 9603 23598 60157 39675 45838 48708 63758 31986 31990 41768 139 57652 54036 39149 53155 15410 66584 12826 69231 59792 35915 33069 27450 14638 28885 8194 56474 36748 62814 8601 58947 35882 39168 15901 3146 45637 31350 29305 39542 43401 22257 8336 57270 56563 25348 42635 57126 34794 45020 30363 26481 21420 63725 40011 20766 18317 55736 22717 67700 48808 22372 42711 1020 53227 45018 26216 53833 27485 13857 43381 30940 23576 6897 2165 27570 18224 45185 62919 66315 48657 47800 47035 55785 67106 43608 45541 60941 39092 21629 50698 47094 5352 33460 822 29041 12780 10599 7187 24853 59038 11078 67484 55342 22780 42057 69189 46256 13741 29411 18810 35165 36523 38079 38224 22300 54817 34761 25326 42467 10246 52322 63894 52557 36274 69145 28562 14783 8170 41439 28474 68186 48648 68918 64807 37372 23765 18590 18426 860 65249 42446 3164 52981 63470 54609 17634 64608 19980 46839 20015 51674 59962 3688 5779 36496 35895 49966 61122 19914 60929 312 9354 22703 49543 16289 69659 35817 69137 67149 15086 30776 13955 552 7808 4016 51086 65568 12622 9220 34776 28528 30003 29836 6027 19447 63427 24189 14926 57771 57171 26533 39678 959 15634 9067 46560 55915 52760 44850 58837 53205 52818 38443 51751 22605 20657 68346 27491 62050 54436 10960 38745 33976 25500 10421 1554 25538 68514 31090 55662 53626 51035 20625 15564 50211 17789 25153 69427 20097 54081 52134 68486 68190 35775 29276 60470 38375 23975 20683 60597 20048 5403 55457 69887 38904 2289 25673 27647 12195 38237 48439 12558 4340 16850 16676 13319 17054 2233 5160 18521 18921 61369 15851 26523 46888 31731 26585 44505 11399 32943 53463 2200 52311 17659 31471 9114 34098 68729 32087 13181 39758 21241 47299 57664 58280 66843 2178 62875 44220 55955 47488 50453 56485 39064 23718 10926 51995 12658 41558 14985 21926 55037 5961 64111 1850 15846 55219 50509 45285 35610 34951 25914 15243 42496 17567 43254 68901 9092 3006 43340 14669 30364 32681 63735 28242 39348 39065 68554 32134 47262 58904 48308 35827 45359 38181 68808 38975 44440 61718 68958 31186 55601 11189 58147 17996 29755 59997 32457 15072 52468 64889 31826 47834 25367 31237 58827 21030 12497 57873 56395 45985 57902 8860 41355 12335 60027 61257 20899 36135 11098 21829 23124 8949 28857 46271 17517 21710 34818 41125 62414 51385 23842 34675 6271 62684 52752 866 69875 32035 49546 67386 22472 38358 19352 64201 33474 67858 28970 19916 47586 60029 25452 52680 8116 45259 60078 40351 26736 54506 66522 47426 27513 20638 14766 51846 23934 13364 41446 2869 67560 65769 60613 52021 33520 67707 11966 61482 65186 49543 15721 13420 31932 14901 44120 8103 17134 56880 14201 68855 46918 18487 27608 8008 12736 36195 1478 34483 6132 38130 31379 52746 56512 44181 3631 44803 38348 32928 3861 5645 48394 67685 57647 8089 67034 18329 955 53236 54315 36025 52469 34080 27389 48837 10653 60377 56314 31071 14895 43387 7915 3459 46347 50653 47720 38549 43375 42156 45284 23459 10641 64142 35077 48484 19706 18392 28885 67475 54680 51784 21645 15712 8116 28063 51207 41220 2015 19741 8160 13805 66584 60433 64799 58391 42924 2351 23419 20659 44107 36345 17768 42985 65486 2200 40712 5694 28552 28922 33758 68150 37321 12718 39146 17452 36055 58800 9267 42458 40006 38795 26154 67312 9200 32390 32880 36408 60571 3114 60116 6263 61279 64211 24865 33557 40057 24774 41084 46744 59001 11646 7710 23088 27540 59009 45664 21414 16740 60138 17121 2331 66656 1471 69936 6720 44901 15772 5212 3635 36758 3773 20013 8528 65875 52097 51517 60750 40901 66652 63563 39563 879 45374 64451 8210 39603 21541 48965 46986 19254 54234 9623 20609 32261 28316 68977 40387 35340 68509 11097 65130 42719 1545 36703 54647 5031 1946 56711 33711 39730 61995 57463 34753 26894 15373 2323 15319 6943 32944 21071 31970 11647 45546 3863 44184 44646 43539 65050 50495 23470 52544 68443 65088 48828 55794 17692 31941 27485 11496 31953 64212 21585 29414 4622 63516 29043 25222 41533 28754 38942 38869 56933 36426 20069 33871 22369 39686 63620 9361 29240 9884 65379 5699 47620 22602 21747 11806 46449 9828 48961 52538 40830 37633 69904 3242 32599 1636 36238 37923 23606 65514 61665 65212 66453 68741 48217 31338 7241 66069 7900 9309 69747 62444 47114 65834 49275 57497 33229 58518 25152 21529 50719 1527 47548 55596 18402 23035 42280 20117 63106 42150 10235 9963 68070 57899 58744 69370 52191 16346 50513 60295 48226 42113 58704 26154 49301 39067 41156 23556 56118 60631 65406 6545 37622 65006 40047 41153 10051 18653 43313 18940 51495 60521 34465 37673 57891 7819 67027 15567 55870 67252 67561 48269 7504 2432 3175 59658 42138 63340 1026 16006 14477 61914 51092 61642 10718 28431 39903 1965 12375 65106 21587 49686 68981 31883 13898 28802 43208 33006 24101 3880 49366 43844 36487 8141 19100 26856 61139 67026 60443 38105 35412 32375 39604 27879 3361 3875 7287 9562 37083 38069 30383 41927 15827 31320 68387 64610 26218 13224 22505 13155 47182 66173 39744 36809 9781 39112 24143 56837 50843 33374 2586 3922 27695 64953 17750 53356 55769 21961 9656 45045 39114 64287 25930 41051 44228 33976 37560 35064 41346 30276 68809 24822 51966 60113 68473 20987 37247 67996 21931 27448 61103 39964 57810 27009 28554 41889 46842 69791 45827 43145 4523 11695 5052 34246 31927 31038 11097 68681 27844 52526 16061 44030 26129 15720 65816 14220 28609 41581 18696 53000 58346 27351 36321 28921 16307 47976 35251 55660 51128 14517 53630 64167 15588 42977 53853 46624 29438 65782 26920 59790 19894 1944 23542 10150 1930 30779 60195 62344 65715 2756 23969 30734 12250 13099 5177 113 35344 69863 62821 46028 4196 45028 11189 26812 46873 17416 65483 5260 52942 16266 60590 24973 53812 22338 67231 17992 22754 52736 15469 8832 20073 34541 38516 31706 8836 45311 6720 40542 42348 39762 53949 58907 67576 6459 33510 10020 43350 28590 24951 43025 31950 12156 52530 44570 53851 24185 53376 39247 60464 34521 60819 6935 11757 64017 69624 45251 27635 69423 28828 47023 65390 3615 50231 18634 56237 1608 54297 66600 22402 2394 48121 51544 36994 44188 3969 33556 38087 46218 32729 64078 21498 15745 28672 53486 28235 6000 14615 17404 53151 37462 15901 35482 61547 55622 46643 29894 8076 45588 59148 24234 58445 30315 15744 69936 30499 26530 56348 50355 61192 13728 48947 20760 11553 5801 66537 40166 23912 4424 9783 23319 60573 25224 17822 29712 60578 46344 29600 3799 15669 39694 12128 26994 56508 5278 29463 22519 23087 864 20831 51672 31333 64921 42344 7858 13703 40886 20605 10307 51456 5340 16441 12782 15569 52146 53049 66998 43145 21873 47611 37341 50799 26118 58957 47326 28635 60777 66688 24248 28370 7248 66023 20582 15050 3744 32539 39170 50157 10751 18180 43899 15663 45281 16427 56454 6585 35750 41455 36817 62314 38252 42682 30587 32274 68126 59454 53429 30529 69924 57429 69381 38393 28234 26631 10806 55793 6092 42946 20014 48158 34126 58973 43802 57333 61478 63735 22115 33104 29188 54162 11317 63417 25567 32549 19578 32880 6606 5116 9226 21900 17524 59182 50806 8114 63351 63717 12430 55192 56949 17690 37856 52511 29461 53952 58191 55729 58205 61004 30537 9877 46259 13119 5354 50272 41112 12119 38819 3056 57630 35136 3901 43255 13459 5522 19073 27604 69371 65574 45437 39572 64875 65086 42453 62094 18580 38261 31925 31848 36633 29658 24559 51859 33729 39375 36505 48847 24045 8435 22641 56455 23458 3186 14184 2901 44978 8028 53017 60721 58225 58433 51579 3852 13825 5791 55407 64535 39120 55321 42130 7335 21879 55576 49366 56300 12471 41435 18584 35710 63870 630 19165 63245 30520 15960 47619 64274 42516 33418 63735 42488 32913 64305 4842 59676 69549 32025 46161 11274 49166 42910 21427 20995 57335 226 56784 5810 16529 69551 58936 49045 2199 66343 63970 44413 35666 53541 16270 28225 63080 3793 50267 24216 45706 971 46347 37207 69486 33866 29178 46859 39784 22743 6723 36064 35030 20447 27347 13554 35610 7899 55801 11368 8453 59564 60900 51767 5666 26225 48582 52089 65820 26508 39 5748 39745 64047 5098 23545 35049 55299 63338 59769 58171 18300 49498 32407 3572 24990 22540 68294 14238 63346 10138 63915 39285 35975 33289 65531 19613 49944 9457 36828 29931 50253 57115 45294 57683 53055 28455 17196 63851 22207 54278 54606 30236 52031 27956 31370 9221 33967 34148 67566 57412 9693 39879 5575 20136 52881 14648 67294 58753 26278 20193 64820 32935 524 43494 5556 59516 29152 39646 40423 50851 33359 10678 66230 21474 15024 2338 25819 68437 63354 48944 41263 13782 69556 65848 6787 45224 51213 13500 65841 7850 53313 63012 55579 68390 27296 13374 48811 24773 28469 21538 24051 3580 52566 39571 41944 50278 24748 36193 25948 50810 63379 3903 25037 43981 803 39515 34438 23378 4240 37279 66171 15520 9111 66252 32004 11709 40245 69473 58876 6907 44833 1296 24993 33996 36724 1975 3977 10999 27150 16695 17710 9147 22571 37207 53869 13685 44258 54003 53662 12165 57106 9280 41577 52705 30582 13198 16940 38518 6559 39605 64833 34927 15619 63130 26466 28594 14868 53048 32359 35855 7483 43835 5424 51823 59155 2137 14671 29433 12851 22010 8319 57514 62757 23324 56060 52016 17459 17764 69233 42012 16013 26479 46252 39575 1556 22847 3607 28190 42876 28382 55998 29377 43176 10201 25997 50845 28181 15075 44839 31690 45964 65508 20053 59421 31592 11943 68568 12613 57345 69042 53648 29681 54569 32744 56730 1458 48851 59354 38241 55249 16439 66607 30322 56067 66888 60848 21309 12167 19254 57863 9593 50631 62047 36835 43125 52608 3339 37737 1580 9195 23342 33507 69315 41148 53734 65729 28039 40043 63307 68010 13403 48641 33511 7151 52518 13344 8692 7606 33104 27725 48511 23926 7528 18659 60499 15194 7796 58316 53970 52524 28956 30839 62955 43076 16609 43461 52673 69558 31189 17585 45784 19640 4366 55838 12848 55744 69163 56348 27286 35927 4411 19610 46100 69744 40099 8372 48651 11727 69359 32579 15227 24653 36986 1159 19422 66065 13934 51513 1810 17417 56715 29176 33760 69287 64005 24533 21419 12194 27380 63500 45284 17835 68909 53697 57181 12428 10882 60532 65329 7584 46066 48210 69833 12041 66368 25799 56359 65786 8749 38431 29507 49391 52388 58678 2233 27568 54518 62463 3004 17835 44642 47865 68858 42987 27388 67862 14120 4754 14141 26550 65567 62289 38872 12776 22636 68418 60522 31110 2474 12664 44022 31328 62364 64058 20865 30498 36819 43343 15928 65944 35369 63010 47565 1772 8853 10844 47622 17829 13939 46498 63959 22947 13907 41796 6399 431 4356 29581 61949 28372 10109 17854 33156 42463 31923 47716 26117 57376 29426 24146 40356 3787 18530 15118 18328 13339 40993 43156 6635 8261 23296 58613 54136 3842 6729 55497 7119 37146 12336 534 45177 26722 61163 3593 23713 39230 30362 45336 6249 32929 40960 46405 59171 27482 7773 42460 20586 50203 20291 55372 58509 7943 48582 42370 63083 18616 48820 27124 36908 44903 1924 13413 20501 18780 66767 39650 21584 54641 54060 29112 45930 59121 50429 44119 18863 35323 69798 12080 49094 22153 51648 18480 30321 67089 59603 5515 68 45492 10073 10571 45622 53300 54583 14528 50187 27986 63869 22302 26553 34406 39261 50903 14396 11398 1394 25970 65081 24108 65602 44142 2313 4513 52570 30934 21270 60414 65979 19503 63275 49202 63723 54565 21543 15165 26137 23513 63252 43028 35439 51708 67436 24379 1223 24315 9296 53873 26632 26001 54281 33945 14192 12307 5342 23660 23946 40307 35241 1145 15210 41362 20663 44294 63310 56070 41435 68467 34447 35522 48684 40338 32273 22840 56710 68990 68382 56950 12633 34473 28208 43655 3560 3829 16123 20235 13630 2992 24953 36305 59241 17920 37789 12039 2628 59830 68747 47366 14568 46789 15130 67113 17352 49652 5454 22923 55113 68965 19845 14357 61618 45850 61669 2843 29955 39534 62662 68036 1822 49868 19518 67995 3602 53536 58396 53465 22849 28216 23856 36543 11051 10761 12783 58355 62865 21119 49814 10456 68238 1976 42562 8858 50236 4782 8773 784 13418 35890 36051 28244 45180 4301 51970 27977 19643 23785 14081 33979 24616 6055 32617 34094 51668 59177 10131 69033 51936 46360 52918 8321 21301 49681 27019 38518 64919 11467 31691 30191 68388 41834 65280 20520 50986 25311 26981 6537 44584 15131 64800 36992 69434 68137 26220 35426 31375 46394 15591 18695 22210 63158 25300 43456 31310 28093 38552 22366 8145 45408 19320 36373 10630 23703 36882 30767 44201 22615 15187 9035 14126 8124 65283 62834 157 42384 46789 52637 40269 19246 26666 51148 49436 26640 10159 20698 10612 27153 36079 12702 8566 53484 38377 28864 18713 28231 23186 18897 35910 41793 26214 43820 24694 21342 59460 24653 15848 63595 36364 16024 24944 20599 10287 68944 22828 68016 31675 47135 56404 30797 42907 52369 54268 61962 34263 46571 41010 1278 18187 18022 33464 32758 52557 4510 18810 58974 47342 67609 40542 40005 61914 8883 53767 36094 25996 47697 33380 55860 37098 52933 64893 21854 47504 19936 56562 25727 927 34584 66547 39090 48727 38956 10962 61139 52676 57596 29587 64829 59018 52218 20878 35444 24433 34168 36262 24210 36147 38162 35844 65120 4180 50909 15948 60224 64713 51476 17752 45353 9571 22747 42509 61908 61749 42131 40913 58543 50171 52749 46116 29918 61186 11827 39888 11302 25162 23638 48256 35076 1034 69791 40621 28065 9854 10898 68829 69202 60493 65546 9456 53405 36771 42512 2255 16356 27899 7231 14263 17931 3692 23504 35105 14456 68100 64678 34447 55920 19035 491 48505 52470 23000 51664 31827 19648 5317 20826 59250 35353 14335 15522 15199 40501 25768 2616 64879 8614 52136 20988 55366 43343 24939 56234 35160 44557 27252 47900 25515 40360 4603 31527 7219 35186 14538 67997 33454 49936 15106 37839 51399 14558 33016 16963 24747 53872 43438 35904 34453 17882 10640 24673 8755 27966 822 53368 11094 62796 53810 55243 39281 14380 52333 10946 4128 1954 51179 12797 23911 66871 1517 61586 60776 13577 39105 62028 4120 37782 28749 44544 38814 14069 22834 15228 9216 7667 25025 17173 60220 10377 2726 6448 16527 63539 62012 5680 12581 12992 14565 10837 8162 60910 27886 59349 20307 20307 65712 21753 67720 52359 54478 16173 43002 36787 58286 18626 52578 56890 6021 15759 35392 1383 65413 53642 31982 54021 46634 17051 46246 39203 66203 1315 28676 15673 68065 46485 19293 47877 21824 32215 24985 7843 65864 41590 23780 30465 41384 40489 32264 21180 18293 16833 18033 30904 5059 56898 54226 11308 6223 30790 41282 44441 20388 69248 46042 63186 13440 9444 22242 9013 67479 63265 37932 8313 22221 48545 16264 776 8468 65077 52339 6777 37249 37436 37567 57045 43192 68092 26526 19430 19790 49828 60794 36041 28948 12950 42820 19302 39782 65697 27251 46720 62014 26117 58895 6068 29097 12789 58210 40706 12304 11278 50785 9462 27567 34551 56485 5954 55057 29074 54983 48156 48948 44965 54622 12395 46028 12960 49109 37804 16081 2239 32374 65694 37791 34949 63416 6153 33523 6852 45965 66356 19388 40162 43179 22665 31163 15617 50841 33047 53881 23324 12889 38733 3541 61946 39667 49394 48551 16250 50876 47772 56405 9683 54224 62140 1847 51419 63068 34711 23423 56593 8243 33005 21667 15242 6164 45209 37158 57924 20087 47856 30235 45736 28781 3124 22315 36691 37417 64746 18649 2797 38165 3573 66964 31350 20930 69902 28115 30829 24876 51856 11339 16942 55867 18683 66710 51589 42799 21088 18310 15725 44972 60732 10261 3014 11450 30947 67861 44181 16909 26696 33662 24667 45563 17438 45468 46408 42773 10734 2427 65906 47399 2111 61532 27002 44737 58003 61686 57014 29563 50644 60602 61122 65730 27479 50054 19096 61655 42130 51036 32236 38756 63931 2587 4441 33782 36460 57044 14234 5062 11497 56469 35007 30999 30794 46692 10713 35363 48909 716 38584 42280 18045 42821 37971 13579 28661 52935 29047 9227 64618 12410 13200 60903 44949 64000 43334 21096 31542 56239 28249 50293 20459 25214 57648 23293 7975 51061 56039 62001 14007 33659 59228 10342 64213 5879 62665 61221 32789 52362 68719 45589 19716 18263 55637 66055 26438 68756 49700 21753 55941 69224 50551 43296 24472 22158 11067 21266 14087 20963 34587 8510 28840 25659 50681 19177 64041 60042 7452 18818 60656 54246 66375 3697 6702 68268 57750 56362 21463 26316 8236 65654 44217 41377 55727 20563 64001 44764 8888 3844 35004 66872 39697 16558 12395 46185 4466 9494 403 48140 11667 4902 64590 57609 44163 30303 20008 29503 17203 54817 21403 17089 15995 40384 52981 2900 59313 24357 53494 9903 30535 67367 59984 46333 57394 56695 35860 31195 2540 46404 48140 4256 55397 1617 63158 49075 64942 51654 40844 53213 62440 55733 61729 44617 29502 11094 9637 15826 59990 25199 69566 4382 15441 59795 37781 35398 60969 20214 58565 17659 45755 30521 48156 52914 64593 34884 23400 67335 54036 48637 22099 47754 574 24860 26773 37326 54299 2510 13958 36389 4284 48666 63363 22847 62381 30742 189 3091 42152 57302 34914 37290 46967 45554 37535 68662 13925 5442 45382 34458 20677 64200 33478 21084 69864 16868 64309 67285 9854 21194 29338 59888 7430 14767 9848 29885 55798 21443 39336 53361 63606 51885 62750 26627 20358 56226 11315 46379 33091 52858 62920 4074 62243 39901 56895 65243 28807 14821 47186 23544 61931 10875 56109 38799 53520 12457 24371 52320 11881 10457 41282 43576 52367 7187 1241 66089 54905 49314 41454 14850 64135 35041 47590 60866 42214 34827 22375 50153 41717 15802 42386 31181 20386 14738 19224 30428 10502 57234 13190 45905 13871 63442 60104 7911 36468 44954 35401 41435 37113 53093 54625 29005 26050 43027 60137 7806 56263 29481 39031 47442 27041 17592 20657 13315 16461 25650 14656 63891 43424 20137 10937 57853 12507 8579 27297 13148 35574 54961 21727 11465 18990 39323 49533 23268 2857 54688 57655 14164 58813 38764 50139 51788 65505 38925 295 68200 14923 9928 41034 59429 21454 52032 35105 23350 27984 1019 31949 63370 16708 4224 69492 69323 8975 752 68932 44309 59068 12178 12348 48839 1081 18100 57022 54047 22481 53549 19396 25765 27854 62162 45326 24308 62535 26624 26243 47555 45799 10362 58884 24387 1204 5377 39486 52479 51716 11684 50708 35317 1158 21351 6086 51435 15542 68577 42696 60983 2163 8045 37649 44356 62438 3772 14554 20121 38779 32104 52367 668 49177 18072 46346 62938 62952 604 15847 13539 59290 27100 18564 28223 29777 66641 8876 10042 43170 57636 38227 7592 4278 46900 48954 26735 24324 34171 33306 40454 63336 31411 31708 53456 65601 15173 63759 42244 3809 15045 37554 58721 42899 23157 62704 33540 3097 13783 35966 48489 18797 24257 37188 28153 17056 36350 41642 44773 35088 64133 45558 3747 26010 36587 8228 6501 18476 34361 59654 30751 67385 62197 20638 1875 45743 43984 62038 17683 41516 3881 37310 40029 12896 6909 16444 31742 31948 32045 68457 36832 69882 68810 30580 24547 16591 29226 45882 21170 13405 38476 63834 65007 12427 68029 42447 16320 46270 26014 60817 58156 59045 49283 7656 41741 15397 33572 11527 63451 3130 59314 21112 68407 39946 3069 46641 37301 41213 42822 61658 39655 64012 62179 39947 66025 45895 51242 44483 55731 16749 53402 1788 55420 55410 68193 7003 56033 9322 40000 25540 20841 48152 16423 1806 60697 38070 41749 49596 56259 1593 33000 49828 41306 44243 41003 62189 58201 25446 63803 3387 24022 39349 55450 32583 37170 66072 28710 50717 63078 65324 45988 11993 16769 66367 36344 65692 15982 50004 38595 29016 59276 43887 53493 49545 24769 43637 17419 36752 22437 9087 12575 6146 40580 30787 54960 21193 34924 10906 30492 11519 25079 62027 17884 12915 40596 29279 69835 55998 4427 17989 20967 68235 50932 49031 9647 27554 61689 7068 23882 18667 28860 44626 41527 48476 10626 22011 56978 11921 65616 53038 54147 40141 55967 69094 24191 48842 49857 46195 57877 21523 22550 14957 65290 16602 23014 15964 40003 30193 30835 54024 7759 15003 22461 43929 1398 2487 17953 58180 32919 34345 61952 68617 38380 14147 32185 5374 30878 38993 20555 34065 47668 40029 50371 45096 31956 25923 36915 53963 41177 56655 67466 24265 59624 49188 5970 62647 50718 67548 38802 12505 19025 69396 35703 18987 50459 9302 32930 9671 67782 2851 3982 52953 25449 13438 36484 29631 54864 4107 22185 62039 40619 13915 39768 24224 19719 32498 24719 47648 19835 66228 29244 68046 46790 16623 66997 44529 45888 43022 16133 37792 3308 20629 45703 6936 43081 50174 5046 51350 39914 56043 22535 57306 30184 40168 56117 54629 41906 62744 35701 57855 68331 54794 44265 65630 28800 9274 30761 11723 49530 54726 64518 13978 16328 669 32866 46899 32197 55108 41254 33393 32823 57926 47405 56318 62565 52958 2033 7208 53139 41441 35118 40452 48535 56565 63444 1976 14561 1978 55284 60666 40268 33236 14755 34249 50916 68617 21640 47313 43248 13249 42620 16259 51422 9341 35782 39206 27762 19349 15664 64618 23018 8668 45318 11803 21069 55750 35558 35768 1515 63687 11442 8013 24058 44455 49677 57210 51961 44790 35289 25417 53354 39977 42517 27040 63360 37072 33185 41227 40198 26880 45504 56647 11933 14052 63510 23434 36441 67309 25870 52817 6410 63601 13052 7946 34071 24625 58309 12175 25412 17741 2508 10260 34439 50687 58425 68514 38747 47484 20949 22589 13086 54267 55270 1524 24181 3426 35413 48299 24634 57475 7317 39162 40222 17709 50013 24151 65344 51658 18656 6115 42805 50032 32484 57405 59950 36280 22206 63677 63376 13251 41084 3658 9836 32911 17649 10901 59032 12702 62112 49219 15689 58461 42934 12831 15021 60291 10212 46031 7061 61732 20741 5283 50598 50174 45857 33279 1067 42464 26478 45111 34211 10783 25373 32119 14155 7481 22980 23161 7902 26896 9593 62226 42 16528 16991 28207 36110 13910 11169 43561 12779 19972 35651 27204 35831 36448 24503 1349 21463 21257 59643 21151 47295 56234 48138 3899 39486 17610 13060 20302 60763 50978 22880 42725 69803 2912 59219 10010 25752 14985 51076 12157 59802 47656 63904 65301 62679 1957 44543 28949 60601 41691 8819 64166 50714 27408 39786 44327 18846 55655 67552 12982 52706 8148 11781 1993 29137 55729 62020 66216 12931 12130 15189 11568 49982 48676 61323 44815 12655 1428 68628 7913 53452 35021 1475 1988 39619 68444 18116 29606 68926 65256 5048 46467 63415 51818 62543 51318 29130 38452 33014 64840 47721 54091 43041 59837 20183 56795 39599 22355 5584 16792 3207 42140 46936 19311 54458 35133 38892 32119 51543 61468 45068 16482 33501 37707 39392 66301 2794 41181 21828 10983 14836 37504 53399 15801 35625 46774 30182 58113 65451 34303 39944 40589 17193 23075 39814 65317 63402 46815 57797 16631 56106 35487 15868 58583 64485 48760 17438 10292 27359 34426 67604 32391 38323 35270 23179 68233 22097 7049 59213 48077 15204 23487 29730 56385 35283 13287 19425 16650 36668 65249 34432 14776 65647 47637 53430 49816 69830 25759 68282 22736 51634 19299 969 36244 57702 35349 49905 56199 66799 63585 36519 65368 28954 41429 53708 68942 50656 21420 18618 68254 65951 7552 29645 35848 68168 59950 49899 39666 43101 12005 69446 3210 58676 63572 39784 49782 68973 8741 21991 46604 44868 43678 34877 59609 46682 26727 6200 54613 23401 6583 35751 40587 65957 55799 32726 26707 29352 1045 22555 21081 8683 58803 17070 46185 10193 46154 1272 49559 38468 6927 31783 36260 52608 61239 54373 25370 6743 39338 56464 55971 4600 5208 56958 4824 62759 66401 1988 36551 26806 69326 37305 28367 26554 36309 24067 68595 13159 56336 8864 7755 23067 67087 4643 60003 27848 13045 31951 50290 41843 43262 38477 32402 41522 50487 29585 3400 45382 51205 65399 69861 10356 27784 12105 19121 46346 28231 10191 41139 10374 24631 30198 33836 15612 16961 55387 170 28200 33537 16004 35406 25209 44776 63391 11208 14621 45558 5552 67456 36970 11743 41802 52588 33324 13971 2427 11891 6956 29554 30223 17998 43251 23193 67895 47102 40984 27091 40987 56934 59063 8169 59031 67428 41269 65797 31711 57272 60233 22210 56600 34631 14736 46194 65026 24341 26064 60864 48628 67964 8840 17722 68898 34969 13879 12617 52749 23693 20968 56941 64247 43210 31429 21293 66527 28366 39834 4658 36272 61960 28442 46069 42103 65193 55717 30124 50841 8963 7796 40306 35682 52579 47224 42957 36507 29586 6114 69637 9047 10500 17675 23205 32559 55785 55242 9705 36051 20161 47920 68979 25721 69616 64993 49432 62056 65393 53664 55761 28795 12108 53355 46795 30020 49169 6398 50117 42869 67468 14657 63434 31093 41313 18694 7745 34400 27210 14876 63366 59927 55987 7436 37368 14255 12228 58834 44905 47050 27958 28908 26693 18164 9589 32293 25662 35348 49882 31758 9210 36454 34711 21742 13046 60701 4970 27695 24738 48791 69816 26086 62968 41672 31908 40698 30342 13209 39462 52711 1319 16364 55209 17170 29440 17024 44320 17152 33124 25593 62682 64664 49201 26984 40532 11515 13302 19193 48433 50890 10189 37001 23148 8658 22926 44826 67455 43578 49701 49344 33427 43381 27237 40002 54877 63266 51759 57619 37328 50771 38381 29116 69723 21552 58858 51894 40040 9695 8567 19717 58040 35061 32240 52981 68888 40506 68420 15292 51410 21835 39470 38006 13447 7809 13654 66030 28004 1073 10733 2622 32701 33377 41842 37125 29653 45330 21427 1741 16263 34286 22312 68728 15097 3565 23896 7189 16650 23526 69857 64250 50881 16455 65808 56968 37057 24480 36758 62260 25317 4622 55334 29704 54271 35456 54063 23823 58312 16897 1929 52564 59780 58074 50324 1162 61989 8016 54952 54404 53680 19088 3142 32319 40783 61017 63151 56142 14504 56328 28402 39852 5084 3773 53816 64524 42461 30205 33548 10345 66679 30305 32844 3303 16534 54381 46521 8345 61348 56600 49046 55589 17713 51840 1653 56536 66762 19838 14929 49407 46702 25108 55454 56894 5757 38001 40200 6263 33758 25411 57102 60706 27717 19984 50782 21763 24988 34378 51845 31993 36404 65810 45771 10199 25595 65035 19973 40070 6696 43732 25964 48206 19911 17507 46726 42940 42145 69190 39623 46209 57401 52884 7125 27649 22861 37883 12798 6608 16193 26620 19155 41113 6246 31450 52597 52005 62276 38307 67885 53485 59833 2825 12496 15566 8642 1686 33132 58324 31314 20797 24787 36971 36829 58671 32556 23047 41464 38260 68167 64311 13916 25479 29143 10299 7259 43944 53265 38109 5924 9740 68636 54436 57202 51200 55038 28022 17346 20501 24161 18208 38103 21637 51785 14671 25628 27047 42169 23856 46214 54640 54359 10488 34739 26875 12337 33275 37259 37208 39022 4397 30433 17481 7862 25258 34925 64603 27980 35512 8010 63517 3528 15267 11330 40432 53718 19963 54582 25323 61547 29783 31181 5499 7647 46911 7890 1439 30413 34983 57061 2535 68506 24877 8765 12261 28901 63982 5479 62464 48753 26803 2977 47617 29313 36271 66560 66816 52401 28181 46179 62198 700 10938 68911 56713 34653 28622 2069 5934 58295 47863 24402 5949 33346 50538 57770 26090 46473 8323 40602 41854 54695 67999 45548 62256 55909 50436 10203 57849 41236 6088 55116 54387 4205 67660 21104 840 33705 61987 9003 43759 3004 68167 10288 4051 49778 20344 50754 56298 67794 16672 19452 2391 23653 40777 26069 54203 46126 16187 27894 38515 7280 16567 10252 33171 62022 1920 24951 32450 17928 19360 53773 29993 41200 58259 21559 68357 47816 36342 37635 22420 38662 64077 60772 39426 33524 57354 14937 51935 22159 28162 5069 41153 51285 16630 68919 23121 36262 40580 51918 3878 6799 12845 66987 34950 55321 61809 62877 59978 50738 1606 28013 20048 40950 27867 23651 68156 69984 54481 61138 38823 23787 15085 42125 34086 50136 4751 36663 58982 45285 24151 6463 31552 50062 1444 36053 29812 37034 43200 68683 53351 63178 23892 5933 4545 23718 41637 53175 26635 28203 21929 17965 63561 28408 39627 34784 66190 56047 45317 53724 50459 14521 12875 20299 52356 31731 56157 56100 4005 46624 11027 10249 16909 45889 62765 67507 60638 22322 42908 50944 29701 3279 49283 104 35090 50708 19914 9699 61770 16752 35713 22525 60733 56425 43021 64490 27184 58060 8346 35378 35340 39365 23625 5437 59329 45664 29171 55722 1280 13721 33509 22905 62355 24375 21874 22902 56744 60277 46655 16780 20549 68085 27774 54740 30393 52381 5438 20178 5875 41830 20216 45505 15850 56699 69736 49389 64703 30368 60272 5984 696 28407 26410 44605 6458 48082 27244 48324 14072 48023 68043 35632 53420 59097 38675 36445 6204 64348 63347 30538 20180 55792 16219 30927 42624 8773 66861 42869 54494 51037 41300 43638 27822 58627 18575 62847 12768 48931 55229 15890 67486 11016 13285 16981 11577 8366 53042 8343 58134 16517 48671 44101 35512 14860 21231 33997 15825 14640 41740 50569 9585 62094 37857 41430 31426 14271 49702 58351 11700 68197 52541 19286 8369 27449 37664 17052 19958 54729 13137 8405 20817 12810 67948 21359 27169 40851 60150 68031 11044 5906 35301 43868 39337 27691 43264 57309 7550 23815 23844 39918 15741 35144 15015 58072 2319 66663 36491 23627 10783 43072 16697 9465 4042 13022 10796 64039 9027 13233 33670 51297 10364 14544 38333 52620 27945 65009 12531 65367 41564 32263 11000 3754 11767 35381 62058 61379 5644 66622 7195 359 14867 31812 31446 65046 2422 25950 18396 9276 24516 36981 49687 33048 16089 27221 33183 35122 54764 53618 4638 50737 26566 19756 44641 61197 56599 65808 68631 58322 6972 61660 23810 41688 33226 26288 32794 36445 54677 44445 4174 44031 3814 9639 5620 22832 49179 44108 63952 52258 59034 5721 27486 41901 34893 22194 54868 22050 23711 66119 64297 56976 35502 58305 14387 59362 44379 55155 4836 51914 6385 26385 19303 21491 56338 63637 6581 11966 14944 35946 28827 54168 9666 2366 24943 68711 19699 14550 11719 49529 55043 43396 8153 19468 38101 13122 10492 50336 36307 25950 39414 57606 31093 54733 7017 20818 44213 5970 18813 47073 67712 46666 3896 27937 48008 2901 12016 42036 17337 43568 69231 5658 33582 13124 63389 9114 47909 32104 33771 62017 42886 39809 55549 32673 52619 67367 37712 68126 36949 49400 1764 55981 56386 20939 46456 2921 32659 43945 31758 59360 4959 19955 45437 58086 18349 24601 10303 64677 14480 22227 60736 54881 65372 63895 13312 41590 51617 10257 5420 12535 41867 58685 51423 24154 18973 30233 13436 50280 49863 39165 14057 16375 14839 44909 20410 44080 26838 16020 3625 57426 29436 64309 49756 23176 23768 27637 36192 28942 27287 38988 63406 49487 23485 40244 21325 22080 64043 21572 51101 18831 52753 22433 26143 6360 9257 63247 22695 36172 49324 61948 10201 2262 13398 17587 37654 53213 68975 16900 6520 7033 57819 69285 13792 47613 62237 57324 8020 20643 6942 26830 42367 44978 11911 58261 38141 58617 52680 847 29455 42803 26911 30807 53792 8027 32804 5404 1061 32961 26452 56305 65832 65351 20925 55191 12346 19916 57395 2000 44358 20188 1317 53535 12615 31116 10200 18138 43832 63986 41881 2331 27914 20139 24748 1323 15704 11236 14397 22060 67268 7148 33173 57817 46300 31329 63253 44475 27367 13744 29429 66863 5671 63725 5735 21575 33910 13215 29593 17085 64871 11147 33264 55860 27507 49226 12417 65987 21391 629 42124 9780 5107 58422 10268 67867 5288 1015 28802 66238 66112 34689 13464 69677 23455 54263 29611 22374 28287 61940 39381 18241 67006 2441 42301 48826 4612 52141 10816 11414 35026 49455 9111 67115 68206 56021 8723 22975 67471 20519 58692 3755 13055 60354 20141 67898 19711 33071 15359 69968 36251 48407 58340 54283 50961 46918 39452 23647 68261 25615 41512 64330 52125 69676 65501 54684 25922 23518 37426 39527 56738 3404 65756 47240 31274 33007 54962 8136 30174 43361 60034 15100 13119 69744 34826 37947 11343 17346 34428 28112 46885 23782 12632 50949 61186 18150 67817 50790 39548 53670 34317 15464 13559 49042 1269 10411 42105 7505 14154 30582 66991 42063 54571 45768 41379 38035 24690 4699 33037 31952 68193 53496 40337 36425 12294 20662 27383 10586 17354 52469 48957 52016 55368 15292 4301 49322 1465 47020 37556 27209 4776 58565 60187 55441 31034 8720 36502 60795 891 58925 58026 29857 40184 2655 46751 25300 11286 69116 47840 14928 62236 42490 31042 60373 1318 57830 36004 64303 31230 41782 46653 2699 40802 10666 32539 58162 7468 44337 54232 28111 6364 10130 1874 5608 34750 69937 27595 31836 33343 54116 44059 63736 58199 22820 15104 5194 40891 21348 10322 11543 28395 29318 2803 33003 14424 33845 25189 59094 29936 17990 53345 56993 29004 35828 42821 15031 17494 9128 29494 68483 62964 32362 57098 55004 5103 35601 30666 61609 18179 37204 61355 33685 12899 55680 46548 56687 39876 49852 67624 18256 55544 67556 32422 58298 67891 21101 10083 33421 4099 12080 5396 48100 47698 53207 25201 14263 18008 51723 18208 66506 4149 63126 58866 5198 68838 46595 15415 39516 12178 44206 42694 31764 54940 49702 21485 16982 12658 37260 61704 11889 42670 66176 58524 35099 5758 43917 46143 40229 21619 30812 5810 15211 46362 58364 5710 50779 59782 30235 15518 60546 33248 22182 46021 65877 35472 26743 43318 18890 53014 55623 12902 4537 52228 46894 2588 63949 17728 34094 3154 50838 11238 48787 37106 23348 60258 42853 69306 4844 17622 33445 20567 50444 46127 14180 20077 67295 1062 5039 436 49267 57118 37213 24671 47059 48428 14575 27080 52133 40103 21635 2114 14994 54836 48432 6882 15203 38625 54073 5608 32137 55100 6319 19992 48238 11477 43119 13793 66412 54850 17707 20243 60674 60751 50986 33789 68978 68868 11489 7182 53452 64148 22330 11920 29446 27224 25328 48574 2274 11282 979 68085 6719 29384 11975 50002 17766 31265 31117 50983 46919 15289 9862 64465 37510 68874 30402 69892 1320 43586 1951 47830 38247 29622 18011 54126 64935 22275 44405 37373 62849 6156 30451 3142 25118 24668 22461 20098 52463 41456 65477 20670 26494 12308 48706 21637 16529 2563 25090 43710 59399 65477 24668 64613 48938 68081 57519 46230 54507 64047 51534 57633 21318 5380 19026 10486 47703 42350 45505 21181 10163 16611 39972 36483 48682 20927 1776 52489 55367 28458 11951 41047 5753 23348 38167 41209 17797 28435 40098 39699 26452 20242 67876 9206 64991 42708 33502 50152 5937 12552 37728 6860 4277 25471 33496 54985 51979 28709 31567 28236 53177 40362 7258 61797 21150 66488 19030 61262 37955 60761 11274 31927 42268 25181 188 6492 62773 37721 54031 45079 34565 55579 31735 51797 12804 20951 52185 65097 35294 55535 30284 57207 66591 1328 51200 41641 15271 33045 27782 41474 67225 22018 33822 69598 29505 39329 50556 57477 38264 2160 57080 49090 36294 68514 68446 7681 13699 2400 17453 47427 45244 47040 17741 57231 54817 31763 58818 46870 39380 21767 36619 44664 10654 25843 13439 9263 32546 67839 12787 142 13417 65005 47362 55410 50168 12802 67694 53593 67878 63365 60604 24367 9901 2878 41971 4274 14496 58481 54720 2755 58009 16037 46499 64015 31539 36685 67534 63540 21124 48921 66720 16723 24562 57859 1672 68138 57499 38495 17613 50001 50639 66755 51694 55597 19867 21581 28316 29409 38859 38388 22468 31905 10582 10872 21182 2543 56432 69570 33970 40504 1780 57614 17770 26593 14744 68500 10989 20668 57034 47552 43839 52897 1302 68900 53294 51785 35312 66380 20998 41370 60678 7775 27290 27088 69296 19164 3944 42432 56196 65793 17753 53237 19301 15977 35080 48373 50918 18080 48476 62851 16572 52907 45682 56271 52573 47541 24205 3723 29627 45856 44048 16744 57246 1104 57632 44981 12570 8651 35721 58977 51228 23927 45289 47806 4882 65720 10433 8386 16515 22409 67108 58078 30901 34136 30375 61367 27787 52221 3643 50797 53552 51180 45425 19438 43049 53573 52120 34738 65168 20609 58299 42179 49477 68685 26162 69498 24164 50023 30789 49945 9847 33214 60850 30260 49479 60290 60491 31619 2930 63447 46933 50053 17174 21964 52649 50050 42883 43569 61715 22811 45159 68153 67555 2735 57280 18304 29145 47283 26056 37168 2300 16136 25729 2919 15682 64323 39051 2043 34530 69694 66207 50940 21359 52505 61716 3917 22843 14818 39421 9127 37460 22144 51832 46410 62912 20154 30496 15256 65531 18215 59768 46881 63000 38702 27982 27665 32356 57311 49253 62601 26757 49152 30374 57962 52872 41216 68526 48003 25509 45568 7989 53005 48971 35822 10890 68355 58007 15685 62481 57417 55951 45720 35998 30474 12517 28183 933 47601 1090 48270 25748 34977 1091 35048 4604 48795 56159 8271 57981 51835 38231 42001 55578 4056 28176 41316 12616 60311 64161 55000 3058 6878 28615 42678 3444 11505 69441 56460 52121 62773 36523 56747 61506 13879 5044 7967 52076 2903 14906 39560 34670 12353 28756 20663 49065 61042 6923 29741 44416 53055 44038 12883 2214 48826 64003 17409 8412 8384 52242 38843 25547 5461 48536 61025 36271 58678 9994 6062 32138 63683 40550 605 23262 44962 47785 39253 20263 66572 48433 56288 38590 47804 38006 18245 222 11020 61121 632 68770 30305 6779 39826 39796 23220 16627 54687 66887 21372 20713 55447 46543 47123 60182 19017 21796 40737 29536 55916 27665 46980 57623 61858 15390 51824 27143 45470 61170 61665 64904 60237 35352 13073 34313 40665 48392 55297 53840 15281 11310 26194 4176 60137 28279 48927 49727 52349 26785 64846 18231 56597 61647 25970 42777 20088 53478 1441 66557 47654 31675 40485 16924 38121 45925 9789 40056 23403 56249 40096 47362 63436 39194 30319 68111 14038 19153 9815 35628 52153 4071 10044 65047 42694 57276 19238 35810 19165 56786 43854 15738 30834 27081 7413 46996 1093 64324 3506 55468 48950 47332 25216 27815 33281 48837 47781 34653 39020 47041 11031 60191 10024 7690 42115 62064 60599 53113 6019 46724 34027 53516 68549 8921 40809 57010 13634 51036 18494 26075 52502 43192 14981 25036 5424 10744 18833 62356 47602 6994 51344 46137 67094 31050 55145 30306 39930 27007 18122 52689 63799 96 11371 30694 53609 23178 4586 37372 21699 17610 25127 13776 46264 42055 21629 4945 8868 52416 1087 66526 49976 48774 24825 12701 12924 27800 19711 61321 17470 31770 56568 22239 13256 46322 35535 4985 15332 40218 59651 22161 20261 34437 53808 29569 10740 61829 39914 46717 16340 28439 18792 49033 51525 15454 16308 62177 68232 27182 32300 15812 8702 68458 59491 32158 41446 26565 40222 64138 6346 1839 59831 29739 16441 34925 64466 47304 8677 67737 16482 28428 38320 10293 331 41519 52289 16451 36027 14794 9274 26338 31189 61672 24929 42998 5646 8790 9248 12893 47057 49527 44886 51695 57402 29406 56196 29322 52694 58129 15385 24733 19805 36138 38074 58445 45354 67645 6063 53064 18156 61343 17310 16235 43465 13280 45418 57281 44500 49315 26348 10244 47199 51506 38024 67598 55780 65805 39038 9704 17394 35185 18820 573 39652 7800 40213 59463 49188 57081 31130 29610 19760 46834 459 27382 9175 37175 45667 66499 24384 3098 30131 47219 63806 64927 13202 37387 20835 1183 3623 22886 43994 30370 29793 33814 36970 68950 54803 49292 37827 50082 61108 26317 17379 63256 47514 24804 31819 7842 56168 67768 25674 61860 63779 38256 12897 39845 9225 35900 3768 2357 16559 16543 15459 66311 179 67578 17034 3426 19597 47998 67625 26631 32874 29799 7599 51451 12171 47107 12588 7592 61139 22531 41851 23512 22516 63792 21883 66510 48307 21476 45530 46057 36996 58650 12821 7751 51455 3847 50755 63896 19855 41413 27050 47724 44786 62552 43003 29053 67524 37633 43547 39729 50424 46322 5805 24525 24725 30355 14369 29972 14713 9565 28034 9400 44219 46489 25327 35860 57404 16483 53812 53885 31750 48129 53532 27732 52510 34063 31549 19982 9347 7824 16770 44933 54504 10244 17802 6136 10581 28788 39066 23065 66105 33152 43721 55943 42096 56202 33624 63720 62857 21897 22882 15762 40646 13000 661 36911 23012 56291 58954 22019 8032 27875 12254 59306 14611 38453 59104 12546 65910 35176 54780 51657 53424 38036 15090 3375 24542 31792 21167 32304 27224 63872 17721 11857 52017 68885 1574 51212 66694 58507 26632 59709 11337 30663 68228 51843 45334 30439 58422 2979 27058 68241 46801 6345 26738 52469 46746 64872 9990 42330 50271 46690 22765 49262 250 4315 53917 17695 27751 13411 54926 26576 63255 65356 24265 6400 24775 12975 56538 48686 5068 60263 11127 59900 25132 17054 43517 63359 29335 13809 21366 11250 25117 67227 13279 49291 26887 30745 3912 9227 24610 53625 12381 49886 39188 5219 51406 29950 49651 50476 49628 66497 38427 10847 31732 628 24812 35041 39250 17409 19879 65293 45091 67110 66807 17021 22313 65234 65759 43016 30550 24505 21126 25974 64301 49103 4961 12126 27730 53201 50741 63607 52988 28865 29424 67718 8863 64868 33652 50429 26783 35051 67277 29545 16097 33296 60919 45016 19659 21757 57590 41443 786 67964 54217 19698 16990 69311 38337 55298 38263 68302 42092 53172 44934 57215 51575 29541 29832 57716 15990 21245 29360 30323 26714 51743 44953 62942 21315 58440 12434 44026 39512 57109 27 27047 38021 54499 34415 39967 9863 17308 60996 41233 28980 12143 48018 3352 54805 14940 40740 22777 17884 66606 68729 39907 59588 44957 17108 53915 27066 40024 48539 69767 7616 2114 60140 21335 28 14082 12530 52124 68727 25387 4286 1206 52042 7093 22702 36125 34955 28508 30886 20316 56278 29067 37181 24448 17556 1994 65902 1248 3257 16573 26157 16825 3954 35190 51316 6876 21073 27586 48758 46327 40772 24859 65311 16332 57869 58861 32263 50100 17260 35177 55781 17227 7479 9027 35361 23355 55685 23332 47782 37161 18140 68329 3696 27708 37277 25966 7791 49653 8764 46529 64066 19378 13253 1671 51792 52401 44150 26634 51489 45772 36689 63573 24327 67954 54877 35119 42503 4428 21239 39366 57574 23989 5797 62332 39836 69515 46345 56035 7643 53556 22258 66408 57892 49457 30806 64467 27363 15161 68839 23316 66757 11657 56186 18329 22535 29732 64669 59250 15772 13787 32700 8626 68693 35075 24683 23600 56444 30711 36356 42264 64031 18941 49119 8286 9694 67351 22751 20429 32386 19316 27796 51753 22904 25990 42522 2 10626 14535 46648 67989 26054 57806 1512 25084 2321 50628 63528 66950 40373 19606 4629 16442 37149 64120 15062 61895 44369 6851 40212 51907 39951 37188 40672 5502 51375 11798 40066 67068 16108 36756 63567 16948 49355 17204 14556 5413 1198 23412 62419 30083 44242 66259 42393 55968 54262 31198 32834 42833 67919 777 46820 21598 20634 10235 38961 36469 49148 57050 52196 66273 35455 46897 8823 34032 32254 53171 58468 32889 37644 57787 20807 9995 28989 52255 32530 16103 22125 52037 66583 66047 45782 63713 11968 11051 46283 60730 56278 61923 58304 39428 68757 18246 6954 68463 38946 43343 57894 49478 5212 60695 69181 27582 19603 33118 60794 57414 52534 54353 38054 49805 53665 46537 5256 68860 43810 6655 38877 67306 64379 11106 16307 37061 59346 19066 19868 59996 20087 19044 27755 20760 36387 57213 26561 20719 11392 62915 21531 35765 29045 69082 37179 64408 1859 4201 390 45245 53882 21705 38597 51024 2373 998 4403 17976 16260 51344 20355 28575 45772 29756 38067 69524 52868 64230 26246 23548 66023 42195 62945 54407 50155 15896 20644 30844 51431 18952 36983 62413 57466 67224 48939 25168 60335 54788 54264 18065 30329 66578 63590 54311 55845 5355 24588 55955 23778 3901 66075 3029 47460 14164 2403 1477 12093 13926 23657 11323 20983 65039 27452 16195 63653 65643 38409 35474 14480 43657 66046 68043 66216 9799 17538 40347 7997 10435 63039 55582 36324 23106 21090 57530 56127 4608 25887 8448 16380 55892 55920 13694 22711 30239 44354 43280 44352 63773 9448 19622 20929 9883 27637 6956 27636 65908 43315 11332 14437 28211 8843 1151 47294 40364 52082 46056 16768 45000 14784 45137 40609 18625 63565 48887 48840 193 22535 48856 24853 42512 26282 43688 11859 7140 20016 67335 42665 20637 62570 51793 13013 9255 49375 34937 44561 27576 37551 66911 5443 44681 21054 8593 18604 66987 49907 65937 64800 36127 51920 26517 1845 34026 44533 59412 52656 10975 24795 38847 56765 2496 36332 30764 56590 7333 15980 44393 10941 30839 44625 5575 47165 60570 2854 49614 64570 27774 22028 50527 3694 21492 58902 14779 47746 3391 10882 13339 63384 18547 22768 58768 23445 48745 43873 54946 54111 1774 62816 23114 53924 18794 51862 30571 15241 12490 28741 13723 23976 65445 69415 61672 39734 11230 3231 26012 41248 62077 56797 60138 46395 51504 21128 18979 57639 14648 27527 28121 20376 12969 16207 55726 39599 4941 22297 65289 25693 35974 39305 27392 1067 37680 15856 28114 15991 26629 18669 50837 23033 31924 23649 61193 64805 4661 43917 37547 38312 56464 5244 63151 23740 41489 66915 21410 50209 69646 14420 18971 69664 53700 59941 27598 6927 43356 24356 50496 32340 61259 57425 23019 12429 59281 54215 27314 2209 59742 36626 32919 16311 10956 8158 15851 39019 5016 26624 28622 35974 45288 55715 18169 27983 20600 37324 8874 10359 27848 39581 69385 35373 27426 9530 56405 31419 57607 39987 8616 44592 42733 17375 40108 2378 18741 38680 31279 32054 55417 24889 35343 24856 1150 62753 43093 19983 43543 37644 42533 4933 46672 32281 22917 30603 18373 5678 52749 148 68938 39286 56148 34788 50933 25794 41132 31139 42610 2167 19935 57550 57671 7187 61965 69163 20387 18357 12976 30607 30078 2848 64972 46846 29558 40977 61058 64922 49694 21413 3977 27623 30071 17808 40310 56439 32160 31028 56217 3840 61687 18074 52962 41522 45989 37501 2463 37049 8216 41887 5439 36752 58869 26841 51839 32954 5341 35354 40401 61125 29303 32878 45828 17673 29953 11588 69341 48100 20045 14212 39848 29453 25256 53579 15563 34693 57479 857 30194 30696 26830 40949 29069 38144 51650 17432 65839 63509 35653 31841 21899 25223 11456 15499 66121 35959 22244 45744 45949 56226 66534 40126 24539 69266 51093 1057 2982 26752 5901 12748 14521 42548 2130 44273 29707 26591 61709 27304 30420 56334 58741 32780 67659 10618 27891 21729 29695 2478 12573 872 53100 7888 33968 40983 61064 46829 33801 54159 21876 41374 29921 19628 35264 45142 24303 58438 12948 66799 65344 21134 68162 25422 552 65344 8265 21173 11812 3845 58472 56289 57109 60574 38593 59032 47120 23117 16901 29534 59276 65752 46744 4263 29599 51585 56741 62105 64647 22810 54976 56992 29089 45655 10341 55452 35213 60261 45164 13940 1511 2969 44985 16575 62535 7688 46478 36312 44238 19078 34734 39069 34617 4532 58726 52068 60521 61439 1385 1217 12288 35323 38875 53204 60697 13045 20821 26401 4713 23437 31978 36968 12285 13728 26065 67076 63085 57352 1541 13045 68057 29981 15040 15251 17351 69485 48272 59040 15462 13792 34368 55138 56704 36193 64689 64419 9537 21785 46950 21838 38135 11624 61071 40174 39920 52016 23115 17063 66207 52245 7593 30391 31481 40458 53308 12894 69092 315 20459 53057 9378 7697 29697 49816 53195 42725 54158 44155 50062 66540 48906 3115 30015 41611 45853 65178 64101 2092 26919 319 37536 667 26805 37501 31019 21279 18716 29094 39571 22679 60728 36809 5759 44189 57724 47198 2110 18000 28034 28677 61711 64421 2635 33480 30827 58930 3644 44472 9204 19850 51486 60084 42454 33236 19504 50974 3372 36634 45775 22692 18711 54134 12370 59846 59648 34675 48621 59178 31081 48734 3568 47960 41044 23801 3168 11095 44274 29437 50909 61878 18397 54071 62818 67306 25793 20537 58912 3813 37661 38324 49182 60973 30578 12834 10876 35069 60040 29358 35161 18913 18033 53214 58918 47695 54719 30149 54961 4570 16356 25931 54644 67519 12577 63287 28698 17237 33806 23275 13633 45527 46989 68987 5015 41381 56322 27917 63779 36636 2946 48848 48821 26498 17879 15357 32542 58789 59601 53914 48238 27151 5962 38118 49226 51355 22592 54484 47997 26509 15939 33908 51721 13812 32710 48547 33524 57597 17852 6822 61035 39940 56047 29947 31181 22997 11511 9466 65460 8404 48771 23748 64025 1329 12793 5637 27478 24473 65483 9075 57421 9570 56377 61319 1770 8176 45710 31993 39865 48134 69850 33955 57900 15475 55180 43122 56009 69380 1492 35171 67418 32004 14735 13901 8856 23741 22759 36806 47701 20033 6041 26210 23354 44391 23467 52273 56873 51664 38259 44607 10187 8178 50707 49096 56067 17706 51469 49534 1723 33290 37084 22393 1280 30598 30724 42737 50570 48849 39184 25100 16884 47563 61138 24001 32105 25852 54634 32674 55368 15292 24416 3592 8965 66447 60756 7996 3906 48237 25831 21918 43679 29564 35873 45325 9777 19126 26287 12654 51740 61042 50053 31483 53003 12964 44354 15368 28037 51006 23682 26438 26958 60531 6316 17004 922 18399 62435 5745 69056 41026 7987 68710 60738 54989 7516 31937 5839 50987 24075 12206 8828 18055 39178 69359 32613 25829 52913 3560 14569 68872 33850 66418 60099 36048 14699 21982 35910 30856 42777 8779 21481 11334 15343 32423 58763 23007 58009 44190 61965 44803 7121 17073 35016 57948 17298 32975 55378 55466 20658 55651 34161 35610 18489 22705 65495 25439 27927 46746 26511 24663 68494 65200 31261 47904 26186 41195 14824 62371 57110 23534 58697 46202 20757 37625 7331 43278 11650 34606 64246 44330 41513 49666 62808 7996 27022 57939 56326 43729 31620 11766 50119 61855 4746 1471 61015 42785 17727 48755 41234 26074 27424 33618 45603 65603 40024 24070 50596 37578 5507 64955 20947 20861 61498 10353 16824 62808 19144 57864 24120 4712 21703 64270 39052 39862 43299 54019 5379 27109 63739 65016 49371 1357 18375 15401 8123 33872 64973 48702 52152 55598 21898 29190 15734 32461 35811 26297 46234 12178 57522 68533 56480 60672 62389 66664 3234 45622 4907 15861 13058 10891 8350 19405 30816 14838 50392 58846 52916 42510 27452 57264 20535 10996 60807 49756 58041 44847 15317 16157 36884 8596 68038 49925 32138 6932 53978 2762 57010 17218 45479 45682 50417 12791 14092 65083 21336 22486 41357 16576 3251 35356 34242 53516 44009 60142 41168 43296 67598 23195 61278 13828 16457 32841 64278 9991 18593 29513 14472 14273 40524 61602 39409 15555 39392 41623 60067 6404 65918 17008 59259 52986 62737 54428 59073 60749 39293 56815 39154 18646 
