// periodic
// number of jobs
1
// pi
70
// Cycle
100
// aperiodic
// number of jobs
11000
// pi
8 30 30 13 5 32 10 52 10 18 50 32 11 2 47 12 51 48 18 53 1 15 25 38 26 48 9 38 40 27 1 48 39 27 17 37 25 45 53 9 23 42 27 57 1 15 4 3 21 35 28 58 4 31 39 59 49 20 17 49 36 12 17 50 52 51 32 5 59 10 26 16 42 36 24 33 23 19 11 32 34 38 51 42 13 35 53 49 36 41 41 8 19 23 58 14 40 2 45 16 18 29 2 53 47 35 16 32 31 42 20 30 33 33 44 8 59 10 23 52 40 56 59 16 27 16 13 26 42 22 24 9 6 28 13 43 14 30 59 30 31 13 46 12 27 20 48 59 56 45 59 58 41 6 53 55 12 39 10 40 32 50 44 56 21 17 49 30 15 51 39 46 58 18 38 6 54 57 44 11 7 10 4 10 18 45 26 24 46 11 24 5 43 33 15 52 43 15 54 47 11 5 29 8 20 43 18 6 55 29 49 37 32 3 33 26 54 52 55 49 31 36 12 58 54 42 21 42 24 26 17 32 6 58 54 31 47 28 35 55 58 45 58 30 12 10 43 54 13 27 25 53 44 21 54 43 52 35 14 59 16 7 19 40 16 5 24 12 16 52 50 1 48 53 11 42 53 3 15 59 12 10 18 57 14 48 6 12 54 16 49 12 12 49 43 27 18 25 27 55 48 58 53 54 23 48 7 25 23 8 34 5 15 15 23 37 28 45 22 48 51 25 23 48 45 9 59 55 2 21 35 46 59 23 58 29 12 53 50 39 49 26 2 25 12 25 57 25 54 59 28 54 20 20 16 16 26 32 33 34 49 43 17 18 58 5 47 58 38 44 35 7 1 22 30 10 59 5 15 44 46 18 29 56 1 20 49 8 53 10 34 19 5 18 29 3 23 39 16 14 9 16 10 53 58 38 38 48 32 44 13 21 37 2 49 34 28 45 29 40 43 51 29 38 23 33 49 54 26 14 3 39 23 35 7 28 15 22 24 15 4 56 31 58 44 1 33 24 53 45 19 5 5 46 15 18 41 53 59 28 4 27 23 28 23 49 17 25 47 15 30 7 29 43 4 34 14 40 40 37 59 8 45 36 2 43 53 58 54 57 22 17 44 14 29 51 56 23 21 19 34 37 25 55 17 1 55 10 36 23 49 6 3 27 57 56 45 52 31 39 50 17 26 3 37 13 10 45 7 44 52 2 41 32 55 35 21 23 10 16 33 55 37 57 7 37 4 30 48 16 18 27 13 55 31 57 57 39 41 23 28 11 7 28 14 8 43 52 14 30 3 17 7 11 49 27 2 28 29 32 28 24 39 5 35 54 57 22 20 31 10 58 5 29 36 6 49 59 51 29 43 54 35 59 28 28 37 56 29 28 51 25 2 9 6 44 14 11 20 11 10 55 21 12 55 51 49 24 56 18 50 1 10 37 41 42 20 15 55 58 34 7 10 35 30 5 50 57 38 53 24 28 11 47 9 55 57 42 21 48 50 7 45 3 4 27 39 50 8 30 21 37 51 59 48 17 38 23 5 11 39 15 41 9 15 31 57 2 8 56 4 31 56 52 50 51 13 53 51 33 19 48 22 30 5 52 13 7 19 42 56 24 7 24 4 28 32 20 12 37 29 17 43 20 16 27 23 34 5 13 29 36 46 8 3 23 52 42 56 53 42 52 4 17 54 19 51 35 22 34 40 23 36 27 5 10 18 35 11 46 56 39 46 4 17 28 30 50 58 48 39 35 48 30 58 3 29 41 53 51 15 59 11 56 28 14 24 16 37 22 50 44 54 47 48 38 26 28 3 37 12 50 55 59 48 1 25 10 11 48 6 30 50 22 8 31 43 51 22 15 55 41 19 36 35 27 57 25 35 14 10 37 49 36 59 41 25 49 16 33 16 26 44 29 16 33 30 53 22 5 10 15 7 9 3 54 24 16 14 41 57 46 58 29 1 22 2 30 27 7 16 23 42 2 32 56 7 44 20 10 36 2 54 12 57 58 47 52 42 11 21 1 11 38 5 1 6 15 50 53 34 4 38 20 4 18 4 53 42 55 46 16 31 8 24 37 48 55 2 43 18 42 31 31 20 15 56 43 8 41 30 30 54 49 34 47 6 57 52 10 40 32 24 53 17 42 4 25 33 14 28 27 35 30 56 42 55 20 26 43 56 23 28 19 20 49 23 48 53 58 21 40 16 24 15 36 36 58 29 9 38 51 33 58 22 26 13 22 54 33 4 42 40 21 49 11 51 23 45 4 19 33 2 11 13 11 47 25 9 57 26 7 41 55 33 57 10 28 15 40 39 28 4 26 27 35 35 50 35 21 30 49 40 57 14 2 35 18 1 23 50 37 29 5 47 18 10 13 35 59 16 59 3 42 26 23 57 31 50 23 15 5 43 55 50 3 41 30 5 29 33 38 18 1 46 32 39 48 34 32 12 57 21 54 29 57 23 42 18 4 26 41 52 6 29 59 21 19 51 3 11 16 58 34 2 18 4 16 13 5 55 30 10 52 31 29 39 10 50 57 4 32 7 19 49 38 51 56 51 50 33 14 57 27 52 20 37 11 32 21 27 7 9 32 9 28 56 56 44 2 21 49 41 5 11 58 28 33 19 43 55 4 48 5 9 11 28 44 39 15 42 57 45 48 12 43 29 59 53 54 27 25 52 3 35 8 26 51 21 5 2 8 27 45 30 55 33 21 14 3 4 59 9 29 24 8 51 54 31 35 11 4 11 2 23 28 8 59 24 5 44 32 48 1 52 32 33 51 26 10 19 20 44 44 40 4 11 13 26 51 56 46 1 40 50 32 8 35 28 19 56 31 43 27 4 27 2 47 12 2 41 20 17 24 52 44 28 4 57 33 18 57 14 41 17 42 18 36 58 49 46 28 34 28 32 19 33 48 47 34 57 3 10 34 35 15 21 48 58 12 48 22 7 14 43 46 8 43 24 12 47 47 57 35 16 8 41 15 52 35 20 37 9 11 13 5 13 38 15 48 17 54 54 23 18 46 59 50 59 30 32 36 27 36 29 49 43 43 18 40 32 30 57 24 35 8 19 35 9 47 43 31 32 28 47 50 5 28 12 16 55 18 40 24 45 39 48 16 9 4 9 51 16 24 49 34 10 3 57 7 40 34 16 5 28 22 54 13 36 12 38 12 14 27 6 50 36 15 14 55 4 32 25 16 44 42 37 54 40 47 12 5 1 28 2 55 35 49 32 25 11 49 25 49 20 28 34 45 30 11 15 51 31 47 41 59 17 17 9 42 11 54 1 26 14 36 3 3 17 50 38 32 32 53 54 23 25 32 39 46 36 40 51 34 31 20 40 32 19 29 47 39 24 44 3 34 13 3 24 1 36 21 34 56 48 24 19 36 12 9 44 36 46 33 53 54 46 17 13 59 31 59 14 55 32 50 14 52 15 12 27 27 9 44 11 4 42 19 35 39 51 48 55 7 10 51 57 19 36 9 54 19 15 51 10 54 35 31 57 13 57 56 59 30 11 8 47 39 1 55 21 23 35 15 6 24 50 33 57 31 6 1 35 27 51 3 12 3 32 4 18 24 32 3 23 27 59 47 5 53 23 38 29 31 42 29 10 33 2 8 29 38 44 52 10 1 1 21 24 40 23 53 55 38 12 6 26 32 21 19 52 43 2 40 58 53 48 51 39 4 13 53 56 55 2 27 57 27 31 27 51 11 29 2 1 24 22 2 8 38 48 38 7 7 9 41 1 33 56 27 44 19 25 45 30 18 12 25 10 19 44 15 4 45 32 50 56 24 8 50 43 18 18 19 47 22 11 44 42 47 57 34 27 18 14 5 41 18 45 18 41 48 36 24 36 14 52 11 10 10 31 22 40 50 43 18 56 27 9 30 6 22 55 3 47 19 8 4 19 38 6 34 15 40 46 38 55 15 24 49 31 13 45 24 15 59 24 42 6 26 53 56 11 37 59 18 43 48 23 54 31 35 23 17 35 29 51 53 40 30 5 37 33 22 3 8 19 53 36 59 35 2 57 20 13 37 9 42 38 19 21 16 42 58 30 2 50 47 15 15 37 5 57 41 53 45 35 16 55 42 2 17 6 48 44 48 16 46 2 59 35 54 8 15 33 7 2 11 6 56 36 22 56 43 33 33 52 11 1 36 47 20 52 34 42 3 56 44 12 44 26 51 45 44 11 8 18 58 36 49 40 19 7 4 47 54 30 15 20 32 20 27 55 5 17 58 28 21 9 51 50 16 50 49 27 22 20 7 51 34 40 8 59 13 11 31 56 52 35 26 43 30 45 11 26 43 41 49 3 40 9 20 4 53 54 9 5 52 35 36 2 4 7 1 55 23 33 15 14 42 3 43 36 35 5 35 23 20 24 33 48 16 35 59 35 14 19 26 55 16 18 8 58 10 11 30 40 42 38 41 34 15 46 25 26 13 51 25 13 55 43 15 28 10 28 15 8 57 50 50 35 28 48 4 27 21 31 45 41 22 46 27 40 57 23 12 23 45 52 44 48 58 10 51 16 44 31 39 44 37 34 49 27 20 20 18 36 47 25 34 1 13 55 58 3 30 33 4 21 16 18 36 7 13 45 46 33 29 57 3 7 47 26 59 34 54 12 9 23 42 1 24 17 48 42 53 9 50 26 13 50 45 7 30 42 32 48 40 42 46 55 11 29 49 51 42 42 59 5 9 38 27 42 29 51 5 21 5 38 16 27 12 33 24 52 29 14 59 5 28 31 6 49 3 57 58 42 47 34 33 40 19 8 45 35 3 10 21 56 17 1 4 7 15 58 53 20 12 55 1 38 51 8 15 27 31 45 17 22 2 7 55 38 16 45 16 20 33 37 18 36 55 58 39 45 32 39 45 50 41 42 11 17 29 56 50 18 25 11 31 24 21 30 46 27 36 25 2 38 37 17 33 46 14 10 9 50 4 5 33 28 51 46 4 48 21 14 57 22 30 48 34 31 10 15 9 39 40 24 57 55 37 7 36 42 43 1 7 48 8 16 56 26 2 24 40 23 48 26 16 48 31 33 47 33 1 55 25 49 4 50 25 58 26 10 38 8 46 43 42 40 9 19 12 56 54 48 43 40 47 57 9 15 59 51 23 45 32 6 30 51 43 9 20 26 49 38 41 43 20 11 11 20 15 3 32 48 53 46 20 47 59 39 51 22 5 14 9 8 26 8 40 32 54 16 42 1 52 54 52 50 13 5 31 36 37 35 8 5 10 14 59 14 25 10 32 31 27 6 53 39 15 50 5 15 32 2 37 3 26 39 40 26 52 2 41 32 44 53 2 16 48 29 41 14 46 35 41 24 16 14 25 34 9 3 24 58 36 40 11 13 48 47 17 54 5 31 22 34 2 10 44 33 46 16 55 56 44 20 8 28 2 56 3 24 26 35 20 24 41 9 58 9 8 45 36 27 28 45 28 4 51 27 50 7 24 50 23 14 56 9 19 8 10 47 15 3 24 16 22 57 50 34 3 8 55 59 33 49 32 47 7 20 51 20 39 45 18 53 14 31 20 56 40 54 2 16 31 53 43 38 32 31 17 6 33 36 53 38 30 35 11 50 7 19 22 34 8 16 44 29 16 19 29 6 26 38 11 53 21 47 53 50 55 38 37 50 42 20 3 49 46 54 48 38 5 20 41 47 39 55 59 55 23 22 55 15 18 41 58 51 11 37 54 26 40 17 31 12 22 53 23 56 53 44 54 26 43 59 44 59 37 5 37 12 34 21 33 7 13 47 19 11 48 30 17 25 13 19 59 12 37 2 6 11 15 5 7 20 55 52 40 54 56 42 58 33 57 5 21 39 59 6 35 57 53 52 56 57 19 41 57 48 18 7 40 4 35 42 47 44 42 25 18 35 8 4 44 45 17 36 42 11 1 36 33 48 3 35 57 36 19 37 31 59 52 55 57 30 24 30 24 52 4 11 19 52 9 20 59 45 43 11 46 40 10 9 54 7 12 58 41 28 32 35 24 50 16 5 17 3 30 24 15 55 55 48 38 13 50 51 21 6 7 7 35 41 49 28 51 15 49 1 45 13 10 46 7 58 33 31 38 5 48 55 46 44 11 40 40 39 17 47 21 46 22 37 9 39 1 36 31 49 53 31 25 30 27 56 22 24 29 8 47 41 5 35 36 16 7 3 25 59 13 20 51 50 49 3 40 18 5 48 44 46 32 33 42 15 22 2 28 59 51 43 34 30 51 21 52 16 28 20 42 8 13 20 3 18 44 27 44 35 10 57 12 50 56 47 15 12 19 28 7 9 52 8 42 27 40 49 27 36 38 45 48 36 52 36 17 53 15 18 37 8 7 31 15 26 57 10 30 9 18 6 44 28 26 57 15 39 21 17 50 13 31 3 23 25 15 53 47 7 14 49 10 50 32 48 2 29 25 43 2 40 41 16 36 3 18 57 47 42 47 15 30 11 5 25 44 7 1 32 56 46 37 5 53 50 16 33 46 37 59 17 52 5 45 15 9 1 54 37 8 4 51 16 28 32 29 53 58 13 13 25 46 1 56 32 29 28 6 47 59 29 26 5 58 26 33 38 47 17 20 31 50 2 38 48 49 22 37 48 56 37 51 40 46 21 32 40 6 40 53 45 51 57 16 52 14 50 27 3 27 33 35 29 59 1 13 24 26 2 1 53 21 47 33 56 54 46 21 10 8 33 57 4 15 12 59 26 34 40 5 43 42 45 51 38 36 54 59 57 48 22 3 55 3 54 27 55 30 17 30 10 16 35 24 54 59 49 11 10 52 27 58 21 12 10 58 2 33 8 6 16 3 9 52 57 4 3 21 6 53 24 12 40 45 1 29 9 34 52 39 55 10 51 11 33 18 49 3 43 36 4 9 4 11 30 21 55 17 24 18 24 50 1 10 8 59 47 44 5 3 54 29 22 17 20 33 40 29 30 7 53 33 36 44 33 40 7 2 28 33 51 3 46 53 36 37 9 52 23 39 44 47 20 44 29 48 57 32 45 16 19 29 55 26 58 24 58 27 56 8 22 57 22 40 23 6 49 56 25 58 40 41 52 40 3 31 51 31 50 7 43 5 33 40 51 47 11 35 10 49 6 38 41 46 41 11 34 12 30 13 11 58 10 8 16 59 18 19 16 26 7 42 48 2 18 34 14 13 40 24 25 12 41 31 59 26 29 16 47 31 41 47 50 57 54 53 50 42 17 53 20 27 41 7 5 23 23 37 6 49 24 57 19 9 26 13 22 11 50 59 35 43 17 58 12 41 49 41 53 38 15 21 2 16 7 50 25 53 15 50 37 9 35 21 55 13 23 39 17 54 15 19 46 35 10 20 37 41 29 10 19 58 31 3 28 43 1 46 48 15 54 57 16 34 59 56 7 33 52 33 43 43 41 41 29 41 45 30 21 52 41 28 23 59 18 5 4 25 36 23 20 54 3 44 50 45 7 59 10 58 47 23 15 50 7 13 59 47 32 29 1 29 1 7 43 15 46 45 23 22 40 42 48 46 36 59 44 39 16 55 34 43 9 44 13 19 3 55 38 9 5 47 31 30 27 24 12 18 19 51 3 18 24 55 34 7 32 45 47 59 16 31 21 11 19 55 44 52 26 34 45 25 26 34 13 45 54 35 21 13 10 24 52 39 10 26 25 12 18 30 32 21 5 29 19 46 54 47 15 9 6 51 41 7 25 48 25 44 49 31 48 57 28 40 25 27 20 58 5 45 25 56 32 35 57 5 3 36 21 6 7 46 11 21 10 11 15 38 36 48 6 30 31 23 2 26 5 10 3 31 51 37 5 53 3 19 18 6 34 43 36 45 49 34 18 23 47 17 37 50 38 9 47 49 25 17 25 37 23 24 43 59 34 43 46 47 35 12 13 19 18 31 42 32 8 43 17 7 22 40 34 2 24 51 47 49 42 30 40 2 29 52 49 58 9 56 42 46 46 46 30 40 46 45 57 58 1 51 34 38 37 55 6 6 51 40 34 9 30 2 21 43 11 21 23 55 31 25 3 43 59 58 18 38 30 36 13 44 35 28 1 36 33 32 51 39 30 57 33 32 39 55 16 1 50 44 10 30 53 48 47 30 3 47 45 34 29 6 29 15 36 20 41 26 54 54 27 2 21 37 35 22 39 10 1 1 16 56 13 1 56 29 11 30 4 37 26 37 20 35 5 4 23 56 44 23 13 3 57 24 17 59 29 31 10 11 8 11 31 24 5 16 14 14 16 39 36 12 31 32 54 5 48 19 27 47 3 57 56 5 15 55 23 53 47 25 16 14 43 43 15 48 8 39 41 22 24 21 30 16 40 22 55 23 6 25 20 55 3 51 10 56 45 5 3 26 29 59 42 48 57 35 20 27 19 10 25 10 50 3 10 14 26 47 12 11 27 46 26 56 7 55 52 38 26 9 2 20 5 44 55 3 49 25 15 28 29 53 12 17 14 10 36 24 44 54 23 6 53 26 3 43 10 6 8 3 20 35 5 6 5 16 10 42 1 57 1 31 37 48 54 25 51 57 42 51 48 26 10 59 13 21 9 45 6 16 28 35 16 23 31 29 14 21 59 12 12 42 24 26 48 45 54 9 22 12 8 25 37 59 38 5 58 59 33 58 5 43 14 44 46 28 36 23 52 10 53 42 30 45 2 13 10 5 56 18 42 58 47 54 53 21 29 53 43 8 10 21 59 40 2 10 9 34 13 13 42 58 41 41 41 23 22 28 24 39 3 19 27 32 2 42 10 34 11 33 37 15 3 24 49 36 21 24 53 8 4 10 22 18 43 40 18 43 38 11 51 26 3 6 39 26 50 45 45 58 21 3 45 44 16 8 30 39 3 57 3 22 46 18 26 5 3 35 11 22 56 33 11 26 10 34 10 50 6 49 31 11 47 5 40 56 10 8 42 23 10 48 39 47 25 14 54 4 58 21 45 41 7 39 39 30 8 46 21 56 53 21 16 7 59 27 26 48 6 48 58 16 23 13 47 43 2 27 3 47 46 58 43 53 52 52 47 11 31 59 21 9 31 33 48 33 3 11 19 21 37 42 13 44 24 45 7 54 43 10 59 55 5 25 41 53 4 58 38 12 40 27 1 15 56 35 18 27 46 28 28 33 1 28 21 25 45 46 5 52 39 36 12 9 13 45 24 35 50 36 37 13 33 16 12 50 30 6 53 35 42 24 3 23 57 53 51 20 53 22 6 10 41 14 44 21 50 52 53 57 37 32 37 49 25 55 44 45 57 20 48 52 57 13 25 39 2 50 49 22 23 8 43 46 41 44 37 14 48 29 30 59 47 39 41 41 45 5 44 46 51 56 31 37 53 31 55 17 41 48 26 56 38 12 36 40 28 28 18 14 50 14 49 41 14 23 46 43 53 39 41 10 52 49 11 37 13 39 25 44 26 26 6 49 38 25 21 14 25 45 54 29 58 6 20 40 17 51 57 43 35 56 45 12 23 1 38 1 54 3 28 55 49 20 10 57 30 4 10 56 30 51 26 3 11 55 11 30 56 34 25 31 8 11 26 27 35 18 46 28 4 5 25 4 51 59 37 9 34 44 22 38 18 11 11 35 51 25 8 20 2 50 1 10 26 8 30 31 24 32 43 14 1 28 37 45 15 26 13 36 52 43 36 33 34 18 41 21 4 45 38 44 21 23 22 59 21 24 27 35 50 22 1 4 34 16 33 20 43 59 8 34 2 10 21 33 11 6 32 40 33 54 33 49 26 19 26 3 46 16 12 4 2 47 38 16 56 41 44 43 6 14 31 46 52 2 13 45 28 11 15 47 26 25 47 34 13 39 24 32 21 44 52 51 57 57 36 42 47 17 29 7 54 57 51 4 38 24 7 10 7 38 1 16 5 26 49 29 13 59 7 54 1 59 58 45 56 21 27 25 48 22 37 55 2 29 11 24 26 39 6 45 14 22 57 8 46 8 15 15 31 4 37 14 2 51 18 42 43 37 7 7 1 56 46 37 22 11 7 58 35 23 44 51 56 28 24 29 20 11 10 32 9 5 2 59 18 20 1 3 43 19 37 48 2 45 33 2 5 22 23 9 17 2 31 38 56 15 56 36 55 2 22 53 17 12 31 28 31 14 38 35 18 29 28 19 3 37 8 20 46 32 32 55 29 29 57 19 17 26 22 18 25 12 41 53 33 57 44 15 56 42 23 16 59 40 14 43 34 39 10 13 40 20 40 5 17 49 10 41 9 5 47 44 46 34 41 1 34 24 46 21 29 31 9 44 44 3 16 40 3 52 58 3 48 12 28 15 47 52 35 10 49 19 57 57 24 13 18 22 15 19 26 38 35 32 32 40 23 59 52 18 50 43 23 30 7 45 57 12 57 31 59 6 3 42 30 57 21 10 15 14 23 16 20 38 38 20 57 24 11 36 11 58 39 13 53 31 59 7 42 38 32 39 47 9 40 27 35 23 14 44 40 20 7 54 18 18 11 1 44 27 9 28 24 44 17 6 1 52 22 39 23 15 29 25 52 39 9 42 18 4 39 11 16 23 18 10 6 13 54 25 28 2 12 29 1 9 33 6 8 26 21 2 21 20 18 29 23 23 49 32 20 14 37 44 15 21 16 30 40 22 16 32 38 57 11 53 42 43 56 57 47 57 45 44 27 19 8 29 36 15 26 46 56 59 21 59 22 2 3 55 47 43 18 55 34 55 29 16 1 52 42 31 52 30 36 16 15 5 11 22 12 15 41 23 17 33 15 7 47 18 21 2 24 26 45 50 41 55 26 49 46 25 10 41 10 47 38 50 17 1 41 50 24 7 13 10 5 33 10 47 54 18 16 23 35 57 35 32 42 23 32 47 4 4 35 27 33 12 26 25 13 35 28 42 31 27 3 46 54 9 55 21 32 51 28 7 50 29 29 8 25 45 33 11 35 39 52 31 42 32 3 17 29 24 6 57 58 52 26 38 52 52 38 54 47 44 29 53 45 27 27 40 43 15 32 58 22 35 40 16 32 3 3 34 7 32 46 8 30 7 29 5 36 21 41 49 33 50 53 9 46 1 15 17 25 43 34 33 59 38 3 31 53 4 51 7 46 13 31 51 54 40 55 17 11 6 15 53 50 38 11 33 20 45 9 49 5 18 1 57 16 33 40 24 26 48 32 52 39 58 29 45 54 27 19 34 58 16 30 22 56 2 10 29 44 28 59 48 2 2 42 20 7 59 2 37 42 30 17 20 53 22 41 24 30 24 33 25 58 29 3 10 4 22 9 55 26 32 37 14 14 11 44 45 17 16 42 53 58 10 10 57 36 29 12 27 53 40 22 47 27 1 1 42 53 42 52 59 41 49 58 54 18 56 49 26 48 20 3 22 21 30 14 41 46 8 10 48 12 57 34 1 39 8 19 30 5 7 25 54 43 2 41 37 47 46 6 27 54 52 12 23 53 30 13 48 18 43 34 46 52 21 17 53 36 14 26 34 35 30 3 13 25 49 25 54 18 25 1 53 39 57 18 52 52 26 2 13 31 3 25 42 41 39 39 55 38 41 56 36 19 8 7 55 20 26 10 17 6 14 41 36 18 2 25 28 25 54 43 24 45 48 32 17 23 51 26 34 40 32 55 28 58 33 29 22 22 24 21 6 2 40 18 53 19 38 21 6 54 41 36 33 11 41 14 46 34 48 38 42 6 20 29 18 32 10 35 32 44 39 42 5 51 34 10 23 53 18 35 34 45 39 22 30 57 23 29 9 5 27 48 38 17 58 35 37 12 4 40 54 52 30 51 10 35 46 33 37 23 12 15 1 41 4 40 32 1 58 15 41 21 43 44 38 30 6 59 4 4 40 23 18 49 53 36 10 34 51 57 14 37 24 46 55 42 53 56 48 45 42 55 20 48 2 26 18 30 55 7 49 54 31 42 49 39 21 26 10 23 17 37 6 18 13 2 7 40 56 38 20 5 44 26 7 22 37 12 42 24 57 16 13 10 15 31 20 39 44 29 12 12 27 3 23 3 53 46 43 33 39 29 52 41 55 34 17 56 6 23 44 37 7 25 12 28 44 11 47 6 58 5 52 20 18 39 29 4 57 38 35 18 39 25 46 27 41 27 20 6 20 14 59 59 51 44 18 42 45 11 35 9 39 2 13 29 34 53 51 8 54 55 31 18 17 15 31 25 13 32 42 59 24 3 27 19 6 45 6 58 25 14 33 54 46 41 36 28 4 40 16 6 9 4 14 12 32 2 7 40 32 49 45 25 10 49 15 59 41 54 32 18 22 43 57 40 18 8 5 36 25 31 11 36 58 44 15 54 3 52 59 10 48 31 47 35 47 24 26 17 2 36 13 56 11 14 12 10 24 18 48 31 18 49 22 11 33 52 8 5 33 56 38 31 12 30 49 11 47 3 1 19 11 47 13 36 27 2 57 57 51 32 50 45 41 9 44 36 35 59 10 4 29 55 12 38 38 40 30 3 54 51 21 6 22 31 50 21 2 3 50 15 9 2 20 58 50 29 53 55 45 19 12 3 59 21 24 2 15 47 53 21 6 57 13 15 43 13 30 18 16 54 1 13 51 43 30 39 2 25 17 31 25 12 29 51 16 41 38 45 15 55 27 31 46 36 52 45 17 28 29 49 45 20 29 12 42 35 48 41 47 52 59 54 29 17 22 57 53 26 33 10 7 12 29 54 35 42 26 56 52 20 40 7 34 45 3 39 57 55 17 1 32 34 32 30 21 45 17 42 3 59 22 9 18 19 42 26 1 48 52 7 41 59 25 39 1 21 40 38 52 25 7 52 46 14 15 21 48 52 24 25 18 51 32 25 49 28 47 24 11 22 2 5 3 53 57 53 40 4 39 34 18 26 56 14 51 29 42 2 44 23 50 13 15 47 31 40 31 49 57 12 14 25 10 7 10 23 4 17 26 50 3 6 56 9 29 2 58 45 35 58 19 29 29 16 10 39 48 46 34 45 12 31 56 8 2 58 14 35 23 19 59 34 53 20 49 21 21 47 27 9 48 9 13 49 23 37 19 47 22 8 15 27 28 10 18 12 12 36 32 41 33 48 45 52 27 19 32 36 46 43 48 16 2 30 29 52 43 37 55 56 34 17 44 51 51 21 26 7 14 18 43 23 57 1 18 28 48 20 6 28 19 20 54 44 25 35 29 31 19 56 49 16 10 31 17 45 50 37 34 32 52 29 2 10 50 31 7 46 4 1 44 25 5 26 12 21 51 20 30 28 8 16 47 58 40 8 26 52 15 44 34 49 21 9 25 25 26 22 21 3 23 25 29 58 45 16 48 12 49 34 2 40 59 27 5 9 51 54 41 42 40 18 4 10 8 15 44 38 32 48 25 43 5 55 45 23 6 25 6 48 4 55 18 33 29 44 22 15 59 5 37 50 57 14 28 50 24 29 51 41 19 29 9 24 15 58 50 51 57 21 18 48 23 3 15 17 14 55 56 39 4 44 22 13 32 17 43 5 41 8 6 10 14 33 2 29 42 27 48 18 29 55 57 4 5 49 13 7 24 24 14 35 57 56 41 30 32 41 47 23 4 39 47 6 39 17 18 59 50 29 39 54 49 12 53 7 32 35 20 47 48 24 57 40 16 51 15 56 43 2 48 32 14 52 20 3 14 46 42 53 14 40 11 49 27 13 13 17 14 53 39 42 30 21 15 4 50 29 53 16 21 24 23 6 28 52 22 11 1 10 46 16 30 47 40 42 30 29 37 10 40 55 50 59 46 24 30 15 57 33 52 45 29 35 44 7 7 38 6 13 42 22 49 22 31 45 48 30 43 25 20 41 25 51 27 35 30 32 18 58 2 38 38 5 35 44 41 32 17 55 28 59 23 48 18 37 12 13 26 40 44 49 2 38 54 4 4 7 15 36 20 59 31 56 49 14 19 37 47 24 41 25 50 6 38 54 44 5 42 21 49 5 59 1 2 47 17 44 49 16 51 45 39 56 13 14 26 8 38 9 43 41 2 38 39 46 1 43 19 13 27 10 54 11 55 50 8 12 35 8 24 18 2 10 44 49 43 14 8 9 3 37 9 25 48 19 9 8 17 2 16 54 51 7 52 22 35 6 26 13 18 48 32 32 39 4 28 37 7 28 56 39 29 17 54 23 29 43 15 44 19 28 21 50 25 36 59 4 2 47 49 50 38 45 22 2 42 1 21 45 14 33 55 32 41 12 41 28 18 57 2 26 15 53 23 5 33 55 13 31 41 7 53 58 5 40 13 57 42 57 13 57 37 9 11 6 23 56 47 59 29 58 55 53 27 26 34 52 52 31 17 48 52 21 6 42 40 20 6 8 17 2 19 9 16 47 28 35 45 1 47 32 10 45 44 5 28 20 47 56 9 32 20 8 24 55 35 22 58 6 42 27 28 12 10 50 10 43 52 12 26 41 3 10 23 43 31 22 12 56 50 26 43 38 59 40 37 38 44 12 31 55 15 54 51 37 57 44 35 29 4 58 22 44 5 54 24 46 19 26 46 22 16 5 52 57 36 48 23 8 6 33 2 48 7 29 18 5 15 31 25 30 13 52 23 18 55 26 30 21 6 2 32 2 43 20 28 11 50 5 27 47 14 1 58 51 21 10 15 5 37 59 55 52 53 48 5 11 1 57 43 56 9 30 36 17 54 3 25 51 12 24 7 56 42 7 54 38 1 58 7 47 34 38 19 42 56 33 9 11 35 58 21 35 28 41 2 11 3 52 55 33 18 7 52 29 22 48 38 41 43 37 3 7 15 37 2 18 28 47 58 20 30 22 3 42 17 49 17 33 55 12 10 11 59 21 7 10 53 9 5 36 10 18 5 19 40 31 52 52 19 17 42 55 32 28 38 23 5 27 32 21 47 42 16 54 16 36 38 3 36 33 1 44 8 45 58 5 45 31 34 49 13 12 22 25 26 30 31 23 49 32 55 48 12 19 22 29 16 20 23 34 52 39 58 18 14 52 21 42 11 29 3 27 24 17 50 32 25 8 18 12 18 45 24 26 20 27 24 37 34 53 46 13 3 1 33 32 12 30 53 8 29 7 16 4 32 58 4 32 10 12 57 54 32 24 19 5 34 51 45 12 24 36 45 57 56 11 35 15 24 9 10 19 22 55 53 11 42 55 32 6 38 58 3 28 3 59 6 3 34 19 15 3 29 40 12 54 52 38 31 19 52 31 52 52 5 47 12 41 44 26 19 29 3 9 33 2 3 18 25 32 21 8 37 59 56 45 28 16 55 55 36 11 27 48 58 18 39 59 50 2 1 53 23 49 12 38 27 23 15 12 58 42 37 11 58 13 50 14 22 14 27 30 8 6 9 16 12 25 35 13 48 4 56 27 58 58 59 58 35 50 8 11 8 22 42 18 45 14 18 47 48 32 13 57 17 45 3 43 10 22 5 46 21 34 30 22 25 48 8 23 41 57 18 7 29 12 16 5 48 56 41 56 11 33 9 44 50 55 29 34 52 49 18 37 44 4 31 20 23 43 32 59 6 48 29 5 49 12 21 4 38 16 46 25 40 15 43 27 14 47 42 10 55 8 41 35 40 48 13 55 27 3 49 9 18 12 59 5 36 31 1 26 36 52 7 12 28 16 39 30 52 18 43 26 15 53 37 39 56 17 36 23 38 25 24 12 53 40 48 41 52 49 56 17 38 5 34 52 22 10 46 20 38 3 3 14 59 14 6 14 41 2 2 11 25 27 34 36 13 29 28 14 38 9 29 35 27 42 24 7 29 29 55 20 52 40 30 4 39 12 27 6 10 19 24 41 20 9 12 57 27 8 46 19 52 36 55 57 19 53 12 46 37 25 4 28 8 29 5 37 34 46 16 34 43 38 28 40 3 23 30 9 9 25 2 58 16 14 19 42 29 26 49 44 57 19 52 29 57 18 3 49 55 33 45 2 42 23 22 3 12 57 55 3 35 5 53 53 50 36 2 14 37 45 11 6 24 5 57 17 35 58 47 19 7 1 24 21 7 35 24 20 7 57 45 58 8 9 35 56 4 26 39 34 14 9 45 43 4 39 11 27 35 36 2 10 50 24 32 50 2 39 24 22 37 56 2 56 16 45 43 11 9 38 4 1 13 29 28 46 12 51 29 48 43 28 49 29 18 27 46 49 26 45 13 7 33 49 39 24 33 33 28 42 4 17 14 24 27 33 3 9 47 35 59 26 14 9 13 6 53 29 35 25 6 12 10 33 55 27 35 33 36 34 27 2 28 50 11 14 2 12 15 42 43 14 39 32 38 24 58 46 56 32 30 41 7 32 56 14 46 52 52 29 35 36 16 17 57 29 51 5 55 31 50 54 49 53 38 26 4 2 48 8 37 10 36 32 35 25 7 3 30 31 57 13 58 43 14 51 27 43 15 56 22 3 10 3 11 16 23 11 16 54 44 11 53 57 49 22 4 28 16 53 34 8 16 40 52 13 43 14 17 3 10 7 26 16 8 58 39 33 35 39 37 34 19 10 14 1 58 14 23 43 28 53 18 53 59 15 7 52 26 1 6 32 45 3 6 24 50 56 9 5 49 28 53 32 49 39 24 21 17 11 48 51 30 50 13 58 30 51 38 50 7 15 8 12 56 17 29 55 36 47 10 3 49 8 49 25 12 44 38 30 47 26 48 15 41 2 34 5 26 55 38 31 11 29 14 47 8 19 24 47 18 41 39 41 24 54 41 58 54 38 29 31 33 34 26 51 2 34 4 4 16 29 26 25 19 25 10 35 23 1 35 57 13 11 53 58 20 18 20 47 27 33 27 55 25 7 51 8 47 54 8 51 22 11 47 8 42 28 13 11 59 22 55 46 34 54 57 17 31 43 19 2 7 10 55 30 12 57 2 22 55 56 18 39 59 34 16 39 32 21 10 54 42 57 29 49 57 19 43 18 34 40 57 52 5 42 35 14 45 13 8 4 53 19 42 49 53 21 3 13 25 37 42 13 12 23 1 50 8 54 50 4 9 49 9 24 8 25 34 41 41 36 34 35 22 8 31 35 5 46 42 21 36 22 10 59 48 34 4 58 38 25 13 48 57 33 2 44 4 2 33 44 49 11 58 40 7 6 23 36 8 38 18 44 18 57 28 51 5 8 45 53 43 21 42 9 36 31 1 48 29 17 23 12 16 51 14 13 12 48 41 15 49 42 12 49 25 19 43 36 25 24 26 13 36 49 17 43 44 32 17 14 12 10 5 25 18 59 14 14 22 7 40 2 19 28 30 22 42 48 6 58 57 56 55 2 33 58 53 26 3 54 16 4 42 9 25 26 21 25 47 28 45 22 45 46 58 29 7 18 37 7 31 24 44 1 59 3 37 10 41 49 10 37 10 56 48 41 13 48 52 20 10 30 28 56 24 33 57 23 35 10 49 46 32 24 58 49 30 41 6 2 19 36 39 8 34 21 43 11 3 4 10 51 53 36 24 32 57 55 57 54 54 30 28 49 20 41 26 59 50 48 58 57 31 2 37 54 53 52 57 50 32 24 23 31 15 39 11 46 53 49 20 34 3 37 4 52 20 7 26 33 31 59 59 33 58 44 40 8 33 50 18 3 43 13 22 21 3 56 18 24 13 13 6 3 19 37 4 41 49 10 44 52 22 57 25 29 59 51 51 49 37 14 55 53 41 53 19 50 6 35 28 11 4 13 42 30 47 47 44 10 6 27 23 21 21 57 15 49 45 59 50 7 16 42 49 44 32 59 13 17 59 36 26 56 53 46 25 55 10 25 19 58 41 30 46 57 26 56 17 17 54 17 32 54 35 57 43 2 33 27 43 50 31 2 5 54 53 36 6 48 47 43 37 10 48 30 4 19 23 55 42 48 47 24 33 33 51 7 10 54 8 52 29 57 22 43 28 49 43 4 28 23 9 17 57 1 52 20 3 30 55 13 16 46 51 5 30 54 27 35 14 4 22 12 56 45 45 11 58 50 8 41 24 12 45 50 19 34 19 38 47 14 7 18 19 36 51 35 14 58 26 32 48 6 18 15 14 49 30 19 58 50 15 7 9 30 56 18 47 23 14 54 46 51 46 19 12 1 12 22 6 13 59 23 8 53 22 6 27 25 14 32 27 54 29 26 51 28 20 16 54 36 13 32 37 9 36 13 14 56 34 17 31 46 9 23 45 41 2 4 54 16 8 55 46 49 37 35 55 19 28 33 23 27 22 59 8 24 42 29 11 35 37 8 39 44 42 9 31 11 12 13 47 35 3 53 57 29 45 22 43 53 54 29 17 32 33 37 42 1 24 32 7 26 21 55 44 47 9 51 30 12 33 43 59 5 5 59 58 40 56 10 39 56 56 15 42 52 50 9 2 6 47 50 29 45 56 32 25 41 33 3 30 5 51 50 30 44 57 40 14 33 27 24 45 20 58 34 14 46 18 23 22 56 1 11 58 29 47 39 5 14 54 10 2 8 39 32 9 49 15 48 27 22 43 9 22 34 57 48 26 19 1 3 31 30 29 52 55 9 15 49 34 55 45 11 15 2 17 7 20 49 22 8 12 41 47 26 5 38 30 49 36 3 36 27 1 22 32 54 26 2 26 30 41 19 43 37 41 56 3 45 16 38 33 18 54 40 9 15 20 3 41 32 11 44 9 6 29 4 57 24 8 41 9 15 33 5 40 34 30 49 26 42 38 35 45 52 26 32 44 7 33 40 18 37 33 48 31 32 43 25 21 41 41 48 26 50 31 48 49 52 32 47 7 16 13 49 13 53 42 47 19 48 17 53 17 58 25 24 21 16 58 12 25 56 29 43 4 48 2 45 37 41 9 25 10 58 10 22 38 40 33 50 3 2 41 41 29 22 26 22 17 29 19 30 42 34 31 19 12 13 8 14 29 32 43 52 6 41 34 17 35 34 5 35 39 33 32 42 20 30 43 37 44 37 55 54 1 59 44 33 52 23 37 23 2 57 39 44 37 18 4 42 13 12 11 9 49 10 59 51 20 30 4 20 50 16 49 55 2 40 29 36 26 50 22 39 48 56 30 30 20 32 46 21 51 56 34 25 3 51 28 11 1 4 32 13 22 49 28 3 26 5 32 33 33 56 34 39 30 7 16 52 51 17 13 19 37 50 4 16 31 46 37 53 46 7 54 29 38 52 33 42 16 44 32 19 29 34 22 45 31 56 53 15 20 4 54 5 51 32 41 23 51 29 25 56 58 1 15 17 15 2 36 22 11 16 55 54 45 7 28 57 17 4 55 41 44 45 25 48 23 24 18 8 35 26 46 28 23 13 57 43 7 38 17 19 13 9 51 26 16 20 2 25 31 47 46 19 31 37 7 30 9 40 3 34 44 20 42 21 57 13 15 34 24 10 53 9 12 34 51 19 16 55 48 46 56 10 39 1 57 23 53 25 47 31 44 14 34 1 2 4 44 30 41 12 44 18 22 24 13 17 59 25 1 18 54 4 6 25 45 34 44 59 43 35 48 20 55 9 12 51 59 45 19 51 15 57 54 57 34 47 54 37 13 13 46 53 8 10 13 10 21 55 23 35 39 37 56 10 16 49 18 7 40 9 34 40 14 6 54 25 30 39 55 9 41 44 35 38 40 17 22 53 43 51 55 21 26 25 1 12 16 18 32 4 54 6 44 29 12 5 18 50 56 32 32 36 4 43 20 24 37 40 46 50 12 35 25 6 32 5 45 1 44 34 12 16 14 12 46 12 32 32 16 39 14 27 55 39 17 53 52 3 44 27 7 2 51 55 58 31 48 12 46 22 16 55 32 46 58 3 38 43 33 16 58 2 18 52 19 6 16 21 1 55 23 59 53 24 3 10 56 6 55 55 40 50 45 55 26 25 30 40 15 52 32 3 25 55 47 54 22 3 43 16 35 40 43 25 43 38 39 57 52 55 34 57 14 37 5 46 34 14 59 11 49 30 56 19 53 55 22 18 51 43 12 43 52 11 53 28 37 59 27 23 18 26 23 3 57 30 35 30 2 24 2 26 33 32 39 14 3 26 48 15 14 30 41 40 47 40 16 3 55 20 51 56 24 20 43 14 53 19 57 8 15 16 6 6 43 36 7 57 22 23 33 21 43 14 28 48 9 51 58 36 16 13 45 59 19 2 19 20 14 2 21 22 48 50 55 28 4 13 25 32 28 55 42 22 49 10 18 40 19 50 44 45 4 40 55 37 7 46 19 14 42 9 49 38 49 27 43 27 37 3 42 30 34 44 42 29 5 4 47 29 35 32 57 35 51 52 36 18 27 47 12 56 3 19 14 29 6 38 45 2 26 24 2 43 54 51 17 21 22 57 27 6 25 44 50 48 32 15 43 7 54 40 17 4 33 1 6 43 54 10 27 56 17 6 3 41 32 32 14 46 34 23 30 25 12 44 40 26 59 54 14 52 41 47 32 29 15 29 14 6 39 4 33 38 1 12 46 12 31 25 28 33 8 5 39 23 59 13 9 32 50 31 55 21 43 7 24 33 30 23 35 39 27 29 22 50 20 4 58 40 36 47 40 47 28 15 46 20 40 42 55 52 50 13 54 34 50 46 12 26 17 50 37 28 54 44 21 35 39 48 59 48 9 29 33 19 11 12 18 27 14 19 25 11 49 40 38 20 29 40 26 25 35 11 20 42 53 20 57 34 20 48 53 30 49 22 32 24 32 57 28 4 12 42 18 35 35 39 10 5 12 28 15 34 18 26 48 27 29 35 12 3 58 58 45 52 11 19 10 23 56 31 19 26 5 40 36 10 10 59 12 43 25 50 56 22 25 47 50 1 18 6 26 59 47 42 7 21 9 21 37 50 59 50 8 7 44 16 59 30 23 27 42 29 26 32 59 14 11 14 24 29 5 18 25 21 43 56 49 24 3 24 17 31 39 1 49 29 27 1 6 16 48 38 11 21 6 10 2 3 59 6 31 54 35 51 9 54 45 14 43 34 52 44 37 20 23 33 50 10 25 11 47 32 50 56 10 26 59 22 37 35 37 8 3 3 9 51 17 35 36 53 35 48 20 37 40 27 46 31 53 20 51 6 20 59 53 32 10 5 26 56 52 59 24 16 51 23 55 17 37 40 4 33 23 29 37 44 59 2 23 52 36 18 17 22 36 21 1 12 6 34 54 30 45 33 57 44 35 21 26 15 49 48 38 9 25 22 34 2 59 33 1 12 29 42 16 16 46 47 7 30 24 31 23 21 4 12 11 43 32 44 56 37 8 5 26 30 38 33 33 28 26 43 9 20 37 1 42 52 26 8 58 40 21 47 38 19 3 17 30 55 39 47 11 48 28 47 14 6 11 27 41 44 58 15 26 20 34 51 18 8 29 51 14 40 18 19 52 5 17 30 28 50 35 51 56 37 42 30 11 8 51 35 56 25 29 5 15 8 37 52 25 31 40 3 25 33 56 10 32 33 58 11 22 51 11 28 10 37 30 7 17 9 34 37 15 6 46 43 37 10 53 31 34 19 7 9 29 17 30 14 19 12 24 4 42 54 20 47 42 23 40 21 49 10 2 33 20 36 32 5 10 20 17 15 7 39 12 19 12 37 38 17 4 44 19 4 46 51 39 58 13 23 14 29 18 5 56 39 44 13 22 4 22 23 47 12 47 2 26 25 6 27 36 25 10 15 21 5 27 49 2 46 43 18 48 52 53 36 5 13 57 43 13 52 4 8 45 27 24 4 53 35 55 31 51 38 14 20 2 51 22 54 44 51 43 53 24 42 37 46 58 44 10 24 45 22 53 25 59 5 56 43 26 53 24 56 15 8 48 33 3 27 23 30 15 14 21 17 29 54 15 56 37 4 49 57 33 49 8 57 41 54 18 2 43 35 35 4 30 8 36 29 22 34 2 3 45 14 14 27 48 10 49 24 27 9 3 38 28 38 48 33 21 4 33 55 4 40 37 58 28 19 43 55 57 54 30 26 25 21 25 33 49 25 40 53 32 28 6 38 47 2 3 34 57 28 49 29 44 28 19 57 10 49 57 51 51 29 15 50 19 27 2 17 38 10 33 28 24 26 39 54 16 31 24 46 32 6 10 23 31 59 13 16 21 1 15 55 20 39 1 24 18 50 13 13 27 58 40 17 23 18 25 18 5 16 9 53 27 9 14 25 18 27 9 40 42 18 27 56 50 59 42 17 3 59 22 54 35 29 11 23 23 59 1 59 50 43 50 19 29 51 45 7 38 23 50 34 47 15 51 5 40 40 39 28 16 6 9 28 51 3 59 45 35 38 28 17 37 2 1 4 56 34 42 30 49 13 36 40 38 3 3 40 15 4 30 30 11 45 27 45 17 38 54 11 47 18 17 21 58 54 10 38 52 47 36 33 13 19 33 59 37 52 41 22 40 20 23 40 22 45 11 33 52 58 30 11 26 26 14 46 27 4 22 53 21 37 15 9 14 11 28 12 50 6 14 56 1 45 25 13 41 36 12 38 12 51 50 33 47 10 54 18 57 16 27 26 37 19 29 56 34 53 23 3 40 7 50 29 2 49 50 37 57 32 52 29 42 3 57 27 13 33 42 18 41 13 30 7 58 30 38 2 49 47 9 44 16 26 30 39 20 3 3 40 45 51 30 10 1 1 45 5 6 18 50 3 19 23 23 38 13 47 17 9 21 19 52 18 31 4 39 23 2 12 54 33 8 14 26 23 43 28 3 47 10 57 51 26 18 16 23 19 28 23 52 23 29 49 4 41 10 19 45 6 44 49 51 14 59 26 37 19 39 20 7 23 26 7 45 49 19 1 12 30 4 55 11 19 9 37 30 6 40 45 45 18 59 23 47 22 11 1 49 10 44 22 55 30 36 31 26 32 2 31 44 58 1 30 52 33 14 7 30 19 32 28 30 30 22 56 10 54 49 46 19 55 55 38 10 50 3 27 34 22 46 30 22 36 28 26 53 39 37 22 54 19 32 31 4 6 34 43 24 10 45 39 28 25 13 21 55 30 35 47 39 18 21 51 2 41 40 20 45 44 58 40 51 29 19 32 59 15 56 46 45 20 28 10 58 48 53 5 53 15 31 27 10 32 48 38 3 58 24 27 35 57 5 16 40 39 51 49 56 39 28 42 53 57 58 24 55 31 49 23 22 55 40 8 26 57 37 37 32 45 53 49 9 53 12 1 43 11 52 1 42 7 54 12 4 20 35 32 49 51 53 27 35 19 7 45 37 8 41 45 20 19 57 26 43 19 44 52 54 9 41 13 40 10 20 33 5 38 17 57 7 56 4 29 54 32 19 18 58 53 43 36 41 8 39 7 58 39 30 10 29 3 1 42 9 6 27 19 46 22 31 32 27 52 33 1 30 50 53 32 48 56 54 56 49 45 13 11 21 42 29 45 47 9 1 13 17 7 6 29 34 3 21 41 42 50 43 13 18 47 43 16 33 12 23 26 17 14 59 3 16 40 58 35 56 37 9 27 56 37 38 22 11 53 26 10 56 44 38 6 30 30 2 48 10 32 19 55 8 12 26 24 42 56 43 56 11 14 43 41 54 42 48 9 28 39 10 30 33 18 22 58 2 7 5 23 13 24 52 58 37 10 30 43 57 57 52 13 12 9 2 35 46 47 38 51 40 33 12 57 18 12 48 42 52 14 36 51 30 30 11 47 8 2 16 46 57 59 18 22 40 7 32 25 8 8 25 13 39 7 57 45 57 58 9 9 51 23 51 9 35 14 36 21 11 14 43 39 45 59 39 27 11 50 32 48 37 24 20 36 13 23 14 13 13 13 11 33 27 19 40 58 1 9 49 41 12 58 45 49 51 43 18 28 5 11 43 47 19 4 13 40 14 2 33 53 9 53 28 38 22 59 57 6 18 20 33 38 32 8 36 41 52 41 47 17 45 56 58 9 48 30 50 46 56 14 52 44 54 8 35 48 39 4 32 1 4 54 51 46 37 28 56 3 26 14 15 12 42 12 30 12 48 46 43 35 54 36 12 18 56 54 13 4 17 21 24 53 39 32 26 53 38 22 29 48 59 25 5 40 14 25 13 27 22 18 22 54 28 18 48 50 37 5 5 33 6 13 14 30 29 29 54 22 59 47 53 17 53 1 3 1 31 33 3 33 1 50 2 27 45 1 23 13 13 12 13 39 1 29 57 19 23 15 28 43 27 44 27 20 56 35 53 53 43 31 59 19 41 58 4 22 14 47 48 45 14 2 35 56 15 12 34 20 36 24 35 49 7 30 37 49 54 15 3 48 15 57 44 55 48 14 8 51 37 59 48 36 23 10 25 36 56 18 50 55 55 38 9 10 6 44 21 32 8 42 49 39 27 53 58 10 52 31 34 55 42 46 32 4 56 42 59 30 12 37 41 51 10 33 31 26 50 23 32 24 35 30 47 59 48 34 4 55 14 39 44 25 8 19 45 11 50 34 12 59 34 47 20 42 42 44 53 9 13 8 41 6 40 15 39 56 25 7 27 20 28 5 55 49 5 24 21 28 10 4 54 19 42 54 14 39 2 36 44 38 52 18 56 36 46 7 19 53 44 37 3 12 54 25 2 17 30 34 34 14 24 7 23 41 20 22 11 38 56 38 26 14 29 39 9 1 18 53 39 4 25 30 39 35 59 12 41 14 10 4 58 50 40 53 40 46 47 56 27 23 55 44 37 4 58 46 14 57 53 57 24 58 37 52 37 3 42 18 26 7 31 33 47 29 47 2 59 33 13 57 24 40 12 40 47 16 58 1 32 19 36 3 9 49 5 22 6 45 41 58 49 14 32 27 33 14 13 12 32 1 47 11 5 14 15 5 55 10 15 37 19 7 14 26 42 35 55 55 41 13 37 29 59 59 39 9 19 9 44 42 56 29 59 14 13 4 50 
// di
11398 10535 16563 32215 898 79 9272 13000 7216 3539 11788 3590 11217 16269 1630 7483 30754 522 11850 22611 3251 30977 22847 5001 4550 18326 32318 29887 21875 326 31210 1926 3489 29786 23043 10580 8507 28178 3537 10990 23380 5111 19584 3417 18612 14274 11345 6518 31407 4870 27992 25707 16644 13281 1886 12410 4564 29606 19463 25575 18977 20942 31272 2621 20594 6808 28520 3572 12300 5745 18750 31086 2828 9668 2411 15688 13472 17389 23654 18376 30476 1018 10600 2204 1678 29049 23047 8997 32891 20586 32527 31092 23633 23293 15225 3318 27810 14482 26240 23236 16687 1809 13035 19828 12758 7573 27853 20052 29273 32463 13498 14220 10543 12238 23881 12040 16247 11187 2049 28430 22193 1329 131 11120 10002 29329 861 20389 10771 23126 20561 7591 32391 26733 4074 30989 8103 3154 10823 24882 2114 20584 30468 22924 31587 21995 17331 5778 30904 13866 7746 32169 27236 24843 4619 3356 9057 17165 26995 16085 9994 20641 28981 16068 19262 6456 3675 25693 6933 3495 14887 32105 15595 11544 32419 26043 4001 14077 15934 29532 485 17801 2907 7291 22657 9792 16894 5517 13147 9652 14602 21613 13305 6513 17499 29455 9072 28281 28712 19133 23548 10034 29382 14647 17240 30444 18126 1697 20476 8719 12917 7306 29385 6369 25937 23828 25760 26071 25665 30903 7272 31907 5525 23568 24593 168 22619 25132 21580 9656 24278 31966 31417 25781 8846 20356 23820 16321 20021 1175 19739 2768 25017 29908 31632 12341 28843 9499 28772 7627 15274 8680 9484 7700 30260 23126 11753 8210 19506 15720 15155 10698 192 21844 23457 25655 10967 16661 12217 7709 24965 13918 10462 28605 20136 15603 14776 26289 26836 809 11673 2637 20038 24783 1146 4896 10282 12688 16486 22129 5195 19006 30663 14978 902 23893 18286 30377 31262 21205 21635 4616 10495 7805 26371 14068 29847 21377 1957 5580 25116 226 20553 18795 31629 2478 2296 26172 16876 32037 17065 22547 9333 7625 19189 28761 3830 289 588 2399 11771 1436 822 25607 13084 15064 16472 3745 5738 18163 22428 13576 24541 24263 31395 6239 19704 6516 32453 13897 20876 828 9309 22568 29837 1904 7491 17743 13618 21703 27756 5909 6527 30292 32849 26518 27256 3835 970 11077 5090 17032 6170 25992 27522 5845 7801 29310 14908 12333 2342 6261 28978 9059 30003 28512 3960 28571 32119 301 4194 17514 18553 23255 10587 9077 26823 28518 15151 28376 21943 24429 173 24661 26166 9629 1989 19689 16296 25384 21079 19642 18742 23491 19256 21930 21579 12280 12162 28065 18990 11888 11109 25576 8499 23215 1770 19976 27172 4560 21518 32429 3887 254 7952 23332 16741 8232 23209 4790 9791 1256 16209 29185 11584 30939 22620 5312 17702 23964 18357 26661 21757 10667 9643 3021 3279 30868 11758 12695 1546 13233 20568 8738 18880 7951 22347 1779 16938 18773 8933 28869 4333 29201 23311 32348 14421 28506 4906 11257 26952 15209 7882 16765 25969 26949 21207 6824 24200 16129 14655 307 32939 18195 31020 12898 1941 26252 24474 11931 20822 21276 17261 27640 20976 27657 16365 8827 9675 1996 14953 4361 22867 27092 1281 20800 3977 26508 10865 27423 7432 23920 2702 27432 2234 31585 10814 9508 3290 29658 25754 15388 13891 7662 15837 15345 17001 14879 20907 31565 16788 18186 16475 31210 26703 1048 2841 6290 11682 30060 17919 13513 26191 9886 22760 30552 24481 9681 31693 27979 12477 21166 14696 19997 6531 26045 25388 32432 2810 18932 17437 7623 19604 12641 18193 30667 577 22591 26294 18748 2351 14332 25928 16841 26713 15901 6952 12984 2562 18962 3968 22616 20596 17100 2840 14040 15265 23181 26158 3912 23288 2617 10156 6527 18691 19365 1255 25103 13740 24318 17808 13287 31944 28360 27934 18199 13621 18725 25694 28374 2382 18597 19564 23226 7670 7431 6189 4972 11111 15357 2172 15833 15817 11876 27078 26150 23882 10213 10082 14524 30733 32504 27077 16179 29886 24992 28240 18549 4879 32689 14035 1685 2507 30416 23043 21313 13198 26554 25347 14473 8982 25019 25002 21982 21427 27143 14161 31617 27985 23250 8972 29026 28618 1815 21896 29445 916 30109 12877 15745 25155 9603 27963 7738 17335 1499 26752 12969 29857 25067 31027 19023 15981 1447 647 10409 15285 3318 90 26340 28237 25705 9010 13527 28239 20753 18269 8514 22277 23388 20914 23692 9303 6010 31452 517 1156 24302 1776 7038 30736 26691 20159 25817 26598 25313 13955 16010 16935 31412 16546 9662 18928 22209 22351 8428 30140 32733 12086 28429 16884 11626 6121 30418 24912 15124 3864 10652 29979 19283 20311 16450 9941 23963 23057 27603 17512 6323 31152 10514 30107 20555 9080 9827 22970 6723 3472 30930 12868 17181 18070 22522 14917 3525 29114 25992 29890 27083 1031 16880 1083 13454 26698 7637 914 19231 26212 11043 12159 11268 19196 3791 31681 6659 32970 21769 32116 18445 10154 30036 8419 6383 6502 20553 30864 30014 20298 16598 21902 7380 11804 24690 361 15123 27300 24885 25599 32029 24965 32531 10032 24852 18897 22087 15598 17754 9320 10050 17556 13776 25475 24740 12242 3540 10903 26959 22354 27050 11238 13274 1100 20699 23604 14072 26845 19313 24034 1757 24231 23384 24632 13642 18538 19576 29375 9987 28534 15942 20939 11767 4819 28611 9730 2398 7726 18466 18417 23621 26804 4149 11115 32662 31922 25663 3546 3752 12107 8834 3198 6732 22995 6118 1630 2922 9719 26633 15191 17378 26996 31461 29134 14328 16308 6445 18471 19806 15395 1974 20923 3187 7916 19681 17343 28980 22537 14025 1557 18654 11556 20700 27810 11461 4568 15277 23782 32383 4820 22974 27831 25684 21517 24178 11021 6137 17678 5052 25246 12232 24118 18956 23069 22776 28517 2002 971 1979 15136 452 13055 21696 7493 31197 1453 19670 29997 15008 11514 29090 13653 15993 2143 5346 9422 1539 23835 12625 22686 16880 9896 4141 9660 13042 23542 7057 7409 778 8339 6362 22580 31926 3543 21945 16553 8800 586 21917 31596 20759 21537 28436 8348 6322 21098 18177 13688 12466 5677 14109 29350 14668 20519 15351 8461 9672 21386 914 1495 20612 24916 17792 3468 25804 7074 23594 343 16783 10224 10232 5850 151 30453 8235 21266 13265 21728 16651 16379 18146 14998 15190 16676 20816 709 12869 27109 27344 2457 7831 12819 1622 26377 30223 30586 10485 28857 18632 23979 19189 22967 12870 24644 19228 31895 10607 3719 14855 13431 16683 17967 6528 27716 13814 7900 22485 24888 23819 6943 20382 2835 4804 8472 4680 15755 1506 6498 6526 15636 31533 25211 10762 28700 3942 21191 12723 10159 14934 730 18411 16209 15512 4419 15088 22933 15280 6740 12752 26107 13441 27335 6975 28742 19417 25498 1401 32131 23662 11382 25411 32950 4108 25290 29529 9646 945 3686 2634 2762 8468 21101 10540 4443 29003 11306 17686 337 4357 25667 22595 24756 10277 3335 1976 22305 27657 24221 7238 26996 5331 32283 29442 32163 11934 32047 23070 21127 7138 13270 7948 9811 29549 26953 25781 27654 14469 27433 1712 7943 19418 11143 15099 87 16492 15660 8687 6586 27503 26696 16831 5611 1819 15004 21337 1009 2379 6487 3871 15769 18158 8901 20195 4151 4594 28419 15782 17349 13362 18412 26907 9130 29487 9999 29487 487 1054 13449 28383 31799 3796 6610 7279 9541 29190 6190 2805 31549 7243 29732 15284 28378 10547 2418 5831 14165 17943 18131 28764 23722 12237 17281 16351 10742 20258 28053 31211 5036 2392 26685 28763 13639 30204 5485 31941 31366 22898 25705 19785 13602 26400 23259 9878 23037 32362 31617 11 7828 28777 31571 11036 710 19112 23388 4230 29948 12686 25541 28620 25024 24582 16429 26967 1197 11869 13931 10982 7459 31708 20077 1413 20466 27908 29490 13982 2426 29168 31690 20908 5766 31220 12416 21603 18760 29755 17719 2591 10550 23440 1505 11965 15368 16965 24435 8500 2598 28540 27010 23249 20118 26726 5934 31401 4394 5463 24059 22853 25824 32356 12349 8274 17995 14319 2096 5969 8158 4075 16302 22498 30428 7672 8405 27531 20880 4333 20499 11040 28259 32228 32528 22367 21682 23936 23615 1851 7191 23337 27879 20122 24594 8926 30898 27732 24130 28991 30353 7930 22357 18348 11505 5778 391 11696 31066 21100 21467 9875 16024 13549 8154 5183 24205 12535 8213 27317 32342 14986 18546 2523 28120 29025 10216 18167 29423 6160 26662 510 1191 19852 32244 4642 13335 912 17806 28334 10697 26199 6165 9022 23792 31065 11023 5769 5348 21153 22753 26496 20506 544 16124 6014 2120 30740 3942 23822 28087 914 23263 9015 695 24276 30831 31569 19381 11924 3035 24803 23267 31583 13928 26945 8182 22472 20345 25743 12038 14288 255 4902 7686 9486 13399 10286 18001 5976 14975 123 18349 4795 25784 6176 13319 14658 24558 22541 26921 1283 26863 4330 2337 27345 3877 22332 20207 24046 30993 2741 17701 25260 13006 23182 10031 8625 23146 16288 27693 31030 11792 10704 14040 7062 29045 2065 19434 32468 28111 19293 27680 30359 18592 28153 23421 19420 30444 11862 30130 18098 10518 1788 15734 15616 27625 16662 7433 2740 6041 32772 12394 9317 22629 16227 23007 851 4835 20418 16086 13955 18154 21023 14577 8929 14122 8655 5728 13155 1636 23175 24479 31333 20298 32906 1814 27988 25690 17627 25958 30881 4951 3653 9705 8541 6328 29692 11520 27453 29321 11893 5079 21895 9499 8738 11171 1708 28646 13448 5444 3627 17915 11010 21900 23888 2232 26250 26550 9258 26610 16487 25120 27783 18446 443 9456 20582 32983 31474 13824 13539 30625 24978 7525 24976 23947 614 6147 11227 462 22189 27169 29694 27061 107 19808 7492 25170 17319 15803 28360 26628 9825 24082 2670 10503 14341 20210 23816 26222 21870 2689 23174 6330 19017 28715 2992 11314 24761 28708 9913 21164 32978 8135 26358 11868 20202 17435 25347 18245 11713 18086 31166 22874 9679 2667 25059 8247 7638 1713 15758 8606 25723 11877 21333 14495 5490 27653 32956 1498 2244 542 3684 22381 25577 20716 6316 3646 21168 20890 20668 23648 13012 32633 18468 27098 19369 10803 31426 13328 21877 19626 30261 1466 18441 20378 1842 26643 3285 2878 12780 6534 21062 18308 15131 12341 15531 19402 20047 25404 21448 6306 26606 4044 28186 20521 20873 32074 9283 11764 13770 11743 5191 11740 26436 642 13422 29656 3041 17194 12270 31043 27789 1898 19138 15390 6780 14758 25672 28471 29265 29798 8561 1028 19589 28532 22264 2188 22682 430 27026 18148 6393 3834 8883 28266 20269 14056 8463 77 29940 28250 5753 19613 14039 21391 14507 4706 6912 5186 17671 4338 6071 2118 878 1945 389 12831 28936 18751 6236 20153 23645 1632 26772 5183 15962 10921 20514 25420 28720 30943 754 12419 24544 12202 16647 23805 7652 21487 6409 18571 11263 14502 7250 24798 11764 24687 4349 5228 20056 15048 2868 9064 30192 24010 15227 6790 7889 2670 16987 23791 486 17680 14446 16693 15344 1389 1836 29680 25646 4595 11458 18158 18578 18844 1626 1681 1772 27469 16971 2398 27442 17750 6455 14422 30580 664 28664 11130 29033 17419 28348 13104 7577 7692 9815 5222 27880 25962 18770 22821 13809 26584 2121 14080 15313 14301 32142 24545 18258 21532 20474 11402 12644 9100 3603 4152 10801 7392 6551 13508 21582 11372 21769 29046 30403 20556 28888 11582 22801 4398 4082 31376 14257 19867 32175 28711 2888 26622 10085 6044 23413 17486 20043 19261 27741 12698 7279 2511 26298 30408 4700 28444 27875 4421 2285 11321 32396 27756 4318 20996 26225 29945 32584 17096 29425 5233 20008 20706 11696 11953 23137 32566 23482 32667 6721 23887 150 12185 12794 26447 31404 1257 17435 17304 24976 28856 13121 31163 13388 12339 18407 12872 9902 1202 16376 21330 10559 31955 30810 27237 29223 21258 27614 8255 2628 19832 6666 4004 17088 8061 19216 25030 14721 8895 21532 17069 18817 26350 29706 370 27092 19937 9052 8992 22620 19488 28312 25912 6703 17939 10661 19722 26869 845 845 15380 5877 28558 20750 32329 22779 5767 4935 9033 4906 2374 10986 30664 414 26795 17541 21916 13013 25672 23225 24017 22946 15001 17578 10514 19161 28911 19415 15349 11428 17624 4397 1900 12855 5746 20775 24226 19712 2403 24908 8534 30761 31344 10691 4831 15623 3229 22782 2428 16511 9628 6795 3892 226 12377 8010 22167 3382 18427 5766 8864 4303 19390 30327 7826 28329 3126 12877 8211 29486 4954 21105 23133 27268 20696 16030 29592 29791 26062 31679 32192 23833 24261 18362 32655 13111 11787 23403 12001 10367 20786 8388 11141 19496 561 9024 11397 4714 4770 31231 15906 29027 6033 21248 14658 29107 9475 9647 6637 26876 1381 19157 12070 16146 32765 14368 26666 12730 11942 4620 24497 19410 5868 1529 29296 29631 11402 17334 16549 30641 7325 26269 13456 5854 16433 30743 32535 12756 20088 9411 6477 23435 5671 31211 12785 15728 25729 9667 9423 19496 30499 19160 11246 25158 19677 21859 78 20004 25326 23850 10508 15769 18550 16519 441 4246 22741 14257 8381 30977 4734 19794 18964 31707 31990 491 11218 19321 10081 16095 16233 1038 16836 21421 4285 28278 21664 8230 1765 7803 10710 29179 5947 5702 28700 21361 4019 21506 24207 10672 5518 4534 14237 29342 3569 22614 27304 156 13820 26807 14515 25439 32484 31862 16416 22029 16893 7484 1297 18876 14225 16015 4226 14035 20498 30250 914 270 12370 25353 3739 25702 9891 18614 26657 27363 13677 18836 32998 3153 2131 17916 48 9487 21400 17683 8861 32458 7570 5958 28399 6165 3932 8648 24791 26758 30099 22642 30772 23523 5533 1242 16779 27335 28393 23625 18673 14357 8420 2053 4405 18843 21926 20214 27454 2923 16133 21494 22212 1004 21172 23667 2619 11981 18697 20319 1772 29776 27887 16968 15204 30713 6421 10812 27331 2138 421 12961 4476 28154 20861 28042 12155 29090 23392 7956 23489 6362 11146 8623 18306 7868 24734 7415 3253 289 12778 18320 12288 21029 27682 32978 3737 18323 31241 9943 28982 3430 22214 23904 27581 24767 11449 26066 7537 9299 29324 25857 14812 24393 18115 13346 29954 15692 13296 11398 17102 12045 30913 24509 23361 14658 1894 18221 1998 20598 27685 28453 12858 3460 14273 24508 2545 29074 26794 24066 17822 8988 30840 20744 25878 175 31920 26660 2189 26220 1416 17158 20867 7870 8907 3845 14462 11698 13358 22713 32395 5036 8639 27481 1060 25516 11116 10389 27682 20986 6600 27178 22635 26002 9356 26198 5432 26960 19466 15402 17195 17845 6235 28255 29598 4092 21261 32984 21363 9590 13913 6710 7762 21505 20345 32640 23899 30301 15732 20922 1957 4032 11339 17681 29571 19272 15528 11747 19189 7048 29318 3746 23972 2242 9091 6512 15615 9499 26536 10342 11694 16734 14611 31226 11955 5959 23856 13745 16159 7329 11280 24426 19029 24408 7856 25529 10242 2265 31923 31425 12907 7358 14439 30554 16427 9889 10493 15044 12236 23172 1312 12939 27473 23546 13458 28548 14859 3494 19624 21168 14100 26115 9287 19885 8304 11338 4090 15335 31653 614 13702 12483 2318 21045 16812 11732 30761 4809 25481 20787 30032 24311 13012 441 18049 6425 18640 13103 18705 6042 27668 19426 25298 10919 12806 190 23298 17433 28877 3445 16509 29700 22062 23718 23063 8318 29767 2198 24438 23535 22489 7093 28853 9296 18156 10114 3955 17502 16075 12592 6851 24877 13858 8281 2681 15607 16959 27231 6882 23972 15679 13102 27043 26394 23922 31979 23258 9748 32582 1017 13783 11860 32456 14048 22880 8912 10532 18852 22375 13871 11908 26325 14225 21025 3704 32622 17625 12207 2855 23585 23591 27841 24058 10598 7177 1087 11363 30804 23980 1184 30210 2321 11936 26953 12003 25513 23266 27486 5505 19850 5878 23516 2454 14603 5901 31161 66 6505 14443 14715 7355 16666 1566 24032 24229 19266 4091 506 21968 4976 11060 32951 21951 16260 18476 11011 437 6309 15635 29986 4951 31487 1185 4244 22378 32391 6073 17997 30222 13045 11728 2978 27899 19578 10613 22586 816 19918 32487 6086 21269 24407 19497 21144 14600 3502 18399 6885 12934 7128 26253 9436 30718 10988 4182 8971 24516 9590 14032 1909 210 9981 31027 16583 27733 28142 14813 11488 1056 20486 11985 15976 30858 27899 32795 26715 11690 14945 9057 29715 25046 11344 32389 31308 12296 3067 25808 16277 1625 16486 18102 19314 2205 10929 24522 12167 19159 8613 2864 21886 2751 17741 27084 8124 19432 32632 6679 13313 28885 6523 30650 12168 4008 18700 1191 251 23345 152 19357 14085 17971 27740 6709 7801 21578 8068 1846 29003 3928 10148 30815 24963 18570 21099 9534 20332 17062 8472 13765 28578 16307 3842 18687 21019 623 25847 13145 17673 8981 12618 6942 3471 16860 27798 16781 28255 14132 9874 29719 1584 668 25537 6209 16400 4706 20777 5863 7471 11739 10196 28626 29905 26207 27786 26115 18208 1240 14849 8541 14480 18039 6513 27190 28052 3408 27557 6914 22148 27553 27654 31776 21755 22519 22932 19668 11694 7409 13069 22863 752 13219 3874 10300 15903 10170 15063 30743 17666 24707 2190 12413 20809 26479 5760 31900 17471 27403 21860 24403 8123 13114 7184 24411 13804 5397 11810 12526 681 31164 17135 3482 29255 1815 17797 1289 14177 21671 31432 16830 7994 17255 10898 9835 12213 16596 25518 30979 14454 17068 204 10094 14588 9034 16104 7737 16387 20066 28812 10534 6968 29374 23317 25632 18866 19947 32267 6709 6625 30465 10 32956 4684 14797 5521 7577 6487 4988 959 9132 2106 27601 29932 29971 9073 16826 20522 31490 30062 24591 12769 26606 31715 15101 18000 15897 16160 11147 11647 4422 9054 21146 16722 32180 7430 8075 28848 21055 12255 22016 27943 9138 25441 21314 12822 5771 17318 390 9329 4565 15882 8147 25893 23725 2892 23846 32309 5792 11959 27737 31312 12204 10661 9376 24894 24699 28619 5129 27645 16788 8090 10494 22719 22885 23299 17710 32108 7316 14286 19514 6125 10573 6933 9698 9107 7451 484 16199 32450 32029 20952 4217 5094 7354 18644 6338 27550 19193 21358 7009 32425 16013 32762 11688 24148 4870 18924 9643 16725 18522 25994 10679 22722 23548 9530 13006 18126 21918 831 14286 15870 628 15805 28570 22496 5365 14861 15340 24306 26468 77 27049 32603 28873 12609 5222 8966 25585 32422 12350 7845 22255 23393 2822 1566 7248 28453 8029 21230 3110 21513 7625 823 6437 27519 31597 27273 15286 6479 22469 8830 30800 1336 26127 7010 12531 10138 2932 23784 6040 29442 31061 11756 18513 11525 22435 20918 5032 17515 29771 30783 30980 5811 10531 16370 12044 3211 29028 9714 18261 7232 17204 18571 30103 27431 32631 1092 23914 10301 12021 4819 12033 19160 27765 7511 17121 22837 27536 705 21178 26705 17547 12193 16061 26617 22658 6585 26175 22277 10216 26285 31865 25765 26986 16430 9968 29144 6429 12047 15823 14013 32511 23679 19464 7574 22853 21125 10139 10474 29185 30915 24783 15633 27097 22179 23231 31796 14324 150 2629 23502 15173 12673 7569 23935 27270 20203 25811 6605 12119 25721 31473 6427 17963 23672 26336 6367 13004 2247 7440 13206 2681 8560 9079 29761 28667 25334 5947 3935 9541 17013 19512 27455 31878 1285 17059 12141 10642 244 17988 14060 11957 9506 32598 22087 15890 24536 19334 6637 20636 15519 28386 5994 28682 23307 2500 3416 10667 7199 24938 31647 19557 30429 29108 29437 25641 22380 9302 11044 12090 22416 18486 1318 23411 25751 19888 20032 27318 1333 4973 6708 21951 17423 3732 9763 16393 723 26447 10444 23871 13447 30929 15500 7351 21901 28061 1021 19609 4084 13155 10298 21040 29661 16580 869 17324 7492 29357 915 6683 10517 22584 3367 17480 23585 11909 15047 11010 25071 22426 27739 27332 28564 19995 24537 24642 7266 16665 17782 2943 15206 7777 20179 5516 16463 23703 9926 19331 3968 7227 15141 27387 3114 31143 132 12268 9292 5289 1114 16963 9209 2535 6428 14091 23647 490 7114 6660 19159 22401 12800 1384 20124 30107 14623 27431 17832 12946 18076 15838 26193 31471 3554 8755 32084 10633 4325 20776 29879 5296 21101 1439 5077 17868 17495 12210 31380 27803 23080 12378 22359 15811 11309 20614 27362 830 18848 8525 18416 589 27147 27729 24675 15937 25028 21017 20672 6215 11838 28307 31064 3796 26041 27752 16533 12982 29472 2443 14710 16397 20366 20228 25217 30005 25517 20884 19396 21980 4387 15554 14498 28401 23347 6489 25498 6005 9858 9050 7623 10033 782 23320 23708 24509 2730 22419 17547 24854 313 9697 27169 1883 3103 24313 27969 929 24843 26671 29695 22046 12865 2047 32008 25538 8740 9640 30796 8852 19076 24680 23170 19959 21546 2072 24566 27326 17271 5458 25811 28610 5425 31967 20307 27485 19690 29133 15615 19080 30565 26423 22277 8117 684 2421 9698 4336 11409 15671 29299 5670 4431 24170 13683 6649 3323 21387 3954 27162 24892 23373 25307 10636 20217 9883 21380 7481 4234 14477 22858 12402 28707 8326 32597 23224 20742 27769 324 25291 22896 20074 30956 27788 6287 27499 31160 18708 26621 17967 13148 11521 27464 23162 6893 10516 12715 23899 1609 1247 12114 29861 14914 8679 31572 7258 791 18219 31176 8236 17954 27800 14286 29034 20287 6663 6285 29592 1139 10920 24508 260 31664 5572 25768 23082 1584 12943 10810 6272 14616 11131 11050 15634 13161 20947 20193 681 7022 27678 20185 9845 30923 17524 14040 21954 4387 7938 15337 3161 12765 16943 7045 25055 15972 28249 11613 13672 16094 32351 8350 13736 26197 31140 20768 28019 19597 9586 21868 93 1986 22488 10452 7934 32346 14043 1270 16122 3754 17583 9157 24483 11503 23514 7090 9356 9408 18251 15880 5668 9464 29002 13148 18187 30121 31191 24281 27404 15176 5601 4887 5774 25603 5497 9419 24749 10236 1049 17193 21135 9980 22840 4019 27876 18904 12085 1284 30360 27758 25529 21720 16162 14119 16610 4036 1948 19354 18102 14561 16841 8197 7016 6681 26409 11635 3032 27077 24074 4795 26926 31189 28829 6879 16687 4047 3263 1246 9405 10303 19346 9202 2777 14275 8456 290 11065 31664 4728 28492 7396 7029 5236 28052 10145 25484 7638 23420 32620 8063 29917 28182 30098 27727 18507 21668 1665 12966 32849 14564 15615 32684 27447 23060 24278 32857 9518 19492 22810 22524 26358 9211 26181 20327 15421 23866 22771 32157 13245 24385 11870 3282 28862 4114 4664 3552 31671 4064 5219 18009 21240 6028 10597 24467 7274 26697 16415 32931 16274 31325 18876 4046 19749 21071 21439 27533 7414 20731 3533 9851 32647 9762 2209 2699 20680 1392 6811 21039 20385 26058 22320 18662 4595 24130 6714 10453 23132 3645 23564 23550 20393 29838 1816 3828 31859 14371 282 32785 2526 31722 19480 25439 31523 7001 29291 12207 3458 19280 4285 2831 17946 30198 30871 12296 17850 17330 17458 14225 18092 3859 17218 17164 14764 24324 5026 15140 26553 5113 12405 9678 16964 16525 29208 19130 18164 19179 15170 1803 13953 19129 24492 13247 15686 32742 11572 17583 12849 8157 2985 24538 2427 3300 31144 32664 16062 16089 5595 32061 30165 30873 5703 8736 10120 30586 29245 22356 8760 3472 15953 10950 26882 6107 11232 30242 27211 19904 27262 27324 20707 3938 25868 21257 8210 12134 8935 2361 32617 13714 1877 15332 14135 13565 25166 15940 10094 86 17057 30339 5900 214 6063 10478 7004 9303 30847 21100 20788 23481 18392 1263 21994 28991 31374 28694 5094 17936 16364 12382 29667 30026 10605 20197 8531 2519 10481 6327 4635 26557 5875 15075 19444 32336 6508 24590 20460 30165 12682 11976 20496 14785 24187 19239 13519 11130 27005 16200 3634 20176 7927 21687 31700 28977 1892 31025 12335 29233 22131 31656 567 27137 19011 14523 2184 2470 3162 29011 29552 25435 19675 304 17200 24223 27197 1851 11300 14603 22807 2985 18579 22489 13755 11953 6574 29371 14616 29945 10612 31552 8360 17642 15547 22507 6632 17334 10524 10442 11950 13910 8417 11618 28663 14273 15215 23351 5390 27071 27456 26821 22909 20183 10685 20385 25750 1023 29119 28892 28619 5467 12796 23196 18688 17140 2321 21076 7895 2954 9475 22824 13440 23990 11628 16016 10498 32460 31765 10041 5463 29177 19169 14043 28651 19820 31257 29477 29875 16696 4873 6281 3090 11559 15085 26404 14500 17068 16836 2522 13094 529 13295 28615 19597 25754 11381 16165 23750 823 1566 31482 6884 26715 23095 21942 24296 4054 21914 10890 8204 26910 18889 22754 23649 32931 14631 7137 24745 14251 498 21223 25824 15560 8268 32585 32802 20512 27402 30805 18672 13166 27333 1001 31586 5037 32170 29205 8084 19177 21907 32981 1233 32651 2466 19233 10610 24898 24069 15101 664 21595 8747 29971 26450 31141 1694 6426 13162 32115 28063 6710 14052 25967 9580 5354 19361 24409 10449 1845 6717 3813 7807 29296 1438 8462 18740 6901 25898 20288 17956 5662 10252 13755 11501 16345 1248 18600 6632 22162 3710 403 30650 29173 32495 4008 14586 3397 5579 24076 14040 18930 8867 28450 29792 6338 28227 8948 11647 30652 8406 7562 8218 2716 22510 22385 24337 11548 30602 25867 20023 3472 4837 26626 15779 11369 18823 15718 19121 30246 1172 10592 24543 28649 18827 28209 26706 6045 23968 12580 9403 20536 11865 9337 17154 25343 27934 23690 2443 30553 12466 7095 28086 12725 570 11700 10776 17615 12786 20724 13150 32663 3013 11714 20838 17548 4309 22003 22401 6225 6734 21071 23281 20375 9851 4255 1488 6138 1088 8925 12624 12743 6291 5126 2424 14844 13812 12552 20142 21791 12055 17553 14583 8669 22815 15750 20407 18282 9577 14048 12475 8940 19269 6963 14860 3718 7404 20816 10832 30139 26958 21799 12862 22347 30317 24238 32548 12298 9217 15267 10482 31125 29561 18768 21719 13176 32617 218 9024 6150 9972 25804 199 24173 8175 1931 13869 12971 116 5187 25950 23222 32457 25430 18282 13536 4798 5528 1381 30151 14434 4476 8162 24768 1217 28990 18897 28256 18196 29939 19267 11252 7848 19520 2616 30392 22928 13082 8489 24725 7336 6559 9489 14324 28487 13596 11335 15520 9648 27208 28199 22591 5510 20175 3635 2327 30880 672 17920 12418 27625 9384 12331 30701 13245 26332 25266 28567 11172 13197 2140 23746 19276 1348 2898 14515 21806 11404 1967 19459 7560 22630 12558 21174 13208 15034 19492 23318 2437 16783 26538 16316 5862 21229 15028 14649 3956 6744 18341 15668 14783 3038 29817 22814 3133 28946 22980 17675 26452 18170 2334 10414 19746 10627 16160 311 10181 17127 25318 20155 2991 27241 12434 11164 31480 2529 11205 2674 23642 15642 11075 12166 28919 15304 31920 25322 21520 32613 2909 13741 11276 3268 20307 8624 5686 29289 17485 4986 3100 29164 30601 10613 11612 29897 13315 18710 7554 16849 23119 9676 13554 14545 15322 4054 16960 18947 23041 24870 14493 5187 22354 25372 9359 9921 26514 27640 3088 10562 9998 24680 22532 1558 27793 27837 24545 12635 7238 31622 149 30019 23392 14295 21941 32774 12891 17882 11131 17952 10717 12430 21782 27103 18405 13380 3983 7000 1802 15033 20844 21761 12887 7118 791 3423 25615 22166 24979 28126 18537 2480 6049 14562 1394 30440 29190 20494 29607 19797 7041 24963 15692 24549 17262 8911 28045 26757 25766 6286 26711 8614 20832 490 29703 22591 618 30068 22104 28584 511 27865 27359 17504 7434 25279 10855 2134 5939 13882 6313 14098 11014 21840 8262 9100 5247 29949 17250 25601 29557 19027 5227 1147 2123 14169 26297 25404 24071 12496 23122 10684 22531 3408 19015 28137 7154 485 19682 5453 8263 18524 27460 17599 23210 25638 10051 14432 20973 31914 13160 10171 9359 30671 10800 21981 8883 4428 24519 19320 29130 6216 9538 20416 25270 9806 4003 14196 13496 14362 20460 24118 5026 1417 9700 722 5497 17113 12250 16862 2823 21582 6597 26101 11033 28958 24007 17565 16441 626 25763 24779 24459 8072 7973 23001 26811 13784 18304 23241 25723 5727 12608 17489 22386 31266 26135 24795 13641 26899 18919 14333 533 11023 28357 6710 8721 21973 5461 17582 11726 22056 14266 15708 11509 14162 29980 29881 3735 518 26698 2430 16424 23933 32160 28654 23837 16168 13948 15482 8534 12994 1125 7513 7152 14892 25295 27074 9155 19815 11111 30059 12645 8307 18667 28052 10073 16055 8708 28480 27824 25671 15419 6752 29803 16577 28096 24110 29744 3088 14774 14734 27110 19452 32396 30062 25376 23981 20288 24113 12073 9499 10438 16106 4074 32675 9697 17404 22329 5095 7579 25685 28334 19566 26790 32658 21133 27364 21883 13575 4549 24502 20899 12762 671 25240 23790 14032 5857 14183 7419 849 30293 26223 20536 17474 11682 30788 28039 15852 16391 5132 2920 8229 26070 10313 31135 14444 31376 13705 12230 10865 9598 31751 732 31092 13668 4372 31128 7986 16325 8890 32279 22773 32290 29603 2708 31078 24191 30610 24100 13143 1340 13039 23353 11941 16321 7246 24752 8709 18213 17103 18291 11022 9946 3283 10422 748 9541 31337 28467 3061 8236 16250 20373 5246 30036 12457 24311 13753 16088 14229 3840 29954 29292 7133 9541 32989 11895 23879 9127 2663 25009 11040 30530 28205 2533 17738 4628 8069 30103 19166 25157 18576 14876 10995 28222 22902 23234 7551 18986 9026 11443 26418 25562 14914 30176 5741 15089 30136 13750 18720 26844 25111 10228 27770 18591 3211 22129 20109 8459 13642 9298 3126 5190 5551 10514 27994 2703 14135 9198 11898 24724 649 4137 9142 10919 15365 23431 9990 14679 23237 10092 2354 12398 25941 28861 16620 16480 3098 21862 11207 8238 26564 5167 29917 25575 29486 26092 807 23257 4949 11173 14864 29725 3155 18462 3052 13775 32244 29041 24549 32656 10789 506 31410 11339 447 637 8496 22062 29427 25247 21497 7050 898 28727 3346 18898 25258 9941 15915 20827 20242 18261 10721 3994 24232 16899 23301 14864 14720 14533 13781 15798 19057 32665 28746 22954 1763 20097 29947 31515 19271 4932 24987 23287 31061 1456 11165 30126 32151 27462 11352 9323 20879 27205 14522 31416 7071 11025 7540 12786 29845 16020 747 27277 18341 6588 24330 21869 15634 9295 2704 14070 9727 1153 25677 16268 30033 27793 18263 1859 3386 20155 22371 28803 31743 18764 8783 5083 10574 23647 9298 8085 1525 18740 18286 31672 9531 14399 27495 1941 11166 19722 10029 16148 12746 9726 27372 19228 1834 32102 13284 18512 12697 5514 30535 19704 6878 13494 22566 5848 9184 32115 32371 18947 1766 29296 7269 24838 4276 14620 618 2179 22073 14809 740 2053 943 19901 11890 3282 30337 21042 32299 1955 7843 31533 29481 7923 22802 227 3244 28977 9389 1766 10322 1387 656 10013 125 762 32230 18926 29926 6755 23017 12141 19950 7270 3690 7345 8331 24526 20540 18591 15331 21079 4802 1862 18539 12707 9304 4874 2535 27885 2539 24875 30722 11334 16499 7983 13223 30732 24655 11346 4302 27978 18927 937 12269 12526 25207 30517 21391 24875 25583 31859 6938 3595 24969 23955 10654 32411 25100 5733 31797 29561 28689 19249 20623 27421 10713 6652 23838 27304 8325 26180 32016 16327 9976 17626 27075 16803 12189 16102 29389 16976 23751 21171 3399 22870 1418 18921 5129 26307 18583 11201 21983 17018 3042 4188 6886 28532 15208 10644 32658 3456 1266 24229 28495 32060 25875 23999 1755 311 5193 3895 23676 10390 27413 18200 22713 4938 7760 31783 10070 13121 26646 12220 21141 19122 7060 12839 23990 4167 6048 4247 19766 23411 3298 5052 2744 27168 12815 20045 25304 23050 32347 32935 12003 10931 4977 24125 24365 12390 16209 28480 13492 372 16740 2301 27088 6806 13385 4818 15103 23970 1151 27479 22065 27423 13787 4536 25144 30112 19479 5201 25383 27827 14700 18097 19774 22458 19289 27468 17728 9152 21371 15255 13225 19151 32137 20908 8372 9540 31414 18507 8155 4540 30242 30341 9839 23255 1025 16111 10490 28653 30571 14033 18371 31937 16428 30451 32400 31272 6441 32037 18007 2192 28737 8599 17021 30664 31417 15096 4714 17451 25072 28363 32644 18749 9074 18715 13376 28527 32398 14997 6816 3316 1537 2147 32276 23994 3402 1293 27284 1777 15344 23186 26164 5262 2517 959 24140 930 20622 15760 10598 6912 21557 15688 25070 32628 23965 32468 8898 8800 9085 25454 5091 18989 18167 954 24333 20668 21154 189 20314 7241 23809 14682 1579 25012 26167 11886 17776 6117 32942 21841 2043 758 9880 573 10146 26477 26147 27586 7609 24516 21977 28551 26941 12480 18068 22915 23145 24790 917 12671 29070 30050 2823 6302 8185 25222 10443 26357 24776 15904 5244 9014 5920 12731 12161 17839 4333 22619 13139 20100 32421 236 5976 28822 21329 1082 15027 11307 29623 1631 7835 10658 30189 14552 28127 27657 17003 12 9047 9088 16324 1514 32789 27846 7161 2363 23278 2800 22653 16489 4370 24234 1044 30204 8978 5069 30306 6416 1281 32629 14138 17994 31924 30779 7393 8553 30139 4933 27919 18999 31030 21679 20399 22267 30115 15807 13232 5700 4419 5445 486 20563 10820 23928 15254 508 32414 28548 2343 3362 4801 21074 23337 29435 4479 14537 1483 18778 14182 22541 25814 10552 19313 21667 14274 11274 30155 13059 21801 26567 10730 1726 31789 18484 1375 11667 23730 2590 13634 27084 1549 29208 22843 17000 10029 31275 11203 21096 9765 5720 15173 15918 1064 29989 9493 9460 27374 12459 16407 21837 26312 6143 14311 20584 25888 18465 25874 7229 32039 23465 23329 14440 5541 20478 12687 14705 4200 511 18216 18382 27095 12664 29244 4915 17676 29620 17131 13314 23394 20349 27869 24994 23411 15002 15385 30774 17531 28848 4523 22905 10894 14211 26950 7634 11381 25702 15856 25801 11837 12801 5733 25273 18981 19487 27989 9508 21975 28345 8035 1167 650 9411 32933 14066 4161 8884 32562 30955 5923 14252 6523 16353 3777 6 22540 2825 11981 1853 18966 19342 25380 12179 3141 22342 1641 5151 1311 8038 24709 11362 7278 9584 1140 27219 6172 30292 7230 4296 31852 23392 3074 1447 13546 18844 7787 27044 32788 13347 17407 18349 32828 20091 6060 17140 372 28573 4106 19127 30389 10176 17429 5070 27766 30325 12933 26773 28172 7184 15058 21515 26820 21114 5750 3552 9982 13142 20260 7140 1270 26732 2816 24354 25566 983 18241 21058 24049 12603 8333 23049 2434 20974 6649 13581 11555 5737 10093 14758 25911 32930 19620 27520 26821 27455 9700 29656 26411 4956 32994 23901 16422 6655 18763 18018 16036 24472 7887 1307 13335 2566 30431 6769 26657 1223 20434 7734 26833 1774 23648 21874 25036 29363 29740 6890 27630 7766 1276 20591 32474 8792 15899 7945 17279 30556 10794 25414 16695 31923 2982 10117 24503 29467 4701 1210 22632 17088 26815 14422 24005 12813 26671 11295 19368 27498 2542 4807 9914 11324 21332 9526 4715 541 23497 17405 32584 6639 26618 1710 27245 21052 23345 15583 11142 28932 13987 21679 23324 1559 20794 22531 5220 26118 15941 29750 3652 7022 713 19856 28229 3177 3445 23448 13194 17859 9921 14427 11216 20641 5027 32355 26149 29567 30298 1053 3858 13698 397 1640 20693 14467 10370 30764 27584 10189 26963 2257 30222 11607 20199 3479 17436 24753 7911 6664 10568 18099 8436 7452 6274 26497 7181 32198 9915 20174 28606 6835 177 6555 25531 5575 8926 7196 14155 23966 5135 13800 10971 10857 27716 32319 27916 24667 23261 18299 23421 13450 9831 17670 10401 19589 12869 27277 17864 12536 4082 8400 9262 10976 32787 20164 12343 16792 29572 31282 12432 24333 7085 14768 21198 5280 26799 13022 18528 8684 1766 28257 21838 22545 20838 30145 4052 32563 24972 3983 31864 2980 25414 15487 17391 31746 28646 8280 5908 5758 26400 12129 11993 4829 748 8503 13424 18819 6619 31074 12192 16933 27906 10856 18378 23928 32969 11024 26993 15444 15357 6019 3561 23761 14696 20669 26837 25699 12927 28417 27545 29911 16525 10101 18518 13311 25835 13909 10775 28226 4900 12989 25661 23232 26472 25413 1280 27346 10502 32092 11623 12442 19290 7977 22772 11377 20126 26338 18887 10819 32165 24047 7641 29887 30086 2714 22338 9429 18737 9342 13586 7277 31841 30322 30238 3043 30540 3646 23890 30213 12357 28329 26144 5774 21565 6396 27040 19256 10397 20155 25161 10099 6240 19485 3640 31509 6604 32975 25108 6140 3800 21099 15808 610 18310 13763 19744 19922 26631 31341 16944 32241 29894 28137 20541 28499 4959 92 26769 20872 10302 24597 26975 12472 31669 3627 23597 31620 9205 21335 12989 22436 13703 2016 22825 30239 6743 4951 13425 5545 9776 25911 9060 32442 3422 16173 4439 8514 24138 13941 10317 8671 23584 555 32221 14186 17763 11785 11324 6078 20571 11598 7096 15739 10741 20805 17423 17196 2489 29055 15753 20923 12660 3174 16 28211 208 12629 4782 29182 15357 7940 14901 1456 2678 5300 7230 27933 10231 15792 10463 24888 13310 7716 9716 23925 23841 10579 10279 11182 6947 27555 3775 14969 23918 8359 29004 24451 21382 3195 24141 27339 22785 11986 9558 28027 22783 16198 32910 25509 32374 10075 27531 13494 19594 12198 1622 8315 13093 11777 25996 14241 24459 20477 10228 1860 25015 5473 29717 23493 25507 31355 11579 25255 9983 9253 10700 23537 2215 15145 31604 15720 30127 21308 21795 9362 27395 303 27170 22814 13845 12261 7733 21125 29259 9648 3301 23226 10490 25330 23762 15617 11465 25970 9562 5132 6436 16911 2281 22914 28285 31995 29836 7142 231 25068 28303 7882 28838 8166 31181 18512 27746 21542 31095 1782 20435 1043 14390 20851 29109 395 1885 13922 30984 15604 18469 30472 15880 27110 11446 3200 1575 31957 6955 26403 17038 19809 22397 25079 454 32152 13874 15684 28678 29945 14140 7766 9728 2723 32748 3853 13790 26576 30782 19339 25273 22094 4961 20653 16659 21073 1917 11740 5832 26958 18549 18632 30649 15540 30272 1163 10024 93 25258 9143 15007 4707 12400 29518 14836 2030 9236 20731 9410 8501 6776 23972 30809 29208 660 30781 1343 12170 10091 28340 21626 15003 5001 3858 24241 14989 451 30060 28919 31834 29133 9611 21484 22333 22067 8893 14030 13717 21790 26626 3460 7866 30054 32975 17626 3084 9720 6175 8958 29458 24064 32382 1827 31766 2218 32133 9221 3029 27251 13075 26141 13757 13983 30505 265 20032 7866 29346 30308 20181 10564 10654 11587 19949 13721 3940 26647 1905 17274 31839 22567 12109 1075 24448 32518 20764 13289 17450 514 30952 17559 24629 23135 24942 3817 13358 9806 18297 10337 19262 5297 27525 28903 12190 32218 29692 3465 28753 16348 5559 12496 20405 7472 10246 32945 26855 16494 10238 7126 31799 21758 10920 27571 3436 7696 31436 12956 26757 14566 21761 31707 26231 1159 19210 30995 2948 1595 23176 945 16481 2955 25536 11585 26617 29370 7965 15691 26606 32330 25399 15555 17233 10759 8040 25915 28669 966 9599 20882 9359 31239 10239 10815 17643 9099 17757 22311 11041 9664 18733 25737 31755 23810 18373 16545 20657 23919 15018 20923 2631 27184 973 1659 29455 25362 29385 14003 14453 7780 30907 14335 18883 11784 15000 23425 32895 26449 13431 9466 4840 26913 12709 16166 19610 2665 25520 24072 7117 9674 13782 15911 29811 670 26458 23378 15631 22946 21962 12765 8252 18833 30780 18798 23414 4909 21532 14050 22988 7165 243 27914 9932 30197 22457 9001 1466 7609 3673 13688 13047 2437 16983 16258 17682 22341 25597 10479 23011 15188 7814 11340 15837 30779 14409 889 13534 21666 14212 6869 5111 22415 22116 23881 8477 14147 13332 10144 30144 13844 20450 8818 17523 11917 29988 21988 24536 26251 20499 1681 16023 6248 286 23604 4392 4705 13454 1200 27213 25027 31811 26061 2068 16339 23101 4811 14643 16479 26122 7453 2455 25728 26896 10427 11071 17515 16904 16236 17479 24563 2155 24729 32014 16214 6319 12246 22756 27939 29797 20677 1769 8283 31117 8219 3365 14915 5370 31278 21678 27345 592 16832 26051 10120 27707 22888 30389 27160 2385 17450 31818 8661 4672 31143 11868 10490 28883 19778 30465 14830 5845 6291 32574 20177 10275 3206 6028 21399 9546 30422 27676 4223 13579 21798 23637 10176 31445 32137 12183 15995 27711 23878 5626 21536 29924 739 1865 5867 15319 3178 25954 11727 27828 2218 382 5140 24583 2332 13252 24835 12266 25221 17538 17045 7679 23533 23012 19645 13000 10189 28438 24048 19142 29139 13151 22032 20785 11226 7467 14864 27443 10647 3942 19191 7377 27281 11726 29912 32449 17065 22087 13671 19305 11578 10550 13288 26459 4796 13227 24983 20017 26138 22047 30065 14583 29074 15952 21811 24489 12640 23121 7593 479 18183 30517 19809 12947 7634 941 29670 25504 23085 2490 21455 32341 8053 4521 30551 8864 11757 28884 6398 11623 24047 538 13194 10289 30973 15137 31370 2786 16086 32583 6739 14635 26898 11731 31566 3903 1934 32169 31721 6549 18542 13150 19246 5177 8558 7056 20519 24590 23219 30698 11942 25336 24099 18372 24218 15507 13002 30809 30277 14156 1862 20685 26934 2913 10018 11345 23478 3152 24769 16367 31390 12513 4522 28948 4111 6502 1210 8145 7228 13169 9150 2063 16553 32883 22443 1022 15985 624 18505 8342 8992 10724 25765 16749 9373 25374 830 7250 27666 19131 13351 21176 12738 1529 18202 10146 23157 21537 19944 16546 16574 4526 16931 19888 32583 13632 18871 12640 32742 31100 11877 32887 26056 20162 2120 23908 29889 89 18288 5797 3970 17142 14329 28378 6207 24827 979 23416 9179 31029 5 76 24702 5471 3417 8689 4252 13369 4793 29937 11436 15947 5430 20004 19172 2464 29521 8686 10214 12035 18053 27532 19165 15527 32069 29908 5944 20047 30370 18455 11711 9641 15559 6154 6054 26260 11299 16201 6097 1739 25903 2326 8256 12107 28523 9242 7915 31230 26741 28308 25341 21808 7753 23381 22316 16511 20117 22403 17876 15167 30459 12131 7868 24685 24433 2528 3830 13038 15626 8007 13150 7471 27499 30429 23738 19712 28467 1102 19475 14669 24064 9787 22751 21932 15227 28801 17193 30536 15085 8569 17079 9245 4808 21668 4140 32007 3452 22448 18500 31233 5740 1275 12153 783 21367 4975 10275 21451 31710 29575 12427 31840 21932 20380 15196 7941 10154 15205 20397 11221 29450 28621 4750 812 22614 25526 17282 24021 24692 11793 29828 22391 21889 18901 7336 19909 30239 19585 8060 28844 21403 20079 1099 30686 16439 21515 24227 6918 10896 19681 31675 8245 16345 12519 2597 1811 8270 7726 21995 12389 31180 6957 2128 3378 20346 9853 20226 25098 18074 15857 2369 14942 4119 27271 7963 12239 14684 16895 32376 1113 27878 28605 2421 22683 2509 31996 15498 28594 26082 28779 12142 25811 11986 10658 3213 17007 21400 8205 18188 26912 23942 2847 12798 4807 234 11185 3091 19706 11888 18735 1824 29599 7232 15777 11138 10304 16468 27694 27842 25460 29908 26709 18551 31614 2799 26263 1774 24296 14877 13984 3912 6198 27152 31205 12467 23064 17403 345 11586 13478 25770 1656 4823 23633 18075 10688 15357 27775 14862 494 11066 2759 23406 16227 20021 22410 17617 21540 7335 2249 31615 25084 16440 3456 17237 26851 22151 16321 6995 24853 17589 4227 24417 8324 11203 1271 6259 24789 23764 13147 10807 26427 30126 23627 18489 6126 23563 6728 31780 26604 20322 25312 11547 31636 30093 32693 4093 13389 29358 8381 18433 5687 4221 17797 20619 23884 27904 12427 32236 25608 7869 29132 18540 32940 4159 11946 31207 21490 19558 8879 8447 27565 11936 1137 5709 8015 27177 28454 32212 5994 27045 8972 24939 18517 8143 23234 18944 23807 23702 17624 27115 6353 13825 30161 11497 7959 3873 24786 17321 5276 12305 18471 14642 7315 20522 13561 21455 30443 21845 5643 10273 16404 31298 12930 31068 13646 3101 28905 5691 19876 14712 5901 18063 29770 11304 25502 1875 17666 4763 11401 8587 18376 9628 28187 10266 11582 2544 6685 10875 18169 31191 12349 25415 29751 17479 29599 17117 12862 20893 19542 30524 596 4560 15644 223 13540 32765 17526 30929 31572 27217 25904 22647 32895 28900 2317 6227 21198 11544 28648 6317 31956 13500 2529 19773 20467 6711 4404 4608 27538 30943 9039 30425 695 31629 8684 25651 9805 10744 5174 19084 9667 9542 7019 28708 27918 6746 30917 10452 28889 22603 31498 10036 23370 31001 10972 17878 10741 4740 32055 16378 24560 4096 13508 14613 17510 20314 6064 28125 23180 5741 7689 15456 9505 23155 10190 28391 32706 22678 29550 4121 9486 18059 6615 31162 22131 9367 271 21739 30546 1569 5846 19147 30348 5895 4825 10492 11132 22842 20143 26468 27790 15432 7576 22515 21668 64 30492 14648 13125 14666 3794 7247 30454 4744 14732 4090 7136 30850 16637 26343 11522 9060 3044 11293 31652 12622 4766 29021 31353 11353 2866 27655 5325 10888 11610 4998 905 30689 17473 852 6880 14801 18454 28464 525 8577 16595 26225 7001 32151 29675 24836 30085 14200 19038 22793 32323 26949 24696 21954 16657 17751 3959 13218 26079 7013 15372 21818 30864 2747 27519 12399 1315 32588 31972 14311 24161 23516 13639 4737 2637 3816 14528 22234 26128 729 6571 4321 8898 27723 26732 30850 9889 27564 5555 3973 21032 21934 23940 3464 20762 20343 18313 486 11051 16888 12253 13466 26020 12939 14937 18034 16790 27307 28197 27616 17097 16921 8172 13037 16721 15057 5547 7547 8008 14670 29021 30968 4730 15388 12108 23259 26244 16536 9508 6633 15594 4741 15841 10295 25493 11068 27875 114 638 24651 21939 19418 14838 19138 27855 14325 4383 10753 16235 1336 20462 21547 8797 18892 23388 5020 8062 12087 4271 26165 31104 11422 31634 2359 14786 31517 21608 13910 27100 24264 22518 4380 24925 1433 16865 409 19731 12194 19054 28007 30308 17447 30006 25406 19090 14862 640 30642 4586 1050 9062 32905 9346 2455 7772 18564 23176 10353 26506 14773 10679 1285 25115 22509 8285 15492 9004 208 20037 17264 15220 3048 16607 16576 27545 31263 20781 9109 11854 30276 263 13113 23073 7745 10149 27814 1147 1762 2941 8054 26327 28532 19100 22573 10505 14675 13354 2865 19525 5426 28479 25312 28743 10025 3027 24542 32609 8186 11526 30726 26944 30970 18285 20050 8937 4515 18934 22512 26907 7359 31620 8550 30924 31242 6404 6402 6022 24169 20546 25896 10063 1043 23957 21349 20768 25697 15274 12248 27648 23387 15453 16305 12602 30718 19367 20419 8951 6507 25944 32397 3651 31799 16000 27711 2209 13856 26553 27104 15457 25074 12631 8252 16712 25831 15771 9034 3776 3933 26306 16645 28547 12959 28073 14665 13113 32596 764 20596 835 15279 30912 6048 10203 16081 24200 27174 429 24979 9706 3201 16536 11274 10448 21865 13044 28319 6458 1790 20782 20872 18732 10655 24280 21590 13362 9976 17577 19696 14163 12964 6586 21889 21160 2634 29910 3195 31638 4759 27932 20760 20399 7797 10951 5115 23260 4409 21392 32674 28625 11176 23442 16870 30912 19013 16833 27743 27726 22354 23501 22406 5969 17065 25371 28892 10508 18054 1039 32849 10697 30523 15233 21981 19479 3389 7629 19570 11598 12894 24878 20580 32540 18037 7371 22577 26783 10724 19119 24687 27248 8447 18268 2650 14555 24603 148 27808 30654 32616 28941 11235 31532 27563 24728 5721 1836 6178 25763 27044 29981 16375 3827 13094 26171 10084 24685 5597 5520 13814 26470 16944 5970 31025 17128 13063 29214 20854 20941 17281 17572 32670 29384 3772 18627 1992 14345 20502 29077 19868 4221 23594 4703 18871 22009 4318 18164 3870 9563 19929 17610 17703 18973 4016 17909 15559 17314 3264 26553 14363 11210 32383 15479 10516 27800 6401 25280 29093 14788 16741 11745 14148 6062 2233 31902 5907 14425 22728 27981 7080 14112 7214 22035 17200 5884 13702 28222 9112 901 23195 29760 19594 23236 2678 15389 14364 22064 7606 30380 6741 7494 15916 25289 32284 13780 13988 9045 25386 4182 6186 18474 20237 17392 16430 24995 20409 15085 16860 22574 32176 1929 19419 14000 26377 24064 7493 17892 14466 6721 25871 23837 2922 4926 30676 13906 2115 13048 28313 24952 17540 24621 21140 28250 20536 17570 21243 30055 26329 4761 29514 26848 7491 29014 16366 15877 12735 1301 14818 13301 13172 15086 5041 30572 3702 23500 951 13601 16743 29239 5449 4733 26756 2015 25576 17374 4228 26720 15034 4359 1565 18731 28864 2012 3333 12524 32014 4310 21770 14502 20527 759 11472 27922 22465 11426 17672 25404 4146 29711 16087 8679 26356 23841 6505 12176 9285 16635 4802 9859 25548 3099 4924 23683 32770 24691 31959 15168 19913 29221 10738 13609 24938 25480 24948 23165 2554 5926 3557 2189 13174 23048 11185 17211 22055 2323 1250 25335 14178 8524 17586 1235 6524 15773 29769 7236 22164 6195 25553 18738 21047 30432 28535 7515 20013 894 23838 4373 10955 24455 9515 27057 344 9614 24134 20432 12977 30556 24109 32349 30714 7176 28678 14937 28720 21948 21777 12270 14952 29686 12156 3863 17558 15899 5019 29621 24118 10634 23849 22742 28894 3501 6598 17484 11446 11943 6385 11656 16083 9919 10545 22304 29075 14842 27085 20788 5218 13696 31034 17578 26980 7028 2670 4564 26438 13218 20052 25690 25079 4499 1414 7765 24184 7958 8737 20374 25864 20806 1958 10025 7582 32798 4130 19332 22907 29886 16132 7152 24091 31417 27284 12206 28227 9411 8500 10940 18985 23313 25246 32487 8869 27806 32400 19168 19760 23170 16251 14985 15351 17136 16234 31954 28307 11330 12883 14534 23587 949 8649 18765 24230 554 13686 5479 22064 27535 14667 30026 20987 5013 18842 23521 1768 16772 7367 3519 20588 25267 3520 17887 23189 12 30972 19941 30924 1349 8314 22798 5232 5954 28477 31364 20589 13660 23018 22642 19735 14675 29007 2134 29633 29557 432 9806 23718 12271 1542 7516 23576 13945 14295 20712 16600 27434 28299 31275 8062 16457 6392 29312 7214 22898 813 3137 10980 21443 17709 26771 15998 21855 14470 9842 18484 3902 21034 19758 29935 12248 9746 2388 2483 13831 5950 24325 20360 11145 17558 24843 5453 26845 20936 7334 1552 6867 13752 32656 31437 12705 28086 12344 12705 31368 24498 4064 3492 28074 623 11176 5806 19466 12966 19849 23051 20324 32777 20613 17473 2508 439 8282 31272 4969 32166 12270 32540 24121 3547 5573 25289 32655 6632 20441 3784 14296 2319 3608 11609 13524 5916 31969 6651 16480 27326 14869 2226 18522 20992 32086 11372 20517 23318 18137 29214 31011 23948 30121 29637 29048 26749 26673 3691 6301 27677 26837 11608 24639 31434 13009 31740 22795 2015 14640 15742 32033 7815 31707 32409 30732 24245 29310 15498 23772 6054 14364 19512 28690 22486 28836 5781 18379 13378 2241 31549 30786 9499 11587 19120 12927 5770 13835 24939 14899 16881 2075 25599 29979 6736 16961 17364 1732 16394 14483 25862 16173 7279 540 18173 241 3875 2964 5771 9828 19664 4332 23658 28545 3730 1822 360 12788 23659 29262 27655 27956 13307 31621 8385 27112 237 10541 4326 21866 8013 13031 7901 29822 2876 2425 26700 4347 5419 32070 4854 21530 5230 11047 15307 11631 28652 17429 28058 28035 16429 6515 24051 24916 19897 3688 10879 23391 18055 12775 4274 4905 20178 1743 28512 2801 14771 28989 26717 17662 4607 1147 1746 22355 28801 21054 7019 23151 1786 28330 9566 17717 22390 30394 30335 4976 14061 16646 6800 28176 24290 10512 25439 10156 3774 20648 16935 20680 4752 13997 11266 14156 27510 6660 23497 29221 20434 1403 6639 30336 13360 27256 31064 624 475 15792 28230 2080 7932 28443 31402 25275 14818 19635 31534 3402 11233 22428 5283 25265 10158 24894 19266 32040 18772 23018 16585 19062 3182 10536 18092 27442 40 4352 733 22928 16053 28454 29236 24574 4612 9398 13606 14 22263 26924 19052 26395 1931 13284 232 25807 25806 28646 23200 12876 11724 6736 13046 32598 19580 27434 26554 24102 24289 32393 28639 6806 28513 30214 15415 27860 7029 13154 9753 30511 12603 4929 26444 9178 26703 25811 13960 26324 32107 25412 10629 32948 26020 19069 32058 26994 22492 14130 2875 4827 28352 5960 1901 15377 11460 27233 889 5201 10982 8472 32682 21768 12363 29855 11707 3946 29618 16471 212 12822 32087 9853 1263 16728 19143 13975 7439 4156 28132 8200 23461 15324 17206 214 23476 1451 17459 7790 2154 16335 20888 20170 27696 5752 17408 6695 10095 32604 1821 5931 3403 16208 18424 29350 21172 14609 18869 5418 6742 22543 11328 20974 11123 32276 22841 17510 11985 28908 3552 364 32892 17430 456 14760 5873 28386 2264 17199 2536 19543 18333 4018 20933 28875 10058 6037 31522 31942 16352 862 22838 2022 21787 18162 2718 11946 22262 22253 8158 22116 12299 27460 29856 14180 12168 14179 18370 17070 15616 9255 23564 31236 1492 16600 24328 30276 17280 8829 19973 10737 20400 27948 798 31810 29337 13238 30064 13190 14479 4213 29854 6700 32822 18467 13402 4673 19035 22044 21135 24826 13463 22674 4071 14624 3893 15086 16718 30491 23401 29102 4733 24045 6864 29670 15584 12946 12422 23335 2239 7292 7910 24843 22740 6262 14393 18674 21075 9717 4913 27759 27892 28350 28784 27756 18511 19409 374 14962 8696 2655 25133 16322 15717 18653 18586 14430 15324 12302 11357 25701 25368 21056 2577 15933 6322 27486 7839 2707 31871 28407 10787 9799 16961 20139 24835 17953 24230 1773 28676 19128 4535 17635 5617 18245 14348 21259 4706 18253 30796 2683 15048 10905 4443 24387 21944 26513 12320 4617 59 29219 8993 20244 19776 25746 24922 1154 12960 23507 9224 17363 24440 23402 5074 7317 19314 6941 25848 13786 24933 10909 1552 16613 18307 20165 9724 1000 32491 4902 11413 18001 7359 3127 21473 31849 29896 6871 2948 16944 25597 30553 4337 23684 11055 13151 15867 31128 7126 24883 32133 21437 30608 28143 26903 821 1990 17804 22461 16586 24625 20589 26998 1749 23408 10823 9837 1620 12151 8117 3239 2516 19895 12061 28213 29281 3355 18228 2281 14097 28759 4558 10491 9028 4196 25138 8237 2559 19601 32558 22098 1202 11100 12213 3093 3614 29775 13680 19427 21515 30854 22270 14079 32370 10464 25830 13576 9769 834 465 3758 1061 32762 7883 6613 31933 6658 8973 16206 29511 25123 9468 2066 17758 26756 7557 5803 30628 10406 32583 31757 8680 7439 30521 26996 565 17324 22092 23626 5 26659 17792 22661 2684 3669 11614 21381 16685 17290 32662 14949 1633 1693 18207 3691 7848 22920 22624 4219 27812 12523 12046 11664 20268 14979 7380 27502 8867 5352 15800 27883 14749 13183 12397 26625 22411 28221 29857 3387 2172 25787 25267 31811 3588 6102 1663 22880 24224 9805 32943 22391 6038 3028 6364 7449 17484 20887 3530 13275 176 8185 8013 7114 8024 19343 13821 6497 15309 10164 7911 25145 20375 19726 6627 1451 7211 25259 13794 318 6275 8507 21531 3524 5127 10447 30872 9361 24581 21756 15677 3053 11148 21340 6780 23773 26539 26131 28510 13953 1756 29330 15512 19070 25283 10600 32384 6976 14490 17384 1056 26161 28374 9287 10873 13225 17610 18991 32954 19243 21778 2495 27933 28229 17239 20514 8696 25041 16590 19562 20985 11741 27543 713 2222 31252 7991 12916 8834 12070 13304 26434 18590 19106 25303 22949 21060 18146 32271 16692 1113 12617 23817 25790 8082 23170 17109 2898 17088 18646 3877 7213 7151 24341 29326 29067 31397 10166 19409 6355 21953 24551 24902 10558 13279 22006 32991 1273 21703 13075 15916 2391 20479 24083 4125 32396 19024 6557 27351 19752 25219 10861 25599 4141 23495 32637 9352 4592 1005 26219 14772 793 15212 14663 32626 21861 13030 22770 20782 25322 28160 6922 9674 29681 4189 27026 22040 24011 13255 30933 19397 11894 31290 29193 10221 15589 7622 20354 27166 4594 4160 31617 32651 11882 1304 25564 8443 15973 4612 1344 21321 17286 19477 23153 23605 312 10807 31826 12963 8376 12589 32448 26217 23265 29580 13651 6412 25727 19870 23469 21257 4577 13276 1865 2160 28168 26650 24070 30774 5263 7252 9116 14379 7084 27873 10101 29766 13671 15280 6843 18558 28336 5998 10386 30190 19041 2040 17876 30667 4123 23426 27575 7804 30730 30637 15546 31814 25417 4733 8859 19026 22080 19437 22077 30119 3430 27545 541 26536 5311 96 10328 152 32866 25506 3508 5220 2469 1128 26457 23757 18897 7597 19834 8428 30959 12504 6289 12328 5523 23870 17407 28438 7105 4128 21165 7655 15168 11135 1901 17898 25951 23184 24114 19170 9455 15561 27255 16892 1781 18514 14681 31914 589 11087 23715 23155 6298 22005 21348 20738 25211 20456 27823 11427 4987 30495 24727 25292 31320 9590 32169 26630 12081 15102 20344 1243 7801 26792 28078 32665 20330 21810 4588 18977 10700 6885 12317 18867 22891 30570 2382 27895 27002 24730 11510 27182 12535 5375 3803 11938 30683 19316 3341 17722 10792 16290 15066 24892 24981 17346 22623 23635 24462 11121 13573 32238 9385 2226 14620 7124 25196 15702 26138 3161 6063 1152 11158 28742 16630 6069 32046 29166 11711 17069 32327 27039 16614 23433 4591 24308 6087 12905 17715 13069 27841 32257 9032 19701 5666 31986 25399 15741 30073 8595 31823 22952 7343 20327 11857 7527 9817 9323 13060 1156 19509 23727 12638 16649 19570 20107 32963 20605 1011 16437 12540 4552 25717 13734 20332 18010 30334 15318 6861 20089 32651 26404 3309 16574 21184 32964 19608 29101 10679 697 4832 11407 2134 21921 23539 10705 24688 16491 27858 21949 27337 17973 29603 23435 28412 363 32296 4659 29487 31159 24273 7997 11354 13730 13906 4429 6293 320 28880 8435 26764 7050 28109 26579 30807 27582 16762 30329 30285 18209 8078 10681 25421 5385 12398 18787 22055 10744 694 12016 24659 2180 11856 3303 23929 24566 16246 23638 14932 3861 12151 1894 9533 6709 16118 17257 27279 14947 15280 31943 12088 30839 31026 4092 10233 2928 8297 9673 4191 14139 22 14636 6708 27814 29511 12607 14643 19019 11797 29175 30162 25826 22153 21143 29109 22983 30286 14884 29498 24537 14667 17049 25636 13926 31835 13013 724 9012 29667 1365 29788 8098 20779 30481 11955 13304 11072 28049 23553 8563 21905 891 18302 837 5898 15672 6062 4551 20294 9113 141 27399 26451 20086 30318 6289 5095 23794 7133 1744 22444 28460 31634 22307 12335 20599 14877 18811 7422 17400 12756 1254 31796 29781 10072 475 1237 1352 7282 569 19910 14398 14197 26641 17663 22175 20782 3458 14334 25419 20102 22581 4796 9557 18892 12641 29240 23570 6292 11617 4803 22682 3832 29598 9603 15449 2850 4490 16093 57 27988 5295 10880 9761 20714 5836 23602 32311 18670 26978 15454 8687 10023 3481 6612 11334 21653 18145 28115 28074 19994 17996 22007 30236 9958 2253 3380 11248 28029 11439 10362 23118 6835 28149 27442 16489 1003 9589 12021 22974 11486 22004 6677 23887 23336 2525 16506 23404 29627 1970 21012 10136 3575 14825 8189 31184 16278 5572 259 23217 2349 24736 3934 32327 21356 18831 12072 12929 7690 21865 22490 24886 16146 2019 31331 25708 7763 4188 32338 2445 22097 18642 22110 25800 7372 12765 4251 28818 23832 28515 2182 31414 14230 19028 26716 21251 12539 24739 10497 14689 19566 31412 25601 26545 19994 17340 29063 12809 21578 5258 29236 21542 27424 9899 21899 26532 30161 32931 13982 4760 8059 9297 2953 10757 31619 19863 27313 27339 2951 24486 10945 6415 27130 32267 11145 969 1314 6789 31450 13905 32908 10708 15084 2472 17402 173 906 26571 24325 24647 11543 23200 21288 27136 32088 4330 1721 9974 5028 27407 29910 7476 15962 24132 5923 8574 4249 15248 10088 13589 3498 12785 28034 23653 32557 25197 21604 28099 11494 19044 4040 19820 4150 3020 14081 6010 14215 6318 13044 22661 22039 7871 23952 24527 18453 21036 26807 11696 9914 19069 595 8448 21532 4940 9657 22965 15527 19625 11347 27800 20903 4267 14318 5981 32183 8273 29119 15856 6404 9658 6400 8047 18709 5170 27809 6867 24902 17449 16618 27816 19148 20185 31360 11042 13753 32356 6486 9415 20101 4396 13178 18813 18371 8433 18554 10154 10793 20700 22202 15840 145 25632 30337 2489 6248 20377 29644 16825 9115 12856 10209 11248 1268 22918 9294 12888 30171 4345 23462 9289 6568 27174 19215 12813 12353 21878 10422 29049 23357 1662 13136 1033 32352 17824 25401 24572 28426 25783 12813 20884 18192 5010 11375 1817 32601 16670 27536 30157 16649 15411 6161 17056 13768 16972 27616 19290 29501 16790 15690 27347 16087 2462 23644 8639 22639 24225 11985 14307 18785 12647 32688 26861 5899 14638 4963 3707 18736 5585 20312 14891 18814 29768 31421 17322 21507 10861 864 31357 10572 5940 29735 19096 7298 1993 820 14719 20589 26026 9033 14686 2009 23741 601 1166 12416 28938 12948 19169 12483 28450 29420 23664 25928 21233 27358 26617 30260 1419 6318 10751 31247 14140 26583 20896 4051 29910 32969 7038 23847 28006 19252 7909 6644 24946 2205 7596 19899 15726 21740 10238 31575 612 16397 11481 30489 10061 1872 17306 10714 18241 28656 13235 9252 9575 258 4717 6593 20991 19495 30647 31413 21856 31344 16333 31697 16961 114 26070 24739 14493 5170 14876 13159 11913 20792 521 106 6379 2053 22088 6756 9365 12100 16220 25057 23829 13512 23910 11669 20812 10301 19526 1010 29628 26879 32958 32306 11920 13339 5167 12311 28309 32545 27692 10042 30073 14662 19702 17181 16725 5119 22700 17241 14957 13012 30031 31625 270 5415 22248 749 16153 17641 16795 2805 22126 14873 30672 29996 15683 3914 31063 14547 1882 9602 5810 19337 24459 21920 20959 6200 13547 2034 9564 17203 10539 15745 1696 26393 16224 21230 13552 30106 29764 14257 15242 28425 14533 13246 30690 6666 16292 17573 18398 12542 27690 24868 10322 2019 18321 27446 9966 21249 13299 16609 15414 27605 28685 8336 10279 11532 8097 25199 19337 30492 18089 24819 29677 7428 29464 32265 7213 20908 16382 19113 24904 20666 29922 26988 138 27571 4606 30223 15086 10125 3628 2085 31210 14129 7906 20454 1088 25824 10384 14187 8348 30550 2816 26769 13955 8813 28829 21821 15045 7793 21124 28835 27291 7730 45 20706 9594 5892 1064 28407 11886 30645 6224 19948 16354 4705 18439 32325 21561 13804 18537 6253 4058 12356 4647 2800 19832 26973 16263 27184 28289 25589 20499 11667 12184 1307 30162 9528 18517 1913 381 11270 15949 8109 29473 21317 9955 6161 24301 22403 30658 22514 901 20670 31301 16767 15639 16091 17896 12265 30332 27455 24532 19752 25023 28777 23997 22574 6914 20035 13141 27146 6082 29631 11385 8552 3334 29985 16299 28596 741 5067 28052 26310 19935 11775 16841 26779 26362 29604 3029 11715 1676 16289 2834 28947 17624 32759 17307 14879 22029 459 24795 23301 18918 31678 16649 28422 28639 7565 26099 10372 120 378 20875 28698 23244 6308 29410 1935 28363 6247 17426 30031 31774 18055 29552 29039 31593 13480 19237 163 24596 18475 24119 23934 15667 10155 29311 30363 22716 10757 8648 10241 9313 19831 32427 4738 21476 4113 26340 843 26651 7523 14475 29721 9942 1382 13879 6039 24197 25152 31338 31808 12948 26222 13350 24890 4103 15176 17444 13147 26118 25938 12020 23790 8283 15528 23811 22408 15565 24336 9056 8581 21865 16718 10081 32516 14680 25177 1720 19342 14612 27719 12588 28442 7293 18147 22180 7889 25583 25757 11396 30087 25445 15331 27418 12338 4723 9624 18699 16023 9109 27328 8081 28969 8593 22773 21069 1979 12955 11727 14964 10976 26431 24035 20776 19174 32750 30201 1882 25915 9098 15662 21030 28668 1874 24740 9310 28425 21751 11143 27814 13619 5645 14987 13744 2475 1027 31216 13109 4294 30975 13880 9270 2867 31031 17029 14177 21767 4693 11430 5878 2465 15798 6950 9676 11844 2178 6671 24761 27 1191 11280 24016 6136 16807 1351 972 32221 12481 24728 27427 28776 7114 610 924 21269 19644 12603 5139 10900 14646 22176 10173 345 7378 13215 16771 20000 27157 25438 28031 2640 8565 26996 4624 30422 11289 15403 26010 23783 9534 15810 21763 13058 32593 13715 16118 4412 11716 4786 31189 18449 12448 4741 6893 32725 13023 26249 13713 12200 22704 204 22848 15953 2759 16654 30667 30219 16603 32843 30223 29388 9643 20517 30633 5101 25059 4503 19128 19449 11938 8319 30086 10838 4940 10147 12954 30017 3123 679 7103 10214 14031 4931 8674 7784 4546 924 31722 9526 30097 23307 32279 25554 14663 32199 32390 21610 1973 26667 7877 820 27792 31199 11852 31543 1789 6343 26145 5904 18566 15216 23392 1835 3173 6931 29098 7755 21168 21987 18195 15396 29887 18052 31632 29079 32117 22336 12716 27981 28988 20863 7685 18114 19967 275 5737 14684 13066 11221 24710 24168 3637 913 5009 12609 7140 29122 30554 1320 26211 20581 6582 19157 16499 1008 3885 26131 3058 1778 17141 23156 20008 22629 24033 12704 5698 1668 28950 6976 6020 26517 27264 3774 4849 16475 10348 22914 20606 25756 32437 23256 31643 3940 7514 12965 9038 32099 27157 9444 5990 30676 2312 6797 29382 14946 22350 4258 11350 14909 25717 14799 20411 29832 23435 32971 7971 2843 14636 6532 4229 3730 16645 31273 15702 11310 31593 28271 28141 5773 154 22029 2120 15609 30435 17161 23049 404 6297 7913 15315 11864 19934 11618 12310 16651 16939 29161 10702 5666 14516 14749 16036 11562 30611 27804 19107 6551 1687 17482 30894 16007 8988 16243 18442 773 8937 28883 12843 30988 6704 2327 14307 21429 15692 22162 8318 8515 6341 421 2168 3664 23216 19171 26018 5225 8083 27441 25043 5309 16792 18534 22657 29127 10836 17007 21721 9322 16139 6870 12613 28860 13483 7281 25224 21368 24129 21766 11041 12707 29926 2156 26732 4755 28668 13859 1337 14553 2187 30468 15468 27998 10997 7128 25224 15990 30636 16147 21218 7432 2317 11760 18660 25086 9871 1966 22373 2294 28570 8293 1631 20493 25799 32812 5651 19164 19626 20553 6771 25136 6559 4675 6996 14509 20219 10116 2854 26147 6237 24236 7489 21751 27508 19872 17260 29957 29563 6486 32110 11620 6032 27662 22060 27106 26626 18045 942 13167 6467 32838 18944 11763 18118 15705 1474 29139 29331 22257 20043 16882 23827 31026 4957 29427 32680 25796 29907 16632 5398 18709 6958 8780 28540 23554 17573 10883 17791 27912 5127 23007 26983 560 12288 2587 4174 6424 3588 4789 6112 17840 10792 18186 5984 27626 17877 4495 18325 5171 20263 26318 19148 27774 23851 10766 7841 20320 27114 18079 18164 24692 18631 29868 10634 23758 11194 22555 883 18359 16596 19463 23610 11877 7281 2944 8018 8481 29575 27686 97 642 8459 4862 23711 8876 31503 20249 26238 2464 8213 15519 2051 27697 11656 18196 27300 12266 24329 29008 19003 6754 7844 2495 29122 19457 2703 11544 8501 13642 21747 4916 21632 20098 30714 13858 14453 13367 19399 21163 10120 13806 12371 7446 30101 28919 19711 27114 21061 22184 31344 19789 12896 8845 31317 21164 17010 6304 31279 15845 22626 407 15073 5939 14475 21034 6775 16631 32349 7760 8399 11158 24035 13478 30014 24903 7580 22167 3445 5565 19422 24904 32870 15063 19564 26365 11864 32641 18743 4992 259 16061 13038 12396 8355 10613 28398 2102 10301 28381 18827 16859 9425 1197 8438 22455 25107 2448 30908 20064 1565 6059 20900 26240 1951 26628 983 19903 27593 6107 8029 7683 29344 377 4216 25299 21380 25316 31658 873 1372 1090 1997 6096 15951 10570 16072 173 16416 15011 13437 3246 29028 29316 4014 19722 28196 19914 11865 15252 15030 2305 30631 24978 24907 27421 18087 12958 6416 5188 1696 3552 5403 19799 21365 31616 29746 20632 13554 25048 24342 12357 6589 19133 13353 20838 4102 8003 11753 19992 15910 24519 22713 16116 30708 26258 8601 18157 25277 5158 18329 4519 7190 17657 32462 21423 25890 17865 12733 972 31493 25288 
