// periodic
// number of jobs
1
// pi
10
// Cycle
100
// aperiodic
// number of jobs
10000
// pi
83 74 64 101 72 150 81 47 11 87 177 161 137 68 179 39 134 110 178 176 58 47 93 40 123 79 95 145 65 157 16 141 162 88 141 78 139 146 89 118 106 54 11 59 36 106 176 63 102 133 18 151 172 13 58 95 101 150 127 90 176 42 79 165 168 13 12 76 141 126 40 39 144 3 20 149 18 116 82 128 30 161 29 79 46 7 15 95 169 106 130 115 158 73 176 128 144 120 114 100 31 64 132 92 126 29 173 135 120 108 159 38 149 9 3 120 32 42 83 42 161 151 4 129 99 75 91 27 65 49 38 82 7 42 120 151 49 113 4 24 142 76 77 50 44 80 174 3 113 90 151 111 152 28 87 47 73 148 133 74 152 26 140 113 127 133 42 44 173 67 160 117 106 159 48 165 134 77 175 79 87 79 16 161 17 20 20 85 30 24 137 98 85 5 157 15 173 75 133 15 98 47 33 92 57 165 164 52 160 134 43 136 131 127 132 136 10 12 37 105 105 40 157 134 52 116 36 65 47 18 126 79 102 15 112 162 12 162 159 60 10 23 25 78 145 122 101 87 177 157 127 140 79 110 19 159 169 30 67 62 64 109 88 162 56 65 140 57 131 64 65 120 37 168 94 143 58 68 17 46 82 63 53 28 124 56 131 91 45 142 55 41 19 37 6 20 41 74 26 160 54 7 52 62 133 73 109 142 106 97 97 13 2 5 24 83 117 119 42 52 170 110 6 158 70 12 69 157 140 127 173 26 25 127 119 22 29 129 12 10 21 170 155 49 126 141 85 126 128 18 22 163 41 14 103 29 134 40 55 87 147 45 106 107 29 42 175 48 177 144 160 164 143 75 41 165 78 49 77 82 157 161 12 128 77 170 23 129 27 38 60 62 51 67 74 86 145 6 31 76 23 52 103 79 71 154 111 168 129 171 90 156 68 131 29 155 45 105 169 172 67 96 94 146 27 114 106 72 122 159 48 82 74 169 127 17 60 166 109 44 120 91 113 45 62 42 156 45 138 133 121 49 29 158 74 164 109 117 179 167 129 89 106 133 175 157 42 8 76 93 154 179 62 27 126 8 133 121 33 168 121 5 106 74 158 139 156 116 41 172 51 47 86 25 143 49 130 109 84 50 51 27 25 18 41 131 6 155 72 46 109 163 10 99 59 165 19 38 35 124 49 136 142 89 42 119 87 57 178 42 118 35 53 5 109 156 129 167 46 117 40 136 111 110 37 139 122 46 126 153 151 74 70 102 82 138 13 109 82 163 24 164 136 86 89 71 117 15 33 173 31 103 23 128 17 174 157 138 121 116 34 90 75 65 110 112 45 71 6 37 71 36 32 12 164 92 113 178 102 14 34 13 33 40 139 13 132 2 136 42 138 70 39 121 166 133 150 117 27 169 129 78 17 132 121 89 38 12 17 142 38 80 101 67 93 150 103 15 178 57 110 25 116 179 53 147 108 91 177 80 170 86 19 35 21 141 64 3 40 10 97 77 51 47 97 75 47 137 12 74 28 59 33 50 170 77 44 2 93 100 65 63 172 21 153 150 144 25 67 115 13 148 26 21 162 72 133 168 155 139 46 96 170 75 151 87 5 165 70 103 123 58 174 106 77 50 157 13 167 147 17 27 12 18 15 36 85 42 52 117 72 89 78 144 176 34 65 61 54 172 84 171 6 152 115 52 76 18 149 119 45 22 166 139 161 99 59 87 104 18 135 45 30 53 65 145 105 134 167 133 84 100 104 127 66 130 155 115 95 120 59 43 86 45 78 100 64 73 51 20 73 99 176 158 139 79 134 131 50 25 73 159 167 171 25 47 177 42 94 93 123 22 15 107 92 43 30 56 60 155 135 39 40 87 174 69 163 84 88 94 160 149 66 90 108 59 49 58 129 46 44 10 138 29 25 48 151 97 53 58 40 78 150 169 105 139 114 21 138 59 91 73 105 88 76 56 44 47 19 69 16 28 104 65 5 30 156 48 101 22 78 93 69 156 159 139 141 81 99 131 10 87 138 122 161 78 153 43 125 119 84 131 11 138 43 31 98 153 174 35 155 153 51 63 93 127 179 45 76 47 84 24 45 57 142 7 25 128 126 72 106 163 30 130 23 107 168 165 119 109 82 26 99 116 106 105 47 159 117 80 62 154 107 104 68 135 73 150 16 66 79 112 96 71 33 161 63 136 94 30 115 137 24 56 86 76 142 37 16 89 11 158 92 86 74 65 123 99 59 146 99 134 140 93 139 152 67 131 169 110 63 107 8 66 54 89 54 26 179 41 101 172 31 112 56 24 110 43 136 88 154 109 43 69 69 39 78 92 102 102 151 173 58 22 150 11 41 72 46 158 68 178 103 57 31 81 74 122 85 52 66 54 55 57 68 7 96 3 95 32 120 109 173 170 30 166 70 16 122 41 147 40 165 99 102 169 43 159 127 145 75 162 69 151 50 133 79 48 29 28 68 133 77 86 176 24 30 66 64 141 138 177 110 129 84 75 157 49 86 42 87 75 65 157 96 122 173 43 97 92 69 106 17 40 28 21 121 12 2 27 124 47 69 157 169 51 1 139 124 145 52 52 15 12 147 139 15 157 21 178 60 41 60 5 96 119 59 35 43 164 130 179 122 159 161 54 17 79 85 3 70 98 46 46 62 95 148 87 118 63 39 12 164 15 94 168 44 92 83 143 108 134 6 83 122 165 18 119 30 156 12 80 145 28 33 40 15 30 51 94 98 153 170 134 39 29 2 19 143 41 37 24 10 91 174 10 18 42 129 57 20 36 1 113 105 17 134 7 83 94 44 78 120 17 39 169 80 67 126 179 22 150 55 48 15 156 91 81 25 56 13 21 35 66 145 139 51 97 107 8 134 29 70 129 170 73 141 117 139 75 113 127 173 20 164 155 14 39 71 113 164 51 159 148 49 52 179 69 132 134 89 96 110 20 164 151 83 169 114 16 115 32 113 107 154 6 59 179 7 21 64 17 93 93 133 39 1 108 74 121 53 170 140 144 132 57 7 128 106 149 24 87 159 59 140 65 76 109 164 73 88 171 141 157 37 159 11 62 160 21 33 10 145 101 75 14 78 54 78 122 139 96 51 90 26 89 12 160 140 137 40 73 66 83 87 93 51 21 151 75 136 174 107 99 111 162 48 42 124 95 19 152 142 136 2 175 48 82 116 19 106 15 84 166 129 49 110 10 63 45 14 92 112 162 126 174 111 33 116 50 2 61 1 80 12 171 74 68 16 2 138 111 89 147 104 122 118 76 47 49 130 29 121 47 174 66 159 178 175 149 20 104 153 67 154 109 76 53 104 7 132 27 79 102 39 123 118 65 52 147 120 114 132 108 115 7 155 46 5 158 93 39 163 23 111 54 111 168 37 42 6 166 124 4 73 114 75 71 79 43 24 87 178 80 1 75 96 22 53 128 49 177 120 150 125 42 73 157 31 103 5 112 158 155 179 120 49 105 93 144 116 107 138 157 165 119 7 89 11 47 140 136 84 102 100 113 31 6 26 39 97 103 17 11 177 25 111 140 179 34 69 145 17 63 62 174 50 80 106 15 119 135 165 176 4 164 121 104 125 177 150 63 87 107 166 6 93 178 22 57 166 126 46 118 170 108 6 107 105 173 47 118 109 16 43 52 94 87 74 96 106 165 37 58 145 147 151 36 79 136 160 11 10 24 44 112 42 93 161 83 50 137 31 59 39 54 32 153 14 155 88 143 94 110 142 10 158 156 37 33 7 63 38 32 63 178 124 124 101 78 20 10 34 123 23 138 128 40 19 17 73 113 174 24 70 24 102 135 88 159 70 58 140 111 31 152 117 178 98 65 172 153 60 121 95 28 51 127 3 66 84 35 25 137 162 139 31 80 52 49 109 43 160 41 114 172 96 166 168 53 109 73 16 107 130 21 179 139 61 47 144 83 162 143 31 53 166 92 42 126 86 52 137 106 23 139 146 100 56 125 75 146 98 152 46 153 119 64 5 87 78 56 53 62 84 10 104 7 56 169 30 66 25 89 75 122 3 18 150 139 38 51 48 21 106 118 73 150 177 148 51 38 103 134 70 175 145 19 29 167 176 166 60 175 116 75 87 145 55 72 97 64 8 64 17 26 65 150 8 62 156 6 51 89 36 165 50 45 117 100 145 79 87 107 92 47 29 155 48 155 130 93 139 55 157 80 149 163 17 125 126 171 173 108 50 130 25 68 94 34 18 81 40 53 37 92 55 27 144 41 133 83 48 29 136 34 3 98 128 164 36 39 150 27 169 155 5 3 150 16 56 154 41 89 162 90 59 64 71 8 127 79 175 65 83 108 162 159 152 7 101 39 76 136 130 166 134 75 26 147 2 75 41 15 146 39 19 144 14 105 89 103 98 178 149 9 121 8 66 106 56 59 46 12 28 121 151 16 140 70 51 100 88 101 12 50 87 120 177 21 39 173 133 166 49 24 17 176 144 16 79 150 124 93 52 15 117 156 37 91 78 114 136 55 118 146 176 84 51 44 64 2 29 160 164 132 145 83 62 176 169 153 92 47 167 21 173 121 155 91 37 140 178 145 137 7 19 83 80 161 123 49 32 26 34 27 25 39 144 39 117 66 27 15 149 79 172 15 78 111 136 84 143 87 31 140 7 95 123 30 126 55 20 93 103 77 10 79 22 172 24 89 41 114 140 121 124 92 178 159 85 52 118 6 120 146 55 47 68 145 44 104 45 68 152 170 28 108 179 64 15 147 98 59 94 164 49 153 171 61 70 122 7 177 69 22 96 149 175 125 54 142 72 177 175 25 140 87 149 137 161 57 140 143 124 75 15 114 23 137 43 125 25 28 39 168 57 52 54 132 88 71 29 97 102 78 164 121 2 97 31 70 48 72 112 134 7 157 122 47 43 153 177 139 178 50 6 4 140 140 55 142 172 3 21 36 134 101 140 40 74 64 153 155 11 27 15 156 153 8 126 138 1 23 158 115 24 25 126 52 145 23 125 178 88 77 58 90 31 67 165 171 48 69 129 75 138 129 80 144 143 1 21 147 169 134 57 12 103 21 70 95 67 86 2 129 144 26 161 77 139 31 84 70 63 46 120 51 9 124 172 142 141 10 84 31 174 55 114 175 167 139 90 152 131 163 59 143 175 42 161 166 87 51 85 159 167 89 67 33 91 51 4 175 136 60 144 41 109 83 80 39 56 161 42 105 33 25 61 54 149 179 116 55 158 62 113 65 97 112 27 87 119 36 134 102 98 151 55 17 59 154 65 16 119 28 44 4 59 69 154 58 146 116 151 127 56 96 70 41 102 69 163 154 79 20 64 28 133 105 178 27 81 21 120 35 116 158 90 58 128 18 143 165 41 137 53 81 47 141 141 128 63 93 53 81 135 61 154 24 4 9 148 20 62 64 49 146 84 126 65 166 150 18 155 123 127 19 77 168 75 75 142 114 159 61 54 175 67 87 2 1 29 158 101 50 80 112 59 136 5 6 22 30 107 134 125 165 50 88 68 105 81 80 61 31 27 172 156 133 171 21 11 174 164 178 73 176 41 43 23 74 39 62 50 176 94 121 127 45 102 126 49 164 84 103 12 46 154 171 14 74 134 113 161 139 34 67 91 103 31 79 147 81 166 69 152 77 101 4 53 53 118 139 83 49 128 129 113 154 110 73 32 168 164 146 55 4 124 150 42 52 133 89 11 144 103 14 16 92 75 40 166 155 90 40 121 171 72 78 107 61 46 170 152 117 31 98 10 108 96 124 95 79 65 119 153 39 111 46 58 77 157 100 174 15 142 115 9 5 4 65 32 22 26 79 60 37 59 35 19 162 140 164 156 134 113 14 132 20 165 161 153 110 162 113 61 157 135 58 173 98 28 33 179 62 71 126 129 37 32 107 144 155 9 9 130 153 5 91 22 16 25 144 78 82 13 78 163 141 3 139 156 7 175 115 138 174 100 155 166 126 4 16 125 131 3 56 71 163 113 80 142 157 137 175 24 174 113 138 45 126 106 156 148 36 20 161 50 140 50 16 18 18 169 100 144 41 130 1 95 37 84 76 33 20 139 128 96 36 82 98 133 156 56 114 15 99 23 176 147 43 19 149 101 91 43 157 75 11 5 114 139 82 86 168 124 55 163 164 38 109 35 87 83 80 18 159 47 45 55 148 45 5 114 54 163 152 30 16 33 35 45 86 104 70 78 45 46 155 116 34 6 66 147 165 105 112 81 158 13 34 104 8 78 143 116 145 76 41 106 123 31 89 69 55 155 103 112 88 23 11 79 1 41 147 168 90 112 83 177 145 73 142 157 119 120 49 14 35 89 42 142 1 34 77 145 71 82 131 37 98 77 4 143 83 134 23 88 138 153 85 72 74 61 122 147 173 59 108 174 50 118 160 104 174 60 137 119 131 158 80 42 128 54 141 16 117 164 40 56 100 178 102 33 22 168 74 110 117 178 32 178 116 35 132 50 12 149 24 127 41 37 74 46 92 13 48 47 60 142 53 29 43 47 169 79 100 31 106 33 79 87 20 175 5 147 16 90 16 15 24 54 81 40 71 85 179 87 38 43 73 163 5 61 69 116 94 80 90 105 115 20 178 15 102 36 161 88 128 29 75 105 129 7 91 125 104 13 96 73 11 90 115 56 114 123 58 108 176 49 146 2 108 45 163 100 174 151 44 158 101 62 86 166 151 24 147 148 37 121 134 125 167 170 66 144 76 119 81 126 43 57 46 38 14 83 161 36 8 168 118 95 111 48 24 85 151 2 176 48 152 18 83 114 17 91 81 99 40 168 153 138 164 56 80 8 92 112 53 16 96 162 91 112 131 84 98 31 159 156 35 50 135 41 176 151 97 121 69 106 56 135 126 173 165 102 161 26 46 4 64 152 30 171 69 98 171 127 100 33 59 5 16 27 125 96 157 76 31 73 108 77 56 78 47 52 102 1 1 2 128 25 105 130 15 128 174 69 135 132 136 4 146 46 51 70 37 171 84 71 174 3 114 125 64 178 71 143 66 148 56 16 159 81 85 135 154 21 145 26 159 45 26 22 38 91 14 40 34 161 131 127 120 21 15 65 136 105 89 133 149 23 145 87 118 161 15 21 168 45 171 41 112 129 147 80 28 92 128 98 39 49 155 104 177 168 139 2 42 139 166 115 76 66 22 63 88 62 46 73 133 68 50 121 36 102 170 130 114 40 96 170 74 143 83 103 54 123 162 21 99 179 24 33 158 114 169 49 91 141 25 106 133 131 107 177 53 54 14 22 47 42 8 157 104 86 69 45 123 84 70 9 150 70 51 178 47 151 167 38 74 126 88 109 61 30 102 30 61 94 36 16 11 138 27 80 170 125 82 142 129 19 170 78 178 9 103 43 57 162 26 70 34 178 111 18 170 173 176 81 144 55 103 161 40 179 35 161 146 133 8 61 152 159 65 38 157 121 85 103 64 28 17 134 162 84 176 33 65 74 64 21 75 70 12 129 5 154 77 28 152 39 132 161 13 160 161 26 45 78 172 71 121 143 148 43 118 66 75 59 78 29 146 46 176 80 82 173 178 14 13 101 15 51 133 81 113 68 65 51 136 112 144 165 176 92 114 123 16 115 90 35 106 159 139 68 155 159 131 20 107 176 7 51 115 81 66 82 98 138 157 56 134 33 114 26 128 52 99 22 57 24 107 46 21 140 129 63 15 79 69 26 89 161 82 158 88 67 81 59 125 48 6 81 140 145 117 17 11 156 119 105 112 148 152 135 167 24 14 172 138 105 121 106 5 64 120 78 136 160 128 39 92 132 96 173 135 54 140 71 36 173 122 147 22 167 141 130 158 25 27 139 179 140 119 170 23 120 109 178 50 111 10 28 13 75 79 27 160 53 81 97 21 66 135 120 132 89 52 133 170 37 170 151 52 123 111 154 85 91 87 47 68 50 97 120 60 84 2 143 87 103 104 81 18 135 29 5 27 101 110 178 68 154 156 34 29 44 15 90 67 90 6 155 1 33 171 38 126 68 99 159 137 19 51 88 36 77 113 49 46 69 99 142 148 56 92 28 26 136 7 4 22 10 43 58 120 149 3 72 49 136 140 64 16 15 124 136 10 11 105 77 38 131 31 86 165 165 95 92 86 147 78 34 110 74 152 74 159 122 131 148 141 27 173 73 138 26 94 94 45 34 143 91 122 61 9 65 154 82 49 166 80 34 132 97 42 79 143 57 32 44 73 117 9 7 103 29 175 151 79 171 100 124 157 83 137 3 61 94 20 120 160 166 56 87 21 75 1 79 42 111 105 126 2 8 114 41 130 52 169 111 172 63 175 110 40 15 169 171 52 109 9 28 112 146 27 1 26 36 83 4 6 28 103 34 92 103 130 132 140 113 123 152 53 173 163 80 160 136 15 39 133 50 113 105 69 149 161 178 151 152 7 31 40 63 17 29 7 83 36 179 68 30 164 147 90 102 41 2 133 61 69 124 122 39 15 34 134 25 177 25 55 57 34 62 111 23 101 73 118 150 142 18 117 40 144 26 31 130 30 49 11 149 127 37 36 93 137 136 73 17 103 105 174 29 106 175 40 138 21 7 109 6 23 102 172 159 115 102 171 97 27 132 73 111 46 63 56 83 83 177 2 149 147 20 149 31 95 28 18 58 74 124 143 179 66 143 20 70 159 54 153 124 70 97 71 40 107 38 91 112 77 71 130 115 176 149 68 130 162 135 61 64 86 107 83 39 98 6 58 29 15 173 58 76 173 126 14 111 172 30 50 94 62 6 178 154 157 94 70 128 128 126 86 14 145 159 94 65 23 92 30 158 148 92 17 107 66 56 85 2 43 141 46 35 36 156 153 176 59 82 54 125 118 27 26 65 123 52 58 92 13 156 146 68 125 121 167 156 109 175 44 26 79 162 39 35 145 35 129 139 92 107 161 158 152 173 165 169 153 83 22 98 66 51 6 25 149 2 16 112 174 136 23 108 92 171 156 125 97 141 14 33 19 6 31 120 162 54 124 66 40 4 17 178 164 37 36 170 164 171 112 36 130 88 119 122 73 10 60 34 112 119 148 128 26 145 18 14 122 94 31 163 73 129 178 91 81 2 158 28 69 64 94 143 36 25 134 62 178 118 141 126 38 133 129 27 136 89 8 50 162 132 163 19 118 168 157 87 156 59 140 103 44 166 116 164 155 49 35 52 126 126 105 83 72 128 76 104 104 47 167 166 2 101 91 122 49 16 37 51 63 141 33 48 141 4 42 86 150 89 131 168 125 124 21 38 146 153 44 4 29 165 64 155 96 132 20 3 133 4 32 141 10 48 90 75 119 178 122 50 122 135 41 20 119 44 142 9 102 96 109 42 60 104 138 2 125 161 70 140 93 100 105 42 56 152 128 50 146 89 75 150 156 178 137 86 7 166 64 84 22 163 131 111 20 137 84 160 46 103 155 88 68 79 129 72 35 4 172 128 98 22 178 139 7 25 174 96 41 34 115 29 172 64 104 76 93 50 107 40 161 55 89 93 92 78 1 77 26 173 128 96 87 57 41 175 64 2 11 129 121 172 131 85 2 54 80 21 108 87 151 84 171 36 52 177 175 125 98 11 64 167 32 173 107 155 36 118 91 158 100 67 143 145 50 85 104 59 57 150 91 171 173 118 56 17 82 71 119 117 117 172 140 13 82 4 91 177 15 114 178 30 168 155 135 95 118 27 12 126 132 150 43 51 116 79 89 10 174 116 37 61 177 158 174 105 61 170 24 129 133 40 126 117 49 86 82 59 141 158 162 80 102 76 170 137 155 174 170 9 175 110 154 13 160 152 138 18 115 155 49 12 71 161 78 137 135 163 74 164 140 135 40 63 153 35 144 67 65 166 47 141 34 81 8 90 111 157 66 92 25 49 163 160 4 98 69 19 175 131 86 64 133 66 63 110 142 147 153 101 167 27 146 164 117 114 150 179 126 154 128 96 8 67 8 162 32 110 168 74 110 127 155 172 131 38 141 64 14 39 178 45 139 25 124 6 101 47 85 108 9 16 27 21 49 106 108 136 26 138 60 137 105 88 75 68 129 103 100 8 168 130 58 83 168 97 115 91 45 106 82 55 2 22 36 49 42 52 156 15 32 81 59 28 129 40 49 65 136 154 129 83 165 169 36 33 43 100 118 28 55 78 32 149 126 127 120 145 93 54 94 127 1 102 31 27 145 90 94 145 118 172 165 148 143 79 3 86 72 33 160 51 79 111 87 25 88 42 133 12 89 159 150 117 63 154 115 150 121 33 101 108 43 138 10 160 165 103 159 62 58 45 43 35 27 9 59 169 88 119 47 19 60 143 51 61 163 43 150 135 130 1 20 95 37 4 83 123 51 90 122 64 140 75 67 24 170 73 120 36 162 34 2 7 133 170 136 90 77 136 91 90 177 175 83 143 107 54 53 147 41 32 7 143 135 179 159 169 21 55 24 75 116 65 88 25 157 167 53 158 140 91 88 7 112 111 79 97 170 153 113 61 134 32 162 133 134 62 73 58 174 39 42 123 168 119 52 29 34 173 158 16 95 146 113 6 91 98 34 87 95 118 86 116 112 166 163 146 133 162 8 104 45 84 157 164 77 8 159 158 168 149 57 144 37 24 68 98 43 150 55 141 106 175 41 114 86 123 117 95 45 22 70 114 72 24 49 124 77 80 55 105 103 168 153 90 118 4 29 129 164 17 111 36 28 97 21 114 75 156 61 45 148 93 141 99 93 113 7 128 118 54 55 179 159 3 103 10 173 146 142 104 117 46 149 172 121 19 146 69 10 56 92 7 22 86 10 30 49 120 111 113 144 153 70 154 46 50 101 48 52 53 7 125 178 42 72 149 145 146 105 143 33 82 73 79 160 95 67 90 153 100 129 54 37 58 93 43 101 14 9 49 60 163 17 99 109 79 179 167 139 29 135 100 158 133 111 54 132 8 17 126 146 19 101 116 130 136 56 106 37 5 131 61 15 150 98 104 61 50 123 46 153 141 90 32 57 130 127 75 23 68 173 64 53 93 61 93 76 114 144 69 163 165 130 25 85 82 24 105 37 100 178 88 153 126 67 73 179 44 177 132 22 99 8 15 15 55 60 141 105 152 110 10 157 153 160 90 49 71 133 56 31 50 55 42 61 58 77 85 55 135 18 8 137 33 7 19 154 117 24 109 42 113 63 110 43 168 154 44 151 158 84 26 149 65 118 86 120 105 82 124 21 53 122 150 94 134 129 95 75 11 91 131 97 57 146 60 22 35 9 174 150 120 19 5 54 45 81 131 30 16 122 9 178 104 95 116 30 133 120 126 1 151 108 93 133 118 19 58 80 173 131 47 114 109 97 120 108 113 157 68 110 166 173 112 130 29 122 19 44 129 164 112 15 112 61 76 62 103 116 130 24 109 70 176 118 50 44 172 37 111 167 50 124 149 82 29 108 62 10 44 16 80 105 76 14 164 156 64 108 22 37 36 117 60 9 80 130 148 5 172 107 155 178 59 59 163 162 66 13 31 69 82 152 17 40 83 73 20 65 168 10 4 125 178 114 139 28 58 123 34 53 111 121 169 123 45 71 113 12 51 176 22 69 135 121 97 102 153 153 145 15 119 85 89 90 151 114 49 99 138 134 142 13 126 126 59 100 60 2 63 165 3 57 50 23 76 108 11 115 106 15 48 50 42 160 83 172 53 49 178 88 115 165 165 4 109 72 22 48 52 13 121 58 160 5 75 85 19 148 52 37 157 151 67 141 62 146 63 42 87 141 136 23 35 156 105 7 133 121 150 48 118 95 106 11 128 106 99 117 178 56 82 138 35 145 25 53 58 154 173 18 61 103 24 70 172 29 8 45 143 51 10 148 105 170 11 163 19 178 121 66 85 143 156 177 178 139 50 31 101 136 39 124 5 170 48 100 102 131 63 131 3 116 95 96 51 53 137 65 135 97 144 155 120 43 35 96 152 171 38 130 81 33 75 165 179 91 59 45 136 144 70 2 90 90 69 9 110 70 76 144 71 26 143 8 124 158 123 65 130 101 18 44 89 4 76 130 112 118 135 108 174 52 136 128 97 64 53 99 88 103 160 123 6 27 174 41 102 98 135 80 35 156 156 6 162 140 47 146 175 25 24 2 160 84 149 15 65 6 13 14 157 68 174 168 125 136 33 83 33 146 171 130 21 112 73 38 81 47 130 34 2 32 64 78 16 124 118 121 40 59 22 80 156 70 108 10 120 79 84 70 97 118 154 139 120 130 160 88 130 33 147 20 108 50 69 141 138 6 149 5 51 111 166 102 108 18 67 13 9 82 171 66 144 24 132 40 140 115 84 54 4 57 67 10 34 174 38 166 81 80 170 179 116 168 55 165 22 70 132 179 24 16 67 168 20 18 112 143 47 150 121 53 38 87 80 56 145 159 129 94 159 178 16 48 102 31 9 30 4 16 173 178 148 42 84 35 24 102 82 81 126 94 150 80 142 43 105 169 77 104 156 75 109 25 60 18 104 169 61 4 74 165 124 29 176 45 142 108 105 31 133 61 86 61 89 170 80 39 147 172 114 143 30 123 66 56 69 79 73 36 133 107 100 156 164 155 153 11 3 115 27 169 47 142 155 87 68 68 91 133 2 166 173 142 88 8 1 33 110 139 23 162 42 84 77 122 96 163 103 116 134 26 67 79 4 8 116 23 115 150 175 69 77 31 167 170 79 58 65 86 176 81 78 166 25 152 127 32 100 124 167 99 152 171 70 51 172 145 178 124 104 152 100 102 92 171 167 114 35 94 18 172 62 82 79 28 78 23 40 78 81 121 117 56 136 40 158 168 79 170 62 103 34 127 80 100 56 39 87 6 125 103 23 139 52 23 111 29 165 61 142 39 10 95 119 98 108 25 66 84 65 68 150 89 155 21 179 54 74 54 27 137 145 115 93 103 151 12 139 87 143 119 82 56 52 156 60 99 116 81 25 50 172 80 58 123 128 61 46 142 92 96 60 176 145 3 97 161 70 61 120 55 61 136 29 102 126 110 45 61 63 89 101 20 118 176 9 150 179 24 104 114 144 90 15 149 34 19 144 108 125 105 83 151 154 66 99 67 87 141 4 74 69 62 33 48 37 85 38 49 95 76 130 121 3 178 149 38 80 73 158 63 113 145 46 32 34 19 87 159 106 132 19 40 25 81 38 86 153 24 54 105 152 117 149 33 90 67 14 88 64 80 107 8 7 113 163 144 64 52 26 80 79 67 54 151 48 167 119 173 153 150 51 170 99 82 142 82 16 46 39 95 9 130 26 165 144 172 21 78 126 21 121 14 72 95 69 124 45 75 99 82 20 68 167 60 122 108 20 143 142 82 179 106 113 66 163 97 32 64 174 36 26 42 88 19 20 125 55 38 14 170 146 131 88 123 107 74 88 5 5 3 26 170 149 111 73 98 55 86 116 179 64 157 173 55 173 121 171 6 160 135 157 161 1 143 50 150 158 141 163 159 42 141 136 128 156 23 2 121 59 177 86 82 44 115 31 114 21 96 45 125 123 81 135 99 15 40 6 23 14 166 173 64 123 161 175 15 73 142 67 83 128 95 156 106 46 74 168 76 165 117 147 61 151 128 171 172 60 170 12 1 167 20 176 18 16 92 86 34 121 110 10 149 23 89 58 41 50 86 63 146 64 20 125 29 83 23 49 100 155 36 52 124 54 11 38 68 5 141 69 172 62 84 81 91 41 118 144 76 130 118 63 123 104 161 43 80 120 124 44 158 159 152 133 150 24 106 6 115 133 46 59 87 111 97 159 9 123 69 167 146 105 50 153 152 18 137 72 170 131 32 14 172 44 64 112 144 84 93 102 38 40 145 134 179 68 21 84 160 56 85 75 93 79 167 25 100 11 112 142 82 41 33 59 35 100 149 50 155 128 63 23 92 153 72 151 90 13 113 25 45 150 28 149 108 140 46 123 36 136 106 177 111 153 87 1 13 147 37 172 122 142 12 110 85 50 149 99 141 90 170 10 166 123 137 21 129 59 121 36 93 100 11 78 61 91 19 127 35 10 131 55 46 42 77 149 118 110 23 135 54 16 42 2 174 82 126 53 66 105 140 173 52 104 16 5 164 74 112 133 116 93 169 52 146 77 6 56 29 40 56 21 77 105 17 10 10 71 63 169 175 40 170 104 174 112 137 57 3 30 66 54 94 120 165 124 144 142 82 18 116 6 119 125 5 107 36 8 147 100 142 17 14 159 103 114 31 43 166 36 140 38 55 85 62 126 166 75 42 178 64 115 110 64 64 7 46 75 132 148 44 22 43 101 41 69 55 45 63 166 88 163 30 114 125 29 96 29 117 38 28 132 89 116 90 150 150 82 119 86 77 148 135 22 70 52 69 21 38 51 77 58 114 148 139 16 62 65 102 144 113 137 140 68 147 128 164 98 66 19 154 12 120 76 47 103 15 79 55 77 99 152 152 132 53 175 88 132 39 76 48 117 121 89 9 135 61 141 61 161 120 160 145 70 19 135 117 161 64 142 118 165 14 162 83 141 54 111 52 57 154 89 22 53 177 143 47 114 52 32 82 68 40 122 117 141 174 25 127 171 57 103 92 129 177 101 72 67 115 171 46 173 174 101 53 24 149 7 147 85 108 125 114 179 146 70 28 83 165 129 1 53 10 141 146 69 44 60 30 21 17 87 125 156 179 53 105 52 44 139 164 140 12 65 75 127 158 35 178 30 98 25 137 176 134 28 28 48 89 99 49 3 30 77 109 168 17 35 15 64 127 85 96 121 50 146 62 151 103 57 62 17 120 99 80 179 21 165 118 90 107 99 157 123 74 64 179 47 49 175 174 101 82 163 24 161 19 53 82 72 160 72 21 35 132 152 121 62 52 133 8 144 128 27 6 112 114 133 47 46 28 37 45 154 74 114 150 174 16 22 101 97 30 172 75 63 2 158 136 107 164 50 176 83 6 24 57 167 130 117 35 131 170 176 30 136 36 50 7 123 100 131 82 9 150 10 77 1 177 167 99 55 147 4 137 92 108 149 175 54 161 96 59 46 41 129 31 57 170 93 88 79 131 89 12 171 145 153 4 7 109 29 47 30 159 36 76 47 71 101 158 153 95 106 7 125 19 43 136 149 1 7 20 132 20 142 167 3 98 117 57 97 113 79 2 18 100 165 155 32 156 118 126 59 101 108 12 77 70 17 84 140 81 162 30 93 11 48 143 134 170 172 125 130 21 70 45 119 177 111 25 172 15 47 27 144 52 25 75 138 123 172 13 17 56 144 125 101 91 132 43 3 171 13 130 139 109 67 90 89 19 4 161 150 113 23 49 33 9 146 144 159 87 116 138 142 116 24 13 170 51 35 84 36 44 47 38 86 86 30 3 39 42 109 142 132 14 136 111 16 19 32 164 170 37 58 50 105 41 161 167 25 70 86 142 70 167 24 81 131 38 115 105 18 77 14 139 24 160 148 136 73 78 25 27 48 142 69 31 31 120 154 7 28 14 91 163 135 38 69 64 164 123 8 32 51 143 25 87 176 118 131 17 43 125 169 121 159 18 74 7 103 9 62 97 24 132 102 113 84 160 43 97 9 138 132 150 108 124 120 72 73 81 121 32 134 160 59 169 54 41 115 26 127 28 148 21 105 35 175 92 35 109 28 98 176 114 174 100 140 86 40 158 64 62 28 66 42 176 67 123 88 150 55 136 127 78 2 88 154 102 57 96 177 8 58 116 94 165 109 160 35 84 18 149 65 79 143 153 98 168 156 38 52 73 16 122 7 96 129 112 80 76 6 1 169 157 112 102 94 149 25 95 162 25 18 136 61 31 59 44 175 49 83 164 78 7 131 132 21 55 1 179 75 10 67 104 106 109 166 147 90 38 131 26 142 154 86 109 21 63 15 40 49 53 152 20 79 118 105 123 160 133 1 89 7 77 173 48 97 67 133 169 175 140 80 169 15 145 169 119 115 40 13 106 37 112 64 65 56 17 43 177 52 82 23 66 54 177 70 143 115 9 81 156 74 143 38 28 48 14 176 70 80 24 123 87 142 160 3 4 112 175 40 145 112 108 87 41 165 105 83 150 24 131 34 73 68 177 29 167 57 82 84 124 118 97 141 5 115 72 126 71 46 118 119 98 20 109 79 88 112 146 84 135 58 159 72 154 170 88 7 12 72 12 144 30 101 153 20 99 27 104 132 23 167 35 43 70 141 68 7 87 39 155 9 120 94 36 69 81 136 87 25 142 120 164 59 140 25 157 87 25 71 52 24 41 176 28 11 127 1 23 64 89 37 160 14 156 38 76 128 123 48 135 35 178 152 18 100 56 24 87 82 56 50 78 82 116 112 11 82 33 52 100 17 134 49 26 70 139 61 60 59 167 69 23 119 177 148 6 70 57 147 29 15 55 49 13 177 41 151 72 144 169 16 67 103 95 172 123 98 124 129 49 39 98 28 87 118 155 55 174 159 147 124 144 111 63 66 17 100 152 16 29 113 131 91 26 127 34 14 24 67 33 5 43 63 30 35 85 143 60 39 38 155 58 51 45 10 56 119 39 174 64 130 65 179 81 162 28 39 49 1 111 124 29 113 155 85 144 149 117 81 3 54 139 34 43 118 112 45 57 141 152 129 161 150 51 58 34 111 141 149 132 23 28 3 93 108 107 17 90 150 27 150 100 48 91 20 68 150 166 46 65 114 88 135 138 66 105 13 149 162 57 81 133 31 141 150 77 64 64 133 37 113 75 14 76 55 168 148 48 134 158 2 14 83 51 161 172 137 67 10 76 32 179 88 13 34 133 163 66 50 56 103 109 41 99 177 28 110 131 2 142 128 65 68 44 158 116 108 106 108 70 117 26 123 59 23 33 80 23 141 4 13 173 161 107 16 95 136 138 175 50 116 22 61 57 13 121 110 123 101 71 52 7 125 29 110 55 40 89 45 166 136 91 142 54 25 64 94 179 106 5 80 80 77 178 18 38 171 15 125 81 8 108 90 51 179 22 148 160 68 40 114 110 69 156 29 154 95 122 152 163 97 171 78 144 112 163 21 159 7 39 102 49 81 98 173 179 48 55 121 141 108 124 74 119 125 52 71 145 98 65 101 32 31 178 61 16 159 150 175 109 170 119 174 71 102 60 155 40 11 77 43 34 151 117 132 82 24 103 14 132 17 60 15 157 5 81 154 127 139 140 81 57 59 129 59 176 29 124 106 58 147 63 74 144 157 174 66 127 107 80 112 119 87 76 9 141 149 137 49 159 173 64 130 163 33 87 40 89 36 2 121 74 49 117 87 167 163 133 137 44 55 140 48 17 66 166 49 127 100 52 30 177 162 22 90 5 165 53 97 50 30 56 46 126 111 176 84 114 17 165 143 27 118 64 97 109 165 118 44 55 77 175 34 85 91 44 87 107 172 126 55 41 101 165 83 88 113 177 122 35 4 80 62 164 175 158 175 111 89 170 63 121 16 44 82 53 49 143 152 46 149 46 81 43 19 129 12 43 85 112 118 114 61 159 74 108 106 21 41 111 126 59 130 4 102 174 67 97 93 112 145 58 148 62 43 121 134 158 179 98 126 137 21 176 179 89 20 173 101 98 35 167 112 111 106 171 93 168 164 135 46 128 57 121 178 108 118 149 151 44 60 3 125 35 123 136 137 131 157 78 134 147 164 103 103 176 70 76 119 79 123 177 42 69 167 107 124 121 24 142 148 2 79 109 174 75 140 46 67 143 166 57 98 39 167 49 157 146 108 117 88 134 96 104 52 27 119 131 126 37 78 64 55 66 88 115 164 106 37 65 150 63 119 176 123 85 5 29 115 176 157 139 52 28 98 62 152 135 12 79 52 27 105 76 119 159 115 62 91 70 107 129 26 129 99 139 2 154 125 49 17 178 114 118 11 110 118 86 112 11 119 99 175 115 52 35 139 70 115 34 12 22 51 87 172 4 40 3 62 60 118 34 127 10 17 41 161 166 28 74 17 10 89 34 167 111 153 103 93 32 170 32 7 53 86 24 149 119 150 151 142 135 110 110 118 174 28 61 149 61 68 30 89 126 150 133 92 89 99 47 90 107 78 24 96 158 89 75 115 97 108 72 3 82 178 53 33 125 159 49 152 137 23 19 42 49 115 70 109 170 91 86 103 69 79 90 128 67 63 29 164 127 167 108 42 34 110 82 12 129 89 154 45 34 42 110 49 34 24 46 108 103 90 78 37 123 165 103 151 36 103 61 20 89 84 140 138 143 56 2 113 36 34 10 171 126 22 131 174 87 93 82 113 108 63 133 33 17 146 49 89 127 163 58 115 87 46 115 92 104 133 30 36 150 164 138 126 86 127 93 70 167 44 113 70 52 72 167 62 148 35 31 17 162 7 43 13 23 101 49 37 143 58 120 41 57 8 53 63 4 84 151 17 43 170 68 28 103 149 99 108 108 58 116 120 76 23 90 51 81 28 103 84 165 61 42 48 135 31 138 171 145 177 48 51 176 53 38 77 46 59 44 59 16 66 19 176 170 24 133 127 174 179 15 95 132 22 69 109 48 139 165 21 47 16 115 26 61 81 127 6 118 169 7 4 99 12 44 127 58 72 63 152 41 22 57 9 117 141 136 96 6 152 162 76 34 36 30 87 152 80 2 121 14 32 166 105 66 53 73 144 94 110 127 12 100 60 24 161 45 109 173 13 65 136 60 125 25 164 59 94 157 38 63 34 170 105 179 173 179 80 46 105 109 98 14 84 107 102 118 49 67 142 85 93 106 118 64 95 137 20 62 7 136 76 174 22 44 115 21 171 93 105 137 174 161 178 15 53 20 43 115 36 128 90 38 112 166 11 38 131 53 145 141 149 48 83 51 40 16 75 30 97 85 30 39 99 150 38 60 171 27 128 79 8 164 52 19 146 97 109 154 72 41 35 39 42 38 41 12 176 160 107 65 119 91 86 56 19 56 103 113 34 155 92 72 76 41 29 21 30 48 132 88 142 129 32 158 110 78 44 167 84 50 36 150 24 138 114 91 80 65 58 12 73 154 150 165 158 33 60 169 147 141 144 35 50 66 61 137 166 33 33 18 23 142 44 18 69 98 114 135 131 23 166 142 101 135 18 142 119 50 78 157 175 172 16 168 130 154 134 32 166 15 110 175 119 33 96 59 169 10 145 136 126 93 168 91 1 131 31 143 86 39 115 126 158 40 113 144 106 24 3 152 125 47 50 97 115 68 3 48 133 16 145 141 2 176 57 100 44 136 4 170 115 108 161 104 168 138 107 27 102 179 38 63 1 153 107 165 83 89 102 98 84 52 124 179 155 3 172 110 32 168 129 175 56 1 106 110 33 138 78 116 151 89 3 178 43 19 95 61 134 115 176 76 14 178 127 57 33 168 51 37 156 116 73 26 55 71 156 90 13 80 174 48 41 117 42 40 62 75 88 7 42 8 29 172 169 95 63 158 154 160 147 145 111 104 48 37 54 47 16 54 154 52 94 63 68 154 154 43 141 131 164 39 118 43 58 179 90 150 57 70 143 145 152 99 25 17 98 162 123 131 64 169 143 20 135 99 70 6 75 1 61 120 117 121 49 4 60 103 53 47 22 137 77 6 71 173 118 18 107 50 101 57 173 156 140 15 52 51 7 120 36 172 32 155 139 8 1 54 58 39 26 164 152 160 4 101 19 10 174 155 23 5 27 30 123 89 99 154 169 64 52 118 24 59 46 72 39 159 46 157 170 38 32 86 138 52 25 177 98 116 147 134 27 52 71 139 105 168 91 109 139 179 84 72 96 25 98 167 71 25 65 120 47 82 156 88 122 53 96 19 144 52 23 159 10 10 81 167 127 8 47 45 130 159 110 118 55 177 57 178 20 114 179 107 49 2 16 51 48 36 65 134 173 154 31 136 53 164 160 102 122 28 60 13 39 46 86 158 116 39 139 106 131 63 20 118 86 108 174 134 168 66 145 28 54 171 19 79 112 122 71 102 159 160 150 163 55 142 15 147 132 77 133 159 39 141 168 105 135 67 30 53 117 64 163 161 80 160 16 38 148 138 22 32 80 41 31 138 63 94 146 9 18 6 150 135 6 88 15 161 134 144 20 69 143 52 28 49 172 98 175 60 7 139 45 136 72 8 28 104 121 150 121 32 179 177 98 39 108 65 67 82 93 164 107 64 168 76 73 175 140 102 107 22 135 73 75 110 127 50 130 133 91 108 140 46 174 161 82 81 29 93 77 123 105 100 141 83 82 99 62 91 5 55 63 176 165 159 29 45 107 70 171 92 44 7 154 1 56 102 104 89 87 41 106 144 150 94 162 69 75 120 66 84 160 71 108 168 87 4 81 89 51 18 67 80 10 65 51 88 10 29 125 70 32 82 46 154 18 134 137 111 178 136 134 156 156 80 117 155 76 129 111 130 102 123 138 83 164 152 168 62 109 96 42 41 130 42 113 155 134 91 100 166 8 46 80 115 9 82 57 158 167 25 73 32 65 164 26 13 118 179 4 127 175 154 127 133 89 115 103 65 54 143 153 129 70 69 172 55 106 77 77 140 84 4 61 74 39 152 163 104 173 73 162 66 147 53 18 148 176 123 178 111 41 23 157 101 152 31 32 45 47 149 145 46 52 90 23 107 173 31 5 77 115 140 114 86 1 65 24 123 149 126 37 119 71 113 59 73 147 71 66 159 40 136 32 48 79 58 100 117 63 168 159 136 168 14 75 30 163 17 117 85 158 171 161 107 69 15 170 56 107 62 21 66 136 6 100 11 136 111 53 18 151 49 146 17 30 168 23 171 5 59 40 160 169 73 116 48 168 158 115 153 128 31 129 102 117 141 64 84 63 82 124 178 119 148 23 108 61 115 36 161 122 46 157 155 178 92 7 104 168 136 150 17 164 85 137 173 6 89 36 75 142 25 63 176 56 28 144 125 61 49 138 102 128 48 2 25 62 161 117 16 75 56 75 121 143 129 21 138 150 71 109 4 101 37 115 174 40 156 175 18 150 119 71 111 17 116 75 36 33 159 77 136 74 101 139 171 156 26 60 97 94 156 82 120 145 128 107 55 153 173 88 84 99 133 173 62 58 38 61 12 4 161 146 140 79 100 157 104 71 107 5 118 69 151 165 94 19 161 83 44 161 111 146 50 51 122 62 83 30 147 78 55 54 160 89 18 48 167 12 120 10 129 13 56 149 153 97 11 162 119 37 56 159 52 109 97 24 169 67 117 61 177 133 81 76 127 22 105 172 93 99 60 156 100 144 115 159 89 98 27 92 109 21 123 167 54 105 111 87 52 126 1 103 5 71 8 83 149 23 1 49 130 61 174 126 80 1 4 178 81 87 37 91 105 144 52 141 168 9 26 85 36 155 167 70 21 89 21 144 113 156 26 165 82 165 172 165 93 153 35 19 178 93 96 99 144 6 42 106 136 163 123 103 64 1 160 137 75 18 84 175 133 3 131 171 4 104 46 145 137 113 121 116 138 3 140 14 16 65 87 171 105 146 174 168 145 76 1 167 54 82 130 123 64 136 104 120 115 85 16 102 91 7 168 13 129 20 116 155 121 49 37 5 179 148 59 34 163 127 7 179 77 28 126 118 154 17 36 83 110 170 62 176 52 3 160 165 170 130 1 47 39 153 161 105 165 75 58 87 121 153 69 11 30 46 169 9 145 66 86 128 114 103 166 111 35 129 120 114 43 24 76 177 93 172 140 169 146 158 174 108 155 74 171 145 30 39 17 147 46 65 164 149 23 171 108 82 7 94 73 107 47 151 146 5 17 130 140 104 151 76 16 136 140 175 41 96 79 16 131 123 67 157 152 5 176 36 15 174 53 173 61 137 115 42 137 20 17 10 52 94 74 147 128 59 71 160 71 115 156 102 67 172 62 99 110 51 152 93 130 39 45 64 161 160 136 82 36 142 38 65 4 7 106 87 86 44 24 65 83 33 129 100 37 76 69 104 94 56 159 146 79 17 105 97 113 56 3 105 21 51 75 114 157 179 52 32 173 101 132 177 99 59 57 156 61 21 103 128 7 55 177 40 2 30 94 124 174 86 3 16 31 35 72 114 167 161 148 81 116 80 148 112 107 134 169 51 125 138 141 88 71 118 131 65 65 65 125 11 123 78 26 163 149 130 153 90 168 134 72 89 47 103 17 65 124 178 24 162 139 5 47 57 5 31 39 145 47 171 147 73 21 1 47 27 150 39 139 62 46 49 163 54 143 34 74 55 58 54 11 177 152 110 22 31 110 102 171 3 179 99 158 24 17 105 36 97 22 1 2 9 148 38 150 106 88 94 119 172 16 115 2 105 79 88 67 98 53 31 31 85 130 66 19 88 107 85 123 55 89 175 25 138 27 46 9 167 43 16 41 167 12 170 178 128 58 41 111 62 59 15 176 105 13 32 106 166 37 118 67 45 111 152 100 42 134 175 73 136 50 47 25 97 40 47 153 154 88 103 6 33 1 130 150 46 83 56 123 56 95 162 136 42 10 96 51 55 17 81 94 2 76 50 152 7 56 142 64 99 156 68 179 137 121 74 98 83 8 73 17 
// di
20998 66267 60433 16104 22007 68250 73206 60784 71091 49087 71080 86342 20014 63767 75692 81744 11578 19185 44372 18706 75512 27783 81660 56256 4777 84313 24061 35023 58159 31139 88474 34227 19675 58392 19111 7921 66978 61174 1887 73716 73718 11226 22955 21875 41988 79666 83143 71822 56135 79100 12076 7102 9146 25454 45864 40437 1219 69108 17315 16044 22857 71246 61657 80299 72140 51728 6207 87782 40565 39020 45725 39657 70721 59849 80480 35483 67336 80172 73113 67477 47066 74548 6006 74727 34915 70642 79574 87531 60688 58775 67734 27995 25062 7692 10349 75492 49745 16843 53504 51462 39751 43123 28020 88272 7633 53915 42419 30731 737 58452 66022 69344 80099 31004 88061 38185 32385 53384 55433 31797 22393 18712 66344 25173 41919 35033 20402 63374 30088 45258 70954 6656 6036 57981 25701 32381 68593 6759 84258 54565 21488 88112 55790 4022 8818 22391 24137 42991 79293 61983 5572 77248 48511 81976 79859 39071 89206 26767 33644 74761 2097 75682 7716 64785 27523 76340 39168 86767 79202 35555 56669 18757 44870 86800 70156 80330 80827 20080 12786 88644 55074 2728 1373 51710 33447 30264 87415 3706 65414 11940 21305 78464 39245 8934 22896 40689 43592 11969 31259 16722 40213 37755 12160 25529 76036 68988 76028 67221 34683 21712 42019 37875 56403 41054 27858 19204 44744 1260 85105 88956 71785 300 40088 10647 28657 47128 61599 54048 84613 83186 48357 38063 41120 15968 11659 65738 65165 62026 7157 30466 26806 6098 72485 27642 77423 89447 70283 85290 38618 10923 71517 39800 14079 25598 378 11818 16664 22938 40402 39084 9959 71292 39555 24581 11653 971 54246 34296 35569 54237 52544 67548 39886 1952 66351 76739 10160 26699 6590 76141 21014 26870 78069 23262 50020 77983 19688 74492 4729 40350 39921 14370 75682 5414 12671 44402 35123 49535 51599 85204 79646 89891 9755 9063 6870 59374 84140 82930 59010 64342 39190 89848 36400 67895 18280 34470 42850 19121 9510 14624 64679 72053 9380 27238 33086 4042 39686 79485 1768 52213 37182 8577 38914 79857 35701 38515 21449 28891 71535 68278 10963 15228 89038 33885 58185 26082 2949 60897 48296 74761 71509 1972 7709 28552 25681 87237 81102 32791 76846 36591 52506 35441 30129 83113 11957 78304 3576 70690 33025 23335 81939 3287 83948 36538 14539 58142 73720 77814 74168 80493 68139 59299 18852 68325 58304 76714 24659 40956 26160 8675 14954 64064 21078 22293 21433 51061 9351 51447 76793 87875 81492 56545 63877 48017 77591 35495 9241 8896 48836 31426 16913 78393 48641 17326 54489 81587 71400 82976 696 79574 55846 41960 37369 46437 55470 22470 80378 85445 19979 23834 85491 83609 20401 69588 2579 50812 68854 55108 51870 82940 8898 42149 63755 58110 71526 67070 25287 35949 46610 75693 89596 20274 14728 41817 37169 8159 79245 50284 52287 78034 45630 74370 5762 59377 57703 33573 60503 14655 20357 79143 8933 35406 26824 46711 52775 81116 43107 37379 53727 18177 84026 5064 60812 39726 17128 43019 59916 76372 23027 71416 43649 89645 78095 17727 49721 71617 77118 15138 73135 13539 60618 9849 86520 32465 46550 85165 30852 27491 25542 50689 59279 19862 13698 81648 31139 63087 11047 81225 6351 22788 74497 84442 43539 56136 73085 21349 4459 5495 62303 40544 76930 45720 71237 56281 38115 16084 46549 58870 66979 61418 82948 71005 42616 8734 59281 50765 51600 9889 56018 37766 73854 41308 80466 84237 55931 4718 53076 69302 66785 17015 29540 40899 86755 59105 66960 2146 40100 24348 27030 2146 61742 80942 62894 55580 9800 39524 79413 57841 78463 52816 75604 43546 26118 60594 79530 77927 20222 25757 69378 28963 64479 82946 79873 80465 73175 24826 83801 31819 32076 45089 37643 85190 2379 7547 80738 81479 52264 21985 334 42861 22973 55596 70333 75704 76420 88865 34981 60995 36023 24818 71896 41347 66367 72922 70447 68074 3862 66926 51129 42595 85198 16437 17046 32063 57480 76283 33322 71172 41465 53723 81788 7944 46670 88566 80083 77318 4923 70220 19541 20379 15571 75602 85457 10439 30818 31180 81161 32818 54526 38696 80046 41774 42559 22918 31226 62878 44302 62843 59686 20512 80883 33868 40422 16015 25201 55000 40202 79615 56863 36991 27260 43766 71376 18802 45598 10854 62355 31453 17025 60322 61134 60592 75626 88134 72089 78675 63622 23261 73830 47514 82363 82535 88665 55897 29807 19341 6671 47975 38988 84959 5532 65279 20224 55114 11536 10678 63350 33020 83285 75199 81888 78649 81360 54738 78690 69276 14713 77739 46519 56195 62870 57076 73334 72488 75453 77501 3604 13923 47551 73012 52813 72819 11246 89880 82644 6908 24046 61466 2216 75947 10356 18957 71935 30064 40273 33089 6129 4582 30940 4519 62305 6585 89554 66903 11933 6413 33034 16712 16496 11919 16092 54942 13612 22077 42730 61226 41918 66805 39759 38663 86519 33854 29134 23436 10969 27330 73658 9629 33247 27367 7604 14578 20036 13732 14502 20975 26972 25677 10288 60053 38902 79648 80828 36344 40687 50046 45881 85626 59553 64572 62576 75554 28071 65147 31831 15162 45016 60462 18999 52484 14503 29720 2097 29803 46041 78486 57648 49984 81269 22442 64210 34154 51426 35272 27426 14558 28774 8653 60524 33070 54036 17539 72153 79384 21350 73509 10941 27209 75380 54237 84034 81262 86283 51127 15486 63235 7963 73145 64128 66609 85695 45333 57513 51253 20070 79303 30532 43904 18341 4688 45159 46374 7594 85427 634 22313 42006 62629 51922 57189 18725 43194 74845 2209 69008 81840 39276 51309 45930 58964 44770 8901 22817 38046 84302 31357 40411 64499 31992 41012 38413 66741 82802 50219 34537 84372 13086 80155 75768 75215 1745 24545 16017 39053 49467 39396 86956 71316 24212 59238 59626 27011 47849 36862 28146 63500 13715 14861 80268 81948 44866 55464 35752 73370 86132 31204 43424 23699 31244 23441 66191 89613 70432 38082 63055 76860 64710 72222 18495 45362 62608 76472 31554 46420 23101 61486 67453 11893 29823 10019 23079 76013 66250 40262 17124 53220 48004 26493 9844 15158 13264 5114 87982 85969 40819 56601 89716 84827 73049 33234 39220 30420 26288 85389 21983 60595 84952 73530 82354 39135 69742 19957 16537 35802 51910 45155 41915 54195 49075 149 57871 38323 66404 54977 32508 64287 18093 72718 68673 18587 89857 64337 50493 86943 5959 76550 49043 73818 39074 31117 7856 56231 49223 54803 18939 54455 65949 51037 2197 77546 40911 84476 73779 32584 83233 3425 66692 16162 63608 31494 68914 23945 82609 46452 78190 12467 3972 1378 1746 66390 58269 68800 53669 79205 47414 49783 66589 17359 84614 4894 39011 56270 33510 23722 87211 22388 32947 28805 3980 23099 5119 71982 40922 13728 78405 30266 6152 11931 17592 35749 18667 24400 42592 7223 35731 81393 16679 17839 33124 59240 86769 41902 29948 82452 56398 66079 83098 30678 17723 19599 89753 88864 55171 29958 70614 2582 5735 47556 70971 22780 14785 14097 20442 50432 38140 68262 41883 2173 57168 10485 43097 35120 47961 45055 4715 66404 22622 56434 20558 34859 7576 66600 11745 48000 824 78440 18915 67802 81274 19610 58390 53667 34959 16457 37878 50831 36603 31505 72498 30657 21730 35585 34373 5522 56758 66379 78010 78398 51429 71995 57981 33451 54413 23031 32719 25248 35686 76040 7192 4227 72844 36846 23827 11267 75438 89245 14802 38930 44767 62408 42505 61417 37467 47343 73512 82183 15734 33840 75343 59186 38406 22100 56371 33555 3287 71245 19216 58247 25675 89755 56955 70670 34744 2806 32769 65095 65774 61628 35506 27508 22257 72571 77754 48873 47735 15813 35544 87849 52229 31941 55910 17106 49009 32070 89109 54757 82951 46231 14391 46062 87749 10798 57269 19741 45392 74709 43806 36285 28219 10825 79961 7711 9818 10054 83266 58664 199 18943 57823 79850 43402 51756 16494 6449 5254 28382 78009 65722 18895 89641 76135 44558 74567 77702 11707 6177 45027 77475 27908 37734 16026 22016 31247 86351 67517 48095 33145 70215 4087 85704 2606 10404 18332 69727 9009 61487 21661 50003 80465 37359 45556 66714 45611 48899 1946 25403 49127 75793 80518 25815 30197 24428 72332 57807 89853 71759 14687 11304 84684 64156 23965 48868 12941 18371 18052 43750 1652 57665 26186 87031 25113 59140 50458 71704 4914 71513 2489 17887 79356 38655 51988 41693 21668 30308 20050 68986 56592 22371 56912 58471 21369 59244 8409 87113 43036 51248 3329 50677 3649 44243 83913 70894 81791 36691 67553 64164 50659 14771 56885 868 78274 83150 36000 34052 35585 940 73314 19731 32990 25246 33798 50812 7103 33498 66258 87276 38489 43116 39467 23596 72392 23106 58205 67117 17772 35726 16581 71855 14563 46000 49523 11577 75482 58685 61345 77314 8834 46611 2118 2979 61988 18208 57951 50309 70034 56592 60625 36018 23235 65969 67509 70651 43759 33277 85010 89457 35800 54572 7302 28620 40851 25198 26461 70038 63155 64761 14260 3589 86684 32193 36673 87333 7148 86371 46032 69562 85339 37648 42029 40352 17234 63250 20349 97 14618 27790 79489 59780 80458 79438 76619 36608 8801 79256 27028 69667 80667 75190 58239 28675 25279 33218 27245 17831 88190 36104 73890 37760 13378 767 70762 11113 1490 49550 67875 73288 17217 81232 77956 16980 3202 69425 53764 54581 25209 30850 51435 48607 21666 86555 80333 28501 10654 44449 86850 87056 46965 67529 48886 57712 42542 75076 40986 63907 46442 66775 58431 17477 65696 68371 65367 79330 65729 25980 35226 81271 69002 65531 71977 57968 14421 74449 1434 27616 22087 83979 34260 69361 49470 20855 83891 33671 27163 89538 18042 38846 10236 47938 67352 52567 49453 36599 25777 75594 36126 81533 72803 57040 2261 40701 83602 45518 20145 63409 8601 2943 54205 62923 65486 69356 52043 6124 50984 71223 53761 70959 49521 82104 82917 57879 22435 31838 62293 41996 78012 73718 72139 84879 16061 2410 40289 13046 43713 29182 34840 9856 23518 73462 21062 64161 49285 81034 63198 29946 30614 25835 80898 22020 5471 54134 73127 62463 36294 41700 17142 18949 87756 43273 35642 79021 51858 59421 49371 57687 18137 60501 6115 76772 37400 14975 26148 64533 50979 75506 73556 48498 81806 67712 60509 71228 49502 52713 28715 89241 87009 43344 78296 87863 36259 73922 84580 34577 36414 78428 51906 42267 11284 17488 87065 45041 36881 17717 10441 83034 51634 22248 78208 30479 18433 86596 8617 50036 31518 40439 66238 20716 43900 32923 70410 29647 52798 7638 26252 82103 39853 31367 29665 15641 21096 41445 32914 28734 46677 21779 89871 75657 41116 43182 2968 18140 51816 70229 37668 79012 7117 68299 26560 59595 76887 82041 75696 66260 83747 57424 58369 77692 28133 73059 78389 47773 13685 50650 23787 59777 80212 50221 39830 88660 36477 25655 80935 28542 52159 28915 32879 58941 77835 48694 28277 71223 27414 2009 11258 29926 45983 33334 6709 51588 83978 8471 34612 79903 80043 27145 80130 54259 50215 72487 82975 73645 48099 3110 2128 77990 60770 55595 44858 13273 57316 75756 73942 45357 17478 2796 64135 13797 1181 13167 81092 11685 62218 68445 34586 72005 66347 22695 12998 48087 8738 87210 58023 48148 35402 7790 55997 20457 71440 5865 81037 49777 53915 54753 37514 80319 55013 63189 26607 80815 75743 5317 59257 66199 3993 60198 57182 58812 42345 10804 16847 72170 69956 66437 27227 56494 60238 57603 66988 88734 9981 54126 47568 66672 31931 79336 6405 60628 72253 28757 85951 87566 40888 9216 54332 16339 36081 73910 69721 82464 45248 82159 60201 17822 18353 15283 9189 80811 76438 12532 27191 72423 71325 66431 6613 14692 8411 11096 53699 29583 28341 32525 89878 60047 73453 33708 4307 85889 56676 6898 23002 888 18275 15934 89940 73724 25290 61699 34905 3292 34144 81503 63810 10815 84287 36920 21694 23671 50183 43998 76020 57415 55153 16714 25275 37006 47041 20131 79903 41509 46269 75815 20644 50559 55193 58557 78019 23951 44551 45580 43578 50253 2532 22094 8889 61249 35384 14870 42918 66152 26968 84417 37581 82303 22155 70433 70497 27147 80079 52692 80273 7864 80069 37175 28715 71196 22041 18883 39472 55313 87280 79060 65778 35041 11371 39923 42081 10082 6820 21192 70131 72362 32461 76295 34797 84773 60045 26642 17012 31564 68671 77184 72178 21855 10467 13401 5581 17287 76056 39697 72712 67970 84647 83958 2482 84706 41816 6159 66019 87595 15696 6013 63200 71183 9409 21807 42665 32435 69744 71530 71113 68282 76705 14162 33360 82260 41545 69677 74157 89260 23640 63989 54174 58569 81172 17487 81799 44374 15351 41962 11551 44640 25865 84900 17591 24997 24504 33235 67168 71297 86464 84193 29201 1446 73331 19835 73686 6232 1616 53530 75607 20421 21632 18480 75084 47199 81719 13727 36494 37429 43856 44102 75975 49662 75034 60040 24662 65389 15920 62771 13431 32295 27980 41452 66267 76277 69367 37890 5904 44810 259 79377 85873 36661 25969 60095 80150 42846 66617 72671 42989 22951 9308 24438 69570 10461 63790 73824 16238 83778 23114 73513 9538 29713 9748 76554 11151 31488 84583 37024 18465 60317 85406 34800 39112 88494 15189 70292 40322 15563 55324 28764 56977 65520 40133 87664 89818 59127 43249 11385 69167 83974 73658 2547 38231 54779 56842 59827 87219 66647 88403 23222 34567 87890 20009 68963 68381 41806 20259 2970 52611 73662 59017 65757 10235 49093 78289 4824 8833 42582 12795 25346 25097 75119 58216 28225 5895 18593 80336 75823 55247 83643 2516 10656 23385 76335 40806 41132 6175 61511 38511 79915 19893 61109 47091 66275 22235 28381 80646 59957 84918 7045 88650 82174 1067 77098 4233 55921 16676 21687 10317 55627 4836 25785 59270 25253 88047 49698 39420 38622 2136 15768 53900 71274 35473 44835 24404 25093 38572 51854 10100 18815 12027 51254 75627 51139 67476 83001 60713 86208 70948 40867 60556 65147 38269 75615 47205 85156 87871 15036 36805 14816 26391 1028 14251 45535 74816 35951 57335 41960 30394 58890 74956 44949 35627 73850 71960 21190 1619 5576 25146 20548 18475 66337 60191 8974 69255 8338 29198 67416 82695 65060 62475 59066 87149 83458 49048 53259 52291 84710 78242 24400 4595 84828 74874 26129 65688 80270 71670 80762 23794 25716 22611 8739 66154 104 4456 25970 19983 32212 23844 50609 77361 61776 44535 38710 30107 59462 36503 73947 36375 15869 78859 87530 75256 18814 19452 26462 45125 79788 66024 71253 56176 14612 89194 57322 70882 88905 2898 24904 44844 74031 36318 29199 77758 47270 43911 5296 9508 67026 55542 37860 79008 84590 70097 32149 26813 46139 64859 37059 75621 22774 77481 50933 80773 72546 30850 31192 86458 24518 58628 41433 80191 15230 48587 82110 41988 22253 64986 25667 36797 36122 58874 62392 50332 60769 14214 36079 49240 28672 17669 63851 31188 15044 52988 5013 3518 89737 25608 75930 47842 56523 14493 30410 5759 59417 88596 24344 73267 66816 35120 23373 87485 84101 37450 35772 20646 53723 27092 53535 18328 13933 62334 53120 6503 35188 4345 81392 30817 78259 3335 66649 49706 78830 2308 63985 60233 27676 64908 12618 80250 40228 23702 27475 9628 41759 64263 35214 80177 80399 16175 61499 50989 72974 85615 62020 28646 69650 87387 37772 77100 75176 10743 27578 81175 52337 81385 48866 51930 27654 86648 38420 86136 11194 48589 23427 19763 82029 13161 10752 67834 40506 88721 48763 4910 89555 50660 27350 68798 30175 63801 66428 45553 61071 84742 29888 969 2286 81694 9563 39256 29639 78356 78640 72879 62204 65623 17937 21258 5240 28149 15348 22544 18091 43289 31839 80881 15196 79941 31850 12062 65259 70394 32699 28399 5194 43839 1559 11905 61530 2286 12551 12663 89449 13962 17451 8464 5468 74187 61987 41439 882 71887 31346 13712 12508 57366 21453 25356 89456 62787 43 25607 57315 30853 59214 64620 8131 57598 36203 43212 73601 40522 85688 40643 13822 11803 28378 19869 4837 14402 19639 47559 61649 44213 30288 69739 34334 31279 79822 53124 5065 26190 25829 31742 87765 18554 56710 66137 1004 64288 87460 67059 78906 84998 20159 58910 75095 34913 70267 68286 38387 37658 72230 7569 52198 48856 59524 56112 74470 78669 66680 48389 88757 11752 61355 80018 70373 53779 1067 77938 80485 12492 60076 52520 14481 34555 31265 52206 68474 64878 61669 14878 74710 41987 58530 17647 76255 85442 84577 8211 40158 48606 21998 49254 65998 12731 31616 68665 66608 43235 31599 40700 44819 30248 42387 74241 13519 52275 13957 88445 84272 42425 2411 2032 2896 58989 80880 77264 76772 11849 44611 27519 35130 19262 70018 83925 79664 52190 79783 64356 3526 21720 46278 44299 59881 50474 33471 86795 56186 36128 63672 46849 75025 17009 30087 45752 44203 77016 23779 84483 48778 61918 72849 79536 35392 17221 45109 73263 26124 10297 45219 52889 46909 63573 74536 40096 45195 9377 39261 77119 48105 25264 35407 19901 799 78959 6736 40582 60734 53821 55166 65211 21847 12023 28509 64614 35858 68893 24942 23308 11060 1618 10857 53961 22605 49971 75605 81726 23232 54881 74126 88401 59349 82041 54672 43984 84002 71263 28343 68010 58689 59623 9009 62303 6415 53550 81103 62595 53836 51688 11398 61734 65415 42462 52806 50544 64398 8505 15637 75114 70540 9298 79255 33109 37569 27409 35488 77614 4156 72975 30633 34485 87010 41935 8888 51107 44472 54556 36981 40558 65574 81487 72745 1016 74330 53288 83079 68224 13941 21352 47771 20774 35808 4933 54520 59535 27525 75112 12461 14256 37686 65133 63225 64408 21617 50937 62094 80881 11802 18770 69406 68693 6887 396 83419 33618 4342 63563 34663 11213 75267 6730 35290 57418 40790 46541 77572 89214 16006 13181 61724 64159 23255 8838 63140 32325 81784 42375 56358 8963 24820 16302 69526 54718 69190 88964 19459 87779 75696 4696 51779 22505 70108 39301 81854 75478 89195 26115 47659 29806 67246 56335 59848 26346 61167 44045 34844 85179 41014 47258 4613 44997 36944 69481 71428 44971 25340 71309 45613 59145 633 22427 77436 25803 67437 62269 44949 81509 3569 375 53618 75700 61126 89294 84767 55318 33970 4510 39583 30526 84462 41907 45691 81043 22652 47712 29957 8527 57919 57120 59082 22294 11369 36177 66395 40039 59292 84672 72011 65160 42123 22712 36998 5478 6542 1005 77791 1443 6011 52529 14693 49000 16140 11607 20228 64027 27481 48639 68776 69554 75092 10425 39790 86193 58267 56049 87471 68819 41065 54589 68652 20305 38786 85459 45275 4059 87672 80341 38258 58986 43707 20308 66401 82367 50875 57816 71720 47297 44157 44146 30789 20024 28569 66980 56078 41717 80235 75984 52780 22853 8602 78718 18457 60879 9961 48381 31704 59916 23384 2742 72088 84540 68903 13529 70393 49659 40740 31407 50494 16888 36779 76685 44173 6018 79189 87643 42807 41671 85190 79202 82603 84638 78514 13174 31619 67772 80841 63272 23027 16114 5596 45571 18392 41812 50534 68564 21578 32766 8048 46325 23084 69931 60611 46968 45615 37949 51429 89116 19222 76867 78791 23909 50755 69462 9706 32410 20312 31951 20939 24806 37582 5217 66451 40058 41425 52833 58 72372 51366 52630 47262 34807 7882 26037 78991 66452 58330 60081 29015 68329 42361 14207 63268 39177 79700 8602 54850 88266 35373 27891 19165 45498 15161 66021 82927 14972 49579 86328 23740 12944 58155 84956 38254 1838 72906 28708 18682 88845 13060 29436 88054 60942 84911 34424 74584 79534 69601 81269 74323 27812 88720 70717 6923 39205 88687 1979 78691 58248 26434 89799 28356 8692 71325 60765 52087 34566 50760 77874 48124 1656 55519 51542 22604 41505 18697 8752 37553 131 10997 23219 31002 66419 53880 7948 24230 17504 80915 53947 87601 9104 46314 55392 41818 75426 27915 4600 51043 45442 67071 72013 8881 39491 77271 6743 2818 70352 66324 20085 81022 2051 44286 70409 9984 11591 19604 8534 25291 77213 64410 62951 27213 78782 25674 72258 87289 5578 62340 46384 36338 9248 14812 51605 69764 38360 76074 20974 52783 81206 85932 82274 20829 76702 30517 594 36435 67983 43255 40598 19484 61453 12239 45253 84868 22646 40584 39405 18250 50719 6942 54093 24842 26771 12424 18640 3119 74706 17885 88864 82903 83759 81105 21416 74579 22153 85736 49119 4930 52613 47517 64643 26715 75281 2476 73915 11839 54371 8055 88817 13375 29162 22533 56472 59515 52427 83655 89310 5665 4168 65199 70714 80420 50564 81234 26486 84507 33215 16403 34781 23475 77345 49490 3319 38604 78510 39466 64140 60646 25842 2894 2952 6929 65306 35119 47173 51931 54595 11910 44350 52491 12688 20135 47320 41999 67837 36898 21518 52437 37590 53498 45351 69910 47056 2690 69427 19306 15919 88589 38060 68200 42350 33197 27048 36891 75842 7776 23023 79516 74209 68784 48297 81387 72824 21549 62358 18792 8699 62573 68410 57874 89924 73778 75495 76236 28949 56783 25840 45352 66045 22853 68559 12247 3779 40828 48714 62994 86745 55596 63061 58104 25960 2387 85606 29312 51264 80876 27111 44589 71481 18948 80468 75028 76214 44714 36808 87115 20772 39124 69021 55300 23910 66795 81305 81644 3185 3335 6510 53209 4256 6518 63559 11087 77772 18565 73145 65332 19296 32641 33183 12493 37048 32058 25600 69423 42878 40350 9534 5396 45212 83183 49144 52214 34515 54457 39498 38142 4557 26858 69767 51448 14972 6420 15417 51452 74466 72709 11104 54232 29323 53556 2179 75754 24301 69439 1335 43659 48902 27778 34607 69622 47195 84975 79091 34103 73858 68834 47308 58807 36932 70629 31494 25353 25888 15611 77382 74973 58626 4271 58437 55109 24217 71082 46969 6856 88206 75696 48588 19037 42302 6291 84619 44283 1273 72628 50463 61165 48947 55733 86585 21846 48756 72156 50681 87169 42223 54342 89489 51805 75036 41467 61460 41347 79067 89542 28059 47097 70523 72867 67798 45621 89603 70649 76078 74813 11842 12138 61893 42593 58652 89715 23947 10266 48815 15373 68178 69775 75550 31552 50952 30283 85874 89219 69492 76660 67808 53754 28714 2545 47413 27190 85118 17317 29650 53034 85771 52231 83860 81319 89302 9465 33737 63178 12829 56135 59771 51569 13891 25516 51579 35572 60906 73041 15142 2970 39753 47993 1240 71376 9693 40203 22311 24146 69823 79021 79678 75371 74126 32086 82304 85124 10235 38291 69789 71665 63304 82048 18237 25268 53804 49355 41031 67061 57338 70628 22135 65840 46102 18858 19515 36932 8443 14597 78224 6419 88160 47050 7350 4871 22727 64937 80379 86956 87986 47748 28882 62417 46679 43330 74375 21480 40955 53762 44424 3915 10400 1623 74509 15705 48634 26644 2185 21951 61660 43832 10556 50628 10801 75989 62105 38238 15927 78871 58079 6666 5997 44513 13134 6719 14434 68940 67748 77825 82053 7837 78614 56271 4967 37869 83682 65296 83469 60211 949 1569 55242 828 40263 18578 80508 6245 53921 6537 14077 46099 54813 56993 31593 60212 79703 3196 35702 73162 6376 67124 19679 35453 52479 57837 63090 8001 52278 53908 37535 52782 15056 73932 28245 75091 28735 86579 87462 1813 9650 35485 34926 69479 29449 60022 72491 46558 49598 84607 77562 56349 38344 61948 86646 83299 10922 39144 66367 88438 54675 51730 52229 29686 16242 62977 43486 56674 65397 64967 61943 26450 245 44952 82989 77026 59615 78878 52696 30761 4365 80422 5014 80631 68382 57978 87033 73817 2669 6545 88375 23162 66532 62233 18397 51656 11898 63092 29137 19199 31485 34580 67166 67650 83058 72527 89246 74880 56388 87444 36988 15631 66531 85644 60004 58223 27020 57415 29709 64820 17283 80627 10014 55938 62089 80052 26192 82460 6295 40067 54000 37850 78458 14594 77955 53768 53368 84596 81614 739 79480 3179 8955 50239 21934 73182 52627 19016 9295 30967 87248 59862 42965 75660 13658 936 80794 39430 67011 39011 30536 43436 79257 35403 76693 56619 13195 7216 42967 34689 77301 74257 21034 14375 60734 33179 26756 79766 15645 42262 7080 42800 20575 13036 5856 24505 8548 25945 71793 23271 29264 58787 50436 2602 8026 33186 36889 60644 61716 47321 3296 46631 57121 39731 10591 14267 57833 42468 58893 7664 62794 27171 83054 71958 43421 32307 54840 54791 78677 21115 69953 61771 32584 81401 27503 37720 72299 7564 63068 61860 63354 54346 40442 47855 25993 74399 16594 766 83309 32447 77499 50683 5262 21367 79403 4233 61861 28962 86555 38594 58607 11672 26484 56302 6013 87873 78180 89665 59914 76821 77278 9167 52383 17383 56408 24166 79080 72763 20767 34639 16119 28291 12653 74939 62091 24183 58237 63030 8002 54775 46033 67644 59076 47322 21244 72445 18836 28647 849 41086 28822 13444 28514 44935 53176 3174 51754 73247 45887 79904 44737 23697 67678 16369 49654 89965 83856 21398 32754 49596 38951 73912 21838 29672 81449 32097 26080 7266 26268 630 43514 68697 3552 3532 27591 21153 32089 31700 8258 6104 73493 16058 86282 3859 60377 48356 81290 72875 60138 48665 32123 28766 54971 88635 69516 66725 89740 86167 24440 32549 34400 6443 80251 54190 35433 47359 13536 33007 62713 34135 30434 62281 42116 86325 30168 54010 16389 59922 39163 89849 11954 69990 57848 40721 71330 59121 89740 32090 89596 61495 30125 68452 9976 76306 35686 67151 24442 64700 76529 60595 24040 73614 64819 52122 57776 69120 52171 23306 62872 81552 37038 58144 11951 85985 27545 26729 52102 55165 85259 79147 23586 77380 8866 44575 22650 20924 65206 25303 19606 78563 30849 77843 45731 7517 89788 6954 33471 27363 2817 42715 33377 4390 6349 25829 48513 43211 3176 51873 82877 18712 85026 79453 45576 36487 25402 14509 53565 5246 18762 71404 31252 53214 76920 44669 1631 73261 76185 29984 62430 18000 35949 36696 68433 46505 88681 22547 37693 57463 38556 34279 27729 24263 31303 43490 78802 23748 40254 24948 74437 62351 78784 70280 87705 72599 32489 80516 79873 14080 5830 60885 71934 44751 31057 79795 81486 19420 35604 3283 24278 53199 41346 37990 79750 88691 17235 43522 65805 62222 37329 83771 48148 58040 69804 11941 54300 68829 50351 44029 33049 74683 26451 35877 28994 62510 77466 74669 31595 63335 75412 44622 21570 14076 22909 28799 58083 17075 32160 49379 43535 14263 62154 61510 1908 88764 60861 38841 54252 11855 85817 72024 69426 68734 52322 85517 7668 52174 1332 85539 76948 61914 39530 7756 33812 87290 2578 2774 76468 14400 28279 89525 4001 20490 89631 50209 3068 35902 56517 79096 14702 25745 32740 19726 85771 9825 25169 80877 12183 24659 63684 53697 29819 4412 75207 45230 59192 75451 22851 75180 48717 47181 51233 65459 20906 77008 89324 3035 63338 66686 54717 6541 65789 54862 73066 73718 83830 17406 72416 36776 69684 51893 72626 86688 16113 67433 45195 62510 69934 44316 14951 80053 38312 32268 72920 48439 264 83223 89282 89605 56508 83341 52838 7750 5768 33760 24535 48172 36255 81181 59218 46876 54258 74852 86866 79460 3890 61970 69152 44580 22447 66693 30262 76551 20359 76364 5666 42631 45368 51608 57101 87698 35348 59238 79435 40892 58191 88054 47013 55999 44929 2494 14525 28808 16338 80820 82681 65683 81309 60528 60355 20819 34765 79802 18841 42077 8183 67017 74774 66222 37380 87384 86222 40479 46446 49551 79323 13388 65894 54452 32291 48100 52639 39774 71879 61379 17586 4306 40704 61907 71562 86680 30669 9415 48151 56963 52131 48143 37941 8288 37265 32602 22013 13094 63469 22914 14531 35721 78903 24547 84728 84210 16605 71468 80395 18200 65274 85025 85011 10895 67512 62484 77148 24611 33444 79377 27190 29783 55162 7326 66244 54648 64717 17415 35637 54451 60275 32429 44729 63422 951 66485 33803 13100 21821 44524 83243 74164 73825 5006 13081 33155 39665 36969 15986 77759 5398 19195 49522 58036 75261 31057 27880 59995 37479 44488 14941 37636 19956 17473 2299 3942 43118 77087 39795 39299 6694 10167 57823 53875 61550 13842 2915 49985 79248 89893 24985 48507 86033 29254 62194 74072 55036 41014 56355 72212 37616 49362 48950 54400 76007 4880 58761 11672 36243 76907 28613 1484 38981 79949 28836 35646 47651 27185 67645 80609 710 69045 35659 76143 11029 14341 77719 72357 16290 172 47667 14406 35780 84004 75837 52741 51753 29773 31474 67864 52633 79175 16733 51093 50386 76953 53336 71027 16361 72149 5980 26971 16673 40316 84237 8774 69004 15575 71816 43180 48746 26542 87210 49869 3716 18788 78815 7131 27327 10226 26689 41796 82369 64654 6077 33217 63452 35358 67386 80628 43497 71322 57274 87795 71478 75034 84641 36491 43574 22065 65118 15365 83254 81356 48204 23587 66071 22666 42411 11794 27173 60659 45736 18963 18520 21216 20812 69294 3490 48018 7375 13281 54839 33167 57648 66237 85423 56560 87835 87219 9397 44620 39593 13022 8863 9705 20787 78008 59458 80946 52437 50212 82097 48805 81523 7806 36877 66583 85373 47991 36585 6293 2985 29144 9943 81643 21768 89666 9374 23453 79570 2781 41470 53304 69769 17737 50638 1393 64612 21222 60857 27561 14276 2974 84727 71705 83015 12653 14743 67758 31173 29679 14630 15851 80601 84909 8364 18277 21209 57721 1363 75671 18768 28576 84443 89319 30391 83191 77661 68048 82455 47342 75067 56651 3634 27948 61306 55269 68242 55092 65614 53025 34254 40395 28880 42441 33259 60976 73221 34685 35294 78353 13063 7183 25175 34190 41550 61335 5933 82262 79747 72563 462 75460 57300 14686 16997 51484 31829 80579 86708 39495 54857 25507 80729 25094 21875 18791 3229 64850 46120 65301 72544 87356 72549 16270 57525 52405 80492 59317 42673 14277 68560 1391 32054 23877 51943 38828 73851 77105 65241 42770 63889 70015 86071 87217 75028 61622 39242 69272 36708 18719 57707 20835 13650 21573 17751 33423 44462 79166 50008 52105 50778 55058 63659 19875 69139 81283 39738 23321 21823 9451 59265 62980 52851 42532 59445 30320 46560 79374 60571 21973 62110 63534 10273 17794 72798 50698 30113 14445 88672 26244 341 4918 43427 38219 23274 84265 50222 57016 61695 51846 20563 58328 56128 1149 9725 79538 16748 33736 48690 31681 67872 9298 53136 78622 64475 60250 70834 2701 4155 75259 27155 27415 51347 72696 87559 66648 50171 50318 30724 19427 19532 70128 10209 71677 43989 17346 15180 57774 25908 36067 21933 60775 61672 39486 60535 11833 24677 46267 50438 56217 60377 67334 35617 39048 2720 54942 52354 70395 42995 71767 15864 24221 88003 25954 16239 26871 68893 71836 26084 79076 56007 60649 43462 56270 61597 79761 18915 88147 72177 34346 5158 244 36578 40097 36080 73332 75501 5486 51892 64971 36109 67970 61745 22518 43754 51189 48070 76660 25560 57838 4644 67449 85302 60384 73145 71404 56169 59541 44942 2153 35132 22897 53094 68608 43201 14802 55527 32350 27054 446 428 73680 11693 26258 13260 32776 45640 56901 40514 34871 28314 62097 49505 88082 53708 70764 59435 41117 6279 36842 59710 71456 59316 80936 37982 47855 44847 49076 12628 55952 27064 46581 5817 2269 76908 61148 45306 29303 1381 40332 49475 14607 28772 42405 84156 42860 48278 63770 7369 58571 58801 79138 62173 33577 58936 4597 70435 82722 30586 2930 45261 49073 9539 30957 67043 26596 6534 62542 79172 64011 15541 89382 64604 14548 77309 53222 59518 33652 18026 73697 79245 61465 62772 19671 23839 39279 57007 55059 79163 39130 57502 87010 88641 54426 74544 55175 55803 73297 6635 49846 26294 29464 34236 44521 35721 22457 30475 39180 39849 33119 11025 6447 71250 82892 80192 11314 16256 22299 87080 63435 45328 38471 82947 75825 6602 42219 51255 59565 17892 21898 86898 86680 51688 69884 61878 5750 78452 51494 84514 75784 3540 64452 76330 55069 3812 81231 71474 27151 80717 5449 38632 49199 20043 74456 16096 70520 62627 8980 4647 282 60902 49428 89197 76697 9657 47361 6848 57643 44979 76209 69121 69182 22287 49380 24374 26484 1735 16215 59342 40843 82810 20476 77995 58047 61558 3876 33409 46012 49589 62482 75775 55502 11208 80688 26657 80157 20589 70815 21701 30102 298 34753 19506 85559 89561 62782 61539 58717 88103 56433 66474 18035 9965 44714 36374 56219 75288 83370 76996 14344 75984 68708 29354 34626 61793 40087 4458 61599 839 12327 68208 53720 22324 81389 56681 35831 11483 42569 13611 25082 78672 14530 40371 56041 59037 63259 14365 71460 21922 12468 82344 2457 70441 13773 9883 2914 32168 74304 62717 13030 20411 12622 46898 58705 38524 42768 28150 20829 88221 89721 3550 43720 18823 13320 35555 82067 62380 25703 66872 39382 23437 72090 46266 87681 75658 6080 14443 37199 6229 39040 74971 67477 27916 88229 59478 10649 42650 2502 68018 71935 1248 79623 48408 24886 71691 66466 36872 53464 70110 158 15116 62538 54683 78735 36375 84652 61550 7356 30929 52355 63904 32607 58370 60080 58319 67920 16406 3895 24307 78211 87712 765 71509 63544 54290 1666 46691 47523 81544 50208 32169 23392 30179 35219 15174 36779 89250 16866 75528 73625 10883 67664 54026 45109 44509 59513 32794 22983 5333 50142 89070 80213 59940 5932 81925 20202 76944 88626 84199 85359 68037 56135 84371 27544 73003 15485 85421 47845 73334 61709 19076 87565 60186 2233 28070 82547 85158 87904 53092 55673 64976 11649 76836 30165 18612 50900 60629 2649 23086 21315 20944 39151 4038 54026 86902 38365 5276 23880 29033 26460 74031 82848 16877 81511 32229 17108 82034 73337 15135 662 46483 67500 8112 31363 30586 11334 8919 31012 8664 78155 24772 58017 46377 37416 52893 7877 10859 30602 6363 78840 83857 62347 41773 89815 11485 56142 67406 52762 20800 1003 79045 71445 59431 85974 2613 59712 37621 7779 72560 60178 14844 38387 66823 14550 32957 10890 38666 78219 41180 85585 25925 72829 74095 65456 87464 64005 11872 63705 23391 75572 27340 29857 77887 19205 77699 46424 34262 31246 61390 63231 1414 28216 82322 19259 21170 85774 27596 66445 88184 29215 62712 70829 45410 10221 10424 59969 52044 58525 8119 21552 42169 81742 87575 22552 82033 72066 14409 26807 50598 46576 80897 12675 23694 29343 19021 70276 23241 72804 79237 87614 42831 5654 18896 20440 11036 66098 56869 51109 67390 34544 81395 44205 73014 26328 76336 57553 60088 21840 35912 48131 24539 28493 59296 11695 48719 65377 37446 64331 82136 74960 84225 80022 9630 35008 14077 71259 79343 77190 38846 27087 68783 36331 2192 62194 82615 65354 51488 9067 74456 58328 85244 64669 41018 89389 19437 55658 30993 29813 59004 43905 45563 23729 80040 8016 49623 79817 84528 51277 75597 54439 69090 61493 49420 36959 45040 76187 80462 52064 61915 26173 84920 87352 16459 43886 5710 63689 37170 77019 9026 66188 75613 4691 66936 54277 46260 86866 54740 49624 66039 10651 48491 27740 29296 13476 1632 5550 15095 60 39250 37231 76817 23928 36732 16108 20345 17544 43117 2714 36085 39244 27449 19124 55099 76585 3998 23381 11390 62849 68722 13480 64318 33461 68194 40371 79276 37264 7396 68309 31370 60877 22511 9420 26873 88572 28865 51783 4692 38821 10573 50391 3127 31532 79381 41330 19558 6909 69967 62757 70656 63555 42697 34751 64236 52701 28049 16130 43359 42618 61285 24661 291 34520 52006 31795 6599 80265 59621 54790 13744 75994 65918 16054 24836 70940 29899 39847 16928 5468 89115 4604 81898 44144 76607 83593 56077 81901 27446 79533 86450 83487 49499 73431 41789 10039 25994 57689 30521 68892 89340 78637 86236 77761 48426 75480 37020 43475 39229 23305 29623 81186 82944 29819 61288 88744 21377 32199 26314 14753 76360 31857 21 56609 66940 63176 74055 38490 14753 47027 6819 79170 17414 49345 56706 55618 27515 53517 79805 75834 87714 17630 64140 39227 76673 34758 11465 31009 53560 38776 28172 42510 72586 16678 51844 46435 79699 14130 11518 45298 17676 39320 33106 48694 22843 70589 70409 43911 9046 55021 89801 88408 81032 84836 2263 62271 3447 64919 51180 8208 71328 56924 60270 29057 19920 37776 37084 49414 6300 54917 71778 70491 20345 63912 44404 62760 51647 8035 9659 74181 31894 11077 37041 87271 78423 43555 31067 5349 84009 37401 9919 30631 52664 53393 58378 69718 68593 60790 71451 50245 80013 52431 2612 88471 58676 49972 83711 23150 36171 69954 61063 66943 18215 22166 62971 57194 13195 21195 67465 32453 88990 14963 55449 42372 41631 49753 89332 84465 66383 12908 45949 24257 67058 2723 46571 23866 18086 17950 38563 25704 33494 42266 54124 37301 8795 52550 17552 28926 81775 70148 38657 9012 43312 9505 77291 18973 37422 28767 82028 52242 65085 40402 1638 42589 36629 818 8843 6194 9081 86173 29056 78732 65683 15762 22638 72872 75222 78452 47691 42917 54928 5148 23183 11302 19894 55389 8467 36335 70418 39328 87384 5344 23108 62669 21461 88301 72392 61745 14911 617 58644 58430 6675 51282 22989 5775 76594 36077 11927 86683 32060 13061 14974 24878 56038 13418 25624 29156 75646 44219 4420 51077 86693 85826 72705 4811 10734 76534 39917 30114 67374 86119 32569 4012 67720 73270 21036 63745 55035 76821 48159 89306 25892 39026 17458 12111 52129 57262 15994 46741 19334 56385 32453 82195 62541 50388 69429 22268 49870 49968 68119 79928 31957 10499 84349 32713 48681 5654 8710 32892 53131 78702 74845 49746 14423 20954 48616 45028 77250 54027 60223 67555 45306 147 46023 16071 31288 67625 75814 87491 17974 73070 82783 69277 68028 26670 70203 50316 71918 47013 65519 51656 50887 23664 26756 63246 84725 16170 83610 19351 70560 79945 18098 76247 22641 18354 53914 56824 89313 26604 74694 26421 48923 75869 8879 77700 23996 77906 8229 45423 69431 15256 10091 49265 88568 55704 79321 17970 21453 86233 52657 56843 47095 89345 50026 36239 36777 32410 8009 10953 45878 65667 85789 46779 17887 462 27503 65432 56047 19468 12923 85939 84306 58110 14440 16870 88502 25585 3068 76263 33980 86761 84834 71227 85100 55923 11474 34211 66219 81634 11292 78039 40452 45991 38646 79323 18571 41551 76500 25640 72454 81267 77445 13216 64049 76438 28221 55161 18488 23230 31841 84982 46419 16381 71577 60034 25235 78422 71582 10615 49392 14633 84464 76533 1003 74441 15052 33466 43139 41655 17196 88452 50006 70490 45670 29154 75916 25322 68542 35349 57740 62657 30432 72148 45570 26866 5117 23598 48565 63534 22335 42615 66392 30883 56629 11048 40557 38955 32368 44518 64821 46133 9235 88083 8161 42358 19372 20911 6383 59382 13808 66160 87890 3133 9941 76243 23379 51732 32594 2282 31 59885 42610 46809 84254 50158 24701 26228 15865 26202 37596 76403 20671 38194 56601 59836 57176 55761 50051 6851 51023 22977 3055 89740 52914 44768 40690 48260 32854 23450 4431 26662 75687 62988 33170 8062 68754 15368 22003 19349 52083 54313 56240 76739 72405 27419 44875 86034 18321 73234 81950 897 47159 910 12361 72827 20845 28437 55925 15342 6274 20874 52667 21233 5409 86543 37775 2779 49041 22893 75359 20587 83842 24297 88086 37531 66373 12376 16311 85111 68647 70292 54864 10599 58588 50823 71689 8939 74123 68532 42138 1883 33036 65340 79973 43234 41994 39729 2615 84756 69998 54648 84405 47833 58987 74437 35483 47761 19524 34559 3026 3159 70499 47715 16372 13257 5390 38001 21845 37975 62290 24610 49484 8733 40019 12697 88870 48983 61642 6190 55211 50523 71699 55332 71631 35 65801 3158 13037 28929 5726 43751 88997 52971 84921 69733 40186 86724 78985 53848 59161 80685 13232 69822 66510 34056 36003 32691 56004 67447 60760 27544 3170 75440 75339 21241 36448 14823 6222 15436 34417 48828 4070 49372 10229 85123 56415 78032 19061 86505 31291 2029 77517 29285 25828 73701 822 11781 13350 20234 73398 55880 81942 21891 54086 42713 17052 5931 49533 27174 85908 32142 38740 30952 34279 375 48817 27782 46873 5660 58215 66402 84609 60332 31444 61590 1308 58385 3603 38637 32796 50438 69246 71422 88432 31722 80968 62158 83436 80733 4101 66753 15105 3031 67975 67358 18702 74995 40709 52679 13883 84781 39862 13479 31005 30242 65855 52975 3838 36705 20848 87454 70128 27586 89510 1098 48615 83380 50979 88108 63592 13428 56028 73281 68844 32505 41115 64770 23574 23462 12786 78115 10376 38307 59643 69931 40266 71454 10602 70737 21400 30514 66550 84492 66377 80115 29693 64667 68652 11626 48189 86505 24753 43008 65924 19524 54899 26353 30392 33738 89574 52807 66934 472 54097 84800 3857 50862 41448 66914 8944 66668 1856 50087 67611 86082 87870 71318 63213 39622 44180 58795 76838 54393 66466 65893 13926 73808 37528 28924 57804 49301 6801 73961 78830 46149 7690 41610 84035 22836 46661 56380 88070 6123 26420 28284 42988 1339 63756 36905 281 41379 10713 13842 75097 24447 57001 74277 4408 49395 62181 9478 25976 48730 48139 14982 86106 71130 40056 10065 56269 3321 42997 21178 34187 9644 27382 55458 48691 83966 56844 37705 20101 62952 37550 86506 35416 45409 68558 70287 4753 29890 86350 14380 49784 35179 6785 36962 34356 63081 53693 89709 68228 15472 72670 57939 27404 25407 87392 34894 21207 66874 8623 38316 83640 74248 21529 63606 61715 23963 77188 25916 65742 60498 22229 68492 7074 84101 80045 68520 12705 29472 42405 85408 11107 52795 73677 42076 65069 8739 28399 59080 7798 16927 1130 60811 3525 81947 11754 55968 53865 23403 88228 87553 9751 82893 85611 73895 7192 81398 73188 4994 46408 38361 65836 78359 23899 6459 16879 1028 22574 5138 35500 85181 47619 62206 8295 51981 60854 39282 5836 30300 81725 76143 34624 66785 10295 79165 27064 6461 67395 80349 88526 69486 59540 10364 25391 57071 50508 21778 50355 25987 10062 20306 79399 17921 63909 54435 56234 2258 65352 8972 18932 86697 51995 47294 33618 38375 83826 13559 52498 56593 30102 10448 17468 18002 61710 78213 76697 42241 26691 77812 34559 17299 52089 6645 73174 9540 31281 71473 55689 17181 49804 42356 60047 34261 4835 54258 47237 57509 34352 17067 44516 79402 88457 27356 2528 60890 83025 41307 27851 86064 44057 87815 44777 41837 12990 35771 36897 3393 38706 86876 64118 6462 26529 75464 33314 10087 88377 89410 35291 8662 1069 78782 28742 76669 81343 65307 77530 4714 11327 53042 61930 3381 73313 33612 27871 80810 51408 54736 44380 12194 81652 58792 48985 30167 57871 60747 76734 62102 50159 47960 72255 512 83516 30993 20599 83010 7380 73706 46779 66222 72555 65505 51482 79476 1863 27266 18458 13743 49686 7917 81726 72781 39073 15000 3563 68920 54308 56452 30582 80901 63263 70685 86437 35488 14476 24479 79454 2416 83482 21614 79541 8523 85486 34988 61522 68385 31248 37577 33146 27297 33449 79250 18217 87520 77874 13081 26363 80974 85026 57813 45388 51139 32320 36342 63114 39532 18636 76322 5544 60165 20065 81939 64226 36227 6318 43823 51507 3874 35471 8655 61588 38769 66171 42349 5783 9211 88018 44179 86258 81454 586 50833 75953 13986 13307 1225 83230 40927 37139 17239 52792 64450 63747 56542 44215 42017 51066 30522 18800 5103 73253 36636 81023 40743 59654 31581 44772 54728 45875 8678 45174 22529 40158 81805 26541 29994 2166 1784 86623 58861 43550 32796 2788 5935 30426 3122 1275 63016 49162 53713 38147 35356 1260 51393 66972 7248 88410 37641 34519 18459 25472 50776 55757 51316 80089 77012 81946 57376 17617 55629 56608 39924 21569 52918 36136 32733 43497 47520 55475 87381 89615 35720 73622 15689 75410 59057 50707 261 55194 55596 16188 4196 65894 77352 12713 13433 34877 55415 85458 29233 19322 41036 83316 70067 9853 17109 39398 16187 18937 41410 43296 28405 23995 41571 69261 59473 46307 19224 63615 14674 74532 87267 76502 46858 36435 79696 34349 69391 89222 81031 9189 51799 63469 75004 39375 67124 33016 5005 626 65821 71819 36509 45708 61598 10908 85897 40231 34454 49810 54839 54564 38440 21727 14852 45823 23213 32866 83908 19531 25456 32297 11713 20536 84550 75443 67344 86482 14108 48600 76092 6081 82436 52498 27675 35948 84104 26144 17670 38788 19602 47851 39074 6348 64935 43539 87513 85966 32114 49404 68793 53081 1041 85635 72527 44591 30453 39799 27335 25119 87528 74486 63344 27183 58021 55283 57928 58871 77872 87176 21829 73076 42266 25852 81633 53029 42310 11935 69201 48786 16639 83796 43347 60159 18731 70820 84078 33055 22392 4596 33409 4313 41493 27765 15882 47114 35895 82809 58545 49480 52433 20002 15233 73010 24130 80829 65216 41945 70387 57640 49322 28285 66850 77032 55593 86059 10277 45838 45638 39082 71843 51241 21709 76659 6481 18787 40760 60790 87539 8605 23064 42109 29868 25842 549 5817 57154 25327 53329 24613 76958 31345 83340 23342 66881 4613 42105 69637 28716 61320 15558 57098 48177 17027 6289 62488 49883 85027 42393 72440 44893 8123 36998 28982 35467 68738 73900 14965 80346 32362 36432 24378 58604 2735 11267 23379 87325 793 36202 38908 57474 64738 80038 48394 24227 20898 11415 28939 63949 10498 19546 46316 17549 82820 6188 64576 24426 89325 22720 9848 80660 51204 77465 70465 84078 59306 81246 7678 65389 55504 26216 44224 16694 16968 38264 73359 53254 58270 29232 4518 89965 7449 12444 20241 83916 3629 168 15697 59173 14502 38134 28960 5423 7050 49410 31299 28406 27108 62696 23024 12926 2104 27969 34095 74848 63874 23482 87921 36899 1624 20169 21794 64554 76053 37263 98 88301 82155 12341 51578 28009 63158 55756 58799 89901 13464 28453 14783 81560 10894 85376 82647 80331 29486 9660 19723 66787 79779 61660 66205 7860 9596 39796 31476 68314 50720 81634 79585 52027 58248 8172 76370 17191 66323 53502 45213 69203 81488 14083 37212 33240 74904 53177 26289 55068 36727 74761 6295 40602 25640 68629 3663 88801 69872 15797 51862 50340 81918 26241 16034 12527 76635 35458 27734 19162 51432 84448 83615 43085 36510 26012 75257 30836 64978 62940 56065 78674 77229 66666 27541 84927 29528 64403 5460 57648 53085 22260 1337 7776 71340 59923 55340 34212 57245 68811 4569 27497 84517 7739 87756 10983 38744 46585 84175 39740 7308 23073 24312 13785 42132 65615 35137 10022 58402 64289 2578 80872 60959 2737 79490 3730 18077 80886 27435 87997 25673 63326 41019 24907 52446 39133 67440 73843 10485 36568 89422 66657 45635 2424 48655 22709 22884 762 43665 31616 53642 22910 27225 86453 34247 5476 88780 57829 68687 25512 16658 53115 50415 12489 54994 2503 60920 13750 45616 24093 73192 29634 64796 48332 55942 58822 69676 44573 24352 57166 69368 45261 24485 86995 70086 6527 6338 10301 66939 7507 68579 34026 74955 8878 1468 65556 51265 38067 3379 24375 3664 88447 2078 86676 46874 5002 34209 31294 38780 36112 60951 39004 28834 50132 73930 31490 40685 35438 40758 52808 11070 10522 2792 24527 15476 37264 2143 17699 44213 74804 73738 57225 65103 24995 22857 71325 66573 30902 48986 80806 9291 56638 88105 47171 7469 62183 14146 32203 50874 84432 35919 61821 31038 23052 12816 41394 79876 59692 69434 45295 28737 62645 59603 68993 49937 88303 84579 55506 29655 37933 77066 71633 77291 71957 8461 12001 22947 64551 9982 50538 48153 77590 13969 16716 67698 11226 72536 2533 6636 71615 49092 12402 5883 84864 72217 81964 54138 55027 38010 44826 75285 22238 27231 13860 43153 37963 22083 679 13561 15904 1748 64220 86211 54224 72930 47716 42694 22647 10060 69147 62664 74985 18828 53787 35075 57419 28458 73057 68408 61719 20798 79101 34497 34254 21540 17598 42662 71542 16529 29050 5846 86889 12139 55941 18062 15675 55783 59981 85987 76121 73136 74223 72005 71275 75071 38717 35688 54083 62897 4008 85850 6804 78794 43631 52924 43534 20145 30149 35002 46800 39010 18297 49445 44174 48721 16866 59615 83781 955 76270 40300 40927 81904 59026 15602 57472 44751 12339 3808 59090 78386 24926 23965 1560 77018 84931 80451 22615 2527 36342 45962 30383 24874 46602 31628 78647 42753 76114 31578 12107 36452 67956 81073 73321 27754 36939 16143 54855 51131 46750 28186 15104 82892 9812 83091 79135 4158 20973 23399 20468 82704 69422 60743 76144 33171 84414 34627 67031 56449 22327 17928 37442 8103 38292 19754 56181 86342 89416 70196 84650 53008 45468 61983 34637 4227 2966 40062 54647 6567 85009 38925 24789 84308 43442 47415 53300 51932 29041 56778 32293 12607 2943 63907 62236 7101 82921 51269 6120 45347 30910 13668 13863 61574 22944 64946 85715 21199 85122 4136 7893 47600 62716 79712 26787 52770 87542 60269 82666 8750 28746 36271 40864 53645 17269 61096 20376 80833 69582 4260 63701 60634 38878 22133 68485 54348 27586 43988 47674 47265 61057 62543 57908 87639 86352 32275 54541 63915 73364 43246 54844 71581 19649 72191 62896 86482 82453 52852 18612 41432 13473 57501 25032 71476 16839 15404 40359 77229 5738 32852 56251 59197 83803 71175 40373 721 84467 28686 19494 35180 86777 15420 78800 37653 26455 70990 20774 9684 59877 42116 26165 30223 65772 76369 87939 21189 45368 47867 69956 81022 45577 59132 65609 64555 6133 38273 59654 2256 70302 1368 84413 31660 59992 33350 1855 32187 19832 72983 81662 63001 85534 16550 19639 66386 13500 71145 9598 75648 72213 19761 23400 46839 9920 77849 57758 5685 25429 41584 13373 7360 31144 3012 43981 75282 23044 41752 29013 60309 56850 87204 32984 37800 17815 80141 52780 27380 51832 12980 10047 2518 18188 43663 68414 26173 58404 86080 33381 26060 59765 64717 3456 13470 73347 19175 5717 12423 83226 53700 7018 13304 56384 72149 27803 82178 71975 35204 74943 60773 9927 285 61116 49433 11431 16475 16197 83877 83081 82587 82354 39335 73213 48077 8578 48016 86671 776 15946 8399 7139 29368 61335 27636 43579 68142 89575 10440 11399 72746 75876 62410 19400 76114 19654 60680 52445 89649 59353 66723 46085 31069 39149 70608 4447 23205 6083 13721 71706 12277 35035 48022 81880 15888 54059 3731 60791 14360 16968 5744 51816 22439 19115 32702 38970 24853 1779 47600 80103 62664 18233 61522 19366 43662 61704 47115 51445 77997 32690 24337 71704 86667 75496 19160 37028 70816 54516 77821 43565 24822 42793 57177 9976 16794 20930 20799 85861 78572 62369 74874 63893 56797 64809 78502 4424 17115 77964 24866 56438 65135 63385 46827 47603 71412 48578 6408 73864 82856 66337 85690 45054 37023 63994 66179 86621 56250 26633 69638 4895 22902 18827 17491 88841 73997 34095 39235 6043 83758 66393 47566 17823 20901 5132 84454 7749 41743 58575 72736 43281 63043 37192 53336 75226 33509 49359 10762 66764 12366 70405 891 25806 56825 65486 20740 14820 27543 50612 55113 37101 16156 78413 24761 9721 50115 60865 85281 37183 44064 72375 37728 59921 83663 40547 86141 73051 67120 79732 63564 55840 32594 34373 28955 32962 12540 84755 65918 26810 12321 26618 46124 39175 9450 9226 53938 43983 41816 65024 12260 49304 21093 73546 84919 55784 36355 20684 8213 2361 26690 52737 42738 69283 36021 3599 75078 31156 32140 21683 57557 8263 19018 20949 12180 39393 31221 11091 3846 49383 82220 8116 4639 5442 25782 81763 12086 60054 24004 34861 26608 15510 6832 84497 72012 49280 11297 43572 60336 47187 30200 13671 24590 25483 18017 69615 79331 74833 87914 56622 13948 22860 11142 51573 75499 87080 75456 62161 65096 82055 20511 42248 45247 21934 68565 236 73248 59185 27454 24341 73699 75117 28050 21894 23027 18750 740 83924 66067 25092 74800 378 69858 84926 48898 78439 21626 53571 81183 65973 9079 61792 49539 62034 24000 2632 17682 15092 82922 55002 347 555 31998 8212 68428 12919 63730 61675 45636 85552 15433 70072 15152 39366 1709 1420 54928 56235 76474 70135 72559 45827 42395 32809 7426 7603 23768 6109 28088 46077 15661 87263 71649 84071 46551 73276 66991 83103 70264 54139 79796 77826 26308 84557 7875 15618 15821 16959 9391 26662 80930 84175 38493 47222 30645 5275 26597 39464 35329 11295 59134 18992 67440 55558 78987 36632 30570 53913 10603 18226 9926 73384 17570 34474 31963 1507 53688 46658 60945 21583 88921 54726 3497 65334 15780 84418 6954 39174 57078 87444 51833 15781 34900 57566 80955 80962 2318 4583 27946 83475 66817 67794 37377 59334 82428 11235 6366 69663 8998 74155 86034 22939 33286 67226 88054 67705 7959 20539 24946 57564 71463 17386 49405 74837 44288 16630 76982 50662 51935 2198 22163 47488 10695 4208 76497 58808 30710 56988 27708 84792 5311 29768 38577 32434 50521 45968 33266 52984 23390 48531 12205 54213 25390 49723 9569 27951 42797 32129 4957 40111 63983 40639 895 55509 41220 39452 12032 85226 59099 85569 65020 88470 67713 8835 78880 16291 78036 86447 49975 12002 7159 57761 48341 44007 7815 26994 15871 4354 65028 87164 65611 25642 41737 67323 44041 56826 38563 32998 32160 77045 12115 42754 65531 27998 85916 40557 79857 25273 66481 42516 83298 44588 15540 6386 45383 51777 25526 16060 2947 81496 50116 64969 59697 29315 12803 54929 35544 15990 23531 23175 34000 65237 44388 7811 39699 2691 88735 50758 5887 84489 65757 64240 9775 48995 1265 50351 67995 65087 86161 1814 45254 32799 78381 89759 4936 57899 49451 21486 62098 8750 22938 15996 32667 81735 59953 10691 85034 65875 83355 60366 45625 16983 56010 11329 56645 88729 70933 63422 88849 52460 57872 57869 62300 61278 57997 67391 71768 16158 46316 47841 65438 14785 37815 50917 26198 23953 28703 69529 83928 57087 77282 57028 3838 44010 61737 399 69696 60049 19276 49156 61610 79999 32801 76045 59999 64141 87658 83160 80370 63105 42601 81106 8931 10427 18914 58104 72357 34606 64656 84409 46900 74870 43778 56809 84384 45381 49319 73069 42255 56059 88068 71804 11557 38667 65330 64004 61292 66177 44719 18380 40079 78137 17051 52294 5353 56627 37938 35513 5048 65070 6913 75844 77580 23302 20047 71784 43248 34712 3940 16753 76997 42535 14650 14231 83424 23182 76886 65303 44842 76407 61363 68944 10694 41034 40249 3888 14497 77695 88025 46792 31355 7821 8821 23214 15981 66687 69420 74939 19483 88086 80664 49903 47554 29154 79593 20158 31611 64078 85770 56406 57981 70407 73889 79668 16354 6719 15166 43811 66040 79034 23311 80645 73188 20366 85676 24215 50450 11198 43025 30186 33486 55725 78795 62327 24911 55196 48464 75093 37341 64585 48046 40641 2135 2927 82957 42492 82025 29003 4984 75576 55898 45619 4906 14581 88150 35545 622 23954 72268 11180 78297 44018 58039 30098 614 89500 9329 77453 39441 7793 76451 86546 48699 48185 33127 2103 41725 68272 84504 4602 67166 74844 4714 78219 54095 25944 45809 18477 60740 79713 14137 44327 10293 20853 20740 89378 57318 17373 21626 86941 57036 82877 29567 77769 9239 28069 71262 74289 53922 55839 69398 29650 277 4754 55913 65767 32776 70030 965 82803 79918 78477 70190 42274 25740 61768 74295 79508 51283 80695 9111 48582 39799 25918 20409 68260 61308 50042 39018 72925 17768 45243 26606 42509 44219 7642 33468 52945 43708 49875 57457 70504 42165 46797 76526 40221 31648 73066 35890 19556 2028 61690 37345 77105 34165 10146 36605 56349 39255 82904 44205 26694 79139 37924 59592 17302 70798 63859 81489 8947 7686 78061 54748 63325 65329 86766 45741 72832 62706 64106 61902 32868 53645 49030 81509 82151 9709 2527 57292 79274 26864 53458 57215 41630 64972 58787 12664 35376 79681 43756 53039 68065 12421 52981 47296 62626 40594 5558 2426 71909 9949 54608 76615 2043 61344 76282 68160 15056 6501 31094 51973 42578 13572 38972 67356 80643 87764 89837 85426 66351 30657 71338 18670 75340 25618 87477 53841 41573 16242 68003 26181 67129 43256 85262 37232 47921 37987 9214 45421 33225 61123 75336 30003 49089 87920 62523 40251 30010 67016 56307 7070 56781 50798 42914 57217 40521 6434 48300 58432 79513 50446 688 86127 17241 78801 62510 1897 40651 82913 19446 9743 58426 6424 49646 52722 30299 75062 63282 75585 43284 37766 73859 46545 46471 52862 45846 16237 45993 3021 13682 73809 25578 21220 89828 33652 959 48813 74669 48891 9772 19763 51211 27214 26565 20640 21395 16446 2275 84220 15749 16445 21293 72186 73995 43184 80319 58227 34952 38147 983 49354 31565 61840 49429 5494 75028 50741 23909 5927 15879 53801 46602 17715 6069 83127 7823 76581 78033 13211 76866 89817 28189 27191 53604 85758 84332 30576 63598 39588 27769 64987 32656 21268 74470 13702 20665 69121 32236 72364 83047 64944 16477 19721 83665 64482 65056 45984 37294 59559 49397 71277 27278 53600 73632 13308 36581 46870 88439 21859 88063 84863 40259 52894 13530 67071 80205 18146 83732 70621 80710 45776 54120 23788 47778 22468 62474 68418 41887 39656 77798 12722 85948 28355 62505 52516 13372 3137 42121 54833 82143 13670 44898 73223 64345 8165 78035 83447 63598 57946 43951 41212 84252 69426 33340 87795 12993 16306 45724 32115 32956 87620 64213 69249 19049 20598 47749 49225 70345 86581 28954 4113 22075 34891 36516 32088 7666 51795 87280 53131 80607 63980 56216 41762 7503 22885 37036 20368 12307 26298 11125 28715 50695 2503 76419 14213 27493 60358 61916 77816 88021 53757 4403 48767 67546 66758 87186 28826 20052 69597 82458 86457 70129 73061 67209 85612 74909 7123 89051 37529 42665 26662 58249 56349 80998 31392 9986 89703 64630 29264 6302 58855 13283 51708 639 45637 49289 15927 76526 62801 54092 15723 60195 60433 63369 7771 47404 8514 41918 89526 17885 51844 67219 42607 16597 61084 66243 69444 86343 16597 77212 63955 88516 21666 39339 58043 44181 64303 849 32526 45062 87193 78109 34040 87805 20066 23374 74379 7735 13806 13075 69937 78223 23869 64314 34902 57781 64010 46283 59727 40931 7910 20294 16789 24561 7773 18808 63557 19029 72434 54367 43611 18887 12883 67748 10958 81775 33615 34131 53471 59882 4692 22369 662 63011 71631 19072 79282 87993 51246 58358 58172 53203 67194 34714 50372 86965 78186 85312 12551 61380 28185 47969 1597 80373 7588 10185 77237 64213 37229 59487 66299 3668 25601 69742 67072 89787 32073 37211 1993 31194 28761 6893 30933 80093 48862 7409 48359 60942 64003 77540 54489 21677 15041 8598 82658 78831 24040 13398 59320 56123 87151 53820 64724 23813 31412 37510 55316 39463 42329 65849 89782 52546 25671 74681 25997 42708 61085 70407 34237 86711 26806 86814 56982 74725 64992 9167 27223 78617 87769 46018 39463 86240 47013 21911 60411 61176 33567 13050 3105 81097 79974 25331 10201 22162 75000 75224 44571 87412 20753 36982 61331 83001 84847 27855 68723 17075 13244 6954 3691 21864 71930 45290 51164 850 31618 23011 81876 12951 67736 85181 63421 43143 51562 75457 53989 68103 85692 4794 32850 76964 67493 44884 10779 33498 15403 75335 37849 20363 78129 9980 67862 71853 74945 84682 6445 78291 56799 70000 36171 31122 73305 85115 60333 63300 61499 12027 6856 86864 18408 67257 7732 16393 47185 66354 49163 226 48338 77722 76710 46057 49951 82488 58372 15745 28720 5598 10046 11950 24115 21413 9584 57756 42474 66024 67777 75758 45358 31600 8838 6460 77648 45649 851 44660 64778 14473 80244 63018 87814 22682 67290 73869 21313 39985 55337 47213 80250 19162 15426 68942 16112 79664 46964 71306 43945 64690 40127 43934 79389 11807 12156 79890 35909 53822 46741 31554 31387 2857 37679 85065 53049 16674 54884 31620 20174 39095 19195 12125 83422 45882 52443 7760 81360 67054 7938 34296 88484 42188 67097 13600 59651 4650 74129 42531 54776 768 12946 35547 27549 43565 87756 75629 77499 79492 47572 71989 87950 7719 87806 55198 69005 11054 70069 18481 74978 34353 46906 55029 87574 37342 73865 53909 60337 67779 78495 50807 50294 60784 18206 19211 89471 34116 31825 56549 71566 67721 60403 46330 53346 85088 75381 82927 68472 47633 15110 13421 1361 31470 38668 68501 29453 57659 36722 23886 44150 15939 2037 5341 32186 56638 8715 37107 49756 1978 46320 45894 20529 76178 17452 60950 64206 76284 58735 52131 26395 56943 42071 10598 34209 23403 49794 8363 32541 6191 17818 47079 22219 34355 51811 16483 4134 32499 52748 69592 10711 25196 51743 25469 61359 63893 76170 40702 9703 72848 45951 77260 24236 69327 44210 89339 58159 54284 52784 65351 10798 60240 14481 67024 23654 37129 48259 81158 73423 45705 83141 52585 69822 20292 42732 24126 5996 4900 47138 81287 17591 78419 56434 42434 44460 64477 82121 73107 43641 25825 23357 57989 71068 21285 32908 48426 24843 64508 84952 6503 57778 48416 46406 14124 21239 41972 35417 54895 61673 78786 29810 85898 88257 23354 62836 47152 10962 40889 35673 71001 42421 50294 82048 47111 58983 10866 56941 34299 43846 34700 21702 85871 26144 88913 76283 48587 10855 76297 64711 13487 37530 13336 88590 64202 76258 27867 62721 8209 38001 72818 29352 5208 55834 53591 69154 39332 77715 81834 55447 64006 52522 66677 2328 3789 69456 14318 23751 62112 53804 8221 28099 50631 9773 16199 16756 18617 51393 38499 44821 34195 69516 28501 35147 2739 57288 3809 7666 30652 61955 3005 42613 75175 40295 57155 15764 55202 31785 80765 66799 11141 30575 67722 62488 83076 66717 52627 75439 16187 75820 76922 84000 59835 69734 65137 22718 50890 30368 30303 88658 51980 50741 25151 76654 83642 26376 1430 65435 30401 63546 87906 66451 28761 68116 38585 46945 86860 28849 2676 82656 9072 20402 618 69127 15883 5066 73401 10995 43881 30096 88610 59379 22867 64830 35839 70510 57219 77144 24505 66113 19248 83468 10116 85839 80631 24738 25389 59238 15578 72772 27122 59340 31222 75107 41323 52556 40984 7430 77120 20480 6544 45471 79030 66022 47757 62982 5644 45126 65282 80233 55340 37885 84575 42865 58220 74341 14781 80645 36792 136 20183 59849 40096 79791 35850 78273 18184 38633 59053 35088 35065 61426 52824 25875 89412 54668 46049 49016 24644 60979 62267 17673 50526 3425 18988 81542 20866 30014 74573 62899 50206 71049 27976 82982 29225 78257 81746 55040 89913 1526 21134 51726 75527 7842 32821 74450 46557 82343 53622 67799 48223 24767 11568 12538 83033 28016 13459 78654 82270 42170 1132 47794 53344 41047 22679 63017 78780 55007 66747 33556 78170 78321 57905 63192 13931 87532 361 44425 69686 55448 2007 83200 17530 86672 40781 2219 19264 34475 23667 30043 29365 14795 66352 30012 77393 78588 60549 46580 71217 31216 86902 85178 43300 34393 68873 83598 8137 62599 35961 75458 40748 53992 62470 7427 13220 13141 13416 36381 12419 82826 37056 89383 65216 76872 87046 88059 54030 59708 4440 85826 16436 71480 65817 87542 20718 67938 76709 46655 75609 58764 54808 16720 27357 85628 82379 8928 21544 38138 6411 85508 87163 52314 71515 53082 1131 32120 26823 68705 29924 55893 46156 37012 21539 54336 27626 58656 4570 5923 76946 48405 40980 28437 76266 
