// periodic
// number of jobs
1
// pi
70
// Cycle
100
// aperiodic
// number of jobs
10000
// pi
48 7 25 49 37 9 50 36 31 47 41 36 56 15 15 54 22 7 18 49 20 1 31 17 13 44 46 27 57 50 11 29 41 11 50 30 51 14 33 1 28 55 34 22 41 32 27 21 24 52 50 51 45 1 1 30 41 11 50 14 50 24 31 26 40 52 43 45 1 5 55 57 28 12 48 8 53 52 38 20 30 3 16 57 52 49 18 25 49 20 59 20 48 15 46 30 57 59 15 27 31 30 16 26 11 31 2 24 44 2 35 2 2 36 51 47 17 56 34 46 38 41 49 51 3 51 6 22 18 59 7 4 12 30 10 34 38 19 1 19 40 9 50 24 54 3 23 48 18 45 53 8 41 54 17 31 3 46 23 10 36 15 17 51 27 40 12 13 53 45 3 8 8 22 10 32 25 54 11 46 46 34 38 12 49 25 44 49 56 6 3 12 49 45 18 26 6 7 17 23 10 42 51 49 24 48 7 4 35 32 17 40 37 51 12 10 45 32 11 34 37 33 39 3 46 10 44 31 21 27 28 50 8 9 2 33 3 37 42 22 42 22 18 28 47 50 56 53 14 4 41 39 9 27 7 38 55 51 14 32 51 37 8 54 14 27 34 42 8 27 2 49 44 42 45 43 35 10 22 55 37 1 17 16 46 42 58 14 38 22 6 42 21 3 21 44 15 58 45 42 45 17 22 20 3 28 36 26 20 30 58 13 24 15 51 47 10 49 44 18 13 48 9 48 48 39 24 39 4 8 43 3 9 16 53 56 51 3 36 32 26 13 10 29 45 59 4 19 43 20 17 31 17 55 36 12 32 21 43 29 10 14 15 32 33 48 51 6 34 9 28 21 51 14 31 58 5 30 32 4 24 33 56 1 30 16 22 52 57 6 41 4 47 26 41 52 29 8 36 21 29 51 23 12 45 58 30 18 47 16 2 27 3 8 42 39 28 10 36 19 51 46 38 7 17 14 16 2 15 23 59 27 55 1 20 1 35 21 18 15 36 27 20 21 23 55 19 41 47 37 1 13 10 13 1 21 14 30 1 47 23 47 2 37 3 40 29 51 52 20 26 17 59 48 20 15 21 18 12 19 29 1 48 25 45 21 57 3 50 2 54 45 20 29 1 46 54 53 42 27 20 14 47 9 1 48 31 28 14 37 50 20 55 59 21 29 35 21 45 11 4 24 13 31 22 20 18 38 44 20 34 18 25 46 32 33 57 28 49 5 5 47 13 48 1 50 27 32 34 15 53 12 3 43 41 6 24 12 45 4 3 1 6 48 52 6 28 58 51 30 14 15 24 41 13 22 47 49 17 33 36 41 49 57 49 24 54 14 52 5 33 59 44 16 41 54 45 30 32 37 20 54 6 45 6 25 14 29 2 56 52 32 59 8 47 7 21 18 47 4 39 31 15 30 36 58 21 15 30 30 18 15 40 46 37 45 23 58 56 15 5 54 59 23 24 42 45 41 40 6 23 24 59 23 1 11 21 17 53 24 24 23 57 58 3 32 39 14 18 26 32 10 38 57 18 21 25 36 22 4 18 34 20 18 48 34 9 38 53 33 30 39 27 17 49 39 57 49 54 52 17 34 4 40 19 44 38 12 22 32 13 52 39 56 34 21 34 1 50 52 20 13 39 11 30 22 2 56 36 57 41 19 38 57 55 43 34 34 50 2 28 46 41 8 26 7 14 14 11 32 8 6 27 24 2 23 44 5 42 18 56 42 32 17 53 42 12 13 50 51 35 25 43 13 47 56 35 54 14 41 29 21 27 26 45 32 55 55 47 24 52 55 55 42 33 49 39 6 16 18 1 40 28 56 32 46 57 26 55 59 50 22 36 11 53 20 47 11 32 18 58 45 6 14 17 17 9 55 7 8 20 7 50 49 43 13 37 27 55 59 47 23 18 22 23 51 27 1 47 26 36 57 56 55 39 21 27 33 16 34 47 40 39 31 9 8 52 49 17 9 14 48 7 17 28 29 52 9 57 24 21 45 51 35 42 51 35 58 6 11 49 39 51 5 19 29 11 31 38 14 47 56 34 27 8 21 43 5 35 2 56 34 50 46 10 39 10 20 26 54 12 40 34 23 26 29 31 1 58 53 8 19 37 42 4 30 28 59 40 15 51 12 37 40 24 56 25 3 16 58 32 51 50 29 12 32 15 51 43 39 20 39 41 15 13 42 22 41 4 43 14 10 23 18 43 8 15 17 58 38 13 59 52 7 35 2 44 40 19 6 54 26 19 44 24 27 15 1 53 13 55 23 8 22 43 29 35 9 58 9 11 41 13 1 34 36 46 32 56 44 52 52 17 29 8 28 30 19 31 9 8 42 27 44 23 56 3 58 29 6 36 55 23 23 52 47 52 39 35 1 53 16 6 25 17 18 17 16 21 29 53 4 27 53 41 28 53 46 57 39 43 43 59 48 1 42 17 27 33 43 3 18 9 10 54 28 39 16 28 34 34 7 48 18 46 8 25 59 35 56 1 32 8 24 44 59 3 36 24 32 35 46 27 2 20 8 33 4 55 37 28 50 33 18 5 3 34 8 45 22 14 30 49 17 28 15 15 49 41 6 34 6 26 12 26 15 1 44 29 35 21 40 31 9 5 49 47 50 57 6 15 22 13 30 18 2 37 50 31 47 45 39 11 49 37 46 6 7 34 46 43 14 39 31 57 28 48 43 7 7 1 16 13 3 34 30 41 9 55 50 58 45 7 54 44 30 41 24 21 18 51 47 47 56 41 26 15 44 9 56 55 18 1 42 3 10 29 2 48 32 10 40 21 46 54 55 37 53 37 13 20 49 27 30 56 16 30 29 47 42 30 36 40 51 43 54 34 51 19 54 17 30 53 50 48 25 3 32 1 51 55 58 23 3 24 56 43 26 26 23 41 48 50 6 40 12 45 59 7 58 20 38 21 34 28 50 2 5 11 46 52 39 48 36 36 17 34 6 3 29 45 11 30 33 56 40 2 3 20 33 19 3 3 39 32 38 48 41 56 1 2 41 13 34 58 23 14 2 3 28 30 4 17 8 36 24 54 30 54 23 10 38 19 11 1 38 27 13 4 39 19 7 56 56 22 13 43 54 7 32 54 32 22 53 9 19 45 2 37 37 1 31 9 1 1 48 10 29 10 25 14 46 34 31 24 52 4 30 17 41 59 19 19 20 45 20 24 31 37 59 22 16 20 31 1 52 13 31 35 25 33 31 42 8 45 15 37 52 10 35 3 14 58 35 21 24 31 20 59 14 56 29 31 16 18 6 50 49 7 51 8 36 25 20 21 33 4 8 21 8 36 10 44 52 56 14 24 49 40 40 17 42 19 36 11 58 12 4 22 7 38 29 36 29 51 41 48 54 7 30 44 40 13 30 56 54 15 22 24 55 38 50 13 25 33 57 5 28 24 49 59 6 6 20 41 29 27 9 37 19 25 23 15 34 48 46 39 12 21 6 36 50 57 24 18 5 10 45 35 8 45 20 7 31 3 9 25 27 56 7 25 21 17 59 53 54 22 53 47 11 43 22 40 27 34 17 19 53 8 33 1 7 2 49 57 26 47 21 42 44 11 13 43 39 44 9 43 46 31 32 46 28 56 8 50 36 47 23 12 10 38 1 37 53 39 54 31 2 19 23 47 14 47 39 20 22 11 47 59 9 3 59 30 11 17 20 31 29 17 25 53 3 2 53 31 19 50 5 45 44 35 25 37 12 21 10 11 45 49 32 9 59 57 44 52 35 1 32 42 56 43 1 28 42 7 35 32 7 36 46 41 3 15 37 49 36 38 14 18 41 5 14 13 38 24 57 29 22 30 36 50 40 42 28 53 46 56 41 13 1 36 59 35 27 54 50 10 56 59 55 3 13 6 2 13 39 23 16 19 13 1 32 19 47 5 29 15 22 41 48 50 21 15 7 28 42 21 38 40 36 12 59 2 36 24 35 7 21 49 31 8 5 49 36 3 5 22 46 16 30 51 3 43 3 33 24 26 42 41 58 3 1 26 13 24 50 10 53 47 16 42 37 12 9 59 24 13 51 37 57 24 23 29 4 53 38 32 22 8 59 21 37 41 26 17 37 53 57 56 52 11 30 8 16 56 1 26 7 30 15 4 52 8 16 23 26 21 14 18 57 34 41 37 25 53 9 54 58 54 6 58 28 53 45 55 26 9 58 41 49 2 44 37 55 29 11 41 21 8 18 42 38 8 30 30 8 47 9 7 24 57 40 29 30 18 30 26 45 36 43 6 54 58 39 14 35 17 23 50 12 25 50 48 56 38 55 5 37 19 58 32 15 14 42 37 12 49 7 12 4 26 20 30 35 18 32 18 35 7 45 57 52 40 55 18 51 53 18 46 59 4 20 25 42 19 9 21 3 32 48 37 57 42 23 23 59 37 17 41 17 6 26 17 55 24 4 26 31 54 45 53 33 27 40 4 54 15 23 40 45 31 2 7 43 30 47 43 9 13 29 28 37 10 38 47 55 40 56 59 21 27 21 59 36 2 58 50 50 6 11 22 56 36 33 52 28 21 21 42 1 31 17 3 57 31 59 35 11 14 15 40 56 8 58 20 41 44 49 52 11 20 29 14 28 6 6 42 44 36 46 27 46 32 42 18 13 28 11 34 39 11 37 51 48 49 30 30 21 59 51 49 42 15 47 8 17 28 37 59 57 54 20 24 38 32 55 50 47 21 26 34 36 43 18 36 54 27 10 50 19 54 22 31 37 22 47 51 9 35 23 24 34 33 21 24 53 40 51 40 48 1 4 53 36 26 49 58 3 12 18 25 56 21 29 12 58 37 42 17 21 7 9 33 50 42 14 28 30 20 21 15 51 55 48 44 44 30 45 57 48 56 51 54 9 34 37 11 58 38 10 9 11 57 46 15 4 8 25 53 36 42 14 45 19 59 26 25 17 54 49 36 57 19 26 51 55 53 21 11 26 10 5 11 9 18 50 4 57 41 31 5 26 54 58 13 13 55 21 34 51 38 10 24 11 25 34 58 12 17 37 40 47 17 39 13 34 33 34 48 11 4 24 34 46 3 8 59 12 36 8 30 40 40 24 8 42 49 25 7 37 30 1 38 3 38 27 47 44 4 47 12 32 24 1 36 18 14 54 11 26 20 32 47 28 50 31 46 58 37 53 39 44 42 5 21 21 28 1 48 28 32 51 34 38 20 1 57 35 9 54 54 36 21 3 42 15 3 28 35 25 58 34 2 38 51 23 54 48 29 56 34 23 19 59 59 14 18 10 31 55 39 5 4 30 7 58 16 26 56 40 23 6 31 40 34 18 15 12 10 13 12 20 7 25 49 52 8 21 37 34 2 42 11 10 44 31 43 4 56 23 35 51 39 55 9 53 20 44 5 6 50 46 18 30 45 13 2 37 21 7 21 13 18 17 28 51 12 41 39 5 37 52 29 41 5 38 4 35 15 31 27 42 44 48 41 40 25 10 36 18 27 3 40 13 56 6 56 5 23 49 4 59 15 51 32 55 53 25 23 54 33 2 4 17 7 49 9 41 57 39 19 27 18 21 25 33 16 25 35 15 16 37 18 4 45 5 34 53 30 44 33 44 17 34 33 45 20 23 52 54 52 30 41 29 30 2 37 6 29 23 1 23 29 35 15 34 18 3 41 55 37 46 35 54 3 48 25 53 21 12 29 50 49 49 48 1 47 55 51 13 47 8 53 42 8 56 2 3 18 13 38 31 42 34 49 27 3 38 33 21 2 22 2 50 36 2 10 29 3 24 14 57 56 14 2 8 21 19 57 59 55 32 5 42 32 10 25 31 24 32 45 11 16 8 18 29 40 39 46 45 29 21 6 57 34 9 1 10 6 25 21 2 7 35 48 38 55 40 12 46 54 45 13 49 25 36 53 55 19 12 37 2 56 1 10 43 50 20 18 36 10 7 27 24 11 43 48 1 21 18 11 28 5 53 49 7 5 57 38 14 29 2 34 50 4 46 20 16 46 22 38 55 29 46 53 22 20 37 15 23 15 34 35 38 8 28 8 15 29 45 57 54 39 20 33 44 53 3 1 43 55 45 50 58 9 4 54 35 9 38 26 37 38 17 4 20 7 41 48 23 30 8 45 41 2 53 7 54 48 39 18 25 47 10 25 39 40 7 6 47 12 59 44 27 4 17 25 9 49 30 51 27 39 27 45 49 3 5 16 53 40 23 49 34 34 34 33 13 3 48 5 11 29 58 35 34 39 33 59 36 38 16 3 3 26 20 32 29 53 48 37 10 23 6 45 11 51 48 45 25 38 44 33 3 56 54 25 2 53 12 32 24 22 34 17 4 53 34 41 30 30 22 11 49 49 10 7 22 47 36 18 44 46 1 2 38 44 12 33 18 51 43 42 51 52 43 38 47 1 25 40 18 52 36 33 13 21 2 54 16 3 50 4 16 14 48 38 44 38 59 24 51 57 5 41 16 55 9 19 1 25 14 51 5 1 5 56 2 10 54 5 10 9 40 4 13 34 22 19 32 47 52 57 23 22 2 52 43 19 47 57 43 26 36 5 22 36 38 24 50 58 56 34 54 38 18 26 2 56 5 31 27 33 23 13 34 1 54 47 26 35 38 19 28 41 21 11 3 45 8 47 39 46 39 7 42 18 39 54 4 43 20 28 27 57 11 43 14 29 59 4 20 50 19 4 49 24 14 32 55 41 27 47 3 30 5 46 55 32 51 33 36 39 22 17 8 25 59 41 6 8 57 25 30 2 42 9 56 30 14 25 1 36 20 30 35 59 48 38 32 23 37 7 15 5 33 7 49 17 43 53 58 10 7 42 1 52 45 21 48 6 50 41 56 40 51 20 53 22 23 53 15 4 54 35 42 54 34 55 31 41 42 35 30 58 38 55 37 30 58 8 53 42 49 29 30 55 54 43 36 43 49 58 38 51 7 27 14 52 2 38 17 42 55 20 47 52 10 45 16 3 11 9 15 2 17 31 34 7 12 34 45 44 51 29 38 3 29 9 13 3 21 48 47 58 13 38 14 44 23 26 34 54 3 44 45 27 35 13 39 44 22 55 38 6 50 37 21 29 48 35 28 48 41 59 58 51 32 23 33 39 47 45 8 44 24 28 13 45 30 47 39 27 5 27 5 45 22 5 41 52 27 50 29 27 56 19 47 34 34 26 34 44 33 46 38 59 17 27 33 21 50 25 4 28 21 34 55 8 15 31 9 3 31 18 18 39 37 43 4 25 2 20 13 12 43 14 53 31 56 4 58 40 27 43 36 26 40 20 22 37 40 47 48 24 37 54 19 20 19 25 58 11 3 24 11 2 52 38 47 55 21 34 39 8 51 50 9 20 18 59 36 21 55 4 36 23 28 51 19 7 39 47 39 10 39 9 53 39 30 17 12 52 38 21 48 45 2 26 4 37 9 7 43 11 54 32 58 26 8 48 50 29 52 44 25 50 4 19 49 54 6 23 23 24 21 29 14 53 58 46 1 53 8 33 49 51 54 4 53 12 30 53 19 7 53 4 23 28 29 16 10 22 21 17 29 5 35 39 1 19 2 14 26 55 56 45 56 46 44 41 6 9 17 5 12 55 29 47 41 52 16 56 44 17 35 10 42 19 40 12 42 59 32 52 38 55 52 34 33 43 51 24 3 17 20 46 52 20 52 26 45 59 26 28 2 19 50 28 43 24 57 55 52 42 31 29 31 22 29 39 33 16 22 19 39 16 4 18 18 15 33 13 59 48 12 13 48 35 17 28 57 2 58 23 21 28 7 20 17 43 36 44 42 20 48 52 53 30 4 26 46 25 50 54 12 36 59 39 12 40 3 49 2 44 37 31 50 27 40 45 35 59 20 11 4 14 42 2 20 22 7 56 20 26 18 15 42 25 29 24 23 54 43 8 43 31 1 54 31 27 59 17 51 13 32 26 56 34 47 46 23 59 19 57 9 50 53 13 26 44 41 7 44 51 11 28 7 39 42 50 10 5 22 35 51 8 7 43 37 39 50 39 46 11 41 27 28 26 18 27 50 32 13 22 8 26 6 25 49 40 51 23 47 55 1 27 14 8 7 48 57 33 10 58 13 33 29 39 27 32 33 24 9 40 23 8 34 56 35 6 27 27 41 35 29 7 5 29 36 51 52 6 8 42 4 36 42 43 11 32 54 59 2 42 41 38 19 32 38 1 20 55 53 13 34 55 3 38 42 47 12 24 55 8 32 45 15 41 20 33 3 13 41 48 30 44 24 33 13 3 5 10 59 2 43 26 56 40 48 31 15 17 2 33 38 7 46 54 47 9 23 34 34 50 39 3 10 40 31 43 10 38 2 28 50 42 34 3 23 29 46 16 17 53 38 35 21 22 48 24 21 20 17 21 57 31 3 24 56 6 45 18 13 5 31 47 23 16 59 16 47 45 4 4 1 10 6 38 15 50 41 54 37 17 37 15 56 32 52 41 43 25 22 42 39 32 26 13 37 54 6 59 13 23 37 20 56 58 10 47 18 33 49 18 41 41 41 53 26 57 42 6 31 31 12 13 25 34 18 47 4 47 27 18 36 15 43 31 28 59 11 50 37 57 7 48 50 44 48 38 28 30 6 16 47 15 43 55 7 26 39 10 11 53 4 3 40 31 50 12 25 24 48 53 31 6 38 6 31 21 19 16 59 53 34 15 8 11 29 29 32 24 47 35 15 13 8 38 36 3 26 2 56 40 40 10 44 7 3 4 49 15 26 4 1 33 35 8 7 55 56 19 22 24 44 15 40 23 52 52 20 43 31 59 55 12 57 5 4 4 12 20 7 54 43 25 28 17 53 12 49 4 39 12 5 44 54 52 39 10 36 39 15 14 40 13 51 50 35 25 34 3 52 5 45 18 51 6 53 48 3 10 27 52 18 13 8 3 59 53 36 5 29 37 5 34 42 34 58 26 56 55 11 5 44 17 47 57 50 56 10 54 31 41 51 24 14 39 20 9 26 48 14 51 1 21 53 48 44 20 57 43 59 12 32 34 59 7 44 53 41 53 8 30 25 15 32 36 1 37 40 33 43 24 26 57 58 26 7 50 32 51 16 44 38 40 51 24 54 53 32 41 24 42 3 28 7 11 36 55 28 10 20 16 15 41 35 59 53 47 47 19 55 4 9 41 33 2 46 38 30 51 59 16 25 1 37 5 52 36 45 34 1 28 9 15 43 30 15 23 10 28 34 2 4 59 19 19 23 22 12 35 46 23 12 7 55 26 53 10 58 21 8 33 3 14 49 13 54 49 32 3 8 56 57 33 31 18 56 30 1 5 36 36 35 22 6 59 42 31 20 33 10 31 57 21 24 55 27 22 37 7 57 3 17 8 29 9 5 52 53 58 52 13 34 15 44 43 30 58 45 35 52 19 9 34 28 44 2 39 55 52 20 57 39 32 47 30 30 18 52 35 6 21 11 50 31 23 16 39 47 33 8 43 10 29 11 50 47 18 2 44 11 51 12 50 36 47 40 55 42 33 35 13 3 27 56 26 6 51 51 34 23 11 3 5 20 38 42 34 28 42 24 38 55 57 20 20 3 32 6 31 34 39 22 46 47 49 1 56 4 47 58 29 46 31 28 46 12 39 14 48 18 35 55 3 48 4 49 32 44 16 8 40 7 18 23 20 26 13 44 25 14 3 12 18 16 57 29 27 52 27 56 57 45 7 30 18 39 9 24 27 54 55 40 52 4 21 43 46 32 40 3 53 7 30 27 53 42 23 39 46 18 24 59 25 50 1 2 29 7 22 30 56 39 24 18 50 6 38 24 27 42 21 19 50 52 55 17 15 34 46 39 41 3 5 41 36 36 13 19 49 59 49 3 37 3 14 41 19 44 49 24 7 59 45 19 30 33 18 29 15 17 50 56 57 18 1 23 44 9 13 42 22 31 40 43 55 23 5 37 41 37 1 36 37 43 53 38 4 15 15 42 56 51 35 46 8 2 34 30 14 18 18 34 45 5 33 2 10 13 17 26 17 18 35 49 15 49 55 11 36 9 15 58 26 46 9 28 7 5 58 27 32 11 51 31 32 3 39 9 41 51 13 14 56 9 17 53 12 8 32 8 47 37 23 26 38 31 19 26 22 5 5 36 16 38 30 20 41 2 45 47 47 50 11 24 59 37 7 14 54 55 40 20 13 5 7 38 55 35 40 11 34 6 21 10 12 30 10 56 6 21 48 31 34 49 13 50 10 39 59 48 44 7 27 13 37 2 33 5 56 59 12 51 39 43 42 21 57 6 44 58 46 5 20 3 16 12 41 41 21 34 40 11 39 58 33 8 58 37 49 25 37 1 15 36 10 21 24 29 30 43 15 13 8 58 57 58 8 36 38 25 42 4 10 44 25 19 37 48 41 46 18 17 32 46 30 10 50 45 57 13 38 51 54 46 18 34 15 3 54 12 53 40 43 24 8 34 40 10 8 53 39 30 29 8 16 6 39 19 10 19 8 7 29 54 1 21 49 36 54 48 28 19 55 31 42 49 33 37 40 43 12 9 38 7 9 50 1 11 3 41 27 43 27 8 43 48 43 1 50 43 33 28 56 7 16 58 42 16 25 44 32 9 58 30 45 5 50 48 48 3 39 4 41 18 23 34 58 38 13 21 3 31 26 56 56 51 29 15 20 28 43 28 43 21 46 8 19 55 57 10 13 39 7 48 36 45 41 20 7 29 26 16 37 8 54 1 49 12 6 38 35 4 25 53 43 9 35 35 1 16 34 42 31 15 17 30 2 49 2 9 5 9 29 4 54 11 35 22 26 27 35 36 7 44 21 41 47 37 57 58 8 58 40 19 28 24 58 49 11 2 50 15 46 44 15 45 50 20 22 33 44 48 8 23 2 28 12 41 59 42 11 54 13 26 12 47 31 30 23 25 8 36 59 17 6 18 29 26 39 47 3 3 44 35 11 32 47 45 34 29 11 46 11 36 33 55 40 32 11 12 5 39 55 44 51 49 30 24 33 35 54 54 13 5 31 41 20 17 9 17 58 12 6 4 37 43 31 39 52 15 44 1 15 9 41 10 33 16 14 21 47 47 7 39 22 51 30 19 44 32 22 34 50 45 37 40 23 57 50 18 3 21 21 46 2 10 31 53 37 22 7 34 54 32 5 15 2 37 10 36 54 56 36 30 29 26 9 3 59 2 18 6 55 2 45 9 24 11 6 13 54 53 15 35 7 14 11 30 15 26 39 6 2 34 4 32 18 57 18 12 4 11 25 21 36 58 7 7 32 47 59 45 35 23 24 16 42 45 4 56 22 15 51 10 36 33 54 32 15 2 19 50 52 12 39 42 37 19 22 39 45 45 51 6 4 36 17 59 3 7 35 1 19 55 49 20 4 39 40 2 6 34 59 7 5 44 35 3 4 20 6 32 12 42 49 44 36 25 24 20 16 15 14 58 4 40 50 10 42 11 35 5 9 39 8 10 9 15 7 12 21 26 42 4 1 29 28 39 30 33 4 10 36 32 27 36 51 54 5 19 11 37 22 14 4 12 44 24 18 55 27 11 26 22 41 26 5 7 45 44 45 30 13 43 14 18 20 12 17 19 25 16 18 48 56 15 17 29 15 18 38 31 12 33 18 5 58 14 50 27 12 17 52 18 26 19 46 2 28 47 33 25 12 56 23 11 54 42 35 10 49 19 51 54 7 27 51 7 51 46 20 29 3 8 49 10 11 12 28 22 28 43 17 12 20 47 19 19 26 34 36 49 44 21 13 45 41 6 58 34 26 59 33 56 37 59 42 16 22 11 55 25 55 51 48 26 55 4 26 10 22 11 37 29 25 45 59 51 45 3 54 29 1 55 45 4 27 49 15 7 48 5 36 52 31 1 18 43 6 41 7 20 8 9 20 18 21 27 19 3 18 16 47 30 16 40 33 34 36 59 37 19 55 13 20 35 42 49 59 37 58 53 47 56 6 34 7 44 29 49 38 39 3 42 21 16 32 13 44 43 21 28 17 14 55 34 18 44 48 15 52 24 37 52 19 59 29 47 21 26 40 34 37 26 51 58 10 43 19 37 32 16 5 53 9 56 49 26 36 51 30 36 42 39 35 59 3 37 31 49 48 19 11 57 58 57 36 30 54 37 35 10 4 1 27 43 22 30 11 14 29 4 40 14 32 7 23 28 30 49 18 13 10 54 16 32 15 59 58 48 31 5 36 39 12 16 9 10 6 23 18 6 39 3 11 48 9 25 16 36 3 35 55 42 27 58 44 28 28 41 50 15 44 59 2 49 22 40 15 7 23 34 54 22 18 11 28 45 10 52 39 15 8 49 52 25 44 54 49 15 57 24 45 53 38 51 45 48 45 56 29 37 35 53 15 46 42 28 5 38 23 35 19 40 53 47 15 44 47 2 45 13 20 3 38 8 2 31 57 38 21 42 43 1 27 41 45 56 53 19 2 42 13 13 10 44 41 25 44 4 55 59 41 38 26 1 3 15 24 58 19 7 6 36 55 34 25 37 34 32 51 26 9 22 44 14 42 1 4 40 28 12 50 58 54 51 1 32 44 8 37 16 37 46 29 16 23 55 32 6 31 20 12 45 53 53 42 11 17 13 52 28 57 25 11 14 50 10 37 10 16 17 17 24 41 29 52 6 48 13 52 2 33 50 31 37 59 58 44 13 29 17 43 52 37 3 39 9 31 35 50 46 37 19 4 3 37 56 4 18 52 42 24 5 3 38 32 50 57 56 1 17 33 7 51 32 44 24 54 22 2 13 10 44 48 40 55 39 26 17 34 38 42 55 26 46 50 51 24 38 25 14 52 53 32 26 23 36 54 28 1 59 23 22 11 1 17 36 44 13 5 21 34 22 20 16 53 41 21 49 57 21 5 35 54 4 22 45 15 57 41 43 6 25 46 41 40 41 52 49 50 10 26 1 23 41 17 29 2 46 39 58 12 37 38 24 28 8 21 11 55 29 40 32 34 3 52 31 43 8 50 2 11 47 52 27 3 12 42 29 25 12 23 54 8 51 5 47 37 2 36 17 15 23 57 32 18 22 47 43 40 2 36 58 9 19 38 17 56 21 17 11 56 6 41 1 35 39 1 24 37 59 15 48 15 41 40 11 26 20 36 58 48 16 55 21 53 56 44 30 37 53 19 2 51 21 42 5 45 39 31 59 51 17 1 6 12 9 21 51 6 48 48 43 10 15 30 6 10 30 56 39 21 26 13 49 39 57 6 7 43 50 37 44 8 58 23 50 16 14 27 30 46 18 42 11 22 36 57 6 5 2 56 55 13 30 27 53 10 9 25 28 45 10 25 28 19 37 33 54 2 32 47 23 52 20 13 35 38 53 36 4 23 37 25 3 35 49 28 1 20 17 59 56 58 15 26 16 54 1 54 51 33 57 10 5 2 47 13 50 46 17 36 28 19 35 29 37 39 11 30 35 54 26 45 51 47 1 40 3 30 56 10 45 11 37 13 1 43 53 37 53 58 34 51 20 21 8 37 4 57 19 29 32 31 32 43 42 14 47 17 37 15 29 33 16 33 42 33 18 15 41 38 29 43 49 3 59 22 50 56 47 5 39 21 38 5 23 58 10 36 2 24 17 14 15 31 32 7 35 19 13 21 41 40 57 44 7 2 55 36 36 30 19 37 42 42 26 24 16 52 59 38 15 17 44 18 27 15 18 14 31 9 50 21 21 33 28 31 51 29 20 26 8 27 1 50 28 50 52 21 1 25 57 3 15 27 44 58 58 11 30 6 56 35 17 38 20 3 20 21 19 58 58 13 50 1 50 33 57 35 6 15 50 7 10 49 25 48 4 42 23 3 4 36 47 10 45 12 23 32 22 32 11 21 20 37 33 25 12 19 9 39 18 36 13 22 20 36 56 51 24 34 19 34 34 48 43 21 39 31 18 35 48 31 57 19 40 29 17 41 32 47 19 30 10 2 59 39 31 20 38 56 22 14 9 54 15 35 33 30 39 6 5 29 36 54 1 36 23 1 24 47 13 36 43 41 37 51 52 48 53 21 36 36 14 51 52 38 57 29 4 40 55 24 53 27 39 51 26 2 18 16 5 14 48 35 52 43 5 3 49 26 9 13 53 7 17 35 5 21 57 54 21 9 18 31 46 36 29 52 29 49 54 10 26 17 44 50 8 34 33 2 26 18 36 19 27 8 56 30 34 28 54 27 38 6 22 52 16 20 32 49 15 43 48 14 7 13 22 58 13 11 22 43 28 10 53 49 54 39 14 22 46 28 55 59 47 43 49 57 18 5 52 2 40 13 56 16 3 21 53 37 46 10 23 58 48 43 59 6 5 54 15 4 30 43 2 41 44 21 58 18 36 53 16 16 34 12 55 40 20 29 42 35 40 30 2 14 54 36 44 53 5 20 32 53 1 24 23 20 4 50 5 28 5 53 34 15 55 19 11 18 5 50 5 53 51 22 17 3 37 22 14 10 46 23 3 21 36 17 37 33 2 34 32 7 23 7 34 46 11 22 4 29 43 48 24 39 22 1 39 8 22 58 46 43 37 3 27 55 44 6 23 12 14 11 22 11 21 57 34 37 58 30 4 56 29 28 29 21 36 2 41 55 8 56 5 12 39 45 58 26 37 37 42 10 47 3 11 19 37 37 55 59 52 38 17 3 4 26 54 18 5 56 43 20 38 3 47 38 53 27 55 48 7 2 36 26 6 56 4 9 41 5 33 3 6 4 32 11 30 29 44 5 39 26 8 59 49 23 38 31 36 27 16 23 59 20 50 1 22 15 45 5 18 54 54 38 27 15 25 54 29 58 51 20 7 58 49 41 8 32 27 10 24 13 23 46 51 20 14 38 38 48 31 2 16 22 31 10 22 8 44 59 49 13 21 41 47 25 30 27 11 45 26 41 1 57 16 34 3 50 43 3 8 47 57 18 46 1 17 8 16 5 2 8 47 43 52 11 55 57 8 6 34 56 34 46 48 33 11 43 51 57 47 7 28 12 12 46 35 21 39 13 36 52 48 44 55 15 46 49 20 55 31 29 41 3 42 52 34 6 41 10 45 6 56 54 38 43 55 43 25 21 15 54 40 46 6 46 25 45 26 23 54 29 12 17 15 23 32 45 3 8 54 46 56 49 43 51 40 4 18 20 52 28 12 18 17 10 17 37 11 4 57 39 47 1 25 50 37 25 31 39 23 44 56 57 28 27 47 38 38 8 55 57 48 29 45 41 49 34 37 15 11 47 46 32 40 23 9 10 52 58 5 18 54 14 22 22 11 7 12 20 49 13 32 50 30 44 6 29 24 33 36 34 8 38 48 18 17 57 20 25 17 44 10 48 17 57 10 54 58 33 55 33 3 2 14 35 36 15 20 10 9 10 28 3 2 12 5 52 34 33 1 32 36 29 3 37 14 23 21 12 39 26 7 38 51 34 36 16 22 27 39 41 53 6 40 20 54 31 37 4 40 2 44 40 52 17 14 21 26 49 22 4 26 7 23 23 25 58 33 6 16 2 4 29 40 49 26 25 43 46 29 33 7 11 43 40 17 35 58 10 27 35 41 55 40 31 23 53 29 9 8 53 27 59 22 21 27 51 55 50 18 59 53 28 1 15 56 25 2 42 32 19 56 25 25 5 54 51 50 34 15 47 44 29 44 44 31 42 48 24 37 40 38 20 4 20 36 7 9 37 36 6 48 41 46 21 54 51 4 9 9 48 4 21 21 18 19 50 10 10 26 38 45 46 6 59 4 9 57 2 38 42 35 27 48 58 47 37 13 12 28 21 21 29 16 19 16 37 39 34 41 53 58 1 52 19 8 15 17 10 10 35 45 49 51 36 10 3 34 37 51 23 58 32 4 56 27 42 38 45 33 8 7 26 7 55 41 12 25 25 59 46 20 17 20 37 58 53 26 25 24 37 53 10 58 48 53 11 44 53 39 17 45 4 41 5 34 35 56 37 22 5 4 37 54 26 16 20 24 9 58 48 55 59 15 6 59 59 1 5 46 32 47 44 30 28 1 26 48 58 44 57 5 39 58 27 52 17 8 43 12 47 33 58 51 2 16 52 1 31 37 38 25 10 17 4 54 24 30 20 57 40 20 35 25 46 58 12 41 5 10 19 23 21 43 42 52 15 33 40 42 46 15 55 50 14 59 10 13 14 33 41 27 34 16 34 27 5 37 8 1 23 1 24 17 38 52 36 40 27 41 54 33 38 2 15 44 27 9 29 5 12 43 39 8 50 17 56 2 4 59 58 4 44 45 29 11 56 37 4 50 24 44 31 42 29 56 55 38 36 11 31 20 52 57 43 55 20 48 39 3 41 30 55 38 8 16 39 43 11 38 34 21 41 58 45 16 37 6 44 40 45 59 50 24 52 29 35 16 38 39 10 15 55 19 50 33 17 30 34 52 35 29 18 13 28 4 58 30 55 18 36 1 24 53 21 31 36 25 23 23 10 22 7 35 10 57 34 59 19 57 14 59 35 6 47 46 6 34 43 20 30 25 54 9 47 27 55 25 38 25 35 38 52 59 3 12 25 33 18 3 53 34 28 36 39 59 44 37 35 58 39 4 50 30 6 23 19 53 22 3 22 3 55 16 5 56 10 27 38 21 41 57 17 21 29 1 26 56 14 7 40 59 39 39 30 8 43 45 12 15 2 59 56 47 11 26 31 14 43 7 13 12 11 45 54 8 42 5 39 19 22 12 10 1 50 10 9 5 47 8 16 1 24 5 30 41 35 13 10 18 27 12 9 54 17 55 6 25 21 28 2 56 50 14 25 21 57 24 24 32 55 57 36 58 32 48 58 12 48 29 44 42 14 17 31 41 48 39 38 14 44 35 35 12 16 5 9 11 8 45 54 40 54 35 21 41 20 59 41 32 52 35 47 27 48 42 19 8 39 10 5 23 17 32 45 10 7 57 3 13 42 25 44 47 7 25 20 15 59 7 17 45 55 39 31 8 55 32 15 47 35 43 26 1 59 38 27 35 59 19 17 14 18 43 20 37 52 4 34 35 30 44 3 25 15 44 8 58 58 46 12 8 18 29 48 21 57 9 32 35 24 53 15 8 50 14 21 24 7 44 11 36 52 35 12 52 52 57 6 20 8 18 12 40 17 24 47 51 57 12 55 7 58 22 51 52 8 43 31 13 36 27 26 6 16 26 36 50 44 36 50 40 40 40 42 5 16 53 28 10 4 8 10 33 22 27 13 50 35 49 7 20 47 53 47 3 50 3 41 7 38 14 38 53 44 43 26 24 38 55 9 30 4 20 43 1 25 50 21 42 3 43 14 47 22 52 16 39 24 4 43 23 16 41 27 58 53 54 59 46 36 38 6 55 30 29 18 40 21 49 45 33 53 38 54 15 55 28 37 7 14 15 37 40 13 33 57 8 2 2 54 18 32 58 2 19 47 58 2 35 48 32 12 34 30 58 20 25 24 59 5 23 28 17 48 35 5 25 19 48 42 59 31 40 29 42 34 21 36 27 59 36 44 4 1 16 37 10 37 9 44 2 49 59 48 21 24 11 3 34 3 6 15 26 26 4 13 11 36 50 38 41 41 20 26 47 17 59 51 56 31 10 13 33 50 40 28 34 54 55 8 45 53 6 38 59 3 51 3 10 43 24 13 28 24 4 29 46 43 9 58 15 56 47 26 29 51 56 4 6 55 20 22 59 12 20 54 49 17 40 59 34 26 1 55 53 11 58 27 38 20 33 40 26 27 4 30 21 56 4 21 48 55 14 4 35 33 42 16 59 8 57 11 48 5 49 32 33 44 46 32 18 3 47 24 12 49 36 39 50 2 41 20 42 39 36 39 25 42 22 40 21 15 33 22 46 47 31 5 16 15 40 40 39 11 12 8 9 42 51 50 43 33 49 1 16 17 14 12 32 21 32 12 27 3 52 4 52 47 2 33 8 46 48 39 7 8 39 5 13 16 42 21 39 30 13 6 49 27 44 8 44 58 59 37 7 4 2 34 43 38 46 49 18 31 22 14 28 32 57 49 58 7 42 58 11 39 51 40 45 4 39 31 43 40 27 24 31 36 50 20 3 55 53 48 17 51 59 24 17 24 20 7 1 6 43 40 47 20 46 11 54 21 39 2 37 45 55 39 25 36 56 55 56 23 53 19 15 20 57 46 39 51 37 48 48 7 13 58 47 50 20 43 14 57 27 18 53 17 7 41 48 50 18 24 25 59 54 37 35 48 8 11 43 59 42 35 48 16 48 13 23 41 26 5 31 11 23 39 18 1 39 20 49 10 39 46 9 10 49 2 33 32 7 59 24 39 35 32 32 26 45 21 41 45 7 55 17 23 12 53 21 5 9 13 14 34 5 5 1 39 57 11 23 57 45 43 58 30 18 45 22 6 17 56 46 42 58 16 13 45 46 8 51 10 8 2 55 4 41 52 26 10 52 7 51 36 15 13 3 53 15 42 25 4 2 24 28 52 55 45 10 12 9 47 6 51 9 53 2 34 19 8 41 6 29 36 38 10 2 21 37 22 4 28 28 34 44 58 52 3 31 55 4 23 44 29 3 25 44 5 45 1 20 12 7 35 57 39 55 46 52 6 11 54 39 35 22 48 19 54 27 1 59 13 30 1 8 27 50 3 27 55 56 37 22 31 44 16 2 4 7 3 2 40 26 40 42 9 1 57 37 47 51 7 46 21 48 47 30 45 56 15 39 28 17 16 44 39 25 50 47 13 46 3 13 14 33 41 40 43 47 42 8 2 24 54 30 5 43 21 16 13 7 26 10 17 17 12 31 58 2 22 47 40 46 16 45 46 50 7 54 19 28 43 50 20 47 8 4 21 13 13 54 10 48 29 38 1 47 15 11 49 9 26 45 45 38 19 56 6 31 42 58 53 54 2 31 35 56 31 1 12 45 36 24 36 47 42 58 40 5 17 19 41 24 4 23 5 26 13 10 34 36 55 36 29 22 1 35 2 5 49 32 51 13 18 31 13 33 36 33 28 9 51 32 25 28 28 34 5 10 52 18 29 1 15 38 5 8 41 2 36 24 42 44 6 37 56 13 1 7 37 1 37 30 57 37 50 8 27 38 58 3 15 49 22 24 48 15 52 18 4 48 36 24 44 53 57 17 4 46 33 6 21 55 18 21 43 3 34 2 30 39 14 6 19 16 51 53 1 30 41 46 44 39 37 19 48 57 57 51 43 57 57 37 22 56 28 54 37 46 32 3 4 1 42 25 4 22 55 49 55 37 52 33 12 48 13 22 17 57 31 15 24 46 49 9 42 57 38 8 15 25 13 33 22 25 53 33 55 7 33 9 43 2 45 44 43 20 31 33 39 57 27 30 1 37 23 52 55 3 7 25 32 27 48 4 51 24 31 13 2 45 47 37 30 54 37 17 27 3 51 12 31 3 1 14 33 45 19 8 34 26 15 54 59 51 34 9 45 50 37 9 21 50 53 21 16 36 16 39 14 37 15 6 39 13 46 6 29 15 32 33 26 42 37 33 11 54 40 11 37 56 12 58 7 52 43 12 4 21 39 55 50 28 15 40 19 1 52 50 42 33 1 23 39 12 42 25 15 8 25 14 5 7 33 51 37 35 14 18 38 29 8 44 2 38 45 5 4 1 28 2 11 43 10 29 27 4 24 59 13 17 31 36 42 58 5 38 41 49 59 14 34 3 35 37 21 35 24 56 59 37 57 34 58 28 10 31 37 42 21 49 57 39 46 35 35 59 59 1 29 12 56 35 4 30 56 16 44 8 38 11 48 35 49 23 11 12 30 20 16 24 6 29 53 39 44 58 2 12 37 52 44 31 56 9 37 21 47 30 6 26 51 23 38 15 11 51 21 13 43 56 9 1 35 22 13 8 6 40 25 2 34 11 31 13 45 24 8 53 37 16 42 58 51 59 57 59 43 29 48 1 15 23 27 6 5 57 26 55 9 43 42 46 8 23 49 21 39 16 23 20 53 7 40 32 51 6 10 23 10 54 6 51 51 43 11 45 31 25 30 34 48 56 26 39 3 19 18 22 12 19 54 3 54 20 43 43 35 41 57 33 1 24 4 24 31 26 27 34 25 50 47 57 1 6 54 1 23 16 38 36 15 42 21 43 52 38 48 5 35 36 43 57 45 19 45 52 58 1 41 31 52 44 25 57 47 57 12 32 2 33 7 57 42 23 52 8 36 39 17 50 27 20 44 55 57 27 29 37 40 27 26 20 33 14 11 22 10 3 34 31 42 2 43 12 23 20 15 55 22 9 16 34 54 9 15 27 19 27 4 14 15 31 48 44 2 38 39 53 25 10 45 33 28 1 9 10 56 23 29 56 23 43 38 50 7 12 35 27 13 31 5 14 4 30 14 58 42 24 28 12 19 52 46 13 25 7 15 2 1 53 48 36 27 12 12 43 11 32 13 52 32 56 17 21 53 47 27 57 50 50 50 59 26 53 17 8 11 28 34 8 14 48 17 4 7 21 52 37 9 9 17 43 32 54 29 38 22 36 14 57 13 30 28 51 48 10 46 2 59 55 6 14 35 19 52 3 36 49 16 28 16 20 39 29 32 52 38 54 34 14 18 42 18 54 43 43 32 18 56 24 10 39 48 14 10 15 50 4 38 1 51 21 11 17 28 40 10 59 1 42 43 29 12 31 21 2 12 59 8 26 36 31 50 15 42 59 1 31 20 27 27 42 1 49 57 53 23 9 16 41 38 27 57 24 57 53 17 19 37 6 38 33 20 37 1 24 17 53 6 19 3 54 37 28 47 21 14 55 16 32 41 23 47 29 10 39 25 58 26 13 42 24 26 2 21 50 43 6 49 28 8 51 46 22 33 24 1 47 39 24 19 43 1 24 35 18 32 46 23 52 9 43 7 23 35 12 49 50 56 44 12 38 25 5 49 11 36 17 18 34 52 44 27 44 51 53 31 58 16 27 47 37 5 49 11 21 54 52 25 36 32 38 18 22 53 37 1 30 21 14 48 26 53 44 56 5 47 47 25 17 22 6 24 45 10 36 46 19 6 23 7 15 35 20 2 15 44 50 20 40 41 29 3 35 46 39 18 16 32 53 59 28 26 32 48 17 10 23 31 20 56 9 46 1 19 55 25 31 5 6 7 40 28 8 7 11 30 33 50 34 18 29 19 10 1 1 8 4 19 58 47 1 18 31 23 45 28 46 25 28 30 33 18 58 42 14 46 28 52 37 50 7 56 54 20 6 48 25 19 49 33 58 8 23 3 46 21 22 54 43 23 43 3 54 10 54 14 51 57 59 5 3 20 10 28 9 1 57 49 39 16 54 40 34 17 15 59 20 35 32 16 18 28 29 25 21 28 11 44 5 57 58 43 41 54 31 47 49 54 51 11 58 57 57 37 36 50 31 16 17 26 4 21 54 45 33 36 43 8 12 47 31 25 10 8 38 15 7 46 22 18 7 28 48 39 47 2 38 20 16 46 58 53 29 44 9 36 34 16 6 21 30 30 48 19 35 47 15 36 16 12 23 38 43 47 24 32 34 10 4 42 32 53 30 34 4 9 19 24 9 39 35 10 15 24 57 23 39 39 24 47 22 28 31 33 28 56 17 33 5 3 26 20 18 46 29 55 21 4 31 9 51 15 35 44 21 5 30 37 40 16 51 22 57 15 7 5 22 36 8 55 35 45 1 41 10 57 4 10 46 16 15 30 8 19 59 51 53 23 36 11 6 11 32 26 12 48 59 59 6 1 28 40 32 10 51 10 24 6 59 9 3 22 42 48 31 5 23 1 33 16 48 20 18 43 30 29 26 24 59 36 35 54 17 28 14 57 21 15 6 43 47 59 48 53 19 47 11 28 38 45 5 40 9 16 39 41 40 33 10 7 19 25 18 58 20 16 39 53 15 29 20 20 53 9 27 24 50 32 29 31 7 1 25 52 22 25 28 32 46 48 22 5 41 26 25 47 1 33 16 43 37 7 32 35 21 23 13 31 27 51 20 31 59 36 39 8 21 55 14 46 45 10 9 27 7 17 15 17 53 4 46 17 36 2 21 44 19 39 28 19 31 19 26 27 28 1 26 40 47 47 59 59 16 46 54 35 39 7 2 20 44 39 14 19 43 57 52 47 39 32 9 23 6 46 14 50 43 15 52 13 23 16 23 16 33 45 23 49 35 21 37 57 54 32 2 58 52 2 47 40 15 55 50 49 18 2 35 49 5 16 56 32 24 38 3 15 15 24 19 26 19 59 36 1 59 11 31 7 29 41 51 47 56 49 32 18 58 49 14 46 56 26 50 53 12 20 14 27 41 53 36 20 33 43 30 24 55 23 25 20 3 22 33 54 33 18 26 32 19 22 34 21 50 31 9 8 23 41 7 18 56 19 27 12 59 49 20 33 28 1 4 58 22 1 40 37 16 6 19 33 46 2 31 15 23 55 25 54 58 31 36 47 43 27 28 58 53 17 52 28 53 44 52 23 52 3 38 36 5 4 34 4 38 39 12 13 25 35 24 2 38 22 22 4 52 23 38 26 2 31 42 34 18 26 38 26 37 10 11 35 27 39 56 29 16 17 55 46 35 5 3 27 18 12 2 1 46 48 42 18 8 54 35 36 29 
// di
6213 7651 11927 13423 29487 13862 23610 28310 7024 7763 26714 17575 8871 1732 11176 5126 29178 12122 21197 26975 6153 26474 3614 28976 2478 17251 25043 27995 18853 23858 21164 16488 13000 4079 29955 13522 27399 24321 21397 10698 25372 21678 15775 22935 2159 28379 16952 15175 18733 25395 12165 4746 17676 3104 730 4765 914 24511 2962 14732 14511 17845 23557 18685 13208 14506 29994 21395 9150 4605 13574 24846 17059 7628 23707 22834 29447 14621 27467 23892 6354 10829 17003 663 9896 2233 22178 12287 3540 12242 15828 20900 11542 27756 19485 19616 17895 26680 24081 13220 826 18830 13086 660 16389 5703 17835 23561 9082 22484 26186 3482 23054 13853 2407 5466 19165 22291 446 3184 28650 26802 17927 12027 1285 25368 19133 17480 1481 13945 27760 18864 24847 25074 2174 21068 18885 13656 5926 8855 28478 389 7778 28189 18729 15252 19664 11924 3107 12374 22004 5528 376 8590 18597 930 25714 11284 13119 8987 16338 9956 24340 29456 2825 15010 18773 23547 13423 23505 20176 7790 16782 29655 497 815 22933 9558 17597 7166 13340 2345 10379 20697 29064 6077 19075 10728 4565 27878 27672 22178 24620 28283 13617 15977 11819 28859 19711 29557 22952 16824 29839 3220 1572 11447 22486 19159 26411 375 8224 18884 10190 27470 10587 10076 29480 22457 19876 4823 11977 21461 19392 29654 28435 15658 21425 3895 12944 3715 22712 24050 24314 3183 7612 28037 3705 26798 28072 23604 29353 11481 11466 5594 10624 4850 20270 2390 11592 29982 10688 2553 22360 470 26332 15062 21066 14810 13632 29445 20356 16586 18036 23635 17391 14814 17678 19166 23975 11231 11084 19818 22420 17194 21076 21627 10849 29739 23258 2958 28011 29250 28806 7245 27677 23768 5694 26915 26734 11127 26688 21882 2101 10629 10387 27061 6147 24959 12880 25416 14168 12502 24738 12712 594 4429 82 4504 16976 11543 24583 2174 28338 24420 16317 11975 6054 14851 27793 14307 8815 27373 9879 9876 10702 3301 24085 11217 29107 9811 23319 10321 533 19597 17335 6119 6612 6465 12973 27738 19637 4914 29679 7812 18078 20442 14445 5494 6608 20843 20763 11755 20530 16011 7254 11191 27855 29355 2597 8837 743 9851 2072 11220 6307 24236 21338 6029 11846 6831 12708 11038 21125 12674 25918 2181 24111 25867 14561 14942 6161 20878 7128 10663 12797 1098 8983 17089 3269 16645 9118 24208 17735 15975 28493 11458 6323 28951 19701 7317 242 29856 9901 17406 19315 18239 3556 25071 10313 5688 19455 4918 23250 22755 16042 11296 29279 4622 2321 5994 28640 13636 11572 1982 24477 4045 24626 4234 11063 27608 818 23731 24087 12691 1652 25897 6354 3016 3261 11617 19054 11044 7924 26544 26820 27030 21413 16100 13342 22445 2409 22093 26007 23811 10402 23521 1853 28557 8831 10429 26846 9674 27915 10364 11065 16917 3553 6669 16740 1503 1166 26401 8300 12993 13189 9130 24871 2473 17617 14475 8037 23372 3990 8702 653 24075 12050 5960 21421 10057 11460 2653 21858 24614 2224 28987 18502 3436 7391 7021 24404 19757 18107 3356 1819 12853 133 4024 3242 28248 22367 29962 15161 25312 14845 7125 14521 5344 10993 14726 17111 19656 11872 2357 3526 12490 11710 11470 17112 19778 16700 2245 1129 25634 25239 6828 28766 13285 11516 9084 22916 25931 20131 10606 5865 27720 8196 3507 23951 20570 20441 19897 784 865 19331 4680 20136 13486 1359 12832 19654 12514 19887 13586 23773 29188 20380 2635 16355 13593 28878 8927 26520 10573 21816 14019 23066 458 8121 7364 26012 27965 21245 23664 3191 16672 536 3473 16209 5481 2286 9747 5455 7733 6373 20889 15169 5937 18094 28329 15076 8524 10084 26492 3894 20620 321 11404 28113 334 16632 22091 14291 16484 3225 13314 6816 25993 17449 4615 29250 15948 1690 14084 11917 13044 25945 23537 12068 24304 28425 20530 15756 10340 27741 23051 27950 5355 4872 21925 1420 689 10930 10001 17494 25305 21658 5204 12287 29916 4592 29316 26929 22605 4531 20487 23316 1381 29821 1625 19826 4439 7380 3970 12558 19425 22126 6967 20163 736 10176 24197 12100 6770 23010 350 18569 24603 8334 7203 23461 13182 16575 9861 24522 61 16082 6061 21648 28022 11419 16977 14758 12169 16569 10846 19145 3256 25239 24020 1072 5336 10593 12394 23204 18959 22568 5296 8441 29390 21431 26484 19491 5950 17126 8121 1903 15588 18876 16094 29589 2694 2985 4018 9368 8127 18976 17772 6102 25465 21040 15228 20189 26642 2675 11825 22415 24703 19342 17789 5561 17531 20028 7688 5379 14657 11533 24324 3832 16491 6452 24823 11741 20162 16448 29797 11142 20947 20042 4785 15977 3111 26894 26675 19610 2638 3194 23849 24530 12452 4391 19436 13883 22595 1063 23266 15638 5354 12853 9232 3279 7378 3974 19495 13007 21510 15549 24244 6677 566 8954 9528 22800 19401 16081 26849 12942 4638 1773 18648 27090 7199 14756 25956 7294 8900 7866 2917 6144 21080 838 18912 542 22653 19013 20396 20300 18686 17718 7118 596 229 1049 14368 20351 105 22765 25323 20945 424 7309 15138 5219 673 21401 17027 6837 16422 8390 28601 24540 6815 17444 13705 27127 9458 17222 20105 7076 7610 7161 4000 23780 25549 27882 7359 5350 19881 2823 29235 13430 8984 17090 19070 23118 6865 24860 21339 6949 2574 27201 27710 12047 26747 29886 4470 20533 24395 22938 7169 3784 1139 29987 14230 23695 3913 17428 13096 3008 28045 19481 29086 11871 2801 10044 2250 6978 10421 14709 6295 21052 15550 24176 21891 27041 18189 8041 17557 3130 7034 18055 27111 12728 9039 27689 19207 8880 22961 10154 719 27070 12911 29627 3287 28681 27450 2580 9989 10496 11426 26289 3239 26685 28859 18224 8010 8081 7169 15602 22287 29953 27100 10607 6507 15692 2676 27074 6252 24852 17253 19865 6920 10107 16921 4818 13518 155 5915 17964 23293 20345 2304 14824 15931 28533 19507 3391 17688 2789 570 4382 8140 8263 23001 8 28317 8244 11566 19561 19060 26696 17506 17329 9193 20653 24377 6317 15038 11877 25910 4959 29389 16349 19038 3350 19722 11079 4511 4390 392 18562 14514 5027 23202 27019 16321 26768 22029 7381 17598 27786 10867 941 7561 10783 23236 21533 26705 9257 2837 12287 16643 18326 26464 22819 16413 6784 919 16583 2617 4508 1007 16124 23845 23328 7381 4867 23963 19872 22209 16868 26074 17505 1585 14128 25831 10021 12939 7383 28490 7458 20911 17956 26609 17066 24705 28154 9040 22189 19184 28194 17140 4899 14769 12378 17351 3035 1401 4451 12757 20335 12676 22347 15075 13906 1592 23674 3770 3682 12425 21304 25972 24005 10332 23560 29454 14144 13109 23621 1005 9075 12885 4563 17978 16099 11216 25926 23938 1529 28550 27416 24809 12705 24818 26114 17936 8950 13561 16302 4094 2152 19888 9706 29824 14792 21394 5035 25337 14549 20695 20081 20749 14004 16535 9995 8886 23474 16924 21291 8903 26506 7181 22847 6422 25297 22237 451 28900 28890 15247 1713 13204 26529 12518 7284 16311 20074 6811 5325 19647 8503 3515 2309 25681 6609 1001 20246 9654 22172 1488 19002 14803 897 20136 18961 5243 16150 3203 14206 26217 6204 1948 20292 13257 27204 24836 15110 6294 18093 11163 14146 13245 14281 11032 20577 14141 7803 29229 26444 10332 12265 29629 14876 17364 2045 24104 26339 7969 22808 28645 21128 18791 6865 3777 8262 9278 26753 8319 15052 22484 18763 21560 28746 13889 20832 1474 26474 25096 29468 9345 21303 14430 26199 8605 22509 11200 23434 18719 1971 11819 6261 7048 28294 12550 12978 25389 8601 18150 13732 15902 20861 10630 20016 722 1358 19379 5273 255 10694 17540 20522 29435 7649 11577 18670 21502 2915 19149 25201 657 3875 16529 9660 25369 15173 21500 26177 18864 6458 4259 1915 29512 1806 6745 9919 20835 23617 16942 17125 29567 5727 6631 20913 11301 29276 13401 27357 22902 24579 13420 29497 19551 7074 29993 24771 10382 14088 821 9906 7710 23289 24448 28528 15039 614 22284 15979 11853 14502 3117 2836 21141 4699 17486 6638 28083 9523 3934 17112 4043 6638 23236 27428 11918 24230 10221 5450 10242 12264 29491 14442 21764 27076 15620 13915 27823 11428 15101 22104 22105 6323 18793 9589 7989 23026 16978 29830 13541 1281 8822 13541 680 971 11534 1605 19601 26843 19317 5472 25370 5062 26146 27144 12622 7343 10793 4649 10289 2457 29686 6733 20152 29062 24632 1726 12907 17159 2157 22856 15999 20334 16774 28516 2335 11901 958 28365 12474 12783 4205 17626 9228 5117 16118 24387 7630 11548 27006 12008 20897 4310 7734 22485 16138 7149 2718 20997 10522 10630 20805 5487 9678 20876 10912 2070 5383 25233 7571 16969 24139 6179 14955 28175 9462 12108 28336 25242 25890 9650 12817 22184 8401 27082 21679 11242 16216 11029 27280 19431 16397 14392 6682 2293 18915 16173 25049 6858 24206 3782 7148 26198 5283 5716 22716 11276 23852 9789 4998 13449 4971 1086 22876 7059 13087 4209 13043 14570 9961 19358 23320 26746 5730 22990 23514 9189 26173 4300 17161 10880 27296 18850 9387 7197 18670 3713 20965 3488 6598 29019 14710 25980 7333 95 837 1140 28619 29588 19079 4530 22590 20979 28795 3468 22913 21265 9173 24525 29911 9696 29888 5906 6257 17025 10329 29715 26679 22290 27039 21181 6249 27873 18217 5957 11787 13939 25139 17505 7658 25769 13843 15275 4640 13198 27526 9668 1431 6260 11782 10910 7097 2734 3167 15020 8363 8791 13368 9217 2153 569 29893 518 11373 4875 19905 15657 21522 6269 20201 16861 24860 3519 11076 16436 7874 22342 11654 8561 27873 4766 16163 8704 7131 1200 5632 9328 19097 3899 28153 7850 23017 14259 3034 19162 12445 11212 19390 2309 5408 8623 14884 4539 22679 22777 27594 10252 13102 28276 6589 12040 15830 28912 20664 845 27049 8078 12914 22816 23626 391 20054 25128 27445 16027 27262 25954 24219 10447 5999 14110 5651 12964 17981 3569 25951 6132 9239 23380 24234 28288 22512 7230 6921 29315 20109 1193 8313 28933 26388 22308 7350 12227 28268 28162 3813 9603 17482 21213 2315 17347 26414 12815 13659 5954 12757 10295 7008 9191 24367 12738 6798 3133 20515 16469 5702 8272 29867 26029 1121 6445 27205 4058 7225 27969 4035 15694 2764 22448 8514 2949 18247 5294 13069 2687 4785 24020 14458 13162 26580 13649 25924 7787 4337 6075 24103 10921 13939 1754 559 4154 19838 5579 18274 28054 10760 7082 26619 26994 17849 782 3836 20164 25893 7165 9936 9211 2303 17490 9746 13888 21448 2372 25139 5614 16476 28767 22654 18340 8838 26933 24081 22391 4494 24596 4895 11646 29685 10761 3329 18437 7695 3050 19471 10377 11145 29838 21040 7288 774 24973 21498 14833 27359 1887 28887 14994 19158 7339 4843 8773 16757 25401 8944 28320 14855 23249 13043 16204 9548 6169 14900 18305 9340 838 7924 1527 29790 23459 29771 89 24495 21393 13341 4202 13175 13394 25454 11317 26935 19544 17687 13317 5236 23178 16306 19934 2765 2007 17348 21984 7070 4460 1723 2438 23908 18995 15439 14470 16563 28183 7686 23982 2616 16837 7036 20163 19434 10705 29668 26697 14487 20851 20626 17264 25113 14993 1112 21022 7012 10059 22062 29769 18522 1460 28429 13920 12982 2377 7934 1997 6802 10596 29994 20999 5272 5154 21214 19427 12002 10119 1380 4993 2086 17445 8132 18331 26006 12306 29251 3451 10664 3450 18641 7506 14649 20028 16238 1012 28604 26008 28131 23536 4814 3515 3232 17163 22446 25033 7821 10673 2225 27289 22270 22751 15596 27794 23465 13149 4548 27530 26558 13962 8760 24875 18296 20470 17750 25685 16323 8217 17622 14751 23714 11459 7323 7560 19143 9070 26032 10580 11168 14884 7538 26173 14695 15520 7163 4245 29028 11355 19414 23342 15068 3447 10108 22149 28367 12352 5829 1299 18488 21175 8125 5686 3891 24763 22995 24074 9313 3101 15057 307 17709 23511 27781 23134 17638 12247 1293 5603 20700 22999 12785 1937 25254 9949 14863 16782 3217 27854 19921 23443 26246 1517 24337 24233 12732 8241 16708 28583 4997 28977 8622 973 21203 5588 993 17969 3886 66 14686 993 1670 1711 14523 11127 16068 9521 22595 28157 16933 28217 3943 8301 3168 15705 14793 25289 16690 15594 15468 1235 28823 12930 19242 6502 29625 17366 22422 4272 10811 7139 19446 14352 24390 3352 14594 16019 12353 19635 11194 14751 24184 19153 26504 9253 5843 3985 13110 2496 25248 8301 5965 1618 11923 16179 6740 25631 11035 9407 10551 21001 15514 9042 9951 26365 26933 7598 10852 18837 27546 1532 22188 5357 10174 4481 2378 13244 15375 23568 16683 17853 27792 27761 7997 26107 15922 4670 20094 21742 18764 26566 23057 20656 29655 20435 16478 14783 21081 21005 16112 3174 3628 12248 11023 7774 15806 28303 5883 22183 6097 19531 15471 21123 21439 28456 15188 3860 3551 23479 5141 25570 15954 2461 6577 14976 28062 1511 5043 5448 25783 12640 13687 2266 18641 835 479 1687 23171 7420 17251 11355 18237 158 16868 13075 3904 23272 12200 1732 11775 29788 5441 10036 29272 22676 26177 25330 18708 11353 336 12915 11814 15994 14189 10834 891 25772 10488 21193 28012 12798 27656 18174 27717 1882 6629 14504 16791 22519 12413 23142 15277 17058 25325 4473 14493 12515 15656 20939 27111 15528 18184 16676 10749 26407 519 3100 2040 7182 10729 8725 19350 10948 29013 28048 25565 4989 4721 5005 20461 12805 2962 22075 16498 29246 1606 10620 19837 2116 20998 16675 20011 3026 21690 8285 4958 11930 4409 12392 14181 15089 1700 15267 23400 8033 23375 9249 17026 19090 198 5061 138 10209 4918 5380 2913 11786 5681 16415 17363 21321 4226 26261 28923 1017 13830 22080 10581 7285 18595 23230 27285 2937 28125 14672 21881 29088 11592 14484 9038 19162 6557 16996 29091 155 20103 29255 26034 11588 15345 22410 4885 21715 8418 20958 10538 14128 18023 8426 16035 3805 6253 23825 397 4583 8374 27263 8941 12449 27273 8365 14021 438 627 22117 28221 3354 28461 22710 3658 25616 4937 22758 838 29776 12258 24566 27362 9838 10957 9952 5917 21783 23136 16337 27595 27948 22578 5740 20454 20157 3914 26719 4570 27011 12505 26544 20206 29786 4223 24981 13688 10869 26924 12480 25824 14589 3806 17826 22822 12841 7758 5831 28854 3127 22912 14127 14809 20942 23082 19264 13485 7600 6753 20364 6722 8930 26693 29022 20696 1281 27163 10906 3651 29918 17071 25489 5685 28850 3206 22581 23777 13354 4901 19044 11368 10744 14988 2506 24896 27539 18386 21615 11814 7609 26615 12036 10080 900 24167 22116 23035 1474 2694 20670 25600 20341 14089 16103 28005 23793 16829 21892 6762 29601 13338 28326 27095 4265 29214 20368 9069 29991 426 3220 3383 29309 18849 21413 1103 9795 29815 27060 29848 27730 12242 4901 24757 19580 4010 2774 2056 22563 9482 26179 18404 21269 27791 22454 27321 2097 21205 8763 2701 10211 20154 18533 13884 29642 25328 21228 6982 29236 23350 27277 6226 29036 6312 5492 25695 15877 4283 20327 12177 22439 11848 6716 5118 1655 18129 20681 2814 14155 10881 10855 17953 7247 23152 17486 25563 23554 1267 11878 20704 8162 4722 26195 4071 14755 1082 7704 29962 16170 17881 9591 2729 26814 19489 18534 26791 361 2150 23619 6506 11542 9530 11995 29904 18363 29910 19767 20182 5742 4642 19330 12170 26881 1479 5483 17743 24395 17853 13916 11830 18640 9917 7716 17381 13944 20005 17438 27218 2231 24462 6459 20183 15415 10547 8145 826 2470 3814 28113 26530 7368 18966 7537 1245 27658 4515 21403 21026 10220 29722 22773 8062 22156 26762 23302 11787 15104 7616 14949 2506 12572 9658 29012 3317 29497 6927 14363 8933 27347 6302 26778 19002 23275 23830 11718 8813 27764 17672 4539 28411 335 3970 25041 29953 10255 24062 28850 22922 8844 7404 23831 27119 25803 24437 25937 17094 7904 10274 25798 1423 26877 22617 6629 6637 26644 26659 28063 9559 28799 1961 23356 17435 2517 13973 24003 4581 18796 16068 25229 13291 10983 17109 1687 16606 15799 24128 9242 2351 4451 7645 24015 3427 22112 1349 10100 6381 29486 7749 9478 18199 24949 12322 3876 19740 2769 3249 26201 6537 5609 28180 8897 17817 8291 3996 13120 12504 8092 10851 28750 13015 19295 255 8477 28394 25716 14383 26406 19970 11908 9745 12500 18074 2118 892 19433 28516 5599 5650 14625 1755 15880 29764 12671 877 18320 20499 11143 22775 24406 21922 2840 20138 13890 23746 19605 4382 11391 12994 3258 24806 28046 13257 9151 21367 7676 16231 1571 20266 21793 17785 7897 3992 21974 2268 29184 9028 29924 3449 25961 26587 4603 28698 23110 25628 3560 20502 28722 28041 27147 6290 23706 28315 9707 6245 10903 29882 18400 11330 28491 906 10558 7547 5886 12153 3400 15559 3360 18260 11415 3137 6871 10346 13271 13793 22834 27171 1672 13622 7655 422 20602 25877 15764 26422 1657 28032 8884 29801 16830 8128 23873 5531 9339 22666 14727 5893 8156 26593 5028 17283 6967 6220 18603 19202 10825 1897 24183 18347 9213 2648 18006 188 15452 28417 4920 17339 21646 10381 27398 5371 1656 8421 12719 23866 12408 19437 27715 6632 26886 6566 1231 29925 26728 4997 23421 23708 17260 27725 21018 19482 18282 21559 16357 26506 2358 22123 3400 2661 19313 19310 6899 1451 4237 22150 14927 10985 11630 12996 24783 5630 17346 2690 22033 4100 20048 21794 24182 25131 7445 23206 25721 14056 18329 17012 23186 20688 25084 27829 20987 772 21031 4093 21736 7092 10493 24472 29828 17701 13684 4109 5746 21596 12695 26465 24218 20333 15245 29342 15247 19439 4140 7380 7506 21352 26430 28868 7630 27505 11046 28478 6246 8417 6707 78 6719 858 11616 28292 23138 10724 10838 10559 12922 22280 13032 637 26915 10330 3937 6297 3630 17887 13249 2156 26256 16702 25675 26741 27811 10107 19997 16421 3690 8661 11964 8856 2806 468 12763 18839 11484 16303 20256 4869 11715 28747 12843 29762 12516 5896 20115 27948 1637 19880 27744 10149 21225 1978 24783 6716 10343 17557 22180 26270 21989 15388 13070 21511 10981 14002 28159 25537 4165 9006 7149 6951 12448 16262 27194 7519 23702 2963 11206 6919 5161 28827 9719 6196 24153 6454 10487 22254 28532 25358 114 22807 18298 11102 26714 3678 9227 12017 11964 22947 16974 24744 22849 941 10214 22324 22200 2421 24904 21355 23845 6206 13506 26032 24262 25242 27020 26411 20108 15661 574 2899 4191 4609 22100 23798 18989 19426 28389 7021 10043 20771 10889 6694 10142 29883 20333 3080 5416 6385 18566 14326 9157 8491 5208 28942 10884 29109 11909 28592 26351 29798 9443 9702 12269 19270 27793 5188 6120 17944 28069 11890 5878 12877 15678 17069 2783 20570 22704 24470 1713 28334 21463 1374 22182 14617 18482 19741 23905 12236 17794 12580 15200 318 10593 14788 16883 5092 14368 4389 1126 11454 25274 7686 422 17086 5907 13525 10297 23951 16963 27275 16312 20955 27041 18155 21004 29758 23282 15805 22300 21329 18687 18583 16457 13207 25101 21994 14668 25095 25752 26281 19524 12272 25979 936 20469 16290 2565 16833 8290 20863 19966 2139 24756 24733 11321 10981 21015 6106 22551 3419 6827 23779 11010 27183 3531 25150 7983 8448 18806 24874 8812 24584 29864 608 22599 13115 10036 3167 5381 23172 11180 6789 809 958 28687 15875 654 29198 24187 26126 16545 22664 2015 9436 5206 18389 10526 25315 9867 26344 9602 2005 12874 9451 2592 7083 8386 25468 26302 27577 596 15915 21001 1339 21336 979 4500 14504 2881 20793 21868 25003 24417 25323 5297 26278 24739 5479 15997 8004 8627 11917 3281 9682 9681 28729 23179 6048 25953 24754 22216 20797 4249 21887 15186 27216 26087 12659 27069 18905 2880 16914 29387 23305 25744 29158 9162 6293 29195 10387 19338 21227 27135 20122 23081 1871 25808 11701 17553 28052 9093 27459 58 319 19519 29839 28948 4957 3686 9274 5423 9651 10426 14651 14390 14189 2556 12350 538 6963 14018 21932 880 1237 210 22647 26983 19539 15706 25207 6684 16769 10939 27272 6915 16043 27466 24904 15171 14721 2411 10331 6933 17353 19196 20592 22772 22661 15675 27299 28348 18775 21819 17678 6274 5796 20651 13297 4362 14711 18838 12223 25175 17711 22413 11600 12351 27896 6953 17866 25011 14274 5749 753 22182 28682 15925 3420 14091 10006 962 14114 6413 25603 6315 28299 21249 23799 23619 5274 18486 25758 19239 5316 6416 14022 9659 29269 13238 9739 7947 2126 17356 14552 19385 18937 13348 21510 3547 11813 19119 14160 10375 27913 509 2554 10866 3290 27976 9413 11438 11960 4400 5091 27465 20535 5326 20466 16492 13688 11757 21854 19039 20731 19688 18509 29831 12607 5787 5311 4657 4830 27953 8697 5325 16999 14099 3258 2582 23086 12546 20979 29183 17898 13392 23459 2487 3247 4804 25664 11248 5444 2898 28347 29242 25592 20940 14322 3781 9581 1320 3689 22013 17812 16462 8945 21855 18665 14459 7750 9152 18716 22814 10490 22033 17329 8248 29813 950 7899 18049 26580 11302 11566 16872 23915 16488 4525 24687 14552 9616 11815 12966 23249 28157 18829 15884 20089 3827 25962 10361 18092 5533 7572 22271 28839 4842 28639 9834 16691 13551 16543 24804 9616 10005 29751 15817 12021 28918 22235 10137 27839 26442 9184 18790 3797 25558 8091 8321 2004 25981 25016 18385 656 3412 9331 3800 4367 16669 9106 26162 22322 613 26922 2383 14930 2523 11161 7225 29481 9766 2046 1669 16322 11029 26433 8212 25289 3398 6384 5652 26763 13156 34 27972 9252 16750 12802 12863 14560 20882 271 5401 27272 22976 26872 4000 23024 18043 10798 21957 14685 6 25131 23775 6635 9809 11466 11929 22592 13404 15146 29236 7244 5350 17488 28364 15892 3954 16101 27635 27465 12441 1115 28218 17167 13597 28143 19636 10939 28206 3383 23615 9798 28935 26121 28568 7810 13588 22270 21046 22668 10129 8704 24525 29418 22831 5473 9947 27622 26010 24879 15529 7313 4733 1638 25691 28850 14735 3878 23244 5967 27632 19386 22902 14425 28346 25200 29627 25178 19800 432 16397 28033 5590 17458 8744 425 20954 18578 26754 2428 13263 10003 19778 22907 3305 10785 13145 18125 321 15663 28118 21941 24166 5300 7878 20076 26455 8403 13966 11142 7157 24778 25999 4476 28652 21152 6836 6692 13367 8616 21887 10657 8943 17434 27167 2281 7719 24250 5861 17157 23894 14831 2936 18003 13210 24240 6438 16389 26446 19936 21694 5550 5308 19510 13034 5261 28228 10792 6271 19952 13061 4126 7461 21422 8246 20902 1954 13739 1839 5076 7609 27394 25392 17548 28172 28827 2865 958 15122 8593 3767 25825 896 5574 1474 28454 28184 6614 7456 20579 823 13973 13838 28689 25791 9171 25496 9371 15495 4083 24499 15609 8790 3459 16349 9490 18774 25513 19217 19019 21730 6428 25582 26986 22355 9215 10631 8770 24376 17664 29593 15743 22389 18175 29820 4806 16633 15299 26181 21057 2704 11818 16495 11909 9503 4558 10402 5078 25246 18729 4129 2370 21040 20326 20919 12521 4740 7141 12751 22075 3797 12794 281 23632 2862 27225 7145 21353 1787 10205 2399 29329 15101 3226 25316 27193 21012 14573 8711 378 28814 24798 4683 11984 21617 25313 10844 24232 27716 26379 8854 15232 25026 18255 9912 16271 19092 16895 20191 25733 1570 5412 22766 3407 624 11308 9479 25144 29445 2896 19526 27840 74 15891 14285 21249 27238 22651 11169 22840 7092 6136 27824 24497 29231 11306 18871 24983 19262 25267 25307 17276 27093 4878 29578 4173 16979 6486 21332 4667 15814 11929 16735 26154 14178 20118 21080 19887 571 21292 20243 14841 19540 22517 11855 18129 29196 12095 17469 23425 4470 2460 13109 3565 19865 27269 6611 12795 12907 10043 25730 9230 130 2006 7653 28669 28139 26210 11664 7979 7131 7100 5978 2768 24574 6147 19987 9135 25969 12037 22116 28947 21547 18904 15683 6604 19212 20231 16343 24561 23501 12825 15390 23847 13501 16779 10090 9177 20821 28245 20877 4485 12666 17410 9078 6634 21739 9093 6848 24647 11740 10970 28591 6634 942 11605 25765 13778 9093 9891 21669 23117 19788 29366 17224 4490 6247 21024 16997 20236 5413 18100 16323 17206 13724 17022 7858 19497 28204 10703 19626 7882 24475 16870 18838 13154 1384 19525 24274 6084 18715 21337 21606 13368 17813 1232 21407 14645 25769 22215 122 16545 13491 18779 27706 16259 14080 27862 23401 12211 4359 9468 7482 15919 11383 19097 16929 27633 15634 26341 16079 15275 19704 14191 10659 10877 15321 23831 29952 7456 26158 3328 13691 27584 25653 29641 22303 18290 2931 311 11277 8405 5793 10732 3312 9127 21336 25684 7911 23397 14797 22716 16865 15192 26361 22783 13338 18004 27806 29139 5385 1370 11430 22453 4726 26699 23237 20657 20309 5261 5343 21085 3066 20689 27499 12937 27790 28440 26353 8964 27284 1185 22923 5004 16438 5558 23897 4648 17323 29565 5641 9789 25607 18625 7375 6523 6720 8004 12459 19963 29326 19619 26172 27280 25245 22713 22232 644 13064 19649 13412 8872 4759 23904 22063 28396 3175 574 7797 1730 11728 22887 18463 14122 29877 2074 953 19117 579 8400 1638 19195 19886 11676 11631 19849 21442 14271 23392 23217 12659 29527 10914 19063 26247 14207 24586 24431 18537 29062 3746 9802 3325 16613 9029 10132 5160 12473 19402 23567 14639 10158 14623 25479 9973 22124 14165 18558 291 221 18582 11853 11340 16610 9579 13000 5209 9933 5340 21653 8832 24814 2818 10587 22215 26592 15130 8159 22475 13384 18243 25736 18202 14615 2293 25594 4730 23464 8287 10135 2270 19953 27204 4719 17905 23377 6049 5450 23785 17212 26437 892 4627 10602 275 17818 26719 22146 20222 21031 7107 25181 17576 12011 7359 19379 26360 631 19021 9577 6155 18217 3178 1653 10558 514 6478 29749 11304 19116 26341 3556 15345 29014 24082 19691 13763 12848 15848 28601 16798 28491 6134 17534 8368 6212 14370 13950 11631 18429 14323 17634 24884 17769 14108 20177 14224 27252 6838 9033 3609 17077 4586 18654 13536 22786 23608 9451 15464 4127 26255 12605 21199 20642 27406 28890 18545 12188 1058 17220 20574 515 19515 19612 16268 25099 11375 27321 5369 14462 17819 16758 19342 26664 20406 8145 8752 12365 16830 9580 20325 945 21456 2859 12351 24947 4827 23540 10078 22551 10237 3515 26286 1255 29431 23945 16006 3536 4817 19373 12347 1074 17174 20697 10865 27243 3019 26125 9834 5361 20187 18841 9642 7359 25422 10826 15317 7941 21544 8721 26289 5064 15975 2911 17642 15579 10295 7438 6612 25294 24618 17886 26050 20902 12027 88 8988 23162 1215 25973 21226 16004 17919 6327 8584 12068 7254 24037 5201 6648 25894 19091 27811 17537 6092 2890 5294 12733 26975 22045 1101 16791 4715 28836 15833 7533 15601 6650 17011 28141 28699 5890 22852 8120 10994 7430 23542 4692 18680 7986 3442 28453 11179 1786 15801 3601 18467 17911 17994 12208 23044 13700 28217 10518 17815 741 19304 10933 6925 12968 24208 8044 23833 23073 28846 20333 6422 11469 23258 9914 2103 8133 9276 23617 9029 8616 19725 15943 12195 3083 2081 11882 23432 20169 17154 23361 6856 6058 26169 27686 19564 13135 31 29637 28453 1598 19039 24773 27360 5716 4217 16706 3158 22851 3988 8810 10266 28243 14188 25024 15323 17629 240 2209 21777 22679 11890 23733 10217 26091 6259 28722 18672 17554 6534 27128 9349 17915 3461 832 500 19351 6721 3436 4763 844 26813 12615 8790 28186 27650 18889 24633 6619 2973 12241 6654 13796 20034 484 2669 1269 21153 22844 23036 6678 23454 4724 23956 11019 5884 29015 14622 340 503 3763 17551 18268 21240 12097 6223 18072 16291 27141 13522 29036 11607 3303 21467 19667 16109 21749 22003 3101 8408 16099 4202 20396 29616 29350 16782 14459 8393 16678 26242 28219 2313 20059 20344 12224 7294 10738 225 2901 27854 14912 12672 19913 17091 8481 26880 29963 23316 7926 8018 27084 27082 15296 21050 7303 27933 19262 21059 8634 18145 14869 12498 19704 11191 18818 3960 20610 28430 19970 329 10262 22157 10697 8748 1897 7725 26122 13014 2301 10881 25738 11590 24109 26259 17162 28852 15488 28436 28967 8188 14467 29704 20446 9362 2502 22015 3536 5800 11583 18577 27042 19956 24984 20907 27188 5957 25830 18452 28360 1048 27999 23892 1947 24140 1701 14654 12531 23296 9536 21521 28482 18566 10190 4660 28923 24256 12901 6148 11826 20503 16975 6682 2124 8365 3625 3265 3009 14035 3535 2056 6291 10499 21127 15195 11809 19820 8739 9801 15915 22230 24253 7118 20978 24260 19098 7271 9328 289 24239 28643 3996 13056 78 24642 10737 5009 14076 24275 18710 15459 28841 15341 11165 25625 28095 19897 5325 5475 22666 16375 24496 27267 27623 28059 6613 478 21422 5460 1157 1577 18025 17132 20566 29932 16968 2566 8482 28890 11021 18420 9905 16187 6026 14644 15193 2216 24151 1534 5498 23445 21389 12750 11068 26358 21687 18678 24651 20449 22647 27399 23694 661 24717 26183 20159 27151 25979 7555 16186 1684 9384 4871 26926 22879 12052 27094 22247 15158 5833 12651 17093 24975 8379 16021 1779 9566 19519 5143 14622 24916 13238 13430 22211 20843 25880 7555 3184 521 12708 17088 16875 4218 14955 5942 27585 29706 23228 11957 3548 3814 13723 9656 22032 14056 860 7553 25602 25047 15893 28178 26421 28365 13815 7545 12122 10067 6379 28178 25835 10619 3880 27533 599 10309 24802 5447 28680 23870 8176 25482 16825 19690 24094 2577 21312 12634 27310 4281 8052 2213 12611 22212 18265 9368 26294 1518 15375 74 18640 15377 17669 59 14810 1701 29215 3552 24194 8824 16411 27696 11267 25153 19139 11222 28456 15543 2862 16434 22286 3264 23451 20080 9977 19952 2186 3075 20712 4174 21487 18929 3217 26630 17864 26195 27940 7188 6847 16891 27435 17586 15280 5042 19635 14735 9499 27066 20260 14396 28887 380 15531 12387 15855 5597 12548 11968 14416 16948 10956 3397 5633 16949 5970 25664 5728 2923 2053 1909 1477 19913 13898 13733 18408 22460 21184 17570 3735 13061 3674 21842 4987 3841 25455 17270 87 18075 26634 12216 3489 26850 25679 16690 15820 7668 103 8707 12663 10527 1289 24898 16691 24086 10760 10011 8553 10928 18805 24713 24126 11723 1882 17166 21999 6655 15632 25226 26523 21539 8729 1063 15891 5022 23117 24476 23677 8405 28796 767 22754 12891 14803 6849 21571 15956 28414 16911 17737 24882 12772 13385 16824 20424 7462 9667 632 25789 565 18499 4894 4419 1585 10693 8686 2238 12209 8188 6344 12118 2074 3422 9164 26625 15400 15838 22485 14958 10531 14874 18119 9386 22295 14691 24900 19901 16920 22166 24903 2085 7078 19846 10833 24681 10609 17240 8469 13222 4865 16679 3479 21788 11377 26134 18862 24546 23173 16571 13383 241 368 1 26173 23699 11834 20698 17166 1271 8014 29155 3548 14091 8488 8410 5959 12010 14518 12386 16855 6278 22598 21841 2222 17141 883 16871 16085 17469 8969 17983 24416 15 9857 3055 12580 14710 25348 28869 17537 29836 16973 17961 5174 17225 11479 17160 28822 1940 3943 4883 22229 7323 14625 233 5074 16810 1195 23340 23085 9579 18830 9356 27685 22566 20195 20297 18435 23491 1707 11736 1143 9443 10493 9400 15716 16335 22315 3645 10628 9709 2562 25069 7278 28327 8913 29350 23698 22826 10555 18988 6383 5385 27676 9954 11365 22049 3682 27877 13404 16607 15379 13559 21705 11178 23488 12881 28239 23536 9681 326 20422 17324 19182 18720 20171 16148 8124 8080 14805 8193 2243 3515 13028 6714 14078 1314 23858 4905 29925 13793 13804 890 3752 20499 25813 15784 27065 15633 29592 996 27663 26610 773 25386 25794 27701 29205 14862 5634 2371 9393 18780 13339 27004 13717 5829 16444 21814 12253 452 16789 26128 13061 2267 13624 27778 18897 16919 6461 16002 7247 17870 28906 17895 25321 22745 11532 23727 22521 11323 17867 11577 5813 24252 23726 13037 29426 24746 21920 2914 27286 6798 21932 19052 10898 29119 21649 16232 21740 9998 5733 229 21716 21702 3669 6175 6035 12701 22633 833 25609 3721 19795 19505 13795 1205 26019 24467 26161 29803 27207 12460 22125 19669 15453 938 28864 648 23036 10379 16585 7624 16434 7833 10280 2606 22925 3586 7716 18963 8691 22908 19519 27801 29871 3050 841 676 18306 428 16215 26220 2142 22056 23293 29036 7896 14202 20112 12935 269 19056 24628 1264 8918 3049 29281 10863 26164 22534 3078 172 1529 10723 29123 17417 4156 21912 29178 23898 3709 17871 5390 6338 22914 24761 29943 15811 1441 19582 11201 22948 12142 21073 4712 28803 7968 20135 11044 27075 13488 700 9817 6714 22283 20714 25622 2971 28170 18032 28315 10482 8148 14710 25320 2145 25787 707 9494 18794 12902 28490 23871 5468 24303 3804 1521 10376 16513 2299 29758 5170 3237 19808 11822 27844 28275 24966 13156 8549 24626 22378 28510 6166 18344 27005 21336 14978 19359 3151 18179 18698 12271 26475 15336 12530 23892 5587 29069 16819 10469 8846 19297 29153 28511 7002 10335 23658 1135 27768 9064 6799 15770 9409 9288 14607 26533 1287 9499 17760 15323 9217 22247 1679 28154 26294 29970 8186 22312 17461 8512 3401 16228 8995 18695 25618 25572 9634 14857 21039 18952 28387 3398 13024 11323 15934 17637 5960 9116 21984 14989 25730 19622 3414 4915 12070 28410 10782 14453 3840 12867 20121 20955 7008 2550 16835 4057 28494 23033 805 2791 21902 27504 21843 18815 22749 6851 9497 17152 15972 2529 19432 13530 3212 18706 29693 12753 5342 4204 10301 13352 4800 25647 25496 9085 3707 10317 19402 13996 12673 25125 5551 17680 27040 6967 9529 14188 5089 18859 22999 18963 2488 8662 3921 5540 10582 9904 2959 21659 2209 11162 11331 18103 2343 19028 5117 11059 3482 15213 6689 21663 14126 10863 10959 10469 18617 21057 17723 25775 9619 21715 19479 16433 27355 23468 28603 14406 9974 18815 4889 768 24818 18506 27477 26064 27882 28750 7181 3850 21635 19977 19431 28679 29121 19383 8351 7095 906 19030 18578 18918 10342 26239 13524 22411 24766 22497 13201 10278 9235 23321 28381 12580 4735 12278 11980 6965 29973 17661 13254 14587 5294 14914 24668 18920 3112 20550 10263 9074 18384 14915 28432 17365 21424 5585 5610 27510 14765 27154 10559 20004 18392 27187 27175 7569 5241 16166 21183 17113 14629 8254 19495 22359 19779 7862 21335 9984 13061 12052 5581 16328 19490 8384 22456 14047 16459 23125 10380 10179 2505 19540 24973 7128 19131 25287 23679 29054 17082 4173 22937 11764 24132 25697 19809 9794 24540 17520 2091 8910 4040 1867 20428 17497 26123 15271 1931 172 21728 10901 24994 14299 3404 18585 3866 7793 18395 22974 10915 26810 16967 8881 25776 26171 342 29936 5702 26565 6900 9001 5571 10489 2256 16060 2205 18362 18484 26268 3425 23784 15456 25918 24454 20226 23605 23040 17309 3443 6045 16350 18470 25588 22797 10280 3360 4016 7576 27090 23546 3985 7464 25334 17489 15977 22844 9516 25956 9247 18748 15553 20773 7075 19722 2498 1161 2453 9758 23731 5854 20086 1451 10088 4919 23261 6112 3441 26567 3395 459 28450 12731 14928 27393 27214 8687 25495 21244 7743 11156 14912 13955 4653 22095 29888 10405 27580 13415 27347 24320 9867 2225 3875 27371 11292 20727 15774 3573 4051 13535 18497 22791 17961 23477 4229 29938 836 8503 4176 21414 12238 29036 16713 16553 22255 29025 22663 8094 9983 14482 29690 18874 21702 18438 16361 14737 8142 21333 11295 26760 28031 26279 6019 16417 14319 3190 8181 27398 1733 8984 26253 23637 13746 29501 6990 10804 7821 15462 12878 9297 23605 1769 3615 23312 14802 16930 12971 12093 858 24257 19966 11588 22342 20881 28547 10648 5020 7494 5236 10469 15014 9332 15941 29094 12377 19664 1291 18417 4372 1578 1509 14351 27384 10689 3733 4287 27845 29391 483 22471 3957 19693 2261 27374 18800 14951 14981 1766 7537 3981 8959 24763 7345 27342 16554 17828 2644 4698 28337 9447 28287 55 15993 195 17856 29245 24558 5125 12582 20848 1410 21505 28643 1034 19811 3908 6474 6645 14595 28887 5891 20484 29779 28514 13086 17527 27967 21148 27842 7425 2666 1400 9328 16029 22982 19223 20459 21136 27879 5290 7782 514 5003 28346 20952 14974 24153 12256 10562 1976 18424 19739 21857 7428 19216 10389 16885 6828 7375 14129 22561 8825 8117 194 15459 21945 3306 7171 6018 20525 23872 17526 472 19672 24737 17530 21008 27680 17958 27688 8897 4439 21706 28088 3603 13053 11869 19547 7485 11261 19493 18510 7420 14938 4335 27981 27304 28944 15951 13612 19679 2486 11391 15043 17941 14433 10660 8034 18032 20074 14123 1180 24493 2695 8923 11096 607 21155 24156 19276 29945 13855 5577 14605 25360 555 7514 16209 8646 11848 4842 28292 1433 24808 18048 22799 13438 23390 27148 12048 16223 5312 4921 10501 19037 26542 19946 24173 6435 15882 21711 7412 24575 9971 1355 29906 8435 26415 15048 17923 9737 3405 18065 28637 19102 15482 16269 18368 1539 1796 11597 21869 26187 5416 29368 17565 11258 8752 6353 11234 2362 15036 3015 18872 2273 28540 1836 5335 11214 29077 16263 3259 4928 20637 23568 8976 13170 23088 1657 6429 3037 3079 15987 20843 2360 27075 19026 15263 25582 24152 20193 24592 411 21495 3243 15927 21602 25330 27650 29165 18082 26625 29860 20399 7966 17233 11665 21082 18185 17335 7693 7906 15779 28489 8364 29957 18503 18813 25199 2652 11336 21342 10668 21663 23796 16631 11286 820 17084 1157 9670 868 21193 7448 15513 9320 20365 3408 17990 10602 10830 17660 10329 25114 17389 16653 22011 27307 12633 5231 11835 29690 28228 22991 29701 27584 23043 4271 17459 18455 671 16396 19786 3585 20298 5100 24627 128 390 23422 6074 14369 28246 25875 9700 18746 602 4303 12019 9641 8728 16566 12761 25579 11325 21066 9041 23624 17148 717 9030 17666 13080 7012 12533 17028 15622 114 29661 10084 29256 13759 12245 18533 20844 3012 21558 12200 3433 20596 2105 27296 13883 29181 24991 4138 29988 13038 17549 23035 11150 9944 2943 9002 19184 2533 327 17173 14200 9585 23105 3875 10392 16621 25187 15341 16490 7514 17301 2275 6626 7811 15900 25105 22110 21870 5878 18135 9023 7768 16736 9299 21000 15753 1545 28589 13553 20764 7498 7278 20838 27236 7924 19441 21326 25399 145 22995 174 4246 4987 17181 29023 207 8688 16550 22183 5844 8894 18562 19514 23781 7145 25013 27644 4531 4343 15776 15532 25648 29743 13474 4491 24736 8491 854 8991 24276 3267 20032 22416 29160 27104 14164 25162 8953 18659 2739 3922 20362 24007 16711 9611 1320 17171 5336 712 25307 17804 3190 21701 2107 8998 19527 8834 15138 24582 17571 12020 3935 10209 326 10323 29447 19665 4231 28179 21335 24671 23385 389 2381 7770 28156 15885 8178 15644 10593 24555 18401 23035 4322 12637 5031 2687 4432 10489 9880 13414 21518 24030 15813 12438 17204 3105 25729 11698 29369 25694 23199 610 16312 29891 12927 26752 3558 4553 29220 14728 1425 11153 26084 24710 1296 20630 2462 7507 29135 8765 1907 9248 20590 6161 8485 27504 9246 578 3686 24876 12372 2841 5734 1092 3780 24783 17373 28751 16534 20587 29185 23732 4680 12340 25502 23614 24161 19976 28310 7564 15481 18109 7121 13579 1406 7798 29601 17757 9360 1999 25040 6503 26898 472 2952 1630 8941 15586 23232 29431 26153 24188 8776 7205 1656 6095 7188 6550 16073 25545 25542 13559 11326 7087 25492 1437 4630 13267 13748 8117 18550 5783 12977 23688 23299 16852 11764 10168 14489 25751 19511 10393 25986 21684 15548 21979 1072 8901 28131 9899 6820 15326 28564 20790 22069 24785 2710 9935 27962 18147 10655 20676 1072 295 25735 4601 2500 27496 14067 15521 28922 12743 25876 4113 9289 11090 6616 1154 2428 9526 25316 7846 25088 29697 11366 18736 17652 11392 2240 6999 7943 12052 7242 14903 14360 24264 6440 22151 7945 21043 3927 12310 20131 6577 25836 13314 5217 15319 26990 1517 12399 18066 10836 4967 5671 19644 11549 26729 1044 20270 25259 14378 10270 14116 11739 7643 22661 20060 8598 1520 17114 2953 11351 3910 23211 5585 13354 9732 25386 13091 3747 17224 573 20252 15768 2283 10197 288 5222 27451 25403 21293 27305 26395 25301 13710 19006 15602 6946 206 22219 1896 20346 20995 16935 23278 5218 17072 2954 28306 2530 23049 1566 26626 7680 1470 2747 27561 17494 10512 20366 22398 27716 4891 4595 14394 4607 6691 21703 18381 2565 10733 3105 478 2003 19971 25809 12057 15698 12479 13237 10452 13515 15220 13448 17911 17122 13823 6093 17115 2684 11076 9341 28632 26041 7595 29243 21128 24122 22886 19379 28734 24844 10909 29959 14456 15948 7270 28911 8059 18857 26308 21584 17624 12616 2281 6711 5178 4187 17767 29350 17315 24264 24854 29178 14708 3383 22141 9170 25534 24689 26730 7678 14357 819 13082 16042 5306 17031 10770 27614 29833 12353 18900 25155 25394 22618 6926 16920 10772 1712 5398 3339 15307 10933 3902 4288 16474 20347 25791 685 1390 13524 25650 6770 3837 14979 1231 28197 26711 28110 3356 16530 12390 19819 19682 13648 17455 16763 15487 23028 4995 12157 14896 28654 19954 21420 12444 10187 7207 18207 10732 23279 280 852 22731 5798 14081 6172 28591 21318 1919 12673 14173 24853 17706 21648 20223 17143 5374 17249 20666 4132 24715 1001 4474 20577 15940 14159 6931 11036 5119 20797 21408 9096 5383 324 20549 21977 8954 6391 15726 23683 23684 10000 17668 1992 26428 1444 15325 4147 17596 1209 8280 25291 54 15175 10643 7485 10911 14386 1012 14123 21291 10184 1434 14709 5915 4621 10304 2058 19223 19662 28206 24651 3568 3176 6423 5541 23891 28131 7869 19595 28110 27468 23867 15284 6902 12218 8797 17906 13983 28787 4341 25168 18869 3497 21636 15685 1622 18541 3448 12165 5246 24871 14695 27243 9722 20776 27065 213 15404 28135 24165 10072 24341 4547 22321 2116 2597 29364 18089 2367 20186 22028 28430 14872 19200 6252 1957 4324 21839 10392 7294 17593 6145 21812 22076 26116 23262 13621 19817 8376 1807 12968 25165 4642 109 16186 7584 3171 29736 23950 13454 19429 29081 4063 10190 1765 27636 993 27400 6675 20135 9843 349 3360 17704 27437 13437 17546 25501 7759 24615 29953 29053 26604 17652 21050 24146 17440 8859 27113 11150 25113 20575 16945 26070 9604 19848 13791 1448 9621 29889 1539 4153 27866 25985 15186 14232 1479 7871 21891 19977 11773 27696 3472 13330 15600 3696 29133 14522 26242 29486 2217 27124 21356 14726 17832 27460 19723 4049 6450 9685 26129 771 16209 12444 23206 23909 17467 27638 28090 5818 9607 9124 18963 22292 11377 4942 6575 19721 7600 17930 26837 23655 2255 9059 24923 2311 8081 26555 28064 4742 6647 18993 14152 12500 12173 16829 6932 23166 15766 202 4223 24364 6635 24709 25758 3615 27777 15545 10414 42 10793 14318 23868 4107 3445 28732 10723 12120 20745 6563 19727 21198 1556 20817 7483 28317 18733 21163 17282 1528 17546 8773 19494 6946 14079 23863 8467 13116 17662 6266 1019 1026 26876 24414 810 4314 18190 4517 7555 18868 20620 12382 5685 23736 13790 11169 8612 18958 653 24940 22669 12944 8418 7762 4017 28394 14756 4072 24059 29533 22156 25504 20617 705 7129 17363 19409 6546 16342 2959 12172 6543 15100 2525 28554 27391 4281 27181 1419 24030 25464 3535 24952 19259 2196 15142 16748 1063 21620 13854 13049 23536 19204 11407 6592 22528 17119 2189 15521 28959 19413 2795 1518 2569 11167 21767 3534 10278 8640 18432 18139 3668 28767 2630 28230 6803 26026 262 27255 18265 2131 14001 9155 12770 24212 12823 4868 12800 7110 21933 3286 635 1959 12800 14963 12827 20134 1033 23057 2823 339 9181 13481 968 21303 20167 12957 8015 14868 29607 3169 159 19946 3032 15517 18921 8473 16173 16039 11667 28985 26043 22344 29 26037 29669 25929 27799 9619 25931 13339 29033 26855 20852 2273 11005 17779 7710 15573 7214 5463 12887 13615 22381 29211 24643 1866 25894 21988 29413 4777 11762 21471 21097 1603 13011 18027 2896 29990 27429 9500 25672 11984 12839 15380 3973 910 19105 15197 4583 9712 9984 19256 17088 14139 1807 28442 8022 8641 21235 17319 2118 2488 23622 22401 15837 24851 16881 23317 17387 10542 20649 22972 11353 10831 25538 13526 16848 28967 2975 12103 6392 24996 13028 3436 17940 11244 21549 16770 22492 20561 1652 12406 1923 493 27827 24832 15829 24313 4706 9396 2750 24259 8282 24137 15284 25332 1218 656 7153 8240 24840 16211 14832 20560 15848 4042 17444 7840 16501 25440 15554 12535 22513 10636 8129 23543 603 28023 16974 25022 11161 23964 5299 13363 24006 21957 21439 28664 1733 23766 25333 21880 9729 920 1369 4319 16703 15031 6792 17623 10628 20778 11016 19534 9947 13250 27016 24294 25382 29020 26171 23023 16149 15341 20678 24989 27297 10535 23770 18131 13651 1922 10137 8682 25454 23540 29096 27900 19892 24542 28420 21361 10445 1871 20353 18498 11678 23493 28760 6690 295 2621 22267 17059 3559 16846 3519 19204 7556 4318 14896 15276 26515 13559 659 19538 21300 25984 8888 26157 3013 3208 1001 25594 23515 6960 7785 15930 21515 2799 4869 4941 14373 6620 26164 3331 3085 18764 4965 10046 22828 11507 18917 29250 10619 16531 14213 1219 8723 13130 7217 26131 19510 477 15412 9272 17509 8701 29685 15301 14999 10410 16336 13390 27560 27941 16124 873 17102 28475 24386 15565 23369 15059 6881 20059 8726 14879 27201 13836 11537 14885 24734 17733 21593 12238 9264 19499 16058 14040 27058 28337 11059 6722 8974 8878 14624 2347 8105 8926 26387 27407 7734 24923 2952 9754 29893 5606 3735 5786 1538 6152 24737 8906 17113 3846 20566 3725 12058 5740 29215 3631 21092 25217 23034 14765 4023 9563 5568 21897 29264 28591 17510 23062 13237 27061 25561 7821 25488 11224 22585 25720 20422 25941 29672 2261 17855 23607 25672 9948 18926 3074 22417 19682 18811 6308 1412 8924 19390 20615 26507 1310 7763 22403 3908 22964 18354 21449 3339 2689 1929 27263 28774 27003 3169 958 5786 21346 26892 16363 14791 28448 1627 26603 9136 212 5467 20907 4465 5513 6594 16998 3218 14229 13769 27622 7626 19886 3467 22336 14781 19102 6127 24302 1344 29245 20153 6031 18464 27863 5049 19617 27863 18593 27683 28020 14926 4457 1853 15361 28809 8487 22037 12167 11446 24803 23962 25464 7078 9616 8275 23169 5478 26130 24728 10903 10301 12092 26660 10610 6552 8848 24427 27832 5997 23729 8243 5867 23488 22431 8449 9480 12061 18974 26544 12240 10930 14814 29935 26621 19497 1587 25449 28795 19867 21538 4726 9142 13842 19871 905 28834 15203 23698 24044 28883 14977 9361 8926 29143 18716 10259 20325 27203 23715 18917 28284 8171 21033 11060 16254 21065 20837 14578 10535 26304 26809 21766 14452 18300 17347 19449 12953 3025 3206 3464 21278 940 2603 13830 27722 11599 26006 10417 22132 6304 25271 6701 24592 22459 19464 8750 12571 10883 7474 6442 7222 21400 11002 27725 20852 19399 14338 12815 29499 2511 10110 17971 11584 552 9773 21585 6084 15691 13808 14265 24268 2385 9251 7925 24275 1389 17801 9129 14806 12733 17153 25200 17496 22366 14820 1785 9706 9613 20127 20049 79 20491 21154 4208 9609 4072 22425 20895 26593 26990 14232 13980 13415 25885 7375 8002 6281 27409 26914 13349 10579 11369 1649 6488 16048 29209 6675 15674 22665 6852 13670 27270 13015 4470 23659 10559 4904 3464 22047 2487 14257 20758 1525 10190 26377 20844 2596 7474 8973 13387 29699 11827 18842 28432 28755 881 11561 5717 11776 29522 14702 5893 28576 9341 22364 2202 12216 6779 9275 17295 11422 15496 20453 26015 25581 25129 1401 28683 6458 6533 22811 22658 22204 13043 2831 3443 27354 9152 7113 9437 28489 19941 8819 16787 4203 22220 23800 2949 13754 25663 9399 3732 1994 18973 26086 462 17711 29611 3994 28975 2614 10958 11577 3847 7900 9769 23776 16952 19016 26832 4800 7517 11040 18911 9030 16022 13392 4878 27622 9003 5164 19085 8456 11045 17131 18532 7929 24630 1773 24973 1102 6906 11501 20463 25525 1031 16686 22870 12485 14515 26127 22447 6618 9447 26314 9855 10965 21825 16072 24828 11525 28809 5027 28632 22131 4027 20227 14151 14850 16010 449 8774 6297 19314 23864 17897 11414 17741 5031 13531 1888 11894 12309 24107 21589 8626 29351 14489 8139 12609 410 7152 20913 20494 3513 9803 14693 15016 28371 10776 2906 4515 6636 3166 9029 26936 9777 20794 16188 10424 17149 9591 12316 5537 25441 6123 29463 21325 11517 3339 8128 5138 27038 15048 13842 10373 16808 10557 24990 6883 29934 4859 7304 1601 22762 11621 19229 17806 4480 8202 27089 23935 28963 17217 9328 10368 10394 8293 12092 27328 12924 12509 23446 28808 25534 21204 6891 29975 3865 5363 18154 18421 24887 7811 17196 2170 1500 27642 22475 11884 8807 23240 15986 20878 4730 8791 2888 29434 20622 6926 27804 10505 27406 25102 25054 22260 28090 27623 11256 2872 13672 17543 24468 24675 29491 14142 9828 8680 25396 5965 20074 6082 28708 25474 658 5093 28919 8273 13861 12880 20159 21352 28762 4066 27381 28788 11626 6798 2769 1615 12967 3571 19958 7557 24461 15204 19373 26731 23076 4039 19426 24624 11716 7569 19307 22508 18320 29610 26119 7527 4777 2143 28038 26309 1152 24190 14484 10873 18582 28809 23822 5160 9502 5546 15576 14166 7554 20038 2088 25769 26362 14252 3190 17928 12946 13878 2438 28534 7855 4753 936 29017 7272 7614 25747 25118 16549 369 25584 3806 13299 24931 25602 19318 23551 13125 16726 17056 17209 2069 9209 27079 1132 8518 23801 18006 28232 26381 1341 6816 3792 18813 20198 8566 1846 16270 27225 9453 17123 24437 26052 27823 4569 20336 23586 25501 21454 6850 25296 4602 22687 9305 15555 4323 18625 8587 28544 18628 20689 19659 13256 15432 5406 8108 17782 26446 9426 2563 4677 9492 17457 9376 12704 25228 28144 10110 4877 3576 10018 14568 10943 17820 17620 29131 10635 8010 26010 25267 3844 22415 5547 29321 18109 27925 5031 6787 17875 14770 17478 6273 24905 26679 17767 19643 5510 3382 23755 7860 28465 11679 7058 2644 22195 24778 23317 15925 15458 29648 2489 27623 2003 52 9482 27201 19327 11515 25800 13517 16181 17038 28478 27828 18315 28774 8067 17821 15067 10401 15156 7030 21908 24606 6745 4552 7178 13028 18093 25808 11648 2497 26422 11699 18461 21673 11744 23570 14870 5533 11078 19908 22101 2012 29616 5819 2910 5222 1236 14213 14850 24100 23234 26069 17435 11878 24014 22323 7098 11574 15437 22242 13911 15727 9408 28291 7110 8262 8449 9638 22109 8430 8911 5402 7307 9253 29004 15018 20965 10340 18845 16661 1163 21877 9367 13885 23800 21645 4375 22022 28563 24888 450 14972 9606 28767 23073 5853 14784 20149 18114 18334 23412 26296 19586 25989 11763 1285 24939 8277 15478 1672 28285 7724 11135 2286 16115 29419 20468 6629 11805 24497 27526 19353 16194 4919 14166 14632 29216 20094 28927 126 10011 19550 20699 14431 6499 12602 22059 11259 16434 13117 21597 25608 5898 11901 29633 6997 26536 22142 18617 29707 27455 1921 11892 20218 26161 7762 26143 29102 19629 25963 215 8801 27756 24604 20074 20296 21864 2319 13657 19337 20057 2186 1130 21294 17491 24709 7237 25460 1930 21495 3871 19857 22830 2183 20911 28259 29270 29217 29345 29476 6066 29964 3513 12653 15315 14823 13912 18875 13767 14655 1957 2424 12603 11834 8978 15745 29926 21462 8217 21199 26466 10628 23377 27558 23847 16049 25776 14630 9505 13677 26517 23084 12388 28185 457 19358 13005 9084 27908 8046 27839 17353 7586 16809 24315 21859 17087 24911 28482 11019 19190 65 5952 15635 21797 28883 818 462 1861 29381 26956 531 12156 13629 7455 22406 4681 14459 26083 8915 15125 24223 25446 21494 26015 16723 29462 14784 25280 15864 22227 5987 20409 12314 11579 13709 29161 26914 26938 20020 152 28372 27693 8214 3388 9525 24799 26504 7688 13009 25794 9127 3922 5332 19798 12848 15981 23857 28418 29948 18518 2313 17027 2190 16172 26914 13339 8457 9203 14288 26550 16154 26863 23972 8049 21876 24620 9568 12377 11934 6755 16099 1806 29880 10190 19650 28541 1076 2670 1996 27747 3847 4739 29338 4411 2775 6631 4718 5504 20130 14944 4572 16198 21180 763 14313 26248 4268 9151 8482 26889 28712 11352 199 10649 12053 11222 13615 7655 28287 29193 25153 28719 20983 28699 18997 5903 3422 4131 24146 26679 18731 13391 25681 22158 18452 26289 8496 21930 5764 21367 2208 16030 18932 28202 104 22217 3491 15428 21852 9389 22272 494 26609 7718 24549 3596 8274 25560 975 20212 13365 9253 7923 7190 1229 10042 14080 26613 7285 9842 22877 29707 14401 29300 25169 7970 9259 10521 28263 23955 19516 19691 5014 2008 28133 18869 25878 7601 17556 22727 15928 7309 16586 3742 24712 8823 25757 16993 8995 24573 19604 27487 1730 20620 8480 19436 25362 9255 5355 26287 10864 9183 3238 15546 11759 26543 9719 3638 2069 3976 11944 23518 1168 6428 13299 10473 20226 21549 15827 21396 2355 9682 27664 1852 9532 6275 1141 25542 867 14516 29185 16156 12371 652 14551 9372 6712 28929 13548 15866 2558 14502 10237 19955 24377 25196 18555 11215 26548 13969 26849 27228 6679 2074 2399 29927 5505 28662 29669 21105 201 7829 6676 19272 26430 28808 7603 16391 23734 4943 25686 6626 19195 21161 2622 11245 24901 15858 350 15651 7594 29903 16134 23366 10436 25748 27068 24464 29283 22709 2931 13311 17268 26647 25245 25258 28955 14920 24572 3283 18299 3164 18763 15815 24632 18348 5045 14652 26049 5863 26006 19648 28988 16801 872 1357 2799 8071 23592 28197 17363 25035 27305 14781 9790 19581 2554 20999 27737 21659 11828 2817 15743 21319 3667 6412 20246 6417 27022 20832 4580 594 24066 24620 19772 15923 12224 29442 26287 21528 1131 1462 8862 20548 17409 26772 14618 22829 1856 23794 22254 13721 15587 1097 12051 22598 26419 13767 27034 18523 13330 7644 11064 21212 24316 24991 10638 817 6518 3361 10004 432 1433 11018 10570 16384 27789 4615 3210 5973 10791 3490 20146 23993 11687 13325 2171 532 25853 21487 24330 26072 10065 10128 8819 18071 15423 6570 3322 7395 21404 9194 8337 20519 19728 25032 22368 1973 813 10176 5063 18091 442 27543 6028 24778 10097 7792 9222 10711 19721 8360 9975 23558 25425 9691 25958 15749 9474 6382 27101 12444 19959 1931 26574 6649 13247 17656 7699 27854 24355 12901 18420 8182 22077 17141 24597 4732 4582 12768 3814 1227 16641 29271 923 28797 21907 20939 1331 23256 16020 12132 7508 2780 1789 21144 26476 28638 2014 3489 7115 3514 22305 20421 29542 13753 16456 635 20240 25911 11814 8594 6021 12879 23037 21558 4693 24829 17624 10022 12081 8769 24302 8368 26063 28956 27138 9000 10957 29480 8809 27376 12914 176 1525 29238 2790 3631 27141 18525 210 16430 8413 12178 25902 19888 22442 4290 2368 9776 24215 12607 11790 3799 21192 17801 9523 29270 23419 5157 22807 14329 21629 28677 28191 28071 10653 17043 23726 15676 27768 21446 11512 28344 8331 2392 3801 14197 6683 29177 5487 26895 2011 14417 8251 9267 22497 5979 19546 15855 19058 23248 29893 27590 4295 18147 28218 19732 5955 22062 6478 12164 22796 20462 9893 7882 25922 5260 27346 3137 7706 8327 14391 15349 19235 18494 4106 1035 26136 29958 23439 25362 15353 4295 29933 16118 16021 958 18154 17248 12337 15413 6331 7222 23817 10399 25599 15264 8189 15355 20838 8902 12199 22752 17003 27327 6472 20311 16605 24447 28801 17889 18821 21886 16425 7376 20279 9188 132 2998 14688 26330 18039 15600 7869 8664 16780 18255 26725 6668 13014 17813 18356 16516 11419 4374 17046 17134 23644 16400 4202 7397 3224 9008 3505 10551 26009 21189 16740 12749 1676 8619 23411 12875 28547 13354 24260 2545 19703 8291 13159 28404 1164 2851 29707 8983 1409 15206 25146 12982 1033 20241 27028 21052 11876 29461 22635 22708 11339 948 14300 8793 11802 11164 18850 14172 215 14189 29672 3430 26556 12875 27750 5520 29811 25597 23538 23588 21826 7623 14024 1752 29309 24551 927 18860 22131 19456 14406 26216 15277 14018 19166 15982 15599 12842 16258 19269 27716 16732 8535 21864 5849 19397 29871 20630 14122 17485 17590 28944 5714 1050 9842 13479 2988 11161 18496 11623 26076 17142 12035 22360 19708 915 15604 17867 12322 11148 2428 27782 14675 23457 14382 25535 17213 26683 19159 2706 6550 26669 26840 11341 16194 27268 4020 20035 15007 16066 5355 8407 21415 19604 4526 21875 23143 17076 9759 27968 13644 26841 20118 14964 16952 20628 14303 1476 12369 11653 16147 6027 4817 8547 26503 20006 26249 15676 6189 26225 7021 14201 26781 10306 23141 24191 21368 11799 15927 24198 14103 9561 7638 15812 13403 29790 21602 14082 16305 27676 26168 17622 25388 27241 12980 1020 24769 13668 15862 20391 10379 9384 24986 11465 24818 28014 9136 28776 25238 27069 2679 7264 9826 26914 3759 14886 7555 11302 9632 27979 11471 17712 9210 25095 17802 20209 21165 10401 19142 15191 20406 18527 26458 671 2761 19883 27422 11381 10081 20268 27363 5867 3461 22356 21508 21031 20606 21401 6387 1147 12698 936 11716 10867 14143 24827 15389 20748 16949 7087 4813 10138 6852 21048 26383 19154 12591 9421 15033 15455 6713 19434 15022 16335 28655 5401 11579 1021 27738 7897 18723 433 24564 27802 20415 6395 21554 291 26776 28831 10888 1549 17061 21966 19651 6187 17379 15412 29450 17582 22353 19879 2117 14511 6584 14766 25234 26591 12474 17431 19014 11195 5091 28364 26057 25277 19073 2967 28899 22599 13286 7969 3501 3694 26321 6834 2695 23407 15283 17011 14951 7168 28832 928 16421 6590 9300 23249 12180 9687 1640 16185 25135 24234 1730 24413 23542 22402 24781 21664 12918 1505 18507 121 7200 22923 19931 19628 9721 14657 21195 8296 16359 29304 28600 9663 3011 21003 2215 18050 20308 22732 28241 20752 28880 11391 23737 13348 4968 11738 24395 7634 1510 27923 19703 13254 27727 5150 12144 22230 12286 11999 27589 13147 17210 23812 24852 13145 20204 5501 20938 29329 20172 18921 3060 6163 11518 13602 19776 26415 9419 13684 12884 14655 6229 16164 20697 16580 24558 5366 9761 28811 18912 27049 9923 10370 17676 24859 7103 19900 7037 22033 28578 27162 16051 12422 26462 24866 2797 23175 22626 23252 5638 6374 14077 7425 1873 27247 2511 24350 17942 1691 22351 22408 15532 19344 5720 11656 12819 9750 4043 12152 14695 28431 7149 26959 29956 17911 19539 2557 1135 18594 25010 28298 27075 23856 8262 14757 10958 15438 25513 5880 10838 24890 10722 2592 7466 1715 20530 26265 14155 12549 25279 7449 1291 19783 27565 24156 6108 23048 14155 19855 22134 873 15243 4521 3723 27516 5938 6864 20116 13156 7385 6331 14544 3262 6977 14258 9407 10288 24474 24830 6471 13937 12168 13591 18584 675 5804 14496 17319 11244 22582 1145 26145 23306 1763 9738 10873 22676 11963 12215 27665 16138 27889 762 931 13559 21147 14321 25442 9709 26742 12089 4221 16652 13087 21624 3666 24772 3056 29509 6438 25023 6427 24093 17323 29198 5273 280 22638 24931 8899 1810 5882 16836 50 9077 14041 14589 21079 21699 6823 9983 27358 12802 8452 3970 18935 16108 12952 9486 21276 4758 25441 154 18403 23006 26085 24234 24880 19819 8775 20565 8857 14715 13002 17164 27319 25503 11554 4062 16771 13783 27657 20475 10700 16747 604 16716 28158 1196 7148 29268 2919 24432 19525 27426 25465 3123 15425 8880 15518 3886 21974 960 1262 29914 6587 10173 27175 8047 4212 16223 7111 14467 23299 19224 22903 18490 27947 8230 13163 23662 13689 23057 2938 11090 17765 22509 19243 1008 27762 22453 13662 17775 22258 6514 4406 23732 6242 5246 8237 20249 9868 12516 11310 15675 4076 12371 23740 3728 16691 24422 20510 13539 9643 4209 13574 28580 24425 26749 23150 13180 25741 27678 14281 14412 15637 25322 2794 16094 29322 18148 14132 20312 21174 2182 11728 5635 13257 16325 27469 14388 20277 8735 2481 6725 26507 15617 21824 19027 22521 8208 4434 4318 23177 16295 10084 20923 10900 25814 15679 4070 22953 11926 17940 25250 13662 9089 17939 3582 7474 20432 882 7314 21600 2385 24771 24398 5320 26670 7838 8489 1798 5062 23112 17654 18620 4987 9988 3462 10017 8716 11471 16833 1786 4396 22009 20793 14826 14179 11160 17523 14998 15223 24428 9207 9519 7502 4609 3237 2250 9205 16386 17313 22737 29625 7028 17736 7271 11033 3299 3096 16345 23557 20582 10490 1961 10567 1427 12312 25435 5644 18878 3078 4853 15285 23447 27849 26173 16064 26381 3937 3223 1400 10297 2076 12295 22511 28708 19463 23459 14033 10250 22884 28202 13158 9303 22186 23883 24647 26911 28289 15505 25383 13890 17331 7465 65 15790 16636 29452 13893 12727 11769 3819 23082 21687 18768 4797 8970 11907 16386 29559 12217 18741 12116 18553 19478 11190 12846 7211 13922 16488 17215 14230 3553 26237 15459 19819 22132 1756 1247 19480 26015 3876 18464 10313 10720 9544 14332 21916 23889 5564 28782 22371 17773 
