// periodic
// number of jobs
1
// pi
90
// Cycle
100
// aperiodic
// number of jobs
100
// pi
14 19 4 7 12 9 16 5 1 11 13 3 1 3 15 11 7 9 13 5 11 13 17 12 5 1 1 13 13 6 1 5 4 1 14 6 7 14 8 14 15 9 6 17 13 10 16 17 5 17 5 7 10 17 19 12 4 15 19 7 16 8 3 11 18 19 13 14 16 9 11 11 15 6 7 13 9 6 4 7 13 6 14 5 8 8 18 4 10 15 10 3 17 11 4 8 13 18 16 11 
// di
100 92 83 35 83 18 91 61 53 15 91 21 92 97 74 63 64 47 7 15 17 95 62 46 6 38 32 89 11 20 23 87 36 9 68 41 61 49 64 50 51 48 50 44 56 94 30 85 31 72 1 25 88 42 99 93 2 63 46 53 55 41 31 96 86 88 13 8 60 91 96 36 83 32 81 42 45 60 98 62 44 26 72 72 66 49 76 81 12 76 64 84 50 17 45 87 36 83 11 28 
