// periodic
// number of jobs
1
// pi
50
// Cycle
100
// aperiodic
// number of jobs
11000
// pi
28 14 7 63 5 70 81 89 9 64 57 44 91 49 23 7 89 23 52 10 81 95 73 88 15 18 29 91 76 90 26 49 38 39 38 81 55 66 67 59 48 33 48 76 52 88 59 67 95 93 6 43 16 57 34 83 37 93 80 6 46 96 67 89 25 21 54 22 10 17 41 96 36 25 38 31 56 13 31 37 8 18 12 62 92 40 34 6 57 21 99 12 38 16 37 48 67 21 33 36 43 94 80 22 29 67 29 42 64 65 20 38 40 21 91 10 18 36 22 17 17 79 75 63 76 15 2 25 2 59 87 8 77 15 75 98 30 48 39 70 27 33 90 80 29 57 3 38 66 77 34 93 8 97 18 80 26 94 18 59 62 55 2 31 92 43 51 27 36 84 41 42 44 19 70 1 99 43 84 97 67 1 73 99 19 69 30 27 91 93 74 47 9 50 19 45 69 3 16 96 44 61 75 57 48 68 36 77 2 69 26 88 91 94 6 80 80 82 1 43 14 65 35 34 58 47 50 12 16 59 86 33 89 89 43 4 78 48 28 34 52 16 48 25 63 62 78 87 41 90 24 60 47 91 38 48 42 77 57 42 79 59 95 75 30 82 53 62 85 75 18 14 84 43 9 56 4 56 62 78 80 28 57 96 31 8 5 25 57 26 74 1 72 56 6 80 83 77 27 47 74 27 68 78 67 73 13 90 93 17 12 19 8 14 53 74 2 30 70 11 95 78 89 75 59 38 84 58 67 49 12 52 75 57 28 7 64 42 27 74 53 5 51 4 26 65 18 64 50 57 92 66 22 36 24 76 62 52 59 25 41 30 38 88 94 33 37 98 27 41 30 11 26 34 16 90 61 7 56 56 77 28 37 75 5 96 12 54 7 1 90 57 46 18 66 4 66 73 58 28 73 38 90 81 23 66 3 57 99 57 33 90 7 94 97 87 23 36 70 38 2 39 69 97 98 51 25 25 25 10 49 95 51 24 26 91 3 32 13 3 8 17 45 74 90 75 42 44 94 52 25 60 86 42 47 31 10 65 25 9 18 96 16 88 40 17 40 47 89 61 57 68 23 3 97 10 42 17 17 10 87 92 8 2 86 83 21 3 89 83 3 98 90 89 34 96 36 43 9 76 15 5 41 29 11 63 87 79 29 75 27 62 76 26 83 23 48 13 97 49 96 53 86 15 97 69 60 90 20 79 56 59 20 3 22 25 72 19 95 20 93 10 38 50 86 56 34 70 61 16 97 96 92 17 4 17 98 39 36 43 28 31 38 38 70 67 93 36 75 47 15 84 96 67 87 91 67 19 9 38 5 87 57 4 51 79 42 8 1 7 37 88 79 49 80 83 5 97 56 37 94 41 58 78 76 38 77 87 70 61 6 11 70 10 8 82 41 72 5 70 76 91 72 34 10 82 17 83 59 5 50 27 9 31 14 89 50 51 36 77 44 44 84 90 93 78 61 39 66 96 43 20 31 54 75 87 25 44 30 67 82 12 71 92 53 74 8 49 65 54 63 31 14 49 96 32 52 70 53 32 68 94 1 53 1 96 87 29 34 75 20 42 62 88 74 98 16 70 31 57 8 42 26 51 27 15 5 17 90 99 68 63 45 65 83 49 90 37 52 19 29 81 99 14 48 59 13 56 56 67 72 70 74 92 27 11 33 17 8 54 46 45 99 10 58 13 99 95 93 29 40 60 76 64 90 75 58 83 55 5 70 72 52 64 65 60 30 67 76 47 62 16 84 83 29 77 25 91 56 7 55 95 16 55 81 5 33 71 74 83 86 94 57 69 22 86 38 71 9 47 53 66 52 14 22 91 89 52 37 35 31 78 61 62 87 10 68 82 38 80 68 3 11 22 52 42 20 1 17 58 98 71 15 74 72 36 98 8 37 32 11 34 76 2 15 13 5 42 37 56 14 15 56 4 36 89 92 31 87 17 78 28 92 37 20 20 81 61 52 81 44 86 18 97 30 11 92 7 7 71 78 25 26 22 31 96 81 74 22 27 73 10 80 3 91 63 93 8 85 23 78 87 30 92 29 37 62 1 61 76 84 55 39 62 61 40 41 60 81 24 96 82 9 44 17 17 43 61 81 28 38 18 88 84 87 99 92 53 12 77 10 75 15 80 16 75 83 50 96 27 21 81 17 54 98 52 8 34 7 37 54 33 58 63 11 72 30 20 77 58 17 11 39 56 66 55 77 41 48 79 99 31 94 69 46 56 21 7 72 46 30 36 92 42 65 24 35 91 47 47 69 85 78 48 49 58 19 51 18 22 69 54 42 5 93 98 28 90 95 5 47 11 93 20 76 38 85 51 63 40 16 63 55 84 6 55 56 21 98 14 92 42 26 70 54 27 96 38 89 61 42 17 68 83 81 57 81 85 32 84 66 50 74 45 9 70 61 73 38 42 29 18 51 83 80 10 11 24 91 91 54 10 13 71 68 3 29 19 78 60 61 37 38 55 35 49 16 29 25 69 60 63 30 57 72 48 27 70 83 55 95 49 17 13 38 38 26 11 26 19 13 63 37 57 44 37 45 70 50 57 72 2 64 89 80 40 80 40 36 1 60 13 43 39 94 37 94 21 31 18 21 80 47 66 72 77 42 62 9 58 33 32 61 33 97 20 58 62 95 88 55 40 50 15 62 18 14 70 31 47 67 47 72 41 84 86 23 48 3 20 53 59 22 96 9 6 78 4 58 97 98 57 25 10 32 56 4 93 40 87 75 75 87 17 45 79 54 61 23 61 57 97 56 98 82 59 30 31 28 84 19 72 35 73 51 25 72 89 76 23 67 91 78 55 67 98 49 23 19 14 79 16 32 56 72 22 45 2 7 43 66 12 91 10 13 28 59 99 36 82 81 37 28 54 75 38 48 15 31 82 92 80 21 87 82 82 38 51 62 92 68 56 47 38 79 84 1 59 16 29 4 69 28 37 59 6 72 49 40 65 78 77 34 34 54 84 6 79 29 15 47 61 34 75 42 91 30 11 79 30 72 1 37 68 54 25 72 74 40 89 59 62 79 70 86 4 4 74 46 3 12 33 59 36 87 55 1 77 27 95 8 24 17 31 26 65 88 45 29 69 96 69 21 36 52 68 48 58 65 82 53 1 10 51 8 24 35 47 2 46 60 72 63 30 86 31 95 68 18 54 28 72 27 54 1 81 68 59 81 87 86 64 55 41 54 73 78 45 53 43 43 38 60 26 45 5 75 28 90 26 97 31 23 74 50 74 73 55 40 6 27 64 85 99 82 44 49 51 92 58 68 14 42 15 20 61 28 51 20 27 37 44 4 84 71 7 15 75 41 46 43 90 27 67 17 17 23 53 57 77 20 31 22 87 97 31 50 90 71 83 22 63 24 17 10 70 62 39 56 40 83 12 25 84 29 48 40 29 4 59 99 54 28 37 7 80 1 20 30 70 19 23 38 4 32 2 96 87 10 73 5 12 63 56 1 76 30 9 41 79 41 36 83 62 38 66 56 10 44 85 32 47 71 44 56 55 92 91 62 28 38 95 52 94 11 49 3 54 37 61 51 24 24 69 31 27 11 94 91 48 15 52 60 7 97 13 83 47 68 77 54 92 52 81 18 67 50 27 66 97 72 31 25 96 31 18 92 74 66 4 2 67 73 1 77 86 98 44 33 49 44 74 39 11 45 63 82 59 2 71 99 21 84 23 94 58 45 68 53 32 5 93 60 77 91 4 1 59 56 36 6 69 68 47 28 99 45 53 66 74 99 11 1 25 32 90 73 4 85 38 55 20 94 51 58 68 39 64 56 6 15 66 32 5 96 8 51 69 58 57 84 2 85 73 76 63 98 89 21 41 80 67 12 9 17 66 70 41 86 39 31 53 41 8 69 84 47 44 14 96 20 45 21 32 12 59 20 81 29 45 19 26 49 14 68 7 93 55 46 85 57 43 53 50 32 4 17 6 30 31 45 9 4 11 41 71 27 39 1 71 62 66 82 8 2 85 88 99 67 93 11 84 55 90 42 64 9 47 16 97 32 72 31 94 92 64 39 20 28 98 10 46 7 50 28 38 60 61 55 20 74 46 71 5 59 24 57 34 27 30 1 90 92 18 66 39 20 73 28 35 2 88 80 25 79 13 70 15 67 6 88 63 19 23 25 9 13 86 85 88 14 10 32 53 76 88 68 82 30 56 44 76 85 17 55 63 43 31 8 80 84 88 80 78 46 16 34 86 75 69 57 16 22 82 7 60 82 92 75 90 42 77 59 52 50 41 84 33 43 78 98 97 3 95 36 92 76 22 79 90 34 9 25 18 85 22 87 37 8 24 31 85 91 84 39 92 20 93 38 49 62 10 14 59 15 12 77 35 5 50 57 56 85 94 78 72 87 23 91 94 39 97 61 21 88 62 54 45 18 76 92 5 8 38 19 7 79 60 23 46 15 86 83 69 85 11 91 85 99 47 14 12 41 21 75 12 40 32 17 71 1 22 25 25 28 15 12 65 59 33 53 17 9 75 16 46 30 75 81 97 97 48 61 24 59 21 1 24 36 27 15 82 75 49 28 85 27 9 35 58 62 97 42 94 1 23 43 5 7 84 31 54 13 21 76 49 33 35 38 2 39 16 3 70 61 35 64 98 92 33 85 40 28 87 52 46 81 94 71 13 48 46 71 1 5 2 76 24 87 95 43 13 21 35 15 49 90 76 96 21 46 14 68 26 57 4 41 99 44 85 95 91 20 70 35 82 30 39 35 77 52 34 52 69 14 82 1 85 67 1 84 93 98 24 9 65 43 56 27 89 77 7 73 41 85 7 42 88 60 20 7 37 34 72 20 97 43 97 92 45 50 37 16 55 35 39 66 43 74 81 87 87 19 45 13 43 32 68 61 21 83 77 84 74 83 96 46 64 9 98 4 44 13 15 17 39 15 84 34 61 1 34 90 29 72 8 78 29 34 63 96 27 45 72 39 58 30 51 37 54 34 45 5 95 71 48 90 77 43 37 51 63 67 22 81 26 16 33 41 22 15 67 47 14 95 37 95 59 98 70 10 49 73 92 58 65 36 49 86 20 77 70 28 6 27 29 68 42 74 28 48 52 56 18 10 64 50 61 77 5 89 91 23 40 70 67 39 60 58 39 67 26 9 8 17 5 35 55 4 56 50 32 81 74 17 23 40 17 80 15 21 70 94 19 50 65 26 26 13 80 20 42 25 20 50 64 98 91 63 18 24 94 21 59 32 26 84 33 12 86 47 75 39 87 33 31 54 39 44 72 38 24 95 39 29 32 13 74 8 95 72 84 36 54 46 9 60 78 41 37 30 6 36 97 64 1 35 90 86 41 62 29 64 83 74 61 50 19 8 69 84 91 75 24 25 24 38 68 45 21 69 56 74 75 13 62 67 71 26 99 92 1 33 25 27 54 47 81 2 71 19 3 67 27 29 93 80 88 50 36 85 98 34 45 53 94 55 53 28 13 46 73 55 91 36 50 86 98 74 88 10 15 70 60 30 40 66 52 25 57 54 31 6 46 2 18 47 46 33 67 87 72 71 33 16 1 53 52 47 82 15 77 95 66 60 3 70 3 56 22 49 92 4 13 56 55 88 61 89 52 79 4 48 8 65 95 93 1 12 67 56 33 54 31 20 89 13 26 23 45 25 16 24 23 9 5 5 10 11 37 94 24 18 20 72 38 60 21 76 88 72 86 37 90 8 86 52 24 68 45 29 91 53 69 17 28 39 77 52 27 7 10 36 59 72 84 29 83 12 29 28 53 88 15 72 17 4 32 18 37 71 35 61 6 95 79 13 99 53 66 4 56 24 23 32 2 75 48 28 80 68 62 51 6 1 76 37 70 36 56 35 71 51 45 83 89 97 99 69 9 17 13 1 38 99 60 95 60 83 23 67 11 16 18 75 67 14 97 57 67 45 98 76 77 57 85 16 94 1 57 94 88 93 30 92 5 44 54 89 39 58 44 13 90 46 81 83 45 86 80 10 38 5 24 75 77 56 36 33 54 64 55 8 18 74 50 97 51 8 48 39 32 39 25 13 9 18 74 5 43 91 97 83 56 27 62 17 68 45 61 6 73 77 18 67 84 98 3 35 50 20 55 90 63 6 63 6 30 71 34 83 80 19 74 11 65 65 45 71 1 73 37 44 30 55 28 1 57 21 53 20 50 31 37 49 35 2 91 20 3 85 67 81 17 27 58 60 13 75 62 68 41 78 47 33 4 42 36 37 11 33 79 60 5 19 75 73 65 87 23 8 8 41 9 26 49 78 51 90 31 23 45 56 47 20 29 67 62 39 53 87 40 58 37 98 13 61 29 29 13 22 71 51 87 46 94 38 38 96 79 2 93 2 94 31 70 89 47 96 27 24 18 23 85 73 32 73 26 51 52 40 5 79 25 92 15 17 7 39 59 33 3 78 54 87 54 95 83 75 81 55 83 61 34 65 51 98 24 57 17 26 98 46 48 44 6 3 87 86 23 14 87 99 27 74 94 49 19 49 46 22 94 56 2 48 91 96 81 6 85 11 97 51 26 19 90 84 20 73 12 4 96 58 90 22 28 90 51 64 82 26 93 1 51 89 12 77 49 87 23 55 75 64 37 47 92 82 88 39 29 19 27 87 49 44 81 35 81 41 3 19 60 62 74 8 52 79 65 36 38 62 3 82 52 28 28 80 88 65 68 68 1 77 73 93 22 42 25 23 67 36 69 53 86 27 6 98 9 98 41 91 47 89 42 64 55 76 78 87 25 61 9 19 27 17 83 61 36 82 67 82 94 75 44 16 87 27 27 26 51 19 97 51 99 57 65 49 39 39 7 99 29 97 30 30 12 25 18 75 26 41 93 91 24 9 49 20 47 10 97 19 90 42 53 90 85 11 69 86 96 58 16 75 7 44 32 80 97 26 77 78 15 79 70 3 46 24 42 49 62 95 47 29 64 33 53 1 78 95 94 32 28 96 83 96 82 7 35 84 85 86 3 56 80 43 47 78 71 17 38 50 66 44 88 50 40 83 44 38 36 7 39 75 68 24 97 97 1 73 23 64 95 83 2 1 67 13 64 99 99 25 24 93 69 13 88 58 69 17 3 58 39 40 26 22 53 20 80 8 15 84 16 19 77 48 57 3 97 12 98 5 58 65 57 10 46 1 51 39 30 86 40 30 30 54 25 76 28 84 85 4 75 68 22 47 99 67 98 83 71 39 98 33 10 90 42 87 92 89 87 56 78 53 61 70 97 22 29 72 94 44 19 80 16 89 99 91 33 7 13 82 5 11 25 14 71 43 46 7 55 40 82 22 78 94 70 81 54 93 17 68 51 57 70 2 72 7 82 52 26 27 2 19 99 11 53 50 24 23 11 55 7 78 68 57 16 51 95 38 89 23 56 16 98 95 43 61 79 20 50 56 61 7 5 19 82 92 98 66 51 99 10 95 93 31 91 82 90 91 27 65 26 27 80 3 51 89 28 82 65 39 93 89 23 35 95 18 51 46 79 27 98 2 79 23 1 51 8 23 12 27 91 86 30 44 65 81 40 79 45 83 68 84 90 87 22 23 34 3 99 73 59 21 90 75 66 88 83 75 21 74 92 2 82 6 26 94 46 79 53 10 58 77 62 64 11 20 3 62 99 26 63 59 24 20 89 56 60 25 40 37 61 16 11 48 5 14 26 35 66 29 65 46 32 71 6 59 80 74 43 39 80 35 58 79 21 99 21 3 80 70 21 95 96 18 63 33 99 22 64 22 5 99 56 89 17 43 6 91 57 71 79 26 5 89 77 7 13 21 38 18 64 59 28 48 39 78 13 60 51 30 80 87 1 10 44 30 74 29 90 92 2 93 19 19 61 15 14 64 77 34 78 18 52 40 73 71 18 9 28 39 73 84 31 99 57 33 48 81 49 79 90 49 70 72 96 43 32 3 52 34 43 28 8 35 62 74 22 28 99 11 28 38 1 37 28 65 52 24 78 79 74 92 87 55 12 25 93 70 48 42 85 90 31 97 20 95 75 89 70 99 76 64 72 9 89 75 31 73 71 50 14 92 98 63 19 18 13 75 80 86 67 61 50 19 89 95 57 56 15 78 63 94 47 48 19 63 52 52 16 51 90 37 79 47 69 85 55 77 26 96 26 47 58 44 47 35 84 86 64 31 97 21 6 41 6 83 18 23 61 28 87 27 83 51 7 62 68 36 83 98 46 50 7 90 2 80 98 23 87 78 74 45 6 22 57 41 99 13 96 4 37 55 61 10 35 19 95 62 67 54 31 52 25 85 95 79 65 97 19 86 7 83 83 87 84 23 36 40 31 17 87 1 95 6 76 90 35 70 40 16 26 3 54 53 83 42 21 84 53 3 98 85 70 53 75 24 15 79 80 43 8 27 20 2 8 77 30 86 86 1 47 8 81 5 69 68 76 34 5 61 60 23 33 58 47 42 15 17 45 72 16 63 68 14 37 25 66 36 17 4 1 35 66 8 28 34 52 55 77 23 80 7 66 85 5 12 35 79 54 50 63 14 83 62 40 32 17 45 93 43 12 4 96 10 96 58 27 95 11 3 85 33 61 63 81 29 46 44 21 2 94 94 58 53 41 15 47 69 24 3 29 73 78 58 79 93 99 14 31 56 64 86 18 77 7 19 79 33 41 44 90 20 62 24 41 68 54 85 2 68 32 35 38 69 73 40 95 75 69 96 12 48 12 52 72 8 53 99 36 65 11 68 59 28 50 37 28 86 1 35 42 14 7 71 5 54 50 50 68 36 60 20 99 18 93 96 97 76 53 58 95 98 20 1 33 9 54 48 6 44 51 81 59 76 32 76 3 97 19 43 70 22 72 49 10 93 18 91 54 95 7 58 48 85 93 41 4 3 79 72 67 36 27 78 39 89 74 4 85 25 67 31 92 41 17 3 90 95 99 88 64 45 97 3 41 2 15 79 94 67 70 32 8 56 84 39 9 94 78 76 82 57 46 60 1 1 87 50 39 24 86 23 89 74 52 19 46 38 68 14 36 65 24 17 92 11 62 86 8 82 86 74 6 1 93 69 39 20 61 47 99 45 87 40 48 68 22 37 48 96 27 81 97 28 33 31 99 66 49 15 50 49 58 60 64 10 18 43 91 38 89 23 78 20 2 51 57 82 80 56 43 67 91 93 5 10 59 58 43 91 69 13 47 30 75 24 37 96 24 52 85 60 12 55 70 38 6 50 52 60 38 26 79 29 21 30 58 34 48 94 71 76 4 83 82 58 68 15 83 54 26 30 52 10 94 62 55 13 53 28 26 68 58 20 67 99 85 1 44 87 26 78 1 40 34 85 43 38 29 84 45 67 83 67 13 79 45 63 38 6 35 38 47 17 28 63 53 64 48 77 61 68 42 5 5 72 49 17 4 42 77 64 37 81 37 70 22 15 3 77 86 62 94 53 38 2 7 21 23 60 24 19 17 76 81 40 46 97 92 97 14 37 52 10 24 23 34 17 30 11 99 41 74 92 80 29 43 74 28 63 85 35 64 76 98 95 14 56 93 91 53 98 4 24 57 93 14 55 77 57 12 34 22 66 94 69 32 20 68 21 13 5 57 95 21 78 88 65 45 52 98 10 50 36 91 32 13 28 20 57 68 42 71 28 1 20 89 13 35 30 12 85 98 79 51 71 80 32 25 25 80 49 57 76 77 54 96 2 54 72 12 93 10 41 97 12 16 74 10 99 64 41 95 33 18 90 71 9 62 99 11 7 59 52 22 18 73 69 57 89 7 7 12 37 91 46 76 18 25 23 44 18 12 98 49 97 4 74 46 45 92 81 71 10 30 68 97 52 50 99 54 19 86 69 76 86 56 15 69 96 76 61 28 36 56 82 21 80 2 91 6 73 8 7 95 5 61 66 58 83 18 51 91 74 15 96 37 98 54 27 17 16 75 84 72 87 84 56 48 23 82 17 36 22 87 26 52 61 26 95 5 57 25 33 43 3 96 92 92 79 6 47 80 9 13 81 59 46 14 37 65 99 95 74 31 66 65 39 92 31 81 13 17 91 68 77 4 91 51 38 37 9 92 78 50 13 32 13 26 88 85 29 71 82 97 3 86 53 5 82 38 42 8 25 82 40 37 35 28 24 48 82 10 84 51 77 76 98 58 25 39 15 44 8 15 37 4 95 82 30 28 48 85 71 4 64 39 70 24 59 76 42 58 86 43 79 43 7 31 30 40 14 88 76 29 69 52 33 57 68 54 81 2 70 6 51 11 68 90 86 58 34 62 54 52 47 38 18 5 59 1 7 19 20 36 83 79 79 9 95 94 23 83 81 11 58 43 39 88 10 4 95 84 59 59 7 44 67 39 18 71 92 74 71 23 73 6 1 49 7 33 97 89 56 97 86 86 63 74 90 32 45 91 25 15 48 98 24 55 97 79 97 5 16 58 68 62 77 85 70 54 36 77 30 86 81 47 93 99 72 73 24 93 46 80 66 71 55 17 87 32 42 47 36 64 62 91 43 90 60 45 81 88 36 15 89 12 76 59 87 74 79 79 62 24 23 21 81 84 34 52 42 84 27 80 63 43 72 82 23 27 23 39 83 54 19 4 5 98 69 81 35 8 9 39 88 96 95 27 11 67 42 84 90 6 91 29 89 74 84 83 9 68 80 41 15 84 63 50 27 68 47 34 46 90 82 27 61 59 13 44 14 28 41 23 23 63 75 60 22 31 14 90 64 32 54 28 56 22 60 5 65 47 44 38 85 69 59 38 72 55 44 55 29 81 45 30 95 85 78 26 43 80 88 95 31 49 58 14 41 39 55 74 59 42 22 18 20 73 37 19 97 78 27 92 22 12 85 29 91 84 88 41 2 94 46 95 53 45 58 84 59 64 3 90 42 52 81 50 86 65 54 78 3 36 86 23 52 44 98 84 4 12 93 54 15 47 1 95 12 84 80 56 38 43 67 69 45 78 62 94 49 2 14 13 40 84 83 77 99 72 22 69 47 97 50 28 3 28 34 27 94 69 59 29 80 86 67 87 57 3 70 52 11 36 69 34 43 35 6 77 31 12 59 18 80 70 63 48 6 91 96 81 32 71 54 6 11 47 77 11 27 6 63 85 50 41 41 63 53 75 20 80 48 95 68 66 45 81 18 76 1 59 86 47 63 84 38 65 24 28 29 17 6 47 81 11 46 60 70 53 85 92 97 71 30 63 90 84 39 96 15 35 64 42 78 29 33 4 62 50 60 74 84 11 35 10 39 38 17 62 93 31 92 78 10 96 80 94 20 71 57 10 29 57 20 15 79 2 46 88 89 51 52 11 91 13 84 25 78 75 53 49 35 1 85 41 22 89 61 38 34 30 96 14 88 2 74 85 97 29 83 78 85 11 66 99 15 52 87 66 46 28 12 41 89 25 37 97 72 15 56 76 22 32 44 54 41 3 72 58 81 77 28 31 25 86 59 38 76 28 1 67 41 75 60 36 21 41 34 36 72 37 56 99 41 35 85 13 20 94 59 30 45 72 32 70 25 86 1 78 95 4 14 42 9 95 73 28 39 27 18 11 58 42 26 31 66 9 72 71 84 36 14 1 75 30 71 65 11 69 59 44 4 31 10 62 39 7 95 26 14 16 3 53 30 89 99 25 13 77 99 12 56 60 93 82 86 8 78 50 75 26 86 92 24 70 31 20 16 98 88 95 47 89 88 29 73 52 84 39 49 11 94 3 77 91 67 74 91 85 2 86 28 24 82 66 7 87 70 77 17 18 33 47 82 26 97 28 23 11 93 95 16 62 31 43 95 91 72 35 79 7 10 37 27 31 4 28 40 18 9 41 94 81 26 42 88 5 7 17 39 95 81 75 61 69 38 23 31 12 89 1 99 78 97 63 41 36 69 82 37 31 86 95 70 26 46 20 65 98 27 1 92 95 36 7 65 38 86 76 61 84 99 56 79 67 31 28 68 70 54 51 36 7 74 54 79 49 71 99 13 28 79 3 17 51 19 51 15 5 55 51 72 95 31 94 25 15 40 79 85 40 79 73 35 26 92 74 6 89 7 78 66 17 45 43 30 85 15 51 46 11 13 51 70 42 27 62 15 89 73 65 61 99 24 20 33 54 49 4 65 94 91 47 65 55 22 22 23 10 69 84 11 1 11 3 8 95 59 67 72 72 93 95 16 49 31 85 24 89 49 87 4 4 16 14 87 98 7 41 30 59 78 52 99 17 51 44 60 59 67 90 30 7 81 61 29 87 54 48 96 97 19 13 29 37 64 2 15 46 91 62 74 3 70 5 82 52 94 41 9 91 64 48 21 8 16 79 8 34 30 5 46 38 39 70 8 75 71 19 7 22 35 32 11 36 91 71 81 31 54 49 18 39 26 42 73 29 93 90 77 89 62 64 18 28 85 15 37 61 88 17 10 66 88 9 67 43 13 59 31 79 93 44 25 25 41 84 6 16 72 47 14 65 49 73 78 25 55 22 87 22 57 46 99 95 83 51 58 92 25 90 20 8 2 40 52 86 19 71 14 35 16 45 83 74 74 72 2 92 82 37 81 1 72 57 93 62 77 10 63 85 50 11 34 43 23 23 67 86 53 84 62 77 79 95 75 45 20 64 52 62 85 89 76 72 98 86 90 76 7 56 6 52 32 5 84 46 79 31 70 56 26 35 75 51 13 89 4 2 63 83 12 61 61 95 40 36 40 43 40 75 56 65 60 27 94 37 84 25 28 18 34 39 92 46 28 1 18 14 13 11 73 79 87 38 74 7 71 34 5 20 80 14 84 75 18 46 32 79 91 95 45 26 66 90 12 64 78 13 78 99 99 27 65 89 95 66 19 70 72 77 37 23 73 72 2 72 45 2 61 21 69 89 27 66 90 61 64 59 68 26 19 5 81 43 14 13 96 81 15 75 53 34 42 62 96 20 64 22 81 23 83 95 23 57 86 58 50 11 21 6 93 66 34 74 53 6 87 3 56 85 37 71 78 89 95 76 92 14 49 36 83 67 59 79 64 55 42 7 15 88 94 36 60 76 57 57 67 16 82 33 14 80 3 25 87 46 57 67 20 41 45 78 75 67 63 72 29 83 25 8 63 38 61 11 95 72 46 12 1 55 74 28 33 51 12 5 52 45 62 30 39 23 82 82 83 83 67 31 94 20 57 18 28 99 62 59 26 52 29 89 10 63 27 15 5 20 90 21 80 73 55 48 82 92 84 75 90 84 85 72 71 78 50 70 87 26 78 56 68 97 58 23 1 54 1 69 10 90 74 99 47 31 36 76 35 6 82 19 39 13 27 41 33 65 23 30 66 48 85 69 81 97 58 13 64 42 49 25 76 97 32 93 5 95 41 69 3 65 31 7 38 69 30 52 46 54 62 41 66 55 62 80 97 9 41 7 18 36 4 32 13 37 14 58 31 33 58 64 25 76 71 19 13 51 93 62 80 82 94 82 82 78 65 50 36 10 10 92 86 19 13 42 88 15 56 86 62 26 15 72 78 7 37 58 4 85 25 11 87 87 70 42 23 92 36 43 97 64 86 15 48 30 49 87 76 13 5 87 78 76 44 55 33 53 16 64 40 94 10 74 44 54 64 5 57 43 4 25 80 5 3 20 14 31 4 66 93 79 59 23 15 46 6 56 45 51 5 86 32 62 57 26 35 94 60 82 38 4 21 56 87 57 42 21 67 87 20 40 75 44 15 53 10 61 56 52 90 92 78 8 92 26 89 14 68 87 11 47 64 77 82 54 76 50 87 32 71 36 25 43 24 38 20 45 94 63 22 2 42 87 74 39 88 81 13 74 28 55 57 25 18 77 15 67 98 75 20 58 33 73 21 47 2 78 1 4 14 35 82 6 53 29 74 5 97 66 30 34 64 18 29 81 56 99 56 31 22 25 84 83 77 85 9 44 54 12 93 24 11 74 95 20 21 11 6 23 85 21 76 97 64 54 99 70 6 56 76 3 6 9 70 26 58 92 50 76 57 12 70 46 48 83 31 18 64 89 1 58 43 42 50 68 20 88 37 72 68 27 61 76 63 38 90 4 20 37 46 62 10 64 21 31 3 27 42 37 9 67 97 76 22 13 68 98 64 72 71 2 68 27 33 68 85 92 57 62 91 60 29 50 16 13 16 79 36 11 83 48 82 71 66 29 51 24 71 25 90 48 37 98 59 20 2 85 17 56 4 27 63 20 78 80 92 52 56 74 87 74 74 42 85 86 12 40 54 23 59 47 85 31 16 17 49 92 2 40 50 68 99 65 85 37 46 58 15 60 79 43 57 24 85 82 58 15 68 4 41 54 35 30 25 79 59 88 10 31 53 5 90 92 28 6 31 88 86 43 57 40 17 22 81 7 1 98 93 90 75 52 82 4 59 80 12 75 7 67 62 11 2 14 56 75 3 95 29 25 11 77 60 91 89 30 90 93 69 95 95 98 72 51 56 72 91 33 55 24 83 55 4 69 46 53 51 83 80 10 95 39 17 71 10 29 31 49 99 53 55 91 65 74 13 22 50 56 2 63 72 86 65 62 97 84 38 4 28 56 3 73 16 85 52 42 5 96 29 60 92 53 67 38 93 96 94 73 40 36 90 42 33 75 74 8 21 28 73 78 16 92 98 29 34 34 28 79 49 81 92 44 21 38 59 15 32 43 5 35 19 85 54 31 37 59 76 39 99 75 30 32 86 14 99 50 91 85 93 12 72 95 22 20 44 65 17 74 22 6 43 57 72 7 99 50 39 71 20 33 62 16 13 91 24 33 74 88 48 49 85 35 92 9 32 49 18 41 7 34 19 7 71 85 83 64 47 8 5 93 84 11 74 23 40 76 43 48 59 15 8 80 15 73 43 93 56 73 43 68 63 28 27 94 36 94 48 59 24 80 27 89 46 19 86 57 15 34 47 90 49 53 62 40 5 94 87 34 53 7 64 59 77 76 8 84 3 22 31 16 59 10 75 61 34 83 48 91 86 11 30 57 37 97 98 26 67 89 5 64 64 2 93 26 50 79 68 31 66 57 35 56 11 52 81 38 38 94 13 17 75 49 33 90 41 6 45 53 37 80 83 20 60 87 59 55 85 29 97 42 65 64 83 81 37 84 51 7 30 93 79 37 25 43 19 75 4 9 60 58 15 71 17 32 34 11 30 47 52 20 72 38 64 50 74 89 10 44 5 60 78 74 66 67 3 61 87 10 79 64 79 2 30 58 51 88 88 75 65 28 91 70 86 39 26 41 10 15 84 28 91 23 96 23 43 14 17 37 76 3 25 89 70 69 30 55 33 54 24 35 85 68 47 21 36 51 33 38 79 38 92 24 66 23 15 80 5 62 20 91 84 89 38 21 27 82 42 87 58 14 19 65 28 91 62 8 24 13 77 84 65 98 6 22 26 94 6 12 51 47 2 98 49 17 50 93 71 79 95 28 70 78 11 96 3 66 16 28 67 87 47 99 70 6 12 86 79 37 73 35 34 38 56 19 88 73 10 91 92 27 1 41 35 78 18 99 86 32 31 38 11 58 99 49 35 61 22 36 55 74 98 20 99 6 63 93 90 89 58 6 12 6 24 85 75 7 17 8 92 77 26 13 67 40 10 65 50 85 85 42 38 13 52 73 27 7 5 74 44 13 87 25 6 25 19 79 74 31 12 69 95 58 16 79 27 59 15 81 3 98 45 10 31 93 28 53 41 71 31 63 71 83 13 12 20 54 81 56 59 71 86 41 38 86 57 6 72 40 49 56 36 17 86 66 85 59 62 76 29 94 74 19 54 28 15 38 78 60 74 24 3 24 12 1 70 32 75 26 55 50 11 69 37 93 80 65 25 70 41 19 2 78 8 51 79 93 53 14 5 31 71 77 34 91 47 56 28 55 24 14 77 44 13 6 36 24 64 37 69 85 66 18 33 58 76 66 27 7 43 9 46 43 99 52 13 1 36 92 12 11 62 93 30 75 73 69 12 92 58 14 58 25 21 57 93 55 3 59 28 15 95 97 7 46 39 78 48 49 62 37 82 52 4 94 42 96 93 96 72 64 11 31 15 47 47 73 65 91 53 31 7 62 74 62 32 53 29 75 72 9 80 93 6 72 38 96 65 48 81 31 25 26 69 19 47 85 51 32 5 1 98 66 22 2 73 98 73 17 72 60 62 96 7 33 57 25 69 83 9 72 97 80 70 60 53 76 67 5 28 46 36 20 89 19 49 35 90 40 87 25 95 38 80 10 89 26 71 33 28 78 80 90 72 23 72 68 94 13 65 42 64 48 36 46 97 75 85 7 97 51 74 62 67 52 81 24 77 25 81 37 17 40 53 33 16 49 9 83 25 35 77 49 67 53 62 82 44 56 67 98 80 16 18 92 33 24 46 66 31 88 5 24 12 99 90 64 60 94 20 44 59 23 76 14 80 25 55 98 8 37 86 94 84 69 13 97 2 78 57 3 8 63 49 19 51 29 50 61 56 81 64 3 47 60 80 63 23 36 91 67 79 96 13 31 96 6 61 43 18 87 40 7 69 33 9 22 60 25 44 12 22 40 20 76 16 69 71 87 57 92 13 48 37 88 17 89 58 84 23 35 16 81 15 8 44 58 67 78 37 51 34 7 50 2 60 28 21 88 92 27 74 99 66 39 10 12 84 90 61 70 44 54 8 95 13 89 46 20 68 15 81 8 16 28 16 67 84 10 5 15 4 2 5 31 94 75 11 40 84 47 43 56 7 72 11 38 52 69 90 50 63 69 13 70 42 11 49 72 85 25 75 6 13 8 10 33 52 70 72 35 2 13 74 6 41 18 15 4 37 30 17 68 75 16 64 75 12 99 98 55 46 61 87 69 19 73 67 30 10 99 69 5 9 83 19 61 10 18 93 62 1 65 39 20 24 38 55 71 68 49 18 28 79 60 14 4 34 29 84 88 45 78 19 57 46 94 62 80 62 30 12 9 93 74 16 87 71 52 68 98 77 41 97 30 65 34 55 33 87 47 31 67 81 45 10 47 33 4 77 78 41 30 1 72 1 45 49 71 53 14 56 24 18 70 38 63 71 26 71 49 38 18 71 64 90 19 22 19 38 72 93 76 90 38 89 31 29 94 65 70 51 99 75 71 31 89 5 88 67 91 91 12 1 82 96 69 28 90 60 8 85 78 81 4 35 88 44 74 20 25 90 93 30 68 20 75 54 3 40 47 34 50 45 80 1 72 66 40 33 86 11 62 66 43 81 89 7 5 45 23 51 32 43 70 37 61 86 94 20 2 3 18 37 23 64 54 80 89 55 96 65 83 39 48 23 29 83 67 77 6 22 6 72 31 13 2 58 30 5 90 1 77 52 83 36 92 73 19 74 24 15 52 84 62 11 63 84 60 61 88 98 2 67 23 90 81 66 15 48 45 62 74 57 97 50 83 89 47 41 27 87 40 52 85 89 76 39 74 17 29 2 71 40 40 87 76 25 79 78 25 80 65 3 6 44 71 39 72 27 80 34 8 86 77 2 13 76 67 92 37 32 13 42 94 50 45 66 9 89 92 91 29 21 13 88 7 16 14 48 9 15 90 78 28 34 7 37 22 70 85 45 98 47 73 31 93 44 74 34 78 71 84 60 17 37 56 47 54 19 52 37 88 65 34 98 62 8 68 38 31 37 19 81 85 5 10 53 89 46 77 3 4 13 68 13 52 25 58 14 86 5 65 23 8 91 91 13 36 62 63 77 13 25 70 14 69 17 30 40 18 96 55 35 1 34 94 44 2 69 80 46 70 59 82 95 64 91 30 16 15 55 76 62 71 4 71 77 83 54 95 18 79 68 29 78 53 94 42 52 89 65 20 30 50 32 93 29 22 91 39 20 37 91 22 61 39 33 56 63 44 98 14 36 2 32 61 33 1 70 44 57 20 11 64 43 7 60 73 12 68 13 58 2 44 7 48 48 78 6 33 98 42 86 31 73 52 82 47 21 34 96 66 89 81 65 44 63 79 48 87 1 37 94 32 58 78 37 16 78 10 91 91 50 48 16 50 12 6 75 77 68 24 23 11 82 69 15 78 25 89 44 5 83 91 12 20 1 14 96 68 81 84 24 51 31 43 86 26 37 24 78 9 67 15 73 84 92 8 87 12 21 77 70 49 28 32 46 40 39 9 2 90 14 13 29 8 44 81 30 63 39 17 79 26 74 38 86 54 30 62 7 71 97 78 14 50 77 48 32 5 5 57 98 74 73 37 49 40 71 29 98 7 52 43 61 2 53 74 30 78 80 63 94 48 32 24 97 25 57 21 73 31 57 76 25 84 29 7 16 75 97 91 5 90 2 86 25 53 58 41 13 48 25 6 73 92 20 91 54 56 3 97 76 92 5 7 45 31 20 21 79 87 87 79 48 38 45 69 59 6 56 59 97 38 22 36 37 59 26 52 70 16 75 70 45 19 39 51 72 15 3 10 38 15 82 91 41 8 18 8 99 30 2 61 82 26 93 59 71 41 9 14 12 33 93 16 98 72 80 59 91 29 44 98 9 68 14 80 17 8 46 36 59 70 4 39 8 73 30 8 79 22 32 51 62 64 55 40 67 17 99 49 16 88 48 4 21 44 99 27 40 36 65 55 9 3 82 24 88 16 69 17 6 2 3 77 86 46 41 71 55 68 66 91 8 62 3 83 12 66 63 75 63 60 70 48 70 82 15 76 2 28 66 70 46 97 23 43 89 82 48 79 16 17 33 75 93 92 35 88 28 5 91 22 67 2 94 36 1 90 26 90 77 31 98 56 26 21 62 5 54 7 44 94 21 32 19 32 1 17 97 41 42 95 37 89 49 47 63 73 26 29 91 4 79 48 57 83 98 10 68 95 44 11 9 85 63 19 70 88 20 87 51 11 68 50 73 60 92 37 14 57 1 59 76 44 48 90 95 88 89 36 93 23 69 68 99 57 74 66 24 34 22 70 9 16 76 7 27 41 80 8 69 65 18 23 27 53 39 27 18 94 56 82 8 41 87 75 16 15 13 61 14 90 92 40 6 51 55 84 31 4 84 66 3 24 71 71 28 7 32 96 14 58 60 83 78 41 41 14 77 82 32 48 65 54 68 96 53 51 85 69 43 19 70 26 64 15 43 48 60 75 55 16 35 23 10 57 32 57 48 82 30 55 2 9 58 71 84 18 98 77 84 65 89 57 68 33 68 53 38 44 37 53 78 66 42 53 95 44 57 39 60 45 19 63 3 3 2 59 62 47 91 4 68 76 68 51 54 71 52 82 36 3 36 68 1 98 1 31 5 59 63 5 96 70 43 54 82 87 34 30 57 94 60 60 41 29 6 65 83 34 54 90 24 98 86 42 12 89 66 38 98 24 99 98 30 47 70 70 22 18 67 4 3 30 96 15 20 40 63 51 80 80 41 13 20 16 10 31 36 98 29 2 17 4 2 3 32 96 58 19 82 11 23 37 35 37 67 13 28 76 9 17 17 21 60 92 1 87 66 39 37 11 35 18 94 31 18 15 48 59 97 34 97 21 46 41 39 13 90 74 47 84 18 41 52 33 64 80 35 49 84 97 36 55 24 83 5 63 35 27 80 56 59 89 49 8 1 7 79 98 36 38 49 37 96 13 38 26 24 14 24 93 15 36 12 16 1 46 48 92 68 11 76 79 89 36 90 72 28 15 95 34 9 72 87 21 6 97 55 34 76 40 25 4 2 83 14 24 91 71 5 2 42 8 56 79 78 36 57 36 71 92 25 9 44 32 71 59 20 24 46 36 6 83 77 38 59 62 1 80 18 42 67 55 7 87 88 9 29 56 32 14 44 63 43 46 27 59 40 11 71 32 77 40 97 22 74 72 69 73 32 16 87 43 88 3 14 61 41 8 85 16 54 79 11 86 57 87 10 20 36 25 46 61 51 70 26 52 39 2 28 21 90 54 55 84 99 44 47 16 5 15 48 54 25 71 6 6 12 29 95 1 94 4 60 69 86 88 73 57 55 11 2 48 8 91 94 94 66 39 96 90 72 85 12 17 86 23 33 76 56 82 73 22 14 18 59 1 36 72 47 76 75 36 32 11 53 68 50 21 92 83 71 85 76 6 22 56 50 38 75 80 40 91 22 3 53 49 60 24 30 61 15 60 64 30 13 1 66 26 68 58 1 56 43 76 21 8 98 76 63 83 76 44 42 31 87 92 47 89 51 25 56 38 47 15 47 3 14 25 60 6 74 30 19 39 95 20 53 80 9 65 90 5 52 38 67 44 12 75 53 12 66 74 51 12 91 63 89 2 4 71 28 14 13 50 30 55 60 51 67 17 60 91 87 36 62 5 97 98 12 36 28 70 81 84 82 13 16 11 54 67 55 40 75 90 36 60 54 58 35 52 89 4 70 17 17 91 73 73 38 20 46 78 15 77 64 49 40 51 33 15 59 31 28 62 88 34 72 95 33 92 38 89 14 58 67 75 19 19 99 60 82 78 19 80 50 64 88 63 36 64 8 27 25 11 90 71 73 45 83 56 90 25 70 94 9 36 88 5 78 69 89 35 64 1 72 61 58 42 77 70 47 83 43 31 31 60 29 41 60 16 32 1 94 26 45 25 42 81 72 78 98 92 8 36 63 43 62 11 89 70 70 14 97 90 56 60 46 75 48 76 23 81 76 40 7 70 77 62 74 7 57 84 14 34 54 73 77 90 89 44 81 62 51 54 38 80 68 93 62 75 41 28 62 88 14 60 9 33 54 41 91 16 4 37 4 76 11 18 61 72 85 81 61 24 2 96 9 91 91 90 84 72 97 84 95 5 71 35 6 85 12 34 88 17 44 27 70 58 5 47 57 90 10 91 20 75 31 36 37 21 38 87 55 69 22 65 43 10 54 70 36 35 75 34 93 21 32 93 8 33 33 50 40 2 69 28 50 25 39 69 25 51 9 95 23 79 17 28 84 68 77 52 43 66 72 76 37 29 25 62 93 51 69 67 8 44 3 94 28 5 2 12 34 33 85 58 61 7 65 74 39 32 84 32 68 71 47 61 23 57 54 78 52 31 89 68 61 11 62 69 36 13 31 2 79 12 87 85 8 92 67 72 86 96 68 71 64 80 37 55 72 89 33 34 78 79 47 15 53 13 87 33 29 67 34 16 74 44 81 90 23 72 71 89 69 64 75 4 63 93 98 38 28 91 28 51 82 79 88 97 72 11 94 50 63 67 7 14 99 57 12 87 61 93 6 33 67 69 70 91 87 36 75 1 60 64 27 12 98 11 23 97 83 2 48 42 67 49 34 64 51 27 8 21 69 59 14 9 1 79 40 89 91 61 94 13 23 12 13 7 64 27 30 82 70 91 68 66 10 76 96 51 97 45 27 80 17 47 52 17 17 70 48 96 47 31 17 19 76 57 88 34 32 18 32 28 28 56 47 70 23 84 4 79 1 23 76 66 79 86 61 69 78 77 9 81 53 83 88 15 98 92 35 66 94 14 48 89 46 91 10 51 35 50 47 8 66 32 26 69 13 15 69 12 26 32 2 31 49 51 71 37 55 68 78 60 68 80 66 52 48 62 2 31 68 10 84 74 85 86 89 94 3 28 29 88 94 19 9 19 41 57 35 58 40 9 77 9 52 16 47 71 42 57 40 11 73 44 5 1 60 40 70 48 4 28 31 78 48 47 16 3 19 3 60 89 4 30 17 82 69 61 36 84 26 52 74 20 37 89 83 32 64 96 99 74 26 61 37 83 38 66 28 12 66 27 29 6 4 70 17 33 27 35 72 10 30 4 44 48 20 74 60 92 50 64 8 30 8 11 64 95 95 12 30 31 42 82 83 28 3 57 84 74 1 45 1 32 8 74 31 17 83 21 33 94 82 64 65 34 81 60 31 66 18 50 98 88 27 74 62 37 29 79 87 44 29 95 16 45 77 52 87 18 2 17 5 95 70 17 75 60 93 19 13 61 35 20 5 44 8 36 27 72 24 77 18 57 93 1 21 1 25 19 57 14 20 82 95 17 22 56 57 51 59 50 42 1 50 88 95 51 91 3 60 23 97 12 90 59 47 63 82 63 95 13 91 99 32 5 78 32 12 34 93 56 21 6 75 80 18 47 85 80 96 19 71 8 37 81 12 64 59 94 16 7 58 18 12 11 49 29 22 9 64 69 82 65 24 2 81 86 4 25 43 95 81 65 42 28 14 54 70 11 35 6 44 15 64 75 39 37 22 74 3 78 42 21 99 1 60 11 59 39 31 88 54 31 95 93 46 67 87 71 51 2 56 45 27 51 1 67 56 25 58 44 66 14 66 23 49 24 89 8 12 51 47 46 98 50 72 82 21 56 53 13 56 60 9 5 59 17 21 93 45 17 39 85 9 73 54 77 3 3 75 33 48 20 30 61 14 18 63 54 44 5 18 72 85 19 21 50 21 58 8 69 48 60 8 7 95 28 42 63 36 7 5 22 9 6 31 68 79 21 31 30 66 88 54 91 68 17 53 3 70 76 20 17 84 33 26 89 95 58 18 75 49 47 55 83 69 3 95 15 20 56 84 51 20 52 94 36 62 96 47 62 82 76 46 64 12 85 71 51 19 88 4 41 22 32 31 26 68 69 61 61 32 98 4 61 40 46 20 77 54 23 76 81 13 36 32 14 82 54 73 62 47 23 24 16 35 82 89 51 42 38 44 49 48 95 80 15 67 51 68 45 9 53 31 19 30 66 14 40 47 87 37 37 26 57 23 16 49 29 14 3 1 22 57 65 87 98 18 18 54 68 1 64 3 34 11 34 16 70 89 91 59 40 56 1 82 87 52 21 87 31 52 43 47 60 9 18 69 70 38 23 33 67 35 44 89 99 48 37 78 73 25 19 27 48 37 91 35 72 59 77 69 1 4 80 77 62 53 47 55 62 16 22 47 4 21 74 60 5 90 3 66 68 31 94 5 38 22 76 80 61 18 16 76 21 79 31 37 11 19 17 89 19 30 58 40 91 35 89 72 44 99 37 22 41 21 33 23 85 67 14 72 89 99 54 26 34 33 20 52 71 42 4 47 74 5 5 93 29 1 91 9 73 20 82 35 12 25 50 88 4 94 78 30 62 58 85 81 56 10 48 92 66 71 98 62 8 39 12 13 89 97 27 61 37 84 76 31 90 18 61 44 52 17 4 19 10 62 37 45 51 60 16 22 77 3 4 28 6 65 8 20 14 87 56 21 61 94 46 66 93 46 6 31 74 80 69 34 25 34 11 39 35 67 40 89 71 35 85 77 34 90 2 61 68 48 55 17 7 28 88 97 86 12 55 11 50 90 17 51 82 70 77 87 24 41 72 56 41 59 65 10 19 32 70 75 63 7 36 60 62 37 64 85 52 42 51 81 63 30 14 41 19 93 73 20 34 45 15 31 55 80 6 85 32 28 48 31 25 77 20 78 26 42 23 75 4 4 81 50 38 20 72 5 36 52 88 80 15 2 84 57 93 72 79 4 47 63 16 38 24 23 11 18 37 51 75 63 39 72 96 74 47 87 86 66 7 60 22 13 73 18 41 91 64 6 29 54 32 30 22 61 77 42 48 55 26 33 94 41 51 61 56 23 90 63 80 38 98 3 17 31 84 16 27 14 1 98 34 44 20 14 32 42 5 75 38 39 46 86 22 36 61 62 99 34 56 93 99 83 34 69 63 18 52 17 82 6 64 24 44 63 35 84 29 19 45 33 21 57 50 78 87 31 75 25 96 52 89 1 67 96 4 95 56 40 90 61 94 81 75 42 80 1 37 85 89 51 38 7 23 64 66 53 76 47 44 23 11 16 84 5 4 55 69 34 80 32 20 15 20 77 39 76 60 11 85 61 86 48 43 63 63 11 56 55 4 17 92 39 6 41 11 9 20 77 1 26 48 72 10 78 13 28 33 71 47 81 86 97 19 91 34 54 9 79 45 66 82 14 8 8 66 94 78 94 5 55 8 6 11 61 19 70 63 58 1 41 80 27 66 26 23 78 53 99 96 71 48 60 36 36 23 58 65 54 97 84 60 27 90 38 19 6 36 2 72 72 62 81 97 21 43 73 43 85 59 33 82 25 8 51 88 82 35 99 72 84 52 25 80 55 74 48 5 79 74 34 8 95 39 72 9 37 29 87 94 26 29 58 78 32 53 34 38 31 88 31 54 25 27 25 69 69 39 61 10 59 46 47 62 62 23 58 9 27 70 7 79 53 32 54 55 98 95 69 8 50 43 1 79 39 82 96 50 63 66 71 69 95 91 68 35 85 10 53 61 60 76 74 97 49 47 31 78 54 74 8 65 91 19 65 51 88 39 73 83 48 15 95 44 47 64 74 11 61 58 91 32 46 18 40 64 86 65 23 58 4 48 17 42 4 84 76 34 53 98 40 97 76 21 65 26 16 53 6 99 27 72 53 17 28 18 86 69 67 20 92 66 42 13 98 45 87 9 40 22 95 30 37 28 78 44 94 74 16 49 44 68 66 69 43 32 92 96 37 50 7 30 87 82 89 69 43 28 16 40 56 73 59 26 68 36 22 96 99 4 33 26 6 68 65 82 89 1 43 97 29 25 60 31 78 2 89 6 8 74 89 5 70 54 47 28 59 39 58 25 35 24 42 24 42 65 22 14 21 52 23 34 8 94 75 59 64 14 64 2 70 99 72 43 25 79 24 11 40 1 31 23 50 6 81 10 33 35 63 85 37 53 72 31 45 25 24 25 34 96 45 69 62 45 8 63 47 74 62 87 16 46 70 86 11 41 64 92 92 44 71 46 24 62 30 27 20 20 25 90 31 61 96 3 28 89 77 22 40 41 24 11 3 25 81 78 51 77 19 94 13 7 37 78 73 8 6 82 76 72 69 21 57 92 
// di
30986 33310 10321 2236 44284 14106 10870 51359 7964 23685 46937 53518 42233 27693 26298 18358 16084 33064 25818 35086 9881 13585 52733 10632 12892 41098 44004 34485 927 51303 53947 4881 3321 43661 40656 49576 25834 38686 3827 5560 8483 1506 12739 48275 41214 24729 19667 38609 33801 354 39087 53244 39946 25314 5329 24324 9980 27083 46027 7747 53043 1367 36672 47131 37719 24562 1225 27968 27825 19865 23911 42721 29273 40385 53772 7257 28809 30526 10649 22160 46233 8637 19720 86 28832 660 20756 33458 37231 29546 29700 5821 27313 27579 23173 11975 5448 28346 8436 30794 49738 9036 36293 37092 12833 30409 48413 45073 44225 26248 27622 11485 8585 27946 11789 40510 3534 13657 49613 48480 48263 50955 45286 52642 19735 23584 8265 6134 27995 22826 15692 38679 31459 30655 14877 54813 48384 39823 51227 33525 44578 11522 5537 39729 11274 24086 54391 3817 7521 6444 34463 3933 2455 5378 44279 26992 53965 38724 16481 10446 111 12339 33412 39044 19766 14915 40081 33325 21255 41148 4985 29184 29651 17119 42135 3319 42814 49644 22770 34951 27719 14105 20006 19259 17127 6752 30222 37594 44609 5703 22909 3736 52182 21117 44844 50418 47378 8911 9615 49608 21625 38578 11469 13680 19336 39476 2318 42130 4976 52018 6451 10268 51877 15370 1357 13337 21567 18865 25557 2324 39919 14326 12683 12962 23905 25810 34540 4999 23222 22463 42191 29407 35162 777 19599 48467 1180 49304 28343 34065 10277 8711 28555 49818 53859 24187 25713 6120 30509 9007 35572 34592 4408 42795 31884 47030 9657 32926 30925 40571 28536 52386 27160 37587 19655 6795 866 3871 21895 40253 20210 43091 7609 36512 2882 41037 6828 50645 45653 20930 21622 5593 40421 39682 46116 52446 4121 28592 42664 18251 26513 42093 4907 21093 45709 20036 39805 35224 10745 7755 33402 363 40562 20435 4390 6065 46419 8540 26801 52579 39695 52117 25566 10330 23861 37345 18699 49093 10063 26777 38453 30684 52142 20953 49516 30393 15930 11273 19363 18747 16512 49252 24022 49887 54009 32695 21717 39132 22095 28052 19978 38092 6454 33513 30107 26795 53 49469 50841 2812 40305 43148 34571 47202 42079 40591 41411 13850 26449 47779 4373 1104 44171 33237 33812 5346 52251 22194 18264 8388 34757 15457 50182 24503 23608 233 7329 34145 53691 13649 54225 44501 26781 6505 25931 29588 27622 27381 12075 18946 42366 50658 10797 9807 50627 10638 17431 49858 29385 52570 23167 18987 48785 15170 30957 6081 38949 46393 15429 17782 41717 43270 14851 44356 28794 43695 11681 38519 24097 19279 20907 12452 35433 16278 51514 12966 29301 16430 14911 31027 4253 30448 21187 53013 44941 42586 39645 32093 29056 6316 22160 6159 8948 47677 14453 7241 18799 16542 42242 12156 8384 23715 49937 48022 49085 33851 30342 31489 44416 39824 38640 20669 40980 42390 12560 28506 19316 28195 1746 15556 46274 29648 52839 22451 3390 11619 33050 23387 49874 24888 43620 4015 18356 7493 22080 25423 39346 42833 40975 26326 9253 16843 17107 17705 44530 38256 40396 46801 24388 20334 12079 31126 33317 50721 20485 25404 52851 40 8989 29646 29438 43345 6652 2071 38800 4172 27116 770 16961 6132 1187 43203 42758 7089 40043 26394 46143 29588 13240 42071 49975 27522 15396 35068 25738 17380 16387 16751 6366 23393 6478 30937 37080 889 2092 39940 15503 40752 15648 25653 32627 45326 48782 31075 16139 22047 54769 27263 8038 50266 12877 51594 6284 27424 29738 37105 34791 40540 12406 35359 36920 52276 11350 5915 7435 40628 21303 32604 47784 14154 29908 13058 17734 44561 1808 12897 44682 40979 28500 26861 26240 3306 28611 18197 2449 28112 33289 1512 39831 39573 52965 195 6730 7695 54988 35094 40541 20924 51376 16178 35177 1791 24070 47166 18768 51425 52693 28449 33933 30945 48947 35092 22650 52021 43267 38057 31538 236 39185 22361 7822 44516 27918 33970 41266 3784 37234 54445 23194 19012 50330 23063 51285 45891 37156 3431 11934 33262 6213 10151 46343 3651 68 23586 33216 37013 24800 51649 49044 3004 19634 20245 30904 18808 6566 4768 493 8431 21863 54940 7171 21167 10046 34353 46824 37301 46085 51900 31871 31977 7559 18263 46812 34514 14807 27177 14444 54937 31895 31684 24570 17582 24419 16986 47510 53231 41558 23561 11260 23153 25193 23925 970 2216 35595 31392 20963 41841 38646 10826 34805 32895 21693 48162 19015 25872 39865 4349 23120 51748 25847 52396 3058 4844 8056 9186 2663 27485 16667 46822 6243 30614 18760 358 47149 7401 32995 3740 343 35889 19909 42529 15500 50090 8167 14858 38224 4963 29795 45073 39234 42346 31673 37311 39589 22751 31000 12047 93 15736 41274 29706 37986 54172 5541 43102 19781 17288 27659 47461 40400 37616 29546 24600 12250 14793 51766 12492 13476 51279 21977 9942 46208 34794 7681 54203 17919 10575 47552 9940 8153 22745 22029 15076 27983 52343 30857 53388 54497 29725 26566 9965 54222 38030 51183 29694 9685 20336 35246 10446 41851 27134 1649 44916 27143 42036 37671 17190 49223 40782 8235 82 6723 41873 45567 46912 45946 50149 6202 25375 20151 42639 18928 51359 48265 23215 28773 48403 29508 37119 24911 5691 48379 22115 19421 14919 7082 37561 50602 12986 1904 49464 26827 1861 28605 38173 27369 33315 44174 29882 28065 53108 20410 7761 41764 29628 6493 1363 5285 48529 26100 31524 38125 4970 15102 52375 18995 18371 25717 44604 8975 50675 6473 31765 25288 43238 1987 7818 22930 13216 32451 48841 33723 28858 40818 21417 1647 42939 41906 17673 21369 54847 13056 23031 47355 32977 36760 46703 45685 11879 54049 35268 53965 38438 8685 47320 4600 27427 48771 5172 316 4686 10523 37019 2436 51630 34547 33798 45086 29982 53493 51286 45176 28205 35650 7734 35628 51693 24760 23210 49297 39440 31335 26857 34962 11873 41671 35040 54382 5597 5644 26569 27317 51922 1112 26008 51935 12474 18940 10386 16021 36031 30929 37927 9688 9659 18922 6061 44428 27801 36485 18015 25256 7503 32863 1931 43937 24981 17504 40928 34521 11605 20814 48021 47888 15527 17103 35856 35613 5034 36181 20717 39701 48742 51681 29247 17491 49497 13043 15372 52640 13698 42995 54256 52248 47769 33601 26100 37513 38068 31201 52648 47502 22755 41701 8783 36142 16564 53731 33064 28517 17758 29999 16828 19329 5262 45042 21898 13283 29088 53858 41719 5107 11224 3818 46451 36765 53238 38453 37420 17494 30155 21336 2944 22379 53396 47409 42295 43571 52986 41274 38294 26281 50353 17728 44856 42231 291 17239 16583 30983 2875 3359 9149 8705 3303 33925 27507 37146 33148 22783 26912 28549 46406 39451 21856 24363 717 42158 9434 53980 45822 5788 26365 12498 5388 8416 40718 12501 27264 49428 5956 16372 26882 16145 42774 41477 13242 6875 33769 36063 22078 34835 1640 13132 45188 5561 16290 7380 1009 50584 20514 38355 1661 23434 52577 54891 42468 38439 26061 9790 36239 52007 39368 20347 14926 35139 25690 8115 5480 5729 29646 21628 38373 1070 29049 37385 15935 38759 38998 41365 31368 46031 51684 51542 37256 32570 49585 45109 24584 354 26842 34506 37236 7241 17377 21615 16724 45280 33820 41190 10869 11643 35916 31713 33824 35355 51262 50415 50531 20343 42251 49488 45372 22018 34187 280 32967 29804 44535 43475 22495 54165 50173 31260 39192 25345 6151 4708 22875 5048 43291 29062 49292 11785 44041 15969 15664 53914 49468 31809 36097 12946 42036 40634 54013 18030 17460 48720 203 17268 36830 1659 49936 50867 46389 26933 19077 33281 3635 46928 14956 53934 28200 5078 2715 14133 23784 7813 5569 30640 17718 23646 40679 50567 16501 26819 3432 6554 13475 38404 19179 18452 53148 51179 16368 4364 52063 22571 37790 41902 17003 21694 1087 29186 30800 32041 43194 327 15846 24144 31101 23241 17591 44543 50683 37538 39565 4210 30973 22349 30364 37573 15271 2023 16422 42045 39851 7793 33616 9123 35062 14768 31455 14783 47499 44135 10213 43637 38003 20705 43384 43151 43056 18976 9487 34274 6796 24304 24810 3995 45564 10704 233 17864 48664 28994 23899 21075 44203 27613 21302 17182 34537 29288 18003 3842 11929 2396 45517 33135 7745 13934 34221 42579 18423 22691 31870 54329 39479 7305 53793 25090 37002 17045 44448 15046 515 36084 20177 50071 13319 2320 17564 48316 9383 53720 9737 41275 50360 27797 10031 14711 21937 1913 25110 42495 46007 901 23371 7423 30464 33082 6682 21338 31302 18607 18445 22794 5259 21199 20592 887 282 46525 30964 6916 53246 31769 44256 33552 5354 4024 39917 13430 42663 40333 37780 44434 54923 35647 14792 14852 32595 13255 16219 38404 6377 20000 16613 35911 19489 2188 7313 27782 9230 42057 2348 50362 15068 44898 38503 14455 2973 53725 43213 20436 41902 42391 38131 43620 3995 18268 11657 27691 14935 53883 22329 3189 24594 30800 8066 14481 47047 35998 50813 43565 34806 18640 9232 10020 15010 41522 32987 53356 18565 36052 48140 20418 38465 5191 49839 47335 1630 16443 33605 5368 6835 48583 47366 12955 4370 23323 38562 22395 12181 2984 36325 46116 23849 21076 23319 29531 26160 8368 24962 10289 6788 49049 16081 52695 22550 8629 14019 26008 44253 18675 14546 19385 5129 13488 34723 43436 51460 8612 53623 51936 21222 4256 35579 40423 27114 27056 19299 34867 35182 7371 14043 27149 6020 33176 8315 28110 54569 41391 20826 37736 49036 51549 50353 42719 54265 20763 493 54387 22963 8972 7887 45648 11389 37284 46944 10416 18892 35088 44685 30469 20218 21432 11721 3937 17743 20130 50803 17952 15709 54358 28804 32822 22462 51964 28365 45674 19594 29984 19647 22240 2087 25317 42854 25871 41890 22791 32679 9730 47814 49899 1642 3839 28125 34229 31283 51915 10328 836 48954 33816 30343 47463 38170 32118 54424 797 33315 21097 5947 14147 15008 9414 28791 54732 5456 11534 27024 42285 221 47673 51582 24240 9709 34510 12103 46774 46525 16359 316 16881 25588 3735 53179 30034 29018 51773 8159 27765 14875 16783 9379 42746 44807 48943 44486 40524 53417 42484 5761 31508 33102 46285 26069 19854 20842 36024 15264 3516 29707 47134 41610 52558 19225 52288 33257 3867 42548 49181 12964 49739 32185 13568 49087 47427 4111 22172 9223 29207 54190 16633 27998 5793 49467 8933 6342 30486 11655 2195 46690 40763 33151 54621 16094 7896 53512 38547 49590 25047 18782 29341 49020 13179 45397 45513 44294 33530 41500 4150 12998 7229 25913 5688 28763 12471 3533 34360 20652 53901 35206 22810 3721 9458 43506 13158 47184 14893 34880 11473 19594 47536 3311 45037 45884 19974 32630 23051 46393 28539 44619 35093 24660 50961 36286 7962 40020 3457 49946 5012 39560 33245 12987 47594 20984 21948 48530 36870 25769 47678 38406 51256 51315 45954 45607 41866 30304 36593 40764 54746 3400 6914 28158 17721 29806 4723 16289 30547 20647 16469 48706 37673 47978 9044 11690 25683 26412 32992 14173 10745 38246 42461 18964 4184 22205 18688 31483 36196 29991 6790 3998 26002 8690 26475 28570 53374 18031 8019 28503 50872 8838 41347 33619 18742 6329 27999 26777 4966 8040 40847 46657 2237 44960 20770 42421 36748 52352 52539 38145 49680 2235 1221 44987 4112 27822 28575 47904 51668 37478 14945 17477 18376 43289 7522 49321 41752 25596 23401 2033 19933 48613 4585 4168 52475 4151 8210 52131 52208 4732 7419 32470 25256 17530 31373 19119 9155 53852 38896 14518 16148 21676 15047 44949 9808 19696 38665 20833 17257 628 24538 30057 5444 35625 4134 30989 22770 39682 12519 14378 1278 7492 28886 3060 22702 49823 7582 4665 8489 46116 39852 23722 29176 12009 28745 9990 26435 25468 13425 7616 39926 11822 3187 6880 38001 17041 51837 7285 31177 36323 38305 30670 25538 26990 15217 11755 45664 12515 10125 41192 10636 35869 48543 858 9645 1471 4779 15899 53026 53791 38686 21550 17328 41039 41004 25048 39124 30160 45127 52031 47315 15379 32341 6897 36944 8811 3918 33933 29493 27043 3269 24158 19708 38167 18069 44334 44760 14060 24336 16686 39303 27675 14637 26560 23643 49422 32650 9392 2413 27790 54726 49187 1009 46868 16343 10976 20183 15099 9079 4028 39044 6693 21626 42761 29996 39824 47156 18859 31704 16636 17785 18276 37897 9749 23437 24105 19390 6435 37787 16584 23905 40893 27555 36697 2257 24678 5892 804 39519 4772 34022 17695 21275 50883 23832 22572 2184 51742 17188 10134 51857 49701 22301 24610 7384 1012 1576 31476 7582 41742 18859 7532 30481 44008 20346 35912 35638 34811 29412 45853 53573 51901 19149 13057 4849 53283 24509 25903 45802 51551 28152 4279 29649 39426 26103 23660 31677 17436 33188 5563 26364 34097 52515 49248 26482 16638 29279 28833 46332 31279 29466 3283 12563 13495 48412 51300 42355 3376 28716 42969 30178 6487 23518 33942 30394 14968 53843 18136 20990 26103 12332 10975 5718 26433 42400 36829 38371 20471 18765 40280 9776 44884 22866 51641 17210 19508 41755 42031 22079 27877 7092 26948 11251 36681 43170 34128 19062 33443 39901 37135 16145 6320 7282 37955 42252 17967 19000 26884 46515 49519 48797 54365 17910 21739 14487 7651 35053 42358 47803 18684 53959 50712 26448 23917 23282 19418 19085 42325 34435 54458 16225 15439 7178 43852 34276 12786 40313 8913 13584 30737 30002 20539 27797 43462 300 29462 47936 38228 26107 7718 8438 13432 39534 53989 43765 18482 31469 17940 3114 47705 42618 36420 19672 26970 7255 7189 4247 21615 8174 38037 13952 19301 21869 29745 16824 37000 27086 1798 19731 25486 17694 31064 10885 35924 41948 11679 46223 8430 19222 48769 7224 11784 53580 51639 4191 53526 19601 40967 46147 41016 26727 44677 35113 39286 21503 25635 32022 5692 28430 45653 18204 23699 7332 13384 24635 10809 46121 39517 35067 994 18401 52932 29636 21104 30394 9319 5971 34649 1008 35334 26147 35125 4268 25693 25288 46672 51842 7826 51138 17899 5095 35900 46244 49458 2817 11407 13287 7863 45027 48556 13172 12040 40296 47759 38458 47061 49421 268 12116 38611 36046 16003 9922 41419 11696 11279 51459 30130 23089 3665 22096 53348 154 11646 29409 36455 43037 34119 38307 51563 7469 54412 30897 38368 46104 45280 8809 15571 42634 3333 54489 4677 34206 29478 35114 3061 33621 11297 11471 37609 33419 51381 22557 38609 23460 11822 30502 11804 13866 25558 10673 5501 6248 11659 694 17880 19576 14673 45208 53429 21832 29219 16174 5995 40198 51441 43628 26276 12493 22867 5527 42095 22449 462 5839 14195 20527 38224 19197 46788 28621 21603 32308 41977 8841 14274 39564 35348 39814 44968 21073 19685 14351 35417 48157 126 9280 5931 11164 22479 30446 10638 43378 51263 38678 42284 4340 37546 52865 23694 49543 24272 1476 13212 38093 23104 47519 27254 45842 1915 20542 40516 18355 34255 21464 34500 8835 16736 17386 16852 49089 39748 28725 24664 33872 51776 13742 7152 34813 18326 37745 25497 3871 6378 45848 2409 2382 37444 21227 14104 36055 42082 4550 23263 25442 20682 8214 39465 41385 18629 49336 32494 25392 3036 46769 19230 33491 7008 21215 39045 8999 54423 53468 31202 52736 31240 28503 10180 39609 24309 27742 30965 35803 46703 8195 48877 12849 21876 47050 25591 36649 48684 5626 13313 39365 13941 37660 48025 855 32196 20340 9589 12561 48387 6572 40136 1692 50194 41629 15964 1368 3780 2263 9124 41028 54209 39419 3452 33518 12067 44816 43205 14609 17679 9892 21766 33367 4748 3191 35684 41115 33472 18100 8770 31561 47070 15713 37743 47906 4022 5304 20252 38598 30808 35038 41013 32582 6168 15484 38603 583 43515 17795 12889 47214 26031 9599 34752 16840 20608 8920 26070 23621 52680 20528 29891 1985 14003 12143 18700 40380 22994 27613 36827 45770 22033 15604 40513 31774 33729 31476 41555 54107 1425 53020 955 26392 6349 10159 4452 49394 48091 19510 17172 11646 25149 22434 36693 363 14450 53001 35542 40914 31984 20595 23977 27862 37112 8868 19719 46046 47730 25406 17440 7634 24760 1831 21797 48850 27344 22237 25420 26090 43416 48569 20060 28408 35612 51812 48540 37312 51896 17813 9647 30900 52662 37842 50632 53186 30570 5781 18129 6175 43280 54260 27751 11067 32318 1855 11834 11348 54898 7008 6405 29544 30175 53035 19705 5504 30791 28277 35355 6194 19 20671 45501 44878 44091 20910 50627 10452 31715 28501 16955 37550 17816 23664 40103 41077 39912 28044 36870 9712 15009 38024 27373 31936 34911 1982 33414 33755 51779 32185 971 28815 40398 49885 41100 1254 34810 11512 20662 23021 48125 51613 11558 38692 53131 31139 10290 35025 51802 40776 18150 12047 37723 8109 20519 13603 50970 818 16992 46857 7262 34499 6861 51216 53714 22096 23188 3398 3300 48275 46389 33225 43578 1881 29794 10275 30982 7157 23706 51405 1887 25348 6942 39857 961 12894 7088 5930 8054 32759 15117 50651 36426 45262 3792 32368 51186 26817 24836 18263 19783 14659 3230 10027 51791 29130 43584 32008 27975 30335 18178 34318 15739 21440 43774 14705 23640 33486 20658 54396 32948 2874 53729 26163 37026 41212 19718 35375 46051 5417 32304 51915 5778 7401 26702 3443 50037 35963 49152 10379 13133 27412 22642 32905 23808 52673 23571 39996 53876 19223 22210 27890 28933 48477 49454 45942 43493 41425 25564 30101 45678 51372 7459 33992 18721 38455 8527 13814 51811 30708 19883 21943 33263 33556 22471 26231 26689 20668 12823 45023 27682 49579 28242 5504 53419 45198 4478 141 17103 2756 30892 24599 9079 1468 17955 17020 5459 21030 48218 52727 18891 8922 9355 37758 48148 22327 51405 28641 38976 31115 8753 27468 12760 41852 13196 16810 39095 28433 373 19639 43973 46862 27386 51930 8266 1215 25762 11893 46368 33550 44130 47788 17037 42751 9936 37752 42574 48382 20940 43267 36941 23011 36616 24593 9057 51088 40385 384 10733 8063 42391 22334 16881 46607 13090 31177 51237 29130 29072 39418 40005 13403 13623 22116 45995 3025 14989 3731 488 3033 50695 41600 11225 2371 45921 5506 7986 37398 12075 54099 33296 16180 7470 48213 27417 43405 9950 14115 45437 16653 17645 26230 19889 39862 53157 42410 13682 53738 20050 2428 16544 45684 35979 6147 44727 8746 32846 38635 37569 40905 28718 23292 40484 54579 17219 10584 6176 29542 43195 42330 15421 9940 33148 655 45152 22522 19037 4867 39813 18497 1310 52193 32737 47913 24124 37261 48331 53530 12675 23303 51878 42638 38380 15929 33981 27245 51657 12410 54389 20412 4930 5104 18623 35746 37971 40125 43353 35261 19517 12847 12484 34954 11068 26998 12684 14153 35279 15647 41155 1312 43927 12020 14684 7226 18819 25354 13574 10569 35119 14976 4203 7408 49640 9406 50094 40318 7754 37721 28506 36486 48278 40116 47680 14651 53465 4111 51845 49241 28081 49347 26595 6557 31344 26983 36045 14690 54555 53840 232 28985 18468 34982 23339 48424 27129 5031 8870 46517 14618 40170 33795 34260 9157 43849 21019 8700 6717 29420 17740 14083 48508 10408 38662 9128 2902 16226 24848 28992 11807 43860 19527 18396 34425 26607 44766 54925 53768 12082 49477 6524 50012 32443 1370 39018 2425 44868 15822 48908 14783 21585 14119 49171 32965 19247 40102 5762 27061 41234 10383 35760 23983 46025 11348 32060 6252 12258 28433 37404 42870 1599 19440 8650 18111 18691 28399 30603 12427 20168 10603 734 38938 20062 1873 54554 26100 34922 5579 13188 36492 34574 11431 24139 35556 4501 50092 54145 51052 28392 7754 48781 51556 5062 23174 25468 48132 39143 54168 47602 1733 2541 32115 4331 52796 27159 53975 24672 11579 2839 18259 22660 30870 29986 2237 34629 53648 37500 15786 27481 40470 18422 52445 5085 15680 37346 20182 1952 8317 11444 6518 30083 42067 1940 18038 14648 13898 34594 11161 930 38986 43414 30747 4188 38197 3235 34996 41280 48137 2545 18148 1679 21646 24257 35313 17656 18718 32237 50032 54294 53914 21975 40012 48331 28019 4688 24871 48719 16540 29599 54562 32791 4591 50974 31438 17456 42970 1251 39334 17323 18123 10101 21243 49405 1324 30827 21830 12396 6614 24622 6839 49845 18022 7598 32917 41703 26410 52518 36172 30218 12690 28978 50762 19814 30943 36237 35790 7419 4922 32962 39399 46700 26044 52453 40768 2097 20457 10933 50994 13422 6761 32960 43833 40030 50637 48846 23117 1362 53453 10074 42664 10386 127 36093 49360 47568 1613 45579 43135 7434 10316 2253 15556 14631 5004 36447 51270 2064 46047 20707 13065 1883 31044 52173 32269 53564 50496 32760 47845 4397 51665 6329 5454 37430 2839 51834 20860 30575 25004 33020 48320 49471 4625 22315 53758 33190 31197 14321 18589 11508 13737 25548 49368 54165 21684 43879 7883 34684 9888 30984 11868 42426 40336 51854 15606 30468 13179 23550 49406 51505 53491 38131 766 7427 24446 8519 1426 44203 12694 20541 12045 11563 20233 120 7007 16415 52145 53657 51754 19899 17003 46286 48326 16886 23659 7474 37640 29601 46688 37463 50614 33313 27682 2089 19512 37691 2056 41327 19578 39982 19268 27374 7356 27172 39970 47595 38385 47623 4844 50172 33741 8080 7878 31055 11330 50384 6328 16648 50027 53927 14528 47701 49738 5561 50530 12925 30487 45575 52244 38155 29359 40209 45266 21912 27085 54274 39046 46430 9979 29683 32682 23054 49315 54697 48182 11095 50512 1647 13234 19922 40608 23497 16488 47214 440 34173 3261 33689 53407 22873 15575 51887 477 18463 38683 510 52006 26088 8202 11903 53787 24293 31802 4726 8671 31018 24010 10434 3454 14637 32456 53778 13173 34208 24690 6909 33316 16736 26642 47560 1780 52429 48378 21996 52939 1475 35535 26295 46204 50323 28251 34974 45678 46717 22129 4469 28179 20709 53197 52274 44144 49016 48196 53726 14352 32901 28398 39956 27957 47418 13470 11139 6349 40177 5071 33882 32607 8685 51061 17225 42193 20636 53052 54738 43245 35121 33847 4161 20488 20575 18245 54652 44509 30036 10217 46948 29654 6676 42206 21455 28321 49353 53457 21285 2992 10591 32751 6965 27182 28138 9888 40546 36785 39523 22197 34081 45181 34571 1046 32773 46176 52387 23918 35134 53640 21201 42034 6489 29240 27939 17126 40388 17313 4633 50323 32625 30940 21912 13853 38305 32202 3098 1572 32919 50587 18784 32282 15782 470 39883 15437 9201 30088 15714 14499 12039 7269 8979 9728 2858 25423 40011 28848 41028 8286 15210 34339 25022 51346 21767 15662 24068 50635 15813 36896 6133 3221 7370 27846 27932 13234 33700 13318 20597 9526 35293 37535 15604 7904 43819 28621 39777 48247 34033 1673 47815 35270 48709 24773 43675 53002 19972 11859 27673 14844 40348 53876 5839 20895 17475 40969 43459 1522 28784 22945 54272 27535 39897 22867 3657 19254 41540 233 1003 32461 41380 11407 41251 54998 4694 20849 45046 14677 40908 13338 37285 39860 12494 49865 27804 2699 37261 47054 11092 25457 40989 37362 42272 633 15764 54729 48665 53895 24428 5942 662 39188 45786 32743 19054 34951 21047 7232 36599 36467 302 21787 51101 28986 48375 3331 51716 12359 47942 5728 27873 43685 35609 19862 5363 6206 24104 38698 33696 31396 30169 9827 15334 29882 5430 33173 29617 32014 48373 13306 18019 9489 45290 14408 4359 19346 38289 9000 18168 33265 16042 8637 24630 3331 21564 42130 17717 25611 37052 32362 5274 38913 53932 27992 14153 13064 37081 13451 18893 20892 35827 932 33046 47810 22312 28269 30710 26387 46087 47400 37123 37169 33418 43032 29192 23149 44846 45063 32059 6239 54558 52348 21043 25199 25928 29047 27246 39918 13565 28269 35444 19341 50830 39136 36616 23780 15467 32758 28593 26961 40302 26465 37870 31753 14370 48552 11496 42111 22937 45516 53485 49581 30567 19911 41738 19903 51238 43415 48220 6512 21429 52017 33752 32283 8419 23100 48854 42598 30236 47321 41722 1408 52620 34425 15945 19467 18712 47553 50462 20899 53088 19275 46573 36965 31185 25752 50468 52477 15718 53542 38129 41349 28386 26665 40457 18164 29679 11674 24275 9307 25614 47335 33924 42513 23363 2066 46213 26001 52173 19654 23105 9249 46093 34981 33250 19043 53536 11932 26091 51337 9280 39417 27717 36867 26567 49648 51269 4545 9311 49839 54581 38214 12090 36777 46111 25986 16610 33842 8794 21042 52021 7764 3528 17258 15952 3344 53425 51900 11994 6184 34374 41157 16491 8120 17431 3847 20434 10127 47223 14399 22391 47371 33921 52765 37917 17713 47704 6667 19033 12543 45209 41987 33177 18534 2065 6252 41163 8358 5900 13816 15587 39986 21960 1642 19053 20704 10040 29602 8311 47241 41671 39199 44358 47141 26589 46524 30961 44012 33278 39368 54324 44711 8360 47207 19914 47081 19616 24413 40707 14550 15221 43268 8397 15177 17002 46784 5873 17700 51784 17995 30053 35986 1147 20215 54311 25304 19557 25183 45840 29383 41595 35290 51922 52745 27576 2048 14424 52914 8384 28362 35493 47914 29011 34929 37709 38963 48177 53964 54295 13528 36630 50690 9077 18439 20495 23610 25120 6401 20115 1039 52809 6035 32733 42576 23841 40643 10019 1189 9249 50178 33024 35007 26812 15398 26921 35485 21130 41618 39915 44768 47379 40422 52347 40852 31888 17497 30999 51388 49244 29627 26687 29872 11346 42408 38711 54115 52676 52142 5152 29249 5764 35221 39394 28239 19403 17935 11118 15092 8690 20700 10121 24773 31537 52633 35116 8672 24947 32902 33651 4893 14941 51137 36436 9244 7115 12409 51067 47545 11116 50949 47189 28635 14464 40416 44730 31910 28099 23873 16235 5193 35033 43591 647 26572 44764 937 53067 6089 6077 43266 15853 17954 39404 51744 32182 37929 48850 46764 48657 20927 12739 32450 32618 36027 21844 5227 51032 43747 50021 18617 51352 19425 4 54123 6241 27165 19465 19833 17027 54548 15702 50666 37233 1976 883 6951 13064 472 32563 35287 535 9914 39593 45450 25811 50383 4451 15467 1109 23562 34745 34392 11773 45959 32238 24389 7794 23351 45565 4583 38435 32497 50569 14440 6708 49412 39893 19654 45389 24418 4090 44904 48851 29187 43439 15399 36660 29032 42002 48292 17611 8875 12742 3398 808 10305 18348 32352 52552 18139 21686 45879 12297 23709 25424 27068 46632 30563 41088 54747 28520 29916 21758 11577 54329 14139 53232 10653 37867 16166 52866 24259 19250 326 18926 13170 31685 465 43496 25775 34088 27480 5056 16541 37929 23030 33857 54609 32006 19525 53193 15374 15960 38939 37867 32507 13867 40192 1165 20920 48696 18407 34370 4257 31638 17693 54874 4531 20838 25062 32123 30245 52921 25559 41596 16397 30157 50407 9919 14400 27509 7624 36842 54555 46645 5243 643 1133 50308 8067 10007 10694 31320 18480 33033 15861 314 30710 25911 22699 25208 13673 45599 48355 27339 4342 48543 23007 19027 12072 10518 47140 24383 37447 34217 722 41716 34539 45978 42243 25982 10787 15097 14784 39728 28809 18734 39912 30604 33293 32342 12851 14156 49775 19038 23300 20565 2936 12339 30219 20541 18837 28401 38443 3579 41773 23614 2517 12179 29493 36371 13660 13706 45006 41938 10713 7620 53288 17298 32840 44720 13526 46040 7279 52047 26575 23455 22371 10081 3139 18190 24304 28527 5056 50812 53491 38499 30339 11141 18333 32066 4601 33740 33741 35714 17371 28155 4028 54747 15799 53153 1163 37597 45389 41038 35822 18379 46077 9926 42958 21164 9578 26347 22898 28925 36053 8448 27054 24849 14808 16504 32954 40719 18032 10517 8676 49027 21200 51096 52758 28047 41065 42532 22056 34444 16053 30010 12103 35198 33014 37754 35970 2245 20489 21716 18765 54911 46402 27915 45519 32436 26437 17840 47378 50651 52151 12529 9089 43971 10236 7848 2358 10094 53605 40504 7646 16607 37516 28080 42919 35308 46701 15730 25066 53641 17696 12177 7872 19327 15315 25929 39057 20941 6604 45797 50918 45919 13093 27608 21525 44985 12199 38544 21245 27717 20333 32973 53171 47964 25271 46387 38133 7539 19873 28061 13728 54116 19598 53328 15427 12655 3316 20275 29587 26378 23618 28071 22165 52499 43952 27990 27074 1342 25846 48819 294 53749 12175 37170 41058 13210 45177 30414 30982 42452 28288 47756 19915 22707 37100 37706 12923 49615 25319 42965 50400 4548 13862 13087 14839 45566 11680 49849 16377 11717 51045 42066 43520 45984 25139 10526 22121 32703 4812 44571 32979 38815 32526 14221 38031 38399 19258 24115 47611 36912 23357 50916 45152 35703 12254 25336 1918 8600 28517 19885 7627 44186 1397 25937 6480 30498 37624 34373 54174 42408 34368 20732 28151 31761 6962 29554 34965 31376 5483 50078 15261 42365 51274 41954 971 10482 47723 40941 32642 6385 33520 36402 25317 48124 50250 1958 35267 14692 44022 39391 433 46359 44980 37500 49278 31950 23036 41748 37941 29449 36592 45293 43307 36959 32438 23721 6984 28102 36688 47668 110 52880 123 1999 376 26217 17917 22430 7087 18831 41427 48433 54604 50780 47631 42941 18609 46893 31515 34911 8724 23111 48593 46095 51044 52789 2310 16021 9263 20032 22669 26738 7616 29512 315 248 547 8746 42247 42742 45630 11386 30635 13077 43790 48909 36475 32951 37217 18475 16946 42833 53068 23956 37515 30579 40535 20392 32658 9477 24120 29192 6390 41973 4424 5040 5861 34461 28767 41618 10236 7988 39361 43033 29719 34575 8743 41093 27173 52079 51452 9993 8289 16221 39164 18749 53749 16049 858 22166 5747 52087 23142 42619 51134 11070 7136 23943 649 16481 5672 22099 21456 49641 7357 16727 22430 38151 33224 51104 14805 50792 34902 45363 20925 52105 877 41335 23181 40325 6629 14101 35202 37904 38692 2233 6799 54224 1834 14844 735 25591 28196 37731 45434 7741 54091 35654 43881 5908 4722 12155 4669 40200 15607 37369 13790 16005 43390 11226 16014 43065 23761 38788 5674 26808 17327 43218 36467 45017 14849 33883 51366 37263 51592 52657 9947 19104 17783 869 38107 53271 36630 51180 47023 19287 3499 30657 13212 47344 37357 35784 22861 14240 6645 8218 41215 13843 19440 52547 42672 39302 50665 40952 16143 9237 52195 21188 36529 53542 54542 45932 5411 40581 28783 9201 16898 39314 50173 4242 2846 13743 36 37227 9702 36688 4755 51554 45530 5056 24288 34593 37944 15262 11980 35341 7755 6456 27454 5720 44288 13064 26009 15124 33540 31384 6505 8526 8356 17446 51227 17353 35096 19301 21281 16345 8781 46293 35963 28787 7750 11765 20936 19933 48656 9750 25792 22280 6600 4862 32743 54459 38915 54979 29736 45486 3090 1904 20956 42197 5076 28611 18004 30782 15468 52670 5936 21698 32087 3 33124 54753 41282 44583 44570 35277 45487 4944 23166 40082 53321 3784 13925 1878 28386 7530 4198 28865 13997 21934 20361 3417 54350 46562 43246 12374 42090 39753 4364 15823 34025 9301 40960 41278 28307 45177 7157 45681 44073 43814 41256 676 46847 17220 32906 47149 38670 31721 8116 44297 43467 5625 18621 8854 33111 50219 4907 17946 48852 27923 27637 34239 30698 26950 53708 54971 13195 34496 14554 39338 21542 19812 12061 21418 50103 7215 12324 50742 10089 40515 32951 21379 52798 11769 30970 28890 24104 47861 35506 33426 21566 49135 49502 28809 1083 23090 28602 1460 35000 50727 49402 21805 17435 42071 31162 31574 32217 21333 23524 20120 10782 10071 20660 27009 42168 15796 46732 44112 51710 370 48526 52685 15857 52384 684 18287 18431 16772 1462 26482 2888 13272 38270 38037 10179 33030 25413 7171 53336 1632 37282 32289 51702 25576 18226 4716 20562 31989 4367 46451 23818 42984 5657 19000 23698 49820 28478 32731 42240 35141 21783 44997 48389 27528 35253 34312 53943 48281 46700 4998 54421 17269 38944 3397 2071 21078 54928 42053 8351 25526 1248 51115 40867 12583 17286 34280 15830 28102 44358 43446 41273 25357 53028 38893 33620 46171 37718 7545 37508 37369 933 6075 18375 39335 16820 31464 16342 50033 26814 5857 50365 44895 13069 51475 264 53016 49316 29578 41579 19442 49260 25324 46095 40202 42097 42691 43427 15380 30341 47607 13827 8016 46192 34480 1528 33270 47303 24031 13552 49783 40519 16552 10585 3973 30185 35165 49836 47544 40786 42414 15858 37906 13808 43472 50262 31166 15503 7376 48507 34348 50956 114 16198 27226 48944 12919 31269 45387 45386 51669 10964 9914 43702 50681 4802 43148 53993 50419 23076 5634 35394 54768 34766 45249 46189 48998 9650 4958 30582 33895 33473 38261 20636 41292 19405 52608 38248 39813 54175 48511 31516 2820 25382 49087 48511 52684 251 3779 53390 53968 364 18069 38085 27118 2583 11932 26860 135 41649 45401 28518 22374 37909 23204 13080 52269 46940 49536 39356 44661 10371 29005 44609 44330 9553 31019 43559 11595 48183 46807 13205 24536 21132 48426 24404 8606 14682 54815 2296 32849 41923 31303 50698 44212 34762 18710 48850 31070 4530 26980 39453 36385 53179 46131 39834 42990 3253 49875 48777 13953 5778 10843 31919 21438 48482 2777 30412 14590 14403 30464 37610 43049 16638 10217 54567 35653 23473 43774 49750 6183 54865 22871 23659 24964 47002 54334 41945 23293 23800 42513 5790 50139 19920 39565 1815 7575 52038 4579 35679 54504 31583 45454 35122 26118 25611 5238 3607 2316 33316 29389 30373 3676 44086 26766 15243 42111 2367 11897 23870 7610 9757 30521 48111 6516 20756 14580 43196 18365 42559 17087 1420 26094 13628 15945 27835 2032 16760 15044 18160 52330 5125 36359 23937 48671 33333 26445 52362 49384 44710 30163 53066 11570 31007 13498 7048 29671 24730 49688 19863 34133 54825 2732 29633 22451 48120 38445 29760 22536 37440 53221 21766 30893 53695 48663 17678 1462 50085 38126 53653 11507 7556 50588 41751 29918 41756 20140 586 41026 18236 31259 7347 22172 36463 11183 209 41607 6512 29043 853 45317 3487 40976 28685 24919 3251 23328 45495 16018 27433 31629 34789 3831 11266 53705 42125 51203 30156 40153 39895 1594 35397 19310 43643 52314 42137 9969 51965 18448 22808 27718 5355 13673 7107 29303 17143 32243 53746 32806 31497 863 32266 47585 28767 9014 29035 36301 4420 41831 36273 41715 54975 32222 32751 53609 52941 21497 49660 2793 12723 11672 1178 20196 32307 28110 34333 6648 36285 24073 9344 44147 24033 5515 9829 26424 40723 2640 14034 10614 35775 668 27528 26206 45404 23167 28528 7124 46037 11215 13366 5007 26890 43690 34744 39370 48053 6830 38426 21434 17672 31683 28937 29291 43735 30162 11631 38657 23866 1171 5852 46429 36748 53917 44769 50606 51588 51691 310 25038 11464 7570 52565 48328 9662 21790 41765 24229 45961 54639 11629 35051 32431 34912 21007 3327 39496 42608 38044 52409 15068 17271 53730 1635 18096 271 6601 26261 23632 26714 27219 44901 19263 973 15147 26039 48411 18598 48246 7313 25038 40494 33247 33626 597 34265 7782 18146 1288 47973 7784 42029 15019 14859 22251 51090 7485 40658 12496 40081 50523 2746 27958 31880 45156 46844 32583 54434 29227 14801 6441 30263 22575 26472 33653 20141 6020 30374 48626 14290 37561 924 47294 30417 3197 33204 9866 20581 26979 16066 40708 44619 9359 23433 7501 41903 24393 21963 31538 10996 40821 8929 13956 47509 5727 31850 49906 43185 15157 38219 54921 12520 18962 39352 28104 21680 30031 14539 33541 26486 20688 14663 33971 12221 6200 52823 15193 41769 26759 31038 26189 35419 52936 30105 38892 51714 51564 40349 53378 28748 20677 12085 42445 15215 41012 32789 9570 35492 28642 36580 18456 41905 9289 10099 14456 18030 10278 5076 16078 14893 10921 52781 33570 28333 4507 4915 41247 37257 16332 29915 29211 1325 54680 26598 46349 1863 28051 14525 52585 16353 27815 35286 33411 22198 35986 18473 14060 38357 21591 6714 42747 7406 9394 2374 47014 2742 19048 10404 26573 18372 37908 10346 26167 34608 46323 33843 13477 37504 46324 11343 45497 27764 24653 35546 11979 12922 40799 31981 46524 33681 12010 5639 21090 3540 38083 51267 34304 52267 35377 46711 3617 54256 41463 22897 911 50425 17547 6068 16737 27763 36067 22901 548 1825 49325 54785 37236 33068 21036 16128 19113 38923 21111 12937 1581 47481 19660 1259 8276 44366 292 19146 41345 44925 52625 19371 2250 30968 12639 48179 37472 29782 44399 51058 31934 38701 37206 6019 30773 13855 42252 10999 17191 24228 34907 16295 52717 34113 5196 12487 45380 49479 249 52920 48901 7347 40928 15216 8243 16883 28463 49904 22181 11678 15241 9124 49241 29772 21626 37406 5861 21972 44948 52471 49156 17760 20411 44375 28265 25784 36102 17893 42769 26475 41872 18757 34749 32871 13755 16390 37881 27933 15916 50284 49863 16477 23195 20380 246 29198 19431 53549 31065 51083 2879 37651 13938 6243 23081 11117 36746 54383 7693 23117 35588 5051 26031 21927 19475 48751 36833 20701 15112 17810 50262 23099 35484 10223 52968 37070 41043 8349 51088 34539 28079 31520 38056 17502 2585 5451 31237 28538 7875 40648 6869 7350 35043 3122 38981 1374 37444 49178 42461 51855 47391 29726 4028 47897 21889 51102 54464 7889 7214 43510 51606 51378 18887 34586 17892 40393 1822 22028 18382 3529 46044 32055 24084 16546 16919 33740 26770 30896 5996 53110 29897 50929 45226 52851 42600 3548 53819 26857 35302 37600 30688 16993 18897 47915 50496 37058 27814 79 52791 5263 27957 23666 18579 50970 40904 17802 22261 38471 44659 26451 46597 9165 45248 36543 13606 33543 11991 38714 25725 23207 35493 31125 51382 9348 33727 33344 25753 11791 17906 14751 43736 1167 49488 38306 5755 11167 19714 25894 19630 15182 49428 19128 14528 28449 5877 15452 22140 39058 2547 44721 33250 37926 3938 167 44142 1559 37004 53317 1925 51782 54580 47462 30481 6718 16559 14347 22104 46159 8691 1404 14512 34681 5276 17359 35058 44276 25452 42246 49575 10656 47571 10086 50494 1916 50458 51979 47789 39293 3805 43582 16357 44136 52601 10912 33892 41730 39813 51002 17904 30125 53444 21817 47090 42752 15131 4089 4627 42946 29909 31262 47582 7730 3019 39052 32769 25797 47811 11241 52368 51129 42259 35742 49858 2791 35865 17455 42937 29609 47787 2733 54907 16585 54426 4352 49764 32203 32453 19257 11614 50514 38764 47264 23665 46167 53190 26073 44740 27178 41000 20747 6536 19367 12771 3389 38427 36523 36752 36144 12236 36525 6025 33496 36547 770 23935 10172 32204 20717 12529 23530 13412 7443 46612 53921 29679 45519 13466 41483 37872 18263 48546 31659 53218 10854 31021 14601 53062 12978 13500 3384 33709 21458 13607 7691 11447 37252 10634 30646 26235 26707 38333 35163 40621 5749 21313 19331 34907 9752 39852 16531 44374 47159 35722 40428 50144 6771 8891 23967 11787 9053 54563 44136 8259 32643 37532 47001 51313 28978 31224 38710 39316 24070 19284 44750 46145 3159 32885 35497 26492 13277 18380 40689 20980 46394 45862 44218 16624 17581 46063 22321 23293 36381 39244 18709 37316 21822 35605 46174 36684 52775 4314 23370 16746 22380 25127 23520 14026 8963 28441 8133 41637 12412 34833 51441 6732 34589 16057 45742 9284 8890 54044 29459 26006 17991 26561 13897 34477 36587 47459 48640 50037 36536 10721 39558 50553 45448 1981 10800 21741 7584 41959 27934 22414 6305 4015 35145 42194 45068 32170 11783 20027 37816 14972 5555 21550 49836 10924 33369 3324 16591 28462 37301 16937 19399 32644 50954 40990 13021 41075 48350 45157 23719 6373 24958 9926 25369 20916 19720 44470 37011 39110 34885 23551 18231 44809 8642 38210 7450 28669 18973 29090 22039 49830 34195 37073 21378 54582 5075 54134 8374 23096 623 28406 2343 22383 25234 6949 19439 4757 1646 23349 32961 51015 29530 40543 34460 48070 20743 50048 11343 9482 19343 7436 26680 11601 45210 13774 47211 5078 26658 49904 49772 28592 48752 54762 48144 34979 29500 29285 18272 39570 23863 11769 45126 6876 37175 6286 15887 39357 42291 45483 34124 36737 37123 33746 10298 19616 536 36177 10707 51939 40686 43734 35278 40404 54709 10405 31605 21303 20694 45105 22873 18105 3557 20028 42461 48565 50924 26184 29056 5650 24645 54140 18130 44645 5308 9157 25532 50903 41003 51913 17180 13540 32660 20321 45257 3246 24770 10544 37566 50416 14804 19562 23825 10648 31665 46182 3573 50307 9106 23454 9394 16585 27936 30923 53994 27384 9251 23941 45257 12394 39830 22925 44277 6628 6994 29074 36342 45500 11980 48651 31197 6091 35896 31983 31757 37560 9969 52172 53478 7467 37805 47085 8929 32118 24415 42224 48910 23295 32144 3535 53532 23580 2115 185 7178 39351 45256 16058 47038 3823 4474 23522 38799 8780 11194 50840 17292 41669 2366 31087 52651 21576 15760 26361 11481 6233 21559 40566 39224 21411 16930 50917 44129 28322 36178 594 14057 3705 54231 12739 36437 32273 23183 7623 883 46750 26784 11857 39601 33460 18813 44055 6190 37049 28725 42557 54813 40194 32912 5780 36591 47944 43086 32010 18019 33734 35296 22728 45550 50360 1091 16303 38198 34853 31835 8304 5084 2679 17221 37803 24030 26069 29525 20817 5077 3596 43031 50002 25544 9765 46470 4771 12894 14078 27953 11598 39444 49269 6249 576 51817 8540 43409 6596 45237 49601 52614 35806 24739 15959 16436 48515 12208 21430 45669 41831 14938 25928 28088 41322 46878 33443 4972 28317 17362 45131 54824 43011 28830 39133 42982 1312 36021 4103 39754 3758 46720 17800 39510 38746 10038 34498 236 1869 14169 21885 33876 9611 48775 27440 44284 29690 9604 35922 34637 54244 27137 33854 11614 26497 32859 19391 46473 38181 27047 45379 31312 9533 5431 16700 24426 34614 14448 4491 530 713 11995 91 6190 20924 8888 47620 1517 8591 23510 54576 2028 51430 35311 40438 25617 54733 44049 32230 46737 41995 5062 36492 24140 34683 21769 6802 16268 53996 18573 23239 40836 6314 37749 34025 52347 31970 21348 18321 50963 24749 25348 34882 40844 31786 17238 38956 34114 49744 22351 47463 20225 51042 48563 30989 5731 4329 47691 44603 34838 19226 54087 24021 16400 34739 6278 16813 8501 11947 39672 29151 39443 52841 21053 51038 18138 38228 22099 26262 48439 25612 45758 10335 13907 41868 38419 3532 691 36843 24739 32562 21137 510 12278 32829 20074 7227 46779 46123 3335 25392 8697 11524 37263 35496 46960 30195 22655 8924 49880 35930 50097 5044 50011 37491 43081 28327 15842 29071 28964 38612 3665 48057 49599 1330 3414 27109 21614 2224 40075 2384 6985 2694 17211 53601 41018 1817 17948 53820 22863 52460 11077 11837 52720 40185 41500 31485 50624 20000 28258 37969 1014 45440 2761 38038 49305 18521 50474 1450 43831 35625 20124 35554 49032 49607 5657 36048 21807 28145 21062 22600 33555 40937 21181 22877 30157 52529 24135 19596 25267 4306 46722 39530 26009 29616 6371 8628 39289 15802 6538 22993 20131 15483 6893 1584 30116 22958 21547 38582 15356 1399 44305 9496 8185 54216 22430 42499 17047 10678 40566 39265 48044 45573 629 24395 23101 28351 49924 54517 2186 3476 42034 34667 3324 46795 37408 4527 49323 7413 11123 51847 7387 47888 9709 22127 30975 27394 42457 31060 53688 72 51441 17749 40201 53053 24514 39510 37932 18460 44103 46450 14404 34773 30479 31877 26120 33621 26279 50796 35743 10396 42717 15 3508 41009 1041 22194 12481 50394 5199 54535 37946 35027 23252 18037 10163 35309 11749 47447 38764 16848 20749 12411 29087 41616 48488 14216 36031 37010 50722 10892 5121 5686 52128 39625 5918 51413 44896 4780 27099 24607 30173 12576 16160 14879 31685 42766 22239 31402 45053 26514 41213 40098 1162 20477 4162 30246 6396 47529 5994 29006 15127 28252 26069 48631 32661 7693 48390 6159 50508 40841 29415 27904 11325 54616 48923 54342 25850 9357 2258 25170 12584 25795 38707 37397 8707 9559 45801 5319 35388 27079 8027 24463 33372 34809 37015 1489 22827 40057 7384 38749 45403 36317 1380 13878 1332 2573 48634 7579 31186 18250 28525 50089 8422 39548 48720 35315 47742 7728 7963 46244 44696 14253 17318 40610 30055 5712 37597 9388 33377 49830 43363 14388 18881 52025 3567 156 35302 20408 15356 13770 40355 53993 32284 48428 16557 16202 7344 17180 41815 14140 41754 11219 24188 22884 39378 8685 16325 20520 44099 27477 53848 12425 37833 10171 42564 3961 6930 20334 23900 18737 7307 41645 16866 14660 33245 18574 4208 14604 5455 26829 29065 11939 53128 52603 18547 4698 24668 33626 40757 44861 40735 35820 31101 54487 48297 34165 51903 38425 6563 42393 10532 1336 32211 13805 17074 21447 42771 16864 34891 857 35827 37254 23687 44871 11248 22571 15679 38949 22126 30661 34874 39988 51095 28132 21671 44196 40417 38483 6940 11285 41057 1086 27722 25477 5226 54405 23849 50688 44146 38539 40607 40218 21350 1795 27894 49376 9323 42045 16039 27034 26438 6272 12888 25740 51373 26035 4070 38326 169 5450 25519 14620 30631 50336 20302 33728 14047 10766 33841 18997 54867 23238 40202 38144 18202 52416 34936 9703 52748 19941 13770 47633 48203 44389 44657 52643 29094 14732 26819 17052 35064 37432 17646 28600 52101 47183 46844 8913 24942 54809 32530 38105 21568 10995 49355 2801 8232 1041 38991 47899 22107 39735 2499 14739 31322 51340 34152 7336 48907 5063 24583 20713 2678 43124 7549 52700 23814 25149 28569 25066 30278 11122 18076 30121 50430 272 52914 25450 11954 7239 18043 16014 40285 26262 11223 46358 45369 26503 1545 33130 44768 9257 825 14317 27381 47620 629 6511 54890 19582 47508 40467 21612 32277 34489 45247 49809 27839 24809 26100 26875 25848 17530 20119 49720 29991 20321 44290 16159 42998 40930 47272 52214 44069 32077 7978 30272 2312 14431 37307 22498 50503 50783 42943 30603 8548 12265 23761 6420 49278 25477 44248 3988 10351 9727 44981 25773 2708 45064 34384 8167 38657 31520 821 37018 6493 51642 20021 1092 20264 24796 28008 16919 10771 11436 7707 42474 50781 12308 11499 51398 24988 40 3834 38867 6577 15518 43365 24498 50966 46630 23782 33117 26471 19906 49578 47305 53853 19843 2655 26319 12410 47850 11336 21901 12555 45335 17901 33324 12818 11253 35085 8767 30411 23859 45357 26283 19565 45256 46422 33710 10936 7618 42211 40942 14269 23515 39802 26939 40106 7900 43746 21650 8909 40460 2421 7298 8772 44615 22411 38617 4969 42232 7749 39490 15648 44717 32817 50725 26756 7299 29879 42346 32576 35654 48857 41898 13073 9246 32408 48534 10075 34524 32515 4214 46110 38006 18600 11595 38128 9 49148 54715 45342 9886 22271 7423 47259 5688 44744 1135 30985 36146 14888 6414 8071 15148 40481 21064 12715 20326 23058 2739 31463 45779 30381 36042 26403 49000 26809 17736 33741 49394 3492 44133 45271 54968 22155 48901 31803 40524 2775 42996 11789 5621 36172 17249 35663 38288 16523 37800 44120 29412 11310 4632 24750 27106 45852 51290 4106 39053 38014 5566 30935 6436 10176 53087 49658 35095 39206 42814 48296 4807 22700 48124 42479 39123 37085 30992 33699 33719 39164 24888 25884 32634 15896 28692 15113 9642 15611 49349 30771 30315 7734 15280 3440 2798 42627 49811 50499 6286 17243 35084 29369 53854 52174 18036 35346 30899 46596 13934 14459 25807 51189 6941 18363 42957 4782 31600 6714 15196 42275 10559 12361 2156 27098 22569 40812 29805 7050 42717 32708 18681 16402 36451 24312 7590 52109 36688 36557 18897 32152 21720 19115 23985 45563 3999 33582 1 32126 506 50831 29096 22704 19720 14610 34672 22905 37014 15268 36093 15301 44748 10434 14060 11061 25258 40850 1462 26837 18928 17597 26009 17046 19812 9613 15788 33471 3837 14121 31047 20167 30787 24910 46034 46482 53313 46141 10262 24152 34914 38359 48555 12241 36576 6226 45420 41275 8760 15109 28041 21113 24267 29418 27881 3858 32970 18744 47390 35986 12391 41766 53287 37653 2933 44891 3898 25327 535 8895 33005 27890 1325 22569 48761 9093 41228 45708 51612 53443 13923 53334 51902 33672 38642 12203 43719 4965 38787 31358 9075 26340 43270 6706 43295 13876 42487 8764 18676 12838 51794 16980 14320 45544 8935 820 46799 32681 44900 9300 2949 44888 14398 50462 27596 24272 16544 8342 4804 46135 22504 4551 8106 6063 10748 47420 2815 34843 8367 2070 33297 31174 21076 13590 52479 702 33302 49313 11535 763 23049 31021 21917 26490 22513 51539 51474 43319 26864 8335 8335 51699 42012 46888 34523 52628 22302 41574 18107 8968 1891 9436 53919 29026 7533 20293 1359 17274 39315 17915 45511 37656 4337 32540 26141 48333 38729 49877 20647 27855 43718 10070 49157 40901 12667 49551 39343 52401 16735 38882 54692 44322 47253 52304 38651 30254 38800 24876 20446 12032 51615 9702 16100 50738 44135 36181 38241 10015 8467 25969 53133 38997 50172 22182 25005 36489 45446 26038 51382 26527 2173 10626 39123 43203 16765 18777 26632 32136 15614 20927 37880 50014 1883 21145 12304 24281 5937 35635 3514 31315 10087 13079 6826 44898 17492 2333 30775 24498 38911 42171 44498 22485 1621 2394 26815 43789 6524 12059 46257 32112 19318 28654 47468 10177 1804 31202 28393 49503 42237 49007 53910 47357 9581 425 44156 35902 18901 46029 50846 39003 11420 7616 34258 45342 3891 51685 37177 45937 43852 53640 20616 505 49777 50273 17746 17789 3723 30082 34094 48196 37336 5805 44530 37560 43510 6033 38640 46464 22986 16250 41834 5150 6086 31755 2724 36105 50321 11059 44120 46400 27718 52499 941 23686 10183 3776 28526 41373 23087 8150 8022 53912 4411 52981 24997 14085 17136 19115 29373 9531 52376 42210 42268 14584 5250 53187 23642 52098 9430 1504 3686 25999 33629 20936 9640 33898 14795 53002 41794 51126 10228 7223 13294 27970 1922 49385 16590 8479 43198 20608 16484 39324 37316 21809 4500 41720 10872 21097 15371 28486 46951 13257 35147 389 4809 9286 9420 15730 33644 1467 40219 23295 11798 8776 38022 33489 16748 40289 32608 9223 16037 29429 37792 10091 693 51053 19854 36673 39303 20648 28783 53450 10264 17477 34348 44458 46691 54063 47136 20353 4834 17050 18030 19564 27949 31374 42846 41202 40304 24611 48791 39277 26644 20281 8868 28651 45907 29357 1012 46005 28585 41542 16618 1345 13552 3184 7816 21085 31340 25673 29177 6586 32759 42573 39584 32577 52820 13540 9053 25109 52794 21541 38984 10744 13013 1571 32987 35748 17081 31276 54521 6456 41324 45919 46320 4427 54024 16114 3306 29455 28465 32593 12161 15512 5951 3930 39193 38801 43688 25678 37433 5095 12622 5286 49482 20322 36338 22058 21624 18178 17454 22790 47203 23879 41732 49352 39506 35053 31312 18722 53595 35299 31200 3259 41601 29636 42901 7102 12197 23235 9444 40041 44449 1955 15377 44562 47458 17377 39032 29642 22192 43303 26061 39877 15291 33165 33228 41207 19184 40441 18847 22045 30410 53332 32832 50335 44442 47601 6762 26996 33116 14075 28268 42756 20831 28637 45705 53550 21390 47657 15909 19784 53474 44453 37314 7011 18643 4351 1478 34959 4914 34307 24524 34999 54010 19986 10060 46794 18517 13493 28406 42229 31433 36000 27190 33245 38177 4170 18277 734 41713 53647 11240 11080 10764 10995 1527 17022 8379 32718 16062 37015 13771 15055 49306 22200 22461 33107 50992 3348 4010 31847 22442 19954 9934 22562 48222 13583 19038 33021 53694 40585 16553 41218 47582 28470 18014 36634 45144 22144 32328 41368 24151 38641 1105 36954 46377 37811 12664 23737 13333 30615 1392 7701 44236 21840 46793 45271 52207 17172 32044 25795 42346 44332 10782 1736 30911 48031 48376 20820 16680 47800 2700 19013 35108 11471 4712 39491 54468 48099 44601 30841 4765 130 17268 52807 35226 41411 40176 12396 39024 21375 22120 21823 11448 28368 52368 46461 52962 10386 40645 19910 40907 8242 20183 54126 2168 47718 33096 16978 3667 46039 32576 29215 48452 34450 4528 282 5193 48638 14592 53591 38458 838 2655 50793 14370 33517 10067 21625 287 19881 28710 34933 11782 29336 46416 28338 9784 6627 49805 17032 47088 32779 49770 21026 51032 113 40144 34390 8405 17391 44484 32624 20466 20438 19389 30394 4872 10618 21184 10725 18161 8658 12223 20841 54489 21594 25474 24285 41026 30921 28305 3708 8060 26774 38370 53876 13607 41201 35150 24604 39619 4737 27805 38594 38226 27805 39068 33219 34915 2888 31746 44269 46749 50033 14448 34384 28754 13910 44819 19087 38076 25315 4882 37380 49754 1603 15502 5144 34298 54840 17389 40773 7089 12328 52997 3371 41278 50309 45464 21081 32745 53996 54712 54168 34142 17281 23949 23710 49415 47419 38951 9984 49684 6525 52944 37913 40484 13109 47532 12010 21576 41740 5164 45866 40505 37883 14955 47143 50167 7891 11425 36595 26421 21412 12762 25307 51371 26182 1978 11654 52520 26204 53567 34676 20124 26543 5821 31048 3712 38471 9682 18730 7925 34995 12593 10047 21924 30789 47477 35629 34042 16234 28051 29935 3744 53168 8387 8383 39905 38595 6804 8327 19310 5610 24613 50422 52077 44987 30741 32933 40679 3016 34561 7546 21447 10228 30231 18167 24012 7931 8541 23519 2410 42465 17448 10812 7283 35538 36245 33128 44120 46183 26593 727 46469 21365 29754 24531 38036 34889 22622 12843 11806 22732 44701 41723 25716 36583 20870 40416 38628 446 28574 13103 34948 23137 50587 11312 30491 21099 45864 32293 48908 46527 25408 39262 32610 21999 45830 40045 23672 18000 34422 52786 8606 42858 10694 32946 9566 49840 38599 20636 298 49542 49249 44667 534 12816 21796 11216 22256 21946 45066 12245 50932 50653 21220 3488 37224 49591 25199 8733 46537 13664 7979 36017 50878 19563 6647 32396 34544 4270 22737 27102 28243 28208 49701 51942 40970 45388 35250 11537 27741 43241 46469 23866 5630 2572 5457 8406 44526 13842 39731 28886 23756 31163 42288 25926 26216 24989 35560 45155 36971 44973 24626 47043 10977 39041 47957 37067 27176 7549 52206 18608 1699 46162 23143 3416 30573 35088 46635 13097 4367 9290 692 14998 43419 4380 48256 21058 36292 12914 27554 31596 22973 29951 5686 7184 42933 34155 52964 29783 50080 1984 37876 17728 36695 24231 50511 43430 28533 14070 34033 14881 16219 20427 33335 50977 46333 20696 51743 9771 6928 21208 43875 12152 29308 3 35737 11657 31700 18608 22253 31115 52881 15192 22483 13011 19478 31921 1590 11438 47114 4114 41150 33376 11856 16218 11124 17179 37280 42432 17283 29141 41856 40450 7106 33690 41356 49123 11277 30827 50431 30759 6680 47321 28081 44757 12337 5874 23178 54412 10865 6461 38315 9083 24442 2761 8057 51450 38330 50059 50533 8012 13556 20403 51895 46280 949 49201 40024 18150 22132 19906 48555 50564 36382 8430 45460 18049 50359 276 15709 7873 41462 29369 27505 16373 47725 3778 35719 41420 25611 44070 38014 34727 24903 35334 36832 9303 18407 42739 50483 9298 54542 54378 37205 44787 17167 12755 32836 16128 3578 41228 26591 41193 35557 25286 51104 35371 48294 5412 29859 45261 29775 24679 39072 51351 15501 37190 21379 51048 47440 48414 1897 32469 42375 1464 49794 14725 48814 41962 20324 17493 34412 37589 37314 1047 52028 48628 18413 32947 49451 7132 41176 24598 14733 29028 1475 9501 46204 3173 17570 3469 45475 40970 41345 51927 53329 15789 34008 3329 47806 24529 15005 38090 18009 48988 5546 22052 13032 34850 52052 25025 35704 10321 20401 38334 49550 21187 42175 25931 15449 36657 18664 43347 16594 31108 814 6870 32733 9008 53941 31940 31253 54019 3089 1150 25451 15225 48324 36754 9489 23290 18850 22496 29117 6095 12538 15976 17008 28355 42997 49310 38767 32547 51664 21118 50627 48139 54273 24740 22219 5528 29524 19630 26355 9054 49699 8911 48889 43983 12712 24261 18102 43280 7878 47405 22877 43248 24811 9556 5068 41474 40085 26 29565 18396 368 43097 27535 27698 44135 42510 37819 1920 11325 4661 35991 52538 40256 11154 23229 13670 26830 32873 19763 27138 13042 23590 10670 52088 31059 31835 41077 3121 43207 16237 38957 23603 45403 8790 27468 50474 52974 18378 31936 44058 50162 49270 48568 10661 21366 9217 50115 33176 44530 31394 36092 37728 32652 43117 2575 23471 54264 27203 52518 20855 9880 13780 4611 43655 17282 39471 33031 34300 20773 27576 27874 31620 33727 8732 19778 24695 1342 48724 10802 13532 14741 42783 53374 39863 30460 21215 38383 12352 46837 13437 47481 12929 3613 36113 43709 28436 33176 51055 18925 49488 51133 37029 37823 6064 51513 21741 15192 37583 28116 17955 43576 54203 12545 36510 29464 28102 28247 53873 31567 10149 52110 4265 27334 46489 41655 35884 3462 32205 51782 18386 6344 35588 27116 13583 34237 10976 6237 20332 41270 38257 42156 49724 47254 46498 7455 12001 719 22581 50330 4615 13699 50633 32374 25082 4571 33334 33996 48859 23936 47751 31993 26009 17337 3876 15072 25250 4859 4182 4134 37269 38477 10482 36529 51991 20127 7181 54589 604 14346 36879 659 8467 22728 51201 42135 4194 41636 15784 23173 708 30661 47622 2282 6083 35610 32184 36750 8076 29508 47494 37415 3182 49275 13729 25900 25368 9577 49764 40529 16326 4596 38007 50105 53464 25231 20887 25992 34803 21085 53924 9421 28147 928 16588 8140 41003 21731 37931 6682 23317 41967 47339 29235 21243 21154 24892 35909 13120 21470 28 39644 47357 43431 33002 44703 45444 23894 11454 54041 35219 32510 22279 6609 27374 3396 29407 13650 53479 47458 36329 33526 23488 26036 21454 32850 26496 27501 23874 2652 1906 658 11966 46901 22262 32797 3815 47931 37480 14860 36172 49773 11456 35364 44102 15371 50331 5790 6566 13406 22551 53989 42990 43241 36477 20064 6703 41326 39522 33184 24365 456 44816 47697 49508 35195 28459 38857 30497 503 43940 11968 49257 33140 10372 41788 48529 34652 22874 37387 54129 37849 31444 14028 9307 10438 43832 4174 52139 17716 14638 22019 8984 31803 47122 23555 12258 54506 20808 12041 5127 22344 16619 26547 18889 18827 29048 10887 6559 21753 34806 34431 11045 8132 14358 48169 14694 48796 21831 23000 43775 52639 46160 253 4228 21917 50901 30585 21111 20882 47778 22891 9873 10545 13999 15929 48044 54416 9964 29811 44098 28929 30285 45956 32789 47147 4588 16923 2620 42711 24524 8807 49167 33632 40691 46326 10495 50978 602 30204 49214 50501 5469 32022 54364 30546 31516 11281 48380 13821 53416 34979 21771 15365 2010 17736 51112 288 9240 29909 39109 19348 16191 43620 33356 26028 33228 27561 45289 51370 24983 6015 49157 26439 33497 50294 23436 22298 14493 36481 13760 38700 6451 44386 15778 12762 39363 13942 27706 19597 11180 37015 7252 15386 33466 43941 18672 94 27793 28972 249 6173 46019 10361 1770 25233 31897 23446 25771 21746 50969 44327 11628 53130 27443 19482 54614 43846 40788 8043 50902 35298 42083 4582 1007 51600 1303 2450 24131 33418 2251 33689 49229 53297 14693 33724 46253 23209 26637 30764 33811 24831 9701 20045 29844 7745 487 48414 15467 13673 32317 39608 7710 29650 31773 2223 13857 44008 6863 49294 34468 40982 31840 41754 18148 54999 10994 44618 17499 46221 14029 20611 15725 46255 26894 9029 44722 14275 46877 10392 12967 51388 11097 7670 2418 17985 15396 52039 39325 49998 48281 34595 54180 50539 18862 40039 3747 10140 42069 22591 4409 36997 4297 30985 26465 27226 37797 23336 29331 23732 44130 2749 8149 26011 11543 1561 54549 6974 42409 21040 49636 34137 10520 28432 14555 1371 9437 13452 3762 3754 6517 858 38545 28754 38712 39403 21893 11233 47030 24194 11605 21233 17641 46137 2486 37428 45480 10946 40226 32597 45169 30087 39585 3515 36708 29505 46981 41244 28350 14711 15699 36449 50590 33457 25345 44152 54438 19947 25445 33351 34201 6630 31676 42060 34818 27399 36359 13159 30787 25892 16608 7668 10779 23602 31293 8020 46442 53504 34434 48152 11122 27353 23379 5842 15934 28927 49821 37394 1662 20640 48541 18242 48028 49743 29626 19367 19746 26673 37657 30432 260 43788 5970 29065 14410 46051 16993 49035 6955 47011 27251 31710 15336 8049 54494 21427 54962 19070 8433 33679 45326 33686 13042 29319 2115 546 10225 12937 18154 33531 22558 37979 34452 20384 44384 43256 5163 45226 44099 28475 22797 2748 24500 22880 22396 8020 54832 26991 23061 41898 10555 44926 46516 15821 31217 22974 49478 25132 28788 13014 35944 2370 29148 50589 35492 27943 7667 8781 25199 54761 11710 53303 34434 3728 32039 24626 20590 45673 51056 42878 11818 46327 6338 44194 32465 46049 3352 42337 18190 7464 27167 3023 43312 31242 46940 27349 24231 4771 25124 9679 27430 13624 7030 17940 33081 23206 16427 36301 44541 47721 9696 44084 20030 13042 2183 46709 9699 40587 54593 20070 40480 24133 17235 213 30998 36194 2439 13054 32781 42412 45394 32538 9727 17490 30277 52446 46419 6787 35055 23146 30675 11425 3862 4534 13871 27612 52387 3027 35693 22714 22065 34750 45803 9645 42137 34879 36564 20497 23214 13312 33343 44651 7724 44717 24287 13601 25958 41066 27938 34176 32787 38643 46584 20003 19748 18379 16427 3688 8883 31893 7304 47085 2631 52228 324 35447 28175 54972 38765 3051 30665 49722 25957 42777 26712 21985 19548 31143 7806 54279 47404 9049 28649 2538 50805 9909 14929 20639 2264 1752 42654 27704 11198 34557 11743 1222 51973 37930 4525 45557 17925 19671 32449 31093 28460 25035 39288 44896 43486 46781 54845 1670 20107 32166 6479 33280 1065 44661 28690 29087 375 14519 51585 51887 34880 51121 28254 1382 46417 9895 38613 50787 7942 22336 13909 2118 5827 20301 5369 15785 17503 49161 20918 21230 36384 32792 41831 45521 17739 11972 33949 5199 38042 13300 28299 53882 10231 31485 5897 24034 13443 47233 48229 53731 20715 7731 53933 46667 36861 32438 6800 11875 7409 51370 47926 46097 13352 50102 21020 50224 44451 35859 28452 23278 3989 23077 24408 30582 6316 40536 43548 26517 34610 12252 51680 50590 46139 41326 21126 36883 103 25245 24384 13200 53367 43999 24381 75 22606 40529 47721 19316 35964 35085 41787 24953 47326 18222 24405 29850 28802 1160 19795 5769 36793 38491 155 40526 36292 46743 5795 32410 7386 13440 7411 17874 11524 53140 41728 144 23533 8693 36996 19122 35526 42211 3634 53752 32950 26629 43597 21669 50849 17397 2278 33454 27382 42975 117 50595 21169 20060 3850 33406 15601 52035 32249 50998 5219 34201 15393 43085 9037 37517 20622 23027 22635 54102 13658 52612 219 11182 21442 18992 20047 21086 54101 24332 12367 10941 23322 27637 32312 18152 15192 25914 51492 37187 30517 1571 42785 11764 48122 44994 39515 16133 53330 48166 37109 54720 37210 35153 3871 44127 54132 30942 42487 4701 16788 13029 33531 44126 48167 2068 8250 4938 1640 34675 5798 11547 23663 9392 46592 8511 30585 37977 20058 21350 30130 52293 23160 17150 46746 14262 10147 27357 15586 42996 13816 54578 50725 27331 17762 45170 49439 49049 8270 41970 31808 37443 46445 19250 1209 28024 30966 33407 35504 48251 44670 7840 30285 36231 41365 26315 33214 46155 49353 45434 1676 34414 21237 36284 39724 18995 21093 46683 39467 38281 47691 31517 27561 20679 41969 3427 53677 26347 7173 44450 6356 25815 31204 46695 36978 18739 429 39851 14564 8266 33344 11380 8293 45993 50980 14864 43197 23344 51968 54609 13013 15873 16539 1295 27240 31347 48742 19754 24430 24308 52095 14649 13342 39000 19627 5537 6418 8314 35548 53365 25590 10739 43562 15446 13136 32490 11258 14283 5354 11634 51563 1761 36532 11323 5913 46001 24505 42742 29448 40333 32419 39660 13575 17811 29902 48295 54260 45571 7199 1633 35252 47678 21688 35424 10217 40129 48795 18113 27340 17133 54229 8331 37797 16551 13972 34875 32649 36048 8881 22636 22696 28999 15699 34146 32287 15621 54906 49855 13965 32448 2002 13370 25899 46267 5178 50778 52790 30206 9314 22411 31953 19772 53170 21758 30495 11117 38854 23191 38353 54709 13763 10851 3765 12464 19548 16457 52348 7427 47910 27537 12819 44622 37518 2563 50859 33029 26497 24102 25104 33086 16566 18740 19809 22887 48870 41245 34587 38334 5574 20084 16731 22816 40621 36295 38751 2803 7773 13727 53342 48893 47323 53656 27069 36724 10902 31209 40523 16736 37165 9649 3364 1527 11199 43820 13404 15336 46216 54619 17429 44162 20221 47854 9773 20353 17149 17938 617 10807 18137 48575 2467 6008 29846 38806 40158 9835 31032 49103 5991 9662 30107 52546 46729 35818 2833 19192 8714 9810 50652 16403 39614 16704 54160 22135 8941 14299 42756 43236 49725 35466 1417 14570 10959 100 38434 27856 40541 41605 30319 20169 51887 6950 17311 7747 15489 2093 3187 45489 24386 26713 6690 1117 12264 17927 34109 12940 47599 24050 17069 52837 8538 7927 24529 30464 5392 10709 12846 49655 27175 34172 8734 21314 49745 28397 52287 19239 37940 7895 33321 16024 40016 8790 23844 49525 25873 9230 16524 14237 44354 48569 10400 5472 38096 15552 44102 6257 17020 46605 11619 19877 15420 41144 38068 4757 33222 20973 31450 24484 50533 19780 33987 30101 37033 42886 48062 3071 22034 19009 28317 52725 772 17002 36913 45943 24146 18694 4595 39404 15163 11822 37566 52748 4372 20797 5863 29271 5213 54365 22931 25808 20440 13889 12705 499 28617 23432 53544 21964 22020 762 8788 31241 24039 51496 38954 42472 8160 7566 38810 827 15331 45004 16018 21594 33219 45253 16825 1022 39495 8937 29166 15576 10996 54266 18397 17060 37506 54553 27104 11192 45851 18605 31112 50837 49256 9409 42594 17551 4394 39511 52992 4273 44764 50349 10313 40808 30448 7760 41267 4698 19663 43576 3187 21076 41603 16046 32154 655 25107 36580 38157 41662 28531 38462 10485 3011 46851 28732 38714 22392 11734 30127 36113 28857 16960 15867 44161 15635 3299 1674 15932 32175 34512 50515 10909 26172 18577 52902 20263 27284 17703 47353 20678 42556 53259 53801 52770 28693 52357 23913 49023 15493 25763 49411 39582 47450 25405 31874 9115 25754 13988 2289 41862 25046 11766 37118 46469 30745 5 7616 30019 21771 37572 20052 18288 1865 19112 47048 3550 5748 20813 3041 53925 10657 20634 34781 1783 14585 38160 46326 11903 17853 40270 22216 5049 49091 27390 1375 25156 33117 53327 4762 35913 51098 36456 38616 46760 44666 37909 30367 54949 27114 52616 18918 30453 44734 36259 3656 13935 9814 20659 3205 17285 23021 40674 37097 32619 14957 47034 42721 20379 21102 22123 18491 1137 3275 23101 12658 46263 9514 48534 42630 50654 1307 42743 49360 38479 31052 44273 16386 42510 14258 47449 43138 10473 23142 28503 13217 47547 11655 11338 3981 48632 12979 34306 13088 29804 43925 10441 41211 476 4261 18105 52050 30801 32604 32866 40897 36114 3146 3001 47013 37472 7350 37908 35514 5623 48939 44701 8065 29351 12768 40678 32946 44961 32441 46456 20026 19725 15056 29297 39837 8660 20257 27714 15384 5949 12183 51570 48363 53256 21518 10081 46989 13031 30936 39396 34355 27530 52275 25591 20982 22358 51957 47932 32143 38981 4983 20421 34176 24308 36443 32704 24655 21191 24299 45751 40101 6454 33952 27984 22296 25870 46757 2348 22549 53664 1695 772 27778 20168 31184 4106 23543 30847 54732 16499 17516 39422 10809 18481 49441 6836 24804 6530 40828 17855 13870 26783 20460 47007 3419 42001 54535 3539 8136 10721 40743 20345 37116 35064 16992 17244 28346 8624 41204 34164 43762 8477 15551 32990 40248 54701 46506 4277 41754 48595 34359 52161 50230 47585 50650 34347 45824 12150 34806 46184 29146 54064 10309 17055 14912 50798 31397 40709 46943 7291 23119 39642 29411 32244 45796 47509 36948 54582 4415 39483 31096 48564 37850 15007 34815 44264 8671 26082 27504 34387 1023 35909 17499 28065 43744 23281 26549 20844 42808 29177 38853 31859 21537 31252 32034 35589 1032 41430 41695 44480 3968 19270 26518 17263 28426 54683 2031 37103 26718 8768 20377 38419 29618 35511 46433 6942 14975 9431 33838 10326 36666 51062 54539 3987 31171 25751 51319 23435 4528 26944 29034 52588 43766 41660 12614 53731 34148 31312 15333 8375 35337 33759 37920 37285 41655 18710 52945 24211 16086 3666 3003 49710 25660 22524 1685 17652 54045 31900 14852 26539 46598 29984 14969 3849 48950 14131 52654 12037 50698 34757 38331 37369 2407 8201 10250 13440 53991 37120 561 54690 12995 1263 37440 3965 41433 51416 16286 36761 22695 37436 16711 36615 26669 13090 5132 2570 6370 50161 26017 25208 46042 12123 47086 3681 13769 2730 6209 19388 49572 52473 39439 53538 54368 45622 43598 17395 996 22761 33888 33253 27075 37213 8571 32757 12955 4456 41455 15077 1285 44643 32559 41236 
