// periodic
// number of jobs
1
// pi
50
// Cycle
100
// aperiodic
// number of jobs
11000
// pi
8 27 14 68 93 9 44 98 18 81 22 8 6 14 57 66 36 38 31 9 96 44 8 28 63 61 71 1 88 8 51 50 24 17 97 80 24 67 42 14 3 29 36 30 91 47 71 13 72 75 61 3 55 75 10 29 6 79 97 10 91 3 39 64 58 21 91 68 81 48 89 18 68 29 19 17 44 67 84 52 67 14 1 40 70 62 39 44 84 52 60 48 40 95 54 33 88 23 28 6 12 59 78 13 98 13 17 78 51 23 94 76 78 26 52 77 97 21 85 74 59 68 34 64 99 36 45 18 30 96 10 38 69 47 1 6 22 30 36 3 52 52 68 2 57 68 2 52 10 66 86 69 7 7 64 67 55 35 78 93 82 22 79 7 19 76 4 70 91 76 81 39 11 64 89 63 95 64 59 34 33 38 79 7 57 37 81 68 52 25 14 3 38 93 56 70 95 79 70 64 22 87 21 64 37 82 45 31 99 73 7 54 48 6 63 99 63 92 56 99 73 56 50 61 74 23 41 92 57 29 78 28 58 91 70 94 66 5 41 17 78 46 78 31 76 52 75 8 27 9 1 84 30 29 15 75 18 7 85 81 80 69 13 84 80 93 92 66 95 43 36 30 99 32 2 81 37 83 63 10 70 90 51 75 31 85 25 12 56 33 24 57 57 44 15 72 43 83 39 96 75 25 59 34 61 15 59 14 69 56 56 77 45 54 41 44 66 51 52 75 92 74 11 58 84 19 36 31 22 38 32 10 43 62 92 48 33 29 5 12 44 35 18 54 5 7 12 99 20 74 20 83 82 22 89 67 10 6 18 39 68 68 67 79 93 94 91 72 3 90 71 96 76 88 52 85 47 66 92 79 37 45 6 43 88 63 89 26 99 5 42 1 51 23 91 19 38 58 1 19 91 3 46 40 74 71 83 18 87 97 21 73 38 75 3 65 7 35 14 24 94 52 46 83 52 16 56 98 82 76 24 54 89 57 50 18 18 71 97 39 15 94 81 54 24 71 2 48 73 29 13 24 7 73 50 11 25 65 97 28 72 65 28 49 4 43 61 74 24 48 8 57 51 7 80 69 40 40 65 4 12 97 27 33 24 98 59 96 78 32 96 48 5 57 96 5 33 91 88 14 66 36 94 49 42 85 54 72 3 98 47 40 17 99 13 58 87 58 58 82 7 82 23 22 18 26 36 60 45 66 57 10 95 90 14 93 31 9 72 37 57 9 45 74 21 59 73 80 18 56 20 83 66 17 54 32 97 70 17 50 50 75 16 74 93 91 6 9 61 36 85 45 38 2 7 40 75 15 55 70 6 97 54 65 65 67 4 44 85 77 83 47 87 57 85 70 17 29 33 7 66 95 86 77 86 41 51 82 2 92 40 72 8 34 41 70 76 9 40 65 21 10 33 2 18 87 72 81 85 28 82 51 93 80 6 46 19 22 36 51 85 14 21 33 71 28 15 27 5 89 31 84 79 66 50 76 18 84 11 76 16 35 76 3 53 86 58 55 6 91 96 73 46 47 73 58 10 62 98 14 51 72 5 50 54 21 65 65 97 31 50 38 24 18 33 15 29 13 80 92 34 84 90 57 88 68 53 17 88 82 31 28 47 75 30 41 94 46 49 60 37 43 85 48 3 78 24 22 12 19 95 20 48 20 53 38 99 42 28 46 66 60 29 1 83 2 51 39 73 78 4 16 9 82 20 86 29 37 92 48 14 45 38 52 63 99 89 64 5 15 24 66 10 57 38 52 94 24 48 15 5 22 47 41 75 88 44 25 78 32 53 83 62 42 21 11 62 55 64 36 6 94 36 63 33 26 49 67 85 84 60 25 78 73 5 61 17 55 38 87 1 20 94 50 88 34 13 2 32 19 50 11 98 81 65 39 26 27 11 80 61 34 48 54 55 82 50 6 73 81 25 66 10 85 80 96 50 31 42 20 87 49 69 55 81 88 33 94 35 95 12 86 99 40 62 16 33 78 89 25 11 52 90 65 34 98 2 81 57 8 17 95 79 46 49 6 87 29 8 95 32 54 49 37 90 43 12 11 92 99 17 54 11 85 97 64 57 50 96 36 35 18 70 88 9 94 33 2 73 20 24 47 35 62 94 25 71 96 64 5 11 97 34 78 25 63 57 39 45 76 61 71 30 47 88 3 6 76 96 3 28 90 15 66 82 36 29 43 57 23 40 62 65 34 4 88 67 55 30 35 55 81 40 74 53 70 53 89 13 74 83 41 14 16 95 33 63 5 37 44 66 10 34 84 8 24 94 63 89 3 60 32 73 48 68 51 51 39 4 7 99 71 55 60 74 83 38 2 79 58 4 61 11 14 72 92 59 68 28 41 15 79 91 94 11 4 64 34 99 11 78 27 49 6 61 25 61 1 50 55 91 17 41 81 24 9 29 93 6 90 13 75 41 14 9 55 37 26 14 14 87 71 42 14 4 49 5 30 77 23 66 57 96 14 64 67 46 65 76 8 55 72 52 25 8 30 14 69 11 20 32 10 88 13 51 21 15 6 24 9 53 50 5 53 55 49 82 38 18 61 14 27 7 75 17 48 43 13 5 31 12 3 36 14 79 80 81 69 42 63 68 41 19 1 93 57 28 88 4 64 21 5 3 42 37 62 98 33 43 43 67 29 51 53 75 72 88 27 42 62 43 93 70 4 55 63 66 68 31 58 59 16 59 57 47 77 94 46 14 86 88 70 55 76 59 71 13 87 22 59 69 16 70 27 84 30 32 56 14 84 89 7 35 64 41 15 61 42 4 37 99 88 37 73 58 47 80 25 55 87 79 28 71 51 87 80 83 94 62 99 22 76 36 85 87 22 51 12 55 6 95 80 78 37 85 3 12 37 95 64 4 45 49 40 20 31 72 63 49 13 15 7 62 49 58 53 18 77 79 11 48 91 25 58 4 38 17 24 90 97 73 54 40 13 86 29 65 54 10 3 45 4 77 92 84 45 67 85 7 48 56 52 96 30 24 68 65 1 16 73 8 24 76 49 51 64 90 55 33 53 81 5 93 87 85 33 39 93 17 16 72 98 19 15 53 74 1 56 35 34 95 86 47 4 96 17 51 66 14 7 81 77 49 99 19 59 60 48 83 20 55 30 41 88 29 80 96 40 22 21 13 64 92 9 53 34 33 81 9 81 81 86 74 46 63 74 63 45 20 76 54 52 59 2 22 52 18 64 36 65 7 99 1 91 28 87 14 38 73 83 32 27 85 90 43 44 57 2 84 38 55 9 20 12 94 78 9 96 46 39 35 97 52 6 1 76 69 53 78 49 39 31 83 66 45 9 27 36 23 41 57 50 58 2 5 69 43 64 34 65 91 27 46 39 34 35 52 48 99 85 42 12 49 28 33 33 3 9 81 86 76 75 26 82 38 39 22 50 52 1 25 45 44 30 47 7 67 54 22 9 11 49 95 83 50 99 83 63 24 64 14 31 87 40 36 92 88 72 54 20 31 58 82 12 3 37 96 64 13 10 62 62 11 90 45 1 84 47 43 43 81 56 49 54 58 91 55 9 82 79 61 50 23 12 81 35 52 77 14 91 18 80 27 66 4 8 60 77 10 95 68 98 48 1 70 20 50 76 62 4 43 65 9 86 90 83 24 62 9 77 40 71 68 92 75 26 14 79 24 78 33 19 37 49 20 13 24 65 75 89 36 35 13 62 59 97 26 72 42 49 73 36 3 26 72 4 19 3 35 55 54 73 20 2 2 31 5 85 91 59 76 65 57 4 55 71 81 59 64 71 43 52 4 43 76 89 5 70 4 39 80 14 65 50 86 64 69 51 84 24 86 21 57 69 25 30 89 2 36 22 39 14 21 61 3 60 57 41 36 64 5 2 32 94 63 32 27 43 83 31 26 90 7 74 32 86 22 28 12 69 86 47 18 62 42 12 27 3 66 12 17 81 41 95 51 11 74 90 74 1 82 73 31 41 97 52 18 55 89 29 18 36 22 65 1 76 49 62 59 21 46 69 69 57 3 58 8 14 92 96 31 84 27 28 91 41 5 88 90 88 82 69 95 1 60 60 47 71 18 83 25 26 1 9 2 64 24 11 26 41 12 12 65 45 11 20 84 64 85 19 66 81 47 84 1 95 88 60 40 57 24 27 44 29 17 92 56 41 5 85 45 64 83 53 33 47 97 47 90 14 50 82 92 18 32 58 36 94 2 64 55 80 87 46 58 33 61 2 51 91 71 8 97 39 89 10 42 24 50 1 73 29 88 16 89 50 28 4 3 49 36 85 14 48 74 34 94 57 61 17 28 34 14 12 96 32 46 85 86 36 34 58 83 12 93 57 62 5 58 49 58 4 19 69 92 30 44 8 84 55 74 23 70 23 53 65 21 53 26 74 14 5 43 53 19 82 80 53 43 13 70 55 51 72 65 46 57 73 52 75 78 86 14 63 55 47 63 92 2 98 77 32 89 46 2 22 62 49 17 24 53 90 70 76 85 79 47 85 87 97 36 41 46 7 70 5 80 83 33 58 53 72 62 29 14 47 30 71 56 69 37 47 3 99 16 38 78 92 32 42 82 38 73 71 64 91 39 32 59 20 57 99 25 18 63 86 56 2 75 96 66 2 26 19 58 78 8 60 66 46 19 81 57 60 45 13 94 50 34 97 88 37 54 4 73 21 29 49 94 8 15 33 95 23 76 10 47 30 84 37 2 81 16 91 62 4 99 23 58 40 76 80 56 63 67 33 98 38 33 62 49 82 14 26 70 19 31 73 96 1 74 42 52 38 13 46 36 1 97 96 57 57 23 15 34 8 94 4 29 92 96 27 4 8 28 48 78 59 22 10 5 34 59 19 70 78 12 39 63 97 86 24 62 96 49 64 71 53 38 15 15 48 23 18 80 12 97 84 70 80 14 13 1 66 97 10 58 58 15 59 79 44 82 94 61 59 36 54 17 45 3 12 69 11 3 47 57 62 38 52 62 76 51 37 52 66 49 25 5 93 29 6 91 69 87 63 39 82 60 20 27 68 20 80 16 67 29 19 44 56 30 45 52 53 28 70 32 16 75 97 77 78 88 37 18 99 33 6 87 64 56 38 93 14 78 21 35 85 77 5 12 47 42 38 51 3 5 27 76 9 58 77 90 90 25 2 21 69 47 56 63 63 80 60 24 75 97 9 57 30 82 71 63 47 62 4 79 41 30 53 15 26 45 45 38 60 68 14 20 49 95 41 77 93 76 79 29 26 95 79 24 22 95 16 24 54 44 85 23 11 15 44 28 8 18 13 56 81 41 6 64 71 19 48 86 28 27 97 27 17 73 84 96 54 86 35 16 99 33 99 77 61 69 38 96 37 75 83 87 4 44 39 38 50 26 78 48 62 3 37 96 62 10 27 44 27 6 99 98 4 88 62 7 53 68 63 3 39 22 2 86 24 24 39 6 83 25 12 79 95 6 45 45 88 66 8 99 62 10 59 44 40 89 17 2 40 65 65 27 61 89 94 83 94 31 32 35 19 67 17 35 56 18 90 67 7 92 42 32 13 97 31 32 49 13 60 69 44 2 55 55 41 72 36 22 83 96 81 28 71 2 59 90 89 31 16 32 12 51 96 33 82 91 90 65 55 76 26 88 96 13 56 35 43 40 28 22 91 36 7 29 46 25 69 31 4 62 35 90 73 59 7 28 41 95 57 28 9 90 42 54 36 62 47 31 5 16 31 47 47 31 77 16 90 97 84 14 98 94 57 42 29 57 7 42 23 55 38 50 13 56 46 93 43 64 72 56 94 32 22 31 46 12 83 6 94 39 50 99 44 46 69 1 96 47 88 83 8 28 36 50 76 61 41 31 21 69 66 50 58 55 14 73 37 61 26 76 65 92 60 1 78 84 59 52 63 19 85 11 15 39 16 62 32 77 73 57 34 44 19 56 47 42 50 47 45 96 24 29 20 45 66 26 76 97 72 31 30 80 9 7 65 77 31 87 99 51 94 4 59 61 69 53 58 30 22 75 81 71 52 42 8 74 47 88 28 65 92 50 2 61 28 66 49 53 18 60 36 71 70 61 75 57 20 16 24 15 88 98 46 21 11 35 94 14 85 52 16 97 46 72 17 11 57 35 36 6 39 38 19 65 70 53 56 20 54 68 59 72 93 71 84 20 66 89 40 1 45 95 87 59 24 14 24 71 81 52 90 45 77 41 36 2 20 46 28 97 58 56 87 17 54 10 64 95 99 69 56 80 69 42 19 68 25 67 31 12 70 10 96 59 70 81 39 13 98 68 46 32 5 83 29 38 92 46 68 34 21 71 32 71 56 83 62 67 83 9 18 19 96 94 72 2 32 81 82 85 70 89 63 30 44 56 92 2 58 14 29 9 99 54 31 97 30 11 67 81 50 54 64 48 77 83 91 83 88 98 5 5 4 2 22 53 94 72 69 72 9 62 30 50 21 21 8 91 17 65 70 44 61 20 57 95 27 4 87 79 43 96 4 26 55 80 90 27 54 72 30 71 42 57 20 59 94 49 48 55 28 40 14 89 56 45 39 49 80 41 62 91 36 20 72 50 95 13 57 73 54 38 42 33 48 44 51 10 40 68 88 57 50 58 32 77 52 22 43 21 1 69 52 90 41 66 66 45 44 86 75 57 58 94 54 48 28 79 52 67 97 14 88 14 83 37 2 5 78 43 21 77 75 53 63 82 82 81 89 91 25 61 61 59 90 32 90 73 89 81 85 13 95 32 44 19 35 61 95 48 8 97 35 90 23 97 82 45 42 75 2 90 40 21 31 87 71 68 88 41 15 85 9 24 80 39 13 89 78 58 75 75 13 33 94 58 15 22 6 92 18 76 35 92 24 30 88 14 53 8 85 74 35 41 19 3 18 64 5 1 8 69 18 63 78 98 28 98 50 13 36 39 93 51 89 63 2 7 86 32 93 93 95 63 15 37 91 73 79 20 17 89 50 96 36 75 45 27 33 65 27 29 51 31 17 17 25 82 26 91 79 84 95 79 7 75 62 60 81 15 32 66 22 93 79 41 46 96 70 54 22 49 51 7 88 66 88 49 35 61 80 72 32 97 64 41 40 3 93 59 25 4 5 57 7 24 24 37 35 19 53 86 27 5 54 20 3 14 97 61 28 28 24 57 7 9 41 7 56 35 38 63 30 94 15 92 14 46 51 74 82 56 51 45 94 43 15 57 81 31 50 38 69 40 79 6 13 78 80 50 82 28 1 80 1 23 21 33 30 77 95 91 52 64 14 15 3 47 34 61 33 92 34 50 7 4 90 9 82 2 93 63 52 15 41 27 68 67 95 89 48 61 11 75 45 6 65 84 65 92 64 29 32 62 22 88 2 47 61 41 20 81 61 52 99 61 87 82 79 82 86 38 14 97 87 62 52 96 45 75 1 80 33 75 12 60 32 90 49 62 99 74 35 28 33 49 18 83 75 27 18 79 52 32 68 85 20 96 67 64 88 45 22 85 38 34 80 83 85 46 97 20 60 26 70 57 60 42 23 43 76 66 81 65 15 12 56 55 64 30 37 18 78 99 52 25 38 16 10 23 63 60 51 80 16 67 22 81 65 64 24 91 56 56 52 42 18 49 87 79 74 89 4 5 31 87 74 63 2 35 77 30 56 74 56 76 85 56 34 16 41 64 27 23 59 74 51 51 21 75 39 5 9 80 14 21 54 38 34 92 42 38 47 16 81 78 27 55 22 90 17 8 10 38 28 99 89 49 93 12 70 44 71 19 10 76 20 57 58 4 65 26 31 31 57 54 8 4 20 69 19 24 88 43 30 61 56 44 35 66 42 31 42 94 22 93 47 87 90 45 23 55 62 86 92 83 31 89 92 79 39 30 29 63 9 97 56 47 19 19 77 72 6 80 27 15 65 16 97 54 12 38 52 8 40 78 73 37 3 38 97 41 16 59 80 75 55 16 7 89 64 56 82 8 89 3 73 9 15 97 27 92 37 83 34 28 51 96 76 50 26 98 61 46 79 87 80 73 11 46 94 81 82 71 27 87 20 30 1 58 83 6 71 54 14 84 2 75 41 76 28 61 41 84 80 50 80 85 6 93 34 74 42 88 42 36 89 76 21 90 40 90 63 43 68 92 86 72 60 88 77 47 16 24 42 68 80 89 42 81 26 12 6 17 37 13 79 91 77 17 40 29 79 20 4 75 66 84 7 24 98 57 23 31 64 36 14 7 95 64 6 93 6 71 14 65 41 50 77 84 39 51 14 53 15 34 60 39 99 96 18 24 75 62 67 1 1 67 56 51 60 45 81 21 47 89 10 87 90 9 19 74 24 54 1 12 95 70 36 50 70 88 89 49 52 92 49 64 25 45 48 5 73 85 20 18 35 88 43 95 24 71 1 9 35 69 78 16 66 12 87 56 37 89 78 64 70 96 50 5 3 18 84 80 31 84 34 97 8 79 66 13 56 98 6 28 64 44 12 42 94 44 98 34 4 33 34 32 73 76 10 35 90 69 17 48 15 70 55 63 54 45 59 79 55 63 49 52 61 38 72 16 77 78 49 71 18 56 57 15 7 74 87 52 13 8 6 13 90 1 81 70 51 94 37 40 42 80 93 63 24 69 57 80 97 56 56 26 73 78 71 65 74 78 69 4 49 80 25 67 57 3 77 39 59 80 73 55 31 90 57 91 69 30 20 20 20 75 76 41 71 57 9 3 43 72 51 83 26 12 98 56 43 82 88 8 75 31 88 22 48 59 89 85 33 89 26 65 23 9 24 35 76 23 71 83 54 68 83 84 70 98 54 12 57 52 49 33 21 72 7 2 21 72 31 44 68 86 96 2 21 89 71 2 22 41 87 24 55 39 66 55 7 33 98 50 76 36 3 22 2 2 82 95 90 89 77 21 39 85 38 33 79 7 80 38 40 35 79 72 66 14 72 67 33 89 31 7 1 98 17 86 55 45 23 33 42 58 33 69 63 39 44 48 53 59 68 39 87 88 17 99 11 78 87 35 70 36 87 4 27 15 38 8 17 53 78 21 62 85 50 95 74 14 87 81 34 76 18 14 68 35 34 10 64 23 9 3 85 64 55 38 3 28 78 82 32 35 23 45 35 17 98 79 60 27 31 48 12 24 36 75 31 10 25 90 21 33 25 38 65 37 66 92 8 52 20 37 20 37 66 12 70 50 20 2 42 61 64 72 43 26 44 50 65 89 40 85 10 97 97 6 44 28 93 88 2 22 35 57 42 75 48 91 40 58 28 35 14 67 47 30 46 50 69 7 88 59 36 98 59 41 95 99 57 74 65 1 33 22 70 38 6 1 46 50 53 92 74 15 72 86 62 10 97 83 65 50 23 72 87 49 35 24 4 23 95 16 98 36 10 76 8 75 79 16 75 78 86 96 12 81 40 40 16 6 14 43 93 15 84 44 22 2 43 92 54 83 95 28 41 95 56 84 63 19 95 97 65 25 20 82 99 5 47 42 4 66 57 31 83 63 12 70 28 86 33 94 67 48 2 14 44 54 60 47 6 13 90 96 36 84 6 83 72 3 19 94 63 85 77 43 34 46 58 47 10 4 76 51 95 81 71 84 75 54 63 65 44 46 62 6 3 37 50 98 84 32 87 30 80 35 73 93 16 59 85 18 78 77 65 69 43 97 74 12 29 67 85 89 67 24 39 59 41 52 60 8 88 26 55 31 67 82 69 72 98 27 1 92 68 54 38 90 48 42 53 28 58 4 8 84 51 19 88 77 26 65 38 34 36 17 88 17 29 59 21 53 63 22 79 38 13 81 75 4 49 98 92 50 94 1 77 83 66 8 70 16 3 56 3 66 16 97 14 77 86 2 9 38 32 51 49 45 65 50 72 3 82 12 61 93 93 16 62 39 50 84 99 3 69 14 59 52 3 17 78 35 21 82 64 4 94 12 90 54 75 36 61 87 41 48 93 64 81 30 19 4 25 69 87 21 78 34 91 61 24 95 2 38 66 45 36 61 85 29 96 26 96 75 42 90 17 97 12 50 86 60 90 24 80 71 44 8 90 81 23 58 52 33 34 23 79 52 28 8 88 98 50 55 52 84 7 9 49 79 95 1 25 43 16 78 80 53 73 89 48 55 68 10 87 66 15 7 65 63 73 28 32 76 84 7 83 80 92 42 45 86 34 94 39 31 38 36 86 72 24 78 51 39 74 19 81 96 88 46 45 51 68 28 44 86 51 42 74 61 9 30 78 38 25 10 34 39 72 81 81 65 98 5 4 84 93 3 51 92 56 47 68 84 97 60 42 46 68 80 76 11 99 64 18 49 58 90 68 54 49 8 80 44 83 63 27 82 43 98 93 9 28 96 51 18 4 71 49 52 24 98 58 50 27 57 29 54 64 73 54 78 71 52 94 55 97 28 67 23 1 75 71 76 99 86 88 48 39 93 69 29 95 31 70 45 34 91 50 22 99 72 98 28 26 76 40 51 79 9 64 99 67 82 96 62 35 52 61 64 82 97 37 72 38 65 35 84 42 92 75 36 41 59 72 45 10 69 10 25 23 36 67 6 2 15 72 80 77 34 8 7 11 11 64 92 91 37 19 40 56 34 99 35 77 94 26 7 9 43 47 29 48 77 25 41 84 17 79 51 72 74 93 36 17 44 95 55 54 96 23 70 8 7 56 98 41 9 86 77 75 29 32 63 22 13 9 40 90 20 72 20 89 97 71 37 96 38 59 3 11 84 26 39 6 59 10 26 17 81 94 69 14 12 1 81 64 3 45 5 90 75 64 91 73 63 73 4 78 42 20 53 22 2 25 51 40 4 95 54 61 1 82 73 94 33 23 1 39 91 35 84 94 49 37 32 46 52 80 8 16 45 16 2 31 30 66 24 80 80 88 36 82 23 63 29 20 95 2 2 75 36 89 70 72 21 13 42 81 88 75 98 62 9 6 97 58 90 10 36 21 77 19 70 20 2 45 99 36 48 45 71 63 42 92 87 20 52 67 70 95 82 47 5 71 81 69 84 42 95 91 23 27 54 85 77 21 95 21 30 34 58 64 65 80 5 23 26 93 13 32 75 96 12 70 67 95 17 44 72 53 51 11 57 83 87 81 40 60 1 28 66 68 42 73 97 37 23 34 89 39 6 30 83 61 69 54 91 98 13 20 18 81 8 95 48 26 53 56 6 98 61 71 29 11 74 84 34 88 45 4 68 85 80 79 37 24 64 37 86 99 85 32 36 14 77 50 13 83 26 26 86 54 7 49 23 46 47 51 46 57 41 11 20 61 81 93 47 42 72 38 37 35 19 78 37 55 72 28 5 52 4 68 54 53 54 94 79 3 3 73 12 19 55 35 37 16 97 70 51 20 69 15 99 80 58 95 2 72 74 59 36 77 86 9 91 35 70 67 99 30 52 4 10 11 48 76 14 97 33 16 19 56 27 89 47 21 18 31 27 41 34 23 70 1 45 93 67 33 32 64 42 24 87 28 75 26 78 40 91 96 99 46 55 18 84 92 20 96 86 5 11 24 6 61 40 53 82 81 39 28 16 53 40 54 61 85 97 73 5 94 56 31 20 31 70 26 74 17 43 79 22 32 37 15 16 70 6 31 55 24 95 40 61 39 65 83 12 45 62 1 41 44 15 54 23 69 46 99 35 62 39 42 35 35 44 24 52 35 24 51 33 97 57 55 73 47 9 37 28 83 57 38 68 30 84 42 27 77 56 79 51 86 22 10 48 44 74 59 14 89 25 1 69 25 94 77 22 41 23 52 25 90 45 16 78 23 1 97 94 44 5 95 80 65 72 52 97 73 55 13 82 63 25 87 54 75 15 44 55 67 25 98 85 93 98 85 94 37 63 16 96 44 10 6 41 48 8 28 27 67 32 75 52 26 8 31 20 84 40 10 5 55 21 50 37 92 28 51 5 22 21 33 17 62 80 70 42 53 41 73 92 63 69 94 31 30 89 86 42 85 17 21 19 18 8 37 89 94 62 84 80 54 70 66 22 55 12 74 3 95 36 91 77 31 43 46 12 95 71 45 61 70 70 82 59 72 36 62 72 35 82 94 92 7 53 33 26 38 7 96 90 19 21 68 44 99 85 5 86 84 4 27 94 98 3 20 92 66 75 97 6 18 92 43 25 80 16 61 40 40 31 8 14 61 16 9 81 78 40 61 4 73 27 75 52 80 18 24 10 90 90 6 24 81 79 7 23 83 33 87 96 45 37 38 46 61 16 20 96 58 17 61 4 22 94 42 31 85 18 27 35 46 84 13 39 70 47 39 90 99 64 9 16 91 95 10 12 32 41 10 71 77 22 28 56 69 37 39 92 12 45 24 86 6 16 93 63 94 58 76 36 93 27 29 43 91 27 16 56 72 14 48 55 97 86 24 58 24 87 6 55 38 89 70 74 36 91 43 78 50 4 28 15 88 52 75 64 77 36 92 94 73 99 29 83 34 82 88 90 84 61 25 27 82 56 68 99 66 72 65 72 89 14 15 95 64 77 51 31 51 97 97 96 66 8 87 16 19 31 94 65 96 22 68 70 75 99 88 90 74 81 3 11 21 22 21 6 71 1 90 3 35 69 77 4 5 13 37 4 94 15 45 40 62 68 65 87 33 93 42 76 46 61 23 35 89 48 38 88 36 54 64 21 3 34 57 10 37 80 52 11 67 77 79 13 28 97 27 63 93 68 77 47 29 75 83 6 79 97 97 75 14 82 88 44 22 7 65 55 3 63 26 72 86 77 97 18 83 17 55 12 16 55 85 68 59 60 76 37 89 25 28 72 87 70 31 24 88 60 4 82 74 21 10 34 17 6 52 31 30 36 16 20 29 93 84 76 46 99 64 9 29 94 33 2 5 96 54 51 46 7 33 63 96 28 96 16 86 29 38 16 75 53 11 3 37 81 34 13 60 20 85 25 81 99 16 16 86 19 12 49 46 87 79 46 2 98 61 65 27 21 86 31 43 73 87 39 27 74 80 12 91 61 47 64 66 16 43 91 75 80 8 35 80 57 95 56 51 38 12 24 61 15 47 20 63 37 80 80 40 16 54 61 40 20 84 29 99 16 47 58 41 92 8 36 97 33 17 63 64 41 34 85 5 78 74 35 60 73 81 84 31 86 31 39 88 11 22 78 56 97 22 66 82 18 73 93 70 42 60 81 70 73 87 32 56 65 23 1 85 51 4 2 1 60 84 35 27 28 12 6 18 88 49 63 99 72 95 97 51 40 36 78 61 75 33 74 56 6 66 31 58 63 34 94 11 52 30 52 14 45 50 26 74 10 99 25 9 43 59 82 88 13 88 78 84 79 96 62 15 94 69 58 55 99 21 6 59 56 20 9 4 36 73 64 74 15 53 66 15 36 58 7 46 69 83 86 5 74 66 93 69 86 32 44 41 62 93 29 78 31 12 46 71 77 8 86 99 11 70 6 29 8 63 85 62 52 84 58 82 53 88 50 90 66 98 74 59 43 81 69 58 24 75 26 47 83 81 82 91 70 40 49 16 52 99 72 65 57 82 86 65 95 13 97 74 66 25 87 24 90 23 81 99 19 79 98 45 38 58 61 88 68 94 74 75 34 46 3 57 33 58 88 49 50 12 87 37 37 16 46 21 61 62 4 42 84 1 98 3 15 91 61 37 81 41 46 98 84 87 19 31 56 8 75 99 54 32 34 10 18 1 61 11 8 37 58 92 74 91 33 29 86 48 1 9 51 14 64 69 87 89 3 3 33 74 82 1 49 46 40 26 73 92 9 93 50 42 46 80 42 91 3 18 45 50 32 98 23 87 36 3 89 15 27 39 30 60 96 4 98 97 80 96 4 88 3 28 6 52 2 61 27 38 58 13 36 46 93 84 84 48 98 3 40 91 85 19 38 94 75 92 66 32 86 84 39 57 76 3 97 89 62 81 63 65 44 36 28 50 56 54 66 65 73 58 62 46 68 13 48 30 12 85 27 34 50 73 21 29 18 29 84 6 79 75 27 77 47 35 6 42 36 38 61 96 85 32 55 52 1 36 23 18 86 48 31 15 22 76 81 24 21 86 29 40 4 37 21 54 10 85 91 98 39 30 62 88 5 55 70 18 78 55 38 3 7 36 3 18 83 18 31 41 45 13 81 15 24 59 18 49 93 42 48 71 75 28 4 73 23 98 93 73 87 35 92 17 11 51 95 59 63 46 57 96 94 88 42 80 25 49 95 89 80 65 59 83 18 45 13 76 11 65 68 2 82 37 4 92 5 27 40 84 62 29 8 69 45 77 3 75 42 77 10 13 24 19 67 72 91 85 21 56 29 8 39 72 61 40 78 87 63 35 39 40 21 53 28 40 14 43 66 79 22 76 41 48 14 92 12 63 73 12 17 22 6 44 2 2 79 5 13 49 92 20 86 28 11 69 90 3 9 54 43 70 40 72 84 29 46 48 83 39 98 30 83 69 73 64 47 81 12 19 39 26 67 22 72 93 41 15 49 14 11 77 29 19 15 67 77 99 72 75 95 65 34 37 83 52 42 10 26 91 68 11 90 63 92 16 20 47 11 9 3 31 62 1 33 57 20 24 28 27 90 45 26 73 72 24 16 93 34 81 87 71 70 46 54 96 20 50 72 74 85 48 2 66 95 24 48 35 19 94 52 89 82 42 29 56 74 76 64 70 15 51 66 76 79 47 53 46 5 22 69 96 83 26 25 25 46 33 26 86 1 41 17 47 10 53 76 25 26 41 68 40 14 63 3 27 52 2 49 41 93 19 94 87 41 10 62 5 48 71 69 26 85 43 91 50 50 15 19 4 56 82 44 63 98 90 24 49 78 60 88 81 75 32 28 36 93 34 74 73 24 20 45 19 92 97 67 77 67 7 5 4 6 40 70 30 93 52 75 44 8 75 10 89 98 37 84 80 96 92 18 62 58 14 80 17 34 74 16 77 88 4 64 47 31 92 49 11 58 96 69 46 14 27 38 92 1 53 91 86 47 87 90 58 79 76 70 59 57 50 59 12 26 30 57 71 47 92 53 66 1 96 48 63 66 23 25 46 98 38 81 52 1 37 68 17 38 95 62 87 79 55 7 22 75 89 65 57 79 20 99 38 29 87 68 70 8 95 97 44 5 43 21 28 98 58 10 24 44 45 78 36 62 70 53 66 89 1 99 21 94 1 17 58 36 23 86 90 6 43 58 41 13 23 48 63 45 1 78 43 8 97 90 39 56 57 84 30 98 72 25 4 10 24 30 2 67 1 3 11 40 51 27 1 78 37 50 31 4 88 93 47 58 67 85 1 49 14 20 11 60 82 94 68 79 30 12 96 37 52 64 53 41 25 71 75 43 69 67 40 89 90 9 28 55 73 6 77 87 55 15 36 95 55 44 62 11 25 31 69 6 8 96 38 74 80 86 9 86 64 47 16 58 18 73 42 7 62 42 77 75 12 5 72 10 3 85 56 11 70 64 35 13 40 92 33 84 62 56 96 17 19 43 23 42 82 34 35 36 70 66 12 81 50 4 75 40 24 83 33 93 96 12 35 26 62 78 80 79 50 24 85 39 27 36 1 61 94 47 21 29 32 4 38 62 33 99 9 37 86 70 45 91 84 49 48 99 33 23 23 82 50 50 4 9 96 77 65 20 38 15 7 68 95 10 70 58 86 18 33 19 66 15 43 18 81 18 19 77 88 32 28 27 49 99 57 78 33 31 83 83 64 80 38 26 54 95 1 28 51 52 79 95 28 84 39 31 54 77 73 68 79 62 89 88 74 86 93 33 35 50 12 48 82 92 91 69 71 72 2 47 91 59 6 32 1 41 75 98 96 42 48 90 38 4 7 95 89 1 42 5 89 75 16 23 87 83 7 15 15 86 68 41 5 32 25 38 45 47 13 36 87 56 54 46 81 96 75 15 67 62 88 91 6 22 89 19 14 34 41 10 35 58 98 61 16 25 90 81 82 65 95 63 68 38 30 16 47 66 56 79 87 31 69 18 89 79 50 20 11 78 22 68 43 80 29 38 49 6 62 80 65 25 61 86 69 89 77 24 11 41 15 92 72 87 92 39 27 80 56 69 41 71 87 89 60 85 51 18 87 39 32 3 15 56 93 86 34 9 19 36 59 97 1 96 91 53 56 32 79 29 87 28 54 27 8 29 15 44 48 21 97 90 33 84 24 9 58 34 42 28 63 12 36 11 29 12 56 12 21 86 8 67 4 74 20 17 39 24 84 95 54 5 86 43 12 96 92 37 40 12 85 61 44 62 27 86 28 46 36 70 99 72 89 61 29 75 52 57 43 50 17 93 46 10 82 38 49 25 13 93 11 55 35 86 67 7 87 59 96 51 88 87 74 12 45 77 73 87 8 41 96 25 94 55 53 22 38 9 14 63 55 70 14 97 55 79 24 6 79 46 90 14 27 16 85 74 47 9 61 13 83 19 35 15 44 36 40 57 49 76 35 64 81 3 92 1 58 35 23 90 48 2 25 28 27 39 77 28 93 26 23 85 58 25 76 30 94 64 8 54 46 60 59 31 8 62 37 96 86 98 71 64 32 65 89 74 81 83 69 92 34 37 11 28 88 19 59 27 89 19 29 77 17 30 65 47 50 84 3 79 54 96 79 23 53 34 41 98 10 3 58 16 51 90 7 51 31 89 97 89 76 55 18 91 49 81 24 20 3 66 69 72 33 21 11 82 6 7 77 58 90 99 11 46 25 81 86 68 66 32 92 69 30 74 13 61 85 19 13 55 11 41 43 60 86 86 63 42 78 23 34 84 86 12 55 88 54 13 52 76 94 91 31 57 49 50 74 32 53 82 98 53 36 92 54 74 32 90 19 47 24 98 18 31 27 93 81 69 78 11 21 70 61 34 69 35 8 8 88 72 66 82 5 41 27 49 35 88 22 7 43 60 26 98 87 59 96 74 42 13 12 81 44 42 32 66 84 69 84 73 62 79 52 82 77 78 83 29 62 63 60 1 42 54 93 79 65 67 4 14 29 15 94 48 18 66 98 64 28 56 84 22 35 62 79 77 75 35 70 24 51 12 99 86 68 37 2 25 1 85 99 70 6 58 16 85 41 5 69 18 60 76 54 15 83 33 72 62 96 89 61 42 8 36 85 65 80 6 27 28 78 66 37 98 20 24 86 49 47 72 81 51 38 11 34 24 94 63 69 71 38 31 54 15 8 14 59 47 97 98 22 88 4 91 63 44 44 21 80 63 30 89 85 32 3 98 49 44 88 14 99 34 5 63 75 9 37 71 48 30 96 74 97 26 67 36 95 21 3 6 80 97 11 13 77 59 96 68 64 76 5 98 26 44 19 81 83 80 13 76 33 34 35 22 45 32 70 35 42 55 67 43 2 96 78 59 30 52 52 82 85 57 28 78 25 84 88 14 98 87 46 53 96 1 73 84 98 56 38 65 27 72 6 15 69 84 74 61 96 18 23 29 50 68 5 78 48 98 64 49 55 86 3 86 99 39 10 10 84 50 8 5 95 41 30 33 63 16 76 61 90 89 70 67 91 6 46 94 41 37 15 98 16 44 53 42 60 89 5 61 59 83 44 24 7 43 38 75 64 61 87 49 40 25 40 25 46 86 44 41 73 90 45 60 24 75 57 91 45 96 49 91 97 64 45 84 37 57 21 14 46 14 64 43 3 16 30 51 4 4 18 76 99 81 17 11 61 34 90 69 1 83 19 2 80 32 33 60 38 23 63 41 15 18 26 64 80 50 54 49 63 92 63 81 15 36 39 73 78 14 54 62 76 96 80 6 30 21 48 63 68 27 48 6 36 61 7 29 2 19 24 45 7 42 79 51 40 82 62 71 80 52 23 55 20 3 21 31 54 40 27 62 66 25 33 47 28 2 22 56 20 80 88 19 17 31 1 67 1 44 68 42 94 96 24 87 34 60 24 81 34 46 25 23 79 25 13 3 24 12 59 24 1 6 22 85 17 20 33 24 14 53 51 13 88 46 40 74 66 48 54 15 39 12 84 12 28 45 40 6 48 81 7 48 17 61 80 11 3 92 66 77 39 15 33 16 81 35 53 51 16 23 59 9 49 52 83 30 29 6 98 45 56 60 99 74 30 8 97 69 5 22 42 2 14 62 49 87 77 22 79 63 55 53 98 90 24 11 51 61 99 72 30 38 9 66 31 12 85 15 79 87 28 38 77 7 71 94 79 30 99 44 19 27 60 1 4 32 37 85 48 89 14 13 69 20 45 8 69 47 28 85 85 98 40 54 68 47 64 3 36 74 51 4 90 45 83 34 83 77 94 22 66 52 29 26 92 4 50 2 21 45 61 40 71 47 59 97 11 68 3 64 34 71 9 9 47 71 78 90 22 65 91 43 14 64 26 45 61 83 46 59 28 65 80 41 34 2 72 79 73 35 78 40 49 30 92 25 9 52 95 88 19 51 7 17 75 16 21 76 74 62 67 3 80 57 74 78 67 51 35 35 73 43 95 7 14 42 45 97 24 12 76 38 52 85 16 98 65 94 1 40 53 90 80 13 58 24 98 6 65 96 23 2 96 88 80 28 44 14 38 88 81 76 11 55 45 53 98 38 50 62 39 15 97 46 94 55 39 3 87 19 94 17 20 68 27 90 96 34 55 41 71 57 49 93 18 25 67 8 27 45 62 64 77 34 92 62 57 54 1 5 88 28 62 80 13 34 98 7 15 77 13 34 49 18 25 89 71 31 51 87 96 38 84 94 15 86 76 1 69 41 66 9 94 83 32 8 22 87 19 52 1 25 5 2 99 62 71 64 56 50 31 61 34 69 63 46 26 71 93 90 90 27 68 70 32 42 16 93 72 72 74 67 78 52 84 80 49 21 64 73 79 3 11 11 6 39 56 22 16 58 87 22 22 25 29 39 5 41 22 49 92 1 96 71 84 98 42 99 49 95 65 86 32 5 5 92 35 80 48 98 79 92 34 31 14 28 25 25 72 28 68 29 54 99 70 79 85 98 66 10 15 81 29 85 64 2 88 48 13 43 8 16 40 40 60 66 35 85 16 44 92 29 33 16 24 33 70 35 2 18 34 17 65 56 86 19 68 3 39 59 69 74 64 66 81 9 75 87 84 87 12 76 36 17 21 82 13 86 17 40 61 24 9 86 3 75 50 53 13 54 44 37 84 20 25 34 29 11 37 54 57 2 76 20 29 60 70 8 21 29 59 77 46 96 86 11 36 41 33 17 82 31 17 26 35 62 60 51 86 71 20 92 50 57 33 79 65 37 19 53 93 47 47 22 66 36 88 78 2 78 13 76 55 34 76 41 32 19 58 4 42 95 61 23 15 51 45 48 61 82 87 40 3 88 92 17 59 30 91 43 46 11 68 35 12 77 42 82 27 31 36 67 14 13 45 26 67 60 85 94 49 25 46 52 10 92 39 70 27 2 35 43 55 69 63 95 16 59 57 42 56 38 58 93 39 55 71 17 91 71 1 76 13 63 99 71 52 76 45 83 54 56 19 97 80 41 3 37 74 75 27 84 97 3 75 67 54 69 5 49 63 19 55 56 35 31 26 36 55 10 45 53 46 64 20 77 29 77 19 36 17 61 26 43 56 62 23 76 95 3 17 39 9 89 56 8 27 47 95 1 25 40 10 94 90 30 34 52 13 21 56 9 54 67 77 54 96 18 98 15 25 48 6 37 39 14 9 64 94 81 6 25 93 5 15 17 44 76 38 75 40 36 4 78 60 60 65 30 53 8 6 34 68 30 78 22 4 6 3 67 64 66 3 23 81 35 80 28 62 10 78 78 58 97 56 46 74 8 92 56 64 72 61 67 24 88 15 38 92 63 88 16 84 62 98 65 70 45 87 27 99 60 65 76 66 30 87 24 56 1 96 75 31 80 25 36 60 32 52 27 29 43 86 43 35 55 12 5 99 13 43 13 66 66 39 62 22 91 93 87 75 81 84 62 73 48 65 14 22 28 88 45 96 60 82 84 79 44 94 97 52 8 48 27 36 66 83 5 96 74 74 52 71 65 66 45 43 5 61 55 90 82 29 12 78 7 10 66 28 78 55 99 63 51 52 87 48 67 41 46 69 21 75 78 57 21 29 80 88 48 83 14 62 79 5 98 80 79 39 29 28 2 20 90 32 54 38 27 24 20 51 81 28 38 15 66 30 60 78 98 84 87 80 44 42 59 83 11 44 91 17 4 77 76 46 42 6 53 96 9 51 49 12 7 3 1 76 55 55 81 49 74 76 96 69 2 12 56 86 49 23 83 71 56 30 60 69 84 99 88 50 58 41 4 56 83 33 10 78 17 49 79 57 2 39 46 64 83 5 57 21 89 52 60 26 91 24 97 46 9 17 93 96 27 30 29 32 46 43 53 43 69 82 36 72 99 12 93 37 1 47 21 73 41 2 68 74 32 17 22 71 91 33 14 89 57 14 39 41 46 44 64 10 77 23 73 24 67 24 2 91 48 55 40 92 57 56 52 3 17 34 64 97 8 19 96 73 2 17 97 59 42 71 83 28 82 36 5 13 31 57 33 57 90 56 56 33 92 60 9 76 4 60 36 81 52 34 66 41 17 18 89 40 67 61 33 85 70 64 53 11 60 70 68 99 82 30 53 50 64 18 46 29 80 36 70 92 95 36 21 26 27 66 96 81 19 33 64 72 86 97 56 5 13 15 48 85 10 81 43 36 65 6 38 40 2 40 14 44 79 5 71 33 49 99 55 20 86 4 22 10 38 67 78 1 12 5 91 28 98 38 97 2 35 72 86 8 70 65 91 78 33 85 51 42 33 15 24 68 22 82 5 28 10 16 86 36 5 30 29 37 23 57 63 86 37 3 94 10 55 64 59 99 56 69 15 74 53 4 87 41 32 90 3 87 22 66 20 36 19 84 16 88 77 53 80 67 74 18 75 38 20 39 65 12 66 81 17 87 8 37 59 39 40 47 19 41 90 40 17 10 18 17 6 22 58 63 48 22 90 25 79 24 68 78 55 38 5 9 65 40 24 43 28 40 62 42 97 73 81 81 84 21 69 11 6 51 23 32 27 63 56 63 22 36 22 25 9 35 6 5 43 97 2 64 5 92 65 10 41 43 3 56 28 64 18 30 10 13 21 82 95 49 48 71 75 7 4 49 30 60 68 41 36 52 54 60 55 2 97 3 77 21 9 57 25 50 46 57 10 8 38 22 33 13 37 2 42 97 65 6 65 19 69 92 37 40 18 57 22 58 63 41 63 88 83 14 35 26 94 48 67 52 30 51 51 16 20 14 18 66 29 15 81 28 58 30 84 8 24 26 58 20 69 55 50 71 76 38 90 80 63 99 53 52 13 75 69 57 67 47 26 72 28 42 41 20 26 65 10 83 39 70 52 58 1 11 44 39 89 95 16 56 31 7 38 50 51 75 17 63 72 44 14 28 57 31 80 52 44 32 5 64 55 43 15 51 28 87 78 57 20 77 57 81 17 22 53 38 81 15 11 76 14 79 28 73 46 72 46 22 19 5 96 26 60 33 52 10 59 85 52 81 17 18 8 41 64 21 95 4 22 40 45 6 52 99 18 50 48 6 19 64 67 80 28 84 55 59 31 38 74 93 62 32 78 83 21 97 94 89 3 63 87 55 18 59 55 52 23 69 69 22 57 12 52 65 42 69 8 58 99 40 59 63 94 20 80 18 26 65 51 68 3 71 50 65 98 13 47 33 60 95 75 6 16 16 95 68 50 30 3 92 92 17 8 62 24 83 23 41 33 33 35 51 35 61 31 17 29 33 73 44 99 96 1 90 98 61 10 45 23 36 51 21 42 43 12 22 56 64 19 1 57 16 37 87 37 73 88 24 50 69 25 43 17 11 52 89 45 4 94 96 75 27 70 99 57 97 97 2 3 69 17 10 80 25 7 30 73 88 38 34 26 47 87 64 42 25 3 26 18 32 80 99 20 45 10 42 77 7 65 79 23 69 63 29 25 2 9 18 63 47 39 66 12 7 22 47 50 74 75 99 85 11 69 26 50 29 64 60 33 28 32 81 19 83 72 14 96 85 66 59 80 90 84 44 21 16 49 92 71 75 59 84 85 13 36 47 96 8 89 54 36 15 61 62 89 81 20 82 96 17 31 94 41 17 47 26 26 78 2 43 4 35 54 17 41 41 93 85 58 95 40 51 64 8 18 70 7 45 52 20 87 77 70 21 25 23 54 57 45 11 43 8 99 29 92 86 46 27 97 78 65 20 15 62 23 60 71 44 25 87 18 71 92 34 99 93 55 86 40 54 83 32 39 9 54 86 28 40 87 23 40 92 5 49 72 44 34 57 54 53 64 74 79 4 91 26 83 3 60 16 87 61 70 84 19 76 21 7 51 82 79 67 83 37 20 71 85 55 94 35 80 76 52 97 66 43 54 37 32 83 40 7 10 12 85 88 88 2 8 48 97 47 91 1 22 53 6 92 90 73 33 11 18 4 98 31 36 56 20 54 62 79 50 47 34 66 65 20 14 94 64 27 58 89 53 8 46 45 29 82 74 52 49 84 11 32 27 16 15 26 61 96 56 3 74 31 40 11 13 66 25 95 49 6 9 38 15 38 14 91 55 21 30 65 86 19 15 86 73 69 41 68 13 50 19 77 82 46 2 40 44 84 98 74 16 57 62 68 3 69 77 45 2 33 70 14 80 28 21 83 24 69 91 34 5 15 97 29 55 24 75 99 81 72 29 13 51 51 41 54 9 17 77 64 50 54 59 92 57 72 27 34 14 23 22 20 46 72 15 81 91 32 41 93 65 51 34 16 28 19 1 21 58 74 1 39 97 35 34 36 23 68 42 30 85 68 37 55 69 35 10 36 56 82 15 45 96 97 44 85 2 10 10 79 52 15 26 28 70 87 22 20 37 30 90 62 22 70 81 46 44 2 52 86 43 47 99 9 65 37 86 69 71 17 75 1 45 52 96 80 5 89 83 55 91 89 25 68 47 15 58 49 84 26 85 73 40 28 59 66 82 19 91 72 84 70 97 77 55 64 84 6 27 14 13 16 36 20 63 78 57 17 35 5 53 65 41 97 20 79 72 1 80 20 72 68 12 28 44 88 50 59 99 88 18 90 33 70 46 42 30 93 78 31 56 91 10 34 85 61 99 68 16 21 15 83 14 35 43 99 39 55 6 75 46 18 83 79 18 91 83 52 60 63 86 22 12 71 40 72 17 93 37 75 30 67 9 28 74 34 29 30 45 80 68 4 14 58 90 74 12 7 42 3 92 35 67 80 21 92 81 12 89 58 54 38 23 9 75 48 6 89 22 52 73 33 58 6 11 48 43 53 5 73 30 49 12 20 77 93 33 74 61 68 90 36 43 29 82 98 85 90 5 13 58 60 11 54 27 14 80 89 26 69 16 41 85 12 59 33 6 95 20 57 93 73 73 15 9 70 42 88 93 69 98 24 78 38 7 28 16 7 10 37 35 61 11 14 85 22 95 50 58 49 17 37 91 52 38 38 90 94 37 51 26 9 96 33 48 74 81 84 79 74 83 40 97 94 94 89 12 76 94 86 61 7 72 71 30 2 76 18 99 88 44 54 22 64 44 6 24 6 24 33 98 99 61 43 78 26 16 30 13 91 60 91 49 24 15 69 99 72 82 82 63 86 11 14 15 1 34 39 34 12 60 95 66 11 7 77 2 37 6 87 75 47 77 38 75 13 54 74 80 11 80 38 96 62 51 61 12 51 16 21 73 50 32 55 8 14 23 23 42 37 72 32 39 97 2 83 74 70 4 50 67 58 73 45 57 73 2 62 42 72 83 22 95 71 60 25 52 46 12 57 35 66 46 8 1 31 72 90 72 74 33 33 82 60 55 92 57 76 30 73 87 54 72 52 59 18 56 20 53 44 22 75 4 76 74 49 2 47 90 64 45 42 43 42 19 11 17 57 29 96 86 93 39 83 37 52 15 31 96 57 43 95 79 63 92 25 91 34 15 45 2 41 1 80 93 58 3 84 23 65 89 17 98 17 6 71 33 63 4 50 86 19 38 24 49 37 54 39 49 93 88 24 11 52 59 64 82 75 24 27 6 98 81 61 79 99 63 1 18 75 4 18 26 66 45 25 52 83 60 23 51 4 90 53 34 13 62 65 9 80 99 38 65 6 57 73 13 64 6 87 21 13 99 88 20 57 36 6 53 92 98 37 65 48 55 79 74 66 1 76 34 45 8 27 16 80 66 43 3 64 39 25 81 19 76 45 9 41 2 6 79 22 79 35 83 64 39 37 43 97 26 57 72 76 80 1 19 4 52 49 21 3 56 7 94 57 80 62 77 36 9 2 6 77 13 83 38 38 57 29 94 93 49 11 79 24 55 57 94 94 75 16 22 96 41 43 54 46 78 30 59 84 42 34 18 77 34 81 18 54 39 28 88 16 92 63 42 16 24 66 21 21 65 32 70 58 7 90 10 31 79 97 92 15 74 37 86 60 54 1 48 17 7 35 27 72 49 57 34 69 56 31 73 4 74 12 1 28 69 11 35 83 21 29 84 16 52 96 97 14 94 46 2 49 83 32 74 54 86 37 48 47 9 44 17 84 54 60 60 28 44 89 44 8 26 33 62 71 13 19 7 51 49 63 59 27 21 9 82 90 32 76 5 53 58 93 4 35 37 73 76 22 3 82 44 27 40 79 63 48 21 49 63 98 58 68 31 33 33 58 28 11 11 24 87 83 60 47 43 74 74 69 54 55 58 67 90 68 61 40 13 50 64 50 57 18 92 76 87 50 90 1 25 77 49 12 66 30 89 36 83 38 48 68 3 32 51 16 56 26 74 69 68 23 24 90 89 52 49 67 98 50 32 26 21 45 10 24 6 80 27 61 
// di
5569 358 45733 20009 1710 973 38205 47308 6357 48538 13218 9581 23761 6473 28406 11475 267 26811 31701 22755 15005 34571 40638 10441 19105 39269 1757 28109 43499 23629 23510 19096 25023 28641 19289 53034 19458 37356 16625 2353 7070 15242 2111 23291 15055 43723 8585 3521 39984 20895 30247 49100 9467 51286 52418 35858 44429 37756 35946 52993 5736 51564 35053 47562 36675 3537 31823 43186 53152 659 10791 17266 11537 10501 8963 9544 43079 48843 26057 25874 4006 12286 19281 13223 48097 37508 37771 28890 35381 43399 16009 8628 1078 42747 6911 12625 27189 37971 24867 11409 20573 32887 53726 21353 26814 38946 39653 3458 28487 1366 10157 29521 16758 6895 27396 19966 7030 41240 4279 19106 26759 49477 21651 53052 26873 24540 6890 30141 24398 10833 45187 41586 2456 20629 42791 21470 18027 7929 36348 1825 27426 50240 39651 32175 8575 47462 9018 32286 36684 49151 22470 28793 25983 46018 10890 12548 1125 50843 44508 37379 15214 7424 9531 54536 45412 15344 4359 34490 38274 13485 33885 1808 9715 48246 10733 14009 50138 48221 23542 44568 27690 16146 1759 43612 6871 39043 49761 35318 41958 1684 8937 23669 31862 53220 50709 45914 42676 18963 9779 20403 26657 35128 52000 54651 31772 30355 54637 36104 35003 17759 36540 62 33362 25377 8145 44211 35429 13488 32211 40258 43421 24947 38463 21615 24837 30694 34351 30694 6076 38559 22806 6900 49812 41096 31696 31510 43538 36070 19436 27237 33388 33634 18047 12116 38307 17797 33680 42951 26162 25511 1278 28845 13648 24552 32989 31263 49004 31920 20974 11305 295 23221 46338 45010 33342 4503 3028 13229 51845 33756 5694 12996 37521 48474 18032 31802 32807 37113 47247 8594 7932 48385 42352 7226 47037 51611 9542 41775 14708 31149 41620 1293 53128 10424 45396 44322 19507 38704 33010 39473 32604 6440 43572 19823 33053 28020 1297 50618 40179 49124 7427 42152 31148 38845 44550 8649 20306 35168 43110 13167 38821 19292 37709 9664 25792 31390 558 32574 9785 19436 30368 11058 12487 43143 48506 26716 20547 43827 42754 33476 54703 44251 54593 40049 46435 52362 48664 7299 19358 18433 7207 26330 46858 31758 26112 21648 19132 16907 43004 27028 17446 7220 41247 44156 52660 46288 40766 30169 46330 24895 49652 27097 48282 49685 21209 23395 40212 20170 21004 13007 4172 2935 51015 39350 13352 22693 21155 29489 17687 6778 44058 24675 16483 16124 9822 27635 32515 28308 23349 36879 11178 34768 24974 46727 29604 472 51488 29250 2681 32816 13578 1376 26447 31291 10250 21539 34435 14164 6782 20017 24541 4603 41767 17179 32890 4702 14589 41868 9997 4340 25873 40891 42266 28360 34357 45896 25897 32624 38671 667 34802 53303 36017 29584 7286 25638 2582 39244 42640 8459 35031 47751 45154 50100 16448 12825 46766 2245 53801 27029 23601 47002 24157 13546 46202 19547 43039 45183 39755 16332 43780 38500 10632 17877 7040 23693 32640 34174 10856 35163 14581 24951 26116 35285 14259 25023 12944 17666 36521 31422 21310 12264 15391 50135 15473 37747 40065 7292 36144 4062 34625 29959 28077 40832 50927 3273 36048 4019 7234 49215 17601 6655 14707 54573 23373 25467 52740 36121 20736 25316 51239 44886 28152 54577 30919 17637 30071 38465 34032 20971 4725 8883 45927 39929 21952 54339 48287 7413 20957 22319 7103 13728 30143 29376 21790 10823 44396 31060 6766 19520 7995 24379 36881 6119 32071 38758 48065 32488 17529 46316 23951 22460 15019 52319 12427 32182 33740 27462 18692 22124 2501 25501 30617 9764 23158 21283 4732 14194 4831 13447 9545 22468 9724 35836 11368 38093 32907 27530 38288 30637 8408 36908 18926 34363 39888 52943 9997 21055 23158 9142 49360 23268 41015 50443 38365 5424 30157 9357 36394 3178 37773 19069 17421 30000 1314 5257 29467 18788 49679 46851 12831 17402 28404 1142 46360 36807 10902 32195 6189 43336 29751 31604 20857 32927 17672 9750 52929 44101 44987 501 23467 1259 6857 43160 51806 9955 14592 32283 8060 31392 13627 43822 52983 50014 40369 5631 48205 4469 34455 4919 31068 5387 1809 27309 22598 24329 53972 44611 2043 54715 53024 32323 33828 52107 44892 19618 35269 54347 18366 5993 2380 26 15006 21136 327 4964 26910 44991 47351 8015 13079 28996 4520 6679 6744 21085 30503 40706 49181 4738 26735 791 42065 39803 48523 22906 43657 36321 47832 25245 34890 21041 23346 2600 4680 20354 20886 37889 42029 41882 27973 11743 18739 34844 48351 9874 46018 42218 43705 9629 2375 27582 25290 5164 24382 11557 35646 53278 49020 25826 35999 27863 41432 43930 50008 10045 8004 40794 45590 3965 43444 24712 24809 45128 38571 17291 43089 50106 25461 7776 20107 32169 21495 12175 45900 23976 21319 17190 7536 20903 36980 5715 36745 32405 29120 40870 33929 31410 44268 40352 46570 40618 37834 29803 47123 3578 16029 49108 34401 28607 1620 24150 30375 54718 11009 35784 4305 52530 53822 40845 31768 7602 27184 40509 53371 22774 10733 2772 46788 24876 13304 36723 31451 10367 40717 36402 41932 20005 21063 35131 46093 17956 34762 46418 15075 39239 37501 48149 23591 46923 8368 17172 14850 50717 37898 14450 11994 15827 1571 51281 50348 11888 20578 29964 32278 12376 35893 48935 34700 44957 12047 54567 30954 9116 41686 5367 16261 22218 47728 9827 29825 52874 39849 11497 990 34083 39725 42616 13459 26294 42653 43610 21555 11559 2420 40687 20376 53982 12138 43222 18582 52741 51495 47255 54468 19662 26672 49705 7228 18931 42025 20248 4268 29784 4902 18358 52972 20760 27741 31765 23523 53254 30019 27589 17128 870 4799 21798 47563 35198 21865 53867 47528 22445 50673 27493 16577 54296 1134 16218 30832 18784 12839 811 47912 41565 29688 15478 21269 50353 18365 40547 52981 28309 20523 25276 26492 18014 24745 51088 23404 4206 9394 54723 19420 12960 52547 15039 26245 43885 15164 37597 2246 2933 28205 30993 45709 23556 44730 37 19356 23368 44140 29004 6728 8834 38035 39476 45638 13170 39446 852 51394 30510 52515 3092 44680 54908 15700 15166 26508 47216 51764 39277 33121 51922 22433 33092 7521 53401 36079 27977 45537 7826 31363 50426 45224 26082 14241 17031 52562 27526 25338 29093 30277 53339 14227 31331 37505 29335 43998 3189 5125 38539 29814 19035 47794 39139 49759 39591 16163 25370 33364 10938 15143 49587 47345 27718 52678 6367 37649 42931 17120 49607 32591 31482 357 9540 53211 17777 29389 41560 49660 45438 48920 12691 6186 20451 11504 19871 41921 4853 11451 3799 30011 20967 31686 31414 11536 30565 30930 6586 50648 30128 44571 35548 9860 7229 52098 277 43324 10583 26713 37887 7678 42909 40387 52186 22420 53069 24657 27927 29116 3730 53084 44407 39688 53001 35496 50363 45550 53805 23570 35858 47946 42987 42965 32811 35284 29165 39264 44222 9818 53677 15221 36636 12211 44673 16293 731 40992 17845 51852 48689 11778 44469 14748 44971 1864 37584 42634 50552 53904 11119 8075 13563 4896 52014 24905 48977 21599 35636 39856 5675 45426 5844 45274 32394 28958 2747 6974 34785 28892 54502 49936 32070 16158 30982 19089 7225 12035 2848 38942 9926 27398 11342 36199 13371 51618 48924 21766 48223 12633 42380 7585 16367 50444 35003 51271 39836 30673 46819 8090 52097 20479 5923 49387 1043 53472 23799 32823 50292 40365 15463 33545 12922 28602 54570 2322 19126 25823 5820 47672 4736 12630 10512 29880 53683 29742 45095 29925 35790 17220 27739 47174 26778 15129 42632 8451 21445 10120 9615 19151 54767 11463 11865 26363 33538 36928 16557 52780 32913 21574 22228 49874 5103 4287 2586 51102 28144 15365 27438 31224 15426 4793 48466 49392 11741 17662 7451 667 4956 15509 4593 39469 33183 8985 43313 2667 30545 13371 24276 5987 40400 3195 32205 32276 31399 1283 1005 739 44274 29633 1293 5986 34730 25774 14221 28739 40571 1269 54222 46751 47747 14725 9359 12134 38068 3221 9635 42782 22609 6866 10007 7672 34090 38338 2529 42377 18003 50135 19857 14463 27275 47608 35767 46038 30519 32225 46978 7894 32595 12612 48245 25551 52988 24627 50807 11239 51932 7178 19212 33221 51527 50756 27974 28803 9193 54261 19989 7573 19682 34964 4717 10871 6093 9328 17892 50332 45732 3148 30103 19794 34165 24485 48084 1940 38872 36545 19308 15704 13569 13203 19541 42315 18946 29070 32323 31676 10559 42388 1333 814 41303 34732 10172 36742 49290 29306 45845 42643 37564 9175 8519 32853 37949 11007 6381 13132 23290 43621 9600 49082 2654 48968 32456 24435 34314 21463 18852 42231 36884 47420 18339 21858 20628 24163 37174 24107 15564 54627 43535 53612 37820 28554 6584 36887 48001 22989 26350 46548 23007 40692 52092 42884 31932 51844 19823 3135 13974 29498 6534 46002 14172 33888 21413 10348 53918 464 45048 22671 28098 9431 41316 18640 18192 40682 44694 54519 40284 28098 50405 2446 50983 43370 46219 45817 2419 50102 50801 26618 35540 14387 6158 51649 5345 28934 33297 36612 13251 47357 51219 52033 27283 18288 20958 46285 6999 37699 51948 5438 48267 42402 15902 36237 21632 16430 38586 48829 31444 17598 26506 43453 27471 54161 54913 46853 24633 40776 17362 13531 19142 42431 9369 40891 32061 27142 41458 30761 50692 8903 25009 18539 29382 6081 40366 13740 35843 3661 51511 13815 26529 23540 34609 24935 12679 41627 51360 536 47035 26496 9307 50800 15949 45080 22897 23789 132 41545 2607 16996 5067 21517 17172 44356 9511 41617 6583 10112 34059 32738 10616 13552 6188 13949 48255 49735 45052 3254 45365 42166 44255 36154 8551 14655 22477 49589 38504 36513 42688 12670 1342 45508 3985 9378 13019 41102 22784 20083 10269 27322 17131 21375 29593 23843 35930 54764 16075 52136 47391 51365 9386 19108 33515 46133 8899 2172 46294 13526 48106 31123 10548 31848 40051 82 15049 52736 45107 15827 30911 43355 50733 47691 6060 21085 22809 42170 31495 30928 51244 42551 13055 2543 39950 3630 50686 19100 8393 44616 37220 38897 38684 16137 41361 48805 43966 52227 17641 8855 17823 28908 40535 45050 12832 29068 39630 42561 49414 43669 2375 49370 2622 2422 6888 32074 2409 22498 3126 34641 33113 12370 31927 51487 48545 15877 49617 39020 25495 12786 40403 42304 14879 44593 16176 22189 31465 41743 31073 50492 44587 11293 15813 37566 48474 33028 45160 45251 1541 31986 54208 29630 38573 20404 11432 14341 27113 12853 23192 40510 10770 6486 19589 9779 54386 10729 35400 2253 42517 47440 21014 6561 36054 43839 33818 34161 41238 25141 42749 10448 33980 24397 50137 25736 30280 4705 22237 52355 47761 54314 11075 22804 5452 14260 17321 36021 50134 19416 34211 39768 3199 52594 48352 17394 42566 49002 35474 38053 25389 35967 24021 49558 1219 32757 16686 751 15191 3305 36875 51790 22764 47208 52541 50627 13541 2163 25295 44311 21851 617 30301 37856 2337 6684 25557 10115 26588 3130 48157 16379 54268 38937 32894 40448 15209 26265 47937 48188 9489 25443 24600 7767 35552 53642 40076 3696 20270 40540 39140 38258 18312 16189 10875 46801 9517 21384 33570 25539 6377 38781 1505 53220 40581 30756 11597 23339 48149 25818 54743 13973 47040 15736 11903 17021 50593 20816 13320 11628 30003 43913 10245 14231 16636 5934 30250 11022 28070 12182 745 20838 9316 5676 5657 12998 26021 15561 22344 45153 6608 47227 22266 42289 34012 36711 41785 24194 17008 8082 45794 10165 49071 41048 11918 27310 1561 22493 23942 34210 31231 35290 42341 6871 54206 32529 51920 49340 6504 20814 21138 25579 25038 50719 37255 49775 43766 27705 42374 6984 44800 5186 10770 12091 13132 42697 46878 11817 14776 48353 26281 25762 2440 49776 43790 10389 16034 41057 20464 13463 54288 3431 28196 46566 30612 999 52929 13722 10979 38320 39234 47672 11916 51701 46720 27518 4949 18761 48116 27447 37564 42747 49167 8819 20910 40633 38711 49345 18593 34244 22577 13370 53790 12916 5390 1824 46502 30444 17819 8161 3432 11640 35173 6563 6575 48265 22760 20134 41718 53772 46815 529 27689 34377 33228 3505 5593 1867 33581 45853 21754 25786 12756 22680 47533 26100 54414 7164 19540 30830 46728 27322 20800 36773 4723 6469 34819 53489 974 39844 38023 41161 25479 20526 19216 1624 36608 34257 33539 42368 15525 14035 41757 50175 10164 6463 28748 4628 40140 22315 30178 49419 4651 17602 47559 9116 27599 28417 23667 45034 28003 16353 44424 16087 22349 34500 383 1118 42187 17064 5165 39309 41723 18671 46588 32811 44623 15774 33446 36489 18784 49182 54239 37237 11584 23139 9892 40028 9525 54333 47085 42127 41237 12310 3566 2964 37473 25939 23819 22774 27915 47368 16919 3366 44885 24939 46953 30772 3250 1678 36168 41883 49149 14524 36423 43024 49341 15625 15261 7855 50232 9431 14557 18764 32310 1346 1835 11774 51839 38562 54991 25121 5069 44626 9718 23120 46385 22343 16677 6547 16685 52755 43729 48721 47577 16429 16776 18262 24008 45271 45289 33951 46853 16266 50352 39487 18713 17528 34424 36934 18770 8265 45528 6419 2740 7638 44860 14366 33757 51512 50203 52604 27047 45360 37708 37897 38144 21555 32149 4447 12253 10847 46034 25837 41952 3546 36824 53262 46923 7055 438 35287 53902 30943 5898 34614 34663 52468 49679 47360 18318 49671 44518 54199 48564 48258 9466 20313 49194 28094 189 18944 27436 22805 14281 21319 19122 14372 37393 37856 35054 51334 52393 47541 40751 9048 15168 6639 2018 16625 33191 9152 13488 26232 28118 9940 37215 16184 46479 42727 1975 21918 31001 41831 11213 36569 36906 8595 8720 40007 39471 48455 53345 21516 8934 20697 2589 30125 47306 36474 14320 32993 42061 32006 22488 1553 16637 11447 27417 40443 14491 42130 31516 6687 33894 26253 13875 25279 21760 6237 8730 54778 16046 9118 46682 41808 2103 33436 18095 16972 44319 15958 52336 38454 12999 21756 26150 23451 53528 35537 8798 12620 21529 39592 46576 24283 7946 9305 44012 31143 30901 22472 36649 20051 12774 32956 51245 3804 30314 14937 41437 52757 37076 54096 5705 40740 49726 10097 38767 19677 21981 54431 3544 39359 28575 48220 35434 53243 47599 23575 38042 45144 4765 4776 14139 51031 36289 38259 10142 43088 24671 26306 8409 36639 33755 39061 35921 45103 5682 42815 53513 50391 25173 45978 32646 52577 35746 32030 18941 40707 484 4111 8577 4999 6347 14731 22209 53189 54795 18331 5432 38990 594 12743 6828 14962 26610 43881 14347 6618 21919 53560 28661 47275 40238 34926 13542 2707 38350 4157 26588 25589 52687 17946 29070 53684 11056 42144 43742 8813 19598 30554 9947 52383 5495 33591 2948 53032 1355 16844 37572 39474 33346 9011 37434 54321 14350 18118 26627 44176 41573 43478 32313 1998 47688 46790 46535 34408 29516 6209 12639 36639 20711 9525 29283 3789 48369 4726 24447 50653 20669 39022 16402 43161 28596 25543 40514 53445 1607 9752 9830 40134 50201 2538 4482 42271 51525 36695 15589 47784 2536 8490 39004 30156 23875 53598 14012 12575 25634 4444 42731 16775 54843 22201 2980 13920 1616 31197 43050 36833 3788 32574 10341 54624 30393 23505 13312 36807 44601 14432 49392 43943 14818 3072 36174 21496 54131 11958 34391 41593 47423 2680 41192 32834 45360 29955 44569 48169 27501 46724 46653 11308 9305 19973 789 16685 18719 44029 16824 24062 20325 28261 31159 44492 22362 1438 36554 9477 24979 52253 21361 14517 27482 48818 27401 49410 18299 8873 22588 4531 43734 54695 25107 53873 38162 26179 42534 11723 54880 11039 6063 41239 30943 32395 45790 24611 12397 42359 5839 23380 21798 2197 50251 40514 17720 46798 4792 16843 13891 3568 1130 53953 40481 16987 42368 10282 23583 35293 16493 10693 621 1851 21291 38744 8594 33621 31706 16266 37310 31981 5658 16392 21440 20232 17633 28448 4715 29395 41027 10260 29472 12042 37411 44093 2448 23789 8122 13424 30425 46638 20384 5475 53721 20619 20234 42926 24376 14236 48426 25332 50100 22224 24777 45988 28458 41319 45794 42879 16114 26354 25775 30939 24916 48587 36659 38831 52501 25852 23620 4147 17217 26328 40873 14411 40938 12527 20937 53634 10530 9510 13409 24208 6987 5514 24449 16871 28700 27171 23656 43789 1338 15391 21087 23477 2545 47584 36121 16683 6273 34842 44754 41634 12083 41510 424 29570 45703 41600 14298 43141 38946 10190 32388 15740 36022 35482 25984 39068 36244 19174 37683 43658 36515 14096 35938 46434 40927 50135 35352 31740 44610 53179 22119 49530 19497 8387 34949 342 29934 676 33310 49098 5890 9695 1018 10292 34918 4875 41716 39532 354 46634 36684 39140 15805 11659 25783 48342 33808 32295 40139 35404 54571 53473 17292 32407 27135 12729 26017 12652 30375 20026 3352 42426 24669 52808 33864 45200 19330 3909 2640 33405 1784 42181 51714 10594 30130 2231 42632 16963 47299 24807 21300 12572 27699 7453 19336 1298 6837 52447 33900 11289 47051 11224 54348 5266 32276 32231 21506 14289 854 16909 49791 10380 17025 30258 27644 4910 11258 34225 23856 34150 16066 12285 33445 40674 9643 38922 7055 24294 34265 6258 41841 13252 47465 21146 27033 30960 29330 51038 2540 33387 10427 49482 31523 44791 10512 31823 26660 53244 25093 37271 28119 12395 53634 44600 38074 46033 51065 5414 19280 27254 20355 3118 59 35037 44230 20677 46196 32050 14104 11030 52547 27076 10143 1237 17533 9270 3631 14778 19346 12408 33251 18130 30590 53821 1532 23756 26949 49613 42398 34475 7866 39503 39967 17394 50455 5254 54884 16624 4749 18534 34516 4706 38102 13260 32755 4047 24878 7226 8248 6957 45432 3420 46708 15817 23616 18211 33864 9445 5262 30144 7208 49669 31916 26554 21040 37804 31202 10720 39847 47079 21378 1163 40290 23798 45311 48555 21474 23641 47180 45809 48320 23960 22395 52947 21381 25877 28544 13953 30553 22360 26906 23278 45242 1035 54916 53519 10494 41233 53038 20866 33136 19118 35423 37383 14495 16453 51134 40622 26775 31178 46157 39834 31171 44918 28996 29424 22114 10659 41120 53423 30280 48852 48081 38810 26364 11318 11501 11258 4457 27892 36713 41479 1239 20961 15770 12109 8246 44180 2301 41953 5970 8557 34415 44153 21669 20710 31013 28762 15015 22982 35863 27514 11672 17208 18374 6674 46006 7198 22066 19656 33838 6665 32465 53316 17042 35955 32508 40721 21355 50481 39993 4816 15240 35326 11511 36058 1876 13891 43461 51058 17212 38021 11285 9399 51709 29358 49695 6753 33376 38802 32581 31225 11274 45997 48748 46904 7373 49262 2908 50034 9347 12946 19118 33033 7752 49049 33331 2411 22293 36146 43517 8469 50262 53849 32 20628 31872 2596 27644 30173 21585 34361 49748 47800 5753 49230 5279 47060 19178 53108 37867 5972 17167 10322 1854 42000 9285 3059 37544 51866 36422 50488 13223 35616 34698 43328 17180 52260 47139 22708 4752 24603 35755 20453 41770 11044 27385 14363 23676 44275 15769 37015 13993 16186 50438 53998 42755 8456 31258 15813 41824 40928 42541 48037 2980 14813 24951 47696 2412 31093 17943 25497 37029 10848 15768 13163 9243 32432 30406 20095 39285 48194 1014 29438 1692 6523 17000 30034 41372 12300 39504 41387 46766 54045 1259 17062 43476 51266 34373 17699 22978 20114 42015 1148 50966 50347 28383 45559 8790 36135 44731 13009 36284 18521 6368 9059 30316 43625 45585 48896 26560 41506 37831 1991 13794 35260 28143 51144 11240 27009 20200 42515 1611 29380 37227 19416 39594 29434 15681 10074 51236 42648 7943 30364 20739 43548 38847 46296 3716 2392 19766 23161 6498 8219 12629 20109 9019 42500 25861 23802 21552 53976 37112 20004 17895 36501 20462 53626 44932 14207 11468 53062 44727 47183 17361 46883 28946 22823 24932 49599 25382 44276 53809 45250 26786 42336 33421 14104 34736 37197 41078 45274 11760 54283 44165 25 39785 45523 26859 34509 42212 19319 5227 3266 54279 7282 16655 45967 45014 16340 26853 36094 35462 14140 1103 36664 23286 14628 40947 14917 21537 46006 3305 36870 28408 45298 19079 621 41901 52715 50675 49976 37051 2711 10292 36522 48588 27845 41336 33604 17302 8311 8823 3384 7310 51514 35565 18383 53835 46100 38696 36428 11931 30491 37873 17126 21112 31059 46942 29124 24542 51487 27400 53036 37671 14708 1585 26077 48213 29332 53467 18294 31672 34938 16937 26942 3396 32125 40295 19365 24768 32751 16646 40196 51242 10213 48760 6853 28912 14260 7196 45949 23772 10257 37731 54612 44381 39606 11015 31805 35999 33044 39450 28372 21509 15961 37028 6597 13650 34450 28224 39508 36876 11464 13970 28739 12789 21828 36519 31664 43938 42594 35553 32064 41076 1254 24510 28344 21450 53512 19004 228 5602 2739 49990 34028 52112 53388 49096 47595 856 13585 17990 14340 37534 29283 46928 35566 49406 16452 54017 12036 20987 23449 30662 17655 25525 54229 17950 5570 1321 29381 30778 40707 49616 49259 44989 35659 24856 48281 52183 12373 12990 23182 25418 42584 1874 8615 50742 24010 52611 53438 5218 31577 23466 39035 23642 46293 38421 40188 42466 14967 13192 21497 6943 19079 25982 52719 42275 29154 21954 20730 51611 30347 30819 20324 34328 35835 30024 36507 43486 54072 39455 45952 23956 21657 44814 29036 33697 40817 18974 34863 25311 29744 31872 37920 32334 53167 12670 42797 335 23115 354 5638 843 48952 37572 35189 54358 41706 30053 32419 38101 16531 50692 16756 48574 17013 45598 16364 52517 23599 12749 49728 4597 42240 39826 44694 50324 44952 35865 49804 23511 31899 15841 53235 15152 19166 27738 9971 28943 31739 51364 24493 9469 10903 6543 28217 38902 6073 39971 17411 20060 44759 13719 18785 20911 27794 26436 14064 39234 54168 4780 15135 14189 14373 10872 39173 3974 40114 14707 45571 29774 28408 20833 2000 23152 37556 18641 8960 47191 15915 47645 21672 975 21244 54761 42098 5473 12683 52842 47650 50230 52942 35981 41340 25835 16755 46916 3564 54597 53297 38389 37973 7296 5982 49831 19676 15102 8623 44364 44094 16205 20127 42633 1186 392 51929 32193 3907 2702 44495 11486 10167 45004 35334 9251 6137 47282 19518 12179 18676 7234 13364 22495 14075 25398 4072 20949 5009 19030 8212 53023 1268 53161 17388 606 2301 10431 53163 43044 23758 11374 33136 47895 43088 20214 13985 5446 35422 14472 22086 5045 1333 16059 5946 6362 52881 32691 47552 14643 14116 28051 44123 20651 52902 47346 14778 33199 7645 24717 22827 8691 47065 32279 46734 23081 35316 42748 30705 26774 45839 17508 32293 5794 39742 21146 27229 17221 36802 54627 18064 22392 53848 1452 37725 25595 23551 23088 35842 19655 22089 40567 9740 27133 52235 4956 26787 1487 48062 44851 30425 32199 17248 29667 8387 14210 25130 34695 3413 32234 51440 47857 37828 37304 6050 18362 24031 38256 9535 2256 14695 9075 3388 269 35888 9651 15000 54646 4933 9883 18438 49734 43043 5993 22786 37117 17969 26518 13898 25644 43943 41508 3350 20451 16629 37742 37509 20375 47207 51496 48878 25826 30941 15365 46590 22484 15997 5504 46790 38714 3745 12707 38046 38130 42566 28105 9997 26991 23835 13363 51893 52523 21447 13191 45377 38045 49210 20565 51220 24204 29180 28841 11625 31198 51624 54502 36918 32745 27487 3033 8110 33645 36588 23806 38739 40985 49669 52287 26131 30958 27601 9694 45729 48950 2177 23425 172 53974 20354 37294 38350 34749 47681 6061 42204 47258 43783 10910 36832 27678 22322 22442 49812 14886 28599 33778 23774 47221 7844 12384 36825 12571 44368 6504 52181 26051 2383 54368 40439 28436 35393 17576 43004 9268 30537 5645 32340 37091 19794 44393 52580 16922 15711 33264 37716 36843 3253 35171 40579 16650 21627 25532 17947 42543 42548 35399 24137 9273 29365 40642 15079 35078 1807 45029 36004 9950 15079 14912 9896 46163 27189 37975 41279 2778 32226 54594 52145 8061 35581 13768 19437 53628 11521 24944 35915 13178 16440 10261 47931 19634 13526 47235 39364 50548 52192 17547 21430 11324 36939 44069 3736 6579 36961 20174 35338 23311 25006 3244 23879 12550 29211 2823 26072 34527 527 47948 30493 52909 5853 54902 32736 29624 31712 44360 17168 26503 36476 1157 29240 37231 48004 28246 11318 44634 54244 38637 23604 13352 1252 41550 34641 28891 48355 37035 15979 54856 33346 36753 29912 17048 42559 6918 11241 32722 47143 53960 40427 25174 49811 3266 24570 10717 38092 11774 7277 2403 16429 18386 44158 1450 15620 24840 1163 18010 45531 47925 23453 23866 19813 23844 34056 21664 39797 12279 34390 8582 29551 47464 49966 52609 48741 12382 49892 13930 22740 34117 4695 38610 11162 12511 49965 46659 12056 34393 43890 54172 40684 22121 6693 24711 50826 33879 3479 46161 21237 32734 21986 29235 38373 18350 20466 19237 344 54499 33986 32168 48074 28027 37332 32229 47443 23343 7852 38667 527 45271 14189 41009 42000 53447 10546 13365 975 42127 8360 42087 23525 40420 7869 28028 7570 5950 25655 338 18948 48502 29163 35221 17938 25057 7154 9642 19256 53927 53954 26521 41655 32727 40999 23711 54214 5034 50209 30330 14125 35578 54876 53323 26136 49152 51234 54312 32693 51573 39383 43195 27464 46351 45934 40641 39620 50677 15196 38991 40418 32576 53794 5081 49125 19385 38170 10457 736 36909 12029 35184 25447 7185 33735 45379 42382 30085 27239 42777 44881 6273 26002 8656 1694 27435 45995 14478 16623 34935 20989 3073 47516 53895 41803 17692 10191 41529 3405 30404 2041 19253 53715 16320 31248 29613 4746 29977 36712 39724 40171 25918 26419 18729 11725 8449 51737 25462 46439 49798 9667 6572 24673 36135 28798 6328 30450 1970 46005 33287 21140 50475 26282 24079 20486 35691 40584 53699 31814 20750 41340 33682 37005 28426 25915 9734 3589 5530 12844 26222 41908 36272 15848 17888 49078 14066 22383 32313 51255 50445 10836 34303 48795 25564 11345 28375 27767 37140 38543 8410 30624 37184 2673 23195 15536 28010 6390 27081 10841 48987 9983 53766 13204 52900 5373 31036 27482 18408 12547 22116 15676 10545 15374 47124 26436 32222 26202 47675 46728 36182 26097 9523 15283 7097 3145 47624 46373 12740 2478 10746 3421 15617 51583 48437 1465 19329 10827 45243 23304 3337 1698 13244 26337 37315 53260 48492 47827 906 38576 34672 46639 24701 12598 20146 32222 49609 14594 50692 52977 6851 14315 15976 21915 5818 50329 40151 21997 9554 28106 2765 41520 534 7243 29253 32598 31989 49644 43818 21273 4114 28395 23482 29423 37586 9580 14534 53824 32728 37985 9472 3118 46447 43170 7018 7189 13383 18554 54353 2709 15952 33803 32769 47407 27631 22750 52749 30944 38628 13038 50458 16319 23134 31481 42697 39689 29098 41536 54204 24066 13228 25765 8376 3378 50403 5824 54737 5938 12527 36599 39190 20003 10658 29418 46286 9608 4623 12042 46192 32016 25925 27645 47871 30677 36530 15915 46768 816 22436 39904 32058 16973 37431 51866 7848 35736 40032 33727 53839 22363 54533 46591 18346 5845 8797 24295 35821 13431 14187 47725 53714 35167 5497 31290 53366 35409 10741 28744 52186 14570 15355 36286 7113 5530 11339 46537 49868 37233 41563 47727 43394 31815 4981 5163 48717 30561 25888 54122 27118 43908 20007 16144 3103 17532 29836 2941 51583 51434 8972 30416 19895 15459 42682 8610 51988 21944 15758 41938 33177 2364 39424 14447 48602 52511 37477 11820 35082 43403 983 7713 25862 14694 40555 50695 43184 48146 17879 46140 16935 36813 49639 28170 42683 38175 42729 10090 32662 44764 23599 31450 23887 35634 19718 13505 42437 20782 46694 36543 43670 48174 1001 21651 16381 38935 40273 48062 4560 4685 51334 53313 18900 45428 49135 40626 36701 31048 39080 38973 37428 3530 8545 29771 6231 16285 22274 9786 8458 27079 2996 25143 27216 28832 20588 43442 48743 13961 45390 38871 10418 21214 36311 19656 34990 32035 32263 31561 42171 11352 46206 38788 44923 4571 26800 53804 23503 25198 14359 16171 39740 19493 37092 29160 54713 46203 37535 23165 7935 53891 19222 11506 6162 16156 48603 11229 28366 16704 5786 20899 45643 20943 8269 26052 21385 5327 37418 20097 23958 1145 39994 47520 54665 41150 9786 16641 7339 22511 46335 1939 30089 29697 10611 9800 17334 28949 37722 48027 29318 3161 16768 52020 17651 15555 1975 37665 51775 41111 47536 29872 20308 42024 21110 33406 11391 48584 3287 7979 41736 15714 25360 52479 52271 46117 35678 43020 47831 3918 36399 17356 37208 4424 35216 27653 44564 52780 33739 39202 36975 7618 14258 17317 41488 43553 45660 49088 11338 43571 11537 13354 22248 47383 50003 41516 38139 22805 24809 4851 18510 45011 38884 44988 53307 1359 32950 43917 5103 28622 39877 54163 41790 35125 41690 53210 36422 19397 21961 53333 50748 13669 53728 21779 30189 17446 2081 54252 25813 9320 50957 7854 15239 4078 3297 28269 2964 6837 32400 14634 51497 42292 35668 19128 14698 43156 34736 27023 5849 28857 43366 4513 43937 31742 12281 12312 33444 6725 38794 11728 46616 11307 19951 48786 47527 8485 15134 15741 8575 48799 31197 35735 31958 27985 46810 8418 23770 47499 14424 44456 31007 34435 29558 40366 8598 40014 17901 13401 52277 17364 1044 29377 39185 14685 45898 25931 48366 46065 41538 36457 28180 54202 22101 404 52031 40673 38823 54023 24702 31461 30224 7682 21881 6151 19143 18768 35872 37457 18323 26470 23661 27866 31316 46420 31651 52722 15321 37809 43775 2319 18102 45933 51253 13422 45685 23379 14422 11691 25163 14036 6849 18727 54153 32152 33641 53949 3175 24947 23384 35405 52052 5666 5819 8362 2312 12438 37978 53242 24078 17451 42156 37421 39986 1944 13590 17395 6907 19617 2072 12777 9725 21125 9812 30346 48216 30106 45425 32065 17190 29609 45709 34153 16901 51979 24705 19748 2174 7072 12894 22905 15274 39212 50840 39478 1643 54492 22902 26512 43836 48210 53020 33475 28377 10802 9699 8085 23332 17660 9550 19509 42696 19213 46950 2403 20607 17062 26319 52275 30984 29908 5076 22974 51424 20247 35494 20255 18712 37070 22050 48866 25139 20214 23013 2345 479 50082 24646 33878 52075 31227 35090 14637 20253 26932 43043 45802 14961 52896 8383 50439 54286 47765 6428 11962 23778 18296 46445 17574 39530 7066 46372 33670 21081 7103 47555 14351 18676 7353 33952 3112 5520 28090 4084 52826 30659 35227 35941 49173 22074 21116 46877 43652 50626 49298 35605 11834 30442 20524 35324 50481 17122 1509 35852 49332 17787 51052 34335 53025 20196 32121 33407 25255 3703 22350 22135 46305 30803 37948 18888 44800 4864 24623 21119 22696 43873 54009 10628 45786 12215 6270 51832 4589 46959 54296 13929 36800 24517 1569 35677 5542 31397 6265 27831 52760 3363 1242 15481 30378 32026 13945 11272 36233 36863 8135 31960 47838 13285 45978 9395 44560 48802 4007 50224 20900 44731 36252 36788 47168 44057 43478 7742 12386 31816 12451 40524 13490 12066 45812 1331 13816 48362 30680 47745 34548 7270 36296 33075 3874 2171 2380 25963 26370 35324 28763 53451 15164 37395 18473 15557 18797 40103 143 28385 36318 27672 15719 8097 3993 46024 7275 51493 7937 46315 46387 27196 32996 35367 8245 21807 22256 44688 35663 16167 34091 26752 27276 47645 37625 15170 43755 44316 46750 20733 27711 12919 25605 19234 17991 40789 53480 5783 1124 18802 43499 7362 18271 17503 20646 35713 49932 12116 24044 9767 51774 48977 42007 6760 40680 42723 42667 27188 25833 54643 25813 12679 19235 28473 41920 19042 50708 27453 6318 43091 21752 4256 14527 48089 44018 18551 51806 41624 14521 10965 36885 47339 39076 33052 35267 25141 9462 37322 6487 47359 32329 14808 13220 47085 52422 38990 51375 52278 11364 46969 53988 50594 35207 50466 26244 37740 27078 29242 9846 17779 53620 22455 44038 2585 46254 46209 12812 45619 31178 12780 2393 19463 5182 43084 23447 20727 11938 2718 36837 2841 19984 50324 4853 6745 36678 38972 49443 13755 52648 19205 23879 22244 9159 28604 29385 53652 32652 23510 54518 6231 22153 40344 36715 23794 50567 741 39227 44773 19733 51874 54241 3110 12007 12416 51037 21500 15010 50077 4157 15836 42715 51574 10349 41785 47775 41756 41086 30466 54498 9371 25660 13798 14813 40891 7161 32081 33902 7650 39330 43192 6578 35938 2920 23813 261 14807 44392 9472 6813 19927 44762 23092 24533 3113 3365 275 2401 21440 51865 52624 48844 1411 6878 9958 6249 35298 18337 24583 12620 46568 21256 44339 33962 838 31309 18178 7256 44138 21742 11459 47737 1146 24088 40766 15047 42796 53377 38025 5468 12042 24232 34251 29671 52103 44610 50460 23206 35752 39263 22206 6988 50992 45686 9657 17653 40920 44691 32059 52413 50251 4031 52933 2396 30459 44920 14886 26518 46326 7033 3763 21777 25500 40323 33535 43859 14111 5197 30127 28605 26568 26318 27009 12582 46412 40611 5930 17682 48654 48254 15373 26142 2467 27173 39016 845 11667 20898 9563 50619 8379 8258 21925 5329 23367 15029 8960 21619 21911 8262 51942 40399 28282 16836 38265 41247 52870 20165 13888 5048 39292 37384 28698 17155 31067 31409 24009 16560 10501 6729 16045 10453 14670 6288 16325 39294 48738 28327 1460 21583 41907 38444 46219 23880 195 25257 25508 10408 37531 7133 22962 19648 40997 10708 51846 50096 31232 37090 5068 19557 32974 2288 5263 33439 39747 29414 46741 48300 6451 31506 27694 48959 52485 44389 12101 42111 1942 35225 41379 43579 6183 1766 23126 51044 28119 11549 46856 48157 34438 53204 31927 3710 3534 36036 3274 34957 22578 51847 36079 33790 14430 22228 19162 52063 28220 29806 13415 26180 49337 32943 7465 6902 1947 1252 50555 23124 51507 23702 11762 29423 32307 40266 8667 28156 28741 20837 22051 44558 14284 33273 46870 29247 24905 44728 5461 34922 36849 16070 29887 20989 7530 25167 33841 32300 37338 14303 33880 33881 18874 9701 24682 5007 13565 1483 17978 15922 53467 21544 30612 44383 13354 14587 53819 53618 26675 9552 30133 13087 33758 44798 54898 1897 54265 22264 29696 15476 23242 48886 40554 6492 3579 48521 6541 28495 32171 39742 15357 13395 54223 52413 17430 37049 30528 32663 38778 1817 22733 16176 33717 43093 23995 48820 13983 38810 22432 33584 48708 3825 3781 22829 2367 4552 29810 2143 42123 15636 14910 7782 18992 40232 30240 43515 12947 31703 13454 15514 33618 52739 40640 49021 654 17563 31924 36000 50994 22966 44373 42766 45323 27037 13141 11623 35489 36900 18664 5933 3223 28483 15905 15099 35169 41623 28913 3714 35143 15544 32300 9643 4351 23942 9608 36369 8001 19821 17733 9317 26549 45213 27722 23999 1282 26250 33849 8086 9487 29991 8577 52856 19754 24001 9299 39312 39431 17863 44381 29363 16809 3143 19045 22845 12062 37848 4933 46587 45669 45402 46712 10825 5883 22636 21305 36593 44879 6615 34670 9117 52982 28357 6324 26756 46123 25707 13854 39464 15834 44179 15246 4378 28814 40994 9746 46171 15167 36902 53835 9704 25654 54970 50290 34442 19700 12896 1929 4131 3426 23888 54112 8956 6899 50110 54938 6021 22373 31747 40474 18121 16340 17518 54101 14243 22025 12875 12014 45126 51087 11333 15400 51090 22086 49049 46324 26371 43777 42860 39257 8946 8812 49782 25407 5354 43974 12530 17256 7341 17726 35047 14994 18213 24374 50369 23486 33892 37934 18104 7801 47552 51178 46083 24490 53636 49729 23674 18602 108 33492 39063 40018 48573 46376 6999 27065 9052 3889 15836 20761 54114 42642 11611 26691 18657 18321 44141 31861 22714 40299 25705 37244 25339 861 15070 50055 22380 51652 17461 4906 28141 25579 10734 28331 25818 32744 52460 19659 46494 27488 24850 49704 54537 51015 38836 17283 18369 31301 51716 27138 45617 920 41412 41682 40724 31712 38191 38800 37262 54805 17905 45927 31104 31438 16349 5405 5885 20948 35605 11245 45862 18847 46966 32912 52013 47761 10245 11423 36258 46035 24730 5162 21625 21803 42839 26984 4274 31197 37562 7675 28757 13156 53378 37604 12118 13372 40424 44357 40999 1416 17432 25399 5998 46000 53190 24027 3907 18286 19453 12195 896 20170 32439 11511 44063 13747 13262 41798 33522 30288 20641 41051 51025 9827 44249 13674 1369 22994 17166 10025 47097 44194 18574 46846 30387 37379 40524 15249 26073 53704 8593 2386 25127 34504 47910 50245 29175 14371 12807 17217 35213 37425 17167 25917 6670 21641 1497 43777 45346 52593 38079 36670 19400 32045 11198 7579 10516 41821 23707 36724 46982 46500 18899 17621 1318 54283 35289 40843 34987 32917 7947 28856 1213 9778 18810 15722 29686 46499 8371 10943 11885 4801 1658 53990 41552 7609 46454 20380 46383 51603 36453 5481 22696 16039 12106 48589 28613 26696 19643 30760 52813 46246 38869 12041 48007 34166 44697 34024 18867 11644 24482 41793 33956 51285 6246 29368 38678 48732 3888 47572 41684 31697 44686 9081 43975 30466 54522 7535 35616 9667 52103 43339 10293 18353 29646 6325 23154 4983 1820 7813 24721 52281 47979 14756 50953 22902 53095 7009 11722 25709 2035 32500 20626 32804 21085 34223 12676 54731 54519 47370 27403 987 16592 34100 19479 41148 29203 11446 10695 7149 53777 28595 35351 24341 30380 48440 20534 48150 40675 5179 44803 33988 27252 33449 19682 6506 8263 34642 3669 30001 41104 16438 22586 6913 18482 24466 5740 44882 9929 45244 49760 6763 22561 49131 38380 3710 2987 33504 44940 39566 27483 4082 36770 51952 29609 35297 49818 41192 52163 42853 47043 52910 23479 44832 43112 7111 25785 42242 31762 6415 8094 48921 22455 13984 54018 34871 34428 45404 48686 17615 20946 48329 9243 48856 13387 18576 50743 30871 14099 3449 14508 19489 48562 40447 22163 6905 25485 51493 54055 4813 21233 43409 1790 21993 27697 45313 16218 4255 42952 18948 49212 50872 29940 32501 23042 14589 18359 46973 43924 27675 6894 43860 40511 28116 13032 9503 10729 40451 22609 51803 49679 19446 39212 52630 35335 12034 34672 30553 1286 11637 48490 43965 25326 32605 45482 22444 32098 27480 27840 43850 14210 6509 32806 38727 25851 19711 54189 54427 1629 42691 8059 41113 22356 38917 31143 40669 48992 3396 12778 24333 50133 8167 37869 48941 12060 29077 8617 35107 14693 32918 30913 22128 11560 45361 9468 30314 18536 8571 26233 52176 15196 18615 34594 13031 37347 12985 12843 25533 41143 7549 33350 42447 40050 41083 31760 52396 17513 46406 2405 3702 46271 42071 48836 14992 4109 54298 1966 5090 33868 49618 9309 43900 40443 7904 12835 30454 48371 25905 41720 25535 20329 34264 22791 34407 27636 41000 33655 43110 48757 3333 10447 36424 33594 45317 54462 21136 28633 12617 31224 52922 9838 8025 2907 6790 11098 9553 49940 32429 19612 24666 36973 31769 38304 49050 40337 8191 20288 28633 8598 16584 30866 11551 8440 46811 44799 43855 33908 45682 13398 40500 27346 21940 27594 42862 53782 42543 6113 12371 28641 22708 20661 50877 34106 10475 7971 43768 10227 36556 52364 19777 32681 30024 50789 23868 23864 30356 47889 4280 8915 32682 44617 18187 39530 20267 26006 18532 14413 17423 48020 53774 32473 35428 44958 42455 17224 38331 45757 24085 28687 34239 33651 43570 21625 30577 6830 3966 9497 18569 5928 48927 43266 41677 15858 48785 34741 46092 51283 35596 50119 23350 54532 53133 38385 33491 37193 340 7072 37308 34688 49376 34930 1394 52209 13858 39506 51020 48552 27615 45934 4052 18568 25344 12868 30792 43944 31295 28652 28603 39471 30361 15887 50735 1393 5624 24406 51174 23511 8611 22140 47514 4320 49124 26339 49321 1212 51503 48731 18176 52295 7913 27317 32820 13253 46561 12493 9648 37201 33884 19510 30962 30990 33984 7204 54351 29341 13407 14138 8565 23015 30581 2257 39972 34724 18854 45771 51937 22867 39778 14677 30932 10242 29641 10041 39890 7336 49470 6579 9984 45085 32278 54296 22454 53331 26957 14934 27670 10205 10921 30661 44063 4192 6702 25550 47629 15837 52399 12317 22256 8862 30841 22584 9636 53019 32117 4405 725 13445 18872 17001 25348 50837 9794 50417 15156 40150 42400 1672 20011 38025 38839 27552 43227 1075 34534 28286 36830 32960 22634 16969 43848 35105 6649 11299 33743 45194 25137 15400 2645 7600 7503 44373 16969 1066 15148 35740 14663 340 20704 24848 17137 48419 10997 51515 13656 29818 54612 39004 34187 38585 48574 20330 46086 32851 4747 48238 40210 50649 14233 36594 11248 12081 34592 13325 28671 52639 25111 44244 52046 45147 3528 36492 52911 11366 21250 53285 18686 38708 44967 26744 47168 27711 5636 14694 7692 1035 41451 2269 5837 12579 25476 23903 2723 27636 15777 35710 34794 30621 43487 44017 23275 5719 19777 6372 44531 33475 43392 18068 909 28035 42112 31741 28652 18394 13365 35562 42781 42251 36377 12767 19142 21539 9263 25915 2750 48465 39532 27059 30060 49792 9617 33200 45009 11123 43982 36017 6857 8347 9604 26988 22534 30785 5534 37345 13560 19917 33235 13694 48657 2688 7303 7483 42343 13358 37528 47870 32205 22259 23163 27205 23902 42867 8907 9045 31121 50413 14317 22334 19049 51698 7194 27059 39293 19079 21918 53074 11816 43356 8880 52913 53813 323 51744 9836 2588 5156 21150 26620 23057 16834 15558 52646 27301 2622 33390 45278 48307 15493 22435 40695 51079 16287 6472 26275 5868 8395 20148 16069 12979 28595 24288 32896 32276 36168 54689 28517 27639 51151 39684 2617 29488 4167 39798 50483 376 21604 34215 32231 8635 41752 32836 44969 11686 26563 45370 33207 25633 12362 34662 54078 19447 15831 19162 24649 43824 43040 33571 54419 47369 6841 20985 41279 50524 30976 30423 26224 13104 249 46603 1444 44807 8253 25409 39819 12850 2608 51369 4746 44063 441 38784 21689 13042 31429 5690 52343 16939 41114 36492 6947 37626 4079 28152 19937 43455 20235 14058 53669 44137 39807 26704 31560 18038 50924 16420 45195 42558 10966 35594 5901 15711 6921 16277 48563 50400 31340 38058 3333 35134 1268 5239 27174 45851 36625 48461 38150 26330 2986 24321 15932 10280 53866 53488 50245 28768 36911 32388 264 15148 31321 26489 18757 14966 11785 37637 19035 25879 21572 29680 20282 28860 32800 1141 50782 54242 21051 32629 7115 4408 10866 17829 54681 40661 45384 14185 53991 259 30089 12541 4703 28895 49520 15578 21623 43380 12545 8896 12481 53329 1187 18061 15670 38140 31687 43888 5700 27023 18816 26223 54082 367 41605 4395 38113 23778 29330 12955 25162 3228 51284 39093 30781 153 31601 39442 15844 30169 40714 36766 21919 27283 17381 31965 44480 7778 14079 38215 27324 51679 40995 40388 29967 31714 13952 1338 18444 48321 6256 14792 46850 38664 9555 44463 9344 21445 17891 21597 39501 35642 12386 3505 36431 17942 30516 44832 44200 23259 49704 5785 50827 35744 10847 28112 47324 29565 34135 46097 37042 20868 37845 50634 53955 46465 53635 47166 38468 44321 36639 48437 29498 11561 23339 1903 23829 24026 23826 31680 25729 26109 11458 22105 7170 42309 31199 47815 32660 10086 31029 13494 44785 50321 31580 42627 30574 36551 2860 44567 10892 2994 15628 14894 17953 24852 29522 21927 51733 24296 14475 47735 46292 29030 32560 38197 11344 13274 35495 10820 36281 35177 525 6775 38793 26555 2592 37939 7912 51887 23803 53924 28417 20024 51586 3130 21280 32984 23596 49159 42079 22288 34709 43371 29034 27192 26947 39095 39588 31427 52200 23286 5652 8147 22545 36766 45771 16178 12245 10729 28855 22172 30617 48102 34500 40397 19741 5151 50643 28466 11199 11626 30808 4537 15566 7914 14001 17169 8662 37238 12920 28745 25540 17404 38019 50321 5648 54127 16724 36797 52335 6048 25349 15363 49605 4794 24719 46607 10940 30539 39080 10849 37138 40601 34391 2491 5905 54679 41927 50495 24729 3068 54761 4349 46129 44875 8308 15728 18446 42818 2573 16307 24016 17438 45979 51969 10645 27040 29061 51726 22483 12539 28978 35551 31296 49021 52220 24600 28920 30288 23405 27352 3003 4138 52981 40615 47364 23815 37724 36055 32433 1647 50769 38279 24071 46741 46410 19914 40944 36257 32303 19427 38562 16245 47858 24523 32624 37291 36403 39003 33273 30790 36939 22593 22314 17915 36823 18751 44725 13010 51972 47847 39937 15108 32404 54120 46139 10008 43709 39424 9560 35877 5463 15064 29362 34572 13963 13920 8121 25060 31294 44967 8398 24830 5989 44100 39002 51438 44936 28273 11425 13710 35469 9806 7541 38378 20769 54757 1076 16198 50180 33544 31344 28382 8451 6040 13112 28788 19120 8451 46675 22194 26383 8998 30223 16833 51662 16180 21076 49785 14651 51910 32947 33500 25070 8892 16225 6923 49507 49 49746 9262 9411 23497 44579 4128 3656 45598 34097 5408 46587 2022 33872 53288 43065 29960 6252 54232 18801 16933 10595 30709 12259 15779 15201 20183 29183 40004 45261 15359 3570 22261 26870 48186 6946 54871 28175 42092 36719 32207 36877 12730 40209 20389 45063 469 46060 38534 54489 11856 38544 5790 18633 17974 53208 8355 300 3563 51808 44691 43494 30492 42961 41045 51610 52595 6281 45537 36760 22274 48951 31313 24534 25422 14905 15676 3736 23513 22971 21010 47364 48712 41300 33640 20129 15143 3639 54432 3656 8456 4527 28228 27317 20145 2923 39789 8333 52310 26121 14712 19280 5673 16596 40446 27174 24445 46772 13118 35924 11211 10812 5057 35871 37424 44160 23156 10989 24742 21418 14271 36463 2050 12737 53528 54808 27183 17288 45695 6684 38080 29632 35577 25387 30734 19591 1733 46109 40663 52840 12925 51285 24467 27901 6216 2033 27181 45923 36193 6210 51797 1475 14355 5468 1301 4007 2396 11559 32864 7770 1727 44703 3042 8129 53237 17553 52129 50791 40932 41767 52773 35198 32581 48955 7608 47859 37199 8152 16658 48631 49309 16488 36009 8895 18958 17018 17134 702 28507 40090 19817 14791 23542 51603 17674 31263 11736 41914 44739 29294 24959 40388 468 47294 35216 6414 26767 11975 44468 10098 26855 51287 25205 19221 23902 50752 32963 31441 196 44148 6544 44838 13018 31783 27044 16283 32690 3214 25700 3196 11895 5433 51856 16163 35307 1024 22499 46533 46360 942 15918 23613 46989 4104 39431 27013 53400 52480 7344 15519 20942 42964 13916 34194 20496 29769 12196 30068 22590 27487 11537 3813 20099 37157 49724 8718 24915 39421 5150 17399 23609 18054 45956 42960 40805 48297 37797 4863 30489 45541 18252 15914 35848 38179 36422 43432 49087 6479 54 26161 10334 37439 50292 29944 36947 53283 50946 38215 28245 2813 44378 1047 48591 37337 12322 8198 44450 288 8648 35777 49516 1162 9721 8005 4253 46342 5125 17303 4769 33202 5717 52084 12811 38863 26818 20552 35014 1219 9227 19456 11725 26413 34773 30458 23040 28300 45910 48454 17964 42798 25581 39734 9055 54641 45938 31066 5409 17741 19407 32784 5357 12164 20266 33646 44182 15676 46741 41801 40557 48402 6958 28459 10781 15612 11056 44135 43828 41160 28841 17663 13364 12045 8115 2798 404 9285 40945 36649 38132 49345 51384 11204 8717 6983 50677 6696 25548 35082 53134 31295 53612 20094 34326 28066 704 24608 17664 38561 24445 22222 40669 31266 20452 33678 35600 2429 32240 4379 6730 5417 12490 2598 43222 42506 20262 54410 5529 32794 20659 48658 42371 38216 43279 40319 42470 50661 50877 28447 1235 49692 26969 44728 53970 15915 3186 24281 42482 1645 27141 1315 46917 21005 3972 54759 18755 42987 9392 45598 17978 6995 34827 31389 45129 6669 54075 7098 20370 7547 33822 266 24096 52267 38861 6627 7461 17603 23460 5608 23939 41077 21983 8693 46660 26433 27187 24208 41986 41956 27346 3157 5363 52646 39926 5448 33059 2153 9975 7124 31469 25248 8889 777 32957 5174 8516 18301 46264 693 29413 32028 22669 6872 39475 29383 4126 20558 45026 17311 29721 51812 18771 51130 25182 48975 7893 16847 36656 4776 11306 1941 45495 26150 37433 38923 11992 20344 33580 26030 43942 44697 32215 43258 44417 39283 42688 23815 11275 14502 16166 28763 28216 15698 13217 33978 38339 15490 8318 7717 12074 35296 31637 49982 46425 36623 14688 37262 17408 43659 21377 36886 34717 45237 50225 43850 50860 7520 40784 9415 38272 34617 19577 39509 4766 2422 13355 51961 9535 44864 27327 50193 32557 44587 2502 52968 16314 10851 13495 51832 46233 28249 29021 52904 15414 27836 34195 54759 28008 20667 9986 31931 25466 30437 19956 35664 4023 31058 46574 11362 14515 36661 54256 4277 11288 4312 37747 7297 31347 7931 30310 52619 21182 312 5933 12931 20285 47316 31086 3725 3393 40917 2516 5867 41196 31374 29544 33779 52782 21411 47667 12097 51822 7008 123 38346 30544 26973 22428 46581 27592 50279 51907 20582 33339 50264 18235 12549 43631 45104 41805 23288 39128 40138 7494 35322 2335 49320 28379 44315 32101 9908 31580 40375 26235 8192 48161 44731 21234 24307 32337 15696 13280 9551 527 11850 43645 334 17245 54394 14845 39473 26259 7198 19607 33336 37878 37894 54206 18511 3253 30134 43915 48445 27402 135 37295 7450 48523 4078 14894 48792 16508 39014 47155 12608 24226 54102 3219 11057 26525 33965 2190 43913 28010 50623 9203 34944 25697 42261 33914 49165 28978 11794 8042 10419 7234 42788 54888 40218 43411 4725 24984 46158 23271 9117 13253 31569 42489 9000 24229 31613 10424 36363 46119 328 1833 25280 30639 995 29881 19475 28173 6809 29968 10260 41080 29345 12038 2011 29139 21609 14032 14752 8729 16568 43314 40039 28764 27416 32144 49907 21877 52811 33161 43483 20322 2547 18833 48911 28906 54651 36156 15677 10461 15918 3443 14440 49341 51474 41187 41797 33355 15123 12272 31992 38767 18152 33744 36116 17185 35123 42366 30361 47068 43270 42103 52449 38838 13705 7287 2327 27583 5969 12359 52344 6488 30861 1016 2960 50415 52584 33232 54650 7994 4364 15509 41921 15420 29500 32839 21405 52701 37552 16563 29879 19215 40308 3052 5769 41897 10901 25573 33517 29831 29094 25373 857 1161 31741 17479 39264 5798 49787 49133 19104 37721 33532 40958 44227 40711 54392 19208 46802 35417 16233 47656 22467 52450 52318 45475 52276 36757 47422 11957 17120 49641 51711 46079 26199 23473 14734 19296 4618 20767 35548 11408 47129 191 40890 54305 16347 6546 9089 27643 11136 16053 2362 7399 5286 24298 5733 3834 45005 45638 37936 31110 20310 46203 15076 31303 8639 30663 43495 41679 25145 44695 7278 19764 50907 41766 6817 45309 20217 52376 34736 4844 32151 26669 34459 47052 8475 38597 17888 17164 42062 34904 31754 53443 18466 32948 52180 49786 20528 44851 34679 23683 7377 38054 38911 14454 33614 15113 40776 12523 27856 16117 15893 47108 24627 32525 12724 28598 8471 5321 48124 9508 53284 12425 10074 50295 53797 10198 34307 22320 44897 45420 26319 29713 3464 4660 8118 4687 35489 28008 16807 8837 7875 28492 2203 112 41653 464 22527 34276 52917 42648 24202 24038 53984 54137 23890 27306 39903 53304 4400 44321 31899 10232 42779 11481 20606 16289 24549 26072 15487 27908 46737 14796 43517 23142 37435 27156 36787 46219 31186 30127 43165 31632 10694 45226 39765 24129 26645 51018 32653 42039 2000 47965 20515 49816 26642 5738 52726 33350 17226 7081 28778 1943 28458 6831 13012 37146 25257 21873 763 37140 28123 25648 43525 27570 12137 7428 33455 13968 33859 47670 35699 2048 1532 46476 6554 54985 15188 14920 15892 13032 2931 47166 13088 1658 40615 12765 24105 22051 3873 43105 26030 39950 14719 18491 560 42889 8201 21597 53550 18717 46714 30458 12016 33329 22381 33165 11349 2664 6340 17601 3740 43771 15452 43087 37838 28266 14235 784 43556 18325 32318 8894 19600 31106 42969 182 9579 47821 14744 34359 34032 28588 12890 16291 39799 34889 14025 39846 52819 52133 13996 11255 13042 44833 44643 18568 2069 35023 5501 37719 33445 26269 21633 14968 54222 47167 35440 50017 27119 40013 9057 47306 8988 9980 9437 35275 1556 32987 27661 41744 44138 15794 40360 45985 988 46876 51079 5566 28608 46383 31969 42938 16175 7101 109 4382 13894 47432 49110 19690 5092 29596 7247 37790 43276 15843 53296 27488 32912 13333 32966 25277 6357 32794 13917 42045 43268 29110 10376 45379 33607 49694 33974 50565 20427 41426 9613 9404 21980 8776 53858 3332 45518 48955 26604 38374 19438 39784 45422 13259 49144 849 44220 46873 42695 25590 31415 45245 2587 4061 35266 17546 20818 13392 8027 4098 20349 20530 18788 24297 39246 32296 49797 31615 54698 10072 44305 21701 40771 35784 5648 20691 36864 53050 32114 45241 33931 15457 30039 24431 7299 28330 22536 33601 9965 41110 50261 50363 50137 33203 22523 7341 19833 52252 29138 37500 12973 21904 507 32957 477 54419 16745 6588 32201 48570 28126 39939 13571 40858 48079 4385 28915 5424 9823 33247 9718 3734 52016 29389 30577 9239 40731 33194 20530 22673 18953 12064 42543 38814 13869 45334 31309 1128 16632 5537 46967 19635 51983 38900 18022 48734 33174 42548 15650 52373 37679 40236 40276 23431 16065 6481 30938 26379 2219 8756 37522 12691 3777 52518 40155 20430 28371 41407 45023 12643 24185 9540 48790 23620 13939 24989 54064 2734 876 11339 31242 13652 22015 7967 2375 45958 35609 13978 3773 19729 27 31403 46629 20084 11667 47871 39287 18552 50220 2987 50662 48670 32 16854 910 6634 9344 37637 30574 24482 2074 54490 37704 275 33505 20253 23238 22201 35842 9220 21092 24992 53418 41153 13019 30521 6233 14336 50806 46246 30992 54392 17612 41491 41326 33605 15186 10840 51010 30494 13964 28745 38340 35754 19071 19011 14488 6374 35636 14995 33325 8498 51009 29855 29612 27209 22084 18577 46761 15188 37526 7289 15938 40464 44715 35282 35875 35665 29028 26635 32994 41782 51999 4387 11960 31544 2369 41548 14616 35142 41500 16849 13605 2582 41164 18450 44362 18698 30371 37407 48842 25129 17149 5097 37651 38509 46170 2966 53734 51542 45752 41416 29017 52075 28598 50210 6947 28683 42986 1960 10655 22551 32968 24655 25423 33687 10379 9330 51110 46457 20817 35161 42123 53503 37985 11085 44085 9824 51133 33945 17415 21308 37219 46606 15400 17841 41494 37106 6936 31987 29022 51870 41497 31794 43580 51715 48725 38304 22662 15302 45468 53592 47530 16852 49558 2508 5178 7769 12119 5153 3380 24440 37714 15035 52127 41575 24231 26869 53145 53490 10356 22702 22063 30366 18120 43875 18715 9400 11532 15104 16108 48157 46978 40911 14681 53242 24673 40988 2793 54816 42339 51001 32339 40080 43501 48951 24202 54142 48123 20886 14925 24833 18466 48045 27568 32212 35928 27239 49787 46051 14163 39793 32223 20128 31603 33678 50889 21277 27915 13859 36056 28424 22200 9355 47498 24476 50306 33888 23849 39273 3388 22673 34766 39495 46850 36440 9212 20126 18289 1918 42359 41827 34381 29913 10645 11800 9553 22795 31467 41263 8182 50831 33490 53414 34464 10650 20566 16199 15635 33633 26378 38966 21807 5716 32931 30641 30372 49882 25577 43065 2054 7241 2293 24182 16814 30905 40413 45638 32476 38050 1142 6581 13237 12595 8349 27082 25898 2773 21778 21409 50217 42791 6216 22705 41514 18429 42914 13124 42681 46312 26554 48979 7606 8873 53219 54005 16194 39786 3209 2367 16416 20996 20843 44015 10517 20584 43114 46756 43623 44921 50388 11088 14365 41328 39819 24259 6127 1086 33574 9683 14435 8144 52533 33487 54485 9006 41557 4857 10498 38807 39036 41036 14611 21691 2407 5813 43003 36637 46170 50652 15511 27662 42312 37659 17827 20654 5982 9352 40467 1465 7338 40393 34340 37519 12571 47751 47696 27204 43015 5381 45232 40099 5737 53167 39650 36843 27336 26344 43712 47145 41402 51294 16206 45974 22579 27462 952 15918 54424 54357 48337 30345 12750 22752 38565 21960 10892 25763 53356 45947 39416 7634 6836 51833 39973 21988 42103 25178 15154 14491 35439 30325 44171 18427 12321 53439 15746 35652 5455 41435 53710 35095 19910 44678 45059 33032 21544 10530 43196 44807 44753 4912 8820 51988 49597 8319 50128 36960 1508 14952 39063 53139 26218 14340 33534 3254 36236 30777 39878 2281 6113 44251 23281 37910 20891 20286 520 656 30565 34617 40988 38451 37343 53087 35750 11219 28057 26344 703 47559 42592 27183 40069 12823 37317 22485 15886 32273 35044 7999 36360 14313 36488 24162 42047 16875 33884 31182 33025 50180 6718 18588 25357 43450 36716 46964 31943 34442 49888 21181 23512 33725 4633 29100 49491 31156 33900 5364 13641 16492 14463 11472 14923 4817 33849 21502 34191 11021 42728 54206 13060 17045 15412 28152 30618 50688 9377 31620 51533 52460 17627 40928 50003 22889 53318 52655 27881 23954 34287 43636 23614 29106 44147 12707 37471 39805 11542 33261 20116 26262 39450 11447 696 49533 2239 14863 25244 50553 21763 3322 2517 21864 52042 52167 54045 7706 37829 45270 8915 5225 14015 28832 27375 54211 42120 25033 22711 20134 38198 713 15776 35025 4350 27789 48374 38267 54384 4948 47833 46059 10867 54440 1571 8331 47913 17511 42527 5808 45758 33790 44152 53627 2693 7651 41128 3651 7657 22865 23381 25730 12944 50106 13284 12977 2338 3122 730 23648 33745 14345 28782 40562 20778 4226 45227 4632 38774 26339 8570 38519 51694 42369 17510 33243 25650 12249 39076 33764 54187 35825 31002 5611 52628 15170 35184 8446 47913 39064 30516 41394 9344 13591 21412 52746 53764 51606 14442 6941 21687 48217 26343 27415 13483 32967 17913 12036 21634 23097 43981 14908 38913 26615 29769 51393 37416 52190 1458 2205 11938 38380 5931 12146 33567 5120 18293 6361 41968 6712 28141 39089 35758 4255 17443 35663 47246 15592 6583 54802 27168 47518 33303 22276 43347 31068 32943 41763 23385 26661 8224 8443 38851 18656 7872 27523 32784 51944 15532 2284 52352 10234 35006 9255 48918 25924 26442 2430 50015 41643 17366 44292 14691 41314 26079 27771 1099 47109 30870 38008 9027 47634 5595 40681 49598 21037 13720 25014 13347 44193 347 11612 46621 23107 11879 19457 21789 18460 18787 34250 16279 35729 54069 20379 16809 15533 29860 25288 26359 32178 22767 48669 1158 18844 26610 14677 16717 6182 52888 41514 19607 16598 9604 3404 49533 34151 48805 3146 32349 18727 6787 26005 50538 49371 17612 20419 18859 22506 38374 52870 35813 5973 18886 33910 41536 19561 37830 26274 20314 18286 48291 5323 38562 3870 38827 2717 42517 517 9864 44432 27382 48098 12525 21890 20032 40243 5331 42115 19324 21578 11861 12221 7568 42539 19236 837 26331 2193 47570 14394 27863 51455 53399 41570 43858 7349 3352 3422 35379 20509 9520 6411 53779 2302 37743 13447 14119 1613 46244 6009 34141 54166 20503 51267 10192 36105 19593 9935 22120 21933 48972 27127 36865 20070 54319 25246 36778 17860 33619 28833 33902 5839 51918 17150 18867 49459 45290 49029 52440 36106 47787 13552 21692 25775 46064 3283 32857 42828 46887 11629 1368 15986 48019 45804 40083 36299 51223 312 10259 38270 24754 36180 32917 38783 15850 33795 24635 48791 35144 3699 43166 40412 46393 43431 18866 34213 4793 5398 48449 30358 7771 16142 22547 6803 14606 18310 18969 48942 31880 28946 5205 6569 19634 40331 35796 40577 1322 28574 43355 15524 27589 24954 4446 33062 24970 4040 29313 14641 36791 54346 50762 32180 27764 36716 25808 25791 6601 25472 6185 40607 2371 10709 33609 11627 54093 9633 6162 21724 26342 54208 50689 38677 33650 18605 47487 4578 21904 7156 54489 54310 46505 16619 10244 8455 31969 39049 27522 18712 5443 29071 33040 48147 22251 10180 35826 16485 25892 54749 18672 30836 16357 26758 36241 20774 12266 4097 13935 17588 12248 51496 41963 38391 42095 9379 45757 8823 30432 9286 219 4149 4486 1345 16158 42048 53851 10730 54619 3190 24130 23250 6030 50676 36780 10857 40749 36780 388 10054 31973 42576 3262 41723 35603 27754 17932 15474 15252 48300 20183 35586 49662 17186 9077 6972 30347 36890 13852 40810 19471 17481 5930 28814 46856 12253 10375 11474 4134 6936 40543 20906 52053 33279 35360 11285 30126 22334 43004 7168 13922 45068 24681 2869 13643 18537 29644 29716 3839 7458 2743 38167 9561 9772 32294 16602 21104 51500 54254 46709 31416 16026 4618 46390 29526 5465 53045 37647 15430 35261 1993 11245 27661 8559 17067 45829 48056 53286 43286 38142 10319 15207 50939 8158 17579 15364 47673 51864 45763 44183 4485 7327 22025 23469 10360 28237 23362 26055 5294 5861 18402 7544 42466 41100 20337 47390 5150 17107 4436 40966 26529 19399 44131 47101 12096 35313 7135 24821 28058 3301 1650 11264 9538 52839 25302 2194 48246 15494 52085 25079 42751 54557 25649 53338 40066 7763 11829 19582 46413 29227 47577 26709 5832 45798 29652 5637 7497 41299 21938 20967 28359 37705 4935 51161 42054 28779 45533 21158 53277 32104 6828 2858 26501 52078 52690 42921 6324 14263 7252 42816 19270 32584 25890 16832 41017 7455 14259 50760 24633 52624 30627 10100 5173 54104 6534 46166 37310 4944 1399 37180 21017 46874 7760 28811 25913 36975 28124 16501 26731 31109 9459 10794 7967 48330 3498 46485 32800 15645 42471 41144 49949 9777 29331 46250 2260 5529 9360 27967 38679 28414 13795 46503 19764 19680 42955 13908 50008 12419 53015 12964 32408 33928 4038 49732 37093 19956 6791 49079 49651 27551 12444 43550 14813 1411 16746 16969 34307 31532 12452 5186 33330 37809 39278 48840 515 3928 9267 33452 35354 23463 34180 36933 22090 26523 5383 52305 28287 23642 43060 5043 48466 26237 5605 48690 53709 22768 3279 4270 39762 49176 36180 54868 24080 17363 49498 49342 29328 35464 4889 7235 35108 28164 28848 36643 29234 39578 855 22688 52545 51405 48144 16006 1391 29520 22683 43418 20369 48435 22698 34458 23598 29179 31470 19862 31271 9341 32618 53621 5767 29418 25945 20846 16034 31358 10611 49485 51142 36342 6834 20871 41778 37860 27477 5532 8780 37587 33886 47553 40991 4037 3998 52288 37652 2374 33391 27376 23153 29774 35521 35712 27505 50 41784 39536 48344 29132 45504 34241 37246 7395 24451 20229 53435 8892 26018 30992 6600 54873 12005 48338 45692 242 42989 28494 14289 32913 34773 9554 33740 50133 38282 20337 21693 18083 43530 3751 23350 8577 21503 24851 40086 36278 11549 32606 18198 28685 31451 54038 41612 18751 54193 12177 10008 30025 49752 5120 14847 54870 21150 33253 34788 42502 16508 15963 42858 46820 31787 45330 37271 15172 1559 30343 40053 7283 48558 40656 15919 51530 43579 15720 40457 39209 13026 14743 42763 38519 52751 29587 14336 52749 3002 11642 2268 27241 16916 5145 48834 32880 43591 30614 44529 14107 30988 32918 9179 3758 42138 5462 364 30809 12779 25075 22996 8593 53646 48329 356 47964 40561 41467 51130 38621 14989 19114 53370 21559 54789 54912 41219 40047 31715 52613 43427 11643 28160 33548 54116 1254 2768 14480 11178 30018 5380 42605 25588 38236 44210 5074 24194 23727 28832 24609 25782 35558 40597 47174 6233 36916 27509 23678 34787 42576 33624 18079 26168 10062 34976 7460 11546 10788 28320 13144 6218 19835 5941 28828 31796 48652 49913 21948 8426 50124 50663 44921 45733 32030 41284 30079 53596 326 20447 39760 1470 26839 20952 12114 35635 24192 43416 12438 42102 12914 51354 3267 2204 23588 49595 43417 33946 14892 12699 34346 9407 44304 30501 40845 51521 42713 27888 13677 16240 24288 44015 54640 4332 20412 790 27705 2970 28744 32641 5715 17165 6811 51747 11115 9428 20555 12097 29634 30804 45577 50395 2694 45419 26014 36686 51811 38403 9708 37740 12472 4456 42228 19444 23412 20759 45184 2019 14678 45735 36386 23377 28038 16090 40660 30949 27050 42021 51099 31339 12800 12459 7872 38482 25825 18310 17534 26641 2507 46722 49537 1756 7906 37408 33990 32208 22710 11826 6954 22861 15609 51201 24469 35578 42556 34496 25555 9489 39000 21713 16767 12813 2981 29729 17793 7143 33459 30259 52111 35369 53327 21190 8628 7074 45450 30433 15396 22424 44716 20514 34537 14578 32535 50239 10975 29604 48692 28308 19991 29905 16641 4025 23479 17663 48800 42568 53564 3557 6999 10204 15133 17192 46228 4513 53796 7443 8583 14102 2747 27617 31880 23916 40194 4241 1697 50138 42155 7271 42307 12710 5976 46744 53992 23228 32529 9863 42983 28008 10665 40002 50804 8516 28026 3427 17128 9224 49369 20160 30624 37520 19978 7937 15016 13959 31407 1442 3741 36988 35315 7079 16274 11750 31963 26364 35387 41486 5679 30921 51420 34354 9407 49249 26638 13185 8184 47615 36189 17074 34824 34563 45512 40766 10104 47962 791 12915 37316 26247 9319 53442 44491 36865 48945 371 38534 18207 52064 21834 16525 50860 40939 25208 28450 4557 7510 27433 13652 23620 30944 42999 11545 39946 51720 33585 39952 3315 15025 44590 4004 23569 39254 32460 8603 21989 5265 22449 47571 14396 17300 48608 26889 12586 20556 4725 28814 23559 34326 2511 5341 6609 31113 52030 21544 23232 53722 15553 2647 8189 45006 26568 25151 2642 35392 13170 19584 1589 10888 4967 53397 18759 12418 48333 51852 9979 43004 10038 29218 52656 9516 38892 43621 51390 22382 30533 16233 33129 35780 42451 30048 30604 2780 36616 25476 13914 21143 10691 13475 8207 53449 50352 41983 48626 52510 12585 4064 20493 32310 26577 24240 17503 45217 34594 54060 20859 45345 28358 29252 9067 3095 48882 24720 34431 5561 36460 11499 37363 10425 41253 34016 6444 37583 6419 36084 18725 41925 31583 38291 24682 3091 11653 48493 5342 11442 14659 2563 50049 32034 30309 48633 15288 26294 35466 21015 47095 28772 11202 8348 15255 43738 44190 5441 39709 49569 721 4568 31101 3217 49514 29724 46066 565 40710 37709 23700 20763 35743 23880 18529 45849 133 30721 27810 29472 33185 2492 43387 11172 4488 33076 46724 49132 50428 11759 52254 51818 8604 10278 14943 42797 54135 19761 12922 13809 8996 16582 12921 28361 18125 21246 14259 32018 30748 28949 25514 3326 34828 30243 48495 16454 29802 19333 22237 8358 18255 51028 25024 2646 18474 276 54348 50088 2316 14800 4299 1797 30921 21571 772 902 46119 35430 47727 15664 15739 16633 11251 10656 2662 39724 3664 22375 37812 25606 54115 46865 15742 46759 37992 17950 27994 49297 21581 24017 29075 26885 38239 9311 46389 45763 28742 38186 18318 1486 36075 40200 46616 16015 46667 32226 54774 36380 3950 51063 20000 47213 48167 26149 181 33529 2618 4911 33439 16932 27721 37525 13096 2993 54302 15663 15932 725 42698 21124 12599 26610 24562 49343 32746 31568 23591 54861 2365 27948 4011 40969 50014 38675 4912 15698 38038 40973 14074 3390 50142 41532 34683 19598 51018 39779 46124 36625 32372 40628 15008 46675 11270 27826 46149 29538 11410 3809 616 49142 6545 43501 2218 2525 16238 16068 27916 25702 46230 31566 46943 19456 22548 44794 50124 37978 25658 6617 47376 31172 51604 18536 11705 26995 36986 45050 51173 12832 16140 35693 48072 33753 16273 122 40215 23224 50689 45137 54515 29019 4468 6563 42673 25374 17261 53345 38043 1674 12449 16616 24263 12135 6944 31397 13471 54485 20442 36723 42886 6312 36811 4431 29402 15767 2026 1024 50292 9262 34677 22175 38903 15753 44555 26083 44668 11051 23637 33175 13078 2460 5098 54341 52216 815 29097 52857 33376 22639 38389 41838 20147 53956 551 25467 7748 34351 43392 18862 13596 40868 42568 37429 51230 1995 22377 49478 44604 27353 3014 30399 9764 48554 36349 23757 7328 19651 2567 2802 27080 29177 32245 51013 31417 35408 17627 21528 2578 51740 47685 25880 10702 26325 26917 51444 12138 13807 39179 21796 51977 41565 37164 37505 28856 2343 26012 33391 9092 21741 42487 54881 49695 10925 15485 40073 21036 30966 35773 17162 24531 31353 17827 22379 17186 8842 27611 10516 30161 29311 14164 28193 26772 38104 45665 51623 35985 1892 30835 46345 39277 44938 36324 37163 18287 3428 52671 18177 17436 30287 7183 39794 19477 21968 12718 54712 50698 50283 46185 6949 8392 39613 36476 37618 31180 4463 42091 51268 52381 24379 4036 4802 44260 7469 28054 14937 25993 47465 9909 46570 49644 54509 43994 44373 9183 38860 14664 28855 17610 35724 28399 25619 132 43013 24709 6299 52645 51610 47768 13527 15739 17380 44703 35974 16954 11760 13422 9456 50154 10299 19721 9414 5240 49385 29001 48256 36571 23442 50773 19358 38360 13150 5022 49080 22848 42760 44230 39170 1443 49974 14585 24441 30702 45614 28470 8505 23082 6368 5866 7326 43534 26786 32562 36846 10609 27815 29591 50154 26901 5353 17764 20176 41036 19533 22022 20047 38453 46212 36087 10252 
