// periodic
// number of jobs
1
// pi
70
// Cycle
100
// aperiodic
// number of jobs
11000
// pi
9 23 46 35 37 45 50 49 54 36 58 28 29 11 18 15 32 32 50 41 54 13 44 20 53 53 58 24 57 58 4 42 24 50 8 14 49 30 47 58 48 57 17 13 44 8 19 57 37 42 4 13 10 59 16 43 49 34 43 24 7 45 20 4 46 29 50 29 8 57 44 44 40 41 3 16 17 38 38 59 54 34 20 41 37 15 53 26 2 30 24 16 15 19 21 32 26 16 37 43 45 20 29 41 12 39 9 45 43 42 3 36 58 53 24 34 4 43 8 51 12 12 6 37 4 55 1 48 7 33 40 51 4 47 19 37 37 36 31 19 37 22 17 28 18 33 36 55 44 37 21 52 6 14 30 58 48 58 32 3 16 37 7 55 13 3 48 24 3 45 11 24 27 52 49 27 19 17 55 48 28 57 5 39 44 59 2 14 25 2 40 27 56 11 5 22 6 3 2 56 28 5 25 23 59 19 7 29 42 35 19 38 22 18 3 20 12 36 4 57 38 29 24 26 14 48 20 19 48 57 14 52 23 1 41 12 37 11 59 50 49 26 22 52 34 24 24 20 38 24 55 50 41 50 52 35 19 45 3 42 42 31 45 31 17 59 18 3 54 51 43 28 22 47 4 11 15 12 41 5 13 28 49 4 28 6 26 29 56 54 48 59 9 30 4 5 45 29 24 43 19 6 50 56 52 36 18 6 19 41 17 4 31 24 19 56 54 29 18 58 23 37 46 33 12 46 31 54 39 56 34 46 1 4 1 2 42 55 47 23 23 21 29 27 33 37 14 21 28 4 46 36 21 40 32 17 28 59 20 48 51 21 43 30 11 24 11 44 40 30 11 18 23 36 52 23 45 46 49 37 38 27 58 5 37 54 1 5 45 35 19 6 53 14 55 46 11 37 17 28 42 49 46 54 34 44 54 57 55 24 50 4 52 26 27 29 34 52 15 54 9 24 14 13 16 46 34 32 11 10 34 3 3 45 57 6 5 55 57 31 39 1 24 8 38 38 51 28 47 35 43 16 57 40 9 13 27 39 18 17 53 6 27 49 8 46 58 36 18 15 36 46 21 21 39 42 9 47 5 50 23 53 28 52 55 25 7 2 4 28 42 39 27 32 10 18 43 29 50 13 35 23 40 7 5 58 32 46 25 32 32 15 58 21 54 37 2 58 49 50 39 34 49 36 15 9 1 7 15 50 58 20 36 56 57 32 52 39 26 32 52 29 18 12 30 43 35 41 17 38 5 35 23 18 3 24 9 3 39 58 51 21 3 54 21 27 43 59 28 59 53 1 1 56 55 59 40 24 21 39 56 37 15 57 6 46 20 53 30 46 37 22 26 57 59 16 21 27 1 11 53 9 9 15 38 14 49 49 32 22 40 41 38 5 7 45 32 35 55 38 10 4 7 7 11 16 17 52 4 16 33 49 35 13 52 26 3 41 19 52 44 19 19 1 26 28 15 49 6 42 15 20 17 53 8 20 16 33 16 16 1 50 16 40 20 6 13 34 28 1 30 33 56 40 58 9 45 34 1 5 19 12 51 35 45 20 38 2 53 22 3 2 33 20 44 24 3 6 7 39 39 21 1 16 48 17 4 28 30 24 6 6 40 41 58 49 5 10 26 47 35 3 43 23 1 37 45 40 14 10 19 27 46 26 15 15 22 32 33 28 43 32 11 57 17 16 3 29 42 6 8 49 11 32 31 46 7 58 25 7 1 58 56 6 26 30 13 15 36 34 23 58 41 27 58 24 32 13 22 55 12 47 2 23 8 8 48 44 21 42 6 38 32 11 18 41 16 41 31 5 30 15 15 5 37 54 16 16 27 10 3 8 16 10 28 34 27 35 32 23 40 32 18 7 26 7 25 41 21 29 15 32 59 16 48 25 14 29 43 33 54 55 1 35 47 36 8 51 12 54 39 23 20 7 12 6 40 16 58 43 7 50 51 33 45 20 33 26 40 13 56 13 22 20 22 13 28 19 14 2 3 58 52 2 9 51 25 50 18 46 26 18 10 23 13 39 6 23 23 29 24 10 42 28 46 34 15 41 31 33 23 31 32 38 4 23 44 26 58 27 38 46 40 12 3 1 37 33 47 54 59 28 32 11 27 22 32 8 5 4 45 11 16 53 4 16 18 27 27 31 45 51 28 54 12 15 35 54 39 58 34 32 11 39 12 20 11 13 20 36 8 59 13 6 31 42 29 2 59 21 55 10 29 30 41 32 40 8 20 3 40 23 8 55 27 7 52 8 49 11 43 4 37 15 12 29 9 4 45 42 34 44 14 33 27 39 3 53 15 38 49 25 7 21 8 49 4 59 14 6 37 14 28 24 4 6 47 39 19 6 31 2 48 52 42 25 4 18 33 17 24 4 7 4 20 9 50 15 18 39 6 45 49 46 32 45 56 40 20 52 14 23 13 50 48 52 25 37 38 39 29 43 31 37 56 58 7 26 42 7 40 23 45 24 49 55 27 2 19 35 58 36 16 2 50 39 46 30 13 13 55 36 5 40 4 38 23 41 33 48 13 49 44 54 51 46 11 30 48 31 30 23 34 9 55 26 35 18 11 24 45 36 1 48 35 41 5 8 20 10 20 6 20 4 57 30 26 47 58 32 16 57 24 57 2 4 56 52 18 56 34 35 39 41 41 56 30 35 44 55 41 42 13 5 56 1 5 32 58 34 42 18 57 54 23 20 6 30 43 6 20 35 35 21 19 30 52 40 23 1 53 38 29 16 13 19 44 7 24 47 14 45 37 46 16 7 3 35 52 42 11 54 14 46 35 50 8 8 49 37 14 40 26 11 3 37 14 33 29 20 2 48 56 38 23 40 54 39 39 48 9 8 3 21 2 2 28 32 35 51 59 38 34 22 27 21 5 57 52 46 24 33 49 40 6 13 38 28 15 59 48 4 36 44 38 30 43 21 24 47 3 22 53 36 27 36 46 40 35 38 32 36 27 33 8 27 55 51 49 11 26 8 54 49 15 8 1 29 57 20 51 2 54 10 17 39 18 39 12 16 20 19 38 53 24 14 58 8 3 24 29 45 53 57 31 17 27 26 25 33 55 4 15 35 18 8 34 6 3 40 54 19 7 27 48 7 27 38 44 27 36 12 25 36 35 31 9 47 1 18 59 2 51 14 59 32 54 19 38 59 37 50 14 23 4 4 57 48 22 14 13 18 1 19 54 14 59 42 58 18 2 43 44 54 28 44 48 13 38 40 13 56 34 5 43 53 14 18 43 59 44 20 56 10 42 44 30 59 6 23 45 46 35 16 29 46 34 5 4 1 48 16 19 50 8 10 40 1 29 43 20 6 51 5 59 47 48 40 17 24 6 23 27 56 2 51 31 6 9 24 28 9 40 39 51 28 48 46 7 53 24 9 10 19 42 22 43 40 38 52 5 5 20 15 16 48 36 54 15 37 37 29 44 27 19 53 30 18 8 56 35 58 58 42 13 43 28 56 27 12 6 7 3 2 8 5 7 30 19 28 15 43 22 39 58 39 27 49 35 37 29 43 46 4 26 29 30 48 16 40 25 26 30 26 46 4 36 43 27 29 53 29 23 39 49 7 3 39 34 34 13 38 4 49 33 17 22 3 57 14 57 37 6 55 52 17 13 42 6 29 38 58 28 56 27 16 19 5 2 26 10 37 47 27 48 50 4 49 12 59 23 4 48 41 15 10 55 24 23 26 41 33 42 59 25 54 33 24 57 4 5 20 59 21 9 40 22 13 59 31 9 21 19 25 30 42 5 5 19 57 17 40 40 18 58 50 55 28 43 56 44 48 11 19 42 13 27 29 50 32 4 54 36 16 53 41 49 21 26 53 52 33 18 27 12 5 12 11 35 47 46 17 24 48 52 18 49 26 8 25 31 34 44 53 47 29 18 41 5 4 5 55 26 37 3 3 42 46 21 24 28 29 40 2 30 30 54 52 44 2 23 7 5 44 35 41 52 1 57 30 57 10 43 16 12 29 10 55 16 10 25 14 40 35 53 34 55 4 39 34 27 26 39 55 40 28 52 25 41 2 8 11 39 36 12 25 21 45 29 10 52 31 31 46 46 45 49 16 50 55 35 11 3 32 48 3 25 3 9 55 9 54 4 48 32 3 27 55 2 53 44 35 8 13 29 13 41 53 42 57 9 27 24 2 32 17 57 16 4 12 38 18 50 22 26 32 5 24 38 42 38 21 14 39 32 13 29 22 4 32 32 18 21 1 47 17 35 46 31 12 35 10 14 12 45 56 10 32 4 29 22 10 25 18 16 2 13 14 5 15 5 11 32 53 10 40 28 56 22 35 16 50 50 42 19 56 6 28 40 25 8 34 25 37 59 23 37 14 29 8 35 17 7 18 46 15 17 29 26 13 57 26 57 55 14 21 25 25 21 18 13 29 50 2 35 25 49 8 21 51 54 34 51 43 12 28 33 22 25 49 35 49 44 44 44 18 43 29 38 8 43 59 1 56 15 10 59 9 56 27 17 17 34 34 4 30 51 10 21 26 43 42 2 7 26 12 59 23 38 5 58 55 31 54 29 31 8 6 45 54 49 41 6 59 48 24 35 37 40 4 25 52 5 44 3 8 13 13 1 57 5 19 26 20 49 39 21 59 43 2 18 14 47 44 42 56 42 50 22 20 8 39 22 25 18 11 46 4 27 58 48 4 36 2 36 28 30 20 8 20 32 47 22 24 3 16 38 59 6 54 37 23 45 7 26 57 32 50 29 10 13 32 17 57 31 20 34 15 1 45 54 19 56 6 39 40 59 3 6 37 13 37 15 15 40 35 45 11 51 18 27 31 16 3 59 22 13 31 51 45 46 11 4 28 31 33 57 28 12 50 18 12 5 27 55 28 10 30 59 9 10 4 37 53 58 6 52 18 7 58 47 13 52 14 20 41 27 22 11 9 9 27 56 40 22 36 56 45 21 18 54 11 14 33 30 47 2 28 49 34 8 28 33 44 53 27 29 17 30 15 21 11 40 7 58 45 10 14 59 7 58 14 51 49 11 40 2 10 17 32 49 59 1 39 55 48 17 8 24 57 41 14 51 31 18 31 56 21 19 25 26 58 15 26 55 14 30 17 12 52 15 39 13 54 23 36 14 2 46 41 34 21 56 22 21 12 26 51 40 3 40 32 27 31 16 19 19 10 6 18 26 54 8 34 12 25 11 44 7 5 20 1 6 41 40 53 15 43 4 43 6 9 27 47 57 34 50 46 54 19 49 44 22 9 38 33 20 46 10 44 20 25 7 41 27 33 22 53 12 59 58 54 8 39 53 23 6 19 57 9 46 44 44 55 1 14 24 8 29 28 59 27 19 12 51 4 41 13 8 22 10 39 40 33 18 37 59 24 8 3 5 1 36 18 22 20 23 46 53 34 5 4 38 44 8 33 31 5 56 54 27 7 16 43 56 57 16 29 21 6 12 17 32 51 3 16 20 14 34 8 33 34 21 23 52 14 54 22 40 1 54 6 53 9 32 18 56 15 40 40 5 40 14 2 38 11 2 24 27 32 10 16 49 1 28 1 18 20 19 3 31 13 45 19 20 2 27 41 37 33 36 50 47 28 50 5 6 56 40 8 4 17 9 33 44 20 35 28 22 29 56 42 37 50 42 50 9 53 31 43 11 37 53 8 42 51 33 27 22 50 16 16 26 22 47 23 12 48 21 9 1 19 31 49 44 50 44 54 32 8 45 10 4 12 32 33 12 18 36 55 12 11 24 5 4 48 25 30 27 8 28 7 51 42 57 27 59 13 50 55 40 26 10 59 52 41 23 35 13 36 37 50 55 5 48 15 42 5 24 46 42 37 41 14 11 44 46 36 21 37 7 35 32 32 44 4 20 3 8 42 20 15 40 47 45 11 5 26 42 3 34 50 5 29 47 58 39 55 53 31 23 52 44 16 8 27 58 28 25 17 53 49 8 23 43 24 55 24 47 25 49 22 43 46 5 15 13 6 14 33 58 47 52 49 55 11 53 37 27 59 40 42 57 26 34 12 58 19 5 51 30 41 35 25 40 59 36 19 56 45 11 18 33 52 17 28 32 48 55 1 47 48 53 2 12 6 25 22 12 51 3 35 13 24 59 55 16 34 22 27 11 12 58 58 47 8 7 37 4 32 54 32 8 48 51 7 42 20 19 37 46 55 29 25 29 2 10 16 12 22 9 9 49 48 35 24 11 9 4 44 23 4 12 22 2 12 13 5 56 36 21 37 45 37 47 53 46 6 19 27 45 16 48 16 41 13 54 10 50 16 12 26 44 44 33 19 1 10 6 20 39 35 24 41 11 59 22 42 17 57 39 23 49 14 46 39 52 39 23 33 25 52 32 34 32 16 12 15 52 17 1 3 42 52 30 50 35 50 42 59 53 54 16 27 39 51 31 35 5 23 14 24 45 35 5 33 6 2 21 40 17 40 20 39 43 12 7 55 46 57 51 34 15 49 40 26 48 20 54 3 37 43 23 12 15 42 38 42 5 30 47 15 30 29 2 38 29 6 56 42 28 27 2 41 20 47 27 54 5 20 47 42 26 20 37 57 22 53 44 4 35 35 49 26 38 46 58 21 15 51 22 35 2 16 48 33 12 52 11 6 13 9 22 29 48 2 46 46 19 40 14 33 9 16 6 24 47 3 6 58 8 42 1 29 38 41 54 8 57 20 31 44 48 36 17 44 59 30 41 22 33 29 4 23 7 28 19 50 17 58 29 21 36 13 47 57 8 35 16 36 11 38 42 5 33 54 47 48 37 9 38 33 59 2 39 29 52 19 22 56 14 32 42 5 7 10 55 25 52 28 47 42 21 20 26 5 46 31 48 13 36 13 37 13 29 5 54 42 2 26 51 49 13 49 33 50 40 58 48 4 42 50 57 43 16 45 48 30 28 8 39 24 34 28 8 15 41 25 51 5 46 4 17 50 8 5 49 28 16 22 40 23 41 56 40 31 49 58 6 50 36 33 18 18 14 53 56 11 28 30 35 47 46 38 30 50 13 21 51 43 49 38 36 12 34 37 40 30 42 36 20 38 43 19 59 16 6 39 50 31 56 18 6 7 13 35 36 29 58 34 57 53 15 8 52 23 29 39 43 3 29 52 39 14 54 42 3 40 52 50 52 40 57 54 24 24 46 59 37 6 39 6 13 38 42 30 53 16 55 6 51 22 34 54 30 59 11 54 43 20 30 7 52 12 53 49 56 36 24 51 6 17 29 48 11 46 1 29 25 15 33 14 24 11 33 46 26 8 13 56 30 47 47 8 22 31 39 39 2 9 48 4 9 28 21 39 31 48 49 21 16 48 55 14 8 48 7 12 28 8 51 12 51 28 36 31 21 7 2 27 8 25 8 16 29 26 14 31 20 19 32 21 19 16 20 52 49 11 57 58 33 45 50 24 48 33 31 36 43 13 3 49 5 28 7 35 34 8 21 53 2 24 53 34 22 9 18 32 53 27 48 53 1 54 54 25 6 44 2 52 1 16 34 36 40 28 29 46 55 24 48 13 39 41 36 22 4 3 59 11 38 10 11 2 37 25 3 23 8 4 44 3 30 37 6 22 2 12 18 25 6 18 55 25 49 3 18 46 56 52 29 52 9 12 54 3 52 28 49 10 53 23 1 3 1 23 23 26 58 49 54 39 23 44 59 33 36 9 48 17 45 4 26 38 15 15 44 6 24 26 17 38 47 29 11 42 30 39 51 23 38 41 29 39 39 44 4 39 55 2 38 16 21 10 45 51 15 42 50 26 11 26 2 48 49 37 40 39 42 40 9 46 24 10 17 49 49 6 45 46 52 58 44 15 51 10 45 55 16 49 5 6 18 4 47 56 37 36 17 8 17 44 48 2 41 54 32 9 28 30 8 29 16 28 11 17 15 33 28 58 29 18 12 52 43 29 28 46 29 14 6 30 20 8 26 37 15 58 33 53 5 7 34 34 34 5 40 32 29 27 52 42 19 20 51 19 46 22 42 26 17 57 39 11 56 34 41 53 13 20 59 26 23 22 40 33 48 56 15 44 15 56 1 25 2 30 14 51 20 13 20 2 43 30 50 13 31 54 57 10 52 53 17 42 34 29 9 54 52 39 7 31 53 4 38 46 34 31 35 30 33 26 59 27 27 45 14 47 38 17 44 46 3 52 21 55 30 22 55 13 18 41 9 28 10 20 12 27 9 8 18 36 36 28 52 2 23 17 37 25 49 20 9 56 50 59 4 9 13 11 24 49 41 41 28 39 52 51 42 19 10 39 14 53 11 7 1 34 50 9 19 30 52 15 13 50 10 59 13 54 46 26 37 15 9 21 7 59 58 6 55 33 21 57 19 10 21 27 25 28 7 19 33 54 46 45 35 47 5 55 28 25 44 56 54 42 5 23 27 3 17 20 56 5 29 3 57 44 59 27 38 13 7 58 11 51 17 31 31 43 12 54 4 22 6 51 1 2 34 31 38 6 30 48 35 18 24 34 22 41 26 46 29 1 53 31 32 1 6 19 59 5 1 5 59 33 46 52 56 28 7 45 18 23 49 5 42 16 24 29 39 4 5 18 7 20 52 27 53 59 46 20 50 48 56 6 12 20 26 53 40 33 17 52 16 12 6 41 42 57 8 7 11 39 40 24 8 48 6 23 7 10 53 38 34 57 56 50 25 53 43 36 1 5 1 48 20 14 52 19 43 24 41 31 37 23 49 56 7 26 9 7 58 57 56 26 54 17 38 46 12 46 16 19 25 18 34 24 25 52 15 55 27 45 51 44 45 27 41 8 50 47 37 3 37 43 27 16 53 34 15 42 16 55 40 46 47 53 37 12 30 49 13 1 1 12 41 16 9 18 40 57 36 52 21 28 32 13 56 37 38 34 11 39 59 58 16 45 33 14 9 51 31 36 58 21 48 10 50 39 12 14 55 2 20 57 33 10 19 37 8 46 46 30 23 27 51 38 39 2 55 44 20 9 20 32 2 23 12 9 55 5 18 34 27 48 39 22 19 4 3 28 31 28 50 43 35 40 43 47 11 35 28 15 26 29 2 54 59 20 6 53 54 6 56 32 2 53 21 17 10 3 55 30 11 23 8 37 13 44 53 50 56 37 10 14 56 6 15 57 22 2 59 58 54 35 7 40 32 53 27 53 31 37 56 39 20 50 32 57 41 30 24 2 57 17 9 43 48 23 55 9 19 1 18 48 16 4 3 13 29 9 17 19 57 55 8 53 11 34 42 53 22 34 8 40 10 17 23 51 35 14 34 17 48 34 33 38 3 57 39 44 30 43 59 59 19 35 3 50 45 38 51 51 25 56 4 42 14 14 55 18 45 31 15 15 38 9 42 13 36 40 28 12 2 4 39 57 41 37 22 40 14 17 37 31 35 42 28 58 47 27 27 19 44 24 25 35 11 9 52 49 11 25 14 29 49 35 5 36 24 36 46 37 45 59 24 54 37 19 10 55 18 14 50 38 14 25 52 56 32 45 34 43 58 48 31 2 56 55 47 33 45 36 47 29 21 26 27 57 38 29 55 55 45 5 53 53 43 59 31 33 53 12 38 18 57 16 42 5 29 56 5 23 12 29 48 23 32 11 2 20 39 14 24 9 42 33 56 51 15 36 12 7 27 14 22 58 26 30 8 6 42 37 55 1 33 37 4 43 57 13 38 4 31 18 12 6 27 22 25 55 55 48 17 12 7 45 5 47 41 12 11 21 53 56 36 38 55 4 34 1 12 46 5 15 59 47 18 45 20 31 1 21 50 25 43 48 52 19 10 6 21 14 38 45 18 57 39 5 24 56 51 30 53 53 25 41 30 28 6 56 37 21 52 5 34 5 13 20 38 25 41 4 44 4 52 38 28 57 18 44 51 46 59 2 27 12 13 5 10 4 51 45 17 40 32 15 47 18 11 40 31 48 59 7 18 26 45 39 14 54 5 56 57 25 22 20 34 1 30 8 9 41 8 35 10 17 39 5 56 45 37 29 20 44 2 33 45 24 25 9 20 44 6 49 5 39 57 1 10 49 3 53 15 13 53 13 2 12 33 49 5 51 12 51 36 51 34 24 47 52 51 10 31 31 30 21 1 59 57 42 54 30 48 4 40 51 13 52 19 9 29 52 12 22 38 6 20 29 16 21 18 6 49 13 29 31 40 43 4 18 18 43 57 1 24 58 44 15 40 7 37 27 31 12 6 48 53 26 24 16 44 13 28 49 41 48 26 34 3 7 49 11 55 59 25 4 44 16 10 48 6 8 48 44 36 36 52 41 39 21 29 46 43 57 6 39 16 43 35 58 18 39 50 56 46 25 42 23 42 17 32 22 27 40 7 38 52 7 18 21 48 51 17 25 44 53 29 51 4 40 42 7 25 47 43 6 53 21 13 9 36 15 44 28 25 15 11 51 53 52 26 59 2 41 48 55 24 8 6 50 31 58 52 30 40 5 37 53 4 51 3 1 57 32 55 9 59 15 8 56 51 9 52 33 49 27 13 12 54 8 30 40 19 16 30 40 53 21 31 51 49 16 23 13 15 49 35 25 39 18 59 49 25 29 48 4 46 3 14 24 8 13 4 24 3 19 39 20 37 31 36 53 22 22 47 5 30 50 22 45 47 11 11 54 35 58 23 21 41 28 43 3 47 30 50 39 29 47 43 25 26 21 6 28 47 41 36 8 51 25 11 55 3 30 32 56 3 10 56 35 11 15 11 36 18 27 3 56 26 53 8 10 50 5 20 10 56 53 17 30 39 58 37 49 53 44 26 33 49 49 18 37 6 15 28 42 41 30 9 54 20 38 23 47 31 33 59 11 38 14 24 37 35 27 58 38 28 19 3 1 5 48 9 26 43 52 53 51 59 1 21 44 16 46 6 59 19 7 7 22 29 11 37 34 14 17 2 31 40 40 13 23 46 49 24 51 31 45 35 38 21 44 39 44 19 48 8 44 36 48 26 5 42 8 4 25 31 2 40 6 22 18 42 46 9 5 47 19 55 16 56 55 35 23 21 44 11 2 52 44 54 13 8 41 19 51 46 20 30 53 31 12 20 57 8 7 50 59 10 32 4 3 22 29 12 19 33 15 3 12 24 28 3 20 15 48 44 52 6 8 19 22 18 13 51 16 1 22 51 16 1 55 21 54 27 12 2 26 22 43 19 55 22 11 52 5 25 59 48 36 18 12 9 30 5 56 56 9 24 54 13 34 23 8 38 57 33 24 26 23 14 3 40 40 58 37 14 17 33 53 36 36 21 59 50 3 13 19 4 31 44 47 20 22 28 53 17 48 4 6 50 30 41 35 35 51 54 13 49 1 11 39 2 20 13 57 24 13 11 45 9 33 27 21 1 37 26 45 59 53 43 16 43 27 2 31 30 42 51 33 11 23 19 13 50 6 15 14 44 39 20 34 55 58 31 21 18 41 19 20 49 19 55 18 33 40 4 21 46 55 10 17 57 19 24 42 28 14 1 27 44 56 37 9 8 8 34 27 22 47 26 23 17 6 26 9 2 54 14 36 5 39 39 2 41 9 50 43 6 49 29 53 22 53 29 12 4 48 38 12 39 58 15 41 11 46 54 21 3 17 7 1 46 32 10 6 4 42 11 23 12 32 38 57 38 6 12 13 31 30 58 19 44 55 34 58 51 33 36 47 33 2 36 22 27 50 54 20 48 36 47 55 16 53 56 10 6 12 54 59 34 40 5 54 14 53 32 59 38 46 49 53 33 52 52 31 53 12 35 16 22 46 50 33 35 8 8 46 7 40 38 11 20 45 19 22 15 44 52 21 22 17 18 3 12 7 46 43 42 9 59 50 20 13 6 20 26 23 9 53 52 1 23 24 19 38 27 41 7 57 13 31 24 20 58 50 42 11 50 44 57 59 17 35 17 8 48 55 10 7 22 53 8 21 41 54 19 41 36 42 5 1 59 33 5 2 48 41 8 30 58 46 41 13 38 10 20 38 24 25 52 47 13 35 1 36 16 47 17 22 35 47 9 43 55 22 2 53 26 51 51 30 8 44 51 55 28 14 17 1 46 54 23 47 8 42 32 14 46 13 12 33 52 38 49 46 52 25 20 30 30 35 16 2 54 31 54 22 31 35 17 51 30 16 13 1 51 10 57 46 35 55 7 36 43 5 57 58 57 31 59 45 59 25 59 51 9 37 47 30 55 18 22 2 16 19 19 28 1 31 39 41 4 26 38 16 38 1 18 20 30 43 7 42 10 37 21 18 7 13 21 47 57 25 41 50 1 46 39 57 13 54 13 39 58 27 29 26 12 29 35 1 34 46 12 54 4 43 2 6 27 52 41 7 38 39 12 41 46 56 2 13 43 10 56 53 47 56 52 47 1 1 36 2 22 27 54 24 2 31 40 34 21 39 49 25 53 14 39 34 36 23 24 30 27 40 18 4 40 32 3 22 56 44 14 46 46 28 25 59 26 48 49 6 33 34 11 51 47 33 12 26 27 34 59 59 8 9 23 42 37 11 53 22 13 50 24 46 35 54 23 18 47 31 7 57 59 51 19 43 2 43 5 38 48 13 16 19 39 18 31 26 46 25 7 52 26 22 34 58 58 18 17 2 50 52 55 26 27 48 20 5 27 23 14 57 44 37 25 43 17 1 11 2 51 57 34 1 46 1 56 51 26 58 19 6 7 41 7 46 40 23 2 43 43 21 1 17 25 12 53 36 6 53 12 1 27 49 51 15 19 25 11 16 21 7 40 2 23 33 22 21 33 16 56 49 34 38 11 59 20 25 27 9 38 53 22 28 46 15 45 19 39 38 40 25 25 16 48 20 13 33 3 8 23 1 3 25 15 32 7 40 35 6 48 21 52 32 58 22 37 46 38 3 23 52 51 7 45 53 5 27 58 30 3 4 15 32 41 41 52 47 52 41 29 41 4 32 21 45 7 4 25 24 9 57 37 13 21 16 27 35 33 39 48 24 52 6 8 24 1 54 42 51 21 51 12 38 20 29 12 57 16 8 29 57 7 25 48 43 38 1 43 27 59 8 32 5 10 33 26 23 50 16 51 42 52 48 20 4 6 47 3 2 5 33 29 57 11 53 45 28 51 53 25 19 32 28 41 19 31 3 37 11 49 5 30 1 55 32 59 31 47 15 1 35 21 15 18 22 33 19 59 35 53 52 12 23 7 27 10 28 18 12 1 52 14 57 45 32 11 7 30 19 20 30 23 52 24 37 40 1 15 20 56 9 40 13 43 9 21 10 27 24 30 49 3 43 49 37 7 31 39 11 5 45 53 3 44 43 9 8 25 38 38 20 40 56 29 16 20 26 15 8 11 16 7 5 56 43 40 11 27 59 55 13 3 43 55 39 52 42 13 47 26 18 38 59 44 14 43 25 3 33 30 18 53 34 18 35 12 9 58 38 21 52 48 56 30 41 38 39 37 57 19 45 21 2 9 58 9 42 24 15 16 35 49 14 46 20 47 42 31 10 58 44 14 35 53 11 56 39 23 3 13 38 43 27 37 8 24 57 52 52 19 17 41 49 22 18 49 13 2 13 24 58 7 35 16 48 58 24 41 28 23 24 8 55 2 18 19 53 37 26 26 54 37 4 17 45 53 55 47 16 4 48 10 54 20 37 25 19 19 56 7 11 10 16 46 29 23 8 36 26 55 43 40 23 20 30 53 47 31 57 32 57 40 18 4 49 46 56 47 47 27 9 26 54 35 23 45 51 46 6 19 29 21 27 4 56 27 50 30 24 13 13 17 21 14 9 24 24 15 20 4 9 2 41 9 1 26 29 37 21 55 57 37 55 35 58 45 43 37 49 34 47 55 20 20 15 58 16 19 8 42 40 43 23 56 35 5 46 43 46 40 56 22 50 30 29 22 45 21 47 22 56 36 49 13 9 35 48 5 45 13 16 7 49 37 39 58 30 59 33 37 38 6 45 13 37 20 36 26 53 53 7 38 31 43 44 14 11 42 33 5 11 29 31 28 10 19 32 55 45 18 56 58 6 24 13 46 53 2 23 44 58 43 54 1 49 59 20 28 34 28 43 2 12 16 44 46 50 27 26 34 9 7 16 41 33 8 56 5 44 41 13 10 24 35 27 3 1 35 15 52 28 15 24 27 17 57 48 36 46 57 59 8 22 24 9 35 35 1 26 55 28 59 49 14 36 35 32 41 23 37 43 56 18 21 8 23 17 13 48 22 6 33 13 1 57 38 13 54 3 14 46 14 31 6 42 3 22 49 3 33 11 18 20 20 39 9 48 24 18 44 50 23 57 51 33 53 5 11 16 8 47 52 10 34 7 13 20 36 25 7 14 26 50 7 50 16 31 43 21 42 57 17 2 49 6 14 39 46 46 39 14 50 22 22 2 59 42 24 21 1 10 15 45 10 22 51 11 21 5 18 20 1 16 41 11 26 4 32 15 41 9 55 28 1 30 49 50 35 29 26 5 27 20 19 47 13 10 59 25 4 53 3 1 54 47 17 44 2 9 48 19 44 2 17 37 35 39 59 37 19 23 52 35 1 44 59 47 40 14 7 2 7 51 8 56 19 34 31 4 38 10 21 4 35 5 19 30 32 14 21 3 32 36 48 38 27 53 9 9 23 44 2 23 24 17 21 18 15 30 56 40 8 54 18 29 49 55 35 18 42 54 4 50 7 5 24 12 57 56 28 34 4 43 7 49 28 38 39 21 43 55 53 47 32 1 3 13 55 5 47 39 48 1 2 3 55 37 9 33 30 45 5 3 44 33 56 46 7 39 56 58 29 57 3 13 54 23 22 17 30 31 47 55 57 48 57 45 2 26 59 23 37 11 35 17 20 8 1 52 7 4 56 52 32 30 51 5 58 2 27 26 12 54 2 59 31 21 9 56 15 56 35 17 42 54 26 3 50 17 8 18 14 56 13 42 47 13 51 28 1 18 47 40 40 41 26 58 6 4 8 37 17 2 29 45 2 50 13 38 37 56 18 52 34 6 57 31 41 8 26 58 47 38 43 41 57 58 2 50 12 51 51 22 5 13 34 25 28 44 23 24 7 13 29 13 3 38 3 47 17 54 1 19 28 23 29 5 59 18 2 6 38 50 45 50 50 36 57 5 34 59 17 50 58 11 36 23 34 11 30 59 20 54 49 42 4 52 20 19 28 12 13 52 27 11 19 34 20 9 47 18 32 53 17 38 54 18 5 56 49 51 13 11 15 39 53 26 42 28 41 25 23 1 54 15 46 14 4 54 47 55 55 11 11 23 53 58 20 28 7 4 21 37 7 48 57 8 16 52 28 37 37 9 8 1 17 36 35 25 53 31 48 26 53 14 16 28 30 10 35 34 57 29 51 17 6 41 18 23 10 41 9 22 58 19 47 2 23 49 19 17 56 13 10 28 37 52 53 3 48 9 13 43 36 10 19 31 1 46 43 18 9 34 16 31 58 42 58 52 29 48 28 58 2 45 45 17 36 18 10 21 49 36 54 11 49 2 39 39 35 20 21 27 57 9 56 17 47 29 34 56 33 40 11 27 32 20 27 33 20 15 17 21 24 53 15 19 48 14 29 36 45 1 32 32 38 39 34 57 56 25 50 37 29 53 38 39 20 48 48 34 8 56 10 54 14 12 23 51 28 18 5 14 47 32 33 41 24 41 33 31 34 51 23 28 59 18 22 41 23 58 57 8 44 59 28 37 33 18 49 5 40 50 19 17 35 53 53 47 51 47 48 20 26 36 46 7 40 29 25 49 54 48 49 27 25 34 16 33 6 54 46 19 46 13 32 26 59 10 2 53 27 11 20 57 54 11 57 8 11 3 28 33 50 42 34 50 10 10 35 57 5 50 20 9 17 41 55 28 12 24 57 49 21 14 25 28 31 59 58 15 28 38 45 42 40 15 28 44 46 24 11 35 26 38 41 1 45 30 52 51 1 50 54 46 29 17 40 15 29 32 58 1 15 53 9 14 38 18 58 6 28 48 47 22 57 42 9 12 41 14 45 11 54 33 4 22 31 57 30 35 36 32 1 27 35 25 49 59 54 19 49 51 41 25 8 51 41 2 18 59 41 42 32 42 5 28 16 8 43 56 12 44 30 37 54 7 23 5 54 9 46 27 18 54 23 46 38 4 11 4 58 45 8 38 44 24 14 33 42 36 39 41 23 46 6 25 16 27 39 44 12 29 22 38 3 48 38 57 23 46 52 18 39 58 48 46 47 5 24 24 13 58 2 53 54 12 59 52 5 32 19 24 40 15 35 36 11 14 2 30 45 7 8 54 25 51 53 12 25 14 14 43 41 34 10 57 51 54 4 13 31 50 38 47 20 54 22 59 34 27 31 22 16 21 34 14 5 38 59 42 16 11 13 34 23 9 22 59 53 44 35 9 16 23 18 56 45 22 25 42 15 26 52 55 50 20 49 48 55 2 13 28 27 53 51 22 54 56 21 56 48 2 35 16 38 34 38 31 42 7 3 39 21 36 26 8 39 41 5 12 46 29 57 16 40 47 5 4 28 7 35 5 23 9 16 46 24 47 7 53 32 47 17 36 58 3 24 29 32 21 13 33 52 48 29 7 4 13 47 29 25 9 47 45 29 3 19 26 32 45 1 40 52 38 56 29 5 35 34 29 9 57 24 11 34 10 16 9 43 25 55 31 45 51 40 58 16 55 40 56 55 42 37 38 38 27 19 11 18 46 19 7 37 28 46 48 28 42 15 46 53 45 9 50 44 22 52 47 26 53 45 37 41 1 27 57 27 38 52 34 44 51 52 32 16 29 10 38 17 38 27 20 9 44 38 23 32 53 57 37 58 32 14 37 35 27 24 8 39 53 49 15 45 35 33 54 48 3 40 59 16 31 33 20 43 24 59 52 45 3 57 13 41 10 47 52 11 21 23 41 11 14 42 57 42 58 52 24 37 1 28 13 24 3 28 10 54 5 50 52 4 20 28 18 44 59 5 23 18 2 27 5 11 23 55 3 40 4 40 37 9 56 52 26 16 28 31 25 39 54 28 45 55 22 17 21 16 27 51 55 3 27 42 35 21 42 32 47 33 41 43 32 41 54 7 38 12 32 51 23 19 44 6 12 22 20 37 51 32 46 40 56 31 3 39 34 23 1 1 10 40 43 55 11 34 27 46 31 12 17 47 23 43 1 3 2 5 3 52 19 38 1 31 1 35 58 26 19 10 59 45 59 8 17 57 2 3 56 3 43 57 16 34 44 5 27 31 36 27 38 49 17 43 43 56 15 2 13 53 14 54 58 21 15 33 58 1 42 46 30 15 4 51 42 15 13 51 37 19 10 12 18 25 21 24 23 3 20 5 37 59 40 44 21 29 17 9 47 26 2 40 18 34 28 52 11 56 54 16 13 2 59 23 14 19 32 6 19 5 8 59 10 50 33 21 8 38 17 29 27 1 19 11 52 2 29 7 36 13 28 37 26 57 43 56 5 8 32 40 46 34 43 3 28 48 39 20 31 15 28 42 47 20 14 47 5 3 19 40 36 50 25 32 24 2 4 13 26 51 47 14 16 53 4 35 18 36 47 45 31 48 23 27 29 18 33 54 9 59 49 49 57 49 40 27 45 48 45 46 58 8 5 6 16 51 13 7 26 48 10 36 21 49 28 44 41 12 35 33 17 58 30 33 2 24 8 35 29 30 44 50 53 54 59 11 45 15 49 17 19 47 4 31 52 44 46 24 28 44 50 6 19 17 38 19 11 12 4 34 19 28 56 22 50 2 42 48 48 24 52 22 18 6 22 45 29 38 20 9 50 40 48 16 8 39 1 40 12 40 48 15 33 11 47 7 38 59 44 14 53 24 3 58 51 33 2 12 38 27 27 50 42 34 13 2 41 4 33 54 8 13 10 5 55 4 48 6 25 32 27 2 45 43 36 45 26 37 6 23 5 18 23 55 47 49 24 19 37 44 14 20 52 40 33 33 14 3 7 27 1 19 12 57 15 51 11 6 10 55 32 51 46 28 24 48 37 6 21 44 21 1 32 20 3 12 3 19 26 34 29 25 43 42 31 40 2 41 20 56 53 13 25 48 26 32 21 12 22 43 22 16 55 58 56 23 56 31 12 25 51 4 59 13 41 58 57 1 12 53 18 58 14 41 21 11 9 30 16 41 35 13 30 59 55 50 38 59 27 29 12 47 37 44 17 35 46 46 49 29 46 9 6 54 56 38 55 6 59 54 19 10 16 56 35 22 11 15 51 41 44 52 40 24 34 30 34 30 46 29 55 50 9 34 24 50 22 40 30 48 54 27 55 56 50 1 59 58 40 44 25 15 39 26 44 24 38 1 41 59 33 45 49 53 2 37 33 16 11 37 9 24 6 19 32 27 32 5 27 47 12 13 15 16 6 8 4 6 7 44 34 38 34 24 41 49 32 31 46 15 8 18 3 30 7 43 24 20 26 16 28 25 43 3 55 17 51 26 1 10 10 53 40 3 35 53 11 53 5 48 29 25 54 27 48 57 37 9 55 50 58 37 48 50 22 18 2 18 13 2 18 36 48 54 5 37 45 50 14 29 1 58 44 58 50 49 57 24 43 52 10 23 59 9 30 36 49 49 6 29 21 18 5 39 1 55 18 9 8 40 4 58 30 46 19 15 13 28 57 7 13 40 56 8 26 9 22 4 15 51 25 51 22 28 43 25 24 54 37 28 40 49 20 46 32 57 39 24 49 13 9 54 39 50 3 3 1 25 21 23 3 3 55 20 46 39 19 46 53 18 55 3 35 12 36 54 23 24 12 22 12 13 52 31 6 23 8 53 7 7 39 2 36 20 59 15 1 58 35 33 53 39 4 35 9 5 13 31 17 58 39 59 57 15 15 4 58 33 20 32 28 53 34 59 59 40 4 45 51 45 2 55 32 44 14 14 15 38 35 50 12 50 42 51 21 29 26 47 43 59 21 59 57 4 45 48 21 24 19 32 1 12 48 40 22 53 38 29 12 18 51 53 52 49 51 13 36 54 47 29 12 5 37 11 30 31 18 57 36 6 13 3 52 9 50 48 32 41 53 15 24 10 25 4 28 19 31 56 52 16 28 12 26 2 36 29 28 17 12 54 34 43 20 14 17 47 52 36 16 26 40 2 42 31 20 56 20 39 59 10 39 24 5 6 58 5 17 1 11 46 28 10 5 58 45 45 43 23 51 9 46 14 49 32 47 22 51 37 58 21 10 19 15 8 8 41 21 49 12 11 26 1 27 52 28 34 23 43 17 32 24 54 9 18 17 39 15 44 50 46 35 28 35 13 46 40 28 10 21 50 35 51 24 6 34 20 8 19 27 46 54 11 24 33 33 23 45 53 59 4 46 20 3 49 4 26 54 4 12 21 23 13 42 25 40 27 6 10 53 3 34 55 43 41 53 11 50 32 49 21 44 19 23 26 45 47 39 24 6 14 31 50 25 5 11 58 19 41 50 34 3 38 50 26 32 25 47 44 44 59 29 56 23 40 52 56 25 40 28 13 11 28 51 48 28 54 36 5 49 5 17 32 59 42 52 27 53 44 43 7 44 1 45 11 20 44 17 31 50 6 54 25 27 55 26 55 21 18 4 47 59 43 13 7 46 28 8 6 48 41 58 35 32 22 34 9 10 22 44 10 28 3 1 17 21 57 10 13 3 52 20 48 43 13 26 43 30 57 7 50 52 5 56 36 46 11 56 18 14 51 45 30 31 15 59 47 58 20 18 34 18 29 18 30 25 43 34 29 6 23 12 54 46 42 48 44 10 22 41 8 38 59 22 8 24 18 42 37 2 38 25 50 29 23 19 45 7 48 42 13 13 20 15 21 40 35 38 58 19 18 34 7 35 22 25 47 30 11 6 31 32 2 41 19 53 53 17 15 22 8 35 37 1 24 37 59 37 29 10 32 17 21 18 50 28 23 26 6 55 17 42 42 1 14 50 9 52 38 19 42 31 33 7 36 5 24 6 20 12 46 16 58 44 52 35 18 37 53 3 48 1 37 56 43 12 33 29 21 21 35 25 14 26 26 42 25 15 39 3 44 19 49 46 24 48 57 39 22 25 54 9 38 22 51 25 47 38 55 31 21 58 21 57 26 23 21 33 4 34 36 24 34 35 7 26 25 38 46 19 4 2 9 37 35 56 55 9 3 18 9 39 9 2 42 53 28 44 6 46 54 8 44 18 1 31 58 42 21 34 47 51 52 42 56 31 1 28 19 56 54 39 5 14 59 39 33 35 56 57 54 7 6 25 4 36 48 24 46 53 25 15 17 51 36 8 37 50 39 42 12 19 27 43 25 32 55 51 38 3 58 50 29 38 14 25 44 58 10 27 52 40 5 28 16 26 57 24 8 51 26 39 30 9 47 47 35 17 10 36 2 22 1 19 28 27 47 39 16 43 58 58 44 56 48 11 48 54 57 6 59 34 39 48 29 3 24 56 17 39 13 8 35 24 33 19 16 45 45 40 57 24 7 37 12 48 39 34 52 6 45 13 30 5 51 32 51 10 25 44 55 55 45 32 21 28 54 47 31 19 28 57 53 10 33 14 27 21 36 49 6 29 32 21 25 22 15 33 16 11 53 21 56 1 12 17 11 34 13 24 21 41 46 57 3 21 57 43 40 58 40 2 24 16 14 13 45 58 37 21 58 51 50 23 51 2 29 5 3 3 21 46 59 12 22 59 7 11 14 4 44 54 49 38 20 53 39 41 45 3 16 32 45 32 48 3 27 55 55 8 15 27 56 49 52 40 26 32 44 58 47 57 30 47 32 19 29 33 50 37 25 40 49 2 52 16 1 26 24 3 49 19 5 20 55 13 8 21 7 2 12 51 40 6 27 45 15 43 53 34 20 58 44 12 42 56 17 1 19 55 16 49 43 37 55 43 48 44 35 47 25 4 23 19 6 58 40 27 10 14 59 7 37 15 58 55 27 7 21 48 23 11 52 4 49 22 29 25 52 3 11 7 12 12 41 22 52 58 54 59 36 11 48 25 50 33 54 8 55 47 50 28 10 43 12 33 10 51 39 58 43 55 39 59 49 12 2 2 38 48 20 35 27 39 26 58 42 23 54 13 31 13 6 10 57 9 56 56 3 7 42 21 20 10 1 45 44 37 26 23 1 28 36 50 36 58 19 37 7 15 41 30 43 57 58 32 19 52 22 23 43 56 53 53 46 4 30 6 48 56 55 1 4 58 31 3 53 22 55 12 31 46 58 33 6 56 56 32 59 42 46 45 33 7 47 53 23 17 25 26 15 49 34 32 24 17 32 2 26 7 33 33 59 11 11 21 6 34 9 47 41 6 26 42 56 23 35 26 28 47 33 21 58 18 1 28 4 46 53 35 47 6 5 32 22 27 5 28 3 48 29 30 35 40 18 39 48 6 40 52 42 35 12 43 16 39 58 6 36 11 36 54 43 44 52 56 22 46 29 29 12 23 50 40 46 12 42 37 57 41 54 13 24 32 28 23 5 49 16 24 55 32 19 2 50 55 21 52 43 57 34 24 29 5 25 49 18 9 17 6 24 48 25 53 13 23 17 3 33 32 30 28 46 21 52 27 12 25 9 53 2 25 7 51 39 23 15 53 42 38 8 6 24 54 2 2 24 52 27 27 54 6 56 15 48 32 15 35 26 12 42 43 57 57 30 35 46 30 30 13 45 49 48 33 48 59 41 15 40 7 48 36 2 28 49 19 40 28 53 5 31 49 45 27 20 54 21 30 15 58 35 14 57 54 47 35 21 19 7 10 44 11 14 1 57 50 18 31 28 49 49 19 3 39 17 15 56 5 26 21 34 20 19 1 7 37 1 42 57 49 17 20 25 44 14 10 48 58 1 36 55 47 11 46 52 37 7 18 30 40 6 14 37 2 3 3 12 36 51 8 13 28 47 1 58 39 38 54 6 1 18 52 40 29 45 50 58 37 15 39 17 29 49 47 28 34 6 25 51 30 21 48 46 51 21 41 37 33 11 52 9 50 34 13 7 11 19 44 20 45 8 40 12 41 19 10 47 9 40 31 8 30 12 35 26 47 41 20 40 17 54 11 14 32 44 7 32 2 14 52 1 49 20 14 42 50 26 44 56 27 23 42 12 15 18 21 36 59 49 26 6 28 10 43 44 56 58 13 54 32 25 3 40 36 12 24 40 15 24 55 18 36 1 13 42 6 16 13 30 40 49 56 55 34 28 35 6 11 25 2 37 59 37 46 12 6 32 59 19 5 50 30 52 6 51 5 26 20 25 38 30 44 30 59 2 18 21 39 24 28 39 36 8 28 41 18 37 3 10 56 50 20 13 16 17 58 31 29 24 13 56 38 29 3 55 28 46 22 58 3 36 4 48 31 13 9 16 52 19 27 20 16 21 12 21 40 45 10 56 56 34 1 18 52 53 33 16 51 57 55 21 27 57 4 13 3 42 46 7 31 13 33 20 39 9 40 10 45 13 32 46 30 21 48 6 50 37 8 36 26 28 23 55 54 51 41 40 1 44 30 34 39 13 24 7 38 56 14 25 38 39 52 50 37 7 52 22 2 42 50 32 47 21 2 5 52 22 28 36 16 21 17 2 13 31 45 38 15 44 11 57 8 32 20 20 58 30 26 44 20 7 53 37 24 38 3 4 53 4 1 51 25 38 22 4 15 48 2 35 2 22 29 9 6 4 28 8 3 56 14 9 11 12 31 4 16 31 2 7 30 23 32 16 32 51 43 33 33 19 53 15 39 3 17 6 15 56 16 11 14 33 5 56 15 58 24 35 40 57 36 43 16 28 25 58 19 34 3 56 46 12 19 16 39 55 28 38 11 7 51 14 48 10 10 44 12 13 12 2 29 39 1 24 57 4 45 48 39 16 49 2 18 6 57 2 12 32 5 44 5 20 7 3 48 31 20 43 37 13 10 59 54 6 51 10 22 27 51 34 33 58 49 35 20 36 51 19 54 10 34 10 43 13 9 14 56 55 57 3 39 41 31 21 49 11 1 39 56 41 8 3 30 33 9 26 1 20 20 20 36 35 59 31 3 40 13 31 58 59 53 18 19 32 13 27 46 24 47 19 49 8 33 6 3 17 20 9 19 17 39 15 46 23 14 54 9 14 6 26 41 50 55 57 46 51 29 7 53 31 41 5 21 3 50 57 35 50 35 4 21 40 41 8 35 22 44 42 40 1 47 59 48 10 28 47 56 26 24 19 2 57 42 13 37 11 33 37 37 9 1 36 4 4 27 52 10 32 38 38 5 21 9 34 19 30 13 17 54 21 40 52 3 22 47 37 7 11 15 41 38 23 37 40 15 28 1 48 22 38 9 5 35 43 20 8 7 24 29 3 43 40 57 17 22 35 44 18 42 1 34 11 51 29 54 48 29 4 1 33 42 45 2 12 25 45 25 6 3 25 34 3 18 23 13 5 5 45 7 53 14 41 19 17 8 46 3 36 50 23 41 20 58 29 22 7 23 54 5 22 17 8 10 29 53 33 59 9 40 6 12 17 32 41 58 31 59 34 26 40 21 6 11 27 46 15 27 3 21 30 7 1 15 35 52 59 44 47 1 47 46 59 30 7 45 32 48 32 31 52 30 27 8 45 20 19 27 37 12 40 7 53 46 43 15 14 37 44 14 1 38 57 15 25 38 7 55 58 17 4 16 58 50 31 24 31 57 45 54 16 46 23 27 7 39 16 19 6 58 54 2 49 3 53 20 51 50 6 44 2 32 19 12 14 20 12 4 43 59 40 27 56 14 50 11 54 33 25 16 49 11 32 5 23 39 3 46 10 36 8 20 58 18 18 56 38 50 7 34 2 21 1 15 25 2 55 44 58 42 52 34 12 19 50 12 59 43 30 45 55 11 14 18 54 54 2 57 58 10 34 5 50 36 31 56 24 33 27 13 30 6 52 51 44 4 12 47 58 51 54 5 39 36 13 48 8 14 43 30 4 51 55 19 58 35 39 54 57 48 39 10 10 1 37 5 14 8 28 20 58 35 21 49 42 29 26 5 50 14 6 54 43 2 29 34 6 33 29 13 12 50 18 11 14 31 23 41 22 22 19 9 33 44 32 35 16 48 36 31 36 32 8 27 37 12 7 58 51 32 30 10 36 18 39 17 52 23 46 54 31 22 53 16 46 31 4 53 57 16 14 18 29 48 56 54 47 11 49 31 11 56 11 2 23 45 3 34 30 41 20 14 49 58 55 21 45 4 22 45 36 24 35 9 34 8 47 55 4 26 1 15 40 31 52 48 14 1 52 44 34 42 23 9 54 7 44 30 46 54 5 37 15 33 53 16 35 59 32 37 24 47 41 19 15 48 6 20 33 1 59 22 35 13 39 34 38 22 33 33 19 18 26 43 21 4 50 10 30 26 44 22 18 20 9 59 21 5 42 5 51 49 41 29 14 44 58 33 26 10 48 55 6 44 40 41 45 22 57 30 38 27 2 34 11 27 8 22 33 22 16 26 2 9 42 42 54 57 7 13 35 14 3 27 56 19 56 40 43 5 16 3 46 25 44 24 29 42 38 22 56 59 11 39 28 54 38 30 31 59 38 10 15 46 5 21 27 55 56 52 36 55 17 45 25 53 27 54 34 14 28 33 6 50 18 12 49 51 25 59 58 59 12 59 8 55 11 33 27 18 48 3 4 55 23 34 41 59 57 11 11 5 29 28 41 45 48 19 53 1 47 50 47 37 29 23 51 42 2 53 20 4 17 52 8 33 1 51 34 18 49 26 10 51 43 58 9 31 4 30 44 24 39 46 10 37 17 46 5 51 45 21 38 42 18 17 7 47 59 5 8 9 23 57 32 48 40 23 43 17 22 57 59 21 1 7 50 24 15 14 38 3 50 11 18 45 
// di
6882 14842 30890 19036 5230 17238 30414 8585 17011 29251 17565 12138 9677 1241 12326 9775 2103 8842 9731 2004 31544 7742 14397 13908 14780 23982 21150 22912 3718 1249 26148 14483 20092 14112 13169 28758 3770 26672 1704 16237 8333 23902 22173 10445 27436 26405 1075 3152 8602 20998 16634 26390 19214 31638 19981 4007 22958 24472 10468 32474 19995 11802 9386 28667 32366 26376 14420 360 6739 13853 5425 1841 26149 16935 969 20564 12945 7131 17721 26437 235 16289 23677 9687 25346 13699 18672 22201 22225 27796 32620 16817 15262 8923 27836 18806 13859 25338 6886 12867 10667 9286 29618 6368 16801 30951 23336 32015 3328 28936 17909 28583 29971 26117 14664 9411 26910 8992 14779 7801 13316 14445 28612 6894 16194 24268 23470 15710 10438 19142 27689 18716 17156 15030 14615 15175 25437 8344 26508 25319 32937 13989 21435 2995 9882 9269 27080 25312 8803 25999 19758 10175 21481 24792 28596 24782 27063 20735 17480 21550 28146 15763 12012 15079 29685 5165 13294 4621 15681 29396 2370 14295 31251 25881 21016 31135 32866 19433 3488 22235 7951 4003 8321 15114 19217 18711 27120 13021 9397 29960 7029 17088 4701 27382 18685 28836 22966 15832 9511 4461 30227 25362 4329 19175 16749 313 16252 27244 3692 467 17179 17381 23207 22664 7746 2945 31449 22183 28896 23853 9240 13745 20732 24150 30080 4653 8498 18740 10474 29835 27165 22402 17239 30083 25382 17959 24793 18024 6713 20688 2191 21180 30867 348 32255 19773 20243 24229 17951 9499 9675 6385 7754 28985 25744 8590 13533 26956 18973 17309 17152 13963 9613 14697 14353 26334 20470 7577 7848 21170 6586 13125 8780 29708 26601 25646 11720 28135 5824 7947 296 23001 10521 10366 19086 38 30405 7955 1654 14075 29897 30191 5216 8121 7766 10665 7911 16278 30843 21 16323 4661 10436 29883 1630 8473 10788 27626 14029 29272 12494 8493 26429 11821 16303 16914 528 574 32191 19867 31888 5466 6137 4107 19721 25489 19451 21190 9016 16670 10937 7608 508 22925 8125 1194 30331 27521 19087 28273 6024 19948 12491 13446 10402 27269 31771 31242 19076 4924 30806 19336 2663 10190 23252 7016 18315 22168 20763 24212 16536 9415 28561 23650 10311 14871 1058 21670 14402 25724 2524 9506 13938 30130 32570 18218 2905 28741 23093 1565 32326 29747 29497 28771 32646 10668 18615 32105 3393 1624 13042 9869 19056 27923 17179 11756 24207 11438 5329 28894 24787 24046 23807 8355 24585 7304 19138 21422 28937 1075 7515 17711 10005 20813 27594 5077 28062 26655 17743 31774 12091 2486 23059 5838 31229 28990 22539 14149 14763 12898 8941 32110 20041 25772 17701 13275 13239 31668 7687 9220 1142 32604 17885 1381 27408 24636 1006 30575 26284 3600 13394 27674 26544 3140 5150 2905 12004 19784 13662 14723 26419 19785 11047 18010 27017 10740 26486 11199 20604 475 6557 8594 7605 29185 12007 27607 3524 30782 6352 4108 28191 2278 11749 21671 8322 5858 21256 15450 21634 3321 13024 4955 29459 25079 27915 14990 27336 23048 18930 11906 9680 32923 16383 18635 31197 2116 22852 7812 5476 22796 1636 5187 20445 12153 21834 31088 13338 7264 7607 30479 2148 23801 694 15596 31879 5963 21859 17913 5635 23743 23340 28883 5846 5608 7346 6852 28278 17644 20256 25993 12779 16417 12772 21673 15905 20589 7324 12016 29303 13642 1659 13617 5738 23973 12277 6840 21344 12789 7542 22041 9053 473 23574 19699 32206 15801 9826 1899 4692 3206 28801 31882 2748 13433 14093 28095 25307 18864 15399 3226 22019 32956 11111 32159 27413 17206 14332 13640 20485 32163 21271 28975 19008 20164 4740 5991 1152 8926 28261 12176 17087 30108 3219 19655 26485 8684 11707 17206 6901 26342 10754 20000 16380 4867 12894 3826 17137 1654 31165 20800 27085 1534 16571 23149 29500 32295 11329 28476 28945 726 22924 12470 12677 14023 577 11466 1600 29766 28400 25080 17209 3171 2834 23564 25033 15614 9486 23705 6428 25436 32531 24588 6697 7394 2941 24947 21566 20400 1598 25001 17584 26006 4162 2535 23779 3670 23134 18594 28761 23891 16760 8693 32227 18902 7130 2524 14133 2785 19981 28367 15218 15308 5411 10047 19715 22833 6883 640 24068 2257 6327 15163 24862 2164 11101 5400 434 30351 1467 12403 2608 4034 7511 30579 11796 16243 27931 1518 21066 1842 25600 32503 25785 4701 12760 13553 20419 14287 19708 30574 31143 10984 13798 3868 13139 9580 12824 4860 30529 5377 13224 10211 27672 30452 28012 18088 24554 8012 11322 23615 232 29982 4874 16221 25140 16990 27062 4068 32800 8878 21516 18804 8022 26274 6560 24966 10211 16947 15568 27090 22226 9944 7077 21848 787 31343 29676 2059 27793 3892 28068 25560 31737 11924 9915 10164 1370 23457 4245 4874 21360 18029 13458 17740 2560 10687 10083 11006 17395 15515 2261 3071 9785 32104 21383 20957 5920 16985 672 6628 9957 11928 7576 13480 16603 1996 7382 19283 8198 29363 13308 11991 24530 15339 29943 23461 24928 32545 25708 19992 20853 28310 7116 12867 25570 25343 28897 1308 25373 13904 25575 18618 11294 25645 18200 9531 10059 26809 6396 19107 4426 540 20886 26601 18248 19869 14697 17631 10068 9362 3076 16441 20545 11464 23894 9369 19318 1033 13842 9658 14936 13386 5057 4297 29963 6734 32907 20980 30346 26639 4350 21472 22085 31044 26611 31600 30223 32734 30401 21043 17900 21170 5290 6647 19417 8004 8575 16383 2697 27449 6042 27907 1982 21662 20521 13923 11250 2381 1275 26770 16659 21813 20861 10676 30211 30671 19045 4984 16777 17489 18833 21090 16103 357 21684 20126 14538 25636 24419 16270 24894 27448 15069 28478 21272 23681 6018 5046 17122 25159 19725 22403 1791 28243 18179 5262 5884 13098 25155 19039 32585 10794 10734 21129 18334 17066 10089 2378 12744 8449 25903 24036 417 8429 4295 11754 15494 19829 23690 4805 22895 16737 14207 27548 23889 5100 15835 18375 27872 4279 3464 29404 25784 19214 11474 5320 25485 25087 21343 29608 32982 14024 21009 31412 32863 29878 32667 2077 20847 10380 13554 2442 10552 14460 6992 16232 21208 9673 24117 14037 14920 14085 11605 4573 16944 16462 2967 27987 19776 28467 22054 31707 9722 25608 13209 25700 2928 22850 5181 31589 15490 1594 11271 15223 31945 3590 5830 26859 3260 31392 3343 8967 13036 28635 401 3190 9341 29766 24076 15537 26225 21788 24306 15523 28424 595 11358 19838 21746 10363 18590 26841 6875 31687 4086 31675 3706 12344 24088 11947 7461 25141 30558 6237 5053 18113 12803 14375 13435 31659 15579 16423 21086 23066 5517 17859 24547 13274 27796 12383 21666 16016 5923 25523 27559 4623 31145 32008 19123 9870 32330 12505 7976 22403 25696 5245 9627 27381 8333 24372 2553 1760 4663 22211 19103 9879 16413 10056 15782 26702 30291 656 906 22798 30641 32317 29647 2808 8616 9671 22393 17961 13588 2225 13487 26781 6005 5361 1729 11596 19580 25745 26527 17617 27809 6846 18278 22147 12827 10495 10749 24259 4736 28673 17434 2934 18025 9074 3278 18886 10697 32743 21730 16746 26801 11485 3167 10634 28888 6018 17749 20830 7893 16798 21188 6286 1354 23549 22677 3815 14807 10343 7083 32375 3453 12605 30468 8302 7188 15356 19201 21663 13854 23460 25621 7298 24485 14681 7369 18045 3349 24233 997 1274 25709 19807 26477 3458 9099 12850 30824 16063 17159 20889 19604 8608 20859 13742 3536 23648 6077 27725 4529 3438 32157 16167 28736 11190 8060 24675 1923 28966 8719 32633 4021 32817 19224 3460 2187 22025 23871 13707 31372 21888 30753 25561 16603 13869 25795 30975 30214 4228 5743 5592 137 2762 13537 12675 16806 21647 8407 17403 2933 23583 15847 17451 7732 9896 28666 8653 14211 10614 26105 19491 686 7446 14119 32953 21289 17788 4957 12996 25116 25901 19739 14537 5121 32770 1172 15509 27805 1860 30801 9266 32358 2437 32054 186 18889 7706 17959 20763 26675 5893 2200 4723 8772 15054 25379 28730 2875 9424 11545 20318 25553 4836 1606 5476 20470 2584 15116 14877 22256 20046 29833 8961 4402 25320 12215 15599 20664 15789 5095 3914 16823 2133 26671 27338 1775 14014 6833 13399 24913 13200 17374 25325 13849 12300 20090 14987 20264 26735 29408 29344 18611 3202 16093 1259 15409 217 15586 18593 30788 10426 30950 31597 2960 2914 2058 23719 25086 25743 11537 25526 28813 25443 16794 9227 26488 294 32975 22886 23437 20122 5073 2477 32195 9033 30747 18368 18902 3045 22549 1805 25740 18662 11110 22694 19709 15211 8061 30805 22445 25863 24184 21104 18949 9523 28539 9858 9869 22181 12163 1674 3017 21748 318 9766 20446 13984 31836 3330 1970 8549 27792 25934 32589 5506 5447 6306 14388 6359 25893 32455 8790 19707 15348 10263 7435 6488 2608 10216 2056 23788 7515 20279 12866 29444 8160 25430 12616 15381 27937 11028 10429 7533 13161 32320 4081 26065 31441 1553 11332 6646 16837 2965 5360 24864 30308 11535 30343 3762 1226 1634 30498 22669 3688 18335 32913 32973 18861 11161 2609 32213 20983 25145 17958 15823 575 15279 12757 27690 29487 17659 4995 6998 18037 12078 19138 12947 12027 18263 25043 23680 21237 24199 10273 15048 17695 5831 24646 26615 747 16302 10264 16241 31728 18198 5916 16413 13374 20112 16832 8608 3093 8474 3939 31038 18667 26875 6812 10970 22896 25403 27244 7264 5225 16283 17307 5567 2148 460 3766 8095 402 26593 25517 6418 18036 14001 27305 8471 2063 4747 2380 17804 9039 1433 18615 27625 5859 9053 15428 21670 20869 4630 12615 6268 11818 4749 11259 20282 18892 26900 23423 31422 4483 11883 15071 4688 11298 10917 3832 2600 6798 29320 16394 30674 5621 26013 6454 16214 23815 16599 3953 14466 6268 5740 27942 24276 32116 20489 23027 2999 25142 32251 17028 20165 11305 13087 12610 29552 8579 29628 13669 15701 9414 31176 12442 340 24985 13365 3594 24231 28925 8313 13176 32089 12105 9302 24834 22817 31947 8878 26668 13497 27155 16025 9956 23877 16274 32218 22454 10802 15431 175 30487 22138 13484 8744 29253 15934 23442 8853 5503 28470 18146 15087 27808 14227 21369 5648 6704 18505 12661 31185 20075 25761 4846 12477 16793 633 12274 11997 26180 26315 32218 8281 19538 8685 2854 9723 9531 27483 24558 23684 14988 32179 20362 19787 27198 28412 16780 10153 26702 12030 10137 13039 30709 9314 20557 20976 492 22644 24619 9520 9132 6962 3245 13599 20820 29864 14698 20464 4536 13130 1324 18660 16003 16409 30738 6297 14512 24699 19115 3236 8651 24554 1776 3856 24581 27435 16524 30107 11977 18336 20012 19538 30784 2075 18583 24363 20405 1507 5173 23529 4419 8907 13909 19727 30459 16716 17217 23292 17060 1940 6098 32790 31659 12480 5404 32597 17016 10840 26288 23173 11330 32847 30484 19726 13238 28392 29603 28104 1295 10041 4356 16711 1331 11797 7769 19897 5202 19669 31106 7262 22623 26288 8902 8106 32282 11615 30696 13386 495 4656 9074 31338 5556 30673 12873 24006 26245 30279 1303 23137 25256 29096 11471 983 3392 20104 1287 1079 27824 27060 22658 3500 7859 6958 11087 183 180 18106 17740 6974 27988 1537 18648 31607 13391 2790 29930 22170 31578 6389 29217 13049 626 6259 13202 24935 16473 3385 17470 11341 17968 30187 25136 5544 32250 30900 25768 7711 9142 14616 24542 26530 11767 29545 11475 18762 18728 25866 27564 22562 9862 317 1506 14707 27726 28068 8552 19911 27590 19891 32536 21931 25763 32868 26813 25183 31617 12360 18700 27929 1487 27791 4943 21366 14340 11112 12843 9050 30560 23971 28970 15340 8714 29972 661 5095 19108 1757 10128 15833 4887 10115 18828 23373 20462 32592 26581 18118 10995 8397 12190 25570 31160 13635 6549 30687 28791 30643 10491 16407 1315 2467 17577 2832 7978 1822 6536 30220 20352 28591 15176 30026 11470 4466 12212 15330 31664 4057 2636 27908 15801 6068 18887 5504 20418 22093 10490 5319 17324 603 12677 2130 20107 23115 9185 11865 30033 3705 32736 13946 12521 14453 30202 12939 714 5888 14573 30 14142 29034 8030 29970 25536 30055 25950 29583 3257 11905 3092 18582 10441 24890 18425 21162 4362 14244 7919 23188 10613 22483 29399 26952 760 11612 7080 13260 12922 20707 30178 11807 23126 9209 30173 6500 2867 9642 13577 32372 8217 29796 7543 4235 13113 13940 17466 22023 3206 17542 29587 14461 11339 22436 24188 20305 16770 22154 30938 7056 32858 20011 12068 23385 11864 14327 580 12361 5424 23027 11822 19031 1149 17015 17893 26149 28140 5238 7467 4580 7253 22703 4963 26599 10414 15385 31719 28238 31309 26555 3634 2660 18070 3471 32399 17372 14384 18415 29663 17679 24334 25817 11158 18742 31783 18350 12455 21794 13173 4180 29829 23659 6996 19928 15948 31725 30874 32779 21658 31890 17650 10568 1280 14835 31245 23137 12307 32902 32086 22106 12805 5122 17284 15464 30040 19062 4782 30243 26191 26059 29978 31507 32655 24792 11038 27390 26962 3508 28420 11303 6555 3489 18197 32118 17675 12704 18211 7725 2192 6792 2037 7935 24073 30493 9059 21997 32898 8020 23225 12764 9724 18374 16511 1808 20342 17096 14536 11221 28819 26322 23549 14946 27256 3230 17245 16775 14478 10339 30198 51 15961 2606 7296 21321 11303 8574 19531 29981 14786 705 10443 23861 6408 28933 10716 12145 13391 26136 14036 19214 18134 11497 258 25914 13275 5509 12815 19445 28116 3005 6747 28774 24902 17594 26912 25875 3801 31744 6139 28858 7407 8336 2178 13002 15034 14746 16212 9611 27225 28229 28734 19895 17378 21460 22030 20537 15473 15342 16958 32840 22489 26776 9610 4578 18407 29694 16204 8298 17708 27054 10500 32191 21266 7968 12941 31252 31399 11051 25656 6533 23125 12757 31426 32915 22421 7157 15162 23242 11628 19307 22806 2635 5168 16598 11937 28802 21040 25411 16302 6151 9825 26574 21114 8518 7277 1632 8328 507 6633 29929 13674 20259 32018 22131 23665 12620 5927 25174 27378 7972 24405 15482 26499 10070 10046 3853 6703 7091 31504 27562 16017 24176 10563 4931 1769 2096 13082 4888 7199 27688 27397 15463 4141 18298 8781 31149 31782 8723 30664 19655 27992 31493 28700 2027 24991 6945 29278 6493 4422 14701 31964 21964 2994 16930 32952 27658 7350 5742 15854 11275 2726 14541 20363 9073 448 27437 4444 11642 19345 20454 31997 6131 9149 26027 26748 8655 28993 18031 25410 21495 18118 23958 9823 32948 6275 7484 18605 27667 23404 27707 2312 22030 12897 5624 16110 20278 30847 23212 4656 9555 27656 13486 1371 24769 11128 27131 7295 32601 22823 4514 32951 18762 6543 12993 17946 11912 2029 7253 16050 31692 26276 30577 27895 23579 32601 32677 25350 25793 11300 1720 5441 25800 9522 17408 24904 30401 16386 15200 790 4291 5584 17034 19994 6112 25104 16365 22449 12864 9911 32065 24104 22238 25565 27580 22672 20664 11357 12989 24559 5415 16689 6553 9799 941 19160 20237 22520 1081 24623 32533 24068 26260 8985 16401 28218 30517 8240 14069 20584 8834 15530 11028 29689 37 20182 11178 22558 19490 10857 27942 17077 2718 13438 2806 16720 12401 23060 22443 19509 14094 26241 4987 30083 7517 28753 10168 32356 28002 23322 24002 3823 14804 11554 497 8444 19995 7891 4666 6294 11337 10397 17605 13517 3394 8407 8254 1236 27699 13188 9534 30116 29334 26162 5051 11634 18424 26997 3878 1990 30817 6571 25000 30185 2656 2779 11950 28703 20265 2549 15726 12372 19062 1950 4480 1733 23302 15043 30187 2368 4992 19421 3077 23743 3043 20481 4838 15503 25953 28466 19362 19336 19904 70 4104 18703 26065 10360 24570 19184 10545 29436 8883 20775 20362 29852 6430 2155 558 475 14274 26937 20118 14971 13661 18305 8611 12417 7266 470 8738 10837 6962 19767 18171 16313 7788 7269 30014 6376 5325 17481 19972 8638 2778 1772 31070 7464 8228 21909 477 22564 32714 17081 28710 23414 26739 9789 31423 1404 12259 1199 31126 31170 19428 26643 18267 9706 11255 2832 10159 17646 9481 15032 1793 344 18437 4826 3753 23556 20406 13299 8103 8419 18040 22849 30650 16017 19996 8620 14700 16180 7658 30703 3970 5029 16051 24533 8195 25505 26340 5299 29052 5155 8419 27147 25709 20737 29959 19766 31946 12966 7348 17230 23609 21014 16949 12629 17836 24592 14914 18180 21775 22288 23530 13062 29754 10197 18419 10404 26180 7015 7816 28795 25315 126 17007 18192 9019 30495 19712 23389 19957 9290 24360 15684 12899 13707 8311 13468 12560 30294 22101 16950 20660 23182 30481 22992 6441 29616 10212 17180 22554 11402 25800 6408 640 3496 5394 1871 5558 24302 31709 5443 7852 23334 27702 959 25317 352 10781 21233 5804 12320 15978 21829 295 38 12016 26173 1295 28451 27994 15059 28997 28781 14798 219 6848 28508 24464 32884 31549 24651 5836 9592 15943 26498 15609 1112 14783 11995 27129 7174 487 8426 28846 11965 25591 17958 5003 19838 31274 30730 1869 12082 265 17142 4974 11883 10376 24789 32024 20998 11926 18559 6247 17303 17253 1988 18977 25067 11462 26295 21073 23863 29299 23849 10729 24962 3505 11392 17742 23162 14106 3763 27434 551 28031 23225 1616 5287 24520 17345 10916 7060 20671 27816 32525 25397 23005 11986 4977 30984 6344 12874 19933 18326 1862 11062 24771 2003 14602 13881 7303 31618 22617 6947 19951 25880 24388 32317 27879 26042 2913 18144 9201 10483 699 10395 6431 16067 18140 19910 24140 26239 10453 21354 15108 26087 7996 7054 18052 20741 32218 23627 29174 3426 21258 22611 28199 13129 15885 12175 5302 27708 26269 9881 9154 26137 14241 23277 28551 10474 18432 4237 28496 12442 10704 4252 13320 8059 12972 19233 11309 28884 6719 26805 32431 678 26475 4624 7849 18322 13634 19755 3852 20203 9997 26970 18739 3347 21306 15335 10438 5102 17017 23604 3876 11577 31203 104 1297 11783 10625 15579 9464 7371 27395 8899 8743 14217 29815 14252 26079 3741 27891 27247 26457 11008 26971 6588 9641 25173 14847 27210 11945 13918 17833 12130 16758 24955 7455 21584 26085 6901 24792 11276 2561 13898 21987 31226 6503 17619 27746 32513 18288 26045 16941 18499 24742 22823 4199 11594 20475 18379 12558 30404 27331 22152 1458 870 11506 12171 11601 5273 19138 4205 11378 31104 19221 1631 23645 31376 20705 11874 1346 12469 12679 25880 28862 32904 28469 2452 4816 31754 11431 2984 11701 11887 13402 14278 13046 18760 16764 1978 25927 4103 14867 7613 17598 19887 4432 16610 5725 30372 10263 29676 27633 5973 7379 12594 24985 28139 25732 22788 27489 25581 16775 12974 12479 7697 10751 5436 1960 15164 6479 10921 18518 15087 10863 31419 2140 17928 14295 31827 28605 18470 15810 28190 9715 17353 19447 12209 9157 25945 20966 20798 30916 28504 32062 7700 19653 16961 5420 29890 28329 7837 23862 10456 24497 20381 31278 8958 25150 21583 4811 28685 27429 32493 4554 23953 14146 15287 6613 30030 31548 11742 20780 30332 5421 23349 27378 25593 26692 27536 29074 25563 6314 9727 10556 903 25214 8489 10266 28184 9053 3717 17549 3347 20805 13668 32006 23977 2863 3569 1943 14495 25125 8530 8528 31537 1657 24587 18212 9807 18243 11496 24184 12478 14455 19313 2582 36 14307 9345 23070 17887 26362 17572 11971 16022 3201 9077 1282 12113 19689 1810 2135 25297 21427 11338 21438 8578 16965 29761 15038 16644 14805 23719 26264 21850 31843 3984 5925 23232 12296 23440 29136 30811 27727 17628 30216 7368 27805 16584 9709 23736 21091 15494 29195 5344 914 13743 17047 18517 3519 2514 25132 10467 26578 28585 21172 29983 22429 16715 5412 5249 32971 9345 26640 17055 14452 16729 2727 31948 12949 10592 16348 6506 5935 31555 13970 6235 24488 27876 14142 12527 17526 9159 505 14064 25359 22136 6292 23589 20746 617 13191 12114 18871 16656 8271 20827 25806 2943 30283 18376 1713 22842 9152 29500 32745 17470 13888 30930 30138 5845 25917 6654 25712 1462 5932 27197 13413 25061 8480 7960 17647 8537 7974 5461 1318 31072 30901 32019 3695 31682 6583 29217 20134 29728 24894 20609 26078 9316 1712 6591 18830 30708 32692 14741 15236 29680 7068 614 8349 10545 15292 15456 32505 22559 31886 30071 26771 13121 17699 17719 10780 1285 15725 9816 8576 13424 7195 6175 11834 32431 13942 18777 7249 111 564 5444 23253 27094 21740 17705 29431 6266 23052 25486 31095 16695 16169 24443 3841 19075 17896 11944 28221 19364 26261 15766 21402 31619 14148 5795 4471 9645 22936 25312 15693 9632 30155 1649 8153 30961 5211 15179 27593 20277 19157 11142 18712 13511 13799 15690 24944 18344 4425 29378 32327 15480 5757 32904 8563 23060 19129 32195 23161 27400 19965 28598 30029 23345 694 17875 11939 5137 16477 11308 12015 13984 31015 31117 499 24972 16481 16008 13343 21516 31778 12863 2646 16829 16470 14663 22384 31737 27538 21234 3737 7769 8385 1931 24001 22330 16084 2630 23145 19555 18752 11216 10721 25877 29367 14347 13700 1775 6815 23877 25872 30295 500 32772 27199 110 3681 3895 28312 30016 32898 13740 15390 16070 12246 24824 25434 22963 351 15385 22592 6590 24054 19980 2906 32468 30028 20197 26974 31264 923 27316 30613 28484 6246 1464 12575 13293 15749 22540 14223 21002 30621 30436 36 24444 18782 7518 27375 2622 17693 18238 16153 7570 22508 12358 1501 11224 16255 31920 10846 3450 18288 518 5348 1197 15048 7917 24052 5246 21714 26777 27947 6970 16459 31628 9925 4880 923 23040 23869 9067 27497 1573 27437 7381 15040 12264 27728 19704 180 28037 6653 20836 18999 21612 13454 3465 22122 27883 25356 25642 17830 6355 12845 5010 23795 15951 12939 11925 21591 4283 7940 12837 1867 931 2595 30754 5765 5455 18589 2825 7033 29773 8336 17127 9607 22375 5860 28641 9606 25113 30448 9776 31584 32444 10741 19233 14677 10810 31653 5546 27097 18792 32671 30925 6106 25634 20178 5431 26009 21431 5310 16286 10910 18869 10576 5479 3146 19093 30476 22602 15705 21690 29747 10241 27534 3723 30725 13096 12834 28420 30456 22255 24423 22124 15766 15501 20037 12681 26776 12354 26835 29245 31506 29648 17174 10734 28277 3004 9416 32099 13190 16423 11466 7887 6833 31998 17287 30037 24467 9539 23218 11015 26408 18840 5965 15789 16715 25875 5098 14128 21444 310 6246 32718 31483 9933 28379 32866 28382 25517 9525 10643 13372 23128 21936 19266 10010 10208 13608 28068 10028 27902 22545 21953 18635 26476 32519 18477 11612 28180 9124 13945 32840 19698 4836 26344 3535 9075 30652 31968 11596 11596 21977 27459 6022 2711 31203 822 24646 28142 26770 17833 16291 5177 32554 25075 7922 23756 19861 10020 30247 32243 32537 26368 12624 17581 9886 24318 28601 10485 19551 3951 14899 25927 32174 18927 28578 15927 8032 15794 30586 23458 10098 20680 6180 28738 32362 24854 13255 14002 1364 24401 12325 17293 31648 27694 20921 10225 31052 18172 9207 20165 10472 4207 18846 22624 22199 28968 16800 17674 15023 18557 30300 21203 21033 11252 26251 29176 13109 12112 23728 26040 12083 5535 32493 26216 25149 28135 11554 21379 3921 28500 29889 29314 5856 21315 26746 8632 14676 23246 4298 2902 8679 28743 3137 11712 5659 29991 4417 9427 13672 31878 23871 5504 5683 31778 4587 31911 30906 12015 17600 21539 16522 22054 11319 5676 16295 17740 12192 16767 19427 32862 9978 25787 5138 11444 15984 27339 20129 17213 24435 1866 25440 10638 14444 10065 1068 32142 15905 11350 1102 11407 956 9854 15411 3645 16047 29629 10170 30959 8736 11256 16488 14340 31193 7796 17804 13480 5460 18102 16111 24646 25371 23505 10663 8241 27683 26017 19280 7604 28198 22493 8496 1066 12219 18391 14303 24567 2386 4785 17277 16196 12601 3084 30306 26111 24120 6050 16936 25808 21263 29246 6046 7599 683 7847 16035 11935 11742 9360 14369 242 29124 9579 31023 31657 9403 30195 32606 17002 2282 7104 29152 3895 23473 19050 30107 20046 29547 15719 8549 12482 9185 15324 30517 25886 6827 12274 25125 4418 10176 20238 5223 26794 16270 2544 22355 17077 19417 6174 16873 25570 196 2819 11519 21611 357 9230 30598 26901 677 19347 3496 2942 16878 22216 19609 5682 3876 10694 30391 31410 4763 3234 21552 10187 6649 14768 25721 9891 9441 27760 13038 29106 12639 11494 28880 32969 17898 18444 23537 11501 1013 11333 23687 18429 29230 25574 17612 30320 5710 21836 30127 1927 10457 4725 25391 13317 2552 21721 9214 32463 22113 14964 14268 24455 7177 5248 30563 7891 6650 16735 29891 22420 17134 2285 22556 20562 8512 14185 14289 29422 3854 11387 20947 5122 13264 8334 24836 27050 19051 18853 32482 623 26405 19452 19764 12366 1774 18393 24602 8937 31003 31287 27966 7364 30820 13047 16112 32764 30694 15600 1674 8146 9205 10857 29174 25769 24800 9939 1605 2359 2455 12648 18361 16859 24755 23758 24723 13183 27724 21247 28852 28018 19968 5962 19013 21594 5048 27129 29312 1830 32817 15686 28932 16591 19874 8150 15640 8481 24669 21811 276 9179 28512 27187 5681 3725 27006 7124 17745 5737 20738 7895 32199 21487 28419 10906 32691 346 17452 2091 15818 3908 28237 6162 16964 25312 25051 10034 6558 24808 8323 30167 912 5615 27666 19314 17992 31240 2600 27202 10729 23976 4461 27618 30770 28047 23687 17354 374 16665 14998 14329 20526 20788 10433 29001 24201 28269 30536 27586 12736 12172 3816 11998 1103 27194 26439 2604 23280 12354 4153 17218 26004 1344 12114 31872 26720 27548 25360 18746 18665 5703 20752 26931 25005 2402 3939 24175 32688 2533 20346 7169 12779 10133 9796 15748 26145 12738 32505 20973 23327 12473 11925 13751 27908 23245 27016 17726 6304 4426 16065 25046 2338 14548 8495 2996 16505 11399 8630 25606 2737 25881 5638 27135 19072 17441 17630 13219 28209 26290 14843 8420 31551 15145 32214 19990 1075 18790 24202 30611 24601 32633 1193 28961 5456 28407 10647 23286 20331 5122 19466 25234 5908 24559 8897 3534 21806 12847 1799 504 1407 18925 13784 19936 20061 19408 16661 27359 6270 24762 21080 25753 18127 29621 28498 23264 20613 16814 20934 24372 15377 16113 1623 6714 30972 1243 25640 744 12416 28210 20575 9420 24391 21784 30966 32685 2378 2305 26283 22551 15043 8495 27447 8538 23499 23558 10780 4294 23794 8333 7278 21722 15931 9383 20832 6693 18074 18048 4556 28548 30503 3548 13153 28314 24317 727 22270 1196 21211 31308 32403 27506 5477 29397 21372 4072 20661 12940 3787 30092 20996 6566 19304 28328 9349 1237 6006 31165 14209 17320 18695 1496 3722 29651 10405 15042 13775 3225 4878 7793 30515 6455 5514 15003 30621 23640 16203 14310 28018 27960 20930 16931 7740 18942 23537 16193 19347 31123 8340 1371 31721 5468 24720 29085 23459 24364 27525 30853 28776 14020 22312 32077 26933 27766 21695 8764 19246 10058 20691 31312 30104 19020 6548 21035 17465 17231 15003 26886 30740 26141 31159 23085 14435 6008 23528 3027 11865 4318 27567 5428 6764 26004 18121 14723 27967 19745 29024 8795 1457 16607 7757 20900 4717 10805 18664 6105 2884 16353 8745 9724 22236 13704 24064 4712 24370 30052 25399 1336 10191 30303 31009 24990 23328 27909 7539 10807 14207 4646 9303 32416 6504 13690 27717 11521 22390 19224 2499 26042 159 12661 16067 16700 434 12304 5052 10323 8276 30267 25877 15416 13104 28411 9142 20572 19716 16739 15714 21208 6692 5983 13229 18825 25438 27661 21647 11333 16018 28282 22932 29774 14270 2728 9910 28820 13271 26865 21160 4832 3866 25159 498 965 30942 28652 14408 160 26704 19730 32439 29679 7003 25678 30757 7533 5607 13871 16579 31381 12728 22638 29851 24894 22915 2902 20238 5674 21184 23068 13234 21025 16066 32242 20138 25746 1755 24292 21928 9557 13179 30073 14931 18528 15784 21436 1574 14257 12201 15727 24388 10544 24714 17292 4554 16753 21262 19507 14179 28419 6123 656 18920 24514 9561 9951 799 3892 26106 13861 20607 17328 10527 20767 18821 22409 26895 2229 31301 1212 15399 11523 15673 6533 27433 3680 28272 29999 18767 29018 20155 24888 20143 11880 20443 13654 25801 24848 29149 28246 30110 9303 23995 11217 29241 12140 1491 15518 9630 30706 24297 21190 24694 1123 21498 16871 9703 7805 11671 23171 29924 1327 9234 11928 16328 15663 11033 31343 22538 29034 32188 27485 21444 29220 30416 14965 19557 3568 28640 4442 26832 27886 30453 12623 5056 8832 32887 4406 21576 24013 26880 27668 26 700 29022 30392 32633 6715 20631 15069 18814 22185 21737 5059 16038 17893 12706 25340 27398 26024 29556 12993 7806 18971 28485 25771 20519 18820 4856 18842 4951 3563 27691 24205 18324 17820 31464 26025 24013 29143 15115 1006 18013 27871 15052 19296 9469 30298 31738 20232 12532 10582 558 5285 5072 16257 31829 25848 2247 5449 5991 1791 13883 8194 4083 3703 23191 23005 7639 9256 22044 29990 8388 32589 19724 24266 12795 21311 26325 6819 11446 27610 7871 30838 5210 4789 9328 7267 11847 32670 29754 18324 15072 19088 31484 3001 29038 29536 3167 5604 23177 20542 27170 24612 5788 13180 5071 13755 10129 2209 18990 21063 17680 2126 27370 19998 4327 24158 17558 31656 30981 5072 26038 17591 9500 24250 6902 155 15323 8770 5452 2363 12411 10 24829 20380 2834 21587 22731 4847 13687 22693 20593 32599 19293 28120 19715 13475 8348 11529 31849 18020 4216 6808 594 2985 25137 3004 3664 20522 11982 22457 24324 20237 26183 29331 864 10469 16531 18596 16661 27218 8708 277 26421 8185 2367 1932 4651 9577 11059 11510 11650 19363 1148 21233 3364 2535 11195 21948 20145 8642 19801 12828 26737 24589 26672 20032 31775 12352 3335 3685 30629 30370 31703 32115 14242 8129 32620 1005 31833 10488 31581 14434 9063 6402 25775 988 26549 3432 7416 19555 29752 17899 19774 11438 4145 6265 11850 386 29321 20301 21575 27374 12057 11153 7862 1618 18842 17725 18450 19834 26457 11209 23170 8397 25207 21977 2092 18485 8170 15779 6433 3301 25250 25510 19796 10272 14170 1782 4112 19739 1073 3235 6990 2979 11036 15422 23509 18544 5739 22590 24217 9322 25215 8871 2905 1833 3095 6769 10710 5715 13531 494 4762 5962 21715 3427 23956 806 10281 12062 12256 16781 24662 24353 8715 1345 22728 20819 19086 12228 10022 32506 27874 18340 3035 32274 24127 24129 8473 12054 528 30149 10001 23911 22322 10213 11925 11542 7333 366 21876 6700 3341 13902 10336 11973 1442 11250 22102 3605 3307 31992 3489 8464 25433 29701 19421 11633 18414 29574 5998 19576 6045 7700 24891 26730 30071 1294 8003 25946 16525 10012 27855 19223 4275 2871 12739 7870 14805 22722 400 16256 29754 18837 3247 31085 17586 32002 31298 2054 32353 4513 27304 24791 2102 29775 5898 7537 14140 26520 12137 20347 26899 16314 19751 2685 4010 9398 8753 21112 14529 25057 2067 14427 11648 27278 5922 4453 15083 4548 5031 31883 22623 7225 20588 17692 2318 8487 32944 730 12432 2219 19142 13396 31436 32844 15713 9879 32334 13217 453 27813 30817 6784 3405 18300 14721 17477 23241 18852 11388 4786 27735 25816 16734 31531 27340 21798 24192 31507 2563 28016 27026 20340 21445 2740 11130 2202 8000 14338 28337 3054 26586 18035 16488 13454 9034 5001 10096 5038 7093 21286 22826 22618 14472 14799 6270 17766 366 22301 780 18760 6775 16528 2646 13057 20558 32753 31272 12460 22429 5562 26733 15229 8175 13160 9672 4629 24719 11073 914 31083 16254 32168 27479 1574 2270 25334 21600 9941 4488 20503 27696 29554 1843 21989 5672 3879 2866 4001 9038 26841 12906 20493 26341 25310 25127 24479 20226 31252 30581 16699 6226 984 1430 8183 27717 15063 12617 19098 4476 32592 12347 20069 15847 19812 18243 8506 2343 1545 9601 1250 6719 16790 18976 29595 22315 10640 16830 5424 566 6653 19631 28877 9926 27002 19842 11726 23384 28337 13849 17862 21133 11488 27913 21147 10815 32728 6805 28129 25657 24135 5191 6423 18234 27488 12224 611 29398 2897 9477 28316 5464 28001 14446 7587 13991 30699 3371 15484 29088 30259 15258 14424 32775 32117 9915 17606 10985 11863 16052 10812 31220 27142 2336 6129 2747 10327 9760 22051 7742 15154 20194 25260 16913 21247 934 6183 28163 7518 21776 19180 32728 3867 23121 14571 26894 31780 27549 30038 28596 4809 19956 24312 31421 779 30979 31830 14703 29967 27192 18476 30019 1174 13603 4397 19695 29314 27625 15846 329 7922 25081 78 2228 11479 1896 3147 23130 21462 2452 7976 5514 2476 29094 22854 24948 13142 19702 14304 17815 5506 12435 30760 2129 2497 18119 32965 29157 15327 5550 20880 18736 30316 17030 26981 30449 28209 13069 5961 21322 3969 26307 2336 72 25216 31753 29892 3105 32192 15119 24415 5183 19965 30175 5387 18831 9560 18445 17768 31015 22271 16727 19279 6027 18985 4437 22928 19431 17405 4181 18991 2428 23518 24541 3613 21993 9190 4631 29749 27267 20407 8263 19699 24295 19339 28754 4300 7647 1196 25252 14915 1460 16948 14900 32951 23413 18700 15618 31933 9729 16922 5509 4126 30529 11569 336 150 24256 23254 7234 6411 16929 16148 13217 30470 12592 6316 16495 20307 23685 2873 32745 11795 21658 3962 20125 23235 11858 25180 5221 30743 8903 32119 3936 8714 26235 19362 10430 10722 13451 31445 3676 19240 3924 10999 6848 11288 25464 21289 30062 11093 14195 20249 18821 18865 10338 22287 17438 13745 15710 11044 6286 31888 1935 17524 14090 12395 15756 17755 31344 1073 10464 17198 21125 15457 25068 32019 7852 17337 28814 842 9123 10275 14706 8329 19510 15416 9150 31713 22079 32744 19430 3436 16380 11283 32537 20928 16945 32464 202 13780 28924 16122 284 6429 31555 20414 7747 2083 17281 1918 25179 14676 22741 30325 1514 1614 13384 3970 9970 411 20234 194 9511 1023 22092 9252 22375 31174 17527 20259 22883 21583 10974 27099 27130 12980 1449 26694 4475 31504 29339 5713 8039 16476 22392 22890 21867 18631 21934 29047 16859 27441 31465 13803 1523 4664 18279 995 15417 13113 7564 19603 27791 27127 3672 12438 1488 27566 8197 29700 28006 18801 28540 8336 5560 29598 11747 4193 30102 4822 18561 30429 17428 31811 23650 8595 8821 13585 7467 13220 18196 26090 29885 2746 23381 8722 7447 19732 6933 15671 5114 27242 18443 23887 23264 2276 18822 32060 20509 18862 6627 18568 7055 1633 12268 4080 13227 18954 21879 1214 12021 2872 3149 26268 24473 22199 32534 221 10688 10536 13290 21171 15427 8560 27295 20949 24313 21035 21944 20144 11858 25049 21543 25005 20051 10733 32260 26703 15421 21091 4730 6860 14339 4600 17749 11530 654 23886 32935 19428 23765 12900 4421 10075 1437 2657 18021 22799 4303 22311 277 17158 13047 2683 13551 21680 2560 29095 22214 11489 31738 6388 24944 31770 27057 1746 25773 15508 7250 12871 1554 21042 18142 25972 13536 18953 30502 18247 29560 23680 11226 20584 14594 23551 16053 30153 7561 13284 24191 12620 14448 18337 397 22436 21606 3649 30701 18585 5529 16306 20672 20009 622 25620 881 1609 22980 2103 26306 5851 17828 29682 14235 9360 14399 30082 27507 13059 16006 7359 25581 5340 32509 11417 25039 1259 4891 10594 16740 9263 29266 23064 25554 7991 29789 13940 12714 14123 16920 9233 21641 3302 21537 630 4325 29040 29058 19 11673 30728 26331 24452 14789 24845 19609 29328 3057 13131 19580 24797 22128 21579 13306 24529 19583 9549 16739 5614 18402 24901 28678 31421 17826 16522 14414 19858 10576 9406 2534 29296 31368 23698 6503 349 25255 14249 17621 23625 13013 5676 31881 9324 26374 11897 22237 1085 13128 2141 683 29702 19784 14331 24767 950 10468 3303 9780 12477 29257 29927 16443 30911 8098 25608 14941 7716 14201 17271 26923 9424 17420 11727 29992 17569 17152 8805 11509 27992 8010 31458 10475 24736 6734 29033 25842 14198 29544 12314 29612 8840 27055 22021 24787 334 13116 16807 15170 2586 14317 26416 32129 1062 18723 16869 9418 9886 11482 8889 10559 7139 28150 19581 2291 25794 11765 5944 16268 5287 25740 14130 10984 31569 28582 23596 15218 16696 2086 2652 3213 32249 32384 4466 32476 28988 4351 20423 24917 5923 7540 17066 11731 907 28953 29304 22541 14681 16035 12746 19408 32798 16918 23805 18950 14263 32827 21123 14382 7783 18852 15839 11350 30639 26580 32545 11868 10946 12635 873 26396 29732 31788 25473 3178 4278 22360 22348 10607 20846 16719 19363 1724 22800 8229 32528 17417 5626 12630 9958 14544 7380 7911 11342 20422 24621 9052 9953 17820 17466 31328 12073 8164 31688 10865 18214 11906 11468 31614 8034 20679 31657 6592 20106 23292 27796 25890 17780 17578 6575 2709 11930 17536 23457 15976 29764 9249 13214 20641 569 18633 13555 10343 4446 24045 29387 17929 13636 14114 13790 9411 26864 29990 15253 17814 3486 3762 5247 17816 10374 21661 29350 29804 16711 16208 5701 2439 30485 11183 5269 13684 8392 21571 16509 8635 4944 9246 11792 16108 23356 18679 26665 15387 2184 25508 21412 28599 28688 9199 4893 23570 29457 25875 28093 2436 11406 18152 5489 15446 14086 19830 16008 7478 9684 23955 15017 13295 11579 18571 8882 31401 31431 19418 10674 5539 29636 278 19458 11727 21851 25703 19737 13202 7600 8947 10913 23710 26476 10371 22697 8151 22910 3133 6612 17082 19534 20950 19984 26627 2075 25187 29781 20422 6723 18778 12870 27846 4020 3447 29602 24670 7292 13115 17468 490 31001 14415 483 2124 8945 8112 16005 4071 29432 30722 32143 4866 3289 3867 24068 13319 14355 25899 17512 8585 18108 24654 26257 14420 28085 19290 5864 9407 28489 5347 7934 17882 13878 4972 4106 26261 17821 25533 14091 27507 12454 3564 9376 15973 221 25588 1603 28663 24001 4778 26521 3167 27027 14168 1924 5412 329 29643 27143 30663 31263 7865 22095 16275 28792 24533 13495 31505 23672 18194 2190 10492 15350 4260 14731 8676 32527 16918 9373 25579 13186 25349 26814 14716 14221 29805 16655 20846 10630 10204 25735 21430 27787 26265 22658 12811 31630 15001 5464 12646 17518 3629 3238 29544 25267 13517 10491 32874 17141 23076 30387 18281 4938 6907 13520 3777 10453 16712 24216 4058 19103 21831 30947 28571 12352 29236 22328 17916 4175 17268 6624 7264 29674 31401 2082 21163 3650 30622 11185 4761 30037 16666 15820 21720 4446 22387 160 21275 22909 22413 2323 22424 3718 8194 13739 2999 32970 7187 26505 15323 1338 26137 2840 23025 31906 17186 1370 14731 25032 27938 16054 31881 20843 691 31437 22246 32030 18911 11074 18781 7228 24393 4292 24981 9379 4124 3859 22832 22174 8671 16137 22276 29274 24399 29532 11976 8856 27168 18514 15932 14015 28518 10327 2662 19503 13627 7719 30372 12684 31245 18802 30463 12136 25208 32509 4522 18190 3267 9564 9835 19500 751 3735 4022 8728 21244 28113 19910 1675 28516 3229 2405 7414 9368 25238 8496 15041 7432 17569 2513 32247 20503 30937 10642 6063 24689 21519 10878 18217 5078 16548 18836 31027 7371 16792 569 4310 20347 3751 13247 2804 24482 30801 16304 6681 16424 20550 1874 24100 125 20122 16608 10596 3510 14417 12131 29282 2430 23520 5748 26538 584 29602 154 22415 29090 20408 11060 25968 25572 18876 24021 20644 12698 25898 1367 11721 22491 7917 29935 11020 12212 14740 5908 17918 14295 7860 269 11154 13493 21124 7409 16689 19558 23553 31150 1044 15872 11187 11415 131 22919 5084 18805 8015 3012 2840 29402 18333 11126 4846 19269 24827 10449 3714 11382 12261 13527 30066 26008 28796 21905 10337 8352 13612 17955 22056 8900 18790 31149 12909 20555 23546 5524 4838 28397 16059 25376 16295 2558 26606 585 17344 18889 3489 11767 28831 17346 389 16751 15167 1523 18781 25290 29127 17033 15190 21458 26545 5914 13406 22800 18327 13484 16972 27705 19016 12186 3566 28449 31470 1850 32121 11803 26537 17788 17824 14144 28214 21387 16456 31264 28446 29707 28482 5266 23367 17505 13873 17448 8737 19016 28194 11781 25767 13710 18819 26207 24947 32927 22094 24589 3195 10777 24943 10948 22753 28272 27696 26693 14519 5831 20244 11234 2263 15976 14719 32086 27801 24390 31300 8627 5970 9263 4864 7183 16001 19024 16266 6142 4865 1243 7488 292 11551 14723 28724 15222 29639 23386 5244 9605 3002 25069 2180 20709 13585 4849 17322 20056 12444 279 31447 5371 24862 6079 16476 26597 32250 26544 10222 101 6228 16466 8246 22369 24432 17857 20630 23548 15555 25627 11023 10414 25572 24793 810 27316 29527 30315 30415 20888 8612 12700 16221 3929 17929 23821 8007 19359 904 27699 4905 11185 13217 23915 32523 12345 13930 21842 6358 24017 1502 29609 27811 31108 16932 3812 25894 4216 22617 32634 18921 7488 28456 32796 3415 10261 32202 6753 20143 5896 11022 7872 11534 5543 23959 26160 3687 24423 7175 5521 26480 1878 15608 7429 2579 19755 2833 29458 12224 4283 26616 6966 21613 3069 19493 31810 25366 12671 9769 16675 28229 19623 541 8969 10465 27351 6629 8258 24038 18522 26051 24901 32429 26997 5983 26035 7895 7624 12038 27277 22135 9366 28828 6321 28384 18441 12758 22628 10423 8754 17635 18043 28613 187 390 26989 28928 23672 22462 48 7607 13991 23836 1061 16469 18560 32314 2168 29318 12456 26052 1198 31375 5703 2751 9360 6467 4562 31602 12132 19595 32528 4820 26520 18146 5119 13353 25307 19219 1767 26862 12651 23278 4882 32914 6772 25761 32243 8866 10653 20852 32246 14160 11394 25062 19638 18616 9867 9888 19128 27970 7344 9444 21246 20083 14693 21809 13111 2205 16034 21990 23860 14917 18361 4944 7261 19776 1861 30727 13146 18613 32598 7933 27424 12473 29547 22058 22976 18988 32345 21939 24023 81 17320 4750 30465 24552 20591 11776 6963 30290 13612 23007 8662 1308 16663 11593 21518 8942 15759 5545 8604 5359 26515 13281 17892 7556 4232 10088 21708 10069 881 21153 10910 25343 31969 20208 3818 31584 25416 32932 20158 5956 1879 26733 9666 22705 32998 16415 7681 5335 15572 5593 2287 8661 27138 18611 27101 21556 5716 21282 16407 14770 11908 3116 11959 28360 15604 25034 4037 18442 22065 26905 19685 15195 4157 13889 12664 2623 18752 5547 6955 11200 27713 5259 29859 22174 4532 3936 27554 24770 23129 12013 9897 25042 14097 18314 17547 26248 32406 18500 9470 16855 15261 27722 8015 23839 6424 20992 2650 16321 16348 31265 6200 22959 19129 3024 27534 32640 22656 21798 10043 28406 16916 23698 31540 4922 1646 17802 30693 13444 7896 32969 20877 28627 10789 15793 18785 27841 2335 3110 23359 29204 20553 8170 2993 102 4423 29814 1136 24939 21744 17180 31273 29126 28997 27435 10095 23494 30470 20004 334 20512 22498 15982 26429 26555 5615 2391 906 26467 31411 15521 9989 8171 18889 32173 15762 21420 7860 15219 22406 23131 12005 28135 26284 19818 29679 4012 27494 15404 30520 23675 11245 16307 31802 30482 10741 13445 18436 197 10790 17822 14583 12250 2868 14103 2895 598 2028 1 15471 17757 16919 26652 26670 17694 17228 28332 9652 9253 16579 8031 19006 29243 973 16809 30216 11717 24158 26763 685 23933 28218 23229 7047 26824 17211 30178 23061 30251 18070 19697 10139 7007 28224 32199 22178 3183 29946 25438 23273 11569 5428 29091 2171 24222 4699 24286 20271 19790 9403 14559 4785 25677 31431 5867 833 1018 22473 7629 27645 19080 2987 20238 21242 21617 19844 24580 22589 24887 9766 19112 32962 17040 726 16806 1328 26263 11125 13652 25959 629 7995 22367 12610 6087 11928 29919 25920 9497 30608 10749 25318 2504 28347 20513 19565 12736 15207 17344 27502 28135 5626 25911 21577 1915 21417 8729 10214 8082 11728 3824 678 18411 14043 24556 17835 550 5877 28491 20291 5740 28612 31438 8141 12205 30202 6358 3531 27442 22276 32096 16331 28587 20524 24322 407 19716 20303 20195 25724 27202 27299 31078 15070 25573 7372 8858 18702 14426 1859 13578 24127 12469 7696 11104 30292 16917 6491 26183 22168 9528 22563 14372 15304 15872 31074 9897 29874 17287 18410 4940 23506 16457 16643 13082 23907 16799 311 19026 15209 16481 30911 22805 20432 25618 15467 32649 6059 12708 19222 9115 31828 22426 29507 28046 20633 25334 3765 14770 27132 23232 4051 22206 29205 17294 28365 25274 17669 6335 1186 6895 28596 20996 14292 18136 28411 24185 10783 19641 14759 18461 26122 21312 11165 8217 24659 28215 2488 18795 24872 29148 2381 8264 4501 8307 10058 7527 30280 2576 2445 7827 25624 23127 32951 653 13640 455 29061 18849 17529 7729 22322 8114 12993 6479 2519 15069 19445 8961 3552 561 26325 12841 25154 29217 30374 10054 9725 28207 3509 25496 19103 26123 15706 32481 20215 15489 29101 29604 14153 7525 30747 29888 12457 3669 17946 30387 3709 4491 19452 26607 24137 32665 11930 31321 23671 12380 10295 23247 17458 2326 5595 26300 13392 29030 9999 18613 2682 19212 1367 9469 12785 10333 15595 28440 25763 11627 1562 1939 306 27534 21252 13275 5372 2640 6189 28150 5985 14784 32218 24719 2890 8026 24913 25252 9412 5063 2222 22518 15523 31555 30789 6336 26443 10023 16453 11350 1666 17872 15630 27593 5471 20530 6768 14836 30266 13426 17745 12860 24211 14376 32222 6613 26611 870 21009 4533 25925 19151 2771 15292 19017 21610 22322 31075 19540 3129 14847 6135 30938 25789 6852 31459 21860 32400 26810 1631 12061 21648 5677 8666 26008 21409 11536 22996 18470 19919 24642 14071 1550 15953 953 5589 11278 5583 5710 11683 193 18722 30822 10410 1558 732 29498 13800 23480 2342 21591 12784 15041 780 20810 11121 13837 30226 21587 5844 20627 16924 959 26098 12474 27343 29093 16090 14103 9267 15821 22338 7758 28925 18314 30478 10616 29643 2562 14167 2697 2912 5522 732 18399 29270 10642 7278 17131 13231 26021 22595 32022 16948 21919 7078 31397 5582 12781 13676 15057 21803 17561 18495 99 21606 5891 8219 14391 25571 24371 1322 17895 11512 8469 16926 2870 287 25768 6729 21747 31588 26519 10388 15865 23916 3603 17550 20745 28469 22080 26616 26488 21117 28038 29404 3119 27938 20628 16985 27351 13488 5921 26904 23637 17851 22365 11774 5005 12577 17658 14021 10508 28702 19142 9572 30787 8818 22638 22514 24325 29976 6752 29264 28171 28655 15527 27747 3797 9503 6279 31373 27955 10706 15190 619 6057 16836 17118 32702 17602 29993 31749 17764 1271 23224 10354 1817 26973 5800 25073 22138 13458 24484 9368 2166 18992 12678 6522 15214 1641 695 2190 5211 19220 25325 1353 6028 116 26864 23863 6281 3449 25229 32178 14652 29842 15387 30795 25149 24236 1452 27677 16737 7521 24904 12495 31327 12453 3325 12682 28155 16574 2108 10688 25843 16949 18757 30196 16056 1668 8569 10291 6746 15947 27328 1885 18337 20102 17152 8966 19055 8190 16024 6812 32309 9462 11061 6283 23917 11446 30377 11910 7978 11446 27479 26816 21524 24763 1088 23697 10801 8595 24423 5020 22223 32669 26278 10875 19936 13812 26662 17810 18954 13036 27100 14563 14783 22528 7925 32233 11015 3967 13847 16016 23455 26594 13002 30755 18235 6986 3332 14799 23708 3474 26871 22975 19715 26547 32995 12286 22416 26629 12297 1876 22631 31887 6150 22056 23667 4162 11828 575 21826 6004 25225 18388 10600 22676 21296 10895 3089 1387 15709 5394 11373 351 7523 25402 6385 15223 8789 6108 23015 10440 25793 5331 26461 29092 13740 24835 17401 27429 14304 12238 14574 6733 10262 20691 21739 14787 22843 27488 14713 23534 31086 1016 27538 16566 29989 21921 12944 22830 29969 6751 23557 18111 17661 11535 2967 22589 32594 20018 4089 22039 26765 29354 27772 28135 22881 32707 21624 18716 17399 9108 12297 28744 25640 24774 4937 4512 19961 3245 32534 28576 16179 10539 3263 6807 13131 29468 14484 7828 32351 29514 3916 805 58 29347 20994 29504 29971 6058 22004 22430 17041 32279 19201 10483 17961 27620 6038 2361 28577 19065 30169 28137 26479 1853 13552 16000 23816 23366 22958 28945 13737 29578 29336 15301 27058 188 28494 30860 4419 12126 13080 32556 10141 21784 2608 20729 30552 24310 3327 31744 4950 16578 1961 7231 24523 16156 13463 1396 7263 10753 13396 5254 20673 20403 21090 12435 24173 27594 24148 18604 22589 31379 14965 1004 30711 5995 27462 5092 31665 31159 15560 2133 22094 31255 24746 13767 24091 3353 31550 14421 9530 13711 3890 4180 13248 17254 11778 30643 32323 24646 17795 7413 4986 12549 11687 11478 526 30959 26285 18757 32497 27239 8624 4029 18236 10686 11694 1015 22951 637 8028 616 27329 5820 3506 21492 5783 1190 2674 21096 24029 151 26842 7052 13548 6502 23600 12 26429 19776 11233 7331 31219 9861 2987 29793 5651 24926 29487 18934 18362 13462 32037 622 27381 3553 16378 8525 12461 12863 30285 23617 24945 26044 11797 14372 16383 18830 9783 15584 29805 2696 6598 10484 18772 798 4019 32574 3431 465 12827 2448 22881 25791 20493 28024 31537 2999 342 13986 26926 28727 14844 17544 18799 18138 9285 16152 26208 12375 28892 23421 4731 20819 24338 10029 8217 3424 4057 19092 8563 21808 20305 16801 22543 20248 24618 15614 26579 18377 4082 20088 24935 27940 28202 6 8801 8619 11462 18141 10580 9123 21147 13564 22134 18722 19501 11459 2620 31361 13749 11688 28984 30178 22397 17796 23455 28416 17663 28843 29126 15229 14382 25311 19798 6657 17468 4797 16016 7444 26064 23701 3129 11742 13860 6110 4626 11154 3788 10042 24486 31650 12073 20375 11300 14694 512 23915 14612 27419 26770 16793 14550 18855 31210 32796 27953 23423 3883 31860 12788 13483 9090 9400 28424 9918 21402 19695 22688 29197 22472 24006 26717 23352 30424 8385 15366 18706 23199 20056 2826 6272 30867 31960 13093 8188 24783 4383 13459 29399 30466 23500 18844 11240 17394 32910 17339 8324 15686 8351 9689 2387 27159 11752 21164 17874 26063 14241 23039 31595 22447 23200 26947 13891 7250 15030 23300 15401 12469 14448 30687 23288 32433 29198 22607 22062 1252 8803 11209 32353 27477 661 22201 13131 7832 27017 10786 22670 9663 22435 1108 4011 16664 27930 6042 21358 32952 16147 24813 26841 27459 13570 28488 2676 14341 19195 22447 5772 10147 24391 5796 19470 29604 7947 17433 19645 14580 19269 23725 32136 12656 3017 24548 21056 29731 12049 10498 20716 16261 11123 19915 29046 1553 3132 31036 20299 2407 22547 19039 24619 27136 11595 8320 30734 26359 29973 2250 11563 25060 3419 2116 8662 27330 18794 16285 25824 12037 17396 28652 31630 28228 14602 7983 14802 26238 14256 30729 16014 8640 29156 23061 1524 3915 18844 16097 24090 17920 26281 28717 30599 27679 27186 1898 27359 1438 5772 2465 25323 32505 25895 21642 12531 30862 8190 9536 20913 32927 11424 11288 2889 4865 17512 22009 18159 18215 23620 7458 7727 15141 9884 30243 18949 24320 28488 27785 13521 1926 29759 31586 16019 360 17753 17434 20157 6976 10899 17313 27313 11127 2814 30499 5849 614 12276 30590 27335 23763 19203 22416 7433 31373 18809 6161 26842 20959 5977 30216 22757 31252 15316 20020 8167 2868 13747 25989 23532 15066 32198 10816 23338 20662 30224 25303 27209 22468 3880 27018 6414 15018 26356 24261 30424 29802 21248 29396 2780 27322 31659 19316 12403 29251 2695 11921 30188 2734 16192 13981 20528 8388 5003 7529 20614 12967 25028 2200 24096 16950 25448 9425 15927 10575 12808 22818 9234 7732 19661 6085 29716 9427 12611 9963 22309 26342 30080 12065 15353 2143 31742 31927 19537 5968 24583 9472 30089 3413 7915 3884 26193 27021 4949 27763 27468 31 9736 7402 25626 15542 133 1747 29926 15580 5278 18272 2522 12811 18876 16726 23485 27529 3512 15824 21652 22423 9025 15408 11191 7675 14969 30616 30067 32691 3353 27192 7390 28931 9731 24983 23442 24005 25651 31721 17608 15772 21543 12636 1011 19045 31437 20549 19310 8205 12862 26447 14535 23560 14797 6712 6770 23787 27050 29450 13886 5946 8287 21108 1586 20217 8000 29251 13384 15334 27607 10352 10585 10493 25771 19831 24031 10285 17445 13776 30250 29662 28516 8786 23711 27404 23399 26122 20126 19315 4355 30472 26631 30098 8151 17678 6807 2864 1512 21144 2066 15102 29430 30781 24772 22322 7918 28192 25806 8159 2945 16578 914 21139 10018 30723 16294 27155 32387 31067 6542 24509 8086 9646 11785 8229 26032 28411 17124 31972 30593 16356 8717 25805 20980 17273 12057 709 26127 23662 24209 5507 1647 24195 9321 2476 23110 17731 24734 26906 22584 10870 20477 1978 19017 15094 25429 17777 32372 12459 24587 27067 25120 9459 4622 28837 26454 2930 22896 15775 16099 25104 12412 18236 30563 16162 21942 32804 7948 21780 6637 26828 12723 2818 25073 26429 260 17037 16942 23984 20640 13272 10982 3878 13466 16844 27345 27654 12374 6226 10478 8165 29821 882 18946 18380 26457 12795 22164 1116 8321 4225 29572 32206 4219 3496 31713 3677 31429 22140 3649 1295 27861 1914 26687 22422 3508 23776 7962 22080 13286 19541 22311 20359 3902 3106 6927 2222 6807 988 7406 19303 30105 26091 2802 32646 4232 17990 32033 18413 23768 11956 27964 22567 15670 11416 23251 4360 19448 21302 20650 32410 14968 30872 25698 14222 15469 3547 24189 20899 17380 12342 5462 14371 11522 27343 30710 27678 1078 13739 7264 8035 9600 25063 21642 6011 26214 15946 2603 31818 15003 19316 32887 13529 31441 20152 27026 17832 21773 31493 10135 6273 13869 31612 21207 2367 5622 23485 31591 27280 25077 22343 5279 15311 6079 22891 21126 9901 12377 21057 28268 9572 12990 9948 17960 2896 13619 1692 1825 17336 25526 16255 2766 7564 29973 7385 1324 3252 30265 32228 14017 7891 26703 3214 172 24168 19936 32877 15390 19653 30625 27725 12041 18264 6003 31611 13726 10411 21916 26806 4770 28818 11053 18622 14492 13879 1144 13962 19135 11336 9147 24652 9165 2807 7144 8853 28621 31607 12761 20491 15689 29278 28362 20272 6737 18424 8106 24172 16998 4766 1338 14444 15995 28595 4711 377 3215 810 132 8521 7499 28110 30098 3191 268 8960 29568 25462 14238 24705 3387 8108 22453 4071 4240 18964 6041 7994 14531 12880 302 23667 20503 19778 20796 4315 16925 10574 12634 14852 28235 15251 17910 17802 32730 623 10820 19557 30273 23934 26986 6417 16626 22247 11009 21689 28836 6191 306 17711 13293 14718 13875 26402 5889 25176 16414 8964 27850 21346 28974 2879 14804 29117 20385 18200 8023 1879 5812 6404 3862 3989 18170 32785 10160 5568 22362 13814 1537 26482 17961 839 20673 25080 27702 1529 17365 7940 16642 1511 4408 16514 24898 23732 9103 22198 9957 9266 4168 22610 32927 11100 24513 7656 11361 6415 29467 16648 13844 261 23507 3548 2034 17592 16099 11094 2771 9910 19320 2320 24559 25118 25452 21561 17506 20648 1746 4770 22852 28613 10217 18249 12073 27729 927 2959 8869 10305 18328 24163 14854 1491 842 2140 15974 20688 8065 11461 25470 3633 30489 16718 11691 19568 5913 30372 7594 7334 27740 21532 32205 26340 4503 12148 12538 1479 32017 22963 26785 3012 2775 16859 7708 29988 24531 24317 3285 11904 29283 13045 1388 2973 738 752 10947 7595 16132 18204 2894 9417 28194 19873 20534 7808 12552 13530 6972 13234 19902 6774 22820 2866 27727 3238 31880 9825 1526 5278 19667 6751 18580 27625 24529 25989 2781 9492 16673 31719 18888 32048 1789 15446 21916 13089 28440 12187 13356 19721 31187 19592 17247 12224 29616 12311 24986 3193 10426 31588 10074 12946 17030 6807 4342 26406 31364 11502 23142 3475 1251 8946 7961 25060 16943 7318 13182 1995 15419 19688 9749 8109 16976 2552 22403 30767 2336 18304 15917 31688 13206 23934 16578 9847 6301 29721 10320 19091 1479 25473 27504 20616 10041 14141 31796 31083 7257 11564 31503 28381 1192 9007 30830 18920 18436 5545 14294 29407 23028 18078 7493 25413 19647 22073 28774 32917 14116 5323 27701 13001 28561 5737 19559 32459 23732 9493 20392 20358 21321 12281 10318 10645 16317 25975 6034 6814 19921 27787 31767 4529 3386 28921 6352 29488 14859 19821 6441 13346 14220 25195 7592 20177 25320 22145 8187 16061 24302 5438 9072 18632 24836 22312 1620 16611 19510 978 2250 8325 3943 774 31467 24831 25881 25236 27793 2991 12913 16108 1543 6073 3328 26500 13879 5673 14852 25204 29304 25943 7832 31547 8149 18159 29644 654 13484 4688 16469 23337 17233 1925 24424 12238 29425 11537 3273 889 19644 18495 11387 10424 32127 1835 20925 12894 2345 20625 6255 8997 12983 2280 28462 8362 20326 482 4288 31552 18296 4917 24206 1234 13624 29463 24945 25447 6497 4862 32742 27901 7125 19190 20787 7172 13132 20188 8684 21665 4734 23824 24245 25057 23435 1074 7877 21467 23201 25460 14684 23476 13699 13435 30974 27573 11066 13808 10096 30814 7528 15978 18830 25645 4187 28309 5352 23844 19779 21562 2315 24307 26801 18065 28514 19894 26922 31507 11613 28288 746 13548 13877 291 255 6973 28468 18293 8085 3764 15029 5965 13341 26355 21608 21347 5680 32949 8394 12653 7634 13695 26091 11565 13016 467 15431 8259 5122 32259 20935 6745 5999 2427 22165 20767 18044 18371 6468 3995 15789 13727 1562 1287 31992 20698 10945 11076 16564 22507 31270 30672 18389 5116 25012 3373 14601 14215 23486 19840 3897 7488 11758 29002 30802 17774 10805 23916 26518 16939 26338 23930 2389 17915 19251 12252 28397 10782 7272 11828 12160 11715 13901 9721 32091 31140 25659 27013 21404 28334 14018 22172 27132 12663 1570 5080 13770 16315 28777 21573 32240 25736 10458 6878 16960 22426 28062 3650 27623 12000 26603 21906 5829 9404 20122 26485 15060 16204 18105 17504 16979 16431 539 32197 17455 8898 31231 27643 20750 28601 14563 17577 20335 89 9661 16266 8689 25501 12390 31711 17785 7609 2017 6971 4806 22959 4913 9118 31076 7934 32339 28283 14252 19899 26391 21361 18659 8142 16668 24224 10054 18384 31859 30006 2912 10931 18637 6102 27454 24761 23592 22249 24463 21013 2176 6074 10611 21947 7175 3639 24750 23915 10264 23060 13635 32345 18495 3236 13263 28114 1581 29703 4868 9102 1139 21682 20801 5154 18234 7043 17274 28792 8903 32544 26423 23942 15683 3648 22977 21779 2938 10791 32263 24886 9557 22498 19753 30502 5422 9820 16754 24169 23648 26884 28688 10977 21524 28330 7439 25176 462 20211 28193 11410 4234 10357 30464 27570 19311 5336 18505 29988 32520 10311 25059 19341 17171 20331 22421 22945 27037 23627 17505 7198 5643 18500 29043 29763 8432 2172 17097 1976 15730 5138 24162 13227 11601 16351 8735 3182 26109 31974 13232 19312 6635 6704 7328 14526 5519 2442 21219 29718 16408 24444 456 32854 25178 26873 27236 24234 8086 21346 24141 18025 26147 24163 18116 32787 28887 25199 9757 26476 18934 1372 6118 10275 30568 18084 29539 21296 29341 8686 10453 31141 26935 11001 31036 14536 6491 10537 26716 25478 26051 23223 7039 29180 6194 4930 19535 3310 14453 11174 25253 11048 10702 21212 7820 23100 32995 1233 17576 9488 10414 27561 23567 18456 5061 16048 13643 5784 7938 15834 3932 4214 22876 17709 31765 20884 1282 17381 30574 26680 5632 9930 23524 5587 31977 5186 478 489 9564 7843 25277 12941 20831 22204 16801 27301 24528 9147 6678 11253 24518 24895 13595 30353 4176 21559 31528 26438 8601 9840 6413 18511 23038 12535 485 11218 17652 826 8310 21908 9481 18455 3325 10692 10852 19565 7195 6385 19199 32788 10548 7370 310 21142 12735 9423 18892 20108 22357 13190 21121 7778 20929 9643 21306 1701 31772 16140 17824 25628 22804 2000 25895 31500 8685 13013 22468 24086 7218 20748 32269 4202 16202 18194 28256 24167 12379 1498 20637 24402 20510 29048 29319 32120 21254 18929 29982 11560 6621 25979 3155 19820 22266 26754 10793 27394 24908 32884 514 15624 21254 25579 26636 15855 23205 4487 16800 4262 25114 25379 22865 8910 32368 12477 9413 7571 24648 1967 1705 3490 29253 15394 12687 32712 7585 29146 29025 27968 6218 8622 29075 10929 19344 17207 12246 3147 19581 25728 22196 25033 7869 15870 15973 11606 25437 22906 20570 25798 18145 17789 16426 18191 20561 22892 15976 8875 21410 12972 5896 23110 21408 2683 22178 16947 24140 19210 21509 25383 13701 16390 21418 27616 23766 21034 9846 1273 24113 30380 32652 7269 18291 23447 18220 21426 20292 8480 16156 30873 13977 29150 23657 30693 31836 25716 5782 28388 30594 13734 1408 26866 31533 4194 6163 12882 14591 3242 18564 30077 30445 18132 10139 2239 4263 30773 20479 32283 20812 30958 6567 14239 27028 32342 25666 32127 19095 1160 30491 15643 796 17328 23565 14841 22781 13743 28248 8435 10065 14361 17556 13105 24126 25211 1856 32968 22758 31763 22470 7552 27705 31023 5117 2693 2543 10818 32822 18931 13738 31151 13936 19219 17758 13308 2337 22090 2987 22159 9415 22003 16354 12836 19880 12937 14277 4575 5108 374 32519 30089 23948 4366 9444 12301 26230 1965 32504 19597 12326 15131 2242 12389 18046 19683 24028 24917 9819 13132 5810 10457 2331 2689 253 10091 20408 3000 17455 24827 10769 32143 14186 19561 28790 32783 24824 12707 18201 18510 12367 29259 1233 32830 12197 9068 8258 27009 3125 30798 29341 5367 5013 28543 32653 12073 7286 27479 28926 2199 32795 5645 22320 6451 483 333 22731 6555 19078 8985 1392 9847 31988 25177 30943 13453 4017 487 5304 15979 14534 26985 19460 19603 7657 4270 23702 23432 26491 20296 8763 25439 32311 23734 23228 26802 25186 691 12578 19801 23657 700 9943 18848 2819 25350 30139 26773 2456 28381 7082 8003 31945 25651 1678 28477 18934 16611 940 27626 15898 24818 23637 16699 27714 18471 292 11406 29547 1759 9565 23170 24823 4999 3345 22507 26480 26477 32559 856 9894 6791 22758 20754 6294 318 5635 11406 384 17967 7990 20155 4074 17550 17545 10335 15024 9475 5026 12700 17878 20074 377 7396 4414 17465 32771 11348 10553 898 9132 21355 32233 30054 2313 31420 4840 16003 1917 27475 21352 21432 31476 5517 24546 21250 11228 27314 27616 896 13092 5532 9410 15216 22524 23277 17477 18881 12886 14026 28309 4052 13838 27245 30169 21557 22581 21308 2745 24076 3179 2746 16277 12515 27717 3829 27154 11193 31877 32223 21895 23184 26434 13320 12497 16923 15110 7532 28847 14237 1815 10787 18639 17782 19333 22084 17416 2283 24617 15287 27138 7615 1196 32659 23363 25209 31539 24400 22711 27665 13138 16624 22912 4309 15709 18453 6386 4558 27822 25453 16081 10387 32136 17280 8910 8589 6995 3617 30011 9257 8277 14559 21027 31451 10566 2016 24926 24751 16304 17888 30239 8841 20597 24401 14698 7393 16302 24637 2975 7008 9404 13731 16561 4494 25315 11678 1634 7505 18840 8543 15365 27030 1921 13934 29576 7250 6201 19313 9293 14429 2742 29458 989 26693 1036 12461 7101 2472 18517 7316 14730 20130 19398 29029 11876 18205 28294 30491 24016 12927 4127 16373 27742 31124 12399 5491 26088 32355 13299 5587 13132 8048 19928 31453 23479 23140 9140 25456 26666 10910 7561 9525 10960 9437 20474 13358 4972 12418 12078 15881 30841 16979 600 28066 23150 5111 12816 12069 18511 20040 5121 28647 10870 1157 9613 28559 13404 12301 23292 23279 22678 1526 29010 4016 12497 20674 12292 8981 24621 21356 11652 27964 17210 3832 2621 21111 3609 32040 14023 32083 20145 14553 22494 20230 24572 17672 6530 5120 23669 29833 4928 20266 20071 2195 31382 2322 14618 23145 8820 14021 29452 9470 25020 27994 21762 7440 16525 14263 6980 21637 11459 9017 21710 19879 32252 26420 1363 14016 25956 12979 19389 28733 19465 26017 7265 21663 25773 27781 29423 13354 4773 10733 5421 7821 22587 18804 26494 15033 24148 14051 18429 19689 466 27343 6027 6415 19885 16000 18547 3960 2458 32245 21968 25204 12118 11928 23393 31963 8980 4251 21275 8657 32260 22096 25595 8379 2133 22494 1104 22949 12347 26815 24876 5022 16687 9792 11922 20593 31146 24110 11457 26331 30403 25418 1019 7627 8815 29269 3965 27220 13948 10099 11906 590 249 31740 28306 32366 10390 9083 27017 15040 32956 6232 20539 2060 26003 13577 28948 7645 3160 23168 21902 4007 27096 26366 16961 20818 10966 4465 23988 21938 31889 24947 3342 23258 12410 22700 4208 9600 1245 29184 8095 17222 27156 13705 14244 26837 27323 22154 7796 17293 22548 8540 7589 24922 13046 9115 25874 5036 26988 18675 31709 31085 13735 31132 32245 22782 12535 29602 29994 13852 12565 17205 31847 139 12930 21745 24336 16458 16354 20259 4070 20137 12352 30670 26124 3526 28435 15911 5462 15502 30176 27405 13182 466 271 20941 20637 11967 23398 8514 30370 31846 8103 32929 30940 2431 18716 4112 20454 198 11565 19613 21931 29303 1888 3392 7673 21304 23185 22948 31232 10641 14000 25135 19269 32566 22266 5591 20072 30492 29479 22679 20432 11859 15682 537 913 23244 25453 13645 490 22953 8312 12708 14596 30291 9150 3157 32758 2622 2455 27685 32309 6813 11404 17425 21873 31081 24733 16479 26136 1146 31466 30426 10030 3043 415 23070 7250 13539 17193 22672 11288 31134 27919 21893 24311 31512 29276 27247 13618 1395 27380 27854 6658 16941 13695 29792 31385 20630 26458 25689 18828 2132 15182 8843 24050 29962 23194 12364 19656 6366 20687 27832 31246 7812 14792 22587 15638 15633 18935 24377 16411 6617 22039 17391 8910 882 11322 24337 8810 6846 3292 22795 13608 7293 6357 18809 6351 196 12068 19026 30115 15167 28755 3439 21684 31072 17443 17883 11884 32893 19397 10524 8630 2223 2031 29492 10927 11996 9216 28659 29707 20051 19745 11525 3377 603 11982 32889 29361 24786 22978 24903 28342 31639 30423 32718 846 14155 30841 7040 20616 28032 18643 28701 3120 8183 15489 26023 14454 18634 11041 28474 26351 27713 9205 8430 9499 18140 8260 1359 21202 25522 32459 10430 18802 7782 2417 2281 31011 366 18479 3160 26458 32063 699 24863 86 10818 7330 17410 11693 4017 28659 8397 8011 19197 31601 23321 27698 6682 4368 19358 32696 32208 16688 8566 20397 22977 28009 9695 26330 28758 28951 18044 9012 13366 31593 4568 25926 31204 25725 26330 21897 21357 30646 26807 21082 18572 13715 3564 221 13901 4171 3133 24120 8753 15223 25460 2122 27827 17408 18639 17325 7285 4641 25984 25397 9194 12087 23994 24778 12762 133 6843 983 2427 11395 16931 27402 20205 13899 16313 10933 3103 32150 8094 14825 18492 4013 10450 17254 14094 20261 25143 5983 30056 10678 20597 17992 8695 8604 3487 17323 18952 9045 4445 19071 503 31572 16753 29747 27197 30319 8080 21510 26203 32604 6618 27507 29250 15674 20037 13123 14000 15731 16941 12430 16298 26044 17539 8005 26083 3110 14133 21133 15581 23495 28421 20737 12204 8705 31058 8767 6511 16764 25507 5177 17025 4571 1651 29358 7010 29847 1472 11508 15303 22433 18553 23668 21117 4190 19770 11733 1362 3793 11175 21583 3159 8690 1589 2350 29883 26607 26309 5859 4782 3491 6618 11634 4655 16453 7488 22654 30748 16971 12401 7320 2922 11359 22014 32088 15782 28632 32241 29254 22278 9681 2829 28720 13818 32704 7762 123 23484 10158 24542 22484 31638 32629 6487 19770 31210 14922 3911 3260 11949 25693 18054 26467 28939 4206 32892 3496 30685 25812 12793 29863 8846 28959 1627 4430 8350 1160 20283 20708 519 11138 10200 1926 26954 32942 25282 11064 16653 22260 31046 18898 17970 27385 3519 2064 6260 7962 854 13157 25216 10995 24369 29916 23315 14222 28280 5851 16192 19979 26358 21050 28014 27274 27291 32885 14576 31955 
