// periodic
// number of jobs
1
// pi
30
// Cycle
100
// aperiodic
// number of jobs
9000
// pi
63 45 106 90 11 64 122 38 41 126 34 4 23 10 118 74 50 122 88 98 45 44 23 130 10 7 91 97 130 30 70 3 68 91 65 123 76 12 126 30 96 91 4 50 84 96 115 136 121 78 88 102 18 68 50 15 18 21 44 76 44 92 129 87 114 48 117 62 24 15 58 35 8 17 64 48 44 124 110 36 115 44 55 92 30 1 105 80 50 79 29 138 57 36 45 8 8 55 87 34 107 60 92 77 49 47 107 27 86 101 84 132 64 88 67 121 84 138 44 5 83 126 68 123 135 78 130 60 51 25 33 86 129 60 137 125 56 110 110 27 53 31 111 129 113 30 39 136 95 66 76 1 8 129 78 93 68 22 16 41 123 41 139 86 100 73 54 67 16 131 95 120 68 37 131 6 81 104 21 124 96 129 78 80 31 59 75 22 87 6 84 108 120 111 41 38 92 44 72 76 129 125 91 70 83 3 107 92 8 129 3 16 23 123 14 112 31 138 120 72 106 91 134 49 66 59 72 102 85 88 39 3 43 94 70 72 26 138 122 35 30 76 114 32 92 53 76 119 19 118 108 68 90 124 95 27 132 41 95 78 48 15 61 87 17 13 68 37 106 56 18 119 116 132 94 44 61 30 129 10 18 92 38 44 31 42 61 42 87 108 69 20 8 50 58 32 21 91 76 9 65 135 75 49 94 70 73 127 54 127 123 76 72 13 57 121 104 41 8 139 109 78 4 96 78 71 51 84 69 47 116 97 79 49 82 32 130 85 108 74 116 127 101 57 7 34 26 35 53 71 86 91 72 135 27 60 70 81 114 104 16 34 96 45 85 67 9 113 81 127 81 43 5 1 38 80 121 131 113 66 69 39 19 92 101 76 119 22 123 52 31 128 16 103 30 8 43 80 97 89 91 97 4 28 67 36 18 98 121 24 73 24 73 131 13 25 138 134 92 84 91 74 64 32 106 22 95 70 63 130 81 44 71 67 106 9 134 126 74 90 45 5 39 90 46 21 43 122 10 118 28 91 19 29 26 17 83 107 51 55 48 120 84 31 54 104 107 81 59 108 103 104 96 114 122 39 70 89 111 95 28 89 124 139 83 33 71 68 56 15 75 111 131 132 95 18 79 94 80 43 132 136 64 89 137 79 114 40 100 125 126 33 97 85 84 113 57 91 65 96 61 21 50 65 39 114 130 118 65 16 46 71 123 52 31 134 101 75 50 32 123 51 36 42 92 33 123 16 104 70 73 133 137 22 75 58 82 45 52 128 96 99 66 96 65 91 85 116 5 2 25 25 47 107 138 52 82 56 88 38 136 49 41 17 89 82 111 109 106 1 91 66 51 130 34 71 62 16 80 75 97 69 101 78 26 98 132 68 123 130 8 92 15 42 43 31 59 104 88 112 65 13 34 117 97 127 3 38 113 92 59 23 32 92 36 11 64 39 115 101 122 118 133 71 136 68 29 109 58 28 81 132 103 123 104 37 82 132 110 117 43 14 37 130 70 40 82 68 78 117 6 137 96 138 47 102 80 126 139 122 50 25 117 115 85 122 67 83 2 41 26 125 86 91 46 93 57 139 111 2 18 126 27 96 137 110 37 64 97 52 81 1 32 38 53 37 47 51 109 23 36 46 88 114 106 68 21 109 67 22 127 18 17 27 95 89 105 80 71 44 77 133 101 16 28 135 91 80 22 63 34 52 60 22 58 22 17 2 100 88 134 139 120 13 43 46 43 71 110 120 54 86 137 83 123 61 46 74 86 71 112 51 49 117 69 110 113 38 87 131 105 45 57 118 134 101 134 85 139 13 37 117 136 43 73 38 41 65 45 128 22 119 73 21 122 121 60 6 90 135 41 27 116 10 82 102 135 52 86 27 93 63 6 99 114 108 2 109 111 81 16 88 15 13 32 101 128 65 55 94 77 55 62 135 39 98 35 10 139 68 108 85 39 113 139 37 20 117 82 70 83 67 59 85 104 132 51 87 91 108 12 27 77 85 19 29 3 96 138 92 63 43 59 100 115 42 23 102 96 49 135 130 48 107 131 115 39 138 2 7 22 99 63 119 88 79 25 45 34 64 13 94 48 92 73 88 138 135 93 122 121 13 9 61 94 4 80 42 55 133 64 23 71 76 15 42 54 127 20 90 79 105 125 23 36 49 29 131 135 33 40 118 92 45 80 94 7 27 137 13 113 39 96 97 20 18 63 9 34 41 35 83 102 24 101 119 89 62 102 63 51 3 98 72 38 100 32 93 125 68 109 14 136 48 104 27 56 111 86 9 26 31 23 29 5 55 91 119 120 113 71 79 10 8 125 62 83 21 100 93 19 29 102 4 78 113 68 116 51 103 89 9 125 34 91 138 132 8 4 75 94 89 22 136 63 72 115 8 28 56 102 68 36 101 96 61 111 94 14 71 134 23 26 92 131 64 129 118 65 7 13 88 125 109 124 51 129 54 83 121 101 24 131 111 120 54 7 16 16 118 57 98 137 131 103 129 101 92 96 120 123 29 76 111 1 37 133 73 23 138 100 71 99 112 61 124 26 24 25 120 109 133 9 129 93 14 86 21 55 70 58 113 117 27 24 75 64 94 92 122 88 126 3 34 132 74 129 105 91 3 133 92 78 126 113 119 98 18 126 62 131 56 137 7 94 25 93 109 96 64 25 48 135 6 38 53 65 15 133 13 27 49 88 89 7 40 45 39 46 69 93 98 15 76 15 89 33 119 20 53 68 128 87 36 117 31 57 100 27 134 119 54 100 69 72 100 45 35 95 105 118 63 89 50 33 7 109 117 93 41 34 92 49 61 1 126 36 100 108 29 17 106 64 34 110 105 8 70 68 126 67 118 53 67 132 93 94 75 57 87 102 109 94 31 37 136 42 131 93 125 133 113 90 72 74 82 125 12 131 49 78 1 115 130 43 45 78 97 129 11 38 66 22 116 23 81 135 23 24 2 34 113 37 6 129 76 20 61 136 5 115 104 1 100 125 136 89 24 59 101 138 95 104 138 112 69 122 55 104 14 3 26 36 95 18 64 9 131 4 7 99 9 48 133 105 14 56 107 35 101 113 25 2 42 100 41 96 5 100 8 22 63 127 56 36 139 57 13 91 77 51 93 41 104 6 63 30 41 4 33 111 99 26 21 21 137 96 86 67 42 93 73 9 89 59 55 75 105 70 110 15 35 62 64 73 83 44 114 31 13 106 74 99 137 27 18 77 51 68 54 31 136 11 82 46 91 75 118 38 132 100 83 83 35 97 75 132 61 116 75 134 99 69 48 36 134 23 94 24 120 25 53 134 48 30 116 52 14 12 109 54 138 118 48 74 17 72 99 53 37 53 122 7 1 70 62 110 36 60 47 45 97 70 8 72 62 43 99 20 90 111 29 10 122 88 81 69 115 78 125 122 39 55 28 67 102 11 60 105 126 6 135 130 126 125 69 109 95 86 138 48 37 139 129 49 108 59 12 32 90 42 134 53 120 132 130 8 31 123 119 38 94 125 5 51 71 115 92 59 98 14 65 114 92 108 45 133 55 25 55 98 107 57 56 134 98 28 23 61 29 88 103 80 104 5 22 130 35 127 85 8 92 132 43 130 99 68 38 21 87 44 102 25 137 51 71 60 61 65 26 29 19 23 48 91 42 100 34 70 86 107 97 127 120 1 19 117 40 100 117 99 120 129 68 136 69 71 138 56 73 13 43 139 121 41 101 13 137 105 87 126 61 131 135 76 7 137 66 7 105 115 54 101 109 21 26 40 128 86 94 59 76 73 110 75 58 26 126 66 1 91 64 58 94 23 121 35 88 97 73 45 64 58 30 136 127 35 63 92 28 31 27 8 104 36 91 50 96 112 33 86 110 117 132 76 5 138 104 97 40 3 65 136 101 134 28 123 18 47 18 79 11 88 133 81 81 83 135 10 131 52 40 98 135 122 32 32 2 89 7 83 23 128 91 113 8 39 55 9 62 31 83 103 70 79 134 4 98 108 14 34 20 21 10 135 102 39 34 66 108 100 5 84 63 100 67 104 78 9 111 51 42 57 17 3 52 124 84 133 23 76 122 7 81 21 32 54 122 28 82 55 41 92 135 29 7 33 133 69 116 110 66 37 93 133 98 81 56 82 126 112 62 76 45 48 92 82 72 127 31 4 53 116 91 24 128 64 115 108 13 4 117 61 71 92 11 30 132 64 92 116 22 23 89 78 20 115 136 33 62 77 65 81 112 129 86 56 69 58 83 51 101 30 32 90 90 75 43 59 85 110 65 121 3 39 31 110 109 64 53 43 50 118 136 139 27 111 115 81 30 21 121 61 78 21 80 65 33 74 73 97 38 127 80 111 105 120 92 9 75 59 39 128 83 29 129 36 114 58 65 110 88 20 77 106 113 108 79 18 37 6 15 40 111 92 60 60 82 7 103 63 29 32 130 31 120 114 45 116 101 35 45 107 4 9 97 135 23 38 47 5 18 98 41 48 130 37 88 137 21 101 30 83 123 132 51 125 38 9 46 106 102 92 98 111 109 58 82 131 136 10 44 98 84 17 42 44 54 108 87 100 10 127 8 116 48 120 16 136 70 134 109 113 62 68 62 112 81 39 32 117 63 66 71 12 42 35 119 42 98 69 4 4 43 88 14 81 29 93 122 30 66 40 24 88 79 33 20 76 2 31 135 76 32 126 67 21 37 21 88 50 85 49 70 117 56 3 72 94 7 3 82 95 38 26 40 110 12 68 103 27 10 72 61 54 98 89 92 13 45 103 22 119 31 121 128 97 117 16 80 3 19 82 115 73 107 58 103 108 69 100 4 1 65 133 122 11 47 30 41 39 25 95 20 38 61 88 64 25 106 8 74 105 70 45 100 93 117 28 74 101 35 41 85 75 36 6 117 22 122 51 19 129 65 118 105 35 6 80 22 62 102 12 23 23 138 3 59 48 41 112 26 15 22 19 52 69 23 24 95 133 48 23 77 68 86 104 19 71 75 42 33 132 99 17 43 73 6 10 139 69 105 61 88 62 28 21 74 75 111 38 77 110 117 113 117 131 132 50 86 105 2 43 115 59 117 124 99 37 10 67 35 47 84 75 86 80 73 96 95 103 52 128 51 19 128 77 48 102 92 44 91 3 68 3 6 43 18 138 100 51 10 52 5 43 71 32 73 37 127 10 127 97 89 59 129 100 16 67 82 79 111 27 100 80 30 66 28 91 27 28 69 64 54 43 111 75 60 117 76 57 17 75 41 67 122 106 51 92 89 69 24 120 66 27 139 113 46 100 41 122 138 5 64 22 83 1 100 3 97 121 32 66 138 35 29 134 39 40 98 20 24 62 73 101 81 45 120 115 30 37 128 96 27 21 26 61 91 102 139 51 123 68 111 47 4 97 8 107 111 95 12 102 126 127 51 98 26 15 129 12 19 50 127 6 99 75 22 39 27 39 81 71 33 66 4 119 15 62 67 133 88 89 112 68 5 120 46 59 10 14 128 93 21 5 137 59 100 12 47 2 30 85 19 101 71 3 106 75 86 85 73 5 116 113 119 48 33 52 33 104 10 33 17 8 137 20 80 115 95 132 89 46 56 28 88 121 108 107 34 125 22 116 44 83 102 87 3 136 130 125 106 124 55 133 117 108 93 43 103 22 114 51 31 60 13 115 110 92 47 49 73 43 1 1 71 30 118 111 120 7 47 120 72 123 5 7 64 101 110 91 105 69 62 136 87 95 44 109 52 111 132 79 107 14 19 75 14 108 14 14 61 64 12 90 132 100 65 7 56 40 126 84 61 81 111 74 62 43 83 129 46 1 70 75 16 12 22 114 4 90 122 13 57 19 126 93 48 78 4 23 108 106 6 104 78 11 16 99 20 83 56 119 51 111 37 130 76 51 68 77 14 103 22 124 64 128 106 106 26 73 134 51 34 62 90 87 43 103 132 136 130 86 36 118 3 105 74 14 16 57 135 67 45 52 112 50 15 87 66 3 133 64 77 20 103 126 83 10 111 34 52 67 95 5 111 107 41 116 119 127 127 21 49 28 92 22 78 98 49 96 105 113 4 81 84 72 77 103 90 31 60 31 111 69 93 39 28 93 93 78 48 63 101 105 18 95 38 65 77 48 7 88 59 44 93 127 101 131 139 37 120 76 81 30 87 77 97 106 114 63 127 91 82 37 106 106 45 37 44 111 111 37 125 49 106 96 17 100 7 102 110 93 114 71 121 135 107 43 42 119 25 107 136 54 3 85 67 48 53 75 96 27 55 45 124 53 73 19 125 33 29 103 20 91 78 53 49 123 98 132 126 97 51 7 109 26 115 92 65 49 47 66 22 85 10 85 25 41 88 42 54 29 22 1 80 109 100 60 42 8 86 42 17 123 18 63 119 127 79 59 106 28 83 4 128 108 1 120 81 59 97 80 132 67 136 79 47 90 118 41 77 21 106 119 116 56 57 55 104 117 37 81 127 65 58 36 87 61 134 68 126 49 38 136 25 117 123 6 66 128 95 109 6 25 65 101 16 136 43 105 29 52 34 11 116 98 87 15 133 62 25 103 36 85 42 36 42 48 122 36 104 31 61 56 69 63 11 72 24 20 40 79 129 37 116 132 71 139 49 86 73 84 60 94 35 134 48 60 51 83 44 8 97 138 123 135 40 35 129 4 69 120 54 41 34 18 14 96 53 136 93 4 139 97 114 64 68 24 83 124 113 8 45 70 119 134 36 14 106 121 98 1 100 68 117 121 51 63 91 69 95 11 133 81 43 89 110 86 101 19 40 135 61 71 49 44 85 1 38 107 52 125 15 107 11 86 129 4 59 46 73 20 104 10 78 20 65 105 37 51 72 102 18 120 48 92 8 8 65 49 40 68 39 91 67 48 54 129 68 86 81 84 51 62 44 111 71 91 83 137 39 25 56 83 51 127 115 94 92 31 98 93 133 18 106 42 65 22 109 40 33 27 89 28 58 90 95 117 66 98 101 91 39 79 103 56 104 84 115 116 100 62 133 88 125 66 99 99 9 32 6 82 66 129 62 118 107 94 73 119 40 53 17 100 50 26 127 12 39 92 88 113 109 28 133 63 26 108 39 59 50 88 134 136 129 104 56 33 21 85 25 20 120 23 132 53 48 98 117 82 81 87 118 125 63 76 117 7 83 30 134 73 55 95 51 127 38 112 16 114 9 65 64 110 133 15 3 61 93 101 108 83 131 45 79 109 67 37 63 22 84 7 42 102 118 46 70 104 61 25 133 116 85 86 21 121 47 80 4 85 31 81 21 2 32 132 71 41 71 109 79 111 83 89 11 66 10 117 87 36 9 94 9 93 29 110 27 50 115 127 62 32 30 23 57 114 138 111 21 2 51 13 64 91 35 78 3 10 80 138 8 116 138 91 25 3 77 53 77 35 64 32 108 80 127 83 79 78 1 43 62 83 88 56 48 101 13 45 127 41 111 111 73 15 46 67 109 71 29 22 123 27 62 64 112 39 129 41 11 51 111 53 50 124 104 129 31 19 87 94 30 133 8 64 128 38 128 123 123 12 117 50 60 138 23 37 32 47 34 38 3 110 47 69 46 139 34 100 134 122 53 54 97 99 33 17 28 20 52 43 10 113 112 121 92 54 61 73 63 122 46 120 114 45 25 95 134 73 58 31 65 17 8 22 106 138 65 6 17 103 7 40 122 126 23 84 28 101 20 81 59 116 79 104 88 49 71 11 104 131 118 116 86 18 27 29 115 129 33 55 66 82 86 127 47 124 42 4 23 25 139 28 24 92 114 120 28 72 68 95 3 72 64 51 97 95 93 109 76 134 36 38 99 79 13 34 89 123 73 6 52 27 30 108 26 65 88 8 29 49 23 56 88 4 58 139 103 62 47 131 1 32 9 68 11 7 52 106 72 125 50 118 30 37 91 22 1 36 76 38 23 113 119 62 115 38 14 47 42 63 75 5 132 23 119 84 15 46 74 93 126 138 17 2 22 138 87 31 44 12 105 68 2 111 36 124 129 98 11 67 26 104 106 35 40 5 90 72 90 82 20 121 121 136 16 25 43 59 63 5 67 59 94 110 130 7 104 132 76 119 80 48 116 51 11 116 44 134 37 123 96 12 124 54 111 11 76 59 111 137 63 62 15 123 27 118 77 47 50 133 23 80 37 40 110 84 129 45 12 50 63 122 71 93 51 40 56 115 134 7 25 82 12 135 111 45 37 4 82 16 3 138 84 95 5 39 134 41 19 3 35 18 113 122 51 56 51 88 68 93 77 109 130 99 79 132 2 26 92 110 111 66 40 101 80 90 121 97 113 47 130 62 115 91 14 110 43 40 122 60 94 35 60 27 46 38 8 81 39 129 6 22 117 131 24 83 12 126 2 37 104 82 114 81 57 126 120 56 106 37 108 8 4 33 39 123 34 130 75 21 57 37 34 32 37 129 83 5 40 118 109 49 112 35 85 70 45 122 70 117 70 127 138 106 68 14 17 101 44 62 24 114 1 12 95 33 123 60 39 105 124 71 22 84 10 37 43 92 56 55 90 100 54 42 89 43 19 121 44 85 13 110 38 132 86 30 9 76 122 12 75 70 113 28 137 137 11 20 87 105 4 41 69 29 31 88 63 10 78 103 76 51 88 61 54 125 128 125 119 11 39 66 75 104 60 65 129 85 22 33 17 109 127 79 67 43 126 62 111 46 85 43 43 121 44 120 106 115 124 105 50 104 78 104 132 29 101 75 49 19 127 82 105 70 29 90 97 13 65 55 36 52 98 110 44 122 81 124 53 122 100 112 60 129 66 82 65 67 126 138 63 88 139 94 57 37 86 13 72 77 4 99 94 132 60 36 20 95 30 119 3 47 31 11 33 87 100 78 72 40 48 90 107 55 69 100 28 83 121 21 41 62 14 29 6 57 125 85 88 17 25 58 56 132 70 129 12 90 110 100 126 13 129 18 15 9 90 82 18 132 48 32 101 134 138 114 38 2 65 106 100 101 8 130 65 97 16 35 17 108 22 81 98 118 63 139 18 28 73 56 38 22 71 49 10 129 97 10 68 77 63 71 99 23 13 45 95 97 13 105 78 33 39 8 91 58 66 77 74 103 109 137 21 62 130 32 12 11 41 73 70 14 47 96 134 125 114 20 80 108 73 106 88 85 19 112 3 117 70 136 39 21 47 52 22 68 1 76 23 111 2 130 54 115 64 25 97 93 58 15 30 22 4 43 72 76 75 31 26 132 131 89 62 118 37 115 101 127 36 114 87 130 122 88 130 55 60 3 87 12 65 139 114 87 46 136 70 73 54 128 41 86 21 18 126 100 113 10 119 61 31 91 79 46 9 111 12 36 1 110 61 74 39 40 80 54 18 70 37 52 134 4 98 117 20 131 101 122 117 110 32 89 30 56 58 81 12 20 29 43 62 105 110 9 102 138 1 74 74 12 122 138 78 54 1 122 115 1 16 111 125 95 62 118 128 64 22 36 22 136 94 61 26 106 133 73 27 50 59 84 67 43 95 128 117 35 137 17 26 135 76 50 55 46 104 139 95 131 3 24 73 83 28 86 36 127 122 89 11 24 74 60 95 91 37 125 72 91 54 118 96 54 61 42 5 25 126 56 7 62 89 22 124 38 80 37 51 100 7 69 20 88 59 29 83 79 120 85 14 77 66 138 138 46 135 114 27 31 124 13 45 14 63 92 122 48 139 32 13 70 73 108 65 83 135 104 24 26 45 74 71 60 27 75 100 15 14 76 102 103 120 107 133 78 9 136 103 87 38 17 135 14 83 15 38 63 70 75 119 85 89 80 115 16 70 135 53 44 74 133 90 50 52 125 129 14 48 31 15 53 48 27 4 126 19 9 57 85 84 33 133 10 111 44 46 33 12 15 36 52 102 23 124 80 36 73 73 45 96 104 67 115 57 126 25 126 20 132 48 87 102 72 52 4 139 107 33 126 30 53 115 92 71 30 41 136 62 23 54 4 112 52 3 45 116 49 81 110 12 59 32 132 100 81 24 138 121 78 11 107 81 54 131 91 95 48 18 133 26 118 75 56 102 1 9 133 116 28 125 88 66 65 101 42 100 112 49 63 20 50 11 95 45 103 111 38 107 54 102 91 7 29 96 58 24 132 125 101 124 92 92 49 26 14 98 107 10 64 71 2 85 122 29 113 23 95 136 64 49 106 49 29 129 114 15 32 9 52 119 77 99 113 119 133 101 79 105 113 4 44 133 44 69 16 83 127 44 135 128 123 106 111 52 131 40 132 109 97 55 94 112 81 85 77 117 16 55 71 27 103 47 48 87 43 60 77 23 83 26 94 22 122 88 32 100 124 62 67 43 101 73 115 67 47 3 45 107 81 9 4 118 6 107 20 89 81 94 35 37 1 117 87 35 85 57 97 36 98 116 42 85 123 134 125 44 134 57 104 89 30 126 14 48 84 46 17 89 10 80 90 97 52 33 63 32 70 50 62 1 38 92 28 42 129 105 7 18 85 40 21 53 42 68 33 11 33 76 16 2 82 45 120 79 44 76 27 46 123 34 10 82 34 128 48 12 102 124 110 45 136 105 30 57 84 21 7 20 87 92 116 14 134 131 86 119 53 139 111 137 54 69 74 88 129 35 112 24 135 21 11 33 7 76 123 81 139 84 3 16 90 70 33 69 29 136 92 15 16 129 65 66 30 111 132 28 119 115 139 49 2 5 76 98 79 45 110 14 94 79 5 30 123 62 102 127 100 98 111 72 6 30 16 90 15 89 61 127 139 133 105 49 39 38 35 45 93 103 7 43 69 107 45 135 77 27 135 34 127 9 122 62 59 84 89 82 57 46 40 136 51 112 120 48 103 116 123 139 104 33 84 95 90 107 73 96 4 85 73 45 3 106 32 74 91 2 76 49 1 48 7 57 71 44 135 4 87 64 36 78 79 61 106 95 137 80 56 100 73 50 112 82 126 27 44 12 57 86 94 25 1 29 5 117 84 39 37 77 34 72 23 14 84 67 3 94 105 94 95 97 112 98 62 47 132 85 70 22 37 104 62 57 42 30 116 124 77 54 59 28 117 87 7 58 41 29 104 125 43 112 115 107 37 92 126 24 71 78 93 72 45 35 100 104 115 58 130 12 129 89 109 68 135 51 115 62 52 54 26 3 11 113 52 107 138 115 121 110 99 39 87 113 5 35 41 113 115 65 11 58 112 124 28 2 105 6 58 48 8 107 35 90 39 7 77 40 15 36 90 30 95 44 98 33 86 123 67 132 7 44 59 35 119 68 75 48 20 107 11 9 95 67 59 62 21 115 99 90 56 91 52 46 41 68 101 110 23 104 122 95 82 85 66 61 87 57 35 97 104 11 19 131 84 41 4 45 85 112 13 104 100 56 137 136 132 43 61 137 19 59 44 59 92 58 50 101 4 2 98 132 6 93 89 32 48 139 39 109 49 38 55 75 90 7 105 11 136 53 26 132 112 54 24 14 112 49 11 64 17 102 98 52 104 98 10 95 21 53 139 131 89 25 65 2 72 95 119 124 65 115 96 26 8 15 139 93 132 54 52 111 131 12 104 4 112 102 40 126 76 84 108 13 112 73 51 60 59 105 67 20 139 96 57 100 83 136 28 78 7 111 79 37 44 98 64 117 31 21 20 114 110 83 81 57 35 47 4 105 21 34 5 105 1 92 136 126 119 84 74 90 76 138 34 46 65 100 78 133 110 84 1 1 85 29 101 7 135 37 4 15 102 19 24 41 29 133 81 136 9 111 78 98 52 41 36 120 61 35 57 31 13 70 41 135 133 37 63 24 22 118 13 128 88 8 81 89 63 120 118 101 36 80 96 51 89 92 99 75 135 63 41 36 88 77 123 106 55 137 119 91 28 42 119 99 103 18 43 15 57 44 139 46 83 63 110 110 83 74 30 126 88 72 83 109 109 54 48 90 37 98 126 84 121 53 115 21 45 17 93 121 52 119 1 90 111 131 26 37 65 115 118 115 49 21 75 96 13 127 10 49 111 138 46 43 45 43 101 116 138 35 107 102 92 108 136 123 107 114 40 128 78 34 56 51 137 11 98 7 48 120 24 73 81 91 71 65 3 91 21 26 35 34 116 89 91 15 85 36 136 103 9 70 59 100 89 110 16 53 71 109 11 98 109 116 42 34 106 80 73 79 65 67 132 90 36 37 122 116 132 50 3 13 16 74 79 55 17 4 23 66 108 65 28 30 3 12 53 36 46 40 77 95 91 123 117 86 17 95 32 20 79 40 76 30 72 117 65 120 36 89 47 116 54 67 37 133 100 92 58 134 6 86 20 58 6 36 83 128 16 118 75 82 17 33 135 114 45 98 127 107 112 28 51 115 105 34 107 73 85 127 113 123 37 19 104 64 41 95 35 139 15 114 45 18 46 130 82 61 103 94 134 137 23 80 50 48 118 11 62 3 11 37 40 49 13 18 22 132 7 74 1 105 106 2 135 131 3 36 54 66 138 130 130 32 97 123 46 26 133 45 38 19 94 103 77 122 79 114 26 61 129 83 103 96 16 22 22 84 74 122 16 117 97 27 46 117 78 98 78 119 117 104 25 107 64 18 24 15 137 7 7 81 125 101 103 55 20 64 47 41 103 70 92 8 58 1 46 71 112 67 70 55 129 36 50 10 91 71 139 131 15 7 17 96 135 29 91 35 2 10 61 103 81 24 38 129 2 23 36 29 69 40 72 42 62 67 73 28 118 96 120 112 42 75 107 9 94 11 110 113 25 66 7 36 91 56 40 27 105 12 48 42 98 101 1 90 131 62 38 49 95 66 87 80 90 132 92 122 14 99 122 67 5 10 129 48 34 5 132 57 81 67 133 135 42 69 105 139 65 85 124 132 62 123 9 35 95 66 15 14 29 31 81 2 71 24 33 94 1 57 95 68 82 130 92 13 4 122 43 45 30 32 132 89 71 55 52 114 31 98 43 114 70 29 113 133 2 71 77 130 24 83 85 122 50 39 12 70 132 116 100 135 69 128 108 16 23 27 97 13 87 65 69 8 19 35 125 56 99 122 120 68 75 43 20 70 54 57 126 19 9 113 1 72 18 99 23 100 37 7 12 90 66 81 41 122 41 3 135 55 74 92 62 44 55 14 82 9 20 134 24 9 130 130 72 116 23 77 16 35 119 8 18 99 53 85 42 131 102 86 16 93 35 88 115 7 61 1 92 126 124 13 60 67 120 126 103 133 136 86 108 62 10 135 23 100 139 43 110 9 99 111 139 75 17 106 121 54 58 53 96 56 102 120 112 62 114 131 87 23 35 56 49 111 28 139 79 46 25 103 25 84 24 18 18 51 51 118 60 51 32 71 53 51 45 60 31 71 33 49 6 47 37 133 124 66 39 17 41 68 127 111 112 18 3 85 41 17 40 26 94 35 33 23 21 16 129 62 105 64 19 128 25 57 104 64 47 28 136 94 5 113 6 1 90 87 20 5 75 23 50 49 87 110 109 10 128 126 37 83 11 96 23 11 127 1 104 27 136 137 54 77 81 93 92 62 102 120 31 93 81 133 62 121 92 5 68 101 83 58 35 123 34 124 47 21 111 87 36 119 81 9 97 79 122 59 39 89 27 51 130 130 139 131 33 16 126 105 122 52 73 47 86 100 27 32 61 62 5 38 97 117 70 95 70 46 131 29 80 41 85 73 109 19 5 81 6 109 67 132 71 2 51 94 106 100 47 114 19 37 45 104 128 126 101 65 24 39 128 133 55 15 113 109 12 34 2 26 86 114 121 137 13 102 93 15 58 123 57 49 79 62 83 87 44 114 53 52 5 71 56 79 89 132 69 22 86 58 46 113 73 7 120 27 55 122 24 63 135 104 53 61 131 138 18 122 18 66 22 27 94 27 74 14 131 107 104 75 4 115 128 34 43 93 34 132 118 85 67 91 101 23 32 98 47 49 98 109 75 43 94 137 92 70 95 90 13 117 32 11 137 50 108 93 103 44 33 137 72 62 120 129 10 14 53 39 61 14 75 108 124 131 139 49 109 6 110 23 21 26 38 27 139 46 56 78 86 8 27 103 38 4 51 30 5 62 101 77 37 95 138 13 94 95 7 17 74 119 53 73 4 127 65 75 82 94 65 98 125 24 14 37 132 33 96 36 61 98 67 129 111 129 56 71 31 75 100 91 31 124 4 139 102 86 126 134 127 80 63 135 46 15 18 59 67 6 65 115 29 5 80 15 102 11 119 1 15 37 88 14 28 55 77 52 86 20 50 75 84 109 123 35 2 46 58 56 29 78 77 6 67 45 89 110 49 34 45 108 56 46 6 42 13 43 77 44 13 18 22 102 100 1 3 34 89 102 110 36 9 136 117 128 36 22 136 126 126 42 133 134 131 99 102 82 94 66 14 85 19 41 55 106 135 100 2 32 74 104 55 104 56 19 74 97 134 17 137 92 47 47 124 80 86 1 5 102 32 107 57 55 130 42 4 4 71 27 50 9 47 111 109 107 39 23 54 40 82 69 137 44 107 80 14 78 9 6 47 112 53 95 99 124 127 58 65 92 2 95 21 52 51 11 136 16 81 101 75 68 120 34 10 56 34 28 93 12 15 125 78 36 36 115 138 131 78 17 101 104 92 82 14 139 127 58 26 128 68 2 62 26 44 66 118 55 4 119 127 33 52 54 42 120 12 23 131 57 134 32 60 57 104 5 13 23 43 54 133 56 86 99 71 92 72 113 83 4 9 31 62 116 85 55 118 30 47 45 69 92 120 114 36 115 22 109 86 116 35 26 124 68 109 115 36 78 27 10 52 46 102 92 1 35 16 102 95 17 56 90 120 18 128 83 14 43 31 121 111 2 7 111 74 125 16 132 132 85 124 132 63 64 22 127 131 76 28 42 72 64 87 97 95 73 30 5 125 11 24 9 138 62 83 128 120 116 55 46 129 43 89 126 138 134 72 14 50 135 6 81 93 39 12 13 82 6 31 67 9 121 133 12 62 129 82 82 4 8 106 135 114 132 117 111 75 107 122 86 91 113 42 8 69 110 27 48 2 93 75 110 133 85 47 102 16 100 33 42 17 34 13 130 131 46 103 43 132 129 7 54 16 72 58 125 75 8 54 50 120 111 22 22 115 126 24 121 111 58 104 68 16 49 43 52 53 44 121 116 11 9 59 116 29 27 106 42 125 59 29 93 24 7 16 44 46 24 16 138 97 122 6 51 22 123 101 39 127 121 139 4 49 106 75 49 67 24 64 31 85 25 111 87 70 32 69 52 18 115 49 80 107 2 33 80 115 86 79 60 111 12 79 51 71 116 116 14 130 71 100 101 39 67 125 122 70 120 104 22 81 20 25 119 34 96 76 13 15 103 30 88 30 76 49 64 13 102 23 113 37 93 41 26 26 18 22 71 16 102 14 94 62 93 113 109 12 38 101 92 66 31 119 64 55 84 96 21 27 31 103 86 12 41 29 101 80 78 126 27 42 118 113 24 5 39 105 13 66 44 134 23 26 51 127 75 84 35 26 79 67 82 116 124 50 95 110 39 75 100 10 129 84 131 51 24 113 80 101 52 59 128 101 50 51 44 15 81 108 96 117 14 5 31 110 29 130 17 53 42 72 32 44 40 68 24 79 27 44 110 15 45 69 96 26 19 20 124 99 31 67 96 28 34 87 106 82 113 22 9 23 10 80 131 114 128 61 50 5 87 36 3 113 68 19 110 41 8 96 136 89 110 49 43 89 99 81 13 133 108 67 29 56 111 50 1 55 21 108 124 60 131 113 67 95 132 49 61 66 125 90 87 126 59 39 136 4 84 14 15 9 84 128 137 85 52 107 33 27 26 74 8 55 108 56 41 122 21 60 38 101 10 44 85 32 89 60 1 5 37 31 77 129 72 56 89 136 77 82 97 52 73 40 117 50 76 25 56 32 110 15 31 39 23 89 2 109 79 54 101 77 101 29 89 95 114 74 27 9 120 46 79 98 67 54 74 104 101 63 66 14 42 50 106 37 104 131 59 114 90 41 82 30 97 76 27 19 133 46 42 84 67 9 3 82 18 14 76 46 125 102 10 109 17 44 88 101 108 22 86 77 78 60 16 121 67 55 109 73 58 28 62 126 116 59 41 35 13 98 12 101 127 47 123 1 43 12 36 97 24 118 128 108 56 27 20 125 45 139 125 94 123 62 122 38 113 89 97 85 13 104 6 95 117 134 43 89 39 106 15 50 83 102 88 51 102 34 39 45 77 122 129 43 107 62 104 106 48 10 68 137 13 74 57 44 66 73 68 128 23 100 10 16 36 80 18 92 6 32 94 25 112 73 96 37 9 44 122 111 105 114 11 115 84 136 93 86 119 68 110 105 79 120 62 53 45 59 52 65 12 18 131 31 111 91 76 77 25 20 51 115 7 137 46 27 121 81 78 124 73 16 70 3 42 29 99 16 4 21 54 109 54 52 22 52 111 107 110 69 81 117 60 23 10 122 126 105 59 102 96 115 92 43 71 113 43 77 108 88 105 20 77 101 67 45 29 10 17 24 138 133 16 40 96 106 26 6 53 63 1 64 25 24 69 30 41 45 41 26 49 86 55 58 123 51 50 109 83 105 112 76 73 34 131 123 5 3 69 54 4 34 10 103 97 31 93 90 34 129 86 133 136 22 57 48 12 59 36 116 62 71 43 7 138 17 60 53 121 103 126 8 63 98 58 5 18 59 126 48 76 24 15 23 109 78 92 46 116 13 72 67 125 47 136 47 113 131 33 21 128 132 62 132 125 95 86 121 25 87 42 126 110 134 96 129 36 7 104 73 88 71 89 40 15 115 131 91 36 111 4 53 126 118 36 102 107 19 115 106 78 86 29 35 13 55 81 19 110 68 37 9 90 75 133 124 87 76 26 65 8 19 117 130 19 4 80 37 3 112 3 99 82 65 76 52 25 20 85 138 76 33 51 37 82 71 108 108 29 60 112 95 58 75 37 102 25 86 82 103 60 45 23 54 56 134 41 15 102 76 67 121 21 107 55 63 43 101 7 75 14 105 34 57 101 27 34 133 79 4 109 7 36 102 91 88 41 59 124 79 116 87 5 57 2 104 136 26 63 44 67 21 79 135 60 30 33 101 74 28 53 71 76 76 49 22 19 53 119 8 68 97 68 6 115 69 40 25 92 7 129 41 4 43 20 138 4 68 17 107 112 68 94 63 1 51 106 59 25 9 62 7 136 40 76 45 21 124 21 9 127 40 69 84 115 58 35 104 124 37 132 83 93 55 64 2 36 71 55 47 137 96 25 23 104 125 24 97 103 96 11 114 41 46 31 22 2 24 112 96 11 13 2 132 112 50 5 76 58 16 13 98 5 45 3 131 29 29 98 118 93 100 15 6 35 30 71 7 53 30 92 73 132 10 66 8 78 13 90 129 40 125 104 19 115 21 19 117 42 29 51 66 71 40 87 120 66 73 101 3 100 79 62 43 100 45 112 9 44 30 121 100 120 137 113 23 18 56 130 19 40 43 62 91 17 14 13 20 47 50 116 68 23 106 24 127 35 99 57 97 93 91 114 132 93 135 104 55 22 121 33 77 24 136 99 9 36 41 35 122 118 67 87 127 47 22 96 125 62 102 129 76 124 54 118 26 102 1 61 29 104 15 74 56 9 72 124 51 122 85 85 82 11 72 119 101 39 111 127 103 58 114 133 65 26 130 103 136 20 82 22 53 48 138 103 104 6 126 93 31 24 7 99 33 118 90 1 125 82 50 5 76 89 35 134 41 5 17 12 79 20 24 132 13 105 76 53 137 64 132 10 124 76 128 117 70 129 41 75 113 107 50 130 102 138 66 34 122 21 64 20 12 33 33 130 76 53 80 117 69 7 77 137 16 121 123 132 133 88 77 128 18 45 66 36 116 1 90 8 22 99 137 43 52 109 68 128 87 93 102 119 1 32 113 56 39 14 45 78 126 31 102 123 61 39 71 132 55 7 107 24 74 139 98 38 95 66 44 82 95 64 52 107 44 46 113 58 73 31 106 51 132 61 24 26 53 59 74 115 63 51 135 82 9 8 55 111 5 110 3 27 96 4 121 99 10 40 72 72 87 68 42 125 1 77 114 114 43 37 109 23 121 67 89 135 109 117 62 103 123 1 85 29 37 129 25 116 137 99 39 79 94 96 37 21 75 1 106 103 136 96 12 68 41 5 83 42 96 56 33 44 116 48 62 46 64 12 64 67 72 125 91 48 47 90 138 128 9 69 44 9 138 9 72 56 25 75 66 65 2 88 38 98 66 117 136 136 101 5 126 113 66 50 130 126 25 105 8 49 22 2 54 79 63 110 133 102 39 114 21 107 109 51 71 70 80 42 11 139 15 62 47 29 38 133 91 100 108 13 82 101 115 41 15 27 21 3 139 75 76 85 34 52 59 112 126 88 68 75 137 31 58 80 3 33 117 64 9 119 122 61 19 23 104 67 133 12 25 13 59 69 51 134 8 34 112 122 70 58 114 50 137 22 60 23 90 5 79 49 99 2 44 20 8 52 95 66 131 36 100 22 40 17 8 116 19 35 79 25 98 81 46 116 105 62 75 24 90 70 135 85 68 104 40 73 55 118 23 122 108 104 32 52 37 122 46 32 29 99 6 49 56 114 7 33 85 47 32 50 117 91 80 57 64 80 48 23 5 73 3 1 133 115 120 131 46 9 136 25 17 126 51 2 25 23 124 4 111 23 19 89 36 98 119 123 49 83 71 65 88 135 58 124 36 67 130 101 39 46 7 73 73 54 38 129 60 43 127 122 56 81 67 122 2 39 137 48 7 30 77 9 87 14 25 135 117 35 21 107 40 38 118 50 46 58 99 106 125 130 122 58 136 63 86 31 24 133 97 111 116 45 77 93 30 50 16 81 57 47 99 126 128 134 68 111 109 80 88 7 101 72 37 31 27 136 98 10 27 21 76 64 75 5 73 94 63 139 29 134 123 136 84 30 50 72 14 36 3 47 21 106 13 26 126 39 97 9 36 125 32 30 134 80 136 89 43 17 55 21 7 104 17 23 100 48 81 112 80 98 29 19 98 8 126 63 59 32 16 14 104 107 72 137 66 55 81 77 10 25 112 72 1 129 7 42 37 86 129 42 93 30 100 42 127 36 104 77 31 71 102 44 39 62 54 77 120 73 65 109 3 75 115 134 116 129 124 32 38 2 75 42 85 89 112 62 132 56 5 133 82 6 78 49 63 124 75 85 139 3 48 120 54 120 81 18 61 108 25 34 137 80 110 84 15 31 37 3 30 111 85 84 39 15 104 36 102 97 38 67 39 47 122 109 111 17 89 20 125 55 132 57 12 45 54 34 125 99 83 30 132 17 100 104 15 123 100 76 32 92 48 83 35 16 19 133 138 29 134 19 67 2 129 128 40 64 40 87 106 112 37 37 117 39 139 133 71 102 96 24 121 39 37 133 134 44 25 37 76 139 99 7 60 43 60 66 4 62 100 84 108 127 33 30 86 120 77 74 3 46 117 4 84 24 108 127 50 121 77 2 54 118 113 30 13 14 82 40 81 56 132 27 104 41 79 17 68 119 21 139 55 115 69 74 92 23 137 59 22 52 102 29 81 53 69 65 47 74 33 92 62 60 40 94 50 27 56 115 38 60 57 125 136 46 8 132 7 34 91 107 102 31 60 81 100 20 107 51 136 79 18 80 16 8 117 39 101 10 136 30 24 17 46 7 6 111 78 127 32 26 129 95 66 88 89 88 35 28 7 133 70 115 24 16 61 94 34 13 3 79 129 64 98 77 7 119 26 53 98 104 53 116 46 25 21 56 51 15 110 109 133 7 104 115 126 72 53 19 42 65 13 122 44 100 114 1 38 86 55 39 117 75 36 135 31 127 139 116 89 95 117 86 137 20 81 19 13 103 80 69 38 135 81 104 108 10 84 25 62 17 83 97 26 48 4 56 6 125 10 106 102 61 125 107 114 126 85 36 53 17 37 53 62 93 30 54 76 135 126 42 119 78 83 33 39 16 61 106 115 51 24 63 122 46 100 8 54 18 111 65 50 113 25 105 82 11 92 54 51 79 40 33 103 11 46 40 95 6 102 49 87 105 51 106 62 110 138 58 129 134 68 92 49 136 74 108 26 77 120 6 102 37 11 49 62 125 42 138 103 17 74 30 55 25 86 9 40 78 52 41 66 29 9 74 128 100 121 15 130 39 137 7 83 76 124 7 98 11 122 75 74 125 105 81 121 68 54 47 136 125 40 113 67 133 133 64 6 115 114 127 130 60 113 45 34 25 76 130 101 102 136 87 44 52 31 28 
// di
22882 10883 62210 5663 10638 59354 15011 35386 23714 7477 3138 37738 15455 53028 51918 15631 27253 9538 15784 28746 29489 7898 52699 12512 20216 3353 24532 10949 11912 60845 214 27615 12652 28818 19745 25833 8870 1251 61971 58363 11208 51411 178 45922 41896 18417 45877 21040 56333 40848 8033 39460 28583 39185 18298 52022 57786 51972 54363 13366 23180 25812 16517 37722 5774 23328 45500 26948 11456 1036 62436 13572 60436 42598 18081 44766 20008 30237 60593 55657 46627 31813 21000 21642 20705 11333 54818 29175 30419 57549 5239 50611 50944 55256 19787 24792 37647 34515 12699 6575 38461 3589 31918 2520 31839 12227 62564 52887 62944 57385 59556 27932 18658 491 52702 9617 27876 12060 16729 13297 34688 24178 20622 41144 32850 40605 20328 9953 25049 42567 35262 21648 9074 38032 5404 4119 62531 49451 61878 12534 21803 17879 62289 55553 53352 12927 47209 56662 46276 36085 894 60389 62691 15080 8096 56168 911 8832 33697 31300 16469 21834 14417 44158 5514 12911 46541 8931 36906 46712 31655 53537 144 9097 3874 53021 56785 40011 51465 42050 34063 15923 33609 52270 24121 30386 20478 39870 15050 21296 16927 52556 51706 2963 16303 1466 7942 35498 55595 20256 49713 3433 21530 22157 18709 12050 9102 5976 20857 33415 45039 18605 6613 24158 40533 48955 24288 15543 60820 18492 40372 62705 1916 6391 34085 26951 5116 59758 58028 52762 53190 50656 19754 31510 33159 20727 47535 44307 21176 5925 33252 34381 5468 42690 31654 26071 28178 9517 931 54423 19152 61342 53176 58523 58374 58740 40518 62920 61024 26418 4345 45726 61619 62547 22317 19844 43291 54845 42876 50800 14664 50309 17907 37986 62906 33280 3586 16405 53645 7801 50804 1240 54099 38880 42417 31777 14763 31404 35379 27705 37503 44184 32860 6400 54555 51959 5163 3617 14645 10967 18211 6792 16382 22805 52930 42102 13481 62102 56760 17269 55586 23222 55745 30538 41873 41601 50398 25525 21472 54285 2330 20039 62240 53438 28054 61308 21109 5053 41149 24159 57921 17620 46834 37249 62849 59886 51568 26979 32694 62025 26871 57805 32197 33455 21511 10558 42941 13589 30156 61865 40723 4005 33499 31901 28435 27283 44690 5710 48559 12126 51063 26165 14245 36396 42218 38550 21842 36420 16342 19430 62938 30746 62976 36491 7451 11334 24902 7891 12653 45022 27181 39206 58744 12738 47839 9760 25137 35825 61506 56979 36793 60890 11624 5573 5154 47143 10876 39995 38604 53703 48178 50946 38571 3453 18073 42580 37927 1801 17187 45852 1711 42935 48968 25437 52317 28331 20072 32694 23282 37526 51398 58843 34359 621 62908 7189 22472 9227 36069 1099 8417 43623 56301 54409 2450 3790 53809 32599 50808 17464 29064 2654 18866 323 33439 55699 1043 50974 35356 51093 8596 1326 23804 14146 40116 24320 3835 49373 11679 15010 5475 50057 14453 27114 17667 1638 48562 44393 49241 684 24502 29388 16500 7100 12868 22661 30208 39521 33299 15444 53615 2869 32255 21740 49406 51851 56245 31664 12693 61054 61018 49509 49799 19575 43097 15363 36120 9373 25264 37429 17653 23824 2666 55286 22305 41127 61087 17407 3367 52146 19851 60476 37981 2562 21323 59042 49274 2344 40862 29299 42279 41140 4290 33538 62441 39352 44599 7351 11820 9171 11376 36247 9893 35732 38064 46469 23687 29684 1138 57824 9729 51821 1948 2070 15617 40147 27855 23303 20101 37086 5923 14334 2792 30695 5506 55624 9952 10915 32725 15758 48418 14391 52294 59252 48166 17198 39420 28825 42795 15017 43865 1478 40915 16351 61493 18538 59805 32232 44747 593 62456 59395 21314 45841 54188 32702 55299 20069 19516 23614 44320 57218 14094 25810 22374 33352 14257 34540 10009 40389 62086 31693 48543 11520 41016 15040 1104 16759 31197 7004 52306 56909 22515 55090 11881 41116 28486 58399 32435 36651 55888 50083 59887 25640 55336 14204 2729 10681 59111 33915 13269 47103 1322 30479 48924 34592 37703 3847 29265 26318 22863 30029 12983 24111 21419 39785 13594 23624 27306 11172 19072 41006 36412 55834 11603 19241 37507 19134 39535 15259 15772 28713 28706 17301 17159 57450 4897 10501 8634 1107 48817 41492 18387 40097 26968 50587 27685 10567 16455 47659 58132 9416 41480 12902 712 43407 46769 46381 54165 33783 38514 12650 53650 16765 40756 29139 42635 27605 4417 25513 48348 36742 19066 50353 55257 20190 55142 11213 637 17728 4504 59028 52976 62954 9282 35219 6964 46837 16231 35136 25349 24889 13612 22817 39141 24261 5833 55517 16680 26961 58425 31241 43082 58077 32178 3774 23537 1798 42135 49261 53354 41969 37466 19428 15614 51493 1348 21023 50023 19019 53201 23767 53850 10862 3241 5277 44709 5980 4173 28954 10560 2733 37040 13926 7813 57328 4277 49503 16786 38758 29558 16200 38313 1983 30022 10862 14573 62083 16113 55769 51926 28180 34819 2797 4601 2394 16754 6536 46114 53519 3994 11246 58242 11512 11037 28467 45263 41759 40516 22739 51478 57808 46324 51749 27017 33359 21525 61722 27985 5805 188 30104 23744 52693 56787 25179 13484 51107 34296 48982 19040 10063 10 49943 13786 31708 12787 2057 58988 61269 54152 37490 25531 6201 31724 38769 39065 29530 62254 12799 16958 22983 52963 24251 21736 12631 59391 10111 17325 22248 2143 15826 22767 50171 26620 47606 14029 52848 12769 6387 26567 6014 13765 25107 4493 4487 17041 56691 62260 16049 2409 44476 51094 9419 60341 11043 49366 21161 29835 36592 13982 35366 44807 43763 24808 22813 61688 7210 7708 61342 35561 47114 39512 9033 456 13484 8553 59443 7421 44223 53054 48105 43712 15610 40250 41770 14254 29144 43126 7786 7436 52755 61431 14481 3043 19174 41013 34734 20538 15522 61118 45752 33170 37116 42957 56071 47077 30629 36322 22747 6931 19719 19163 37760 8598 23253 42148 2155 44587 20111 62292 5575 54965 33733 23899 31306 20992 37975 51515 53426 358 17220 12402 3538 42724 40068 42481 60107 56276 44186 18461 62594 24171 29721 24977 22109 55057 47924 55095 3722 41932 13674 42075 34512 14105 31621 45930 59691 34143 30060 44846 25094 46128 23400 22351 54015 36047 23724 47588 38804 61417 11757 14691 45522 47270 38405 20990 16763 12624 61638 37735 22953 28029 59953 26588 3848 11922 30390 46301 6190 61934 52822 14101 45835 14249 23513 47027 17549 26611 12460 35233 12453 44159 58411 8303 22655 28462 23560 29159 48994 22130 59408 29783 51423 422 17587 39238 61990 58048 48247 17359 48802 36568 20496 18435 49178 62322 10621 60522 27093 18252 33700 56324 39984 59790 13112 42561 38017 27312 20881 20820 17379 43949 5442 55957 24801 30411 62943 11405 43018 9205 23936 29102 50227 50660 14234 48667 44810 55297 37812 50978 50058 31081 61957 54497 28529 9836 16015 42000 13153 48391 5814 52927 43619 43798 33571 57601 21334 55806 18382 54311 9357 23881 33193 35777 4193 23199 1120 35359 62002 24015 52872 23388 53338 22947 11296 61517 54386 49113 4689 62320 27943 56394 52730 27982 56191 45944 18142 31177 19662 12662 2735 46855 55170 27381 25050 23747 17948 4347 15169 32533 55418 45273 42110 28684 47843 22438 54617 55320 29035 28243 49741 42912 43312 36680 57066 11496 21076 15279 13668 49441 32304 26912 19568 15840 9009 57479 42300 19217 119 49690 17758 50986 10331 61535 36895 60839 30519 13510 47176 58569 35094 25125 7402 10273 7166 58871 3136 54586 32728 25380 55066 3217 49608 15749 62027 49994 37970 38461 17013 42793 20702 6959 1393 36710 17966 49143 27003 59103 26627 17 60593 9626 42821 54268 17691 48173 60660 1173 24301 39896 27407 12673 61025 8140 33100 3830 40595 28854 7220 5293 45706 33652 47444 25672 50602 61843 9601 24482 37040 11234 50306 45188 55017 23633 29962 30799 62844 55743 5886 62002 27645 6025 28866 24906 15166 40937 62268 59260 44753 2880 51791 46338 17205 14747 53604 61702 10423 35342 36088 29071 24598 60958 40230 27576 56682 10089 20352 17353 32690 38743 43386 9732 18657 55177 33272 7235 9658 15685 30401 19131 40279 7039 48437 24184 9250 47917 34964 593 46551 8853 60657 54364 38599 6300 37731 24510 20090 16642 46670 32421 9991 48190 22882 21297 40406 48309 26371 47240 10764 18709 42138 46049 21299 24484 44709 48478 1838 25946 15984 8515 21227 58515 2215 41671 42118 55873 35042 61086 27367 36787 56409 28887 16821 38279 49184 60645 37843 27461 56032 15385 35562 28752 17484 26287 21527 51887 7475 5550 53506 8826 27128 47219 42971 15004 5114 55434 30474 51209 59423 24489 20277 17411 7549 50310 60926 34539 25353 26088 37962 37649 55897 10526 45169 18370 40157 13023 47905 35873 59923 17169 12017 20087 12887 55428 45844 38148 51519 7361 20147 51563 12158 60847 30766 33435 47085 2969 41772 54665 3416 30446 39864 41064 7849 57730 42044 21986 50532 3780 17100 53826 53608 26259 35107 5569 9253 23657 14929 36372 50903 1282 53600 5624 44308 51008 61033 31690 21243 19376 21936 28678 36899 39981 33777 17636 23695 8773 27858 18262 56443 57158 55921 37378 44949 49851 26343 3825 15553 9948 3867 1611 14730 62894 28510 22866 5303 20687 26198 17099 23847 50199 37435 28671 2372 20604 30436 4859 16542 53866 15222 23553 39946 60447 7224 32667 5458 2496 38830 2318 45563 52300 8066 46527 49395 21308 33714 54195 49257 22427 54086 17270 58306 9595 36423 55845 21955 28816 42867 26678 55310 39406 6786 17615 32389 47862 57813 53948 36623 29870 49525 9959 47583 6186 27829 28407 43737 6641 50641 34898 39137 61767 46744 33584 60623 55450 27322 48749 24270 17605 53992 12702 21214 58275 46068 56204 31426 41606 15816 2613 58507 10559 16439 3939 22112 29999 43211 59615 16837 31533 53635 40024 9340 31074 36937 30701 33859 12701 1134 45341 12797 3301 26782 27814 61960 41700 21765 5275 18609 50683 40988 58797 21954 27788 38353 17250 37702 43072 28217 49312 55672 54608 37469 15485 37058 26573 22497 1139 39316 55732 363 56755 41900 58089 54922 45521 55503 61824 43970 3140 56481 19953 58001 49838 41167 40412 31424 62158 41815 19216 49371 2970 31905 41599 34835 56982 46556 27175 27040 29335 7 11680 52039 47332 8347 9020 18615 20301 22948 11742 23927 6205 61470 7792 17541 41249 22582 8336 43287 41250 52785 46276 45387 53336 20688 33270 30222 13427 32262 48162 37853 34617 23439 62050 16481 25502 51343 54509 43320 26155 47888 47039 23416 44693 46809 62880 3735 47493 16852 59771 35460 14459 24843 24955 27330 57374 29701 14840 9625 32416 5530 51579 33442 29754 22397 26063 13825 17706 39438 2694 17482 32548 21543 20134 57548 36314 32897 24448 23629 46358 60685 25429 46 51597 33448 37854 27436 50197 59167 4280 32071 49004 22172 62633 13108 21840 52814 424 47208 14245 5687 42653 7818 5404 39269 48203 50150 31436 38632 21611 23 27569 17285 32781 19484 59046 2706 61536 33537 31909 10924 55684 27431 15998 2665 52404 34921 62780 8003 36585 38475 27689 6201 49124 48837 32868 1174 27472 34147 50868 10454 6186 29969 38161 53066 40832 19043 24602 34111 53393 19655 32150 2294 11419 48339 16403 18236 47755 46103 19309 38976 3472 37741 20441 35533 48582 3326 57054 12519 59363 57013 23528 33361 39086 3005 2298 58507 34781 58122 19117 31753 54462 14383 10813 52541 2220 37042 24903 27165 4080 46373 18153 49467 18895 12789 686 23651 23841 32276 4534 38302 1999 28044 9196 54619 53710 35236 45685 49085 18515 18211 11074 58726 55075 40567 12971 41970 20436 20173 6691 13457 2688 8978 31797 40625 47305 15513 61132 5632 41376 14020 38316 13433 62664 49989 12851 11872 53756 17261 31042 20347 26174 7833 55879 47387 9479 19794 56812 62921 31151 31656 35167 16982 36656 37963 59874 30837 35026 24284 49692 17852 3606 48445 48522 29503 14595 46318 39639 2678 37752 61701 14670 35612 53069 30883 41303 6223 13798 1806 34602 60044 35717 53494 2195 56986 48040 54603 15497 20842 5571 12337 2081 26158 54475 888 45986 59291 24253 16703 21940 33675 29225 30675 57801 49961 19697 5663 27214 24582 30637 60617 50186 23214 16579 23312 7177 39044 33739 52504 32320 56284 38352 47515 52072 21203 1008 20252 32961 30470 1431 13520 8007 61975 4697 62261 47722 38692 28731 47527 60115 60602 9165 5327 8822 33428 17814 37619 36988 57278 50301 43477 14194 4514 16454 21554 37333 6788 37765 41357 2100 49396 33593 30278 27901 52817 30300 56148 55153 3594 8020 42876 14434 11809 30572 8729 43776 21412 27289 23915 31627 41503 8064 22077 38722 46590 13536 24380 57212 32935 40858 17911 36355 60551 28134 39062 38785 31998 40842 7800 26400 43430 28608 35311 61193 13148 30649 47854 15227 17121 16609 46026 50489 39498 8657 13465 18621 59163 21138 16846 49302 22409 58726 60381 29459 7185 57850 47988 14254 12927 59069 44893 55679 15259 14409 34216 5171 32393 40330 41183 21876 17785 62825 17322 24728 57741 30083 59241 22048 51217 13571 56867 25067 20762 41099 55582 32916 14093 51136 21658 27051 33934 27013 56849 1670 14353 12403 23299 57254 43737 60392 58693 62239 35699 28975 59642 25390 18603 30182 32053 27763 8945 28240 18698 52194 57878 15814 10741 36782 23138 51627 5650 55268 60487 21880 56961 27519 33431 40800 25505 6983 8339 9950 2917 13483 56738 19629 45964 32934 12030 14312 50799 58832 54849 44567 27164 9572 40395 36926 46963 3360 31845 22449 1923 12486 53499 22102 31499 18582 14225 18531 48776 39555 9791 38479 19684 38193 57585 26856 8632 43511 45905 2211 11503 12317 11107 47148 24267 25109 6001 53268 1242 5110 26160 19509 55785 42309 5326 47198 42814 25371 39634 17054 42943 36351 19721 62621 52394 22861 61 55148 18618 44386 57213 6162 5973 33451 34336 28577 48032 59585 22527 56728 41612 23803 39399 21090 37420 33212 51377 43100 34140 1208 36107 54020 56301 8798 60230 34615 31925 25454 15507 7906 31411 58851 49687 4646 30270 20132 35996 46400 49319 49214 2651 32601 17854 22383 23251 57944 27305 44785 39565 19557 39982 7563 46761 35543 8769 59158 43061 40063 59012 38906 33864 45754 37514 60665 35163 47471 9194 47870 55372 55308 36166 25122 8572 16043 5994 43519 10961 31412 14992 52507 39757 43270 55954 16289 16280 43806 41025 50063 35922 28345 41592 62124 6459 60552 19220 28850 19816 59956 10396 55444 50689 19495 46428 48863 28601 39637 2953 9052 10494 896 8506 30669 40215 47518 9468 54314 54510 26673 48916 46426 23273 14871 1764 24100 58027 34735 1605 41516 61103 38740 32262 50590 39279 26671 32766 48511 51950 8929 3674 31544 49533 9022 18991 59280 26579 21986 27842 35756 60737 8918 50347 18977 40699 21016 17241 36872 11096 40506 59549 12399 40790 47850 13412 5012 45806 34601 12748 57590 35524 23048 61837 13551 31487 27896 19806 14137 59618 17372 47207 50940 31936 13862 56345 35675 17439 29611 43999 56766 51570 17655 34233 22466 19799 42812 5682 21085 36597 37639 20580 21008 55618 37414 38578 19079 4373 55081 32574 8546 55269 31725 13433 52786 15248 36738 16713 38059 11805 6415 47675 24253 16277 41740 22529 34460 38770 13348 14644 51645 15063 3814 21944 36831 6928 1065 18200 53829 3586 56852 53353 36013 18045 62061 51884 35583 11963 49921 19124 36908 58573 28751 7555 56545 61472 55398 12278 28583 59988 60113 24942 46684 14782 54314 44179 14076 62929 43033 57753 60343 5822 53203 61843 27566 30491 58125 2558 1479 28006 15362 20045 28165 36217 20437 26357 37088 13371 47294 13501 54079 43232 58234 45336 42464 52341 31537 20454 14939 15826 38452 25808 8637 39863 52761 45621 1850 11251 7058 7784 14284 9829 41927 59826 31445 3039 17992 52382 52699 12107 14690 55007 47592 29033 52638 30170 52854 52481 62560 19589 38805 1721 12265 24813 26011 23376 26131 28889 19997 3772 45634 49163 51595 46475 50690 47902 10023 37307 27440 13748 34941 11172 28320 58519 10338 26655 17361 29099 38714 26076 831 34651 3031 23317 25379 25128 37258 56089 21409 38010 11642 35966 23003 38314 1879 39924 42961 16234 8383 15811 2284 33119 40482 55540 59710 35151 28387 26988 44494 21368 62021 20961 61080 34925 20434 35198 11689 22174 25046 17724 30233 2098 39898 49061 53064 8061 49909 40701 28359 42079 7939 53662 50521 11680 41186 5272 52206 22774 59334 50576 24675 16420 32352 18931 13491 60550 45456 49268 47064 48693 55724 24931 195 27278 2249 39 20816 56477 3209 37944 26004 6284 17682 53546 28348 56944 36060 38287 59959 29764 24310 34224 50293 36186 52574 8090 61982 5344 53748 39412 52807 8585 55588 50652 7982 51157 36307 58874 12468 62182 45206 31013 25171 44843 53970 2444 18639 43223 6927 28747 7454 30329 54604 6217 43579 6157 58577 46200 2016 38402 11273 31283 23921 41561 31828 39843 11455 57891 44381 13238 5551 22461 30907 5356 47760 51930 32863 6875 8851 41853 46490 17813 53894 60922 3236 55986 4127 50791 26086 31009 13629 54197 27465 62052 5453 36736 17164 37808 60488 11405 28404 34176 7123 42096 53126 3816 22482 45046 27247 23368 17834 6925 55251 9050 27321 61133 61816 13429 23672 6808 34436 25581 29333 37946 1235 47231 5538 1076 27012 46407 27874 30191 45193 19788 41503 413 49174 39661 5435 25286 42379 25084 15306 28467 37763 62688 58847 585 32274 26987 20070 11735 51667 42511 48191 8100 10974 59750 30056 53834 4381 16241 37759 58717 8783 31057 36897 4955 30767 18387 10226 39007 51265 40651 36173 14530 60334 25034 974 31705 26434 58100 61138 10003 44204 30134 42332 50923 25546 27129 10180 47693 62813 33324 44287 7205 41010 52974 54812 49673 38235 17712 37985 24237 55843 24939 51111 15421 34267 25119 18062 49341 27703 34793 54294 10770 57095 26633 939 18648 20708 55435 39456 18219 32948 52934 20318 15128 37031 38768 33498 9538 56697 8959 22859 13572 26545 18413 29871 46653 7623 27419 36601 27009 18454 29587 16932 43137 16050 8861 12159 31545 52912 41177 3960 28865 57764 46221 25327 19932 53327 29120 44826 48686 11976 22344 52856 16292 22646 30997 5658 52848 33877 17891 49877 34513 1177 22338 54453 26441 48717 18316 49258 56156 53678 15517 45539 7852 53165 40177 5419 46091 46254 38923 38296 56886 38124 47113 28280 16767 59019 19192 7818 35929 40091 61142 53771 26450 61163 46756 38191 11182 36513 38709 13201 17577 36135 49481 6769 2330 53914 20210 11024 15257 57596 61656 7388 26800 30069 14482 54886 62696 176 26301 2512 55429 39897 34288 28103 8 46841 1934 7410 16753 50451 10105 9227 26566 18822 61366 4184 15515 52306 11547 26088 32513 14653 46917 44686 2144 25894 41278 37455 37202 46120 45875 13900 27098 30540 32326 35659 48038 41452 4999 36340 19373 42208 30617 904 14497 38593 40856 38760 24288 2992 5818 7086 46249 20177 44540 15216 53230 325 51437 16523 45518 28802 36848 54110 43426 33955 42057 19452 14285 45633 33574 21126 1607 60832 45240 19818 55324 20953 29348 60199 62048 17527 25843 40396 25299 32289 5689 22115 56063 36783 17044 49742 58602 9377 56884 31719 16222 58727 22930 24997 31690 13616 43156 6510 8513 1412 32887 11274 25088 56717 5103 12223 44857 28981 2440 35331 48984 1733 4160 48818 55732 29263 8284 32819 27922 4646 42145 61941 34841 48045 6387 41363 16559 7775 28984 19129 40538 35314 27082 8918 41958 5455 50164 39769 20966 50138 20182 53726 19810 12385 37833 34230 3859 31382 24225 7194 20599 11713 51942 23316 3261 17086 3632 50846 4038 53821 8629 28919 37284 36301 15243 59448 46553 31905 35689 40803 19027 41063 30357 13371 28875 32754 61477 9227 56492 6574 21265 45428 32871 53846 49867 9780 25505 18052 47206 59102 58894 42798 61258 23020 8023 59512 8278 8244 8556 49173 49625 45766 5671 30764 15889 9626 13650 11769 16467 8497 3359 58742 2609 18672 23753 28685 36694 9801 52166 34806 16138 22192 38775 29515 40915 11881 53976 44141 51866 56142 2957 36914 9056 36127 53561 4425 16044 6246 54776 61661 1853 46901 10758 51457 204 3145 54609 16317 29812 25417 7016 12227 15729 11011 58338 9508 3939 62886 21363 48160 22600 61528 31657 59281 18694 52214 11192 17502 38702 17330 33609 42893 6011 22676 20051 33098 20587 56010 49033 10249 12469 38626 54530 27675 4247 20820 11559 57650 43744 797 42170 34053 28137 40704 50483 61999 45540 11862 17979 11804 15018 37245 51524 20031 4396 35631 58252 42042 11705 3516 49691 24680 32191 10517 12472 11785 59405 37747 33361 45646 31004 10410 58974 54940 45976 3430 62292 9289 45458 30287 33239 35726 60289 25770 58107 32924 54045 3270 11048 29353 4102 1357 10181 33783 10703 20180 600 11107 8929 21765 37299 34635 29474 12031 29895 10261 21999 51510 53420 18743 16025 5853 9262 45860 58498 16180 33731 6143 8833 35764 35503 50539 24552 44061 2767 30217 34033 12147 61646 11005 37156 13445 8518 49082 8881 16939 21569 38584 41916 22593 7086 24247 3725 54468 37905 46465 27096 48402 36360 42455 14243 39217 17338 42067 2453 14145 19799 47348 52228 32743 31274 29704 43339 39636 46927 36515 33234 7196 20889 40708 10976 15702 35570 36225 57521 59357 3642 27347 16675 26870 14484 49847 28405 12979 46726 37559 20601 10763 34960 33870 19406 27994 27519 6599 319 53782 28930 39388 19544 16330 42184 31092 41502 11418 2494 61738 21832 40956 56194 49646 17771 25004 24154 57793 34518 14319 36635 24799 16985 52365 33841 16003 44699 49030 24131 41059 25034 62566 30526 42755 5339 61913 42690 35163 15620 11489 62181 20856 33385 4097 38027 48574 8671 15807 37552 33831 53865 33418 9763 30026 47832 17172 23846 45001 53518 916 10950 61499 43448 57681 39584 31448 52393 54286 45934 43785 16156 61882 46092 55995 61544 18569 8918 55397 36087 21389 12940 38984 47150 14220 9366 14537 43760 14530 28628 1953 35612 53570 37665 20301 9908 47804 33289 54433 27144 16366 53331 43286 57568 15068 18676 48371 20246 16449 15499 11842 50377 48959 36422 24895 14987 33330 16717 5409 50901 54127 22547 17264 46049 35156 47448 57917 18861 16159 55561 50099 6652 45138 42053 37735 4172 9622 40948 33436 7472 59600 4927 49820 50923 7253 13138 45361 47641 42074 18685 25879 51167 41434 6166 23134 47758 19379 36052 19281 8292 3684 33434 31572 50241 53324 11482 17378 44062 38066 3713 28512 9990 29191 46843 41545 14804 18252 34216 11118 29324 40841 8957 1099 11726 46844 4120 60613 43095 9789 10711 25562 44941 29101 26753 611 21301 48584 11668 21336 6798 35017 52097 38731 57882 2831 25034 40135 46464 13789 11858 49931 9646 2106 58786 45615 54466 1413 3809 41177 50617 38080 35239 11599 43549 7552 11568 46710 28551 47363 58319 32180 38559 38987 5726 35416 55457 54163 46562 14651 16464 30460 26773 35959 11925 20978 11843 61100 7504 1120 36691 3183 23099 57446 10739 45743 9717 58916 6543 26163 10437 48325 53789 44494 13825 1642 21822 3803 22493 3587 5363 11889 19134 43387 4550 43285 37396 42585 16735 56138 26102 42066 37251 23208 50383 54978 25030 13613 45816 25931 18537 26311 10578 23906 49854 56560 57428 61330 52297 38716 4696 42458 17835 47326 26690 41747 47287 34525 53623 30261 55200 42074 15761 53078 28081 53617 23654 34937 1618 32682 57731 8134 7268 48612 2609 16254 9530 14218 4563 8001 36835 35991 19328 38416 13020 33272 4971 10663 26720 33738 17131 53583 18360 48782 58233 24354 37703 21386 14761 61470 12026 21799 47181 33121 39486 22062 50291 41429 2891 20944 49082 10275 17443 49812 37437 61428 59596 58398 964 44175 42998 14599 16704 13331 42059 12705 2755 58643 12536 25079 59746 56464 58996 61202 9817 22802 57012 9156 14051 19507 10404 24914 30673 55001 27712 24942 10901 18369 38111 1866 19622 14604 38315 36824 37635 28478 13646 62371 29347 29369 51121 15188 35175 20295 24170 24552 15413 41692 14167 24532 9026 8522 40214 1816 14518 12078 4119 11062 48888 421 21088 23967 13114 1396 1807 1451 62787 47956 29806 12218 20590 19496 35298 16601 44855 5422 44133 27910 413 9457 22944 14061 45366 25208 38322 26598 59766 46881 29580 2448 53409 8310 21943 29524 48467 35717 49140 55043 10196 26369 49069 31657 20158 32375 43393 12304 49904 17008 40275 20773 12429 15299 39915 5675 36716 53551 43326 21689 16844 39952 49347 46407 58703 15439 9116 17085 19069 51074 53546 45787 38813 2159 38871 56798 50781 42234 30912 22422 15273 10454 48640 20191 5708 61857 46569 28918 52824 57356 48487 42695 21854 498 5448 24645 62166 53124 27855 40449 60851 33008 8496 22572 43762 33893 26485 20398 29396 15041 53736 6366 43825 30415 6844 37494 11058 46313 40135 20657 20405 46593 51687 3501 18973 8490 39427 26621 36476 62654 24776 21046 29630 56217 54625 51988 5745 16837 16173 18199 11890 104 37346 39967 25483 29028 6767 22030 59104 57473 15896 47202 60419 27386 30557 4023 1595 35702 26550 45762 62546 20429 52309 49282 42215 54578 38924 46267 28220 39871 33855 14042 14138 27008 13848 60482 30550 30370 33832 19453 13680 46608 28566 53243 41563 19727 5382 1410 11443 31919 17411 50551 32920 44733 46104 50764 21894 10483 34746 9630 60591 4588 4823 23152 27705 45039 22403 17318 13375 32659 27824 43258 45978 53596 60799 53804 34978 38994 51159 15506 58108 53850 52703 6477 10736 8763 5176 1720 56669 45833 43176 1031 12316 11535 27558 47693 60929 13194 43940 6578 33039 30427 33738 42008 2114 53666 17491 8210 44752 27844 20356 55861 42338 54333 47119 26338 56182 30057 12756 58903 37979 37555 49833 20160 58310 54885 52600 46177 20202 39718 51096 5509 13045 4572 51240 41421 59485 46176 60849 219 45418 46050 20043 47328 52421 22619 26430 2506 43909 43329 8919 33971 46252 41445 58825 40641 8316 39350 14013 35029 35959 16817 40976 58081 204 56445 58231 60465 59107 4316 2690 41050 42722 27186 53276 21410 49134 18245 43970 8347 58004 13183 20623 24858 11646 30073 44447 12230 7503 50170 10135 34292 44263 27571 19533 55037 34701 35827 3538 29190 45673 21441 48767 28496 23348 25089 55807 38089 10820 21360 29520 41562 62943 16603 16163 23075 62844 16354 39165 38572 34691 22659 59225 2888 2461 19928 32937 44960 18034 36691 22633 46897 12783 13428 28606 53603 31610 26823 45770 29590 10193 9514 48418 36569 8855 24585 41489 26788 61426 17787 26854 48479 51005 45495 8237 12157 5809 53279 34713 15597 14387 16136 25790 45353 208 56252 30544 22662 488 48417 1010 29782 31908 25238 3411 25664 47995 17719 18250 55465 43812 14137 33741 28046 41841 52400 42042 31248 29494 49812 19143 41928 55955 44103 47261 53882 44805 51375 5944 62520 39892 42103 51503 15427 50143 59023 45673 9426 57738 15859 51997 25767 54755 46659 50265 27984 30200 12486 59979 8694 39449 5457 12242 12742 24975 28216 8979 5230 27657 3578 7142 35919 32089 27367 61368 25143 57150 49383 19543 37086 33121 49376 51244 51522 49205 54518 47470 2377 2280 14205 39999 58906 57159 19950 3467 43351 51438 18100 55486 37517 54364 51217 33964 47770 30633 26241 62350 15605 12452 50732 3998 12260 48815 18322 19626 23968 18563 12038 36567 3448 37257 40957 49937 8945 52995 10394 53391 5099 42931 37270 17861 12713 47737 49000 13557 45406 14743 12113 55357 30461 29241 27510 38427 55623 31895 352 36566 26952 40005 12927 26195 16322 4434 41611 43911 170 12908 21074 19887 1859 28751 37426 52417 7455 31505 33132 24099 44587 24962 59985 21561 18779 17383 43490 16919 40718 43034 44125 11463 29647 31538 28 50049 62652 15181 32712 21866 61709 43811 49222 50333 30628 13633 60790 15577 25356 25787 62067 8077 6630 20238 12063 2803 21701 1340 19617 42139 61160 3994 20992 1014 30949 9111 25598 3385 17460 17768 23134 17967 865 60915 20950 19212 50324 49766 55088 62488 12737 21179 28588 20164 27023 54625 31690 44944 41319 33877 23079 30764 23876 1285 27307 39218 2662 14134 35102 42257 22903 40356 35959 43741 56747 28268 8412 31433 297 24758 14973 22431 1169 55243 26919 52717 22801 20011 12645 39821 22528 31668 12657 26744 21831 30253 44587 34865 13129 27140 31934 25423 40886 55567 3143 15601 62613 61724 13591 24433 61185 45727 8662 51281 22882 15887 57934 51229 1619 62871 22870 53996 43303 40924 24281 44346 8866 61550 10206 9884 46887 59275 41062 53842 20670 24376 33948 60282 58565 12877 46359 26381 41805 56367 57970 4551 32520 22236 28631 15360 15110 58608 24143 13824 6089 16555 39441 11205 810 18570 53156 47256 58172 15707 32161 52118 13525 44760 46126 28478 55855 6415 20901 11200 1373 35835 61223 4717 22040 7271 33024 60398 1883 14179 29927 33385 36266 41773 57571 22006 25818 9228 40450 983 7036 44490 49735 62162 11601 9877 31930 50898 45716 21524 37772 52877 35569 9826 5973 32407 8248 44299 21201 33398 47547 20857 36524 44757 18174 60501 59692 29131 31865 17818 43021 26742 22823 46435 15309 48886 59729 56030 26449 14007 35318 26862 26345 27473 48349 49631 50596 51378 28299 40434 10390 32707 7570 14119 1682 40635 2234 31272 1832 3805 45540 14891 54864 6488 59597 37706 15901 46130 14123 35189 911 33623 38707 6069 603 56593 57456 42500 9826 40171 14187 55467 53271 4918 61414 36354 43881 42976 12644 18781 2223 61951 6903 58580 28174 15346 28235 17184 29606 25655 28700 55583 58948 1186 20056 57813 50101 45619 60396 22528 34257 27067 33326 50247 47457 15818 13371 59853 10704 2323 8412 26837 35165 15697 28600 59676 14214 51208 26694 31053 49124 48107 58199 42360 1691 12088 30786 56890 22777 54351 20647 32488 13514 30718 16229 37546 15388 32311 20799 20258 27512 60065 16868 47795 3591 55562 32150 47516 56172 25447 35162 16725 37887 39492 21894 50268 52067 31341 42193 56597 23703 39058 58116 17198 23037 4409 59545 36284 61243 44615 7208 18718 37234 10878 41331 59345 57957 23407 46757 27283 37963 38462 38094 55673 35291 54963 34039 61296 11128 30022 31054 32670 5616 48831 23538 1612 37053 10607 33286 30739 23033 22158 7330 22854 47431 27484 29881 53300 616 31988 29105 36269 62851 34486 12309 4162 38512 39062 5996 29639 60765 27100 28407 30312 41230 864 57165 49863 52994 31159 42300 56876 27967 27062 22881 1560 11385 28264 17775 29000 5559 12772 23025 16220 27156 11724 44201 25955 4093 3985 58275 40159 54942 22601 27008 36508 52748 21669 54691 19623 35635 15213 5176 34067 60657 39169 52515 35437 46745 59090 48181 36627 36071 18256 56762 36359 2228 37434 49497 62745 10729 8221 12867 1546 32758 3814 45644 37472 51569 10708 49770 50321 629 18377 18517 9609 11138 52146 37779 31382 59028 59995 54140 22011 35224 48223 50215 9035 29925 27310 33474 20689 27966 58052 1633 56130 20166 28056 19256 46887 52538 40228 53873 59248 1413 30888 3843 16413 50357 22847 61434 27115 55013 1906 18418 57491 50259 13917 45378 5264 23575 53436 1800 33463 43582 7862 18055 8948 18714 57684 3684 5564 55027 48992 57556 24637 42604 18252 56846 56928 59648 16205 375 47064 49217 6084 10140 14114 40834 3294 1257 8012 55817 31352 1286 17366 32397 4085 36200 25220 51800 3662 33296 863 13765 5658 48967 27408 55799 19743 46247 25813 12022 7597 61004 52868 48886 6945 60972 55950 28056 35315 42678 9866 40753 48452 24431 38813 789 25828 23602 45540 44963 40610 22936 9434 35387 8149 61486 31693 18043 10943 27271 24017 7541 33943 62218 37374 20614 31630 57966 8392 46073 51175 46538 21480 42455 8438 47417 26225 30599 55002 55810 21707 26023 49292 56319 41517 31126 12272 47837 31681 38466 52698 39363 11652 41978 52999 13559 61224 24415 32790 57935 25639 1258 20808 41637 2840 30773 39902 9577 10107 25950 62146 34933 22353 20684 59523 36694 53856 41413 15401 22497 60646 18872 62678 22046 9991 41778 10322 1974 16714 40692 32752 32986 23847 6014 22929 11796 47330 61725 3138 14675 20838 35859 14837 8058 37606 53038 9019 61027 62876 8490 56350 55051 54051 35383 20481 36097 38171 47152 19352 401 10720 12753 2311 58889 57807 26938 25797 45532 29349 8624 9541 13979 30624 54019 34124 36150 12064 40419 7884 35052 8039 55112 11671 14102 29201 38030 13118 8571 62202 802 43431 7374 14896 8265 5692 29571 56405 60885 51085 14991 17658 5655 51904 49832 21133 33952 43351 47547 55879 38363 32154 29511 59014 54493 14517 31113 44766 34792 15718 49920 25099 59485 33345 8945 2449 8502 15393 59549 48892 12669 53811 49767 17621 8017 14343 25744 43486 13947 4000 16888 17380 61399 35378 32866 52629 33357 2361 22481 2800 36351 2482 33038 40420 7425 35858 62800 3803 62834 31529 10943 9133 37965 20731 50622 36090 23596 51 45931 24969 15020 36722 48081 24021 36754 37239 17673 15852 24762 19131 45503 19865 32894 31480 36000 4572 39198 23824 538 41223 25133 18136 15585 2115 60715 39313 640 55274 17034 10974 38052 52681 41119 61453 38670 44186 40556 49032 40833 35122 12531 50769 5147 50819 46431 7165 15693 42507 12140 56621 30414 33950 5115 16856 1592 28030 62122 52221 31735 53922 35334 22142 54779 32783 59835 26041 9031 3887 2853 14317 39343 34267 5060 7856 37743 42794 49265 24181 58823 27301 18886 43797 59427 29561 18425 13008 33131 47925 55836 44764 33598 22312 62314 1228 42778 17402 16310 436 33816 18021 18391 37081 19459 11338 4272 41969 1036 23105 31150 55738 8713 61829 27686 40232 34007 14647 31212 38132 15160 13163 50301 23348 35105 53089 7279 39155 25609 47571 17921 25168 13557 22159 15818 29334 14485 47078 47779 36107 2368 59405 49784 21049 52187 8630 28704 41593 21093 39504 18412 5149 12940 36788 59331 13344 59306 51418 41041 24771 23688 1061 40699 13646 7150 10297 54119 17623 2635 10646 58248 49329 32463 23340 16847 16020 13270 3307 24229 45902 23117 61846 15898 4476 50277 8167 11140 58031 44723 30902 36990 45261 39146 45921 57636 25177 3318 150 50049 859 6334 11093 15976 18731 15792 16691 27515 56866 16683 42153 48278 48320 43578 10882 36838 45640 47323 23641 22887 25501 38002 36965 46999 51305 22278 31958 21817 57675 34743 16331 42760 9646 3227 48527 29488 4596 29346 57909 17330 3452 38719 62489 11920 12388 55769 34242 48742 29616 41223 62935 51433 14955 20897 23002 50130 48267 1500 36371 60996 57611 10450 34464 13455 9460 10139 62551 21031 23787 45253 52365 2171 29147 37877 5249 58429 30241 12934 40404 7566 2182 45949 60216 37714 19447 29988 25828 36493 6692 25993 50750 23984 3247 21476 55507 55601 19967 5283 58055 8793 58485 20389 1131 46955 21712 51136 31030 37470 55618 13164 33784 7268 31176 48632 289 15473 755 31227 24492 26656 7513 25596 18312 49448 15564 2884 29131 60712 49277 4636 9375 44665 39595 32440 16677 46429 15963 8659 57866 60415 24757 12687 5122 55415 43139 53406 58595 37457 43610 57177 5692 18829 30235 55853 40061 23798 4358 57648 46743 12220 35571 55310 32289 54375 7920 62523 43146 15927 61811 36474 59585 27929 32411 41133 11744 47077 4310 37120 3127 15638 11019 14070 48862 47554 50228 46187 41795 14416 17110 22975 32016 30288 45352 44462 48227 31560 16930 57950 55444 59662 21938 15937 9189 24296 47173 2608 9028 20673 7266 49524 2274 56980 29241 56377 17311 25681 40480 16274 6413 17639 20410 5878 30745 31325 3289 46224 2610 6513 50605 1493 7105 34103 58154 6242 25444 14668 46793 4300 1530 49252 25350 18672 5356 24493 24167 12407 46394 50901 50993 58730 2938 58612 31390 16678 10019 10772 36620 25569 14456 11308 48078 36233 59906 56200 1247 1336 5114 22214 13607 12539 39021 57387 6580 1977 9452 62465 56266 56819 52604 42765 10916 12899 2262 53937 5954 5220 30760 53909 28187 13093 56817 2914 15574 41556 19521 53917 57847 62414 14434 53244 57930 13618 23789 8535 32622 15378 45258 29788 5563 8693 30270 19450 41492 51428 58567 53438 1936 20243 56123 40392 30796 23783 33697 27112 28858 127 16937 12942 12069 2844 11774 53562 42533 40679 7660 38068 54463 21976 28472 22864 8218 33193 62769 43582 60221 5507 36569 40879 58284 40402 31175 15094 62298 3234 41989 40858 33131 25226 30945 35488 62747 37988 45875 49041 41316 16697 45636 61841 61024 39845 50709 33151 60490 26666 13623 1274 54952 8430 53613 25189 60467 56150 53175 16220 7186 8075 46470 35985 24248 11135 34461 7277 51196 8726 11720 10977 60202 44699 10542 45186 53345 1139 35797 47351 9373 58898 18395 7427 29463 9206 10143 40990 21183 34236 17848 27254 10882 15738 11605 14794 52712 41835 53275 1673 47285 35373 15911 17715 20012 35095 31 59577 47795 28534 29455 51986 60144 11972 602 42670 34531 43812 58249 36091 44945 47042 7489 62685 32725 39061 29533 13297 44859 26012 25380 18176 37241 19888 8064 21329 12726 32673 32412 11181 300 49937 53393 39440 28135 23627 30214 8739 13353 25322 16802 27076 28266 27006 23213 25678 56422 57896 44379 49653 47214 41921 13346 14570 20893 35763 15124 11158 10750 6360 18408 9750 12525 27415 17315 60157 2898 7200 9103 4848 14720 50494 6675 61354 34256 57534 6605 26335 3498 41409 22196 42472 37260 19257 14661 25742 34277 5940 11848 50801 51261 43500 62677 9486 48731 6361 37068 189 60858 32050 49691 10883 20648 3467 57510 50247 28316 34044 4773 11836 16979 50658 23151 21644 8 31232 44582 31813 13601 11914 43116 52472 8123 4715 39061 29763 44381 36818 36586 49149 36873 51294 38895 10448 12178 10114 16287 56655 52018 62008 59446 44224 3297 29820 46423 39402 3405 16613 8205 2539 36683 9305 10603 47876 13934 54125 51353 32843 3105 28707 6555 21401 54142 17266 36580 23610 56396 23170 20329 44766 25678 46935 50504 20842 20613 29329 6014 11696 29538 55673 23030 5676 25817 58994 22589 9978 34139 57461 32438 50370 3738 9772 10119 10026 55318 52590 39966 58007 59109 31778 54788 43501 47897 12475 8296 2696 8273 5212 62802 33070 44961 43839 18091 47258 61041 1279 50912 33833 17707 39302 37890 3437 12808 5915 38289 35957 51877 11252 46792 44584 30690 4389 20785 25422 28426 62071 37619 20336 47700 49539 42650 5784 852 55476 62530 32998 37136 38070 10505 48612 61133 23094 61048 58838 7297 7263 27560 46634 6174 29048 12010 21596 30269 19277 57806 60254 30440 15598 6581 39669 11758 58762 1032 20589 60500 3515 40829 52584 48672 33970 55225 40968 34820 30079 37797 11356 12505 43072 59336 38058 30913 48493 36160 36700 54625 26130 38004 40763 40774 10728 36982 61370 17340 13183 14911 42280 52352 35200 22342 44156 24019 13604 26093 20890 56699 31324 31516 24142 8176 4491 44029 17627 62228 34918 61634 50418 51457 49879 24964 62909 54985 884 40182 23380 27653 40794 41086 26632 13882 28451 21027 14487 5388 44959 16541 48471 56285 55686 8726 25445 61960 41180 43514 6451 29370 53067 51847 35460 42392 8620 40747 14915 48051 50496 55943 23002 34954 61956 5506 4750 38292 19953 60241 5900 55187 43326 25309 37893 15596 52024 53474 55077 34262 45170 31327 9765 48807 10356 5064 9520 43032 54067 13878 13007 29870 5019 53334 10053 2328 40324 48356 48435 11500 47199 46704 57731 23906 57079 31396 10995 51434 16933 46983 20721 10152 41174 25754 14402 51883 24915 22494 43876 44552 37405 38615 982 13501 13299 9926 176 52427 45256 50463 19353 36590 35610 19102 39553 41753 54106 16961 9863 56481 13802 5339 54339 52364 12076 57323 37554 17325 19675 1648 53963 33588 14310 29977 9971 4911 22646 14425 53643 4863 36852 30188 53298 37082 15603 47380 17853 2421 33502 45997 28054 34651 58374 50596 35431 52431 21012 27957 42896 28530 32099 49012 12458 12496 31318 57308 46639 27904 46277 40700 20855 44163 1254 25634 57241 61192 11448 23158 43282 22751 44688 44082 29454 6659 9795 19991 10222 12244 39895 35042 55011 42696 39338 19993 11058 660 37153 44526 46662 55798 1624 15664 57977 58143 25343 42074 1056 4390 52222 49854 49318 710 12403 15081 30608 51945 44897 61053 23566 26882 16859 7240 60023 31304 41457 35553 39840 52821 6730 3450 16819 3239 3540 48697 17643 24378 34210 42346 2612 11750 42944 10823 3716 7212 41811 37682 23457 46758 26003 15260 59567 62186 33407 53207 43707 36313 29401 42690 4683 44582 43700 32740 45831 45279 35371 11604 4891 16895 57322 24726 60539 57080 22399 20637 52902 44822 12724 42665 37980 37344 55068 41481 62006 28592 9295 549 43469 16636 30096 46546 29603 45626 8140 40571 25963 63000 35300 41429 47093 40032 10699 15415 4638 28024 53332 42465 58707 21094 7492 58976 23805 59076 39298 57622 43272 4440 36100 61764 16588 2324 54446 52415 38934 49570 59464 19508 13924 5652 35692 25403 17511 44565 24571 15504 51319 13490 48013 62340 34037 22784 59604 42093 24146 15948 54825 26189 44705 158 61613 18561 57342 18044 12848 1168 55019 21286 21748 30906 12489 53494 36982 42528 37461 11025 22 54197 33552 6009 16511 43840 29681 28217 7799 10540 36204 58883 22254 19122 22437 47983 57443 30609 21116 21225 25224 34817 27911 55080 9094 10900 27588 57264 43009 50259 62907 38921 7830 12620 21056 60323 49994 26525 4571 30714 51882 6608 25940 19954 10604 44980 25241 37225 37058 23539 54434 33813 36575 31657 30752 6274 11690 36547 14480 53012 29436 22182 57117 49307 58155 16333 12355 18893 42515 29794 33865 30031 12038 39081 25232 2846 42184 15747 25056 35056 55714 16190 60997 16976 25296 41360 17868 61598 60095 48616 2846 32982 28970 15109 26862 47555 9936 54418 13683 14601 19033 38833 55686 27399 18613 21264 25280 1607 576 1135 22705 36149 12636 55059 37652 18048 28728 42815 834 46818 57947 14710 17549 48264 49777 20034 25181 19132 58352 54739 58699 35619 18019 37664 32146 10172 56152 60575 44985 17045 20346 33770 19796 47013 4096 30443 4130 28891 45437 4369 12856 32142 61275 7241 8935 9504 34268 36178 15893 23760 14681 5181 46137 37366 243 12411 58466 362 49697 46167 47187 25059 12697 17758 14089 9095 26073 50648 22926 2765 22416 5788 18247 37725 14446 44550 19385 32894 11252 48292 19447 31761 2516 55385 13015 19594 61882 18843 11247 42197 62974 58372 18761 27782 26503 51941 18609 11177 29088 2555 47256 33043 36065 23232 60029 33367 5424 29280 26527 17872 9374 53313 22276 36724 53310 23148 62470 32931 25080 58086 6600 33270 5675 4724 59046 28942 57408 26386 61315 18695 55344 61922 55944 59394 53699 38962 42459 37270 49098 22716 59998 42657 7633 14223 23833 34063 31083 22314 52202 26412 12836 9869 27737 31496 58516 47369 53424 50059 559 3404 49116 36475 47639 12433 54542 53980 42720 33464 29738 5947 17930 7343 28331 54194 32303 26747 41510 57356 12848 9482 49679 34581 38616 57605 4631 22090 56020 45930 13842 7865 15501 48706 15947 61397 31871 44266 39551 20282 3195 31813 57650 52037 36948 7096 50768 42776 19453 45724 27112 26004 35167 19169 42846 53083 4883 31795 1394 7692 51363 12313 60686 17633 51708 55044 7676 61218 29141 30899 8457 51101 18168 8625 27117 20567 11712 21327 6590 24428 2181 36339 44721 25703 53731 16242 5705 41822 43246 45149 30725 7255 46549 52544 21212 44643 49506 50800 41078 4129 15872 61692 46871 47705 19470 59039 36379 59113 18118 1960 52168 34107 44243 43792 9964 45443 53126 31948 62748 14460 4529 18749 23076 21834 19399 43542 8985 20569 41049 8433 23381 32275 17199 20457 18822 42852 30817 41657 21037 6758 47059 42121 50291 8851 57780 34657 12771 54078 49603 16434 61094 33465 20334 3520 54701 29146 11694 7336 62049 9648 14793 22495 40128 24735 22431 23806 47399 50061 52059 33478 54893 14199 49504 31505 55942 57270 50826 56779 30859 43069 48323 58144 9241 29458 31449 8895 41578 15630 6362 27457 62735 6277 1915 15215 22974 16890 50426 42036 36246 10951 51445 53538 55383 22773 50713 14399 18312 48099 6206 35722 57587 31138 20925 25810 49664 42983 43959 41584 33000 30930 55606 17366 59181 36359 1620 16075 15623 34498 30717 58267 57274 40206 34046 55690 35673 46894 38182 11471 41397 52187 21723 6763 10481 11469 9200 45971 23537 47739 39625 12787 24439 33060 19550 25750 52043 43721 57104 35605 55669 5983 12035 43777 25794 42305 33574 27866 10953 58961 46100 3893 20973 60581 14923 54063 37493 41768 14972 3591 51171 15115 908 874 35257 33791 5414 18211 50023 30675 24169 20732 49269 19394 19392 8050 20610 36629 6072 44843 12009 29286 42491 42373 15394 14197 4943 27452 62546 20897 25011 34869 49745 24986 52421 4146 22216 19775 30124 672 7146 42174 38957 13849 42964 62489 13128 33733 15900 3157 34509 60748 58399 5941 14772 48349 59207 17811 13162 41154 34948 61350 48275 24298 61324 23921 60094 57513 2116 33926 26222 13032 3149 24948 21965 8660 20384 16480 58111 9454 5384 11261 28515 55097 16312 61451 36322 10491 972 16441 5396 10978 33779 25895 32210 36063 22418 16054 53846 43120 4977 16776 38964 32126 10286 13562 30057 40116 7599 33024 58077 32211 40284 2648 33188 25882 55037 42809 35079 1909 41732 23471 41643 18081 55556 55615 17789 62984 7883 55929 39651 51522 3190 59802 56174 18501 54742 19928 60090 4782 18453 53888 46433 54648 56436 22575 2955 35115 35199 21063 34364 8364 16061 52028 23033 18514 19968 16997 47685 9446 14338 25000 6066 60832 45218 12118 23903 24309 46864 3758 18615 36810 17871 9531 13911 49819 19867 62345 22309 51598 52911 59703 46614 42490 45440 55846 36328 43009 14260 12026 5293 12158 31055 48766 58577 24472 62473 23439 31414 46549 56052 60087 15122 35194 6291 29168 8677 55465 58366 39010 20885 35169 38795 809 34890 19370 36121 36542 51828 32402 38557 30756 2197 27234 58713 53491 43526 29609 22768 37027 27278 30383 37890 38031 58476 48666 2925 46956 30283 29422 59198 25078 32671 15686 17286 45403 33268 62931 50575 56480 51934 15674 16526 57208 43195 4050 16516 18870 31118 1764 34779 46306 12309 48697 33495 18144 21752 21202 17476 18670 14936 35823 32676 54778 22971 41555 42014 37872 23408 44671 39011 28314 5224 51577 23674 62049 33930 28899 18870 7497 47727 17135 28416 60164 5006 35657 45144 36488 17902 62948 60645 27545 56666 61580 6347 48514 60002 52301 1010 39897 19243 26646 22148 23164 24531 4338 36072 61246 2417 38143 51110 1412 15624 18180 4128 20810 22492 43393 46752 39787 44036 54471 54657 27538 53661 44925 3454 24801 32719 6566 18128 19599 42016 5507 61282 58426 19305 3493 46248 30196 28647 43590 26985 20139 20373 58669 51154 9311 37357 62093 61800 52662 38269 6195 26243 15544 37327 24859 12691 29893 35524 17685 11599 57182 59794 56405 8625 52950 34814 17713 58673 13651 16864 42413 35548 441 32533 56546 34266 7269 4511 61914 37403 6914 13377 30797 46147 1404 14692 32507 29346 49908 9087 58758 37619 57983 44170 2539 5005 31513 59265 25052 11682 26025 14953 50929 47466 2323 6286 1331 2680 25901 4098 27130 51949 30953 6328 40215 1983 50607 58738 47933 34359 25419 4633 48793 5359 48649 8274 62702 11578 54724 36366 16375 14898 32389 9124 48945 26466 32308 9914 8533 8427 5802 49343 50121 22491 51775 3260 42250 1307 46345 19488 44306 46394 62704 6358 52395 39454 17144 39453 26131 12527 54351 24685 22471 4355 54630 59667 28080 32617 52323 3117 12405 48475 2817 15622 45358 57833 29808 48566 4052 52499 59891 36169 42099 9904 32399 4407 6861 53967 46435 34372 51119 5980 5581 25250 18396 40459 28919 46100 2652 2917 47470 32752 33182 25363 13613 31113 51049 52435 47693 50089 22478 22296 54371 52216 35348 49549 19022 10993 31450 22958 22191 33996 56910 31505 21033 14624 12298 59714 29343 31171 47776 32439 36155 32160 28048 8030 22204 22974 51517 20324 47582 3352 59716 56524 11018 4914 10100 20085 52057 23300 29261 20531 15010 16072 29755 59721 29188 55823 26040 51633 53455 42067 41575 8996 48444 11977 27137 49397 60642 36683 53551 3783 62701 31167 56848 60541 41664 33627 22615 7173 25645 21383 12309 5402 404 28492 34533 27914 20242 60036 20409 18627 46938 27167 6113 51524 54536 49143 59870 20906 52806 37022 62248 31942 9113 5257 10530 57211 44496 3320 21990 58877 9053 35017 51152 44409 37482 58664 45777 8333 39603 8635 55267 55023 62371 1670 52985 2913 445 49301 61128 48041 56523 14216 26596 9341 34024 12309 32926 37985 25603 11875 60459 16683 61655 36423 60118 59875 57315 13578 16525 4510 28103 24 54297 40594 33485 24757 24419 13026 22467 14416 59861 52812 19391 5096 31846 42705 59487 7630 19224 55750 45122 50779 38767 57587 29601 62884 24911 28131 58406 50826 54590 30001 35854 40845 60608 6370 28286 12564 36286 37271 3551 11174 26246 13409 17580 38825 6341 8168 13098 52206 41892 14745 22388 37132 56987 56793 36828 36568 34869 56220 38190 57402 33874 40513 40854 54928 44728 57315 19679 11341 35405 45361 52996 15302 12561 44670 9740 42071 27296 47065 60841 37432 817 14584 6505 35254 57457 20515 41746 256 21409 6446 3140 21122 22948 56528 24209 25979 14465 51803 13396 10062 43003 17823 17785 2877 12589 61799 16011 54454 50608 61880 11413 62581 8156 5500 11714 976 44476 45782 45541 6844 51524 2529 46713 33893 1954 40971 43237 47029 2165 39588 20325 53921 9048 34828 28566 41221 42251 14612 51416 20861 14967 59580 34612 40504 12042 9306 44921 35631 48490 6690 4660 40251 62203 2858 23817 20437 4025 41202 4703 15557 58823 58008 29850 9674 49594 38913 24351 25978 25185 48359 6961 3144 62200 58483 61627 23620 47061 42019 31862 45735 13099 19215 51647 62885 43271 37134 37087 54310 25511 19271 52519 4646 18471 16686 48057 12325 17584 15360 52610 55603 14163 4369 48382 50125 6650 11882 8029 48613 36655 58175 58566 60247 55252 53330 6968 24273 2253 9690 34451 6858 11978 51407 61455 14524 60099 25788 38835 12378 30697 12247 31475 61161 57096 46831 50729 61290 3213 2798 11401 16211 45191 27651 43837 35274 47569 33438 55984 9512 42583 37639 57077 21280 11628 51038 32896 16302 6920 662 41194 6650 15187 8857 37502 9765 1850 32599 26427 53208 61930 49064 18243 18152 13883 16115 62590 1383 23328 53735 39866 48390 44533 35838 24352 31073 33614 51991 25679 44443 33945 13406 7642 60003 46591 32970 51124 24560 53124 17886 41515 57984 41808 22231 1047 23240 17606 53150 58475 48646 48215 45274 26911 58316 37230 57169 1495 39016 43408 3623 14921 38517 30350 62111 76 42276 52977 52885 14281 47436 27123 34149 14810 58890 62383 7712 486 38912 28656 1859 42965 12977 47953 608 47060 41540 8267 5889 19639 53399 12704 2615 56883 47852 60271 31316 56342 48465 1863 37876 46072 46755 9212 2612 36554 14082 57385 49972 55322 12975 17698 10111 320 40707 7533 5791 17565 5095 15592 11455 25702 36628 53921 37138 25415 15698 539 2343 35023 4180 33931 17150 21731 57476 48046 29243 62135 23926 44506 22793 58664 55510 49365 37845 30459 33769 45175 60857 30589 18706 24026 51497 2537 2722 6510 32957 26690 60372 11699 15082 21657 6696 62144 3477 22605 12665 40667 3686 18532 30629 60458 44367 23224 19814 55079 20986 10224 38469 3240 28272 54407 56560 3469 13428 33622 15310 1236 30160 26223 32444 38458 36472 12396 38308 42211 53945 42259 15877 53076 33532 8606 43262 16744 45207 6519 1412 44364 44288 50126 57588 2503 35014 62526 4852 18326 51155 54169 10351 53324 44161 48228 21628 45497 27804 2383 53800 32693 27499 28731 25328 14807 23223 7970 44164 60342 52745 16754 33508 32059 52684 61622 26044 11244 20634 28100 47340 5051 1238 7826 56666 61739 61116 13391 18132 33534 49246 26375 44075 31194 55872 24144 26617 24783 13318 25861 2906 40999 61950 14780 58993 33706 2080 38307 2394 58656 47610 12418 2493 61302 31643 53478 51101 30744 32763 49575 4315 35983 18293 13216 7154 20829 58507 62185 61146 50921 20876 33450 28523 3703 19403 2490 44008 48682 52350 13964 42167 39123 50120 51416 11188 40741 40695 55836 15339 19313 32143 3783 12425 58945 26283 54252 52484 48230 27767 48664 15976 39582 54562 23274 47408 57785 8313 40726 34514 16364 18460 33900 33149 33134 31844 23288 46253 56810 45643 17997 19689 17523 15621 50463 27079 39310 16457 48916 38489 44072 9877 20278 46571 12169 43097 36832 5128 42886 10608 3855 58231 1405 10830 49105 23938 44796 50966 34456 52649 25777 32216 61261 59947 1846 45866 7079 3810 18903 8836 31751 17787 17873 43834 50001 33532 27422 41852 7941 45236 25481 13371 58552 43694 20389 26469 8684 13346 60718 4109 33512 52239 3719 59174 3150 10251 24496 26322 49109 28341 42280 52814 29982 35813 18238 29798 9969 45108 37749 47484 41516 15444 46344 15610 45529 48894 13539 838 19380 26608 3316 32777 49114 62535 15140 55457 27013 6070 54535 48241 22370 23433 60770 51391 57328 39890 5334 17995 8225 58449 28363 42563 11435 3845 11249 561 33775 32976 2837 26768 34213 32611 61769 9158 57003 53911 22771 57060 6798 15367 5770 14928 54902 7134 56479 13587 45203 26475 11543 16646 12979 21356 31878 54131 61415 60169 45570 20233 44597 7828 59462 50927 42312 32414 2539 22223 42371 21874 60478 15430 35645 56208 11336 29308 41051 32063 18111 28504 30328 40787 6639 378 46334 49363 34319 10525 8668 30678 26974 46044 35085 11324 22743 57805 32782 30584 20973 55986 46602 13083 46057 18229 18757 24324 52878 53478 44262 45605 61208 59649 45979 48032 44518 16348 15537 42632 27360 51707 1804 42083 60548 45900 34749 42403 56720 21300 15931 42407 33572 41670 25059 39235 26856 9988 57366 21213 56129 3139 41718 42878 53359 5783 39788 30946 26882 11126 10885 34001 28931 1218 40889 19598 40545 36850 6875 25107 6011 30844 6358 31522 59553 18994 54703 33632 20556 38940 3282 57101 26579 40625 62602 38022 58077 33752 34806 33430 50309 44184 50992 12136 45408 62694 25233 53293 24085 20578 22462 40449 33609 44627 7733 37479 14295 27796 35320 6463 11730 56979 48688 9815 45249 37476 1093 28471 24481 50371 33138 1073 22343 31863 14697 7207 62933 5583 32678 61727 62964 51012 25210 16484 53048 40775 36657 41813 34822 37653 62073 9800 9509 14628 44868 14957 51063 6334 42757 36491 27724 9586 58160 36627 35267 4267 40763 17482 26757 44983 28909 55686 18172 44389 5214 8214 51007 30966 16607 57765 12754 1325 30452 29020 11164 57185 29617 4978 29785 9804 9829 3693 48291 55415 36072 33164 22370 46612 34972 23185 62 15991 13700 1143 14463 44441 14178 26470 22856 5013 26819 59694 26532 20692 55237 36049 62027 7800 42154 364 41565 42255 24871 6472 25849 40320 39917 13581 41648 48766 18148 61990 42690 55517 28960 52434 55898 46196 18813 47997 32855 47628 8780 3717 18857 44157 18868 11011 5055 31527 18312 44684 2953 50520 31559 13729 49073 17849 9970 1230 36403 10386 34432 27782 4731 54965 2194 34888 54223 55991 21734 7411 45419 17639 57231 4251 46541 43514 59987 58153 24457 27426 38958 60978 45350 3803 15335 19435 47975 52251 43391 26210 578 60401 53476 8717 62829 17340 18869 20900 37095 10842 10809 52173 15978 25955 19296 45300 31875 34919 27920 31407 56701 50653 22172 56043 10286 43802 19915 52335 37462 40296 5466 25016 8412 10854 61743 45603 27164 8378 41242 23389 5629 61118 60996 54043 60818 49173 41995 46089 57219 24721 10388 53143 48142 57418 41923 60185 57985 28233 1053 62304 53718 57484 8010 59092 3080 54520 13708 54970 17352 45672 50026 33181 37728 4917 45079 41619 36432 31341 42786 170 56769 50394 46089 12388 39951 45142 58475 49405 41905 61252 45194 62866 41768 30353 51151 42390 20479 60233 41159 22782 15619 54199 43169 33299 38693 40078 17110 56215 56326 61007 35355 42010 19427 55606 50598 52488 133 3792 52057 60780 38009 54198 28660 40030 48274 52977 11893 41060 5809 38955 34137 32398 57289 59302 10649 20492 44241 61749 29738 20578 41823 36218 12248 631 40456 17936 27071 44230 40299 29604 6103 1332 289 60909 41578 
