// periodic
// number of jobs
1
// pi
50
// Cycle
100
// aperiodic
// number of jobs
1000
// pi
85 45 36 23 2 49 79 5 3 85 6 91 11 64 76 85 97 3 41 11 89 5 42 34 8 93 63 45 20 25 27 9 32 55 79 58 90 1 52 74 31 69 38 6 57 51 87 36 79 76 83 39 27 14 65 25 17 61 70 20 18 73 97 91 5 82 71 39 86 37 65 31 42 34 49 23 33 96 88 50 96 68 87 90 47 67 45 8 20 44 33 49 98 93 35 56 27 50 15 49 80 79 94 75 64 76 37 88 44 69 54 40 30 33 35 40 95 8 87 26 76 65 46 43 68 55 8 19 38 19 16 73 96 61 96 99 73 96 83 64 47 47 71 33 72 38 28 90 5 34 64 6 69 44 39 73 80 29 53 80 14 60 19 88 25 28 89 35 80 11 9 22 55 21 38 70 5 35 48 70 92 37 91 97 84 11 83 88 31 59 73 86 92 21 31 10 90 46 73 60 85 12 60 18 12 13 3 14 83 38 73 75 83 26 45 32 20 18 35 31 97 88 58 59 85 77 51 73 59 1 89 23 10 58 14 65 64 86 70 4 39 23 34 26 39 81 83 22 18 64 74 67 78 7 10 98 9 65 72 44 4 69 13 91 62 3 85 34 81 76 22 60 96 34 63 79 40 99 39 20 46 42 79 70 83 86 22 65 50 25 43 32 40 88 44 34 96 61 45 44 64 83 16 82 47 47 90 35 28 69 3 53 62 43 94 99 11 90 37 30 49 24 87 98 78 32 94 7 37 11 90 7 17 38 13 2 45 31 43 94 27 98 34 99 55 87 25 59 6 54 23 86 62 75 32 45 17 41 50 10 1 30 80 55 2 93 75 28 4 53 60 86 43 86 23 52 87 71 99 72 75 62 65 45 2 5 61 91 41 25 89 40 66 12 85 59 63 1 51 30 93 79 49 80 43 11 16 19 55 96 22 91 26 71 1 37 36 70 76 70 38 42 45 72 41 14 97 77 52 44 35 96 21 6 55 64 21 41 75 40 72 78 30 79 45 41 69 49 79 15 35 5 53 50 22 59 75 20 15 68 30 15 68 76 36 44 94 1 68 49 12 42 90 48 12 26 14 12 35 21 1 33 40 22 1 21 86 28 69 36 80 48 83 35 38 73 81 81 4 96 72 96 65 58 51 86 45 81 86 28 75 47 4 44 3 12 72 57 53 22 51 45 15 75 74 27 64 70 14 19 17 33 90 32 4 35 6 31 89 84 7 51 10 99 18 25 46 44 32 60 89 32 60 23 48 6 99 2 94 23 45 48 21 26 33 2 23 18 48 45 66 60 60 77 62 97 75 91 98 64 57 18 30 48 33 74 17 38 91 29 60 58 99 33 35 84 63 17 6 62 82 58 29 11 97 1 3 64 10 5 9 77 59 20 40 32 36 44 92 51 9 27 23 94 29 40 50 69 52 77 39 77 48 3 13 47 17 86 75 70 90 92 78 88 28 60 18 58 5 53 87 2 81 69 62 40 7 75 32 83 45 81 53 68 15 75 98 61 35 94 61 13 69 66 84 39 22 67 39 74 57 73 75 42 8 60 71 75 1 75 7 66 16 49 38 94 76 91 57 74 56 85 87 8 71 50 41 30 63 60 88 32 1 53 74 23 20 52 74 20 50 60 97 72 15 15 63 50 53 67 8 1 77 42 60 62 69 68 61 44 39 42 12 83 95 48 29 17 34 21 93 92 31 27 78 47 71 39 1 58 9 95 65 30 83 73 94 6 21 88 76 22 27 64 74 21 58 58 55 57 96 8 3 79 57 76 27 46 72 72 62 23 74 38 28 59 11 70 97 93 51 85 50 86 79 13 86 97 92 13 48 80 63 79 79 20 75 15 1 80 5 77 85 37 61 86 27 73 95 83 2 69 14 90 59 2 38 90 48 30 11 40 90 36 64 12 99 76 95 23 13 86 83 44 71 95 49 60 31 90 51 62 77 39 63 13 33 15 50 66 43 73 4 94 26 6 95 62 96 94 67 31 74 14 29 39 3 28 38 59 55 34 32 86 13 49 6 48 5 73 50 25 78 37 97 46 51 19 58 50 36 71 90 70 96 15 39 24 4 96 16 3 39 28 12 92 95 90 2 11 60 22 96 63 51 5 69 68 23 9 15 96 41 5 39 26 18 70 26 63 11 74 39 71 28 58 91 55 4 69 43 73 97 35 86 19 18 71 90 55 47 82 80 41 69 98 2 38 22 28 46 90 12 9 31 55 75 43 81 17 97 35 3 46 9 39 56 70 15 45 
// di
1581 4978 2275 1100 2787 20 838 3075 2263 1270 4154 3278 4271 4314 4254 2467 4535 572 2636 1096 2297 5 3089 2173 2646 2986 4110 255 1646 4671 2875 3765 4075 3245 1144 3973 3304 3278 510 4350 217 985 764 2170 2993 1867 4518 3959 1947 2176 1788 203 946 4764 2994 1463 1722 2759 826 45 3274 1088 3767 1093 4699 1817 3604 4157 1594 4055 183 2119 4452 2623 4935 2744 1815 1663 4367 2795 837 1719 4014 3485 820 573 4244 4921 3195 1507 4988 2455 186 214 3131 807 1539 850 2654 696 4162 2523 3193 4669 1094 92 4530 2798 4759 1492 2826 3771 845 4873 2973 347 3157 477 3922 1252 967 3493 3217 3460 760 152 2532 278 4084 290 4951 4222 4131 3813 1955 4504 4411 4912 2657 760 900 290 313 3905 1657 436 3387 1226 4990 4462 4169 479 3406 2857 4155 1381 2756 1605 3115 4935 3817 4321 4652 3367 3708 2623 1311 1516 4860 190 2558 156 2106 1604 4344 2714 3892 3456 2799 3818 4744 3874 4515 3759 3028 583 2759 1779 1390 4983 4651 380 3256 3243 3300 3393 2885 1776 4777 4678 259 1310 2964 1096 1417 2591 4460 3147 1258 2942 2382 1387 4099 2024 998 2722 2663 2303 4305 2960 4985 2506 2464 3988 534 3253 1497 975 4231 193 312 2658 4229 4905 1573 1772 795 3053 2500 2363 1242 4920 4469 1010 3089 814 2811 1253 2326 2575 4802 3508 2568 2870 1683 2080 1068 1999 3240 736 2591 2568 574 3377 2410 4289 1777 916 4474 3901 301 3562 3194 4350 2073 979 2316 4214 3386 838 638 901 3018 2522 879 3813 677 4461 4508 4892 2683 4256 1699 4032 2665 3091 4815 1919 3253 331 2343 2920 1318 1495 2752 1642 1542 2131 4878 670 2671 3065 888 3237 3639 4985 4811 1638 3323 2084 3468 94 1766 1845 1993 2368 1487 4533 2641 4341 3517 232 2618 970 2371 3667 1452 1307 892 1947 834 736 669 3986 4629 2937 4499 3175 1290 1865 1091 1284 2346 1929 2386 308 4408 834 2180 4059 4240 953 1061 1566 2169 1388 4454 54 1563 1802 4266 3422 2021 1351 4905 4799 487 3266 1583 1192 2277 1016 1358 3804 64 998 2074 2924 92 814 4765 1148 2236 2855 1555 4480 1483 4000 3702 2970 4339 688 4281 3712 1872 3210 1669 2104 1127 597 487 2683 3262 1500 4983 4535 3134 2361 1018 3189 1884 3514 4773 28 4439 538 2472 2953 639 4685 2358 3876 4562 2828 4241 1332 4882 2871 937 2672 1508 3280 4202 4068 2351 4681 797 1804 4779 2591 3575 1326 2377 3336 1736 4752 2773 3686 4971 4325 2769 2401 4791 4966 2752 2965 2766 719 3469 1570 1057 551 4349 3076 4569 3120 73 726 4059 3384 290 2370 4495 4710 3714 2815 2133 2589 4346 264 2817 2592 3497 65 3272 4730 3552 4885 2147 58 2009 998 4968 2247 4155 1064 1282 2789 105 1199 4255 703 99 4424 4879 3314 4406 2656 3833 4858 2188 2126 432 1619 1635 1807 3507 875 1352 1460 3609 3785 1270 4984 3869 3887 2715 2869 2399 579 2192 75 3787 931 2483 1734 1009 4384 4847 4369 4651 2741 3619 4270 1788 3053 2731 1334 1012 1814 219 835 2456 1359 1969 2807 4885 1817 1778 4386 3319 614 493 796 3953 2117 4090 4263 722 1298 163 1878 1178 4299 4381 3297 4598 1396 2592 1696 3237 4745 4263 4670 3510 2624 1374 239 1717 4841 3523 3752 1014 436 2168 2745 3222 282 1600 3721 4927 2268 4810 759 2313 4646 668 3663 552 4988 3098 1582 4304 2832 701 925 2438 3315 2267 3270 3797 1819 3881 1022 4249 1428 4598 4510 2175 2825 1028 2222 3039 4601 688 516 4378 351 4429 4652 709 4465 3847 1197 3361 489 3955 827 2185 2662 1987 893 3063 581 398 672 1193 4871 3630 1710 125 1992 1012 2659 3616 3764 4105 3527 4384 3743 3716 96 2646 786 3507 4016 3449 1396 2409 2626 1073 2921 1369 2901 1585 2347 2582 2334 380 3401 2091 2195 4202 4343 4889 2104 3776 1113 1830 530 3875 2637 1578 4423 1359 2081 2477 4704 3335 2585 3766 2662 4492 1608 3041 2156 974 3020 2517 2863 1880 1517 2192 3401 4610 660 3646 306 299 3787 773 1010 3842 4097 1939 4329 327 4173 1832 340 4809 4916 2335 1311 2727 4647 4336 3801 3102 264 713 2975 1434 2621 206 1992 3537 3864 3786 2440 563 4233 3807 758 3981 3377 2465 3881 4911 3279 519 4857 2542 2219 3512 894 948 2477 2056 448 1867 4217 4982 1984 3450 3968 2767 2053 2850 3394 3489 500 1125 2817 2256 921 4486 826 85 274 3701 4566 3118 526 121 4517 2186 3129 4246 4166 4863 3236 4544 4667 2468 3804 697 1963 4758 4094 1152 1212 4489 2027 3664 1302 2284 4027 4906 932 923 1331 4416 2313 4424 2308 4424 1108 4211 4771 4338 3769 516 1788 4166 4930 2438 3539 296 842 1583 2577 2456 4107 3027 3465 3023 175 952 4910 962 2482 719 921 2792 1085 1686 430 1694 631 4378 4132 3696 2131 802 97 4148 4967 1116 4010 1187 4428 1498 3123 3510 4199 3169 4525 2499 2253 4911 4929 760 2413 2099 4006 3333 896 4279 4724 4739 539 1512 2312 3576 56 2267 1144 3297 10 976 1830 4705 776 2462 1913 1430 783 1917 2861 3073 2155 475 366 1994 4312 4670 794 3188 1536 503 2569 2753 1213 3838 2345 2820 3463 2475 498 1970 4308 3465 4521 4958 1391 4396 1673 4096 1570 333 1382 83 1605 4424 242 3806 1746 1050 1584 4957 1247 803 3675 1589 210 232 908 1408 2760 663 2905 1469 2882 1042 610 416 2506 3217 777 3559 1983 4187 624 3418 4872 300 1508 4035 3209 
