// periodic
// number of jobs
1
// pi
30
// Cycle
100
// aperiodic
// number of jobs
10000
// pi
8 24 23 138 33 31 120 34 55 59 13 111 82 50 3 97 117 47 7 116 87 68 89 47 76 88 1 49 76 67 23 126 34 139 87 137 102 43 117 115 97 120 124 133 109 75 1 129 40 33 122 47 12 63 53 8 65 91 57 15 138 53 49 85 87 19 89 40 40 124 35 43 80 66 1 75 63 33 120 63 100 2 103 21 10 7 110 7 107 40 18 82 11 85 43 65 68 137 22 102 107 76 57 55 9 105 87 54 90 114 104 66 27 11 131 43 138 88 111 38 3 139 39 60 15 37 72 24 126 108 47 27 119 6 135 11 18 41 40 119 138 80 67 52 106 11 73 112 75 66 13 49 127 44 57 88 49 36 45 106 83 124 108 27 125 35 97 100 102 40 104 82 134 84 127 54 44 134 117 26 7 28 88 18 68 122 17 107 54 80 74 70 63 27 119 81 66 125 36 107 85 106 56 87 52 118 87 53 77 3 98 24 138 62 18 49 110 51 3 15 89 114 107 7 28 10 72 45 97 55 114 34 25 60 106 123 37 85 126 11 9 64 101 35 28 21 55 115 11 137 131 132 87 135 24 123 54 103 52 2 6 25 124 53 62 64 43 98 28 63 82 7 46 14 124 135 69 130 19 42 38 21 7 40 34 91 8 110 35 25 28 43 69 37 82 53 8 28 31 96 113 125 61 83 62 93 108 75 22 100 12 99 100 125 134 4 26 73 119 132 132 50 113 108 4 101 100 134 94 46 118 57 81 115 119 95 64 34 59 45 19 32 72 129 10 9 12 121 111 107 32 115 15 102 6 13 128 24 89 95 65 120 134 100 17 47 138 24 25 102 126 21 75 19 13 108 19 115 116 89 90 51 121 77 7 73 41 29 13 102 138 62 70 117 67 132 65 65 136 42 32 53 29 111 12 42 59 111 79 89 115 45 75 85 128 58 47 31 20 93 27 89 101 87 30 92 1 135 121 28 76 93 40 2 64 67 43 96 60 31 114 129 56 45 61 128 93 93 111 113 68 9 72 52 93 126 43 93 38 42 104 131 32 22 119 112 6 57 47 99 16 94 16 19 109 50 7 48 90 91 53 25 68 54 97 103 46 92 74 92 30 61 36 9 36 20 113 98 85 72 25 79 108 42 128 59 71 58 53 61 77 42 8 64 32 66 136 9 11 8 34 87 85 1 92 103 28 24 66 69 65 44 12 31 60 86 80 123 117 63 30 129 116 137 59 103 131 73 49 75 49 9 39 11 51 112 2 34 24 120 32 18 9 52 65 50 133 45 25 61 14 86 135 97 95 120 74 114 41 103 123 88 69 62 7 87 45 125 69 65 130 16 67 12 29 6 19 48 106 1 74 16 134 122 109 73 77 50 8 78 137 64 103 23 6 20 2 115 50 96 54 89 71 136 61 138 84 131 35 3 40 136 108 73 107 28 19 134 93 65 116 120 103 17 104 130 26 60 117 19 53 105 129 63 123 123 33 1 80 58 119 114 61 62 58 75 62 103 116 35 47 37 127 138 118 20 35 105 8 134 61 21 136 107 2 137 39 84 61 20 35 71 72 16 68 101 44 30 81 30 42 54 57 77 112 84 83 42 57 60 128 28 95 32 97 12 32 1 40 123 83 45 56 13 53 60 50 89 36 40 133 109 26 37 31 27 97 64 12 12 77 66 111 14 33 23 47 101 25 16 21 24 37 95 117 21 65 138 139 32 48 29 87 108 80 46 34 117 113 9 116 75 43 35 117 58 23 92 57 54 124 10 29 119 3 73 36 29 72 1 72 101 82 40 14 10 5 26 94 130 54 64 89 137 20 104 65 134 130 90 134 115 89 22 13 130 134 67 12 106 55 116 63 79 9 83 74 137 25 54 55 92 30 84 135 123 126 18 71 20 57 74 20 71 96 63 71 108 84 120 114 7 109 63 5 55 53 89 115 114 95 80 88 66 31 50 109 37 94 23 54 132 117 94 42 25 118 39 93 116 111 74 130 21 94 4 19 9 101 57 54 15 118 24 83 40 106 135 13 77 61 72 15 118 35 48 124 24 39 3 69 65 10 53 121 103 76 76 74 90 74 72 124 21 15 130 107 35 107 106 45 84 101 68 104 88 13 28 134 126 93 37 15 46 55 117 53 9 59 112 15 97 139 44 6 112 13 69 84 108 2 2 124 75 24 127 11 32 28 55 5 128 11 31 100 39 44 116 109 139 132 82 36 40 87 113 72 78 11 136 53 132 44 116 121 57 30 117 19 42 93 72 40 37 87 66 77 23 111 69 111 49 70 59 129 8 103 62 3 90 43 87 1 77 30 82 44 75 13 136 68 131 10 118 102 101 45 54 27 70 98 125 118 58 105 72 39 94 10 75 70 58 82 138 115 49 137 70 23 18 63 45 60 107 75 127 66 125 76 42 32 108 35 4 113 4 41 22 64 118 105 32 52 79 120 36 48 119 10 119 87 27 89 7 75 101 116 31 13 39 83 78 57 100 42 66 28 65 36 29 102 29 98 61 25 30 82 66 32 92 92 129 132 68 57 97 39 1 124 139 72 67 133 134 19 76 58 44 112 119 136 133 35 58 109 36 101 46 29 102 3 19 77 53 23 16 75 94 84 130 91 60 10 112 112 120 24 84 48 20 127 49 23 93 118 11 56 15 85 9 137 139 135 7 51 57 101 116 34 80 77 108 129 4 19 68 101 129 71 64 7 6 13 122 72 116 9 86 78 71 85 20 2 77 91 59 130 121 101 51 11 4 9 72 10 122 110 65 34 52 131 118 53 134 120 108 67 105 69 102 18 110 22 135 51 83 135 89 91 42 13 90 76 3 8 43 77 48 89 84 34 77 127 111 81 18 111 137 119 85 128 63 129 47 36 70 24 124 138 106 44 114 96 29 67 3 81 113 28 55 77 83 86 47 122 82 90 133 39 130 49 35 96 43 127 6 108 38 13 74 103 84 88 106 40 61 44 111 22 27 109 79 89 84 94 118 70 76 19 51 5 34 84 85 55 112 118 2 55 56 126 49 79 64 129 78 137 97 2 88 49 99 66 40 24 129 25 115 78 42 85 55 102 61 18 28 133 89 118 68 6 43 73 77 39 61 39 22 2 129 47 88 133 90 8 58 65 93 120 9 71 42 1 112 48 71 37 71 19 73 120 100 47 114 92 77 51 93 36 86 125 85 63 101 35 74 97 51 113 100 26 93 76 10 106 79 106 103 89 45 83 11 13 25 13 124 105 120 71 113 88 86 2 134 113 129 45 113 11 41 133 72 102 99 137 19 69 71 60 62 100 132 121 55 53 13 78 51 99 65 77 44 11 97 53 62 96 59 53 31 6 123 80 39 108 111 124 51 115 50 139 78 122 83 130 81 119 13 75 60 73 38 90 63 118 91 71 98 46 116 70 80 124 129 72 37 104 100 139 23 66 10 77 122 116 37 109 90 106 138 101 103 25 53 98 125 4 32 95 87 6 60 122 58 100 78 59 67 113 104 83 84 45 14 104 47 122 97 61 80 120 99 65 13 110 77 98 116 75 102 19 98 3 7 31 34 34 39 54 11 3 69 86 7 113 44 22 8 37 42 108 77 64 121 85 85 46 78 99 22 69 47 119 44 95 87 9 112 118 11 64 119 126 108 98 85 1 106 13 105 17 76 27 13 43 114 72 10 98 77 35 80 94 29 39 13 50 45 11 64 99 22 126 56 58 13 38 91 85 23 22 88 136 4 22 131 43 120 25 109 69 135 100 34 73 32 58 48 26 79 10 66 16 117 119 28 1 99 40 120 133 38 37 68 26 31 17 22 76 98 90 138 58 101 13 63 78 133 90 58 100 49 97 116 53 18 11 118 84 72 25 128 8 126 121 23 22 78 12 119 46 64 119 77 81 54 87 72 78 112 38 138 1 89 85 62 76 63 27 88 86 106 43 111 91 104 115 56 62 34 38 48 114 1 85 89 33 35 128 118 18 138 38 125 4 136 106 32 108 138 138 52 46 113 109 129 11 15 16 26 40 90 11 101 42 58 27 18 28 46 119 67 134 42 20 66 126 87 107 72 124 100 116 61 81 92 53 117 102 122 133 104 73 27 83 109 63 7 43 101 107 137 96 14 53 105 66 53 86 121 133 137 9 44 97 67 66 55 85 32 34 84 97 71 11 20 22 118 17 129 41 12 33 42 34 29 126 18 64 62 112 100 63 106 113 85 30 133 112 88 8 118 51 134 53 91 84 88 117 78 35 50 80 31 4 36 115 124 49 109 99 122 13 30 87 91 45 115 63 12 27 6 4 16 33 34 61 66 110 136 102 1 100 55 35 36 14 68 45 103 2 71 107 72 139 108 100 68 28 67 124 57 116 23 38 56 29 25 35 123 10 129 22 20 22 16 91 30 66 86 41 101 71 70 98 103 33 9 9 37 70 58 72 17 41 105 35 65 3 137 135 134 33 29 133 131 13 121 84 121 54 31 45 72 61 44 31 115 23 38 46 13 65 94 54 99 13 16 109 90 85 12 121 37 87 26 64 105 118 45 32 125 139 81 114 113 54 97 104 79 103 129 21 102 64 59 59 99 3 52 38 46 50 11 50 97 40 23 61 58 5 105 34 7 59 53 30 83 115 108 77 110 135 38 94 121 23 22 17 61 113 55 10 4 31 29 116 10 115 123 85 8 119 74 52 51 116 68 64 105 12 139 113 119 108 89 134 16 1 2 103 88 29 49 81 62 56 109 24 36 30 132 116 103 13 78 83 112 14 109 78 88 68 106 15 130 91 14 30 43 1 139 114 103 25 88 97 75 17 16 79 53 138 87 26 111 39 125 105 23 99 41 74 90 71 59 138 92 137 48 12 1 108 127 139 113 20 63 2 57 110 111 115 124 43 103 121 85 92 40 13 57 12 111 51 57 130 27 52 29 60 83 80 71 36 4 101 32 100 118 53 96 64 24 113 126 4 65 25 120 3 3 126 21 57 72 85 80 26 112 139 94 76 29 45 47 7 107 70 106 35 36 10 97 85 43 38 27 27 78 77 50 89 11 70 134 139 109 19 22 16 29 30 82 14 95 34 7 58 72 113 45 25 135 82 31 139 68 48 132 21 60 87 95 125 87 30 89 39 136 100 103 97 37 43 98 54 83 101 60 104 41 93 10 65 66 74 59 123 131 106 40 57 120 64 48 79 98 96 44 100 7 81 81 82 138 71 96 41 107 136 122 137 118 36 82 17 71 98 76 12 74 73 139 125 37 127 139 72 72 139 130 12 101 48 61 88 22 40 22 94 65 96 40 116 111 105 33 43 39 90 19 91 137 78 3 92 9 98 76 128 59 115 32 103 33 38 61 73 104 92 82 22 59 71 102 75 92 88 126 89 16 116 66 92 123 127 81 22 105 89 77 22 2 117 25 16 30 3 49 17 22 53 117 27 49 65 93 9 125 56 23 93 88 20 69 61 32 82 40 130 101 44 14 65 10 37 134 47 129 71 68 54 22 132 46 48 102 44 77 108 106 47 5 38 108 69 47 35 5 114 20 60 91 85 37 126 7 81 126 17 68 126 93 5 23 2 117 8 18 23 7 70 89 73 73 47 10 61 63 75 95 81 103 113 48 38 16 123 43 33 60 80 100 32 28 32 92 78 17 30 91 22 19 104 104 136 60 137 100 19 12 6 40 13 44 137 118 119 6 126 122 54 138 47 40 67 131 72 61 128 79 116 62 116 77 65 114 99 9 34 82 48 93 92 44 40 41 23 9 64 50 105 131 43 33 28 135 93 99 28 78 33 26 135 23 117 26 75 75 134 27 127 22 92 46 2 35 86 129 124 47 80 128 43 23 19 16 55 97 102 32 107 70 61 127 23 94 128 33 71 63 38 48 126 14 13 67 77 111 3 117 139 34 27 5 4 125 26 93 102 49 115 44 133 105 129 19 127 130 78 109 132 92 133 35 119 26 84 46 54 111 58 95 67 76 126 112 109 92 119 75 139 26 78 1 17 51 132 57 127 105 57 69 10 79 109 16 21 87 29 81 86 113 13 99 114 88 93 83 51 131 62 22 118 77 86 70 77 112 4 88 75 42 114 110 131 53 13 81 85 92 72 119 59 79 26 113 68 101 96 132 24 4 87 3 27 11 137 117 78 21 70 124 105 55 47 105 81 21 3 3 44 28 79 102 62 43 128 16 40 37 57 48 124 29 136 74 5 127 14 52 37 21 29 84 13 75 79 76 51 71 13 32 47 80 132 99 102 44 64 71 68 63 121 81 12 1 121 58 76 63 5 15 53 87 19 101 30 93 80 92 68 61 135 84 26 111 26 28 38 62 137 118 51 97 117 113 25 78 65 62 102 86 96 89 34 57 20 128 96 123 119 42 127 89 82 43 54 8 58 35 31 5 25 54 96 119 130 83 58 95 101 65 91 16 28 137 114 137 121 108 30 76 52 33 116 93 84 23 94 139 130 92 115 126 19 27 117 64 79 1 118 135 72 98 79 88 123 116 49 84 105 43 55 122 13 25 84 139 96 53 133 93 118 26 56 31 30 73 32 42 6 33 101 87 44 113 128 109 19 31 19 56 42 103 109 120 50 116 27 35 48 69 8 72 48 74 7 87 20 8 120 118 76 106 97 40 21 52 103 23 21 82 136 62 96 2 38 138 46 129 75 92 94 12 80 39 38 19 137 23 61 11 106 41 94 6 32 113 96 109 39 98 11 55 9 91 23 75 126 116 83 101 113 42 29 18 82 104 74 116 10 48 59 81 36 134 12 113 3 34 131 7 13 65 114 27 41 13 46 31 121 75 37 99 82 4 120 6 33 47 126 138 87 113 44 14 62 106 80 20 20 137 100 138 83 118 13 87 88 90 89 30 120 25 119 47 37 40 20 41 128 136 50 100 54 118 62 76 62 43 128 86 132 37 75 11 87 103 81 124 44 89 74 22 14 120 136 32 23 132 68 100 1 100 49 87 129 34 1 51 5 93 81 80 137 130 61 23 5 98 54 72 13 89 12 27 66 110 51 89 129 57 99 121 33 107 65 76 37 131 129 42 10 11 91 39 6 48 25 35 134 83 14 110 10 85 113 13 55 80 12 11 5 3 6 77 89 63 112 4 113 123 68 28 68 42 79 130 76 36 20 78 53 113 47 76 73 77 99 8 18 82 31 120 49 31 107 38 91 36 15 78 14 124 10 134 22 39 117 81 16 4 54 118 77 112 119 90 90 3 102 18 2 56 101 2 119 99 134 69 130 61 97 114 6 49 25 1 25 110 9 36 88 128 109 111 96 93 5 60 93 121 83 76 133 23 97 100 30 14 13 15 10 49 55 126 68 28 40 16 83 1 112 36 39 79 89 12 68 2 66 74 128 25 57 15 52 6 36 47 77 139 89 26 124 129 90 52 133 49 20 61 98 126 103 78 20 44 136 134 108 67 61 55 10 13 39 101 29 78 135 114 16 78 59 116 52 48 107 78 67 43 44 57 132 38 63 115 16 33 107 3 59 106 44 23 4 40 51 51 103 51 32 85 11 90 93 67 129 75 122 96 112 40 83 19 13 35 4 64 105 115 9 111 93 71 81 138 63 55 56 34 69 51 127 82 112 131 119 11 37 46 48 108 80 84 79 113 14 41 29 24 24 128 110 56 40 86 105 105 6 72 113 41 133 40 77 41 56 116 89 78 110 17 19 89 51 114 139 9 65 131 74 24 33 78 131 41 19 28 123 113 117 50 79 102 115 139 117 100 42 95 127 122 129 87 92 56 44 55 120 57 58 117 43 23 25 33 101 134 7 85 87 81 61 10 58 54 8 101 54 67 61 118 1 88 102 25 104 79 109 77 93 68 114 46 84 51 106 40 4 108 96 20 81 94 64 113 71 5 94 57 125 68 110 66 136 9 35 135 111 53 9 27 85 132 71 60 23 80 117 78 48 73 94 74 119 78 50 40 125 112 112 114 100 2 75 14 131 70 107 46 72 124 116 13 79 93 4 58 132 112 75 2 83 78 98 28 126 67 3 29 26 20 137 23 22 126 15 86 85 126 85 95 63 47 15 19 50 109 66 101 42 22 1 33 48 89 76 86 122 99 1 116 101 113 7 135 18 70 29 12 75 124 46 8 84 108 107 118 127 63 111 134 4 84 8 36 18 54 16 59 47 54 112 43 41 38 104 83 115 88 96 82 60 103 16 51 134 121 20 135 119 48 100 107 83 4 77 38 129 46 40 52 106 78 52 115 65 5 89 1 56 130 24 64 52 88 105 9 64 8 37 139 64 15 139 12 134 7 9 94 59 120 21 77 90 73 75 28 77 93 28 100 38 128 61 130 43 100 122 106 128 30 54 26 28 63 60 92 71 1 49 27 82 85 57 13 60 107 134 135 88 28 135 22 10 90 37 124 55 6 134 134 87 37 38 132 81 76 36 109 128 53 91 75 127 22 119 25 118 14 86 53 25 60 62 35 90 104 24 22 13 34 32 73 83 52 59 34 81 112 84 126 80 1 88 101 65 105 41 32 84 102 73 110 46 74 67 74 108 57 135 67 50 62 118 87 111 63 95 82 38 122 54 64 67 1 61 82 135 73 114 3 117 19 38 21 128 99 30 126 112 114 60 9 65 120 114 71 127 30 13 129 100 112 45 90 49 19 37 75 89 110 73 19 70 51 48 20 48 109 75 50 16 73 119 119 135 72 59 110 5 6 114 103 137 75 128 133 64 79 46 37 8 107 56 10 88 74 7 10 31 101 11 95 26 118 123 72 30 135 11 44 42 22 120 17 92 8 79 4 94 29 52 121 51 3 43 1 110 57 67 10 119 67 37 113 22 116 85 76 51 22 77 90 76 119 80 36 31 32 125 118 4 91 119 136 102 48 112 119 23 14 55 72 47 59 9 78 46 22 84 134 112 39 122 73 80 38 98 70 105 52 85 40 67 109 93 92 75 6 83 121 120 85 5 61 35 22 65 52 135 26 101 109 101 7 53 12 92 130 38 105 64 8 131 94 5 119 139 74 96 5 89 93 5 123 96 83 101 96 122 102 92 58 48 33 83 56 38 137 135 80 116 12 80 43 57 82 110 124 43 70 58 53 107 74 127 82 139 86 120 16 96 97 47 37 113 20 25 43 119 109 76 16 130 18 83 22 54 12 120 58 6 82 52 80 109 68 16 55 5 84 134 77 79 54 134 132 112 34 56 96 78 18 57 67 81 50 98 38 89 12 8 9 19 98 34 26 64 19 74 44 127 23 80 68 117 39 75 73 119 86 122 95 54 87 112 15 125 25 3 85 18 13 113 74 129 84 96 3 106 22 53 35 90 118 74 7 1 126 119 50 74 44 11 22 99 65 36 129 29 81 90 33 12 74 19 17 18 14 56 81 82 123 4 19 31 33 61 95 136 67 54 112 93 68 18 129 112 18 18 3 44 70 130 67 57 94 25 137 14 22 102 77 101 116 55 115 109 40 76 137 17 31 26 27 8 83 109 81 49 87 38 34 106 120 54 63 4 122 51 16 6 94 14 16 71 45 27 53 57 137 14 20 132 136 48 46 116 8 130 20 120 104 32 133 33 56 129 111 81 1 27 75 4 131 90 60 108 106 7 101 104 87 94 51 71 77 125 111 7 13 101 73 76 101 81 30 104 117 61 4 30 9 74 27 43 15 5 108 65 24 69 33 8 3 131 83 125 46 88 9 62 2 92 38 51 96 49 93 38 81 8 5 56 32 46 40 66 72 3 49 36 132 73 47 71 57 8 2 70 62 28 2 110 66 82 113 50 36 48 67 47 8 58 79 91 138 77 73 129 8 84 20 101 101 78 131 126 24 89 64 115 129 132 81 6 53 89 33 77 132 32 57 67 49 111 138 31 44 86 8 67 109 57 44 136 19 67 89 37 131 57 110 123 40 57 86 32 74 1 34 67 127 125 13 29 53 91 61 84 104 112 28 15 56 14 105 69 81 116 34 124 80 92 139 66 26 46 3 34 109 120 32 79 15 132 57 97 33 22 3 111 35 126 8 48 62 99 6 52 38 34 9 9 27 126 37 120 7 130 67 122 15 117 135 35 118 52 114 78 132 8 10 102 122 25 47 87 107 113 60 82 122 63 79 71 102 129 114 50 71 116 39 42 61 12 6 130 55 36 91 117 137 123 70 71 115 66 56 31 19 113 74 111 86 50 63 12 42 12 9 103 27 127 70 48 33 86 61 7 13 113 123 65 9 104 16 119 33 33 9 125 63 117 34 71 2 17 111 122 29 77 71 63 4 39 139 109 88 71 126 123 40 7 57 11 117 42 120 53 84 32 70 42 85 28 6 26 128 26 78 51 131 21 88 42 11 10 68 118 53 130 10 59 6 114 46 103 107 134 2 136 93 55 116 112 59 85 109 42 85 135 40 29 45 24 137 134 39 91 73 2 136 109 126 36 115 130 77 52 64 116 24 13 124 12 35 1 117 30 39 72 104 119 69 51 19 124 135 33 127 81 93 13 33 96 61 102 121 79 122 25 107 108 57 79 113 122 124 96 51 35 101 112 12 41 78 138 79 135 123 29 23 51 75 111 80 30 30 24 86 10 58 126 122 117 119 18 111 134 79 44 132 123 76 119 84 25 2 87 41 128 91 104 43 75 6 76 36 133 101 53 13 7 1 46 41 124 29 132 20 41 49 63 126 31 124 136 53 121 124 138 46 94 134 109 44 107 119 138 23 1 27 87 36 41 26 58 96 124 104 110 97 95 49 34 106 15 24 56 51 78 17 6 60 58 55 136 58 32 12 12 58 105 111 108 45 11 128 8 63 89 31 100 138 51 11 69 68 38 105 66 110 44 71 56 58 28 56 66 6 22 25 101 28 4 15 41 107 52 107 62 3 6 19 31 48 81 83 25 16 124 119 5 83 110 48 83 53 36 39 30 121 91 38 56 65 91 21 35 23 116 97 138 13 138 32 97 20 134 58 8 25 132 10 37 31 136 138 28 103 23 48 1 132 102 20 24 114 71 72 35 108 75 78 2 4 130 10 124 99 45 49 51 18 71 93 3 21 11 114 76 14 64 66 69 59 10 111 14 87 109 44 92 89 18 115 87 95 125 88 26 5 29 66 5 93 40 62 56 54 86 61 84 3 118 137 119 19 52 114 50 139 57 36 23 139 29 40 113 41 68 103 76 10 64 24 79 134 63 92 17 16 136 133 77 20 13 13 82 93 55 117 31 41 28 17 25 19 85 58 114 27 25 103 107 115 123 96 47 48 48 110 44 19 36 76 102 61 77 96 56 107 131 34 97 34 130 12 111 37 33 24 132 47 30 24 39 49 98 92 46 16 112 75 124 82 138 136 43 104 19 41 33 130 1 19 138 12 47 127 136 53 4 80 43 70 98 131 36 11 131 103 98 12 37 52 67 90 87 136 45 32 122 22 99 82 66 70 2 5 110 95 74 56 138 40 89 139 96 35 126 101 107 37 61 12 90 135 46 122 25 73 124 69 116 7 137 112 38 102 52 129 114 66 14 69 30 60 54 65 55 42 138 112 40 70 20 124 78 56 4 132 27 126 9 131 45 119 135 78 81 62 121 91 1 56 45 110 87 125 66 17 81 19 65 19 9 39 103 127 111 84 25 130 88 20 82 92 27 91 25 84 98 57 78 83 23 40 66 7 17 10 90 107 131 80 119 84 87 15 121 11 73 5 72 116 81 23 5 8 41 8 112 110 51 43 66 122 29 10 128 75 22 126 18 92 47 82 65 31 79 89 31 48 50 27 37 81 64 19 137 111 92 71 5 47 87 7 70 87 104 115 53 104 35 85 115 103 3 104 89 65 68 45 99 132 40 116 92 110 83 64 119 37 106 100 1 12 100 109 134 45 82 9 33 46 134 90 91 102 64 125 87 35 98 34 21 115 64 37 43 54 102 21 93 129 127 19 52 74 9 25 89 40 88 65 32 91 93 1 133 52 116 13 83 56 102 120 32 49 43 63 62 56 40 49 19 53 131 112 129 58 120 84 16 71 100 109 43 16 92 6 102 68 39 62 87 21 111 18 139 58 42 135 103 38 13 86 47 104 109 94 76 1 38 136 103 124 16 127 106 109 102 106 23 17 74 125 2 87 139 38 99 29 120 10 67 24 14 6 77 32 73 44 55 110 23 107 134 96 43 96 5 72 29 99 40 85 122 53 139 73 3 48 89 23 127 60 27 107 88 55 70 99 62 56 105 81 136 8 100 14 65 91 52 63 121 85 100 90 138 89 125 138 39 51 125 79 31 67 16 122 82 46 109 76 58 5 1 75 60 32 48 120 124 8 31 134 14 53 24 31 55 32 58 90 102 102 61 34 103 65 51 65 69 69 135 87 40 36 102 60 39 68 139 91 99 73 139 74 91 134 6 34 23 102 1 115 6 132 113 57 62 88 113 79 97 119 57 81 32 95 101 121 81 125 110 31 126 113 44 16 72 39 74 12 67 119 124 77 16 37 63 118 52 39 79 2 126 45 100 99 137 37 65 81 123 59 70 58 59 65 11 11 67 109 128 93 77 41 138 39 133 51 94 108 138 51 71 77 99 75 40 43 26 33 120 7 66 62 132 88 51 100 20 8 13 7 119 89 119 27 43 82 45 126 82 48 103 26 123 2 83 55 55 16 134 104 100 12 31 9 67 49 38 93 71 39 136 70 139 136 89 53 117 77 52 82 11 70 130 96 65 137 65 70 12 44 41 137 91 53 62 60 23 125 31 125 101 91 102 116 116 129 45 65 37 48 51 27 37 85 18 138 22 36 10 112 114 39 31 52 129 102 77 19 85 69 100 110 102 31 80 5 71 48 73 31 8 86 61 43 104 55 101 130 67 134 89 100 125 119 92 33 99 120 131 89 5 67 139 130 22 32 123 27 130 87 2 67 12 102 50 50 5 101 108 52 126 14 116 21 109 84 2 42 77 122 24 12 114 11 23 114 69 114 48 99 115 101 9 97 122 134 27 10 37 94 107 23 60 1 126 77 42 9 114 92 113 40 132 6 78 92 78 8 66 15 27 93 57 5 50 111 110 100 100 35 40 51 90 24 3 99 76 124 95 84 110 55 134 120 92 23 54 58 35 80 76 23 26 134 46 58 123 128 103 105 21 84 11 11 58 139 26 15 64 93 136 83 91 116 128 36 123 36 7 20 67 111 11 88 46 42 127 112 57 107 9 8 123 48 68 125 134 78 107 77 50 136 125 137 126 98 22 90 87 65 34 48 86 108 117 38 52 92 139 49 71 135 111 53 34 34 49 126 8 39 74 69 111 70 19 101 2 80 114 131 3 65 132 113 11 59 23 96 6 46 112 124 32 5 59 74 40 62 126 83 42 104 127 11 109 133 19 54 105 59 62 53 124 139 53 88 79 87 3 31 37 49 32 85 70 81 16 96 23 88 24 4 95 108 29 138 79 137 94 46 59 126 70 83 6 106 53 22 64 90 40 126 77 14 88 8 58 98 8 123 49 60 51 86 4 31 45 58 83 68 92 39 126 76 106 66 93 122 84 113 135 117 58 80 64 54 6 76 116 77 133 56 121 49 40 29 65 11 53 41 109 27 52 16 131 80 124 57 139 47 66 8 85 78 86 107 91 109 50 1 113 27 108 45 128 21 22 79 33 85 108 36 134 11 88 37 100 45 126 48 99 22 50 131 32 139 83 83 113 89 87 69 46 101 46 105 24 82 117 7 136 117 9 31 85 64 43 72 98 94 24 36 4 27 129 80 89 83 19 35 21 5 2 93 138 61 7 55 55 50 94 1 42 124 95 54 76 37 24 53 122 67 88 10 41 88 109 131 60 137 137 76 103 61 65 2 17 71 117 86 102 134 113 49 126 138 85 57 88 35 117 123 64 7 123 13 114 127 124 111 86 61 36 42 117 42 19 114 29 2 34 1 70 123 58 51 115 82 108 137 52 74 9 115 59 55 86 88 92 94 132 19 57 34 134 88 21 8 78 90 66 57 28 55 131 59 87 137 78 67 41 97 137 68 121 46 82 37 93 11 78 42 2 58 72 81 85 89 133 18 86 105 3 9 76 80 56 72 69 19 112 10 112 41 8 31 96 7 36 65 77 77 85 32 86 32 86 4 131 56 14 81 42 7 85 76 65 51 71 122 94 85 44 6 40 132 52 131 47 9 89 76 27 22 7 85 77 19 59 62 3 44 94 104 75 57 75 72 21 53 102 7 115 117 22 9 123 28 99 28 10 11 56 45 31 134 23 40 16 107 129 20 86 52 114 71 44 129 16 57 5 97 29 64 70 85 106 91 87 139 103 66 110 99 109 119 65 15 90 9 21 58 45 63 51 56 44 39 136 34 88 67 82 73 83 35 39 33 32 55 48 20 94 109 135 12 72 28 38 27 71 8 44 13 31 3 38 48 4 64 122 45 126 75 118 54 1 21 14 102 48 46 128 104 101 18 37 109 76 98 35 3 64 92 81 132 53 45 30 73 48 19 40 98 93 115 16 41 131 1 11 68 56 18 42 132 102 35 78 109 62 21 128 25 101 40 88 137 59 119 49 49 92 35 101 43 79 25 26 110 23 123 6 57 80 57 92 117 4 62 26 111 32 64 101 85 80 11 39 138 99 133 51 9 36 49 8 5 114 84 40 46 40 129 136 57 93 35 92 104 4 105 32 122 128 116 135 23 124 59 129 99 116 127 24 66 135 64 48 20 97 20 65 117 80 56 23 53 134 78 26 54 70 118 117 83 77 54 5 89 6 80 69 20 110 119 96 114 115 113 130 11 64 60 38 101 112 11 136 120 94 115 2 22 12 22 33 84 12 60 34 33 138 132 76 63 107 109 108 46 19 114 118 94 137 7 8 75 25 39 9 34 60 45 26 75 6 74 41 40 114 41 50 107 129 75 55 131 71 60 56 109 136 17 72 101 45 123 64 68 40 139 6 68 24 86 139 48 102 66 70 76 123 98 31 95 2 122 119 86 81 72 58 42 79 73 5 3 136 69 136 87 92 29 121 93 33 66 12 92 3 13 49 92 123 57 9 78 132 18 69 119 10 130 75 69 55 63 61 10 88 74 3 43 60 121 128 115 121 129 136 43 106 74 55 37 118 113 77 74 32 39 132 120 13 46 81 66 11 45 107 67 115 19 135 119 5 59 128 44 66 1 101 77 129 22 52 85 102 21 104 116 75 110 76 14 133 136 9 120 125 116 94 95 15 53 100 98 33 105 132 126 112 116 7 99 37 116 114 61 120 120 108 115 98 2 72 106 98 122 88 75 96 67 86 42 11 43 31 88 106 88 121 4 37 133 124 8 4 137 5 117 135 41 18 67 73 11 34 116 113 121 107 39 128 136 45 105 76 79 2 1 78 65 111 14 69 66 66 82 139 91 43 18 49 21 1 55 113 78 99 94 86 109 136 38 72 124 51 128 16 22 130 23 33 120 114 26 35 119 85 131 53 86 4 27 79 88 55 77 30 128 39 40 118 15 19 37 84 91 82 114 73 92 29 100 103 124 113 15 98 3 65 102 64 45 88 56 33 18 22 73 132 132 123 114 132 124 117 6 41 103 71 118 114 103 96 73 49 124 137 25 127 20 64 110 23 25 126 3 107 111 78 47 1 89 59 26 123 78 74 30 48 123 6 15 52 95 127 26 121 55 121 135 36 12 31 69 104 35 139 84 69 9 72 64 60 138 109 9 47 17 95 128 43 42 37 8 137 42 126 27 131 79 19 93 49 97 76 129 18 138 91 41 104 46 22 75 63 86 20 133 28 63 71 69 19 35 82 58 44 39 89 109 83 79 132 104 25 112 103 54 69 117 29 137 60 79 9 88 60 129 14 101 77 6 94 70 20 59 81 112 93 126 14 58 89 59 5 118 105 27 17 135 58 12 112 4 134 100 101 93 138 65 3 9 53 132 19 34 68 62 60 71 6 18 128 17 104 102 88 133 126 124 54 36 43 35 124 123 11 95 98 93 28 55 115 135 101 83 75 90 64 68 61 119 56 85 18 70 73 119 71 139 67 121 30 128 67 24 74 92 15 80 42 44 73 52 122 49 47 8 16 115 117 76 116 41 55 107 125 74 112 72 56 10 17 3 91 53 46 59 83 103 93 6 52 95 116 30 19 79 131 96 34 90 47 28 68 6 87 128 15 75 79 95 91 119 40 6 29 137 81 81 122 137 20 18 107 61 86 30 116 23 125 31 10 40 105 96 135 29 2 61 63 81 96 134 81 53 55 126 46 1 112 13 29 28 7 15 71 131 9 29 31 63 13 22 10 122 13 125 76 117 30 79 56 100 90 35 104 108 55 119 9 86 75 21 121 127 18 101 22 67 99 88 102 60 78 77 28 136 86 2 28 40 100 26 75 65 79 36 11 104 89 120 47 62 41 132 54 20 18 42 14 89 64 101 90 127 105 121 137 123 129 33 124 137 118 129 30 42 82 85 63 81 116 37 35 9 129 138 82 94 131 35 68 14 71 55 28 71 15 34 57 102 24 134 39 135 23 25 36 55 8 37 60 130 16 131 128 130 131 110 135 24 33 65 29 87 91 18 119 117 104 131 67 71 118 22 38 54 85 37 34 135 2 122 138 69 115 17 103 91 16 133 32 27 125 17 16 49 129 19 39 77 85 100 92 27 96 105 139 80 63 15 47 64 73 137 108 79 33 56 124 69 23 26 105 15 44 88 88 91 3 128 9 23 100 83 59 11 107 65 129 129 95 86 58 101 21 61 138 106 34 35 132 11 91 45 79 75 128 1 139 76 112 137 44 75 62 3 115 22 82 82 13 22 70 84 115 29 98 126 4 51 93 59 55 122 125 108 60 133 95 78 66 42 68 67 27 36 85 105 101 74 2 111 78 74 23 139 125 13 45 51 74 43 22 114 27 71 132 115 75 93 72 82 105 71 100 13 127 16 106 89 106 47 87 2 45 23 35 18 46 77 20 136 114 122 71 34 6 134 73 92 100 59 38 58 126 17 52 65 84 135 114 118 69 83 81 95 58 85 12 113 114 111 122 112 82 15 88 70 1 120 83 29 117 128 73 100 32 82 100 32 18 126 80 26 66 20 62 111 39 83 135 110 24 50 74 54 80 29 107 124 18 120 52 81 49 57 28 98 126 130 93 118 139 59 19 88 114 40 8 125 115 13 35 74 29 16 126 81 22 25 66 102 58 53 23 129 75 73 61 138 38 92 127 108 111 126 88 88 42 62 113 52 58 69 44 8 72 124 19 12 87 84 107 54 124 107 123 40 58 120 113 109 128 134 8 54 24 19 26 71 10 103 65 34 65 77 96 71 4 30 71 89 16 36 54 31 28 72 88 139 129 7 127 10 13 103 97 139 98 25 91 30 123 109 58 84 91 91 54 50 55 43 4 65 132 3 59 97 103 37 49 31 101 42 44 6 93 8 113 40 88 41 37 71 57 129 6 58 11 39 93 2 107 118 11 127 108 43 50 123 50 16 100 69 31 14 129 77 50 83 85 102 39 118 13 128 62 24 5 106 28 102 102 99 108 37 80 9 45 131 52 76 23 68 116 70 73 79 93 137 41 6 25 78 79 46 69 56 136 66 135 14 96 15 136 14 38 108 106 132 119 49 17 27 85 130 91 24 92 88 101 3 80 2 51 109 47 88 79 98 45 107 89 24 119 65 26 86 54 26 7 26 74 44 24 56 53 4 61 4 6 68 31 55 64 91 83 77 48 50 118 52 130 51 121 81 4 107 81 16 122 130 102 97 34 77 62 106 9 127 121 135 139 93 12 59 48 37 110 86 1 76 30 53 23 69 15 71 102 139 131 36 5 135 94 32 36 26 8 105 129 110 38 27 80 77 4 92 24 116 139 19 58 21 51 128 96 70 35 86 60 99 101 93 53 19 135 11 17 74 28 74 57 51 111 89 3 120 41 115 94 16 115 112 104 86 131 115 11 124 112 8 133 52 96 37 60 23 103 81 71 44 130 4 59 139 73 96 108 42 113 54 120 139 109 77 7 110 54 66 37 52 39 62 130 129 95 78 123 108 125 125 25 43 28 5 6 124 44 78 18 139 53 7 88 93 29 39 40 88 78 76 109 36 75 112 92 43 59 106 114 57 90 63 97 63 125 20 62 49 127 48 101 87 77 126 42 16 41 50 83 129 120 77 58 35 19 107 109 37 2 46 69 139 18 25 70 47 122 9 76 76 25 91 8 33 45 4 115 41 39 29 91 43 44 94 75 19 109 112 113 67 29 80 98 134 62 40 20 24 72 124 80 18 80 128 4 18 3 65 38 117 107 122 95 57 101 32 58 54 11 56 2 111 95 8 49 81 5 93 70 38 45 126 85 54 19 29 52 114 29 12 130 119 65 75 128 7 55 4 76 135 1 93 72 94 109 119 53 3 55 98 123 79 10 108 42 62 110 114 86 110 66 59 21 64 110 134 46 27 29 45 10 132 57 14 124 8 65 76 137 132 30 38 16 122 64 49 128 81 71 65 63 95 133 102 72 111 15 22 116 93 53 19 41 20 122 19 20 52 107 76 108 105 10 129 121 60 11 40 26 112 135 19 92 56 38 84 25 90 42 1 68 20 67 5 100 52 95 118 117 98 128 90 64 118 19 23 114 120 123 100 107 129 110 131 57 99 93 67 115 13 47 66 130 53 44 38 70 102 43 71 132 21 10 27 95 104 139 66 52 47 43 28 107 48 59 42 53 34 124 41 26 20 23 122 10 112 3 11 61 129 8 21 72 56 122 54 99 63 106 36 101 134 74 138 7 116 17 2 54 135 67 138 107 77 117 36 33 61 57 101 76 121 132 54 119 90 114 110 54 139 20 17 33 32 99 51 98 71 28 84 35 115 40 79 101 57 119 35 21 112 35 75 82 56 77 3 100 40 90 113 44 18 23 59 137 5 2 136 53 4 19 72 25 73 124 20 4 112 87 73 93 37 10 41 131 112 85 103 133 127 50 95 82 31 71 65 44 52 50 5 46 87 34 133 97 121 38 63 94 33 32 52 5 72 87 112 78 105 43 46 23 38 55 54 28 126 50 10 4 12 88 44 40 134 37 95 97 41 2 34 78 54 136 44 93 99 83 99 129 8 110 92 54 97 83 42 31 55 85 3 48 133 32 78 113 112 35 45 2 6 32 83 129 21 26 48 111 13 63 111 91 89 16 132 106 118 56 75 119 68 88 20 37 21 88 77 104 21 53 4 25 108 89 119 32 7 63 116 132 13 48 57 96 139 76 110 116 34 5 90 87 102 82 100 101 48 6 23 55 21 128 19 55 1 35 3 93 68 35 95 42 10 81 113 139 124 10 108 41 63 29 73 8 77 119 25 6 9 135 137 27 48 92 78 109 91 59 116 49 6 57 44 42 61 61 129 123 102 114 46 59 11 131 93 29 105 135 12 72 91 97 41 122 103 112 5 25 99 104 44 105 40 91 136 48 8 118 82 1 103 77 109 114 75 75 22 69 136 12 108 94 67 69 96 118 61 37 89 95 101 60 5 95 15 85 45 79 13 116 126 108 89 76 130 30 7 107 129 11 36 63 29 19 12 40 126 64 29 13 48 94 29 95 97 80 73 58 7 7 84 92 34 93 24 52 42 133 125 39 73 43 82 98 76 125 30 45 90 134 125 107 17 64 102 45 37 1 39 47 73 114 36 91 110 63 51 55 137 82 59 96 104 139 49 122 23 40 65 14 98 65 38 94 120 94 113 131 77 12 80 13 86 122 70 129 30 113 42 105 10 5 3 64 72 117 26 68 90 25 59 68 86 134 21 112 62 50 75 44 55 137 55 43 8 137 45 98 135 127 26 21 127 138 31 35 133 53 42 26 32 124 53 60 139 92 65 54 31 72 22 58 24 29 70 123 56 127 30 111 61 57 11 67 112 34 8 22 129 101 9 21 53 71 26 133 95 98 31 80 17 27 67 76 123 118 70 60 122 22 109 46 104 112 90 61 6 34 19 74 96 13 42 44 16 81 40 51 91 88 115 69 43 81 33 115 41 43 93 94 131 45 21 52 41 2 10 67 71 95 116 133 52 10 117 114 77 19 16 31 46 122 75 99 22 18 112 19 49 37 70 88 41 86 66 18 20 3 97 69 86 86 66 6 137 122 128 108 73 108 107 125 138 69 99 129 48 98 10 59 114 54 107 26 28 35 129 38 139 105 30 40 72 47 61 104 4 124 135 40 96 77 114 111 37 7 83 102 102 69 80 63 16 49 50 67 46 39 95 84 41 34 86 52 31 56 109 47 72 52 1 125 93 42 30 2 126 134 115 5 135 106 65 113 38 118 1 45 62 137 32 91 29 105 127 137 25 63 111 77 31 26 73 5 77 61 27 115 15 27 1 138 23 97 127 126 32 133 52 110 55 55 126 45 47 114 2 22 70 102 25 81 107 82 139 101 138 62 74 69 9 127 64 78 134 85 33 73 53 67 101 112 6 102 119 79 43 64 11 65 48 116 7 5 10 117 79 82 34 50 134 132 4 34 23 94 45 60 123 44 119 114 127 83 3 59 111 9 45 49 5 66 98 53 138 90 1 34 87 138 98 125 126 26 78 44 55 102 67 112 131 75 75 19 15 135 80 87 17 104 87 94 53 135 117 34 83 99 35 121 132 70 77 125 86 93 56 71 80 88 81 117 45 49 85 126 82 128 77 11 123 58 64 60 24 47 31 51 63 113 132 29 105 8 117 114 2 137 6 53 73 23 8 22 80 135 121 134 37 96 48 105 43 13 136 29 59 137 102 105 32 17 6 139 102 98 106 121 130 136 47 99 22 5 62 5 52 56 89 14 60 131 27 85 108 112 40 122 48 104 70 115 29 64 54 20 75 91 111 83 121 24 38 73 53 27 85 86 25 67 77 69 124 2 34 48 113 9 95 132 28 25 91 56 21 33 128 69 28 118 120 105 51 1 52 118 120 106 29 116 35 58 102 14 52 25 44 43 25 51 83 112 101 57 14 39 46 79 25 137 99 52 107 93 120 79 122 32 102 46 43 59 87 26 98 135 65 13 134 59 99 117 26 47 37 1 86 120 70 62 117 97 30 4 111 56 100 123 131 106 84 77 22 86 34 12 77 5 49 37 134 137 63 96 33 13 64 66 107 135 101 37 9 139 49 5 71 92 86 16 3 20 125 99 19 92 118 32 8 56 59 21 5 76 83 101 30 131 71 27 62 83 120 81 85 64 16 137 121 5 3 101 54 33 10 14 119 92 54 85 85 95 66 138 32 123 67 1 85 55 2 125 9 101 39 31 12 116 22 45 119 114 60 1 3 114 73 83 51 9 44 47 5 41 129 62 113 71 50 62 99 64 69 43 111 29 13 14 17 99 62 39 104 23 80 50 54 137 98 43 38 17 57 75 69 28 78 108 38 124 67 43 36 14 64 129 54 109 113 20 4 123 95 51 103 20 20 28 123 31 105 97 19 100 97 79 51 113 70 97 71 80 92 54 22 114 89 7 112 133 67 49 16 111 138 119 89 24 37 64 90 27 8 130 67 125 2 118 34 131 62 99 54 40 63 19 121 134 49 68 36 124 124 37 125 84 104 47 109 86 119 21 40 27 111 7 113 29 102 73 9 103 11 135 13 15 104 87 136 124 15 20 26 32 86 135 50 96 117 101 77 23 117 97 2 72 50 82 48 103 133 16 105 49 19 77 88 4 87 33 78 96 102 79 75 35 96 71 133 138 27 72 72 31 90 72 26 99 78 38 120 80 27 7 15 120 41 54 112 128 43 55 62 80 11 19 42 36 24 136 70 111 42 45 131 126 50 136 137 90 118 49 84 47 3 128 11 91 79 20 37 108 104 120 31 111 51 85 96 133 57 72 53 22 84 118 9 92 126 26 111 38 46 128 27 22 59 3 39 35 13 24 66 31 109 137 91 72 133 118 49 47 114 45 122 17 43 76 34 129 3 30 60 65 49 46 113 128 3 98 20 11 89 81 111 92 31 29 38 51 118 49 35 41 103 134 54 39 37 51 109 82 119 56 39 96 66 8 10 40 8 18 84 15 18 84 53 15 37 115 33 95 82 1 78 58 18 99 71 135 61 104 73 72 124 124 35 122 29 20 63 131 129 14 123 66 12 114 94 75 27 127 92 131 95 126 21 98 139 72 1 18 107 77 11 96 29 93 41 44 134 36 130 24 65 57 124 28 96 63 40 51 15 43 55 8 121 110 71 60 115 2 123 76 59 23 20 116 132 116 60 95 118 58 27 95 48 99 103 51 91 110 130 24 66 59 70 69 80 54 112 5 89 67 21 76 40 67 43 6 85 61 78 39 129 3 118 52 87 85 14 87 73 55 70 130 63 85 65 12 68 81 85 67 43 28 11 78 8 30 134 7 25 90 125 33 129 64 52 29 32 42 21 71 128 38 58 135 19 80 82 59 112 44 41 2 122 107 24 44 90 109 72 31 48 128 28 30 4 97 134 132 68 8 18 91 139 67 58 112 109 113 21 23 64 134 139 106 126 121 18 5 76 128 41 98 87 42 67 27 73 123 99 73 39 22 41 125 15 96 96 37 31 109 60 113 107 110 42 
// di
65231 65117 39691 4048 8687 17842 65291 25535 55856 66865 55979 42320 27503 62750 32304 36005 27648 22646 62112 15001 49364 37652 14446 33052 64327 32257 43107 62621 10441 11617 52449 1433 69502 22459 1511 8415 2826 36903 37342 15051 67792 65966 44645 12513 64252 19502 20354 49341 51777 56677 46877 53873 12683 35689 69941 9992 51518 48526 59503 7525 57234 42165 32745 20263 9903 32173 41590 5346 13585 35441 67697 62232 10952 19333 16906 16430 59404 66824 3209 65410 43888 41373 15397 38212 60283 13411 4466 32174 46687 12630 35277 69332 747 51768 6225 9743 4398 68444 17150 60157 51356 38985 60871 31424 31478 54976 16483 56287 64841 54651 25373 62116 40365 39467 29416 4885 53659 64638 53887 12373 28949 13214 32419 55259 9620 44739 56872 12073 38940 10197 48693 56471 31802 15928 18160 63614 17731 55757 66990 59339 9025 12032 17926 50385 52960 18586 2031 60236 29488 40683 60883 10626 25225 34034 11450 32794 56161 12030 10815 41425 29369 63813 33370 67921 69175 63105 17602 16081 31530 63349 26302 53573 55123 17466 33187 62832 4751 43435 36302 6042 58271 35757 55018 62765 8289 582 2593 59512 26132 52835 28974 61504 27462 63329 31514 14681 16122 19056 34416 39797 59923 60099 17451 37568 40480 40080 44578 27435 220 11894 12827 3804 185 32799 12201 24845 31580 37051 45729 54851 39031 1962 5336 60777 51361 60974 45227 3044 28566 33357 35669 18740 7138 53830 22897 16257 36356 7900 23721 57575 17102 42464 56280 19465 45861 2197 8635 40164 60 31848 21091 26284 24223 59393 54173 17681 28167 47530 63604 361 49539 44109 35872 41418 21079 2201 38922 47090 50114 33991 56712 33508 40555 13999 39147 68415 26219 55188 25797 30906 42698 41171 7347 54509 50183 7595 21222 40619 69868 36186 13372 55637 68522 40487 30872 55675 17713 37194 18740 32840 15929 11420 60492 61546 17827 69498 4746 40437 6892 60869 54872 27612 58819 56470 49199 61395 40964 64339 5853 43355 9216 64622 607 69616 4376 47819 67744 3715 44550 20449 45605 43934 4305 31926 37933 6118 40298 39066 9791 64791 47390 23615 2175 68134 39996 52146 50570 39757 9502 51184 10874 41814 64162 65874 8202 38414 68437 26483 53232 50156 50315 54018 25652 67016 5652 31941 40090 9104 30633 54071 29594 10549 53228 12789 46538 42974 43505 41030 14495 19018 8249 48571 64019 32803 18881 30092 13112 28384 47897 50488 23941 18547 69504 34161 15642 2501 8233 25807 26453 34893 54830 55978 37674 47838 38615 1999 586 38717 27143 36576 24603 33756 707 27542 64076 31740 60584 54426 53718 49762 6173 8988 43293 64302 13596 35847 63832 21508 66273 59613 42857 39954 12360 49229 37947 15000 40077 47336 58551 17114 57857 12505 69103 16816 15223 6633 63771 60779 21593 26895 16165 881 24168 14703 27281 62007 65765 55423 22032 69064 44531 36249 30327 66901 6981 34434 39213 8012 3962 64144 55433 61857 57337 27648 53816 41423 40975 20782 54349 66266 69477 13814 13747 16786 69918 9754 59609 32127 60912 11995 27001 6054 39303 9941 34041 38494 29119 2812 20926 26773 45070 4643 9036 39902 40456 53230 22444 47234 43724 41368 7101 9112 9436 4159 56359 39192 47287 53938 15800 32476 37579 18307 67052 65541 11874 8372 58204 55332 43205 64982 34232 67409 53051 60177 44290 6524 50714 30205 59714 38274 42988 2394 26046 9392 21411 53123 49307 48094 12224 36972 21518 12896 30842 44659 3283 8061 46549 35706 31475 21649 41741 27421 14817 53625 45329 68740 66948 8798 31488 46220 24034 12 1304 15008 28667 24111 47123 17562 52884 12526 64309 46900 24354 31319 69085 69977 44038 20889 55322 49145 17628 61635 51823 29703 15855 1982 22330 67568 27981 42720 13000 23626 45779 28278 4065 29493 44526 54070 21498 63655 5919 59167 21535 46429 26848 34082 35155 47291 27112 1491 48439 4154 41011 57101 44273 55356 2201 10270 13803 20992 50899 66802 11623 48919 61952 58495 29330 63496 34542 23093 31355 50242 3377 1892 5672 51464 19296 50997 11803 35411 25296 45885 49782 37971 30761 63967 14259 47137 33301 22998 13302 3240 32111 4120 21090 34540 56139 58513 60523 52599 1679 12405 31534 52057 2951 66197 46754 40851 1521 19078 60372 40378 22913 57092 36407 8018 2034 64520 21937 3207 45689 29205 4419 25777 14148 39107 41018 31151 3604 60358 44675 23276 9116 63563 36142 35546 62787 20797 49148 13428 11336 34840 10853 41615 64893 53695 62262 27243 7373 28476 35898 32741 10235 53576 33229 5493 42648 8577 42233 66245 50338 15279 31160 51769 40284 8341 40835 64990 16957 65955 28532 54239 57593 42748 39446 21367 29557 24278 27520 46343 16615 50127 22286 41244 10172 37430 5131 53425 31883 63672 24780 62523 66390 1615 21651 52720 19828 29199 47879 63090 27928 46071 60313 59334 9051 32114 40788 36000 51626 65084 67709 21109 43966 18670 5900 52830 61906 61319 25391 51264 19697 52363 35758 5989 52709 34047 7128 57165 36473 31527 2878 29455 26874 64917 67174 15704 43654 8607 57092 15233 22692 24763 21694 36822 27862 39558 52674 46111 57102 40591 41380 39525 62019 56696 9807 46291 3925 53548 24417 21524 12092 45540 2647 46201 13949 11771 58517 9588 57982 28543 43548 62374 28483 4842 39636 39622 46986 23009 9908 2674 50976 45969 44464 35954 54892 55648 65878 8830 27441 20779 30034 31296 14156 66344 32151 11018 33234 59924 15024 21454 67682 32981 48091 38366 19773 26169 57966 26771 821 69928 5850 62928 35318 1076 40404 14150 4047 31782 27545 22634 38800 18500 7110 29290 33558 11815 57317 31176 33414 65810 35353 18236 33248 30036 63273 60637 39860 13448 1442 12712 27197 61257 55172 57905 64144 27377 56573 10127 40680 41846 15999 21132 14182 34421 18882 43050 21402 50250 46447 54138 30065 13052 67444 64420 14026 54037 25172 18846 52189 12258 14976 19339 53127 32157 12427 55187 44711 452 19725 25264 61718 26449 28349 4327 49443 23101 55394 2537 44461 24443 62954 13849 27372 69268 36353 45894 26877 21066 16664 55464 63836 22834 37861 5241 4171 8808 28259 49020 14726 10418 15806 54160 46425 67745 17492 5041 57812 32096 23830 69088 37194 13845 33385 66197 20438 9393 62067 67336 28700 48786 23043 58428 46233 11447 27843 25589 60358 49842 20648 26792 40905 17011 41728 18526 57740 16484 65967 14164 41263 65346 19605 28594 67448 58563 30042 42918 25891 56547 51845 40271 26667 66686 57470 21346 28745 62 150 17529 6949 67065 10295 53986 37404 25305 59035 52086 24265 68476 48014 5736 16079 10973 48588 33956 9172 62563 62008 13173 12654 17758 28639 35146 62735 17774 22220 3578 33103 15464 69808 1278 34740 8814 32470 37707 48424 69632 8425 49073 40492 35854 9829 9600 51391 28858 26458 28011 7364 960 50480 26679 31078 28147 31663 16698 69186 69200 16309 29008 59484 63544 33174 63748 49265 49105 19300 34969 15643 4462 17704 60180 37268 56259 49945 11840 12815 21958 49402 13296 48965 37345 63628 62811 54739 6180 49750 22208 4136 25126 61402 44228 23336 56923 32067 55847 67681 65816 37417 44202 36907 66136 37687 43560 5951 32912 15796 447 69365 51538 1112 7048 68790 33117 34684 6434 2447 13424 28332 41441 14210 28535 28654 57600 40323 19388 4191 32310 25540 44932 15384 61149 38228 18404 45252 110 60392 10366 27504 53261 23724 64723 61212 56813 40861 26356 8981 52225 40245 20995 4028 994 5737 51037 63719 15029 36039 27214 35809 65625 7626 52439 33634 12001 48568 32476 43295 12287 69489 31782 68747 18655 36995 57550 40146 30567 13502 3209 29836 6508 24081 41362 15989 18356 906 67361 54845 52289 26713 42874 62903 24128 14885 69804 60358 32905 21186 65750 23480 12298 16309 32771 3401 17358 62845 49532 14507 21903 17293 63277 7482 26979 55141 58462 8906 24582 6402 69199 4454 20660 44074 16528 16208 1591 17858 56093 36843 52300 28938 67802 42544 190 39420 64500 62646 14852 27397 67869 525 53250 54936 13389 42173 59850 2920 44628 6853 52883 64858 29405 18217 18738 14364 53741 7559 56103 39403 45330 58715 42321 54391 30243 44217 34296 55499 57165 41726 57146 44968 15035 15383 61211 46696 48373 45693 64853 52396 20117 64725 8284 12096 65628 7859 30972 11917 50301 66280 55936 38414 64777 55779 39736 7017 64859 62083 21248 43623 4956 68153 16297 41426 24412 31164 51824 3732 35470 59181 40464 60076 51162 64201 35492 20327 1188 44191 19280 49350 1111 7646 35920 29534 47016 53543 51598 44178 2984 19757 39545 44824 5037 29871 42097 29323 45560 40974 64210 48154 9761 30131 20976 4610 41885 36944 55407 38323 9639 55127 48559 17250 55184 14323 13558 38547 60094 5645 33869 41484 65662 630 50541 19204 7084 21613 39185 3907 47145 10290 8553 49671 46707 30074 66419 5890 51995 26643 41757 57496 35536 31634 16628 48038 54444 58363 67690 13416 24328 36100 8711 14886 28134 27195 5761 25882 12910 139 1712 23551 51704 47444 66967 33699 46611 66902 46574 54385 27244 32948 9458 14652 18096 66759 9574 27931 9445 56701 5037 8760 28371 42836 36232 38832 43592 9254 53209 43850 34432 1337 60062 16405 803 6111 20477 18634 16624 20175 21796 22517 1918 58801 24866 27133 17517 62484 14250 1036 43079 61433 64670 65006 33112 52290 41736 11205 62643 50389 7624 49772 27750 36374 65394 45320 18280 37979 23594 39162 68439 7832 7229 34008 5731 47330 50638 68371 13403 6683 54653 56884 38061 10226 64092 48264 27084 38825 53019 57380 39920 1754 4322 21674 45928 18773 60489 36864 26442 64465 1531 27137 11471 45582 50711 55549 21442 35770 32842 1784 25980 29406 68231 18367 37497 6552 37843 37882 4041 61241 38982 16970 59805 53926 36033 60428 10777 28985 21863 69758 51703 27748 43771 37146 39042 17632 40689 24686 67531 61490 40171 25956 58613 44475 47732 49783 10067 53947 53085 15967 7963 40567 11281 34497 38772 11882 47292 58059 3279 49837 47783 63130 1582 1591 25834 2325 14785 6912 66665 46412 17522 54812 30372 12098 51601 5304 37809 39607 52786 29343 11890 36507 43325 40074 5057 46264 50543 67014 1551 62281 54859 14271 62163 48043 21962 45435 54089 18098 45663 18989 17398 21145 47999 52306 15831 2110 28660 61690 43843 53880 3749 9219 4378 9589 46426 61980 58370 35090 8512 56660 5134 41163 55471 25555 22363 54411 66967 21519 57813 55824 34345 19802 65684 37065 40760 36553 16909 45778 43225 7332 64493 46898 42688 62358 64632 62699 51522 42913 55790 19842 22058 63577 56004 63487 64963 50976 5822 47384 22365 31917 13218 40246 6128 64705 68570 62854 17412 20175 12222 41453 35760 36046 36599 22595 24491 38115 877 503 9143 836 66442 5413 24336 42896 9860 28965 10238 69097 29577 56825 51038 8845 21208 61567 50744 21166 57063 24083 15362 16969 56014 41396 18708 38073 9691 27866 59974 54725 16414 52498 42090 58965 54628 37413 32692 49587 32453 15084 69555 40439 55427 67149 46568 43951 60111 1188 62688 46358 3320 51402 873 51538 58458 42894 8252 27989 36313 44864 46363 19116 14134 622 30016 33353 46580 54055 9328 11177 62869 50918 27590 45162 44899 24119 32496 28278 1824 56434 32051 59991 8591 17140 59408 11825 49298 58057 5977 19084 44062 20975 17497 39056 11340 5233 45824 28135 60443 63218 61422 3717 37467 64193 45544 49847 36664 55467 34790 67085 22392 53479 13302 31383 46274 48781 17006 59753 29970 69191 10883 68520 35870 37252 38411 67020 11979 11776 25829 49284 2158 18875 29490 23197 40075 33973 24616 12387 69420 20342 3627 12953 29875 23560 66618 25822 24084 7324 32247 46568 25642 18053 23516 11990 43566 46622 25222 61583 33616 68558 17928 14144 26856 52299 29232 34643 18199 14334 61712 24143 1265 700 28777 52126 25497 58258 43540 1654 10868 27862 43303 49861 2966 59735 32642 21390 25350 44974 64143 26723 5906 69539 42736 38512 17342 23757 23954 39054 9736 7058 45314 5067 38076 30262 26345 69602 7385 52342 5331 39538 48597 44759 41417 5018 18495 33573 15181 35262 68154 16781 36210 67520 51042 55358 27201 39506 36839 52218 37521 5244 9518 67360 15800 22332 2346 65754 66677 39258 20953 45891 30293 48537 51342 35851 53367 55672 60590 19385 64882 62186 22913 67457 56669 17889 49787 16801 60243 26770 12502 47596 45614 33624 62118 24727 15014 51218 44463 58283 6389 33546 2112 36740 69186 42386 23178 63210 11874 5281 30985 43213 48236 5688 40430 32610 66693 26445 47923 25593 45272 44843 30641 40621 56312 6314 9904 32276 48930 66146 3354 45115 45301 14706 57285 23780 7608 47750 61987 36670 5454 22318 26183 27641 33052 63844 20085 7282 6028 33941 52198 19304 36447 10808 46065 48632 24179 65293 52 4643 4338 23141 7527 25133 32226 24745 10049 57810 10204 13868 31254 38365 40621 17785 22161 66768 8153 64437 52380 63286 59015 65361 20176 4902 20298 34621 66048 20981 58426 21824 62276 16162 40505 55364 54416 49502 34081 10846 53636 18078 53845 8004 22791 40936 22760 67355 9427 56855 344 65985 45480 52833 59930 50017 56575 29934 38195 6678 23410 39358 35888 44471 43357 49257 44082 11627 35181 40116 54338 48281 30360 11809 62031 18828 51746 39007 50623 35399 13158 54217 60548 38925 25622 2505 28384 4469 68728 3748 15380 35182 23983 48560 61124 28312 56888 61383 21689 14221 1106 21302 57115 20383 37589 10172 44097 12442 17824 28233 58432 3118 23740 30317 14456 23669 62392 7611 29049 21601 15724 40496 15390 66963 12376 27628 51422 17359 68339 7340 3115 29846 27134 12054 61449 24047 58941 43550 10446 25951 49491 56761 33688 42781 7674 60064 22659 51294 29935 68057 56902 7037 41655 27918 4643 7752 39679 12811 10113 15008 6072 55378 58803 22802 46537 21146 31286 33180 64873 35335 24670 36383 46273 54199 5742 56328 52417 29243 19245 26486 48046 37720 40597 27016 45127 27538 8996 49160 60966 44919 61049 40988 3449 1601 3685 3685 57069 45244 12115 57933 8714 43577 57537 31376 47804 55734 3221 13995 8860 5983 17050 19152 3626 56733 12327 16480 28679 30268 14558 60333 65525 4869 60495 13824 27644 54567 42184 17820 28223 39998 44155 42167 68270 39263 66809 45727 6001 65020 17331 42697 15063 21963 23504 57948 43496 60329 55814 22052 46448 22800 1448 58859 21972 5241 53009 46902 30496 27503 15973 52379 37936 57978 11549 1338 31871 23990 47877 31579 47954 62261 52476 5495 30534 55567 2987 54771 20340 48621 66116 1518 56000 63764 60442 55671 59877 7399 12981 23961 67622 14941 36041 40726 4681 20118 25999 18922 63490 37038 18521 32438 7462 58171 66756 3434 5402 61138 33245 43015 25716 41931 65949 5129 42970 52971 36241 1314 11366 11285 37265 56528 59894 208 34795 67679 45477 26155 44321 336 3154 13379 12676 24435 8645 59515 39388 42031 11811 35325 47479 37805 33741 11933 56764 28342 544 34106 32618 40274 44193 30573 47603 14445 35305 15309 3378 26229 66939 60671 43282 64519 13006 37121 15708 59836 18077 49891 17246 18595 66711 10924 67019 1747 8031 7622 24318 28943 37860 51336 49799 55810 29231 3441 23348 18330 65065 20508 57549 40351 12303 27031 64284 67744 58628 30807 30414 37180 50774 68905 39347 58745 5929 22859 65211 69787 67216 65802 49469 68885 64313 7866 52785 36886 53351 18160 2782 32117 7360 25667 7827 28644 63909 38925 50784 67259 65482 6247 30202 64320 68881 45975 35073 30898 68581 24281 41843 10862 57794 27680 42776 7561 15784 53472 27890 16589 64421 43303 15908 13582 30334 37180 45967 33918 58847 49884 66339 44461 26241 19138 47872 14766 25100 42578 7934 56472 54429 5565 18975 7136 4570 6965 61970 59436 373 21236 47167 8648 19413 57132 33634 53967 7949 51269 1934 2182 67865 24815 48742 33400 27236 42537 69859 13535 51548 34305 25080 11300 41418 54274 17399 56772 261 18740 58838 1362 15217 46280 25617 54302 43241 1067 63333 46734 38083 54006 16374 55786 52054 62600 68783 28346 28772 20105 53082 327 43997 6714 33823 61940 26078 62262 53800 10350 53473 13912 50752 33134 6402 66499 27656 9006 19469 45367 8145 42895 33510 20925 4216 64723 65388 30138 1731 22367 24289 21198 22517 22363 68884 50461 42420 22261 62068 16073 32905 10366 47899 10012 43137 51748 17330 67904 32597 24428 19437 12286 10697 9015 53005 52472 54891 65553 63623 69587 1050 60759 4036 43980 20282 28165 28091 51696 8546 56490 14413 10196 68124 43603 51359 33199 18625 7036 54341 49105 28255 49830 20065 65916 51508 33138 36334 24307 47717 47731 37904 41034 17396 12006 4653 49583 2154 17012 58799 7294 65576 22893 67275 14212 52776 35391 40237 5757 21088 12547 6171 603 13398 51601 61629 29569 12394 60294 24464 22620 66229 31459 48027 31105 21956 18519 61111 56123 31599 47145 65807 14021 6705 59648 37191 30400 69376 19737 61146 13217 294 12000 10551 9907 45796 50312 33999 64148 63248 19355 22164 55969 17889 14956 25761 47138 36933 44187 40017 46084 62930 68112 1003 22016 45378 33667 50825 4639 58085 41318 39619 6523 45864 57774 27604 33474 16233 66663 56114 48209 8371 43024 68720 55668 40559 22306 27792 52666 14577 69992 49018 40627 65109 36060 48545 4621 32724 36096 55164 27793 23693 69106 9224 44168 37798 45711 40830 3144 40992 56379 34796 41965 25913 15804 61410 57254 68747 41706 62710 24478 5897 34780 41507 44436 53560 11767 34756 25560 40519 51360 39189 20584 22561 60915 11552 65810 40010 27595 10255 56408 68486 18244 37391 27842 53767 53317 49898 12004 56910 66123 21325 67393 45402 15471 7279 63243 368 66132 27066 24448 69457 40925 2160 39639 145 52877 50665 28318 37546 25346 41101 47114 50010 13759 32804 62566 36810 1264 32494 42913 11808 27634 38928 6079 6201 30717 45694 62372 56143 46242 15856 25129 21198 50302 18991 12397 55330 5101 62879 66668 27760 7981 63690 49140 20823 67338 43724 55892 40947 37742 50178 19768 61242 43287 17180 54576 43131 59473 57197 24234 39001 50683 255 56150 28027 65469 31360 54443 20844 738 33556 37528 44835 58633 10769 39880 47649 6557 39130 16985 688 13662 65929 68749 23041 50710 11745 15747 326 47952 185 4612 23537 37585 8349 29454 59444 44136 17211 16481 4649 17995 53196 24171 36741 4882 23303 7363 66758 48660 26108 8821 61559 4235 20660 46803 32189 28426 27563 5963 31165 56888 66269 37314 32144 44707 63822 62585 6778 18080 50176 63620 23193 56254 13976 61452 42526 18205 42565 37318 63532 44950 13564 40466 39016 6034 10651 8820 54906 805 17109 13103 40857 60392 22068 10819 28532 4786 52237 30321 56389 57464 32401 4096 44140 20663 68340 11569 23273 42742 28895 16189 6267 69367 22767 12976 40823 53058 83 43467 47083 28902 48414 57397 18762 10351 28014 62123 27665 42226 13390 22433 54326 68110 66601 4763 51364 12283 31646 8278 43192 57954 68586 63143 36670 48478 59534 39253 23290 18639 17918 67420 67577 66397 69362 58541 50258 19966 41707 52795 23054 61472 62475 47677 32181 10250 8611 24244 22776 65137 9722 1090 59357 31996 61011 13501 34150 11427 59503 35072 27620 25584 10109 61522 45614 5380 6688 9524 41357 41527 40148 48737 42908 18752 10361 32353 13791 26395 53213 24227 40449 32817 11534 29561 28542 32841 46302 68978 11084 63034 24583 10306 54884 13295 14826 56087 25822 67575 1775 65340 7152 67762 59743 53017 7028 44717 11288 68405 44172 28654 64788 8896 13498 18954 17258 69491 43722 24982 31604 10609 12857 14413 52570 61762 13956 5418 44865 1941 39011 3204 46174 1067 28728 50319 22097 9032 3987 29272 31502 50977 10630 57285 45455 15510 43732 45250 17076 36246 21173 61820 66790 50066 33689 48323 41004 25814 68306 63245 8068 46020 52707 35497 58678 45038 14455 35548 16866 18637 59062 60446 64161 54981 20251 22254 13631 51954 16023 39272 25315 18101 50785 24135 24679 32616 14731 60186 20360 32504 62637 60522 21317 23012 34516 17616 46269 63507 2081 62862 19805 14320 35786 67843 52453 7025 54850 43774 44227 4147 57662 45046 54025 50468 67710 22136 59640 27892 22255 57583 54438 6873 19452 16444 37966 44729 26927 16611 58441 29329 30429 41079 27553 20338 30582 66115 51033 1137 43611 50709 43483 41059 42656 20638 63766 34002 49021 41731 33323 35884 13298 26053 24540 27927 69100 17025 58857 2677 12375 18634 24620 21993 63473 34153 8566 36680 36114 23637 51491 28505 29468 52981 66229 54581 11637 19157 41733 63399 16457 68924 30871 30463 59331 817 10083 15638 68748 24718 15707 44496 46102 45575 23623 38502 44595 4666 38528 16692 822 3362 2419 60778 22594 35972 54565 58367 5543 12279 58180 31438 67899 49138 587 48506 29091 32021 45920 61404 58372 34158 61084 37295 28015 193 51 53359 55999 72 910 6581 32037 28357 66788 8994 50022 8478 1045 62667 17762 53331 59901 47076 19949 42708 29042 48323 8774 42454 51223 7788 13372 65287 10442 20765 46950 39019 17158 40751 10318 52448 69375 24910 51881 58754 3880 32472 40975 1403 49292 31221 4724 38995 51127 66210 32003 59158 19449 43978 32368 18355 45269 50811 46482 39464 8183 22070 17997 9990 68415 31161 37121 67941 68391 7876 11123 39070 3445 17659 31750 24336 30515 23362 43978 9302 3596 16348 23995 64857 52609 63595 29717 62939 66384 17477 21375 42297 46907 55905 4099 15833 22692 44516 32179 38905 50953 14917 63902 61905 46312 62130 67180 69679 59922 31698 14597 17469 63524 30542 46342 65938 42376 52415 63157 9577 30382 30399 57394 6061 12343 48633 5576 26708 15379 64100 43883 53701 52945 18044 30592 4807 23406 8158 50489 32720 17549 39578 44807 40295 64158 65876 22630 62262 39785 18020 9344 1511 22336 30254 13297 17986 67639 11944 20739 5183 27852 26535 51291 64181 22014 32759 67344 46486 1689 54889 15408 32788 25024 56257 61605 6515 68817 48144 30293 45222 56482 12494 52184 54484 30111 17310 55126 45474 44364 57105 23408 34942 7127 40765 25791 37637 51065 26989 36190 59285 62086 33572 48824 60209 4537 8057 67862 29353 7180 26020 34789 16141 64140 68846 26408 35208 8117 34301 49323 9290 2515 57947 45660 62037 10767 40482 67068 1732 39930 61921 38224 27134 53873 31283 31777 19024 49631 28536 28288 4062 58648 48960 24732 42609 18049 29750 20095 59979 23569 6400 17770 14751 84 48066 36365 28566 65958 42185 69106 19341 14602 45807 53165 25620 18928 68611 40187 33346 36778 16064 57400 15752 64161 28435 24944 12243 29845 53734 12663 66254 9087 63861 43163 3751 24979 19440 53924 37559 34208 46621 57020 60003 14366 11947 55840 40150 36363 66385 53707 38640 20843 39817 29806 30061 66860 49994 60807 33032 45082 8400 42806 32018 12425 12290 1247 41977 5943 10784 52670 16311 65663 24218 68521 26416 29790 530 65625 22130 28429 59566 697 39467 52926 16026 23432 23128 39756 65777 23156 38438 17474 51679 43843 46719 66856 46222 7473 51796 10307 16964 30445 19754 58770 4336 56464 659 10348 35032 24974 26289 66160 22594 54172 12492 48703 53428 59655 39695 44512 58911 64253 2505 43189 61329 59899 29903 14151 34148 26345 51419 47539 28460 38688 16929 15413 23501 61192 33933 33272 38883 45026 62113 37618 42518 37713 31137 10875 58266 30621 69200 23679 7910 60201 22090 58213 64075 69574 11247 11422 3576 9838 33470 43518 67708 54831 51169 22324 38648 55442 67669 19635 7983 60837 8679 8341 46672 14037 42454 8754 68189 21665 12563 61836 2900 33860 65625 47657 38729 10281 42698 52788 41559 24763 58022 21482 46560 4324 615 2939 29463 5332 24870 3720 8986 43857 54956 11807 28945 33031 42035 36971 5471 55780 1556 20259 64669 36315 16151 35997 21584 24375 25484 22829 52049 53663 1012 39076 54956 51989 3403 66292 39499 13322 28507 13908 21804 36952 51685 29196 41789 19752 1238 66169 64174 49141 48089 37852 7928 62253 62404 17838 69325 49910 53615 65978 9402 65507 53706 65318 44588 26705 60834 26696 26572 38009 29382 44760 11560 12850 53534 28613 20280 38172 53928 50039 62233 41034 60513 24879 48432 14108 21346 37557 62821 37521 57377 48659 46080 49539 4731 69751 14468 31920 27571 57316 26425 59509 25205 50794 21099 66931 1223 18608 52972 35971 18751 15501 16286 24179 22541 26706 23246 68650 65704 48184 16734 44276 27223 57789 67476 68972 66502 59822 55478 31619 36664 10339 11824 45966 16093 2980 30393 18163 50236 51766 66683 11029 14774 26682 10616 55798 42233 57947 45248 8642 54815 20669 45909 4975 58680 61671 40790 52447 66920 4211 42394 4435 36560 41162 29732 54495 62510 4799 15775 32586 68713 69636 64214 24569 45145 24363 2132 22233 11236 61581 4232 11525 4868 49052 17093 6654 1133 35940 43940 16903 8732 32296 32770 55884 3401 6580 42620 17484 36165 60793 5006 5932 65042 27040 48069 5942 37849 37656 15236 41913 62586 15037 4281 52014 45002 68039 55619 60265 39213 2733 17974 45775 64045 2335 49899 43454 31002 6650 50267 34532 27943 41318 65577 23164 40426 18252 25884 55046 33698 43989 37514 17569 3967 64343 68361 51687 48065 29709 54889 17064 13705 53820 3739 9807 35762 41175 40257 31826 23497 18176 16102 34470 40948 61890 58581 51952 62577 65910 55471 52806 22963 34066 7877 11839 23619 27061 47439 60439 11522 9533 58947 48503 12141 62627 63446 39048 21378 66703 995 34873 7460 23689 64827 69967 29856 17602 36965 19552 21977 66928 69860 31580 27954 52505 50783 7684 63598 27507 24418 40418 63194 6180 3593 33856 61598 55408 21970 26879 54687 4520 39569 29500 28524 34779 64446 44598 22308 40646 58395 45885 7924 33888 15644 16859 63909 32491 16170 22832 32824 23206 34996 45878 62308 52084 4069 20951 25644 17561 13999 41948 67261 23196 59300 58457 34380 15653 59380 60702 35812 2641 63343 9138 12379 11710 16123 33067 68014 40639 32480 43655 62365 14446 35800 37104 56440 36876 69489 68280 57185 32293 19548 21978 3569 67400 31267 29032 22691 57274 7264 64784 51888 38138 4491 35055 12526 12454 12572 47627 29408 44425 22698 20640 39551 9265 68826 42837 55200 2219 41269 6259 38959 67434 54935 48322 6859 44655 64220 31881 18979 55286 6614 25982 22859 17859 15254 38444 46947 64424 63544 8522 2948 24127 32593 17102 66333 17389 9589 45668 66954 33103 32185 10407 69686 2129 25045 62826 47092 11247 23238 30720 69197 39869 15740 10646 49363 41755 18507 28394 38754 69737 44955 46998 17968 43614 8119 22957 31291 22715 41090 14858 3142 33112 34446 129 54791 49567 36733 36107 65369 30048 54524 42834 66986 29559 12635 48917 47593 41423 8428 43749 62128 61666 67177 12357 854 17400 31644 46532 27246 52031 68327 61959 26284 20377 69816 69661 62516 40465 64180 56240 52153 4663 31514 32221 69803 33262 66843 66028 46630 56024 26263 49593 13537 56023 34376 22892 25793 6222 12427 30345 28939 22076 31376 8890 39484 33492 18411 56279 20269 12297 690 44896 32223 65340 6324 19274 55029 31149 34446 57515 31916 15588 46168 54995 19155 17816 4862 43734 30422 32870 25603 34040 27053 32776 43015 42406 44222 66528 22879 62671 68467 28969 9645 28059 48236 6444 16479 47728 27299 64641 46973 33494 8997 18035 47173 18607 29816 45393 51463 39800 35305 36912 9597 33589 45332 2263 26050 18299 12138 7672 22627 53888 39323 17837 42493 19195 10501 6641 50645 12055 20364 17352 67091 67096 59825 9808 57826 7562 7587 18150 28249 42336 65034 18812 33124 28850 42016 21713 41261 9433 40256 40073 43021 12441 51709 67500 52708 45758 43425 50237 8172 46030 20074 5233 12329 40213 69980 5698 64861 16482 44658 29048 24004 41198 38334 3523 10372 36745 34124 21155 8054 65870 33008 29939 40661 13634 68543 38388 56816 54619 12241 52246 38485 1909 17593 41470 11133 60880 143 19476 59487 43935 61961 42854 52087 2574 59108 55184 56091 5729 58839 62159 6705 6483 17812 61780 24713 44661 59478 38381 14873 50156 68113 27157 32922 32916 57720 29144 56464 20729 62013 55343 6900 69892 45477 62874 23402 48209 17953 61117 29766 5820 56584 65080 38124 61564 3293 44749 61699 8559 56458 32655 49942 47387 38793 15890 13985 13920 52745 24138 8001 25430 51559 40103 22098 16254 29103 30168 31703 22577 20401 63875 41587 21928 46138 22115 37933 19958 316 6906 1659 41030 40084 16723 69375 30021 41055 2884 3307 14842 24498 24427 55787 35852 28548 6194 21084 40242 8610 3752 10835 792 36842 38609 25927 68606 41583 55199 23623 9217 55675 34497 31707 49931 15806 16635 65306 31469 67182 1 57482 11799 50705 33912 45777 8798 3555 48225 10551 31825 34486 51640 28151 54341 59400 61410 43283 64759 60236 63222 46128 36654 67965 17309 66608 60750 28194 38761 30973 27505 39376 60392 35561 18554 61434 44284 12331 52188 47694 42061 44398 5778 6717 8362 25255 32791 57087 67512 22172 8417 1287 3554 47132 31868 38791 47002 54662 64551 50474 54148 59525 36131 63352 16334 48168 1390 27277 29968 34959 56189 18933 55120 42047 24393 62012 66125 31515 960 30901 47552 46778 60578 23894 45673 4606 51479 50787 12557 28436 46953 18262 37860 36203 68838 17989 19141 13044 59569 23862 51537 45372 14194 65319 44183 37114 68960 8634 26196 24087 32229 26319 60907 42363 10708 21097 54238 18519 43843 49687 59781 14321 61074 58809 30760 67431 63884 47924 11591 51257 13167 9866 33041 67968 68823 4561 52603 48558 35101 41045 68303 32962 64671 26632 43706 61765 17155 33397 42265 7838 10071 67720 15783 26867 19176 66066 41766 23642 60213 24622 51883 60066 5612 54465 44851 29269 23400 67764 61117 66622 29723 36205 12246 58894 47387 38843 17267 6080 45688 61180 23942 29684 32123 61480 67730 5295 10853 25890 51630 26242 66448 18253 85 14756 16975 26078 8775 53971 66635 34376 66076 47724 42053 705 44774 62492 48012 52577 4724 4184 58639 66433 57464 49224 43084 4955 64093 2788 58788 18779 10220 22776 25176 5671 8055 21109 36773 33119 21565 289 5671 59245 11835 10542 39238 41848 24446 68098 11045 60452 5190 4202 26095 8558 26821 27311 10994 58851 18948 31584 2404 45780 2114 51419 39948 63852 40533 68367 54135 32862 49507 39483 10524 14391 10723 61777 47221 44444 42594 36081 6164 21447 16469 49635 34709 47413 66910 61730 69085 46131 13000 41416 51044 1301 26130 61064 60060 22541 9847 1873 37618 15330 61617 42844 33197 18319 28055 5474 54023 4447 2772 30309 10203 25107 46047 30507 52627 11553 43186 29016 43152 47303 15580 18423 25880 36627 57044 994 68757 25434 59565 18669 47250 63984 20912 46050 51286 11851 64485 35510 59422 9607 28205 24028 1983 61382 67307 10724 20824 17401 36129 41525 41956 38025 50749 46978 49092 60289 52149 38686 39436 38878 64639 66353 54132 61278 50143 50279 69347 26891 27680 35518 19379 767 42702 32061 57819 64894 37653 15189 9506 67929 40205 18247 5677 50477 1643 25600 9134 34179 32024 6280 43096 31935 5618 10442 30188 65048 945 43288 39126 21423 33874 61758 44714 22742 49389 68642 44044 25213 56049 44421 51880 48864 22880 47446 23875 63647 36803 9405 9655 57753 41017 26436 1533 33076 59939 21553 57606 14705 10305 6191 46745 44482 19839 40622 54712 66214 61413 27551 22994 38321 30098 52903 47790 61315 3217 17158 10504 24821 22713 18614 56783 32827 46317 49024 30387 21923 56167 9409 40173 60237 52190 22592 57865 66623 18663 21908 36161 33449 17537 50141 1028 35289 47612 65629 63125 69120 2145 56363 3974 63853 20897 65985 12981 48819 7021 22433 32835 51459 42731 16835 29041 59920 44729 32545 57098 40590 22465 48533 55404 60984 31766 34950 32336 30829 10843 5461 60896 51921 54721 39531 65179 16132 52213 30782 41372 15639 30135 795 418 21729 20967 39037 56598 67003 59109 34395 63170 47364 30633 52335 40039 42632 68100 45278 44309 58264 37995 24090 27029 8142 58463 16293 49653 36559 52480 18350 62524 30125 48059 9907 61192 7524 5276 41866 65476 12631 45421 4401 48557 67844 37409 24988 30733 11305 43504 59053 8096 12298 36431 65483 60464 2077 65092 47777 24002 36033 62465 65382 36314 38874 24574 26457 52098 67331 31777 54602 22621 3778 62079 69043 57402 46977 45034 10358 16786 2017 2819 55729 40542 43335 33769 34361 6680 36185 47827 63213 14851 48501 10865 68591 68839 1157 15362 38085 61888 15002 34286 29380 43475 42915 10819 69015 36345 25732 39844 23635 43686 7284 19194 28766 68286 60928 65236 43331 1683 7830 62224 26141 9723 21218 30560 31078 22938 17784 53796 3615 7563 69281 58669 65480 22986 16002 20546 4564 47325 46370 37007 32258 35484 66461 3538 46866 24539 31562 9383 55668 47172 1815 55408 58323 45622 12339 5907 46319 47714 50151 45591 39149 54843 21920 7667 36961 67863 38708 39562 69047 49484 38913 58109 39631 34873 36013 10333 52406 53229 34896 62720 36656 33569 23259 12946 43584 54308 1381 10371 45446 41183 27300 25134 2814 22129 31317 47275 62110 35147 9118 54575 45229 33001 11862 35900 26451 26372 19498 8641 40674 64367 10038 50468 25535 32386 26879 27263 17989 26933 1053 68882 54021 19539 23385 23084 562 57334 21517 46013 53731 16751 35023 45052 11082 52263 16931 24094 12482 18283 18233 28572 9786 19541 7501 31566 28664 24012 16423 55220 11884 4019 59406 65146 15172 69171 24616 5980 18396 32504 18444 49705 18798 12345 25278 58520 16123 9377 14555 48283 40470 59848 34161 34154 62869 59834 23386 56801 17450 24040 16977 32241 59896 2447 17801 1746 31643 50335 54563 22356 42804 64735 37112 9980 66268 40948 27381 8824 65101 36713 24155 47470 51446 4878 26842 28195 65131 34883 8961 45709 62207 28715 63934 30521 21736 28726 15286 26716 4619 48964 62744 28490 59132 14425 39086 67883 49947 7288 65979 27701 12183 14010 64997 14685 55529 56444 18551 41749 9338 52462 40431 64271 23967 26299 20965 4656 49634 61794 52458 43227 40399 62361 1273 54852 981 59717 48972 22611 68539 28747 11486 38628 60818 67077 52897 39503 51281 61571 20020 26932 10889 12011 35144 60571 42097 16543 4175 7694 53909 65052 59557 46360 13395 14795 34947 16114 63711 69154 56109 39942 59268 41259 25462 21654 47354 26842 64199 17637 13963 13190 12423 8758 11659 19347 2209 43357 68414 42281 27126 3011 47961 26321 63975 65847 58840 40718 55839 7185 2368 15483 27990 7938 17001 14419 67484 12686 9949 49881 63222 37055 19014 45212 38619 54510 66676 66076 62315 29575 36334 16000 5515 17276 43132 32485 10280 8127 1810 9381 65915 60442 31025 39685 32772 11814 31475 43104 20256 11813 21108 48897 2724 9980 15889 31531 44655 3681 64796 55169 65683 25681 9575 54787 54716 46377 49015 48378 32552 60705 68329 29337 68705 47089 34504 775 52336 38145 24902 54143 65828 55736 59293 19509 33793 21084 42419 14753 16713 39148 53992 49321 22616 50912 44173 54413 8898 27212 21951 69160 26615 47670 25061 38663 39151 2719 41640 65338 61122 22134 29768 3934 18315 50153 17246 55737 22806 32340 56926 44620 5557 7979 30880 44186 49578 59127 59187 68611 42976 55768 16865 24892 66613 40068 45506 26104 52372 63274 39738 10693 38494 27130 20977 37252 31946 5831 46181 46614 29144 46521 41481 59789 64538 69073 28719 20170 68116 28632 43844 37396 8405 69133 34052 25276 38211 38594 38400 53776 11221 31108 66799 7699 44835 14775 33732 21711 24009 51566 21176 59816 43353 50753 60177 44098 63315 982 60242 16047 60022 24344 56283 28101 26768 3888 6373 20688 46101 34769 16133 39002 4389 58103 9297 20867 11583 48796 61214 28141 22938 16699 65239 5794 9507 40676 42073 25773 2903 54115 26616 3910 55275 63870 43989 59432 858 4903 50338 16691 53555 23176 48690 24627 49745 33549 8371 50385 60130 1738 42191 63671 28242 47455 26429 35832 41276 29208 21138 39224 24346 26232 49023 59968 8023 20510 67566 14016 15258 7883 62596 10943 14694 23124 67895 16604 50441 29134 49291 1496 29854 38111 42767 50810 16712 63088 7481 23532 16414 3603 46574 6566 47312 40176 46481 5280 68466 40371 65811 38053 31969 59250 4203 37229 24293 50037 39627 25278 8283 7974 22635 31765 44403 42399 21480 60506 10297 7699 27163 59434 17024 19329 29001 57696 26605 22479 15586 16565 63001 68049 17682 15049 43104 11471 25801 53874 40418 11936 47822 65947 54289 65406 24439 48875 6802 50986 1043 44289 54274 4437 63028 60751 46897 2906 19518 2580 20750 63154 14568 17446 6782 53310 41983 41972 31779 24974 49347 4001 9439 3720 25301 45081 49400 19106 26932 61419 18719 63469 5127 18488 38151 65550 5505 50701 46216 54832 43449 2942 24435 26726 9133 6967 23983 9230 10433 61890 7960 37767 36416 57868 14639 64659 19023 30060 1163 51005 45235 12845 57082 36687 25698 31944 33018 2376 35344 5363 25873 30659 22780 18705 40314 40765 4840 19325 40044 67512 34083 9599 61755 30391 25934 59475 29362 12787 44841 52439 52423 27335 62047 22848 42965 8718 8610 48300 38901 48188 24864 25872 933 18578 62805 28438 14582 9942 47209 31084 41361 11628 29731 8662 62212 18962 65971 39094 56177 32826 37678 20322 7711 55837 22151 35830 54101 52696 57007 45963 46154 47844 41751 61871 7101 5561 49064 35551 53733 34192 23805 9327 18009 61248 8202 21644 24253 23400 12652 67568 49059 19814 2139 33219 52485 59636 1476 4177 30996 41598 36447 41049 29576 39570 11076 12401 5046 20115 53804 57565 18405 62311 25230 10577 53273 59184 19450 40320 14911 67410 60426 61587 32592 57071 16363 14262 30154 34964 59017 41932 49293 41340 36453 27359 48875 69464 48289 53646 14327 40835 53739 13778 45867 37197 14477 38679 52668 8291 13973 36082 34966 61014 29685 34471 51620 10664 19560 41958 2417 68373 43107 61725 52919 44436 3504 1981 26540 1506 25810 53819 12674 35093 20478 37924 58909 69324 12635 7983 17286 53321 60045 21844 44519 51420 27361 68552 38801 8097 69093 1834 13158 50593 17031 14793 45050 44992 7835 8885 38411 18349 14250 26649 8952 22035 44691 46254 47746 13687 31601 2813 21308 67091 225 21304 21311 62268 55965 36764 10450 63603 24241 39654 44870 68566 44051 56008 30705 28760 22111 34433 4884 21696 12868 51974 12470 3906 28725 27246 54045 11493 49085 64399 54540 34170 38402 39567 21956 14985 34026 47961 65478 69302 28655 25832 7980 17132 32120 31708 28791 22691 46652 14795 24 25269 68850 16463 51582 22420 47594 48637 39420 12087 23626 41388 24160 16327 63968 38175 56680 34798 8895 3077 12172 68042 69073 13245 45728 24418 24523 39793 49702 13223 60719 19327 67353 15262 49300 23230 25215 32711 4534 16900 25827 17954 63687 59878 64764 33414 28087 49799 3717 8447 27872 41166 25330 8690 16578 59138 47133 34392 10071 64795 37812 40068 44483 24647 31535 69848 14754 64278 28788 3408 56193 40964 35513 14456 27208 31891 37084 45363 69552 41556 7212 15649 34537 25509 10526 23276 991 34208 58628 23590 8211 25394 15260 24729 22871 40862 30395 3444 66018 37827 35850 61971 19974 31828 25283 7906 18122 13873 17564 65994 21668 60433 56543 54090 8762 64977 64687 16427 56706 14273 59952 63270 52811 38933 1985 16472 68052 14038 16955 37648 43032 39846 19660 17593 21781 67463 19195 33924 17018 20282 46711 38163 29953 38169 57994 47409 69739 42737 33598 46750 5089 55833 13920 16907 41671 51272 33070 28897 54950 51692 47698 39178 33702 58848 25554 4419 54548 9530 22632 30282 29270 6043 60649 14183 69617 42201 24769 35043 55280 36809 8879 64987 6826 47561 38090 5790 45096 66961 41119 24555 63969 51336 636 27926 65948 55494 35889 24283 2902 30947 47443 29838 44342 48786 63855 10988 50892 20170 12870 28524 57455 15103 31711 61275 40594 46749 8063 43556 43546 50268 8735 15228 67435 10392 38875 69277 3178 48476 51163 26947 16744 46972 16949 16611 37393 285 39386 17962 40850 40908 14412 4364 37265 56247 50254 57824 21493 18555 25813 64991 45966 16277 28906 23280 61849 54030 56259 35995 28262 60929 10625 41331 4283 34882 37285 25416 50344 41882 57161 3831 30928 41422 31589 69869 20418 29381 54889 27171 56905 21087 45108 46301 11107 27491 28561 6329 47709 53992 62097 67886 59489 63871 22568 16955 40501 31706 41126 69231 57683 16624 19494 6055 56245 4928 1466 64253 7069 60685 33433 52987 57404 58258 3699 25211 45877 5167 7358 50832 41990 44475 2251 51252 20225 64802 67226 64982 13575 65159 10946 33613 61370 37869 19681 24516 43776 5569 50778 40037 26691 21290 60086 55459 65166 6500 11711 39709 28465 20951 31619 28012 49041 48876 52206 67932 36224 62502 44994 13640 50737 52552 53477 35003 33283 68581 17786 34066 40957 27517 38331 66784 60644 56056 48122 40578 59144 10953 44899 62194 51829 51960 22103 43159 21494 46911 4524 60088 43129 54790 32661 2088 65232 15592 57339 57528 12647 54843 6559 39357 57397 3472 28110 18563 21475 9498 45240 67607 4615 57601 23600 54789 42092 28021 23903 28922 45533 67611 41222 46717 17269 12845 29668 3416 40475 35274 44192 27286 32971 34768 36697 1506 56675 1395 23200 32170 23622 40835 66545 68098 59388 20071 69242 58204 7397 56239 50288 68193 52397 6008 6391 40650 5396 56852 12924 42554 28872 58668 49255 6557 55363 50073 18932 19411 13506 9074 23027 31077 16250 557 31722 3912 48612 66204 55987 52752 26181 59774 8921 18548 51026 63850 43375 47640 29495 32737 32509 67168 10213 25117 67450 63995 34046 45644 49887 5200 9150 31974 65157 59334 41548 51879 53002 53070 30860 6796 38024 66939 23738 30821 68413 62051 41735 13295 50439 65272 11547 15674 23949 10417 58259 42808 43604 30524 43568 16089 43750 40654 2807 22327 37414 41537 23663 2897 3141 22102 24871 38750 52016 55212 47168 1958 67771 29428 31149 30391 31693 20396 3637 20362 13908 51499 61560 40779 29036 16012 47625 21042 39075 24356 55062 27659 15092 64751 42454 31679 48839 60514 38597 2641 50415 8153 50952 69767 66005 22884 26529 66452 62908 22296 11615 11401 65289 19148 47500 11465 68444 34121 22427 42527 25790 17985 10126 51381 4233 32668 14222 61982 51137 25336 33250 31357 10150 3911 67235 37806 50527 33438 63828 46580 65653 21094 8498 1687 47808 1821 31036 40063 13542 39239 45552 12297 56938 31742 58061 38234 24965 15977 22796 56494 6670 31646 4431 69803 69235 21442 1991 44823 12581 43561 53693 68759 24231 29121 52829 53075 24318 44362 2329 40043 48070 29216 65866 5400 69889 62861 68182 69318 57380 52100 1840 44980 38235 51098 1536 32706 58273 2870 47432 65041 39456 23256 17018 47611 68762 47606 56718 54335 38012 37306 20091 3262 21088 66256 10766 58035 45773 54668 18463 63364 24394 67746 20425 60694 40764 47914 21149 51581 25638 44894 52525 10115 8442 56910 66312 69231 24670 987 47801 42296 69272 52759 18455 49518 41793 47654 40747 167 66600 10476 59781 58307 64837 18187 36709 37463 16119 33967 43028 23356 69172 1397 27006 40887 49424 30220 30790 57553 17669 37370 36436 18655 64807 15099 5457 41393 2644 8156 47231 52769 16266 65493 61795 59825 13085 19176 8051 34693 39695 54080 59658 53308 2946 68292 17228 40924 54122 53627 17034 44647 30857 47771 65096 7391 55380 33542 45350 3659 14061 12578 23197 44206 51628 28659 53430 35789 46887 47234 38190 40939 914 51214 6689 34580 4956 59977 17081 34309 49140 31631 68549 58813 8907 51100 58052 20321 7981 59922 9035 21166 50950 39721 42030 63445 1251 65199 37535 12570 33329 21789 26199 65733 41417 35920 41704 15056 50797 15256 16909 4096 24838 61599 25939 53421 30000 28299 5727 65458 57922 17498 18275 54855 63493 49332 69936 49070 22670 37585 66653 6763 18240 33109 14956 11891 45883 11142 34427 21909 38312 4690 10789 65246 14990 7311 38818 67938 9053 26754 47824 3051 47630 33542 57806 38414 19720 395 62818 28686 48630 5371 41906 47898 903 12646 53202 61291 67870 33049 4561 1179 16080 11713 11479 50787 43645 66998 14796 13911 49230 9582 2027 11696 43761 37192 56153 40637 10817 20542 43028 32287 69163 65532 16717 22047 61453 37217 41468 478 55044 15776 64254 3848 21941 53731 13700 45596 30704 27701 26244 42580 42651 24608 12946 20449 48919 17287 58930 30929 16813 36934 60744 46781 66437 12906 57639 63539 31758 12623 13235 54264 34570 49716 49871 43045 4893 5949 50262 64061 29690 55977 3033 16382 16536 64114 21406 60502 51399 32438 68858 62591 54505 37010 29887 40595 22838 58089 60008 1354 9794 60924 21846 97 26955 33444 940 14130 3155 64357 67291 10680 8017 24790 15909 4954 10950 41017 57778 32884 42551 21343 59712 23307 8820 3571 6013 63519 46106 21606 62757 38378 49517 34271 38858 24851 51440 55643 47090 45201 16199 1069 50729 68133 59219 6616 39024 60359 63708 10164 53168 22207 57130 5068 33017 10997 30703 68812 16461 26022 45326 16732 6486 63874 48878 62869 8779 11391 59467 33551 3517 61493 43260 16984 1883 1254 28290 64796 41312 39392 69422 20678 20537 63793 56875 60809 69421 68826 36076 51212 5996 32133 57478 41071 509 29048 53965 4181 36150 5191 12179 57304 55390 3160 64613 22161 19715 64781 17610 17771 10452 56836 1085 15670 42904 40819 64355 57785 22905 64514 36999 23581 58953 59391 17407 30639 23181 51427 34126 69451 61647 47485 45613 67900 47931 64089 7423 26626 2251 65041 37826 25319 30417 66544 15402 962 68091 62407 58001 22935 17162 43302 23062 48386 35907 52709 39548 15263 46803 5991 49304 14484 17044 69181 51172 7263 46370 24380 3941 30995 4574 4745 61819 35223 55578 37316 27850 29217 57032 3802 29409 28050 57642 55695 22542 53309 28824 1675 37025 45387 8601 38855 63586 63746 58141 14141 59885 34835 18726 2143 10632 14087 59239 9381 34905 59849 9997 609 69554 30062 19133 43440 24004 40848 62233 19098 59119 37373 11199 61162 40227 21597 11195 28069 67789 35125 26914 54532 29978 5359 11637 33762 64643 15395 69354 5669 64118 53338 35981 43873 38543 47340 39475 1368 16193 59022 57752 21426 4011 28902 2779 47791 66969 57378 36390 3486 29223 53874 16489 60508 14962 36961 14619 47681 14083 19095 2571 323 61325 32890 6619 23076 33252 9998 69039 3413 49325 4399 51989 10194 53603 68880 46954 22534 29831 34667 67610 10441 40396 69176 44383 8280 4628 66202 32858 40673 63562 48999 25102 32551 1157 38462 55841 55077 16103 58342 34331 62258 10829 63765 45992 41644 63549 57385 7860 62495 54330 40308 24936 66738 69104 27990 7181 37132 11704 35007 37473 25834 59314 34400 23005 44746 24926 60888 34615 9972 48232 62284 1925 63298 36801 61017 37236 27084 34155 33685 58595 63519 33572 64432 33627 26118 33714 10023 14333 23190 45822 17554 67918 1814 11065 59433 52139 64722 9436 42836 38335 34802 31960 39432 49112 62020 35059 29861 63320 57076 14162 8065 41625 12520 35770 21136 40951 64264 61414 61498 51717 6092 57968 2372 62599 67384 7147 1951 16469 18278 49196 40238 49372 46190 57496 12707 29647 66362 34520 20895 19709 59557 19372 9883 26148 43558 3906 16434 43508 6537 38515 23870 36448 6004 35007 10753 24537 35147 57159 66387 5230 15675 33010 17242 27829 58293 37167 62378 41185 44613 49841 19926 39445 1343 37713 68317 21709 58572 13554 65513 2095 69997 13768 25094 46394 38195 12830 60869 54664 23754 10134 2360 12249 4083 14058 48783 55630 46322 20611 32062 15111 15714 50941 16293 53340 15114 16670 47856 51797 20940 25305 51464 12549 21960 42537 50913 50229 37884 18199 14369 45060 506 68646 69627 31288 55130 61450 29196 274 25013 19891 65944 27010 37378 57322 11646 29111 55761 20666 40543 48167 20146 69571 33801 1135 60036 10993 43176 62160 1483 44515 59654 50271 69178 4143 44493 39871 10757 36464 8648 31865 4165 48327 48861 69756 5445 34122 28213 15105 26715 22082 56972 37066 22006 32276 16616 42100 66692 24855 64965 759 23722 2912 50650 44694 12784 58012 67906 1336 9744 33338 53973 41078 39341 65880 30107 58515 32433 5770 25875 26907 3161 28245 31056 33853 56259 68938 33924 42650 17701 22880 38279 36942 38677 23144 54859 38922 13302 38998 51935 55499 35003 12922 18683 67300 63874 27654 60344 29061 26829 40632 36048 57889 58112 61750 19058 32818 35853 44766 15594 2447 26450 43514 54679 37667 42729 32403 53959 20394 13067 65535 42094 39704 57011 63203 35376 28404 21548 30512 52566 3122 52212 64708 39224 43525 3107 20247 18161 52915 52372 15783 38877 52574 18442 51113 56261 6427 67009 46495 42743 66136 3003 16747 25678 17498 67207 57939 42073 34051 55697 53901 56408 35143 41319 26328 42465 67453 53487 47688 59347 26661 4593 56441 5329 4016 44778 6335 12438 69960 34178 36022 42939 63191 31601 53786 18217 24493 46237 55645 1435 59275 10743 25055 27527 66792 50631 34652 24872 15027 60125 9010 43549 22443 52777 69720 51242 45223 19929 22381 28388 18194 51795 55255 35495 55405 16521 6307 63738 55360 28850 25514 47577 64589 53411 33629 46943 44054 48786 27124 45996 49510 20682 58630 24700 44947 22355 2037 9868 65091 47799 12812 6034 24513 10536 45488 21267 18114 65342 33841 50162 6774 33239 28508 58724 1834 66119 43064 7996 13909 22963 39882 56643 1076 55045 62290 63322 10631 62183 27775 41838 30337 38093 57672 50617 42441 66454 49870 34435 66528 42667 10174 33456 4307 18411 59566 7987 33295 13272 3468 62854 3953 36741 52208 58029 11282 45983 67075 64836 52727 57447 43823 25131 50542 8750 11612 50030 35483 23498 10704 27247 4417 1552 48655 14490 66849 60427 25919 63193 60660 4009 66243 2890 23124 7218 53574 19266 60816 25411 29279 34616 45778 33294 21182 21759 32018 16190 65996 52700 45986 64437 47034 44107 63896 267 68542 35892 6872 22570 56381 29448 21003 45123 17372 67412 26692 22632 38927 23642 38724 66944 45496 22264 43503 37241 53870 36111 25774 33173 22135 2718 69478 64802 47278 62486 47054 50351 2798 29393 34061 58 48605 9883 27275 21603 64490 25859 11520 27661 67023 47362 6792 58833 45370 40711 38381 69487 32458 17280 46898 45057 35083 61995 12263 36441 50863 45697 27052 5982 64321 13262 63717 65281 61120 14730 51889 62688 50626 25621 37226 41344 68322 30767 63599 56404 32899 68622 49570 56309 34971 7968 49635 39744 20230 63771 58876 8936 27560 5419 7925 64724 11769 14014 10668 10432 57738 68041 66873 38235 31207 65098 29354 66246 52579 51544 28437 8185 17266 44558 41279 81 55015 56223 46973 63400 49802 32598 32864 63702 57110 43823 21131 57719 45472 1656 10132 68379 63387 27476 11059 9177 28985 58881 50943 6422 52106 28672 44890 367 11973 10235 25894 17837 9681 27741 40752 61437 42705 56407 67839 17683 23895 47600 41399 41204 44667 69138 31262 19075 46673 59025 67793 65240 2379 32016 7569 59915 63882 20210 40629 64857 493 33801 44134 47821 38636 20623 52101 13464 48750 6120 67605 20774 13439 65148 65892 59426 8474 24659 4449 19593 67871 25747 26820 37509 4738 14698 45373 48849 6210 63447 28139 20006 54633 3999 47219 36226 14714 727 68520 54459 45235 62131 5407 65522 20707 3608 7980 31088 54947 6570 62796 12173 39083 42390 64108 14311 33762 66327 2327 47282 56023 42752 48726 55345 26535 34255 32214 29286 5176 513 47171 51646 52533 28513 61395 58796 47413 58689 64227 50048 36148 23769 45291 24079 26904 34475 62136 6541 2864 58637 4634 3180 15276 1438 36206 47315 47079 49036 65503 45206 56506 3261 44364 9252 1627 68757 50843 47491 25546 22907 67780 68928 29976 3486 40016 5703 61022 44406 11211 8439 63583 38494 56888 68548 40618 67627 20848 56415 15522 16146 16841 54247 24122 28621 27244 28620 55651 18151 32074 24807 68195 40622 39829 18315 20566 16304 25126 41211 5526 44405 47222 9250 33079 5260 34411 34604 5072 26183 50710 61998 41266 60831 47021 56823 66215 43059 55767 30865 26730 44207 5765 26275 46780 65623 9206 33480 9856 2826 59656 42092 42601 69505 64758 18626 229 44611 55582 36123 35403 56636 10300 28195 44040 38036 1001 11063 52446 50353 17236 68805 2029 18943 33352 65265 28249 56972 63114 52219 3017 40906 4574 1848 43516 66494 56495 18129 51554 2457 41655 47879 35525 50915 37961 61877 43083 55370 21391 5138 13534 19499 23166 28898 69129 18728 57867 21080 52142 15919 1892 3797 35036 12365 42873 11057 7298 31957 36887 833 12303 39912 62437 65164 42980 8569 14161 48081 56485 29065 28648 43158 35681 31433 43915 67477 41722 29915 61882 19206 38808 7900 29213 2280 23637 43118 41485 32790 38492 396 36558 32989 22667 63740 42482 4078 10369 33285 26499 65021 53339 69827 37309 23499 33013 7676 2945 5928 16901 36840 10444 50722 13643 44318 15286 9090 32250 28636 30231 32387 12641 69904 40857 48796 17450 34461 53397 47869 58102 19998 61294 5659 40746 19251 213 4166 42133 57890 14244 35684 48441 23998 1478 54375 19679 4827 3106 47005 62288 64893 10796 44695 40942 55718 65552 15544 12223 14307 47071 41358 16442 7427 39554 21852 56219 40764 21059 40406 37949 36170 57730 46079 46676 37979 48773 11087 42492 33013 29468 54525 45677 23311 58628 67884 10166 63094 22677 24057 29977 24374 68418 14589 69320 13098 11319 59096 21182 3812 16995 1017 64757 4061 29610 46940 19341 60810 21405 7931 9332 28036 792 10324 37683 12432 22631 32011 30162 39912 60826 47828 993 13474 55004 52392 45678 31945 45186 28687 59549 63752 63260 35241 40696 40466 6389 64963 2447 20255 24329 51613 52909 7548 3510 36977 27268 38591 32572 9704 21772 22210 27141 51307 23662 22109 68587 21035 957 26013 59000 43765 21864 47123 26840 47253 38963 63605 6398 53485 55710 56644 24590 28623 66752 26718 27752 25023 44993 62680 33081 53823 15428 1134 7187 63736 4759 48053 21085 47276 29155 31621 68091 65242 9634 59581 53657 46965 2135 50116 39858 68747 61997 39298 30845 39499 61136 32640 47460 23941 9589 295 17964 9666 56609 17863 39577 15998 9083 55146 64742 9078 46683 38412 47011 23776 34134 62561 51549 38351 47496 16163 44584 22676 43274 54657 60606 1861 9347 51053 33843 38710 8223 50769 59374 27981 41172 61245 68731 2540 47324 45965 33916 17056 477 30408 58828 68010 6478 45087 37369 62264 17877 10162 50046 44382 20788 15543 64824 23501 24469 49602 17952 13070 22091 48138 5140 46960 50101 60740 47062 43261 61618 7460 24447 21635 53237 4326 26175 3848 22945 31556 63772 35327 57873 6332 51226 47247 56578 49916 50066 56992 5408 2221 50470 25044 23453 17937 12924 63495 50301 5357 51333 45493 7908 26105 48019 14722 45730 59728 57434 68522 54636 37492 67927 21684 65513 61043 1352 62531 32793 40664 58296 27988 44345 50082 64878 29821 50314 22228 66876 1412 33275 68390 48654 21495 35367 32348 69692 31941 63232 29768 18721 47942 7692 15640 44295 61052 6310 50682 47010 49839 25909 44980 65241 36412 44149 10418 69837 5896 54647 24474 67953 2798 22011 68589 57531 7762 545 23014 42696 2014 1861 47239 35665 31146 32997 35236 28748 7825 3256 7066 54317 5872 41522 35734 22734 40173 21102 27196 46979 48184 39876 59758 38215 36245 68364 62268 34370 50975 33352 19071 59142 20554 22264 3636 5434 20142 5607 3740 29179 3398 30411 22595 54622 65618 68429 46720 42786 62169 11815 69107 63929 16255 63255 49965 51691 19950 41257 5569 18272 121 11541 42664 57443 39328 47678 13535 10798 4958 53793 36520 8946 28063 41329 41370 64049 49343 37049 14443 11886 20500 24570 48841 66008 7024 38235 35144 10828 68842 54675 16253 30315 38248 48216 65110 16392 3141 62956 13223 27493 38304 9540 65387 60590 38778 16431 39548 29299 43213 43693 41171 53383 21232 18291 48385 25546 54391 63666 27681 48690 31076 19146 4926 4957 49143 23115 36439 20607 48526 41332 19397 53396 11214 9062 47182 55439 68636 64576 60574 8395 66435 68770 15543 37404 9208 35801 61559 5996 23971 15876 30019 62734 69172 10994 9625 7945 20628 58723 67296 10998 5484 66819 3629 25022 36669 28501 42358 46915 59738 442 52818 67733 32820 35795 48884 20463 16399 54295 37577 29142 57131 27385 9284 26862 25933 6184 24414 57887 56072 19243 68503 43776 42977 29140 64352 32888 27501 60355 57120 25806 11702 41970 28216 19805 45371 14317 29693 10246 51050 26630 3025 21727 22870 54057 56934 50565 45079 14715 41596 32565 7349 39028 66310 30675 40305 69136 15320 21670 26459 12160 15199 28234 13529 50477 16772 49770 25666 10157 4127 67747 45669 7850 34013 69176 41684 17314 41045 55690 18864 28381 21562 6896 14548 19569 55121 27569 3346 24164 29164 24262 7825 52664 38482 13745 37826 25134 38119 52305 15816 34719 25822 62714 59486 24786 2621 23147 56289 12274 32644 45884 18605 40172 63658 40778 31098 43180 7678 21849 58855 69353 57425 65858 44781 35194 35117 51100 17413 52666 42957 68207 48111 36047 713 40562 35830 44259 33503 27014 47910 15456 69483 15933 32529 13047 63290 46810 26077 44511 31105 69009 33313 18969 34316 26742 7262 69059 22276 63481 43128 61261 43928 49183 10048 64737 61652 15192 53092 56191 3018 56758 15883 57247 63955 22141 26169 11949 52814 31754 25951 22394 48169 34008 6261 44346 46651 30952 33379 31896 51599 52987 54614 10609 43140 20431 52045 25664 14877 9030 33854 2764 66645 35513 29071 45107 40865 42947 93 69374 5487 61098 1056 12108 51244 45145 40455 8267 42380 55154 64991 27749 17544 36629 27660 26323 2974 20452 12152 5867 54919 54155 60771 52509 34528 7353 14205 54536 44611 56729 52467 39360 53786 61297 41767 32055 58713 15045 21664 8074 5946 6259 59083 3636 55894 22820 46733 5384 24426 18227 61169 61780 41658 19550 47284 73 54397 4412 49550 66308 35019 59819 66109 46328 56030 25238 24618 65259 18298 68314 40854 13955 26210 16742 16279 17660 41106 15952 31602 1673 38332 61456 340 59259 47484 13717 43349 46159 49540 35189 40801 50858 45241 18961 40190 69909 20161 25035 47559 51515 66543 6031 39646 5631 10996 48228 56225 27538 5386 7382 2465 12870 10808 67627 53917 64614 58462 54820 22125 17742 14224 15261 62933 28121 61175 11354 6418 40408 9362 1172 29536 37587 37884 39373 10971 42172 60796 67078 35927 8493 227 1236 29900 44945 22455 38871 26417 40370 38795 13981 19875 29731 59903 68927 41902 6979 40247 9735 60191 42665 10052 23964 36820 8603 919 13980 7095 20549 29856 11554 61574 16915 28265 18686 62999 50763 39124 61935 1739 47646 1143 9397 49164 68792 54825 50509 47223 52869 12178 57620 17256 30545 34023 48713 49394 4988 33557 52656 26736 26541 22234 8732 36230 6954 59649 54681 3966 1807 20435 7504 63772 59894 54044 21630 69444 4995 34996 51841 3408 16499 68230 59054 68975 25599 40819 24779 59690 39807 35482 20322 9437 9026 66060 38714 10167 69925 44028 31551 65337 53302 42163 23818 5553 37429 42466 60298 33800 20780 371 3741 62027 48621 28870 62470 18468 28492 46101 65789 63529 53355 23389 28305 37092 51176 45118 62648 14703 29216 68659 38159 33751 50980 23070 30397 20110 1484 63133 69760 52585 63085 27506 47195 53014 38575 27664 55964 66429 12379 27414 62971 53855 20334 37077 23725 3334 38770 53529 27173 57391 66805 52895 66843 65052 3017 66366 62618 1202 23671 24095 60823 57346 19857 23846 59063 20571 24535 28620 16822 51705 19990 63115 34799 62639 13649 62757 13444 49120 9589 12561 34534 2283 19240 64046 17434 53342 24251 56292 25695 1166 23788 43076 2907 12089 16408 55177 16479 38844 31856 31767 49209 12449 66480 49710 32731 51727 13698 57606 59279 37748 9529 7792 6498 32340 33562 21173 13792 30442 6702 47367 59033 1503 32401 2401 9295 55621 13936 50004 4695 63386 8980 15329 29020 29211 19340 12777 12334 37229 34108 53467 43788 50033 65927 37612 28004 41789 26304 31243 63800 59306 42086 13809 13777 33526 7389 29650 17548 35225 61921 60395 67422 26351 59730 51130 68308 1871 17513 49392 63252 19717 20719 37847 63744 16975 4617 36705 1128 4516 59674 50785 3188 30830 68772 447 22817 56705 8676 50968 1302 7861 12896 4035 488 59872 61740 24911 19688 38802 26084 48799 49775 1414 62856 39695 16380 50870 23801 53016 14078 69107 47723 28756 23177 18304 7600 51243 6131 41103 7130 52539 45985 3703 21560 34482 62371 46008 31484 11754 48578 17552 57951 27940 25962 1772 25860 33764 67381 62402 61039 65715 37643 61219 57500 18463 64812 12985 47123 15295 53762 47487 16534 46824 13957 19219 14069 30206 23297 55232 16086 33848 5345 18899 59279 60736 15884 11139 3368 45205 60337 56897 38398 32191 54982 43133 65370 19573 67811 14752 24159 15576 22042 57176 46592 58257 34283 18514 3701 67989 50133 15257 25710 2507 3629 25420 61062 52053 50016 7021 10301 30067 32210 48851 12282 32618 46893 30270 65631 37098 33240 9739 18089 57015 63193 56711 67159 30231 46518 58206 37450 664 58186 49089 21782 61821 32128 29676 53633 15211 34430 18876 10745 4016 15815 59838 56443 55438 39383 11952 2212 50281 51036 64837 36241 22144 66922 33992 35593 59494 55859 17430 61774 407 22267 6621 8756 51726 19973 38220 17255 12509 2459 12244 31859 9728 68021 46466 4853 27946 42263 49988 9004 942 16743 1504 43913 43062 51854 61865 69819 11057 9441 3231 25240 1673 32849 16246 40528 4819 33511 37069 32843 63451 40304 63847 60999 59626 13679 61800 69834 35114 21137 48069 29747 18687 20440 30520 9375 12330 16833 8302 29559 52812 22162 61492 55795 22225 9360 46181 64613 35024 67243 43528 37575 46549 68406 10729 58549 61555 48388 62623 34353 22338 28153 31727 55518 33169 48618 44849 65451 37088 13917 31430 39480 69148 9818 42087 19112 11893 55161 42554 19209 61139 57129 39826 41098 60875 22726 58926 57658 27381 4871 3402 52944 32777 60216 2850 33766 14963 37627 59439 30749 42441 14869 10946 68511 62226 50724 15029 69976 60724 63563 30035 30405 48081 5499 7667 43205 23411 67541 65436 35552 31742 60460 30607 40523 66473 46059 42692 36764 66697 52029 45952 64003 57602 28649 55603 16224 43752 48350 694 5658 13458 1202 10387 17825 67489 33212 20846 15388 10692 12260 63350 22597 15878 49002 8980 56912 64648 61147 16913 67517 23910 52105 1137 52826 45487 54997 69248 3724 23467 34772 46330 38029 34217 48941 55864 58724 12494 17429 32434 58430 1901 33876 39896 45279 66158 35736 42317 2604 4151 14634 69582 22636 19523 19402 8952 43044 38084 44406 51829 46420 64135 63853 50531 37115 36653 9109 65917 
