// periodic
// number of jobs
1
// pi
90
// Cycle
100
// aperiodic
// number of jobs
9000
// pi
9 14 3 11 8 18 6 11 12 11 13 6 14 8 16 6 5 2 10 7 16 3 14 2 9 19 18 7 18 15 8 9 17 3 7 14 5 10 6 3 18 4 5 2 18 2 17 6 19 9 12 15 9 19 15 12 1 2 19 14 11 5 16 12 10 16 2 1 8 3 7 13 16 3 10 19 14 13 17 2 19 13 10 10 2 15 11 10 8 15 3 13 16 10 15 5 8 7 15 17 18 7 17 2 14 14 4 7 9 2 6 7 11 17 9 7 10 13 8 9 10 2 12 5 17 14 17 1 8 2 14 5 16 13 16 7 13 17 6 18 7 19 1 19 6 12 2 13 11 4 19 15 2 13 16 8 4 12 19 5 4 19 7 4 2 18 11 5 9 15 1 12 18 15 16 3 6 6 6 10 8 15 15 12 3 15 14 1 14 16 11 11 2 2 4 13 19 8 19 9 14 1 7 18 16 10 4 14 8 3 12 18 11 8 15 16 13 11 5 3 4 7 17 14 12 1 19 10 15 7 11 15 11 8 15 10 13 2 4 2 11 14 3 14 6 4 6 17 19 13 8 16 18 15 4 15 5 9 7 9 10 9 4 9 8 1 17 17 2 18 17 7 11 4 2 11 16 17 5 16 1 11 8 1 15 1 11 11 2 18 15 18 8 12 1 14 11 14 2 17 12 14 2 13 7 3 8 3 11 18 14 15 2 14 1 15 2 2 9 12 18 16 15 8 19 9 2 8 4 8 18 3 18 14 19 9 19 8 15 1 13 3 11 15 12 5 13 9 2 8 5 16 13 8 3 1 16 18 11 2 16 7 9 2 9 2 8 15 9 9 9 6 15 7 4 1 1 9 15 9 18 1 9 12 1 3 2 1 16 9 3 9 3 12 15 5 3 10 4 16 2 6 3 6 18 11 17 12 17 8 13 14 8 9 2 5 3 1 19 10 18 19 19 8 17 12 19 4 10 14 7 14 15 11 11 15 17 19 14 19 19 13 16 8 17 3 13 1 16 1 9 10 19 4 3 8 8 4 8 19 5 17 13 7 15 1 15 15 7 6 19 10 14 8 13 9 16 5 10 7 13 19 13 13 4 12 18 7 10 15 14 10 16 6 5 18 14 1 8 7 15 18 18 12 1 19 14 1 7 6 14 11 8 16 17 1 13 10 15 7 11 11 9 11 19 16 17 3 18 5 14 4 5 13 19 12 13 11 1 15 10 18 12 8 2 3 2 19 5 1 15 9 1 5 4 2 5 16 2 15 18 10 5 17 1 3 17 8 1 6 4 6 16 17 1 18 10 19 3 17 12 15 19 1 5 14 19 10 2 17 10 5 12 16 1 19 8 7 11 11 16 7 19 18 3 10 14 2 12 17 8 12 8 16 13 9 6 16 15 10 4 9 16 7 11 8 12 16 16 8 18 7 6 12 14 15 7 8 12 11 1 7 14 18 10 18 19 15 17 2 18 18 1 7 11 17 6 6 16 3 10 7 11 10 3 5 2 12 12 12 7 13 2 4 1 13 11 16 15 8 18 1 10 18 16 9 1 7 2 15 12 10 1 1 1 7 3 6 14 4 5 6 15 6 15 11 10 7 11 4 18 4 7 5 3 5 10 5 10 10 8 13 16 19 4 17 8 19 16 1 11 13 19 18 2 15 6 17 19 6 15 1 8 11 4 19 13 16 15 11 17 9 8 9 2 6 13 1 11 7 11 6 2 5 15 14 10 9 2 17 2 6 13 16 7 2 12 3 5 12 18 10 11 5 16 7 14 6 10 1 6 12 1 3 14 19 8 5 12 12 11 3 17 16 18 18 16 6 14 5 9 11 19 4 6 16 4 6 1 10 4 7 18 3 6 3 5 7 11 12 15 13 2 10 15 7 3 1 4 13 18 14 13 6 14 5 11 2 17 18 1 5 13 11 10 13 4 3 9 12 6 9 17 18 5 4 17 9 9 13 10 18 10 12 16 2 8 19 11 6 5 6 4 13 15 4 17 13 3 15 3 11 8 19 17 1 4 7 15 1 4 12 19 6 10 1 15 19 1 12 2 8 2 5 1 12 18 17 10 12 7 3 1 3 13 2 14 4 17 14 19 4 1 8 2 16 2 16 16 5 17 11 2 14 3 2 1 13 14 7 9 7 18 19 7 16 11 14 12 11 5 4 13 9 9 16 11 5 12 5 11 6 4 7 14 1 17 17 7 8 3 18 2 11 2 4 18 4 5 3 3 5 8 18 8 18 12 3 18 8 8 17 8 14 2 4 12 2 5 16 11 6 12 11 8 16 17 15 19 17 14 5 7 10 5 9 2 13 1 18 9 16 8 16 8 2 1 9 9 9 10 13 10 12 4 11 11 2 11 16 14 18 3 14 5 18 17 7 10 5 4 17 10 19 8 14 5 15 3 6 5 14 12 5 8 13 13 14 14 18 8 6 10 8 7 6 3 4 2 10 15 14 5 9 7 10 15 4 15 1 11 11 6 2 18 14 3 10 15 7 15 7 15 1 9 12 15 9 13 7 5 16 16 17 13 6 2 4 6 19 13 19 1 7 13 10 15 18 17 19 6 13 3 11 12 8 14 10 1 5 3 5 5 5 5 13 11 19 17 11 18 2 3 5 16 5 11 11 1 13 11 13 18 16 12 16 15 19 18 6 6 12 1 11 15 19 2 16 6 9 5 8 4 9 12 14 10 19 5 13 7 1 12 3 18 9 9 14 17 10 7 3 10 10 8 3 7 16 4 2 1 10 19 12 4 8 4 8 17 6 3 7 3 2 6 12 2 3 4 5 1 3 10 4 19 19 12 18 13 9 4 3 8 11 2 11 1 8 4 3 11 2 11 8 16 14 8 14 3 14 12 14 7 3 11 18 19 9 8 10 9 11 14 16 17 3 13 12 11 17 11 2 2 10 2 7 8 14 17 10 11 8 2 18 4 11 8 8 4 16 16 9 6 18 13 10 8 17 17 2 7 3 9 2 1 13 2 11 19 13 13 16 19 2 7 2 10 5 19 4 1 2 18 18 4 17 16 5 4 18 8 1 7 6 7 3 3 19 4 7 7 13 5 19 10 2 4 7 13 11 17 7 17 17 4 18 1 19 11 18 12 3 13 9 10 15 2 15 2 4 5 17 15 10 6 10 10 17 10 10 18 3 9 12 16 19 12 18 7 7 4 19 14 12 10 1 15 3 2 6 9 5 10 14 2 16 2 13 6 13 8 15 10 3 5 12 7 18 13 5 13 5 2 7 18 14 19 16 12 9 6 3 2 16 15 8 14 19 9 4 9 2 19 4 7 12 14 1 9 15 8 16 6 15 15 13 10 6 2 10 19 1 18 17 5 8 16 19 18 7 10 1 7 4 19 2 5 9 18 6 13 8 7 2 4 2 7 17 10 19 18 8 7 14 19 1 4 16 7 9 13 11 7 2 8 18 5 6 11 12 15 19 6 15 18 7 12 5 16 8 19 11 15 11 11 18 5 14 3 13 8 3 18 13 13 1 14 15 2 16 19 3 6 19 17 2 11 12 12 18 7 3 14 1 13 10 6 17 19 15 7 8 12 3 7 7 8 10 10 6 5 13 1 10 7 8 1 9 2 15 9 12 18 14 5 1 18 10 19 6 11 7 6 17 2 3 8 9 8 17 18 12 14 11 15 6 15 18 7 19 3 12 14 18 3 2 4 15 2 16 3 8 8 12 16 15 2 9 17 18 8 11 12 1 16 6 8 1 14 4 15 17 19 14 17 18 10 7 1 11 9 10 1 3 19 6 14 19 2 19 6 11 17 3 11 12 4 18 3 4 7 4 8 4 17 9 15 19 8 11 4 4 16 4 6 8 5 5 3 3 14 11 4 13 9 3 12 8 19 7 11 14 11 3 7 16 6 13 13 1 14 13 16 5 9 11 14 2 4 19 3 8 9 3 9 4 15 3 19 2 17 3 13 11 10 13 10 11 5 14 2 6 12 2 2 3 8 8 3 9 1 9 14 4 8 9 19 5 12 9 13 15 11 16 17 4 16 6 4 12 19 15 7 15 19 5 11 19 15 13 16 7 1 6 9 5 18 3 16 18 6 10 1 9 3 11 16 17 12 16 5 4 4 17 14 3 1 7 6 15 5 4 14 18 6 17 1 18 4 8 13 18 15 1 11 18 19 7 18 8 2 11 19 4 18 7 6 4 4 3 13 16 9 18 5 17 9 11 9 13 3 4 3 7 3 7 11 4 19 13 3 2 12 15 8 7 7 11 3 4 7 3 16 4 5 11 8 18 8 13 1 1 4 15 14 13 12 3 2 7 12 1 16 8 18 2 3 15 2 9 16 17 10 16 5 16 16 14 9 8 5 1 12 12 12 9 10 17 10 18 11 5 16 14 8 8 9 4 7 18 16 10 16 10 7 19 13 13 7 14 4 17 3 14 9 10 15 5 9 1 14 1 13 16 10 1 5 16 16 19 8 17 14 18 1 17 16 12 10 11 18 8 1 19 7 14 11 6 8 2 1 6 18 14 15 4 18 1 6 2 18 8 17 3 16 8 15 13 18 3 15 1 17 16 8 14 2 13 6 1 1 14 18 19 3 1 14 8 15 2 12 4 9 19 5 10 1 2 15 13 11 8 17 19 17 6 10 3 9 19 12 17 14 1 2 5 15 15 16 7 9 18 15 2 19 15 18 6 7 16 14 10 17 16 4 6 9 9 19 18 19 9 1 18 1 1 13 8 7 3 16 11 12 15 4 18 3 17 8 18 1 7 16 7 15 14 15 18 8 8 3 16 1 3 10 2 5 3 10 17 12 8 8 10 3 4 11 18 17 12 2 7 4 8 1 9 11 7 3 17 18 7 19 13 5 16 7 16 16 9 9 11 14 11 17 3 17 19 4 1 2 3 7 7 17 2 6 10 1 9 5 3 18 6 17 16 14 3 13 12 17 12 14 13 5 7 19 8 2 2 9 17 2 2 10 16 11 19 11 16 17 17 12 7 13 13 9 18 19 2 11 8 12 6 17 8 6 9 1 3 18 12 19 12 1 7 7 16 19 9 10 13 7 16 13 3 15 8 2 19 6 8 8 14 1 4 8 17 13 1 6 16 7 5 3 15 11 8 12 3 7 2 4 5 5 2 2 13 9 3 10 13 13 13 3 11 10 13 14 7 5 13 1 5 19 8 12 8 9 3 16 2 14 15 15 14 3 10 17 19 9 2 16 10 7 15 13 10 11 8 9 19 6 13 9 8 16 16 4 4 10 15 4 14 16 4 8 19 15 14 16 12 17 15 6 4 1 9 6 3 3 14 15 18 14 3 19 1 15 2 12 14 7 3 8 9 2 15 9 11 3 7 19 12 9 6 4 18 15 2 12 12 13 6 18 16 4 11 14 5 6 15 10 9 14 16 2 14 18 12 16 7 9 2 5 9 18 6 19 3 4 19 13 16 13 14 17 10 16 19 18 6 12 5 8 15 5 18 8 13 16 6 8 18 1 1 6 2 6 15 6 10 18 12 1 14 6 19 3 2 7 14 13 9 11 10 16 9 16 12 17 8 5 19 14 4 8 2 18 15 1 4 1 1 4 15 2 18 2 16 16 5 10 14 6 6 14 10 17 6 1 14 2 4 16 2 9 10 6 5 2 9 7 3 2 9 11 6 10 18 5 11 7 11 18 7 9 3 19 12 4 7 15 10 5 14 2 11 3 16 5 6 17 14 19 4 11 1 1 8 18 6 14 12 15 10 8 12 3 18 14 17 16 3 19 13 19 10 15 17 10 19 19 2 12 2 18 17 3 14 16 16 11 11 8 16 17 7 17 14 18 14 8 3 4 6 14 18 14 19 9 4 7 8 2 14 13 6 2 17 3 18 17 5 4 14 14 3 10 19 17 16 6 3 11 3 8 5 4 1 12 8 4 3 3 4 8 9 2 4 2 19 12 4 11 10 8 11 13 12 11 18 2 11 16 4 18 2 6 1 11 11 2 14 18 11 1 7 2 6 3 18 7 4 15 10 2 13 12 9 11 18 7 7 15 3 12 1 6 5 6 10 12 18 11 13 18 12 1 2 19 4 15 18 4 4 9 12 9 17 9 9 11 13 15 2 18 3 12 12 13 10 5 2 6 15 3 13 10 4 10 8 7 5 18 15 18 6 5 4 10 6 17 10 7 17 19 11 11 4 2 14 1 8 12 2 19 9 17 15 1 1 18 11 8 1 16 5 8 6 7 4 15 3 4 1 13 4 19 7 5 18 11 11 14 12 3 3 3 12 6 3 17 18 17 11 4 9 6 4 3 12 4 18 10 5 15 9 13 13 16 14 1 3 5 13 3 6 3 7 4 8 9 5 10 4 4 9 7 6 2 10 8 2 18 1 15 4 8 5 15 1 8 13 18 9 9 14 3 4 11 17 9 10 1 4 14 15 5 14 5 11 1 1 4 7 16 11 8 14 14 9 17 7 9 10 18 16 19 6 16 6 2 12 10 16 10 1 11 3 12 5 10 18 9 3 11 6 14 4 4 11 8 12 16 7 16 12 18 4 13 19 3 10 8 16 11 18 9 6 1 19 2 6 18 11 14 12 10 19 4 9 16 3 11 9 1 3 4 17 9 19 17 1 14 18 4 13 1 11 1 11 10 7 14 11 11 7 4 1 14 3 5 8 13 19 19 6 4 15 1 17 4 19 5 2 8 13 14 8 2 10 10 4 4 19 8 13 11 4 19 10 2 8 12 3 11 14 12 12 7 2 15 9 17 8 13 5 6 1 18 6 9 8 18 9 3 14 18 15 12 13 13 6 4 1 16 8 14 3 3 5 12 13 1 12 13 5 11 19 7 5 14 5 16 12 16 18 5 8 16 6 18 8 16 10 5 7 17 13 13 17 1 18 19 9 17 16 3 7 2 7 10 10 5 3 12 8 14 5 5 14 16 7 2 18 17 12 5 8 16 18 18 2 13 14 15 6 18 15 7 17 12 14 19 3 7 10 19 5 3 7 4 18 11 18 16 6 5 8 9 7 14 5 6 16 9 1 4 17 8 11 3 3 4 5 9 13 17 2 7 8 9 7 11 12 4 2 12 18 2 3 18 1 18 2 6 14 6 17 3 14 3 19 7 11 1 6 7 15 18 12 9 17 17 15 12 7 5 5 9 9 9 3 15 17 5 16 13 5 2 5 4 5 17 7 16 15 16 18 1 11 8 12 8 14 15 18 7 3 10 4 3 16 12 12 8 10 3 6 13 1 16 7 10 9 19 17 4 17 15 1 13 13 2 11 9 8 12 7 2 6 3 11 6 12 13 8 9 18 1 5 7 2 16 1 18 17 1 8 9 19 18 1 9 8 19 2 12 6 8 18 14 17 16 14 19 3 17 2 14 18 2 14 14 16 11 8 16 2 17 2 18 19 2 17 17 11 18 11 12 14 8 15 7 2 15 14 2 14 6 6 1 14 3 2 2 10 12 8 8 16 9 13 1 9 6 10 15 1 14 12 7 13 16 3 4 2 17 11 16 11 12 14 16 6 16 19 18 4 11 13 5 2 13 8 7 13 1 16 16 1 8 15 3 2 17 8 11 4 9 1 17 17 6 14 2 16 9 15 18 1 12 3 2 9 4 16 9 14 5 18 17 2 2 15 5 7 16 13 12 14 3 3 2 7 12 17 16 18 14 13 9 12 17 4 5 4 6 9 1 7 17 15 1 19 13 4 9 7 13 1 3 7 1 6 12 14 2 7 1 7 5 15 3 3 15 1 1 9 8 14 14 10 11 19 5 6 14 13 13 10 5 9 16 13 13 18 16 13 6 18 17 6 10 19 16 6 14 3 14 17 12 11 2 11 16 9 4 8 4 13 13 5 1 9 1 6 7 16 8 15 11 7 1 5 12 18 9 2 3 4 1 2 17 2 19 8 15 7 4 12 14 8 14 6 18 13 17 9 13 14 8 4 18 11 1 6 7 1 3 6 18 12 1 2 13 9 15 7 18 4 1 13 10 8 3 14 10 4 11 4 1 16 18 5 18 1 17 16 7 4 7 5 7 1 2 18 17 10 13 1 14 9 1 1 4 13 8 11 4 12 7 6 10 17 8 12 12 8 13 3 16 1 13 4 7 14 15 15 15 16 6 15 19 9 18 18 3 10 16 3 14 18 13 16 14 15 5 1 19 10 9 16 2 19 4 2 5 19 19 18 19 5 1 7 6 2 10 4 16 1 5 13 12 6 2 2 11 3 7 1 5 4 5 11 3 3 9 9 1 3 13 16 15 14 6 7 5 6 6 3 15 17 14 7 17 12 17 13 18 13 16 19 19 11 2 8 18 19 2 3 13 4 4 8 13 11 7 14 8 12 5 1 4 14 4 3 13 4 10 15 7 18 16 1 4 5 4 11 8 9 9 3 5 14 6 9 2 18 13 8 11 12 6 1 18 2 4 18 13 11 11 12 10 1 5 16 12 11 6 3 2 5 6 9 9 13 5 18 11 4 10 9 6 6 1 1 12 2 13 7 3 18 15 15 6 8 15 6 8 13 18 8 8 10 15 7 10 7 17 6 12 2 17 17 11 6 13 10 9 10 11 2 6 4 2 11 9 4 6 17 5 16 1 15 9 10 8 2 10 3 19 6 5 5 15 1 6 13 11 16 7 9 6 9 11 14 12 9 17 17 14 4 4 8 15 19 17 18 15 18 8 5 16 18 2 5 9 9 14 14 9 3 9 5 10 17 3 14 11 18 13 5 10 11 6 12 18 15 10 11 17 8 16 5 7 5 8 15 6 13 11 3 4 18 19 10 13 19 12 18 13 18 13 8 3 15 11 6 5 19 11 8 15 15 13 13 9 15 19 10 7 4 3 5 15 17 12 4 12 12 17 3 13 17 1 15 17 8 15 15 10 7 12 9 6 10 13 8 17 7 7 6 10 12 3 5 10 8 1 3 1 8 5 18 7 11 10 14 3 11 9 9 7 9 8 12 3 18 14 10 10 10 9 5 11 5 6 4 8 1 18 8 5 12 5 3 7 3 2 10 19 15 7 9 13 6 18 1 5 7 1 15 17 2 18 7 11 12 5 12 17 10 7 15 4 10 10 7 9 1 13 19 18 17 12 5 10 9 12 5 12 5 5 16 3 17 7 18 15 19 7 8 19 1 2 7 18 16 9 3 1 12 4 11 18 8 10 9 14 18 17 16 13 3 7 2 14 8 17 6 12 16 13 13 6 11 9 1 5 14 5 10 7 12 17 1 13 17 7 5 10 19 17 7 3 6 9 17 2 9 9 11 4 11 16 16 9 5 3 6 15 9 14 10 2 3 5 13 2 1 1 8 19 14 14 1 13 14 19 3 2 4 1 13 11 8 12 5 19 9 14 8 11 8 6 12 13 9 15 14 8 12 17 3 2 17 13 11 12 19 13 14 18 12 12 17 4 8 7 9 1 6 9 6 7 19 3 15 17 1 8 8 4 16 12 7 19 6 9 10 3 5 14 16 10 4 5 16 18 4 10 2 14 12 16 19 2 13 10 1 17 7 14 9 7 4 14 11 10 8 14 7 6 10 10 18 5 15 5 15 4 16 4 17 19 7 10 17 3 6 1 13 4 11 2 8 5 13 10 6 1 11 1 16 8 8 4 14 1 12 15 17 1 2 17 7 18 18 8 16 4 14 2 3 10 7 10 11 19 18 15 8 12 13 16 18 3 14 8 16 10 3 6 7 19 15 17 3 10 11 2 3 14 8 17 1 6 16 13 9 18 8 12 14 7 14 17 12 18 17 3 14 5 6 19 1 14 3 4 8 16 17 19 17 9 3 15 16 8 18 11 14 9 1 5 5 8 16 13 12 9 15 9 12 5 2 2 3 16 3 7 17 15 11 3 18 8 6 5 7 12 11 17 12 5 7 4 8 9 18 1 17 10 15 15 6 8 17 7 15 15 17 4 11 10 1 14 5 6 11 3 10 4 4 1 18 13 11 9 13 5 16 18 11 13 17 16 15 7 15 11 3 8 3 10 11 14 8 15 18 12 17 7 4 2 7 8 6 10 14 6 6 6 6 9 7 14 18 15 12 2 13 3 14 15 9 19 14 6 5 17 17 2 9 11 10 16 2 5 15 10 11 1 10 5 8 5 13 13 9 9 2 5 3 10 9 13 6 6 7 8 8 7 10 2 11 14 16 14 9 5 14 9 19 10 7 10 8 16 16 7 15 3 10 1 2 8 16 6 15 2 5 15 12 7 12 4 1 5 17 16 8 16 8 12 12 13 10 2 13 1 5 13 11 12 7 10 4 19 5 3 12 13 3 11 2 2 17 9 10 3 19 18 14 11 12 15 13 15 2 12 13 11 3 2 11 10 2 4 16 4 8 18 16 17 18 7 14 13 2 14 5 9 6 12 8 14 1 9 18 3 9 18 15 3 19 6 2 1 3 19 16 1 5 14 11 9 18 12 14 15 12 5 6 12 16 17 3 15 16 18 12 15 2 16 15 2 2 16 11 7 18 2 2 4 14 6 1 4 19 8 3 4 10 7 12 13 5 1 3 7 18 14 7 14 3 8 9 1 1 4 19 17 12 1 5 8 6 8 1 11 16 19 18 4 14 14 2 16 16 13 3 10 6 8 12 19 9 11 17 14 18 14 1 19 19 1 4 19 7 18 18 19 7 16 6 6 2 3 10 17 12 2 17 16 7 8 16 19 12 15 7 17 16 10 6 18 9 12 16 13 8 14 17 7 9 11 9 7 16 4 13 16 19 6 7 13 7 16 4 3 4 15 13 18 7 11 19 5 9 4 6 12 11 4 8 8 7 1 13 3 19 12 5 4 12 1 8 7 7 11 2 9 16 18 14 11 11 13 11 11 8 11 8 19 3 18 13 14 6 17 10 6 15 5 13 2 13 14 14 7 1 13 15 13 7 3 2 2 17 5 17 13 19 18 8 14 5 10 2 6 18 17 11 18 2 11 3 18 14 6 14 6 9 19 16 17 6 14 10 2 2 11 8 15 17 18 9 18 16 3 6 8 8 11 3 10 16 1 17 2 7 18 11 7 9 11 15 17 6 16 17 8 11 6 3 3 18 4 18 5 2 9 14 11 16 13 8 13 15 11 13 14 19 3 2 2 11 17 13 7 12 9 16 1 18 15 11 3 2 8 17 3 11 9 3 18 1 18 4 11 9 5 6 5 6 19 16 18 10 2 9 19 11 18 1 13 15 16 13 12 2 19 1 8 6 9 14 4 5 7 7 5 4 15 6 7 4 9 3 9 10 16 3 14 6 5 19 10 6 18 5 4 15 15 13 7 6 15 9 8 12 18 5 1 19 6 13 7 7 19 7 3 16 3 13 2 16 15 5 17 10 9 13 19 16 6 15 10 14 2 9 19 1 9 7 11 15 11 9 8 10 18 11 16 13 7 4 12 14 14 13 12 16 17 1 10 11 11 17 2 3 16 9 14 3 16 8 14 15 17 16 10 11 6 16 11 11 8 7 11 8 15 4 11 8 10 6 4 11 13 3 17 18 19 6 6 19 4 14 12 5 12 19 7 19 1 6 15 8 10 16 4 7 13 12 13 5 5 16 11 19 14 19 8 8 9 6 8 4 14 4 14 6 9 9 9 19 13 12 11 18 2 3 3 9 2 15 1 8 7 4 10 8 13 18 16 7 18 11 13 10 6 19 15 8 15 8 19 4 3 7 19 19 14 17 13 4 2 18 16 1 10 8 3 1 2 14 4 7 1 10 14 18 4 19 8 3 9 13 11 1 11 18 12 2 6 15 14 2 17 9 16 1 6 16 18 19 13 6 10 8 10 10 1 19 17 3 18 10 9 9 1 18 16 14 12 12 7 9 7 6 15 17 8 15 14 9 1 6 1 19 9 6 8 6 4 16 3 19 6 10 5 4 4 7 6 2 15 4 17 14 7 2 11 4 1 6 10 8 16 19 15 9 15 3 1 12 1 14 15 10 18 12 9 9 1 11 3 11 18 12 1 3 10 16 7 12 15 7 19 12 17 15 11 3 14 17 11 14 3 16 5 15 17 5 14 9 12 4 13 6 10 13 12 11 4 17 12 4 11 10 6 7 11 4 3 11 18 2 7 19 6 7 9 19 13 4 17 17 9 14 10 2 18 16 7 13 17 9 2 15 17 16 14 6 2 10 4 12 16 3 2 4 6 18 6 9 3 9 11 8 19 16 15 8 5 16 12 1 16 8 13 6 6 2 2 18 5 9 17 11 7 17 9 8 16 9 13 1 13 2 11 3 13 9 2 8 6 5 17 5 1 4 8 4 19 11 5 16 12 9 9 13 7 2 15 13 9 3 7 16 8 5 5 15 14 18 5 15 4 1 8 10 13 5 15 4 15 13 16 9 1 9 9 4 11 13 11 17 17 17 15 16 10 2 8 12 19 19 16 10 17 8 1 2 10 11 11 3 2 6 5 1 10 8 5 14 16 14 9 4 19 8 10 2 15 19 11 18 4 13 5 14 17 3 11 10 9 2 5 15 14 1 3 8 15 8 17 17 17 15 15 2 1 4 15 11 2 2 18 7 3 11 13 8 19 1 9 17 1 12 9 7 2 15 4 3 2 8 5 19 7 17 10 7 2 16 8 18 6 8 11 13 12 2 4 3 7 1 8 10 11 18 17 10 9 15 8 9 6 13 13 16 12 4 11 19 1 16 11 15 2 11 5 11 11 10 15 19 18 17 8 16 2 4 13 12 15 17 2 19 10 10 1 9 3 11 5 12 11 10 12 17 4 14 7 9 17 10 18 2 19 15 18 18 6 1 2 4 19 3 3 15 6 16 11 5 19 8 3 12 5 2 6 1 8 10 6 4 13 9 5 15 4 19 3 5 6 17 12 4 9 16 17 12 1 9 9 1 9 8 14 12 8 3 9 3 13 17 12 5 7 17 1 9 4 17 6 18 9 14 5 9 10 6 13 3 3 8 7 6 6 2 16 11 7 1 5 10 15 1 2 11 17 2 17 17 13 2 19 6 10 5 13 14 3 8 3 3 3 9 19 14 2 16 10 14 11 6 17 1 4 5 3 1 1 18 18 5 6 15 2 14 11 12 12 10 5 18 16 3 12 12 18 15 8 18 6 14 1 6 4 9 6 12 18 13 17 7 16 9 10 15 13 10 6 13 3 19 15 9 11 8 15 9 10 19 14 19 12 2 18 16 14 13 15 16 4 17 6 11 14 15 18 19 15 13 9 17 14 13 10 3 2 13 13 12 2 4 7 7 1 5 16 2 5 14 14 16 15 17 16 8 16 14 7 11 3 16 13 1 15 9 1 9 13 2 4 8 11 10 14 13 17 10 6 18 19 3 17 11 9 1 7 7 7 1 11 4 17 12 13 13 7 3 19 1 19 13 13 2 3 15 19 13 10 13 14 9 19 7 13 15 7 18 9 15 15 16 13 2 9 16 13 13 19 3 11 12 12 18 7 4 3 3 12 16 4 15 18 18 1 14 12 1 18 17 6 12 9 4 10 5 6 7 13 19 18 14 6 15 12 6 3 15 9 14 10 9 18 10 18 13 16 15 11 7 11 4 8 3 7 6 3 11 15 10 19 16 14 13 18 15 12 8 4 6 16 17 7 19 11 17 11 7 4 16 13 17 1 4 5 13 10 16 4 18 3 8 3 1 7 7 19 17 12 5 7 11 13 4 12 9 3 4 10 1 14 7 7 11 8 19 12 1 12 11 14 3 8 15 17 12 2 8 12 9 9 17 12 3 10 15 12 15 18 16 1 13 2 16 4 7 10 17 17 8 14 3 18 10 14 10 10 2 9 8 6 1 8 6 18 17 17 2 12 11 1 1 6 12 15 18 13 19 5 8 13 4 8 8 15 4 13 19 5 1 5 5 7 13 5 7 16 11 19 4 3 18 3 8 2 5 17 4 6 7 4 1 4 1 17 19 14 17 6 15 14 2 12 3 11 16 8 7 17 19 16 10 14 17 5 8 18 10 2 12 14 12 10 9 2 1 3 18 19 19 10 17 9 2 4 1 9 13 1 6 13 11 4 14 14 15 13 12 19 4 14 2 13 5 10 18 1 10 16 19 3 10 14 6 6 9 15 13 6 6 6 1 4 12 6 4 19 13 15 18 5 17 11 2 11 3 16 13 8 13 3 1 19 10 7 11 15 14 12 6 12 19 12 12 5 17 19 4 15 19 7 6 12 11 7 16 9 9 3 14 8 16 15 15 13 16 5 16 17 2 17 19 8 10 19 12 16 4 17 3 9 15 7 5 18 3 12 7 5 13 11 4 4 2 18 9 11 6 1 1 5 10 19 7 5 1 12 5 16 3 1 16 16 5 3 15 13 2 7 14 17 4 8 15 5 10 5 3 16 1 19 6 10 6 2 9 3 1 5 7 12 6 15 15 16 15 19 8 13 9 12 4 17 10 8 2 16 14 7 14 17 6 13 9 17 4 14 16 6 15 6 12 12 16 14 5 11 10 14 10 1 15 4 18 2 6 11 9 5 7 5 10 4 15 11 2 1 12 15 7 4 13 5 1 11 11 11 11 19 5 4 15 19 16 8 5 12 7 6 1 11 14 6 3 13 12 17 19 5 8 14 7 18 6 19 3 15 6 14 11 5 18 12 5 13 17 14 19 10 13 11 5 2 13 17 11 12 18 6 18 6 8 17 18 1 14 19 12 4 9 12 4 1 9 18 3 2 3 9 1 6 13 7 19 2 8 8 19 3 11 15 11 3 13 13 9 3 13 11 5 3 2 16 5 6 2 13 11 10 16 5 18 19 17 12 1 5 18 16 4 2 12 6 11 5 13 11 17 18 11 2 19 19 3 19 3 3 4 19 7 1 8 5 10 16 16 16 1 10 5 19 1 4 4 16 5 7 17 6 2 11 1 17 15 4 7 4 3 3 15 10 11 9 6 14 10 4 18 19 5 14 18 1 7 18 18 12 6 19 2 1 10 7 8 14 9 15 7 17 6 12 7 5 7 2 12 16 11 5 9 6 3 12 16 2 9 3 19 5 3 12 13 10 13 15 17 4 9 16 10 4 14 1 8 13 11 6 8 18 14 18 18 12 9 16 5 4 10 7 3 18 10 17 11 11 19 8 13 6 6 14 9 2 12 4 13 9 15 17 9 18 10 7 12 3 10 4 16 19 1 1 14 2 13 5 16 2 5 11 18 18 8 19 7 8 1 1 10 18 12 4 16 9 13 16 3 10 9 1 10 1 17 3 2 12 4 18 2 11 5 10 5 8 13 4 15 6 18 7 13 18 10 3 11 16 10 2 6 3 19 13 11 19 16 9 11 8 2 8 19 11 17 17 5 10 17 1 2 18 11 19 9 1 14 7 10 17 8 17 12 8 12 15 15 14 3 9 10 8 13 16 11 11 18 12 2 2 19 18 7 11 5 3 1 16 17 10 17 2 2 1 12 8 7 15 10 11 11 14 11 9 1 10 17 9 17 4 2 13 4 19 14 17 6 11 16 14 3 15 16 8 4 14 17 17 9 16 7 1 6 4 11 5 3 15 3 7 6 5 3 6 10 14 10 11 15 1 19 14 6 16 2 15 11 10 16 2 19 7 7 4 5 7 19 11 5 14 2 13 2 2 19 10 2 8 2 2 7 16 11 12 10 2 15 17 1 16 10 13 5 18 14 10 17 6 2 7 7 9 16 14 9 4 15 10 11 6 2 5 18 18 15 12 14 11 5 5 14 1 6 2 2 7 1 14 1 18 9 16 1 19 14 5 19 1 3 9 15 11 10 13 17 15 2 17 10 1 16 14 13 10 9 18 4 9 8 4 11 3 9 1 5 9 8 18 8 7 17 8 18 19 9 3 6 7 19 14 2 15 6 18 14 4 3 15 14 1 3 12 2 8 15 7 7 1 19 7 19 4 7 12 8 2 15 11 2 3 19 18 10 10 4 6 9 17 13 17 1 19 15 12 10 9 15 3 15 16 2 8 5 7 17 10 11 4 13 16 13 9 12 19 17 6 9 7 8 11 17 3 15 4 4 14 16 8 9 18 14 14 1 9 18 9 1 6 2 7 2 1 13 7 7 6 8 14 4 11 18 7 4 11 2 10 17 1 10 16 3 16 7 3 12 15 15 14 9 13 5 9 16 7 3 11 16 2 8 19 4 12 12 9 17 12 19 6 10 16 6 4 14 3 15 7 15 7 5 18 14 18 4 19 3 5 2 8 9 18 13 13 1 8 18 17 18 4 5 14 14 7 11 17 11 18 5 10 7 6 10 7 1 6 10 4 3 11 7 18 2 5 8 16 17 19 4 13 11 1 7 9 12 9 11 10 3 15 2 17 18 6 5 3 19 4 12 13 18 14 8 15 2 10 9 5 13 5 4 16 10 5 10 2 19 17 2 3 8 17 16 10 12 8 4 4 10 3 17 5 7 15 15 7 1 9 18 3 13 13 18 7 11 3 13 8 15 1 8 14 7 13 4 10 15 6 11 9 18 3 15 3 6 6 7 10 17 10 11 15 6 8 11 15 8 14 19 14 9 4 5 19 16 8 11 9 3 14 14 7 19 2 11 3 7 13 10 16 14 6 13 11 10 3 17 14 14 18 3 18 16 10 14 5 14 8 12 18 2 1 12 18 16 9 7 1 14 4 6 5 13 15 9 9 4 2 18 6 3 13 13 8 14 12 3 4 14 9 17 17 16 4 10 11 13 15 4 14 12 12 13 15 2 18 1 16 17 10 16 19 11 14 8 2 14 4 13 5 7 18 14 6 13 15 19 4 11 4 13 5 10 18 7 1 16 19 7 1 15 5 19 5 7 15 17 3 17 16 3 8 9 2 7 18 2 13 13 19 15 6 9 17 10 11 3 6 14 16 4 9 8 1 4 11 9 1 3 17 15 11 14 6 14 1 6 7 12 14 6 7 9 14 11 7 10 17 14 4 19 16 15 18 8 16 4 11 16 5 4 12 8 15 5 14 2 16 9 3 19 18 4 1 14 17 8 17 9 5 13 12 15 18 15 4 4 11 7 5 17 10 5 16 3 2 10 8 18 1 19 17 7 1 12 11 5 11 7 6 7 3 6 16 6 19 16 12 10 7 19 10 14 5 18 1 6 17 18 14 2 14 2 13 4 12 5 18 3 10 3 4 10 2 8 13 4 7 11 10 10 17 19 9 18 19 17 5 2 11 11 18 9 3 5 12 18 19 2 3 10 6 6 7 1 9 3 3 1 4 17 10 10 7 4 8 18 19 14 3 3 11 13 5 14 14 4 2 13 2 7 15 19 7 7 4 10 3 12 19 8 3 7 11 18 19 15 8 3 18 19 8 14 6 2 7 2 1 8 19 17 14 18 17 12 4 13 14 17 13 3 6 19 15 2 18 16 16 3 9 15 8 2 14 15 2 12 11 14 13 14 18 12 1 5 5 18 13 8 13 18 2 5 11 15 14 7 6 11 9 2 18 4 6 4 8 12 16 4 13 12 10 4 13 2 9 1 7 15 1 10 4 10 2 2 17 2 14 10 3 18 4 13 11 9 10 10 16 8 4 16 3 10 13 3 17 3 14 16 4 5 14 1 9 16 7 14 13 13 16 13 14 7 1 12 7 16 1 11 17 2 8 9 13 14 10 16 16 6 3 5 19 8 9 13 14 4 15 2 19 4 16 6 7 19 3 6 14 6 10 16 17 6 16 15 1 10 9 3 7 19 14 16 8 5 2 3 17 2 5 13 16 5 17 14 6 15 18 15 7 14 7 7 15 11 17 12 4 4 7 13 2 10 6 3 13 8 2 16 6 11 6 13 11 15 11 12 17 17 18 12 6 12 19 19 12 15 16 4 10 15 14 3 12 2 14 12 17 11 1 8 16 1 19 11 6 1 13 13 14 1 3 1 18 14 17 6 10 17 4 19 9 10 14 16 3 3 4 12 9 18 18 15 17 6 19 14 17 2 6 8 19 3 15 11 15 10 12 8 7 16 5 5 8 15 11 12 17 15 6 13 13 3 10 10 11 10 8 15 19 11 13 18 14 2 10 18 7 5 2 4 16 11 12 18 10 9 10 6 7 11 17 10 17 13 10 8 5 2 3 4 15 16 18 10 14 18 16 18 9 15 13 9 13 13 8 18 13 3 5 16 15 3 18 16 13 2 10 15 14 3 4 10 6 7 17 1 12 16 14 9 16 14 5 17 6 8 13 11 17 13 10 13 6 16 18 7 12 13 12 3 7 10 15 6 13 18 18 18 9 9 5 2 7 12 3 8 18 15 9 12 6 6 4 18 8 12 9 2 16 2 17 4 10 4 7 8 19 3 12 8 17 1 3 3 10 19 7 10 10 18 5 15 12 6 12 10 5 3 7 7 6 15 16 4 17 19 9 8 19 13 4 14 18 19 9 13 15 5 15 13 19 17 4 1 19 18 1 9 19 19 17 13 13 19 7 11 9 19 16 16 7 4 5 13 16 9 6 9 1 4 3 6 4 5 7 4 8 14 5 3 18 19 4 3 4 13 16 6 1 3 10 8 5 6 14 3 19 8 2 9 2 8 11 4 8 8 1 6 6 13 16 13 15 13 2 3 3 5 6 7 17 10 6 5 18 1 10 4 19 7 18 11 13 7 9 4 7 16 2 7 4 6 15 3 15 13 10 8 5 1 2 3 4 15 8 7 1 7 17 16 5 17 2 10 5 5 6 4 15 8 13 4 1 15 5 10 19 9 1 7 16 15 1 11 4 11 19 14 19 1 19 5 14 1 16 18 1 6 18 4 8 8 2 3 10 2 9 11 5 19 16 8 9 6 17 11 5 8 4 18 18 2 5 3 2 8 14 13 8 2 7 7 11 10 8 8 17 14 2 19 12 17 5 18 12 4 18 11 11 11 19 2 10 14 9 8 17 4 11 11 5 7 4 2 14 3 18 10 3 13 15 12 2 12 18 5 10 1 13 17 9 19 2 19 6 10 14 9 15 10 5 4 7 9 3 18 19 17 12 2 11 13 17 6 17 4 2 2 19 18 13 7 15 9 7 8 5 14 17 4 18 16 17 13 8 18 13 2 4 2 1 11 6 17 16 17 11 15 14 5 15 2 10 19 1 11 7 16 12 5 14 17 8 6 5 3 9 10 17 6 2 9 13 15 1 13 14 6 7 10 14 1 3 15 3 13 3 4 10 5 18 4 15 8 19 4 1 14 11 17 4 12 17 3 7 11 18 12 6 14 13 1 1 6 5 3 15 7 10 16 18 13 3 13 1 1 15 13 1 3 6 1 16 16 12 8 8 6 16 8 15 17 5 3 16 17 6 7 3 5 8 19 7 18 7 17 13 1 3 2 10 8 11 3 3 11 11 11 6 9 3 14 2 17 4 1 10 6 14 14 18 2 16 8 6 4 5 8 13 18 2 9 14 11 15 10 1 4 8 2 17 5 12 4 17 19 12 3 15 17 2 6 11 16 10 11 17 8 10 11 2 11 13 3 15 4 8 13 12 3 11 14 6 13 2 17 3 17 14 16 2 18 10 5 13 17 19 14 15 6 18 3 15 13 2 2 8 7 19 15 9 4 17 3 10 9 11 14 16 12 12 12 14 7 19 10 19 17 12 14 3 4 17 8 19 10 18 12 3 12 13 12 14 19 6 5 18 19 18 12 2 6 14 17 16 7 19 7 11 3 11 10 18 6 7 2 11 11 6 8 8 7 13 15 14 3 9 13 15 10 12 2 9 3 5 17 8 1 18 7 12 15 12 4 11 2 19 4 8 7 6 11 16 3 11 1 6 4 9 4 4 2 3 6 11 2 7 3 11 11 4 1 12 17 18 10 10 3 7 9 14 2 7 3 2 10 2 13 11 12 1 1 8 18 9 10 4 18 2 13 6 11 15 14 17 17 10 5 11 12 1 4 8 6 1 19 13 9 12 13 8 5 13 3 7 4 8 4 11 8 1 12 13 2 13 11 11 5 1 1 14 10 10 13 19 15 8 1 16 2 15 13 12 8 8 15 2 5 2 2 7 10 1 2 18 7 19 13 4 10 14 16 6 2 6 12 5 16 16 17 3 13 18 12 13 5 1 13 4 8 10 12 8 6 18 15 3 4 13 18 4 1 9 18 5 10 6 12 18 18 14 7 5 5 10 18 3 3 7 2 11 16 12 1 17 8 4 7 16 14 10 11 15 12 1 18 18 14 12 1 12 14 3 5 17 16 9 4 7 4 17 4 4 15 7 17 19 10 17 16 10 3 2 17 17 3 6 8 3 17 5 18 19 6 5 12 15 5 13 8 12 8 7 6 19 10 4 16 19 13 5 16 2 2 
// di
4558 7846 6348 365 4231 1909 3630 7164 3823 2557 4140 6414 2142 6686 4342 6507 1645 3195 332 2135 6055 4336 318 2862 2968 3698 7696 8759 1534 8809 4554 344 4841 8418 5468 5619 8018 2615 3747 3139 7712 7677 7061 149 5991 3512 8013 1995 2992 8184 3181 4320 5044 832 2070 6033 3930 4303 3507 8286 2341 2526 7670 3735 7415 6563 1623 4755 924 1183 2693 3813 6858 3405 419 8664 574 8764 8505 4894 4280 1622 1155 5688 5447 3190 7887 7752 631 1475 3229 7613 6754 1129 2407 5969 3543 3330 6402 8122 13 6077 182 3598 2219 5135 7220 8544 2855 7086 3320 799 6576 2591 3420 1212 8742 7036 5040 8556 3861 6237 4312 8327 4532 5697 8035 8996 2000 4088 1168 6683 4329 7475 7294 8006 2446 3796 7161 82 4955 6084 8668 957 2275 4237 8239 343 8182 6541 4240 4977 8838 4430 7109 998 8400 4334 2996 5313 8413 5826 1992 5525 7469 2870 5007 8325 8161 4396 1093 223 6895 5634 243 2966 440 6411 1402 3914 3433 5558 4653 1389 4312 2883 8563 822 5015 3458 3752 5022 8235 6808 5526 7521 2863 4766 7478 3610 1877 7485 950 5594 6319 3388 5456 1949 3064 7125 5577 6525 8356 8854 6741 4058 2239 943 6691 1981 1445 652 1563 4146 68 7375 7666 2254 5565 7324 610 8321 1236 2518 8807 116 575 5457 7207 1690 3037 3092 4144 546 4430 6303 7857 4726 3512 2212 3027 764 8322 3075 387 2288 3389 5654 8846 3597 5185 3343 5557 6130 6415 3805 690 2342 5812 6324 3699 1519 6932 3109 226 8347 3628 6854 4615 3148 8199 7635 1502 1704 7336 997 4176 2574 7335 7740 688 2899 1071 8051 1494 1546 6811 277 7079 5542 611 1991 6627 636 2103 6364 6659 4128 8879 8065 1321 7502 1490 2935 2062 2525 1368 6891 2829 8232 4943 8433 3245 500 459 6639 7412 2274 8214 7948 2086 3597 7952 7496 3127 8468 3814 7590 8369 1668 5574 8854 1897 5555 7887 2751 4780 3081 4692 8121 5208 7472 2420 1990 1382 6123 4931 316 4607 169 419 1428 2510 1858 2979 1115 6192 7777 2495 8298 8924 3295 1972 4588 2059 6431 2566 2522 1270 8265 7191 4115 5596 1913 915 5045 5659 3862 6728 2722 5464 4767 2214 8908 5564 3685 8523 7027 7416 7066 2474 7050 8005 8297 5902 8179 3363 1394 1154 7443 7319 2860 676 5677 7777 2579 1040 1441 4934 8358 3072 5825 152 4545 8116 8378 1110 6539 3386 1275 4657 3784 5556 4338 5296 4515 1411 7077 3114 7557 3144 6448 1847 1341 743 1424 2438 1775 6779 8276 6411 3003 4716 472 4556 5212 4126 4460 6904 6620 7017 3794 1445 4556 7282 3341 2138 91 6906 4948 3081 6695 4856 8579 2111 5679 2684 7939 1441 2444 2641 8799 8532 8319 8339 8464 1676 12 2398 1732 3486 1331 3546 1775 7516 679 6747 8130 4892 7536 5839 3353 922 7339 2491 8473 4268 4428 2878 7580 171 7727 3875 6791 999 2532 1375 6885 3502 4523 7780 3614 7369 5227 7340 1799 8468 8248 2639 6002 515 7824 8202 8004 7842 2928 3782 1467 4761 3413 4398 2303 1000 6319 5239 5869 968 2966 1250 8301 5670 6986 2917 8899 1749 59 7748 3584 1766 5185 1208 3383 5817 8224 2439 6230 5935 4789 4504 8483 2771 4667 1674 1829 485 2524 5709 101 7289 127 3748 1716 1767 233 7854 6474 5378 6723 6990 5095 5640 6758 273 776 6652 1663 179 3458 1519 2496 3294 1596 6377 7999 8114 1673 3519 7266 3727 5327 4450 6982 899 6970 417 8087 2847 7100 7056 5963 8335 1208 2254 4570 5299 5874 7105 2016 5144 5905 4062 4630 4282 436 8309 6598 5531 6448 6584 6918 2863 233 7928 8946 3560 3576 1016 5878 1681 8761 4617 8145 5808 4726 3138 3270 3261 5465 7586 4251 2992 1288 7748 271 2281 8808 3290 3871 768 7920 4083 763 1062 6111 5587 7390 2268 2236 4784 3408 6434 5342 7921 3882 6886 6727 3438 3109 1102 2321 3732 2436 5965 3718 2532 1243 3383 498 5527 2141 7882 669 7993 8559 8412 1177 4327 8034 2339 758 5293 7792 5911 8653 197 3896 3849 346 6335 6840 7852 6553 7007 486 6656 7408 6115 896 2416 882 6766 4223 4809 1358 1419 2516 8454 1415 449 8158 8552 6199 5587 2213 2845 6377 8498 8583 249 2038 2508 6584 562 7947 738 3607 5332 8538 4580 6026 1768 3590 8402 7575 6136 2882 6883 8895 4322 3485 8258 2167 1081 4557 1695 8161 7640 1518 5280 5332 7985 4092 7023 7179 987 5500 1143 5370 8320 509 457 7240 3107 3844 1448 1582 1069 240 3966 5523 7689 4898 6746 7540 5909 1373 2805 7670 8524 3151 6469 4892 6151 2793 2624 239 5076 4731 1124 3983 3468 2240 2808 8710 6885 1680 1200 3684 8942 6569 100 3660 902 1817 1228 6119 1421 6526 8329 8035 3462 8652 2049 3343 7953 5987 5309 3434 23 3934 7931 6836 7843 8774 3788 4431 5528 827 8401 1368 2012 558 1567 8201 8929 5907 6360 6690 4552 4648 1247 4096 4260 2156 4247 4911 6334 7805 5521 3376 5120 822 418 5081 3760 6585 6340 5647 5730 4639 2236 6746 3332 7984 4895 3231 441 4866 6478 2975 7720 8015 7851 2508 6348 4605 3080 2696 3635 4654 5877 6421 1875 8583 3986 8929 2880 8383 1133 1716 3496 4759 2082 5708 5593 6448 5423 3295 6007 3079 1530 4612 87 4513 38 6281 5885 6944 3997 3255 547 1914 15 6337 3179 598 6967 8136 7548 1243 6178 5821 1287 7588 3137 2299 491 1240 8998 8899 4032 7034 943 575 1447 6737 8099 3464 1364 4720 3996 5856 4052 2144 5971 4312 3866 3547 8252 1458 4185 8164 148 3050 8012 6621 3081 8761 4987 6593 5778 2302 1301 4520 4956 4124 8579 1963 2821 8450 7917 1024 4348 2468 3879 4568 3582 5321 1693 7303 5526 8689 5228 6340 7120 6857 782 6350 8301 5958 4573 4468 3199 5279 6195 5142 5314 538 582 6549 3613 7698 483 6002 7925 1253 4578 4275 6342 1495 2613 1439 895 8412 7473 3975 4640 1949 8475 593 53 7636 1058 6470 6536 3045 2946 3006 927 2917 194 5006 8222 1955 5829 2066 4686 8521 1292 3107 6757 788 1771 630 1168 4752 1646 2574 1879 5675 8686 2274 7130 1606 4564 8278 1607 4730 3207 4250 6821 7595 3518 401 3448 3118 3688 5089 1228 7493 3906 7201 5842 4388 3315 8611 2401 7496 3743 4761 6078 8509 8559 3789 3782 7069 4019 3269 30 8692 5168 3097 4431 2632 877 4590 2074 3123 5075 8569 3890 3287 6371 6112 8159 6352 2922 8386 8291 8875 3574 5619 7458 8545 2706 2125 5942 5072 617 4607 4504 2760 5554 4043 2666 1671 7498 8846 874 8455 8654 4706 6668 7126 2506 2246 8410 4222 502 5235 8438 6120 6141 147 1626 147 5126 5529 6122 2839 1517 1589 3640 33 7299 54 8132 3028 6439 4776 3982 8125 6617 2370 7575 8437 6547 4844 5904 1685 6598 7106 3166 8916 4234 1246 7271 3071 1328 8007 8270 97 4102 2238 4074 4068 2504 7275 7611 1037 1087 5963 3938 8225 3534 7880 6907 4397 4519 4182 6070 1256 3106 6429 1629 1058 7389 8728 7835 5445 6079 4668 46 5276 8394 7139 166 5120 2630 5551 1754 8222 5013 5636 2796 3201 6557 1814 7657 1628 2701 3840 7198 4389 8799 5397 4970 4590 4677 8087 7461 7694 516 4721 2680 2634 1136 2452 71 1936 7340 8385 3168 1425 6112 864 7352 7198 3788 1271 7956 6071 3337 7391 7668 8930 8958 7219 3729 1797 3414 3778 8132 7695 7055 2213 2488 5544 3799 7873 1601 4517 2507 3556 8135 8517 7328 5764 3774 8986 1882 7056 1228 6275 8915 8821 8563 8727 2501 8152 7306 4213 3872 3613 8537 7466 7127 5435 3680 2049 1415 7587 6421 7821 7225 3186 4736 8389 2231 6547 6925 723 3478 2637 2364 8805 4136 5298 12 6363 1450 930 5757 8576 4826 5196 1644 5096 1700 3768 2124 8517 4191 1016 7168 2331 2268 5778 3121 5157 127 8859 6146 3046 3172 8283 8076 1362 6724 1867 1402 8443 8181 3957 3791 6459 2452 8365 501 8666 8698 5094 7593 4221 6500 7258 2094 8914 2474 3748 1031 8967 1759 5495 6367 8008 2937 1102 2560 6356 1790 3606 4364 7319 3639 3398 6927 5948 5198 5030 6428 1271 7797 8718 5434 3542 2821 4586 6901 7556 6650 1599 172 3838 7865 86 8 6280 2672 7701 5532 6792 6797 2540 1093 2767 7287 7495 4301 7061 5243 1001 1168 2101 1695 5382 7612 5612 1194 974 3712 90 2933 2859 8240 3633 4481 4629 2618 8524 3868 960 6996 95 3005 7816 3371 5904 3939 924 8065 7811 7975 8441 456 7174 8481 4818 19 3205 149 7522 2817 6522 1363 4485 3920 1571 8545 4755 4010 1477 5668 4202 1616 1887 4421 3573 4187 4994 1105 2099 3414 2215 2982 1546 7746 8909 5509 4958 536 6358 4721 8464 4456 7736 3593 6666 7231 201 2214 4881 7771 1231 1532 2718 7723 4783 1404 4484 1618 5052 4380 5162 6367 8967 8712 1647 5842 634 2068 7195 8268 2767 2291 7927 6507 243 6278 866 3113 6382 8765 8667 1369 6306 3037 1608 8848 2053 291 1828 8570 90 3050 8864 1221 363 5366 6623 5955 1826 8238 5160 2301 4385 233 7659 8722 7937 6183 2308 5023 8110 7639 3885 1673 5238 6427 4109 6562 7678 1412 6510 4910 142 770 6947 3520 7930 1348 8454 153 7407 3427 3353 5739 2348 8467 6700 1554 5254 5077 2581 3029 6040 6997 2496 6846 2259 7648 2135 4251 4183 1921 547 6445 6722 1295 2215 3893 6412 7293 7875 5726 3016 418 8747 205 7789 1246 1915 5102 5468 7265 8849 654 1749 3013 2817 8719 1417 5774 8676 2067 467 948 5453 7981 6632 7419 1079 4696 93 7476 2932 8503 5427 3967 4590 3175 3187 179 4134 5518 2572 747 1591 1807 5475 7435 1599 8785 4153 3757 2844 4209 5442 3218 5627 6394 4147 1616 7420 2124 3283 8493 4874 1091 235 8048 1758 3051 6779 2273 8 8911 5641 5659 3628 5736 7585 1989 1425 8302 8655 8036 7461 3968 8981 8617 527 4915 7738 600 2700 7101 8161 6142 3073 8539 5028 8385 8208 359 1074 7898 7308 6344 8832 1090 8732 3616 8688 2582 194 643 717 3708 5788 2958 3638 7187 8946 1762 3030 6903 6028 4681 6169 6209 3285 3267 4529 2632 53 6628 1163 6986 3783 532 1216 7856 6927 6323 6433 5331 7015 2541 3815 6356 339 245 6070 6955 4387 8560 6618 149 1331 3368 3352 177 3765 5638 7910 8330 321 5581 973 5138 6612 5797 5511 270 5808 3335 6882 622 6685 4430 5747 1908 5948 5948 4915 6891 8448 4440 3563 1637 8055 1338 3696 2704 614 5242 8929 654 438 1619 7249 1391 174 8965 1273 8153 8191 2482 5139 3575 6099 7680 2372 7446 7498 864 8827 8212 5484 6299 6043 2301 7718 2088 3704 4767 2767 6127 5270 836 2976 2944 5305 8866 3168 8592 1293 634 4876 2787 4616 4127 1650 2131 5301 8765 1573 6246 7239 8233 6188 7963 7345 8768 8349 5300 2289 1368 2969 2992 5293 8837 1397 8257 2096 5745 1031 767 1097 6014 4539 6469 6556 3571 122 5343 6586 5826 8239 5850 671 8106 7509 890 2240 1224 398 331 2732 8722 4664 6281 2275 7796 2972 3549 1228 2805 7336 3373 4429 482 5130 6989 7580 790 4910 7305 702 1971 7746 1288 252 8927 8539 3596 8837 4100 5027 8804 408 2126 6520 5103 4092 5229 1799 6051 2772 6654 5580 262 1787 1340 7012 3063 4546 2441 2933 3949 3085 7857 2556 7352 7046 7097 5118 3866 2635 3924 401 7832 853 5801 8970 614 8009 8033 1819 5608 1911 6970 5826 5487 4790 3499 8151 4531 3870 1386 7289 5105 404 720 2620 5005 1008 4496 5577 6269 4853 1006 7767 1908 6315 7798 7680 2510 6428 8531 1119 8410 4530 4228 6404 3180 8876 8186 7960 3784 6071 7903 4987 2428 5562 7197 6801 2956 1030 8770 5734 4143 6993 4792 2805 8418 6510 1104 2898 2061 6261 8104 664 379 601 3406 6578 2105 3231 4547 5626 913 7293 3691 5549 3453 6340 3124 2862 1915 6779 3448 5007 50 6605 5259 5267 4725 1171 8769 6537 7972 4119 6324 1514 1957 1070 6961 7192 4490 6867 4391 6798 470 2528 6969 5417 4121 1963 2014 552 3001 2226 2024 2411 8221 1864 6850 2542 8029 4606 6634 4229 5285 2225 3157 1571 6612 7341 155 6939 2223 484 1597 2204 2351 7365 3084 5695 4177 3903 1940 3373 508 8127 1834 432 8647 8388 987 3368 4253 7366 4167 2924 4048 4761 7354 4375 937 4681 6197 1059 6251 2583 5483 3501 5751 7013 717 2531 3375 5971 7843 4821 6345 5 4137 3440 718 4221 2989 8254 5685 5116 3789 5185 1814 8851 1894 323 3150 1658 8085 1526 5433 7746 121 663 1983 5182 989 4628 568 3019 6233 3876 1183 3836 5515 2993 4937 1119 5299 6704 8242 8210 3927 5384 2234 343 3602 5650 2457 4134 5694 439 1246 1600 4029 1749 2402 574 544 3554 1867 4864 4245 8200 935 3311 6677 3786 6784 4770 1958 578 8597 820 5766 8231 7133 5420 5682 1074 8946 1967 4901 1957 8667 4850 5642 5218 8697 7360 5605 3973 5438 2330 1238 5392 8647 355 8847 6634 343 3461 2959 3651 8846 6446 388 6230 7336 4382 2545 7211 5103 3456 15 8276 521 8662 8564 1616 8781 7222 641 3205 8537 6168 3007 724 6875 344 746 8812 8005 1077 5192 101 7735 821 1429 1913 7182 7265 2111 299 1843 5525 5235 1702 7411 1533 6415 7051 5544 4895 2758 7818 7525 71 975 7943 1556 5825 1364 8901 8016 8487 7127 8327 8382 7309 5652 2614 7601 737 7058 5059 2454 3286 2920 5015 7241 7642 3215 4499 2697 4173 161 1038 4958 7994 4702 1627 3250 8890 7732 2303 7065 8900 1817 5329 3283 5068 1714 3479 640 2867 1925 3147 864 4009 2985 2638 4738 5843 4482 4525 5014 6930 7245 1933 7108 1460 6699 6935 8064 2808 5737 8217 8711 4388 8820 932 3523 5918 8061 3634 2367 7152 7380 3584 516 3149 7301 3741 5823 8044 8045 7359 2773 15 5081 8605 2822 280 7793 6802 7289 8396 156 1359 1712 1925 8175 589 6748 2741 7945 5164 292 8832 6533 5477 6042 35 7555 8697 5452 779 7349 8588 7291 3608 28 7249 7824 3007 4878 2882 1538 3330 2418 5112 2902 4482 2807 1468 4057 5017 8607 8416 5089 2878 4563 5052 1809 4876 735 3089 7997 3853 6830 6228 7174 672 6493 8951 1663 3814 6055 3000 3799 2816 4649 4596 701 6957 7797 8685 1231 6894 8396 8193 1274 4803 6195 4295 6532 4562 7828 4412 8522 8208 2783 7854 329 1936 5286 4513 3875 5705 8820 3038 4691 5488 3344 1431 4166 7841 4947 1503 6429 1155 4707 927 6915 3960 901 1258 2814 572 1268 5527 84 2368 218 8352 6723 8218 6762 7136 391 6397 83 5184 4743 1124 7361 6548 5115 4556 7629 2462 359 2030 2880 5884 3836 5769 5550 1540 7496 4528 2000 1999 1724 777 7269 3277 6386 6829 3894 3251 1398 6538 8577 5982 5537 2861 4991 4895 3183 7952 8241 4508 38 3171 4754 7399 8019 5675 546 4614 6657 8155 7478 8773 3810 4794 8891 2405 3799 5737 6310 5447 5452 477 6984 497 607 6002 2548 3638 5340 7648 2921 72 581 7929 1420 7430 5685 4051 568 4511 4022 3428 8187 1803 6703 4506 7446 8612 2291 1973 6556 8980 6720 7188 8712 309 3196 3921 8714 8011 4348 295 4034 2047 6887 3830 7593 6500 7447 5925 8687 8665 4763 6856 2362 3057 1292 1694 5106 5446 282 2596 5402 4980 8873 4585 1882 3784 7917 1565 5815 5826 5629 8504 3279 1684 5989 719 8577 7747 3835 5035 4097 1924 3157 6134 7592 275 6840 859 2089 1973 5468 5275 1640 1252 6956 683 5422 1234 2218 5528 4931 4199 1638 4946 8644 8716 679 6281 6271 8101 5801 4368 5447 1388 3966 34 5074 6245 5972 3385 5067 3975 505 849 4716 3699 4639 1897 121 498 8601 695 5145 6240 1213 2616 4355 1034 6898 1016 1699 6820 5101 2513 1349 2496 617 6882 3396 7346 6797 2617 7170 7237 2256 3389 1072 2866 2767 4286 8520 8620 357 1905 6024 8130 6290 7794 2841 2010 1761 8651 2435 8702 4063 6971 763 2542 1773 1550 8790 2306 8273 5312 5087 4889 4130 1627 206 6708 7782 8503 3439 1042 8445 3041 8270 4624 3661 2125 3519 8671 3617 4115 4740 7848 2071 208 4635 3515 8335 5938 3965 6818 4250 6086 2540 6309 1701 6913 2384 1507 6806 3155 30 5958 4875 1269 886 6449 8224 6991 289 1822 5385 3060 2491 8809 5551 8294 6553 3605 7924 318 8049 7570 2326 2733 3595 1040 2929 21 8714 6191 7613 3677 4747 8697 6186 3404 1015 4513 7521 3261 4139 3079 291 8619 4778 3833 6828 7397 7671 3723 1109 3537 2151 3439 3491 5025 2786 7252 2145 4067 672 3115 2735 7106 3615 4164 4571 3431 8145 6296 2877 8444 4355 4981 4624 3734 8995 1262 6275 8038 1809 2298 979 6467 423 592 5547 1352 7206 2879 8095 3431 51 7678 7861 969 2055 2406 6325 1250 7489 4841 5247 4966 7543 6523 2637 929 5313 3854 5194 5651 6382 6484 2369 8194 2689 5667 3784 5281 353 272 3329 7029 4455 3848 2066 4996 4724 4320 7618 8536 7132 5547 1494 4524 749 1186 5354 1605 5114 7296 1111 7729 2645 8161 6102 8566 3972 3622 371 5804 6074 8107 4591 4560 5233 5492 2349 3166 2980 1589 6015 6407 1626 8989 2150 4425 4498 6961 8505 2255 5290 3615 5028 4320 4647 1378 7796 7089 465 8616 264 6730 7080 4512 2631 110 5037 5012 2075 6708 2933 6161 7590 6070 1088 4426 2530 6771 6113 7877 4109 2850 4026 3099 256 5936 5992 3280 8782 20 5371 2895 3435 1523 5649 4924 2187 4515 3481 8945 3991 5351 7225 8041 861 4113 6330 732 6035 568 7079 5836 1166 7836 2633 3142 4468 1882 3629 6495 7849 8247 2717 2229 7640 5622 2738 6157 1571 6371 5657 5365 15 8141 1979 3524 6189 7890 6999 7892 1513 8307 240 4582 561 1713 5949 2937 2186 6278 855 4662 3365 3826 5945 1039 8320 2793 8102 4427 2086 642 6366 7505 2416 3622 5875 7194 3280 6061 3874 8111 5905 6758 7495 93 7046 3991 8552 899 6268 3932 7303 8459 5391 8228 3611 4952 460 1077 5936 2871 6413 7432 305 1307 4033 7422 6734 589 4931 3535 7169 8982 6426 2944 5854 5837 5163 5808 8687 5568 272 5013 6671 8636 4013 3798 3717 8527 4372 5020 1631 8162 3170 5763 6592 7670 5630 491 8044 8118 5606 7600 570 4942 6015 6016 8472 4665 5230 5278 4087 4692 5384 5689 5913 2116 8614 1874 1 7814 1131 3797 3938 8239 3463 7585 1700 4421 7371 5366 805 1877 2856 652 4622 7728 4335 1648 2566 7626 7679 1182 6355 7422 8763 5514 7105 8714 229 8261 2327 2287 4995 8905 1662 186 4130 5441 8077 1913 5722 1154 5493 6097 6584 3532 1687 2824 7579 6841 2915 618 6872 3163 3196 6781 6901 695 4313 4454 5563 4691 2662 779 5334 5583 5645 7318 6521 6408 7989 1107 8517 6575 4529 7568 2804 3747 2752 5830 2780 528 7567 4131 2823 726 5071 2195 5769 7067 4201 1016 6017 737 985 5676 2133 5312 7866 8225 6111 1870 751 2840 7918 1664 2871 8924 8549 8934 7612 5501 578 2901 4014 5916 6178 7598 5222 3927 3203 2581 3950 7789 6445 3378 5457 1229 2349 7977 5663 7195 8853 7709 3450 7180 1595 6135 1754 2255 4805 5318 1818 2052 4125 6279 1759 2625 5290 2801 5487 3146 5839 2614 733 7747 965 269 7745 1154 3904 4988 7107 8624 7999 3518 8658 1615 3662 6054 7449 6969 6684 765 5024 1299 7133 4462 1845 5810 7840 7425 4640 8472 494 711 5756 5865 5752 7754 7608 2501 3725 7166 6421 8204 4322 7062 5759 3029 130 1319 1123 1412 8712 5184 5173 6915 2536 927 5813 7344 8976 7840 87 6362 3120 2315 3457 4599 4971 1978 3437 5490 3820 2721 8282 2358 1644 7345 4954 6714 4365 913 4294 4635 6142 8222 2446 6244 7751 2929 4973 63 7821 326 8661 6650 3219 7314 2093 1511 5449 263 3860 502 8827 2139 8377 6081 2644 434 1020 6878 5418 3449 1399 7495 2148 4935 2472 5183 2401 3936 8889 7011 2920 3117 772 22 7920 2334 1482 2745 8309 8751 1578 7387 7059 3369 192 7664 3068 1806 8034 422 5608 2441 5256 3035 80 8150 7715 8700 2183 2881 4823 1478 5867 6965 3948 3469 4765 222 2744 4665 7947 3530 5638 3609 7813 634 7900 3381 5902 2231 6469 4575 63 4252 5141 2396 3637 1933 5045 2376 6286 1660 7456 5859 5292 4863 2438 64 7859 7951 1228 735 4197 1009 759 910 7091 1507 4696 83 6599 3413 5057 2789 4069 5527 3892 1075 3063 3420 7009 703 6393 7082 1686 3786 315 4979 4147 7129 3857 5083 6978 1724 6650 882 6679 7522 1616 4494 2696 3855 6929 8315 6486 5413 122 6943 1507 8159 1715 464 4209 3664 391 4222 3896 6243 4241 4677 6739 8597 2490 1451 3141 3974 7454 2843 8457 362 2989 4445 879 142 8752 2166 2695 3642 2326 6562 8370 2989 7918 4476 6767 7756 3973 8948 8702 8219 6048 4869 4280 4452 6344 2380 5341 7233 7104 6904 2479 8856 4642 7124 8121 3422 7538 7720 5060 5360 2500 2634 3903 7751 2126 1405 6527 387 8192 1625 5503 4043 3919 1183 3821 4523 1936 6845 8126 4841 2087 1850 8605 6578 8234 7956 4756 1601 7006 7668 1415 2342 6958 1490 415 5487 780 822 6688 7457 2937 4863 7534 5833 1089 5001 4528 1640 1744 5623 5976 633 7794 2382 2051 2540 3239 7264 7497 92 7079 2681 5255 8322 1170 1336 1666 668 1273 2439 8629 799 6596 577 1967 6586 2015 758 6179 2276 8334 6672 1761 7790 352 909 8205 3430 1645 513 8437 6423 6719 75 1169 2901 6644 327 1023 8580 3650 8816 931 6222 360 7504 8879 4850 4749 5874 5754 1161 2965 3542 3590 1078 7284 977 6848 3784 4435 7484 5037 6445 5009 4398 1627 6282 1191 5413 5404 113 5580 3981 7593 8976 7487 7590 1503 6309 711 4367 642 3951 4791 3372 2550 1442 5258 8160 7735 6747 4761 1698 3054 6358 477 4933 7958 5472 6506 4628 633 6040 8580 1678 7527 1657 6681 3825 5076 4809 3217 7279 6676 3527 4671 3411 59 4713 1990 8766 7733 5781 2448 2561 524 3253 8210 5788 3207 446 2141 3359 6148 416 3843 7941 151 751 6070 7754 8423 1205 6707 7969 5816 545 5478 3884 1876 7423 3761 3234 102 200 3956 1024 2466 1530 5605 893 1054 3032 2794 6984 8169 7705 905 729 7786 6758 7839 4203 8635 4996 7570 5339 6907 8934 2660 8917 3970 6504 5409 2602 997 5410 4864 4240 3442 2093 1437 7499 2652 7206 3550 7112 4486 7604 1437 4916 8403 5140 342 5492 189 3962 7701 3846 3045 6032 282 1112 858 5534 1178 4938 7730 8269 3977 4822 2493 7921 7295 1831 7170 7215 1567 2053 2803 7017 7995 5717 2066 5539 124 7725 3073 5666 5717 588 5913 8416 257 2330 3088 407 2718 912 2502 2310 8492 5882 3079 381 950 6707 4187 1413 8811 1488 1115 6847 5444 6653 6698 4574 2850 8755 54 3390 2541 1751 5554 4423 5527 4706 5268 5870 3217 8664 4158 6279 4850 691 1284 1939 3133 1124 4193 5646 1524 84 3310 3030 921 4728 6476 1632 1051 6868 4211 2267 4773 3080 5974 367 3684 8383 5531 733 971 6052 5111 7875 489 8728 5907 763 33 4507 847 3151 2925 6736 2846 1550 2991 3687 1531 7429 1362 8059 4910 8362 6642 1947 7796 3905 936 3221 6189 8679 8978 7870 7056 8653 4186 8146 4001 8004 6353 5687 7207 1768 3375 3369 7910 2569 2876 7095 6471 8097 1354 8280 2923 1405 1543 978 3800 8927 8120 2986 1132 1820 6662 4137 1882 1521 4731 3607 1588 5721 3796 6262 6682 2582 3872 7119 6170 8742 1886 3937 1437 8836 8799 3670 1400 6116 8624 4342 8944 1449 7164 3953 4101 6693 7741 7552 8484 5937 5886 7049 2691 2791 13 7070 6066 1127 8743 6356 2273 615 127 7157 4036 2654 7149 3258 4908 3862 2154 4337 1835 1857 4639 8071 8434 4090 1131 3171 3319 7510 8477 2235 1332 7571 6159 8266 8128 3070 3398 4457 6822 4361 883 4790 5052 7523 6383 1861 8856 1080 8925 501 3530 8005 1202 2438 7856 2271 4452 4737 4272 1300 5142 7017 7196 2238 3336 5049 3409 3093 2925 150 3415 7363 7533 3837 4938 3477 7486 139 7217 1344 5567 1918 1003 5658 5130 4842 2865 3174 3394 4069 2998 572 163 7537 5597 3853 3580 2742 4833 5154 2337 7102 6542 2116 5004 3507 4873 4161 4566 5510 3578 7469 741 4618 5703 2817 8958 529 4073 3375 4647 588 7925 2408 6000 4289 6316 937 5567 2355 8391 2768 6527 5334 6882 7487 4932 6993 6482 1510 7154 4847 5363 724 788 8091 6347 4382 4298 5029 4014 6205 8733 5472 823 76 3619 1558 563 2359 244 4329 6850 1192 1221 7691 1848 3101 8080 4169 4521 3191 4955 8095 5748 24 2758 188 3987 6031 7198 8330 380 2824 5823 362 3325 6875 2989 5003 408 4622 1066 3045 7775 334 5057 6221 8638 5857 2178 6493 7493 3465 4402 5539 4666 6109 1562 5571 4451 978 6792 2236 644 8484 5815 6603 2909 8055 3145 1189 363 2819 417 2884 19 5151 4314 37 4558 3282 7920 4023 6667 8634 2108 4735 5923 234 5157 1931 1179 3608 5226 3583 3793 4627 8848 2326 4365 1105 5213 3183 2743 1832 3740 8521 6932 4027 1171 8878 6282 1949 8327 8654 3903 2206 996 1100 5923 6465 8355 3636 744 8237 2087 5774 5940 8756 5626 4766 4150 947 5265 1858 6088 5674 7374 4290 2654 7878 4977 8759 3105 5890 8221 1847 4352 4686 821 6910 6900 4722 8080 248 2798 2733 6513 7525 2163 5033 8102 1957 5686 1727 1861 6957 3545 733 761 7013 6977 3044 3678 7613 6402 2054 8239 2337 6431 6546 7024 6305 5321 5950 2290 6965 2234 5834 1139 479 7941 3279 5669 8024 1993 8640 1892 6921 4202 2700 8080 7171 740 6771 8857 2910 4158 4287 6409 1558 5931 6487 4377 5535 396 2300 8961 8294 2256 719 3139 2121 6527 2279 1777 638 7697 6277 5822 2196 4410 7887 5274 7559 4517 51 488 4086 8487 8420 6941 3840 6903 1988 39 2197 2713 167 4057 924 4199 3905 6426 2748 1576 5390 4902 5455 8248 8713 3386 7528 7247 6534 7130 103 7048 3956 3905 5869 7551 8083 5442 3507 4436 162 5034 6597 6596 4723 390 3706 5689 1775 4791 7965 2040 707 2616 866 3603 1751 2758 8597 6195 860 6736 3392 7390 729 487 2352 3017 4761 2606 3382 3659 4072 2 3515 2290 6695 971 2204 6686 7946 3121 8724 2138 4366 8458 7394 7225 4041 8404 7330 4365 2026 4410 7779 4283 7052 2605 8081 6252 6744 7169 8316 4694 4791 52 8729 2926 4482 7862 6243 7921 7313 5050 3173 955 2666 8162 6940 8144 5278 6185 1640 1368 1293 3423 3590 2596 2240 3362 8516 5709 8347 5929 1228 1570 3354 7479 7250 888 6232 2248 2430 5669 2590 5146 5275 294 7350 1603 589 876 2528 1681 7610 654 1854 5708 523 1330 8863 7812 3741 6218 8004 1726 7872 6966 2419 7814 1151 1463 4675 3341 6114 814 8500 3016 303 5035 5521 2639 6108 5399 5227 8794 6045 3291 8386 4650 1580 2400 1481 3224 8867 6774 3966 3654 2730 8960 6685 6919 778 6093 1009 4561 6225 2808 6453 5446 2972 6019 1173 5311 5493 6625 6767 2454 8090 678 3327 2687 4333 7311 2826 7394 1621 2982 3354 5375 439 2662 8755 1122 3843 1741 4924 4162 2268 6103 6696 5837 3122 5614 4529 5122 6849 2452 8232 202 5401 691 867 5378 797 249 6076 2207 7814 957 773 6991 1275 1026 1075 2496 1491 5328 5503 2808 571 2282 382 2816 5572 1359 7046 9000 2499 5532 832 2020 3993 1649 5595 8447 2921 6523 5417 3493 6819 7669 341 6780 2704 6849 8840 2629 3846 8620 1019 432 3972 7512 8479 3419 7284 5065 2367 4620 7918 1374 6517 3018 2196 7341 457 2944 3235 1156 443 18 7561 4835 6710 8603 1125 7684 6545 2918 1003 8018 7590 4797 2995 5635 2703 8657 8748 1318 3743 779 2905 883 7633 5617 1536 5555 3121 2723 6106 2100 5611 6879 6838 3066 1367 7314 5150 4556 280 5353 5564 8866 8818 3999 690 7987 5957 5486 5480 7928 1181 8944 3436 7070 4836 2387 6919 3712 8027 4132 6193 8944 4911 3772 6151 4539 8643 8658 7890 5993 6667 126 5534 7652 5218 8380 8704 6462 3365 2937 2734 6758 4856 8347 1882 7154 7683 5054 5781 3601 6600 2426 317 4337 5945 3416 811 1764 2123 5721 99 7982 7410 3522 435 1379 2231 5453 5974 1930 6225 965 5791 4863 4645 3220 5085 1508 2212 3721 5069 4014 5941 2326 1664 352 3631 764 3012 8263 6234 4676 3100 1556 1994 3806 7114 3290 5927 6752 7441 1201 1263 2673 5741 8506 769 6850 4048 786 368 5282 8700 7394 3875 2703 7564 4360 992 2529 4074 8549 3731 2584 8154 2977 2754 274 215 2500 2958 4515 8384 1524 3743 6596 6761 2502 8382 7055 8370 5340 6131 7970 398 7054 7984 1542 5854 2481 1812 5176 7499 802 6757 4770 1623 8571 6478 5171 4065 2670 2062 5293 2890 8151 1733 1110 3888 8890 4137 1519 3806 4449 7086 4310 836 3770 5432 606 5311 8844 1341 4883 816 7457 2653 892 5653 2942 3006 1009 7184 1456 3457 4542 7829 1047 717 7775 1078 8899 6503 5739 1315 507 673 3269 1544 2434 6408 502 1661 4999 8718 1746 8161 8845 7224 4961 359 6751 6213 7752 1897 4382 3149 8375 4244 160 4565 6277 2268 2882 8226 902 4150 835 965 8495 6041 7327 148 5953 6287 8166 5892 5953 4551 5979 5107 7966 7598 8670 7156 3848 8360 4698 3319 3426 1401 3967 3963 6249 8786 5683 7257 4698 7533 7569 4343 3105 1504 8753 7753 56 8389 2182 3394 2322 5985 7566 7089 5830 5224 3153 8951 586 3277 8596 4031 892 546 8548 4855 4498 5308 6595 5762 104 5568 1201 7396 8269 1225 993 4934 1685 8389 6286 4388 7766 8736 5427 6866 2788 3202 4800 2233 7525 70 1274 5475 5954 2182 246 8779 7353 4562 3948 4733 1388 6801 7443 6227 8433 4792 5728 7480 5250 262 6628 192 597 6283 6187 6985 8307 2370 4296 241 1181 7863 3538 8636 583 939 4614 2758 2155 8800 6982 5074 2178 1830 1261 4591 8821 6245 5308 6239 5996 2486 8427 150 8714 7037 5703 1114 3001 4841 3299 460 2858 4582 7419 5849 4377 4488 7665 8430 3200 6281 6009 5648 3692 3311 8308 6532 1076 918 880 3144 6423 5472 6759 768 73 2577 789 7388 8441 7490 5178 522 7471 7446 121 4795 1083 3253 4687 4388 8376 7600 6799 1048 6968 8998 5555 3220 7028 3481 711 7250 7370 537 5335 8901 290 4517 1765 3921 6456 2263 1604 1082 2775 660 1779 4838 8612 4356 8664 6754 6510 1605 6332 5623 5281 440 8744 3731 3096 4936 7159 1720 5934 7387 3788 253 6925 510 8417 7504 3390 1172 4798 3319 5244 6821 8217 8751 616 7642 2443 2711 3079 2267 6626 7990 393 7135 7718 3875 1482 5140 3814 5066 2797 3355 7426 7221 2012 1826 3164 7569 3306 8733 2021 7684 8994 6343 1642 7348 7420 5587 1714 7761 4543 1007 5857 21 4330 4451 6610 1387 6628 7611 8162 3283 3097 2944 7129 157 8716 2981 718 1170 2947 5836 7572 722 5794 1675 1486 6754 7186 8453 5741 4433 3032 6306 4671 6235 2321 7281 3355 5121 8943 680 2537 5822 183 4147 171 3251 1569 1987 3619 8474 2133 4483 6804 4872 3712 1482 543 2173 6509 5334 4240 2620 1488 1295 8124 3581 1776 5446 5355 332 2348 7035 6808 716 1031 2962 4322 2120 7635 8268 6129 6082 3953 5392 928 7963 3723 8490 2793 2469 3430 1695 1268 7189 4211 1434 5942 1918 1460 2525 5200 2600 4598 7881 3074 1376 4454 825 5568 3742 5642 2488 2681 7809 4224 4728 3656 7980 3231 4312 5987 8257 760 74 8178 5827 8702 2645 5373 7175 8753 237 7092 139 4065 4313 1676 6728 8794 3910 6327 5558 7585 6903 6590 1061 1049 4285 6863 3814 271 5342 8118 7706 6106 8780 5960 8235 247 445 8633 8741 4216 5831 5892 1464 8164 4090 6330 1534 7080 4238 6120 1795 1770 294 8243 3592 2855 5971 8885 5943 433 2341 5604 1294 7700 2697 1702 8442 5360 2729 6296 4007 6101 6081 1225 2038 5795 8739 608 7923 5729 5165 8278 7539 7228 5063 7717 8951 2372 7014 7249 6169 2942 3114 5353 4929 4357 2437 3996 2057 6770 7331 3744 4355 6659 7229 2676 1919 666 2293 7063 2025 3445 949 4699 1883 6505 3360 7770 1170 3609 8223 63 4109 3490 5451 6809 5619 3882 501 4754 397 3771 4414 7094 1844 1599 7691 6136 1763 3323 8999 7368 4425 4506 7891 1535 1971 8848 1530 4429 221 7220 3941 418 7386 402 6611 5388 8448 7404 7565 5569 5561 7513 6717 5593 6073 5852 7297 2380 7702 4692 2847 5972 1890 3786 5788 2321 3889 5164 5652 2818 765 193 2583 5564 6040 1035 7074 2638 7197 4541 5829 5998 5218 6690 638 640 6824 6878 1508 3006 3190 1552 4372 2992 6847 6318 5327 7972 7491 8049 3392 8285 6327 7037 8593 8694 1812 6308 3708 7497 1534 5248 8566 4445 7994 5362 4868 4991 6452 8813 4481 8380 2713 5972 278 6693 4324 7873 3932 1676 4220 3052 1710 4297 6726 161 3157 228 6525 7685 5683 8894 7810 1810 8630 5399 3381 4385 16 1187 2942 3240 5758 8052 3830 8849 5060 6644 5192 8180 3221 3732 6160 8654 40 1023 189 8613 7123 4337 8601 5969 6739 5576 3948 5089 5960 61 3478 1708 3710 198 6152 8422 7667 6751 3943 2364 6306 6134 6810 1072 1154 1455 7204 455 3626 439 5548 2177 7536 3643 2884 6547 4851 4513 8183 816 7007 8749 4632 7293 6616 1692 6238 1694 1705 8506 4697 3004 7377 1284 2049 3137 4195 183 928 1894 8666 6111 4048 6086 6603 6693 5943 7070 1668 5536 8256 2379 572 6779 577 4072 15 7404 8697 1240 7537 2338 8080 1354 64 7902 3515 6526 23 7462 8897 7068 6304 6744 7148 2613 7214 6913 5770 4128 320 7353 4078 1203 7083 6465 5343 3056 3893 8339 6985 3351 5476 7033 2430 6535 8050 7607 1593 7937 4038 8456 7885 7919 579 7440 5579 3875 5318 4125 4367 820 1708 178 6746 1663 7094 136 371 7000 1144 8128 1493 1581 2184 6723 6411 5255 4336 4452 8602 1168 5193 2859 5121 6067 4017 7819 216 7597 4779 8430 3751 7117 3332 4269 5292 7601 4897 8589 6938 666 3880 2265 8578 649 3000 5439 6998 573 1418 2244 1495 100 5448 1670 8767 1421 2020 1673 8341 794 1216 8183 717 1426 2348 3443 4773 3543 229 8752 2055 1619 300 2265 6868 1377 7189 2714 6264 2401 8772 8064 2856 4010 3165 3204 3592 1594 2386 4271 6159 573 8346 2653 7238 2205 8457 7633 8970 249 679 473 217 5200 2211 1839 6745 6713 180 7642 385 5323 8583 5835 8571 8999 5702 7970 8047 8723 1738 3564 8317 7198 4726 8955 4719 2645 8630 7002 6324 7319 76 6113 463 2711 4273 5498 1708 8747 8478 2549 7742 783 8372 416 8259 5725 3413 561 4602 8087 1362 4538 7555 7397 5533 3030 6989 8345 7053 4169 6693 6794 5295 7542 3273 7091 5899 5694 8473 2265 7088 3724 1335 2819 601 7788 8336 8876 3010 3537 5435 8747 3237 7749 478 8062 1392 3437 4350 4962 2722 2916 6416 1409 8462 3323 1864 7221 5762 824 6891 5658 6670 8281 2931 3855 1651 8847 334 1621 5927 7613 4039 2827 6846 5036 4794 6637 1478 5362 4732 7690 4705 3760 5228 6224 6721 7071 769 7408 6084 3935 2684 7899 4221 2878 8345 2532 8450 970 4916 1152 2657 5449 4367 5791 8615 3692 5107 6701 1359 748 8959 7673 2049 2754 3135 1662 5332 3424 5056 98 7458 2845 4287 1315 8635 7101 2243 6838 6338 2075 1193 8310 4326 627 3862 850 2697 1161 2512 3913 710 6775 7612 868 950 4085 4841 741 2060 1730 909 5147 8350 6280 5160 7829 1034 8651 3804 6743 7599 6700 7759 2535 6097 1528 4701 3545 1651 3121 4482 2282 2050 3223 2818 953 5171 4440 8257 202 8697 7081 3322 6496 2516 6923 4972 4521 5652 2779 2289 8273 2581 380 5832 2505 28 4706 6128 7370 8674 5222 2112 3995 877 4424 3182 6976 8199 6931 5127 3148 2355 3270 521 1582 6747 7663 1973 2181 2366 3998 5981 3446 1279 5758 2152 4848 1344 3423 1603 2201 8741 1620 5331 8475 8004 3175 5310 134 3075 4396 7007 8884 1538 2812 3002 6200 7111 4426 426 7877 6765 7151 3759 7360 8231 6960 2385 7686 6748 1801 1665 6497 7443 6622 2056 5914 4240 3281 6937 8157 8864 6795 5772 464 5430 2507 1151 8984 1762 4440 4606 2330 4250 6074 1763 4146 7339 2018 1430 5307 7349 2286 1770 3747 7293 2013 5476 881 974 2048 5798 996 2994 1469 2554 4759 2667 2860 3317 3419 233 2359 4551 6503 8986 8739 24 7338 613 7641 5003 2618 6585 3879 2551 3729 1357 1772 6744 1922 6657 625 325 6010 2281 5924 6503 1312 5990 7406 2064 6143 2402 5318 7174 7852 5429 2721 7347 8278 1735 8513 8783 5260 2307 6310 7049 8855 3055 8074 4433 2698 8323 2711 850 6786 7988 1608 6240 6428 3689 6062 5580 4968 621 4319 6563 4248 5937 8155 2553 2379 2186 1070 6317 7668 7611 257 8520 2985 3426 1458 4332 1745 3900 512 2593 5984 1834 2313 6316 8638 780 5827 3956 7675 2329 2109 4044 5582 1620 1292 3506 8616 3234 8829 1358 8139 112 6547 3895 414 3996 5416 210 5510 911 8074 2343 8605 7877 5364 8021 4065 8053 2866 7942 8174 177 5564 3362 6619 3573 941 2241 8003 7223 6028 15 2196 551 8277 6698 3218 1592 1808 1921 8593 6979 4904 6157 7116 3316 1085 5258 8960 8583 8824 6857 5928 5640 5082 6327 4311 7905 6784 6807 8 3298 6792 4238 4942 7957 3494 4459 1412 7478 7487 6849 2789 2567 18 6965 5332 2413 6671 4826 3502 7472 717 3763 2779 355 8705 4766 924 1207 2565 7615 4031 5755 6172 309 8918 5152 4138 8339 2437 3623 1225 1331 7317 3244 7793 8929 5360 6041 2995 1486 6073 956 3943 224 2294 1952 1810 5463 7919 8028 3550 7823 3556 3014 645 155 1264 8288 3347 8435 6154 8519 6368 8685 598 8280 6603 7406 3779 5461 4968 2624 7376 306 4388 4177 7033 8966 4998 1565 2721 548 3185 1270 6334 6564 4093 3479 925 3938 4031 7394 2265 8169 2055 7294 8328 6104 4694 2100 5445 712 2077 4028 878 1658 7885 5168 1943 7436 7170 7595 7667 6534 2075 4946 6496 5647 8149 1774 688 7856 3174 966 3983 7571 3570 3197 3933 5408 6218 6091 4691 6285 6314 7274 3735 6817 8142 5876 4271 5628 4613 6203 496 3460 3999 1589 3313 3321 5508 995 6152 1872 7860 4966 1824 4068 4567 467 2580 897 8242 7165 3585 3401 6553 8850 5560 4681 8074 1635 4745 5101 7818 98 6667 2358 6742 2304 837 8022 6371 8706 3773 4792 5458 3241 8744 7601 5991 3524 3540 3543 4498 6181 4725 2628 7167 5015 8692 1976 6738 6508 5519 1088 8364 5864 8829 8991 1517 678 2300 1829 8399 8844 496 1454 4322 4880 5444 4779 8280 1900 76 7750 1952 549 7513 5991 783 4297 6146 3909 2703 4844 5337 5375 3190 5994 1613 6076 6653 2741 7568 2267 3294 8272 8900 2578 6653 4603 5916 8427 5963 3983 2608 7942 5567 3901 8216 6962 1190 2610 4127 7673 7058 6354 72 5856 5818 3103 6102 6135 2339 3682 6574 1263 8909 6779 821 7934 5027 8365 1536 283 463 505 2666 6472 8428 4133 251 5686 1867 7664 6160 8089 4907 1455 8075 2658 4902 4572 3192 7428 683 3357 3723 3872 270 1712 6266 8530 8941 5901 6664 8192 3843 5441 5171 5463 3486 2203 1479 8176 3989 5300 6763 6293 8397 4507 3669 5301 8601 8614 5263 3294 2767 7375 204 4148 176 5572 5164 5810 3594 4334 2870 2955 8407 1599 7459 7673 2215 867 4781 2112 4020 3621 4457 2388 5042 7072 2832 4816 1119 4506 2646 2201 699 4030 1833 6725 4264 7921 1103 6314 1085 4989 4035 6276 3769 1416 1107 7356 7807 500 7215 4646 8635 7280 6930 3124 7476 4731 4401 2125 4075 1259 5719 4369 7778 4622 2087 4826 5255 5778 5893 5756 63 7212 8815 2511 3017 921 1442 306 7258 5323 8680 3118 5794 6273 3769 2707 8251 6532 2161 6495 5240 2174 8346 6416 8646 4171 4693 483 1027 172 2641 6354 3756 3988 4553 5059 3521 6190 4483 2504 3215 8141 4697 4205 280 4556 5751 2153 8415 3066 4144 1194 3656 2516 1836 615 8314 2821 5240 40 7792 4727 5140 4399 4483 452 150 8917 3365 1775 4741 2391 8054 7945 3038 3224 7584 5250 5169 8888 6707 5579 6131 6418 7751 361 6302 3356 98 5596 7258 2445 5100 1993 4166 5878 7236 5726 729 6507 487 8433 8978 3657 8912 3450 8549 5176 5884 5010 8382 4491 291 2121 4128 604 7889 5168 4592 5027 7153 394 1215 4869 6528 7020 6207 6240 1633 1244 2298 8634 2873 4084 6530 4437 764 4602 675 8060 1293 6492 362 3934 7930 4444 2351 8942 5347 3875 8056 2297 2082 4890 8050 3514 4279 2280 3162 1368 1747 3655 1150 4405 5199 5336 5795 2258 3806 1532 5811 5209 6611 6746 4938 3337 2850 5031 3487 818 3268 662 1251 5861 2458 528 5664 7049 5621 7230 8672 2252 1803 1542 7040 2211 5497 178 1289 7496 99 5247 1577 7594 853 937 7335 1928 803 8785 563 8793 2095 6100 4398 5735 3908 5468 4818 2142 2821 3298 4885 1660 3510 8417 3957 3405 7409 5004 4147 1261 619 6348 4443 5387 8671 4926 4473 6098 19 4410 8428 3407 8980 7681 5244 2908 5915 2614 7516 3511 6657 1269 2711 412 1402 5273 8969 525 2634 5964 777 6459 2392 5115 4520 3977 7420 6140 4388 6292 8660 7684 3794 8318 7304 1184 7751 5911 2166 6169 8459 1826 2528 2762 4913 4862 6841 4809 7760 7451 4471 949 1971 3842 626 182 1762 5265 289 1560 8937 7292 1244 5965 6397 2918 6797 5470 4815 4569 6683 5548 7861 5570 2969 7477 2542 3794 5845 8257 7231 5189 3861 4895 2824 7315 2300 5766 1076 4998 1585 3199 794 3200 6790 8510 6358 5306 5379 1926 1613 1358 5814 2423 4172 3157 919 7834 1297 7540 6322 7030 3220 7442 1605 5805 253 5814 8789 400 6631 5022 548 5237 3063 6099 1121 8514 6250 5444 8466 1660 1950 1164 3572 1920 6598 6669 4078 1112 4626 1802 8418 1959 7568 7448 2612 8871 3044 6687 5409 6818 1785 8655 7091 592 3967 6767 2622 4374 7643 4760 7596 7554 122 5403 2502 4175 8648 8251 1 1227 6285 1985 1439 6827 7420 1768 2077 2483 5846 8331 3106 6623 2772 8994 2600 2216 8722 7226 3199 4204 1935 6893 1278 4146 909 5173 5918 2560 661 5414 4848 2896 6015 5571 2131 2818 3267 8891 7913 8531 91 3072 7899 4860 1201 6637 3640 4027 4729 5936 7721 1101 2788 2952 3575 5740 5599 1678 2873 191 4874 7510 1299 5778 7810 5481 8978 4007 2427 29 8729 6107 8374 2854 4051 7807 7101 5369 2766 1444 7595 3467 1242 1150 531 758 3352 3410 6886 3362 1272 4368 2068 6176 3824 4080 2203 5413 5234 3437 5465 5982 7041 2729 1580 2313 4107 8506 6079 4041 4682 4963 4588 1846 3459 775 2607 4819 4878 3150 8133 6718 1552 8367 6877 1279 462 8299 3221 8373 6843 2523 1596 8305 8403 7053 5264 6872 1325 8542 5852 7226 7592 705 2661 2727 2827 2739 45 3654 7901 2507 2795 7616 8024 1567 6270 4386 2150 442 7084 5538 2055 7710 1505 3589 7575 789 2947 1523 7203 6404 2178 3505 5492 3568 1194 1479 6860 1344 6971 3957 3929 1126 8259 3352 6358 4701 109 5842 7626 2403 2433 7156 5454 5706 2796 730 7979 2166 3363 2478 4807 6644 5952 6865 8370 2948 2303 3097 2806 5852 923 3624 2456 1046 37 8146 2376 8608 2386 6532 5795 7368 828 2561 4843 5895 3090 6311 2356 7582 8105 6241 2968 4309 6826 6474 1059 7164 5389 3647 5195 5345 911 2715 6082 6265 861 7297 4716 949 4952 347 8496 602 6355 7308 4204 2387 491 5112 5950 1683 8511 3183 7897 178 6470 32 3664 4471 1098 6078 3107 8721 4263 2505 5875 7708 4257 2082 2425 7755 1119 8063 8344 1585 4820 6069 7406 5754 4967 7996 2494 3812 2424 8903 633 6775 3790 8109 4481 694 3537 6173 6386 679 8937 3022 2880 4991 2902 2241 1905 2389 8839 4200 8752 783 5964 3678 4292 4237 2753 344 3536 321 6488 8548 7086 3354 5701 345 3064 884 7197 2772 6561 1406 2335 1552 6843 7623 7194 1747 4458 5256 3161 5651 5819 955 6204 2926 2287 1946 2301 8445 6851 1101 2229 5495 7349 6983 4180 4408 3461 3978 5290 1195 352 8448 7864 5948 7159 2719 5694 1060 8292 4698 8994 3612 8773 6908 2382 8701 6914 2493 3428 2107 1454 3014 5150 7995 1582 1730 457 115 5070 2789 1026 1756 5881 6029 3554 3162 5155 4574 4225 6157 4122 7831 8361 6844 8547 5976 7807 1319 4754 1318 3653 1339 7753 2285 8280 7350 6481 4934 7354 3342 8816 6094 7864 8383 6772 5957 8511 7014 3451 7288 7850 3979 4301 6044 3430 7590 4911 4156 2178 2541 6366 8716 4043 3190 5233 4637 470 2505 5918 3334 3773 2593 1316 2208 5277 5201 3798 1106 5750 6060 5192 1874 6710 6848 6369 2422 4028 6454 1895 854 3706 7382 8600 1957 6681 8606 1562 8437 3975 3876 1734 3753 6830 1695 2880 7423 3742 5270 6967 7916 3323 839 4755 2809 3977 1585 1960 7922 6308 3624 8007 938 6554 3292 7076 7973 5928 1904 1686 3275 4038 517 8286 2060 1812 7546 4162 1842 3119 1806 1912 7223 8154 776 5848 2416 8495 8884 7550 1178 4207 4082 88 748 8079 6802 8320 338 4899 8518 7702 162 3445 2930 2828 4954 804 4620 3186 4674 3833 8614 2386 505 5138 8158 7810 3433 941 1603 2457 1159 8119 4796 7562 6203 5130 79 7086 7202 6988 5341 3302 1748 2845 3230 3102 6710 392 3939 7159 7877 5779 1349 976 5023 5360 7839 7639 4977 7278 1472 6765 5304 99 7262 1953 1118 1349 227 6150 7668 6935 429 357 1668 2321 1428 3354 7218 5567 3872 2354 4495 2922 143 2628 6448 1678 3763 1080 3891 5594 2633 5036 5393 1227 5621 2308 6851 3607 8312 8211 3198 5240 1402 2186 228 7277 6752 3204 8214 8956 2761 3500 4451 333 2454 8580 3112 3478 7269 4447 1808 4924 6279 6867 1385 8316 5063 1947 5344 4782 7606 5597 5353 8066 2305 4703 437 2046 7153 6182 8218 6543 2913 1546 2111 2781 8280 6189 5261 60 4729 2313 4199 3994 2764 929 2335 7199 8799 5851 4762 5376 2128 4959 6676 1368 8328 41 3542 6051 5705 3238 6946 5350 1495 6721 7859 3610 4024 6234 7987 4164 6045 7138 6084 623 2416 4934 4131 8306 1029 4941 7787 1119 2070 5954 6653 2060 819 206 5454 8284 2348 6382 1776 824 2383 7274 497 8420 1629 2927 1517 2693 518 748 3822 2644 8101 5127 264 8730 3748 8828 5577 1540 235 4246 8936 1634 6205 3073 3319 2186 1837 6768 6462 3526 6538 5223 1664 8696 3514 3717 4098 5679 830 4937 1355 581 844 5786 3125 1026 2808 1286 8939 4878 4692 8721 2539 8755 446 3264 2788 1936 4549 3646 5881 8883 2845 4095 1949 5471 4744 6016 2325 6459 455 7492 576 6343 5129 8388 1440 7495 8535 340 6825 4898 5042 7556 657 3391 7200 4763 2774 2748 2793 5811 5680 2612 6231 6908 4279 2112 2816 5984 5766 6938 2173 5957 7662 6750 2941 8420 8255 5407 4898 5799 7663 5414 8000 6229 3922 5567 3261 3473 8631 1782 2419 7524 6495 8677 6124 7226 2079 253 5731 689 7983 4267 1512 3141 6662 3969 7518 2027 7793 5656 4463 1749 7732 8035 2456 705 1588 6771 2492 4494 1109 6005 8556 4091 3741 3947 2712 3160 5065 649 882 3848 8121 5208 1460 1297 714 4467 837 4702 5991 1080 3500 8010 8650 37 8135 8718 7007 837 372 3631 6400 8074 4515 2224 5496 1847 4336 1778 1958 1541 1117 1143 7065 8218 2501 5370 1543 7384 1501 7994 2878 4307 4399 6549 8446 2675 606 8480 2866 3538 8108 7214 8565 8159 8278 6950 379 3841 4037 5500 5039 4022 3584 3679 3678 3332 7069 8173 1169 7540 4660 1079 759 8898 261 7755 7110 6076 798 7235 5983 821 6206 2416 6876 569 7170 7760 6769 534 4977 3959 3235 8286 2515 6228 6973 1095 5845 2281 7232 5223 1844 6999 2073 332 1870 217 840 4542 1631 8887 3668 4680 6529 5684 1909 5721 787 7500 7139 6620 1112 57 6229 8525 4489 4127 4200 8681 4512 1765 8504 4379 4112 54 6927 851 7170 4235 6868 8696 3614 503 5725 2605 3791 1423 6083 8945 168 8733 1081 3869 897 1072 7758 8817 4759 7003 5159 6688 7208 1511 7843 3745 4046 4315 6363 55 1645 6969 8849 3933 89 6065 4622 6873 5392 336 3871 3378 3950 2765 4801 6059 6849 2538 8698 1513 183 4234 4929 1107 204 1499 2746 5194 1356 6454 2200 8737 6358 6486 4820 5498 359 3168 7966 2060 29 8048 3542 1748 346 2932 3636 7173 5116 8778 494 5857 6021 7126 5793 8063 6574 5899 6353 2665 463 8398 1221 2044 3448 8682 890 8963 8640 6848 7286 1939 1262 893 5722 7734 7437 1249 8425 7153 6315 7199 2830 5477 4642 5553 1248 3206 162 5010 649 1870 7609 7788 6980 8140 6622 815 3391 3746 2918 937 2465 3521 8407 7469 2022 1331 4746 2982 4843 6490 2908 1474 3897 3959 3755 2261 6113 4188 3812 4144 8767 342 280 1008 7306 4255 7397 1703 5077 8884 5304 1023 1711 8319 8743 4237 1959 6411 5941 2678 7318 4765 7671 7564 5054 8220 2700 7636 2365 101 6312 3588 4297 4334 1635 8969 5572 5475 2753 35 1510 8244 2671 8952 262 6617 5751 2723 3288 1413 1255 7469 553 1174 3649 3493 5186 2735 7181 7580 6031 4192 7969 6796 6912 8747 2725 4557 3539 8879 1184 8359 7166 5745 4942 1661 3187 8132 76 5033 8869 6580 805 5396 475 2878 1092 2151 8684 7998 8601 5196 7437 8701 7602 2794 1598 3614 3542 877 5973 7710 3856 728 1573 4905 5419 2144 6106 7202 1664 5812 5971 8308 2641 6480 7944 3577 1476 5116 3609 6021 3148 3632 3327 2779 4711 5758 3672 3103 3326 2682 6614 8521 7553 7688 2678 1877 7463 8697 6193 7241 1302 7152 3088 2127 4677 7722 6108 3271 1139 4801 4841 3192 5178 3903 8552 5306 254 8439 1628 3730 7816 3816 5532 992 1508 1474 1246 7682 6302 7561 7888 1543 7592 7112 6451 7844 6923 5959 6179 1689 394 1536 3076 3970 1837 487 3280 6210 1845 700 2948 7783 3172 16 8858 2770 4897 5259 1696 6040 4649 1779 8884 6766 7587 3253 4805 6237 4194 5038 7213 1821 6347 5211 8830 4657 8718 8126 1872 7188 1655 6533 7486 5020 2594 1420 6687 3768 4239 3846 1135 6026 5355 3322 5960 8019 4135 1218 2432 4491 5902 134 6926 3686 2922 1564 3069 371 3204 6345 5355 8475 1950 3368 5412 7230 2863 1136 6632 5056 81 1982 5656 2621 6539 7883 3693 7924 2289 5332 3109 788 6022 2910 6460 3669 5631 157 5123 5782 1194 3930 7713 8275 1172 4114 1538 4988 6345 2544 6166 7117 140 1755 631 4356 1543 1292 8363 2008 6137 5077 5341 5541 840 7384 1371 423 4635 5412 2698 7966 4123 5090 3129 4700 2724 8689 4733 2427 2204 3810 2107 4490 5171 7879 129 2657 5667 197 4354 2217 4732 3674 6664 4199 3180 4666 3252 6548 7896 8732 6016 8939 2569 5568 4858 3318 3093 5606 1191 8174 8916 155 5345 1540 8232 4722 1849 3031 5380 8446 3904 7720 8119 
