// periodic
// number of jobs
1
// pi
50
// Cycle
100
// aperiodic
// number of jobs
11000
// pi
71 69 58 76 18 20 99 12 68 20 31 52 44 13 52 34 88 26 83 36 60 70 27 70 59 46 80 84 27 3 98 57 83 28 41 1 51 67 91 72 14 13 92 7 10 17 33 31 79 83 31 64 60 69 28 32 3 82 48 97 26 90 81 62 61 23 22 72 3 69 68 78 75 16 84 90 74 85 49 2 72 88 59 79 5 55 43 52 44 30 22 11 95 45 51 75 64 89 57 71 67 55 62 52 96 17 47 96 28 26 99 72 99 62 28 94 8 97 97 29 34 72 93 12 3 2 10 16 15 34 37 80 31 92 52 97 15 82 21 69 20 82 52 41 48 86 98 30 72 14 92 91 62 53 18 35 87 26 69 33 92 16 24 95 18 6 89 87 30 19 2 44 45 28 66 34 95 49 60 21 47 33 61 14 54 3 39 73 67 82 75 26 51 49 24 89 84 35 57 64 62 63 74 49 73 46 60 68 94 15 62 73 67 16 84 66 32 82 84 73 4 69 96 32 7 33 42 19 66 75 97 9 99 52 84 85 80 41 41 78 34 16 5 45 14 39 30 65 33 99 73 89 68 32 95 37 16 79 47 56 53 97 83 41 49 13 65 50 31 18 63 87 67 80 98 45 75 23 62 90 50 23 99 7 53 66 37 76 39 51 25 5 50 55 87 93 73 87 61 9 1 82 64 3 85 30 50 31 41 81 45 42 80 7 13 53 77 29 7 39 78 65 99 41 31 88 15 87 12 1 14 16 18 98 90 66 17 92 82 27 36 21 21 11 64 94 91 54 95 30 13 77 87 81 87 13 82 97 87 89 76 97 67 17 56 60 5 15 58 75 94 66 24 75 12 96 67 98 94 53 73 90 60 63 38 28 55 14 28 38 1 88 69 72 72 12 25 85 75 86 50 56 8 6 42 58 50 36 6 4 21 25 99 38 94 45 2 10 9 86 67 50 13 85 1 96 84 10 50 16 94 5 62 69 84 66 16 40 49 11 86 21 65 74 35 10 8 26 86 55 93 89 26 25 23 32 97 19 59 42 55 25 9 50 4 33 49 81 62 83 4 41 71 49 84 1 33 99 34 27 3 75 80 79 20 34 87 63 51 8 59 80 78 90 69 65 4 27 47 90 70 8 91 99 55 39 54 77 51 12 22 38 48 27 3 68 83 73 48 34 60 46 62 61 65 9 98 20 77 6 49 92 36 45 87 38 48 93 62 87 49 43 23 23 96 33 83 36 28 12 58 2 34 10 24 8 91 86 85 8 55 18 81 99 35 81 97 60 41 36 77 17 58 23 56 89 23 14 38 81 3 57 7 96 18 59 93 38 8 16 96 41 20 37 42 80 91 14 72 91 28 69 36 34 63 10 9 42 90 22 20 81 79 10 51 19 37 37 34 12 2 33 71 45 76 21 80 65 54 53 69 46 46 22 31 24 74 69 93 58 96 78 67 26 75 60 37 91 59 93 79 21 32 70 56 3 50 81 74 67 64 31 16 65 50 87 73 19 64 3 37 15 85 26 37 32 13 77 56 96 49 20 77 17 76 59 6 11 25 85 20 40 73 96 70 10 40 47 78 63 66 35 5 69 54 1 93 14 47 60 18 21 38 40 65 45 92 96 11 71 1 49 8 94 92 38 21 83 60 33 4 19 65 41 3 56 58 37 35 2 59 69 82 28 33 19 40 44 21 65 70 59 15 52 36 62 57 28 36 73 71 93 94 8 49 37 59 74 36 43 55 86 97 63 92 95 38 65 88 79 32 9 96 69 49 71 47 24 78 86 5 32 23 2 38 90 12 35 58 50 41 8 28 94 36 75 38 50 33 97 84 10 19 73 44 50 83 39 49 89 17 75 50 23 88 48 73 92 83 62 97 98 85 62 19 52 43 46 56 40 79 8 3 34 91 53 24 29 28 38 60 95 73 19 45 5 51 20 63 40 65 69 9 81 45 29 46 24 68 59 23 29 74 4 10 66 91 98 24 96 13 29 21 16 15 95 25 57 96 80 89 46 39 70 52 76 32 37 40 87 69 35 96 8 48 63 32 64 17 25 14 99 2 98 94 7 23 59 69 59 67 24 57 98 85 17 6 51 99 56 86 7 83 22 49 89 68 72 49 88 21 68 12 68 44 8 83 49 23 8 11 64 46 84 73 17 9 36 36 38 62 66 59 38 44 20 94 11 19 6 55 82 33 33 28 79 10 8 30 92 31 96 76 71 97 1 58 7 97 18 6 37 50 90 98 27 87 98 91 69 63 66 13 32 29 96 86 84 93 56 77 83 40 55 70 43 76 50 79 21 64 72 57 91 64 14 98 21 24 70 29 97 70 49 77 2 50 56 20 84 2 83 74 86 48 36 57 13 43 75 13 82 63 65 44 37 20 87 93 87 3 69 56 57 34 26 48 77 74 3 44 58 68 14 16 19 83 18 47 33 65 58 49 61 56 63 41 25 54 84 65 90 95 31 32 24 31 71 84 33 31 91 44 53 29 1 55 58 15 58 28 85 87 85 78 86 5 49 89 35 38 53 97 98 69 58 41 51 6 83 77 9 43 27 54 54 95 42 64 99 62 33 74 52 91 86 73 3 72 25 21 26 26 42 8 60 30 88 8 96 40 27 59 27 77 51 58 86 53 79 63 67 6 71 16 71 86 92 34 60 62 36 60 34 29 88 72 42 9 70 40 36 34 28 67 85 92 67 18 1 33 12 58 97 63 41 47 51 45 31 62 43 64 76 17 5 59 28 94 91 16 75 31 22 86 33 45 80 88 1 45 52 31 60 64 20 49 79 83 43 21 72 44 17 59 91 94 61 41 72 75 2 16 37 84 79 5 75 82 28 87 48 23 2 67 96 24 67 96 79 25 53 88 21 66 84 28 13 65 29 89 67 45 33 77 46 32 20 47 27 52 33 89 75 94 41 70 21 4 52 9 24 9 65 47 62 52 71 96 36 9 60 35 17 70 24 32 57 45 61 66 2 51 83 48 24 22 28 1 55 85 45 81 57 80 70 28 80 60 34 73 16 63 38 99 25 50 46 2 40 40 56 98 4 8 32 84 88 11 90 12 74 71 73 84 81 73 22 90 51 70 14 61 7 37 84 7 46 48 37 14 33 9 44 47 23 99 15 7 70 35 92 18 63 90 67 88 14 74 48 15 3 17 80 16 8 51 73 68 55 20 67 39 15 98 70 95 22 98 78 45 56 93 64 50 8 99 98 90 5 42 39 92 15 35 55 64 96 57 21 4 47 67 3 99 81 15 7 50 31 57 32 11 16 92 28 85 16 98 70 36 3 82 94 49 19 90 56 9 91 15 12 51 68 55 86 6 41 35 61 37 44 31 36 47 50 68 26 66 94 89 87 72 44 97 48 30 31 98 15 74 15 87 19 98 9 5 27 90 84 98 20 18 58 20 38 19 5 7 91 37 59 53 48 6 27 27 30 62 66 47 25 35 64 58 70 86 79 3 14 24 77 34 97 86 73 10 9 94 15 71 56 19 41 29 67 62 44 33 74 11 76 62 43 54 39 10 93 56 79 42 67 7 79 24 8 82 64 65 83 94 74 85 29 17 79 47 81 73 68 31 90 95 62 47 47 37 28 50 25 75 30 97 33 88 14 40 65 54 36 27 95 42 52 78 62 53 41 95 26 33 94 84 22 63 27 88 77 21 96 34 8 27 18 11 54 98 52 8 78 16 58 54 98 34 30 24 65 90 6 10 68 38 31 15 60 33 8 16 39 12 45 48 77 70 93 64 51 83 97 11 63 78 94 22 2 61 53 82 81 6 87 91 80 60 38 80 22 89 50 67 46 71 92 46 46 1 80 41 68 38 62 56 76 75 64 7 56 22 47 32 30 34 23 28 9 32 48 8 95 22 43 93 89 67 4 55 60 16 61 4 44 54 41 5 5 7 76 86 64 79 68 77 46 59 34 39 96 86 4 85 72 35 22 48 62 76 92 4 73 24 93 44 47 48 5 95 57 40 70 31 29 9 56 65 48 65 94 39 72 87 8 83 32 85 78 24 2 59 67 67 82 27 83 76 51 78 63 7 71 89 26 55 18 68 11 83 6 43 3 7 32 64 83 15 96 88 88 38 80 12 41 8 89 67 68 54 82 16 55 51 57 5 17 51 99 5 15 18 11 92 4 72 74 90 48 20 37 82 23 64 3 84 58 62 95 63 47 46 5 27 31 61 72 98 77 34 38 6 70 1 72 44 33 52 48 40 19 70 51 52 46 30 14 67 93 98 93 92 46 21 95 36 7 87 66 5 58 21 3 66 77 1 75 50 3 56 53 81 96 5 70 89 99 30 37 28 47 88 91 18 55 21 38 96 52 5 21 2 9 91 37 95 22 89 40 79 76 11 53 57 66 62 70 88 71 50 60 42 11 6 61 78 29 31 61 42 52 59 35 55 47 47 32 93 85 87 89 79 88 79 96 64 61 11 70 43 76 6 29 12 14 84 42 53 17 7 35 15 43 34 46 72 93 78 34 71 54 16 28 35 80 59 38 47 13 44 27 50 93 18 9 68 38 89 40 60 51 86 22 14 21 80 20 6 98 4 41 76 96 58 89 54 83 13 6 97 19 57 12 63 9 79 18 58 27 45 8 95 90 96 76 2 2 55 76 63 94 40 89 41 62 18 55 52 46 62 74 52 9 43 56 2 80 81 8 58 79 7 35 82 68 86 25 11 59 87 72 49 82 16 72 44 48 59 2 81 2 22 66 77 26 57 15 37 41 46 44 75 35 65 36 47 96 73 44 30 94 84 80 77 38 66 57 56 10 70 19 34 78 95 36 80 6 78 37 70 35 16 72 88 15 96 66 36 9 65 12 67 35 60 31 97 58 57 99 78 83 91 56 74 46 91 6 34 29 38 60 90 89 3 96 77 69 79 95 44 86 15 7 71 62 36 62 32 52 48 10 39 35 42 85 38 89 82 70 87 78 7 77 83 77 67 98 81 75 47 15 88 43 78 50 24 18 39 23 56 50 28 86 4 24 52 82 54 83 92 87 39 28 8 34 18 77 96 92 16 74 45 95 52 47 96 70 19 34 72 78 47 40 29 71 54 80 22 88 12 75 97 81 55 1 62 32 79 91 5 38 74 84 64 34 86 14 12 27 24 88 32 9 71 47 78 88 33 28 58 72 85 13 75 74 40 91 37 11 7 69 61 14 32 26 22 68 50 31 70 27 91 17 56 83 57 41 61 3 97 73 11 41 55 7 3 89 2 88 99 76 94 91 72 18 91 87 55 68 56 70 90 70 38 58 53 40 29 66 15 67 88 5 66 15 97 42 57 27 97 75 66 52 10 42 30 91 47 46 5 8 92 1 83 74 64 74 68 48 40 61 8 76 37 56 31 51 6 29 22 28 94 47 24 71 49 6 20 50 17 53 50 42 53 78 58 83 20 22 6 31 36 56 24 28 47 18 43 1 95 10 37 58 6 9 27 32 56 25 84 20 17 63 8 7 47 92 36 99 82 70 55 42 56 56 83 14 55 92 32 71 39 11 90 5 84 33 36 30 34 10 44 80 65 10 53 51 26 74 65 83 85 74 84 4 20 30 40 65 25 19 67 5 90 31 64 30 5 23 20 57 34 55 16 69 33 6 79 94 84 34 26 7 32 57 5 56 70 86 35 72 30 96 36 45 65 80 31 34 32 67 49 30 77 61 39 61 20 56 54 8 69 23 13 67 55 41 56 43 11 5 2 95 46 68 14 91 25 44 30 34 29 17 57 71 58 35 5 35 84 82 50 7 19 41 53 87 97 74 96 97 85 55 43 38 68 21 61 14 57 16 35 94 21 85 84 86 66 35 18 4 99 57 88 47 62 37 43 73 29 98 55 81 88 11 20 22 53 90 98 58 36 67 60 10 8 80 99 64 82 2 65 64 22 48 4 45 94 30 39 10 22 96 76 42 91 63 16 83 39 47 90 94 16 1 46 51 15 82 7 84 27 67 51 58 24 98 84 7 27 30 6 48 88 6 80 48 35 16 27 8 96 68 45 85 36 43 84 32 25 34 21 35 58 97 24 27 52 41 32 58 43 83 13 81 43 57 74 83 88 79 95 25 84 29 51 32 35 36 43 34 79 61 60 15 39 89 33 43 76 20 92 94 95 84 4 21 97 89 70 72 85 7 19 83 88 67 87 73 87 69 6 36 79 56 24 81 87 56 18 54 75 37 87 84 9 11 35 2 69 64 1 33 83 31 10 77 77 19 9 16 23 63 75 8 74 69 46 2 65 28 78 34 87 11 74 58 54 7 79 85 4 66 78 37 88 50 39 90 44 69 11 67 86 84 62 48 81 28 66 42 6 66 23 61 97 62 80 7 60 66 19 70 25 98 29 23 20 34 54 91 35 34 60 78 9 97 11 47 89 26 24 12 20 51 38 25 30 39 64 97 11 45 85 57 59 38 53 98 71 97 23 70 99 97 45 66 47 81 28 45 74 53 93 82 50 67 69 6 32 56 61 55 29 93 10 98 26 35 9 34 19 20 96 69 73 10 76 27 9 95 40 27 8 26 89 88 62 14 17 48 82 81 67 14 66 2 71 13 9 35 44 29 78 82 50 28 73 97 5 85 74 90 94 14 4 54 32 89 30 65 65 1 83 94 80 33 91 89 80 95 86 90 86 29 89 15 39 91 53 96 50 4 42 83 89 33 53 14 62 93 13 53 62 65 78 35 36 37 3 49 49 36 80 49 74 10 26 99 63 41 3 25 44 94 33 17 93 94 34 15 47 36 86 58 81 49 62 81 27 49 69 51 9 48 72 2 81 20 36 38 60 10 75 65 24 42 96 21 41 23 43 38 23 64 41 9 2 97 62 19 35 29 50 8 96 43 27 87 56 98 77 29 31 69 8 70 76 47 25 41 70 93 27 37 57 85 73 44 88 67 4 70 28 85 1 92 93 19 9 63 83 6 70 5 12 74 18 65 90 4 83 9 68 81 91 87 99 95 5 28 59 59 90 78 28 35 66 69 56 2 75 83 99 97 50 41 61 21 40 68 31 8 16 92 18 16 36 21 11 60 23 62 55 16 61 83 77 37 18 98 61 83 86 62 5 68 48 72 16 80 39 17 22 51 91 1 9 17 5 86 15 62 6 76 34 5 61 42 39 41 24 40 20 45 57 68 4 92 27 76 29 43 41 51 33 64 66 64 69 86 27 27 54 79 87 81 77 74 7 8 72 38 57 40 41 61 83 30 83 62 69 98 59 41 88 15 97 98 8 29 7 91 35 17 31 54 58 89 91 67 30 11 2 72 13 48 21 60 77 16 36 26 81 23 72 53 78 9 11 90 7 15 42 42 82 63 90 8 40 94 58 82 57 41 18 28 40 94 31 70 93 51 46 1 43 95 9 8 98 55 63 23 74 13 35 39 58 18 73 36 41 23 20 68 5 41 23 7 42 23 73 41 45 72 1 59 27 51 67 71 97 69 44 35 25 90 55 76 70 68 27 61 86 14 84 19 94 1 38 30 93 54 27 19 91 92 86 65 52 37 72 14 81 61 56 50 15 83 97 41 3 96 84 21 76 22 35 99 9 35 45 15 36 68 58 71 59 6 15 20 59 7 72 57 98 28 3 71 35 77 22 45 13 82 3 64 86 7 68 77 96 37 23 69 85 13 14 33 94 15 25 10 57 22 56 1 53 33 3 18 72 43 76 89 82 25 20 98 87 52 85 59 7 60 31 21 23 66 46 65 80 26 98 78 54 93 96 53 45 87 96 74 77 41 14 72 78 55 92 49 52 8 57 34 99 65 69 84 56 75 98 66 70 80 53 68 53 62 12 31 55 27 1 20 33 95 1 49 36 25 76 48 63 77 73 69 20 18 71 16 16 18 73 70 36 50 11 83 45 82 51 65 86 75 40 33 75 87 51 35 53 44 66 38 85 28 98 21 78 91 66 26 89 8 20 52 80 93 15 33 58 20 48 41 49 95 8 96 85 76 90 90 97 89 3 48 33 8 44 51 49 23 26 52 48 68 87 37 84 42 20 23 31 83 47 70 4 59 52 95 42 96 34 40 38 78 41 91 41 97 92 45 43 1 79 17 93 37 70 51 16 50 12 14 15 42 18 77 78 7 2 75 36 64 62 96 42 90 90 30 82 59 7 77 86 98 80 14 22 35 91 88 92 53 11 28 38 25 90 67 50 11 56 19 4 31 66 55 88 77 92 31 1 92 67 61 41 16 94 7 52 15 33 42 60 20 70 84 85 83 88 88 3 16 46 80 68 5 25 58 78 96 34 51 36 62 80 47 51 84 3 57 28 48 82 72 30 89 26 46 47 10 67 55 71 49 28 38 71 3 93 13 13 45 42 47 21 18 34 57 3 95 36 28 7 52 60 59 81 93 89 84 55 89 61 7 42 41 34 2 42 24 42 33 65 68 38 52 47 1 24 13 66 20 4 35 13 23 16 13 84 76 17 91 66 55 4 34 10 28 98 68 97 37 42 98 88 42 97 59 25 91 54 45 80 27 90 77 26 75 61 5 57 78 15 93 30 65 5 41 79 75 99 44 63 70 28 50 6 76 53 55 41 70 2 30 62 40 61 26 61 82 53 26 59 41 68 8 45 20 84 46 89 53 29 42 49 74 55 11 76 1 93 93 30 87 98 48 43 5 27 74 57 73 71 23 42 91 81 35 96 61 20 74 4 48 7 17 89 12 33 64 13 68 29 65 6 42 19 49 60 52 87 11 9 62 30 79 30 1 31 15 84 59 20 70 82 25 46 36 99 61 83 38 29 88 93 46 49 51 63 56 73 86 41 35 31 62 59 17 3 18 93 77 5 46 83 83 44 87 80 97 74 55 46 37 91 28 19 66 94 98 66 44 86 74 5 13 20 86 82 5 20 75 86 28 15 31 77 81 94 47 22 54 26 85 66 19 18 83 57 60 72 10 91 56 37 80 82 9 84 59 92 52 25 45 78 7 70 86 39 68 43 14 65 97 80 14 6 65 81 69 41 71 48 7 55 61 13 17 11 45 30 47 83 43 40 33 40 25 25 84 31 63 34 44 7 32 31 49 9 67 31 96 31 80 45 23 88 77 52 34 93 44 89 55 87 68 22 3 80 63 37 4 20 93 5 44 61 41 60 90 4 44 4 73 83 26 13 45 75 59 41 93 64 31 65 70 15 68 87 64 89 74 75 41 61 34 76 47 25 32 42 18 73 83 48 30 29 76 4 41 76 96 70 12 47 64 46 50 82 6 73 25 48 54 59 57 11 40 88 73 83 11 22 16 39 22 29 88 36 71 88 34 3 74 71 39 90 28 89 96 50 59 45 63 54 39 53 31 40 55 62 19 24 94 2 29 60 96 35 43 44 21 88 11 85 7 44 87 80 89 38 19 16 97 64 19 81 50 67 47 48 69 67 99 44 21 85 62 35 59 99 12 42 10 73 1 55 23 87 10 87 2 91 79 19 33 18 32 92 1 22 29 86 12 26 62 22 63 3 43 20 42 95 63 61 23 69 43 22 21 64 28 8 88 95 90 11 80 64 20 77 11 57 93 19 68 59 1 59 71 74 63 38 68 44 42 26 44 41 13 13 15 68 42 38 97 74 77 36 31 25 89 84 62 49 65 45 82 18 10 87 44 11 10 59 52 88 92 98 19 33 15 65 67 36 72 82 71 86 17 45 1 61 89 61 40 90 98 77 93 46 99 4 69 59 51 54 47 39 6 35 81 55 95 6 27 8 70 65 39 99 72 47 21 18 52 59 24 74 75 35 44 58 69 75 97 15 80 70 95 67 56 79 15 66 12 5 7 17 87 44 8 14 96 26 11 30 65 29 92 42 59 85 93 24 55 73 2 64 6 56 63 20 75 35 66 48 87 63 29 55 60 58 57 2 43 44 73 82 47 34 72 63 91 99 80 21 85 98 12 83 6 70 8 89 73 48 33 86 23 36 10 58 72 96 42 1 60 63 44 92 62 88 98 71 87 81 63 34 97 79 86 65 78 56 70 84 1 56 1 76 99 6 10 89 35 96 27 5 59 20 99 17 31 18 32 82 28 62 26 43 78 25 46 99 90 64 79 19 9 37 9 21 79 58 21 61 33 40 22 44 88 86 45 78 31 59 83 55 89 4 24 66 53 11 26 9 96 43 83 76 61 64 58 4 81 82 85 85 28 66 29 5 56 79 7 28 85 65 82 50 71 84 79 90 3 8 31 27 53 11 60 24 40 30 57 2 14 19 42 43 88 69 54 32 88 56 14 85 34 68 45 8 12 74 18 1 40 10 29 62 34 78 91 95 43 44 7 44 30 22 69 80 45 28 37 67 27 52 9 99 19 94 95 22 37 51 67 90 16 86 71 86 25 25 65 20 21 65 85 70 20 28 68 98 51 74 31 2 4 65 20 61 18 96 79 55 29 26 15 31 27 25 51 83 14 67 67 62 90 97 57 8 21 31 71 6 18 32 13 18 57 50 69 86 25 98 51 94 25 37 22 43 81 63 47 93 23 49 23 31 36 21 33 58 77 69 46 7 81 36 45 25 70 20 42 86 78 35 23 32 29 90 86 68 35 83 86 84 54 18 80 51 91 42 97 91 1 52 53 5 67 81 11 29 23 68 24 58 53 19 16 48 13 27 48 10 15 78 16 76 60 31 79 10 90 13 92 17 82 2 73 37 12 60 87 31 82 99 46 84 95 64 44 66 29 51 46 25 80 63 46 75 24 90 46 42 81 32 13 15 44 76 10 5 42 60 43 42 3 91 33 82 92 15 25 19 98 59 11 52 32 4 54 52 24 11 96 95 31 36 97 7 4 33 46 45 32 62 20 40 35 16 19 58 97 67 37 31 80 8 6 52 58 53 30 18 38 73 36 69 18 66 53 51 87 4 70 53 45 39 99 99 36 80 74 75 87 90 77 92 39 11 13 22 58 2 49 82 19 63 23 30 4 10 48 98 16 13 40 40 27 66 64 47 87 12 46 62 94 89 73 30 59 75 58 44 59 25 83 9 11 12 60 55 26 1 34 82 76 76 36 83 81 91 56 24 9 98 80 67 47 44 70 2 55 8 9 49 32 21 36 17 51 1 43 6 1 81 96 80 51 64 65 38 75 70 81 25 10 83 79 28 46 1 83 12 32 49 90 89 14 68 61 95 52 43 6 55 27 58 47 20 5 42 87 44 27 99 77 27 38 57 48 39 69 84 92 73 78 79 73 3 99 33 20 13 24 24 93 12 48 48 14 11 3 95 32 7 59 17 47 54 6 65 50 26 68 91 77 18 58 62 34 98 67 19 26 54 62 46 24 10 53 28 23 40 7 50 92 48 22 88 13 30 2 43 74 63 62 28 24 71 81 61 41 93 97 77 82 88 85 15 24 89 42 24 76 6 97 74 94 79 61 39 38 89 3 98 10 93 55 69 20 69 16 58 45 64 36 94 18 72 10 20 44 93 67 80 52 32 64 18 69 24 97 25 15 11 32 87 89 28 49 59 22 80 9 26 41 19 14 29 19 31 36 49 91 92 60 15 5 50 74 60 44 36 66 36 51 14 36 80 62 9 22 53 61 50 3 25 60 15 33 52 98 82 53 41 5 32 77 66 17 10 42 86 21 73 35 76 75 16 28 55 50 97 29 55 88 38 5 64 43 42 88 88 8 91 98 17 4 56 49 14 20 92 81 43 64 22 53 98 75 95 41 81 86 31 54 64 35 60 44 41 19 86 3 73 68 82 17 61 81 28 89 69 28 60 97 24 5 61 84 45 66 41 33 2 60 72 21 83 48 54 96 60 37 86 11 53 28 86 67 30 80 45 42 40 98 20 29 78 53 68 86 96 65 11 42 4 43 77 93 7 78 85 13 89 92 52 81 64 53 7 88 2 70 85 52 59 73 14 58 31 75 70 74 35 35 43 38 58 58 10 10 20 29 19 21 30 13 85 14 28 42 44 46 40 67 51 19 27 50 78 95 83 43 36 58 74 89 99 20 5 87 90 49 28 53 7 6 14 94 66 61 78 18 63 64 81 78 25 86 76 40 45 54 13 68 88 92 42 26 90 16 54 64 6 64 4 2 29 67 23 75 83 77 63 6 91 24 28 87 10 21 58 24 6 53 17 3 86 90 48 51 2 64 75 12 78 33 79 14 67 72 16 35 1 5 24 48 27 89 30 30 3 76 1 14 41 47 26 23 74 74 70 57 26 73 65 54 30 94 89 66 99 6 29 64 31 93 47 46 17 37 34 9 36 41 8 74 36 79 37 12 52 10 44 89 20 66 18 97 66 88 7 81 66 85 9 29 21 16 2 35 44 50 84 38 9 3 75 26 46 59 2 97 34 43 63 49 67 1 88 42 67 53 61 65 18 64 93 81 32 3 90 11 35 55 92 27 56 68 86 34 98 73 17 91 83 88 76 96 88 11 18 56 94 2 50 94 65 63 49 66 85 41 78 21 53 7 81 40 75 18 80 11 31 53 34 65 19 84 40 73 31 79 14 92 67 79 86 41 1 16 28 6 8 3 78 36 81 13 56 33 1 28 33 81 34 5 99 57 98 6 37 28 95 8 90 6 43 90 2 16 34 85 24 86 63 46 16 13 70 96 15 49 63 94 94 77 65 54 44 7 30 80 96 27 81 22 15 16 18 70 31 88 57 15 65 98 70 46 29 70 90 18 47 60 33 81 10 25 60 59 44 69 41 51 56 20 14 60 37 80 37 77 58 16 99 88 90 55 94 75 76 23 95 89 5 6 72 67 31 3 70 76 48 76 16 34 26 84 49 75 93 14 60 74 25 36 92 5 12 36 8 41 95 38 57 77 87 39 25 88 45 67 46 61 73 45 9 57 51 72 2 97 87 31 97 10 72 71 30 2 76 85 40 97 30 99 25 9 33 18 91 89 85 49 71 11 80 56 21 31 85 77 87 94 85 4 32 13 11 4 37 22 81 75 29 85 48 14 29 83 9 13 91 62 14 51 94 25 21 55 71 16 76 58 26 61 6 76 25 90 90 47 31 29 82 34 82 98 29 71 55 58 13 12 45 90 56 90 75 88 69 88 91 85 12 59 73 94 17 54 50 90 37 59 52 1 32 39 76 61 56 56 57 61 37 99 58 52 28 26 78 69 51 99 79 80 85 71 92 10 28 61 15 68 95 28 51 23 7 36 41 66 56 62 49 25 26 15 94 37 9 54 49 3 74 1 91 24 64 52 21 26 54 33 38 56 34 41 48 35 64 15 40 50 80 54 46 5 33 2 70 93 44 64 55 70 49 69 96 52 72 53 39 61 68 56 29 3 96 26 63 44 97 34 75 32 74 5 24 31 68 48 20 25 95 50 87 25 38 21 8 70 21 51 25 59 27 28 37 44 74 47 59 52 28 59 64 26 63 70 16 13 81 29 75 87 22 76 96 15 27 38 19 52 36 33 16 59 73 95 18 95 42 9 13 92 48 2 8 22 8 38 54 3 63 13 88 7 69 98 5 8 9 41 61 32 20 23 93 32 29 19 44 14 91 6 50 12 49 93 40 94 83 62 78 79 59 10 64 61 47 14 77 41 42 33 68 92 82 69 5 73 8 7 72 12 42 18 7 95 14 29 54 71 98 28 93 89 71 30 2 76 84 95 51 73 34 68 66 90 67 24 78 85 97 12 34 22 83 99 96 70 24 96 90 53 87 2 55 50 44 45 12 70 98 93 18 9 38 78 35 10 94 99 22 28 87 14 19 81 79 59 45 22 22 19 66 56 51 91 40 11 44 42 48 33 71 36 28 92 48 4 21 3 47 62 9 9 63 42 35 13 4 79 71 87 96 21 19 29 72 84 72 2 66 78 89 26 7 76 10 85 29 7 14 88 9 72 33 60 23 31 15 73 14 9 75 20 99 41 63 13 78 34 29 89 31 72 5 36 34 95 98 25 81 24 91 66 10 18 15 4 22 70 61 31 65 89 52 65 94 7 81 75 84 10 56 54 21 50 34 94 55 9 95 61 30 86 65 46 58 40 75 69 42 97 63 70 22 14 99 18 8 14 81 96 18 11 56 92 5 81 59 66 77 27 47 77 96 6 3 29 65 80 5 31 68 83 76 59 90 63 94 68 44 18 58 93 67 31 37 55 56 81 52 25 28 1 14 31 58 76 30 72 33 10 17 89 23 50 35 9 47 29 2 66 8 82 88 33 68 96 54 81 93 18 95 62 57 82 18 45 77 33 96 47 88 43 62 39 79 1 97 88 81 17 39 75 25 10 97 37 76 6 29 68 26 46 40 30 6 61 93 7 81 62 97 29 95 74 1 65 24 16 61 36 95 24 11 12 52 56 14 86 52 81 57 18 38 20 80 43 95 79 41 41 66 23 93 55 80 26 80 42 90 49 58 62 85 91 82 95 16 66 38 17 80 9 96 37 17 42 95 34 25 94 76 56 91 39 56 83 49 57 24 78 18 80 92 24 78 95 56 12 81 30 62 1 51 70 41 94 13 40 7 42 79 37 52 51 7 62 83 76 16 73 16 42 84 22 58 47 34 16 16 33 88 60 72 96 88 41 39 24 47 86 80 12 92 45 80 17 82 63 21 22 98 85 58 30 40 13 4 94 23 28 8 4 63 65 1 80 22 32 50 79 21 59 90 56 63 89 88 83 3 96 43 25 76 78 3 93 10 23 32 72 84 30 1 51 39 67 15 5 23 71 54 55 81 74 10 49 17 77 53 53 60 58 4 51 70 92 23 81 25 97 24 22 72 32 50 80 55 93 20 62 81 70 81 36 50 20 12 67 17 84 61 39 84 82 99 81 90 59 57 36 63 17 6 4 82 12 35 42 94 87 44 2 62 4 29 64 34 75 48 44 85 23 50 23 23 67 54 26 81 43 67 35 16 20 67 51 38 28 9 70 98 89 78 73 68 30 49 48 91 87 80 70 88 43 22 63 84 50 22 95 45 91 85 12 76 34 81 16 77 12 33 43 37 51 59 80 84 45 34 30 99 74 66 15 26 42 83 70 45 68 95 19 98 55 52 58 51 38 45 42 74 23 23 63 69 16 74 31 86 6 32 8 68 38 46 57 53 10 89 22 90 77 43 40 81 88 76 99 27 64 53 61 95 99 33 93 3 87 3 34 93 85 60 34 48 21 7 39 65 52 77 91 83 42 33 55 69 74 24 97 48 71 31 57 70 25 97 98 8 86 17 90 54 86 42 23 26 69 71 76 61 25 1 76 85 87 33 13 40 53 32 77 42 32 12 29 54 52 94 25 73 56 70 83 39 53 36 88 41 90 65 89 40 43 65 47 95 61 65 66 49 39 49 38 9 47 37 2 10 72 18 86 54 60 5 7 71 30 38 52 49 42 24 60 2 6 18 12 81 84 85 94 63 12 81 27 57 94 60 91 54 89 31 3 53 81 17 73 83 29 89 96 6 75 24 23 57 21 35 94 11 76 45 12 21 39 18 74 93 50 41 19 11 86 4 83 32 31 57 36 76 25 82 21 43 7 1 70 68 48 55 64 36 23 59 83 10 16 2 23 13 38 17 19 28 21 14 22 83 63 53 14 82 61 33 27 85 65 44 47 37 10 42 95 64 31 78 74 1 28 75 65 58 60 45 98 90 71 61 11 68 92 6 3 60 28 67 90 91 32 26 23 37 11 59 50 8 76 63 90 1 27 68 89 2 31 1 80 56 40 34 28 66 21 78 63 59 5 15 96 71 48 22 77 27 93 91 26 78 41 56 55 71 52 56 46 39 23 79 24 90 96 90 72 58 54 3 30 43 31 23 84 13 58 34 31 49 91 32 23 59 52 20 42 3 53 97 22 16 64 10 14 50 60 62 70 65 44 18 7 16 37 31 54 16 94 55 88 51 15 46 29 8 71 98 72 57 80 85 55 89 48 15 40 6 13 49 86 97 51 27 51 10 15 44 3 12 49 14 62 33 46 92 62 1 5 76 25 4 76 21 83 73 34 37 51 27 72 85 97 37 41 86 49 21 13 82 26 6 33 53 62 58 19 10 13 78 60 76 56 72 74 15 23 35 95 19 19 79 14 80 55 69 18 74 18 49 8 73 81 9 90 35 8 45 99 70 13 15 77 15 1 50 63 45 34 66 66 28 38 26 46 11 52 42 74 50 98 66 61 87 71 50 51 95 9 64 65 37 82 10 63 64 58 84 33 67 96 27 22 39 30 47 11 44 10 51 61 26 79 74 56 63 34 84 10 69 79 62 58 4 44 8 73 30 99 29 76 2 16 34 52 94 75 48 79 25 75 17 59 47 13 4 5 47 86 55 30 39 85 25 63 63 14 75 96 91 55 51 60 46 25 56 4 83 3 72 7 22 83 58 79 82 84 21 27 28 79 32 78 74 93 85 13 95 34 50 44 73 41 24 3 9 88 74 36 64 37 99 48 88 26 43 41 44 23 55 14 80 52 76 74 35 16 42 22 93 73 68 58 52 48 12 44 98 60 79 81 75 20 6 68 10 7 92 99 97 64 48 3 89 5 56 66 98 9 65 86 9 66 32 78 40 51 55 63 76 83 78 21 9 8 89 73 81 64 64 94 32 9 20 41 98 34 85 7 47 96 50 52 6 82 29 65 22 35 92 72 78 56 66 83 10 58 18 5 9 88 17 11 79 45 19 27 9 75 55 1 59 18 57 68 59 11 55 45 88 78 76 91 59 17 61 72 37 61 36 81 7 4 93 23 81 39 25 26 30 42 1 16 96 65 50 77 89 11 97 93 61 76 62 80 75 71 74 3 93 79 99 50 44 93 87 10 84 9 86 62 33 69 37 13 19 22 91 55 55 27 65 43 6 44 77 18 47 43 4 13 11 21 57 58 37 40 96 79 20 16 22 83 50 42 45 73 68 29 85 61 64 92 47 41 33 32 44 2 95 30 1 56 18 44 18 84 14 8 27 22 30 3 55 91 28 59 23 86 13 97 45 78 30 68 2 13 90 42 48 15 29 98 89 87 11 56 6 55 92 34 1 89 30 80 17 89 58 82 12 49 94 77 9 5 26 84 15 21 81 53 81 17 82 74 43 91 43 46 94 66 31 67 77 91 27 70 86 26 27 8 72 65 46 39 53 36 59 24 48 70 6 4 56 14 44 46 34 23 99 55 18 67 99 72 22 80 38 61 60 19 2 87 67 37 67 86 11 19 4 7 64 58 6 72 99 25 60 20 5 31 7 9 94 20 14 77 87 46 43 29 78 16 33 74 34 46 97 75 75 89 93 20 36 23 5 81 12 76 71 14 90 36 85 55 50 7 67 52 78 32 59 90 65 44 45 92 33 36 75 21 34 92 83 36 49 10 74 25 75 92 98 93 75 41 90 67 7 31 52 91 43 34 3 17 94 73 27 79 77 28 95 89 9 64 34 58 76 17 11 91 45 14 92 84 54 85 97 42 56 7 91 91 98 96 79 21 3 64 82 62 36 93 68 54 41 97 33 98 19 78 31 35 40 85 68 73 2 11 16 71 95 12 61 49 56 28 6 82 73 72 55 63 30 15 13 33 45 60 24 97 50 17 44 20 68 90 69 21 85 39 40 91 40 1 24 17 35 16 84 76 19 77 16 73 24 25 61 7 3 97 27 80 78 60 82 90 49 36 92 39 35 22 4 32 54 37 18 31 48 90 49 79 35 87 5 94 40 99 55 53 80 23 50 33 23 69 20 50 86 55 64 90 63 48 68 7 18 46 6 98 39 12 31 44 2 99 35 19 14 19 22 36 58 85 80 69 71 3 7 54 54 36 62 90 54 38 71 21 68 4 72 64 94 21 12 89 95 59 42 45 26 18 18 70 46 35 61 2 55 69 43 33 1 26 3 76 71 75 74 63 97 47 74 2 60 16 73 14 52 41 63 48 79 86 8 81 66 15 92 44 50 83 47 32 42 84 10 30 36 52 37 37 72 77 82 27 28 99 72 9 75 33 22 49 24 22 5 46 34 66 43 32 92 29 2 26 79 26 56 51 17 17 13 69 45 40 50 11 20 30 39 68 59 84 51 48 4 69 62 28 43 35 90 31 18 60 66 69 4 50 82 8 74 86 84 57 63 99 59 2 82 16 53 81 99 67 3 77 11 66 80 79 10 31 44 46 22 24 98 87 24 26 72 58 25 42 47 76 38 66 81 23 56 93 8 39 70 79 17 79 75 86 36 32 43 68 13 5 3 27 16 84 28 83 38 63 53 57 47 1 80 49 39 61 59 59 49 67 88 72 53 33 55 7 41 51 95 86 1 18 44 69 73 15 25 52 71 11 5 67 83 79 97 81 36 89 43 34 22 46 56 40 37 83 83 17 38 43 53 85 17 99 49 71 85 93 60 75 82 75 35 4 78 40 24 32 71 80 51 37 18 98 96 16 79 31 24 11 3 42 97 85 1 37 67 41 29 38 37 7 58 23 64 67 51 42 14 20 48 80 83 79 55 81 60 59 9 52 32 73 24 60 32 50 77 19 53 22 20 45 43 50 13 12 34 64 7 65 15 60 91 27 97 85 6 9 82 75 12 90 8 76 44 56 31 80 98 30 75 2 93 91 2 7 99 35 46 21 11 58 91 96 87 39 2 93 91 64 59 63 22 67 37 56 77 15 74 84 26 89 70 51 99 46 79 83 60 54 38 79 10 72 37 75 3 2 30 57 3 26 68 31 77 54 79 21 73 19 17 57 9 50 79 46 22 51 78 55 55 20 18 80 53 52 67 93 44 80 68 41 63 70 50 34 73 40 9 23 33 90 79 70 52 98 16 76 66 42 67 78 55 57 46 15 7 47 35 10 56 71 42 18 77 31 99 17 28 29 5 95 99 79 5 93 44 58 64 54 49 12 97 40 66 31 62 96 98 6 92 59 12 31 37 21 73 83 51 48 50 11 34 78 35 25 92 92 22 49 49 97 81 4 28 52 13 23 66 44 76 53 46 9 1 79 63 90 18 71 63 80 86 89 86 84 92 96 90 32 51 80 71 2 6 50 92 17 24 73 95 65 97 54 58 7 12 80 57 54 30 85 88 6 12 63 58 54 6 35 15 81 22 96 78 33 63 87 27 39 71 31 54 90 45 51 22 68 97 68 42 53 81 31 34 80 89 70 14 37 30 31 43 5 62 90 90 18 29 87 48 34 62 88 3 29 20 33 48 7 73 89 3 4 59 47 26 29 20 93 51 93 4 95 32 55 85 86 33 2 66 52 52 13 51 52 96 98 1 50 16 16 3 29 15 67 13 95 50 84 4 26 50 48 76 36 15 22 37 71 67 50 7 40 17 49 2 43 51 93 59 12 28 96 99 64 39 96 69 67 41 92 26 26 48 56 58 91 11 15 23 17 63 67 24 73 87 33 53 56 18 29 46 59 41 89 35 71 44 49 36 66 45 16 71 63 56 55 42 48 84 20 67 88 81 43 66 81 82 40 8 84 19 37 98 74 42 34 58 53 7 19 39 64 13 21 82 44 78 69 42 18 45 9 83 69 79 43 46 72 97 52 58 36 35 72 81 21 32 98 24 42 62 97 51 54 32 57 97 20 2 46 71 19 58 64 95 9 2 63 28 32 13 58 65 60 6 53 59 14 14 90 6 81 77 93 83 32 81 60 12 22 41 10 21 53 11 41 34 14 30 62 74 88 39 6 51 7 51 39 50 1 83 80 30 38 98 90 1 66 21 52 60 29 94 73 16 3 64 87 73 8 68 66 73 47 87 98 24 65 24 50 37 30 89 28 58 25 27 63 81 49 71 52 65 56 88 11 25 60 96 63 14 64 49 54 41 20 61 55 57 50 80 20 66 90 4 14 12 16 51 20 90 63 96 79 29 43 71 9 74 12 28 7 30 73 36 27 27 71 41 1 28 21 60 64 8 45 33 53 24 82 38 64 39 5 12 84 41 64 71 89 12 89 41 76 42 27 37 59 27 17 2 28 28 21 56 75 88 87 90 32 54 4 68 6 2 7 93 27 84 32 79 28 46 95 50 29 52 30 70 31 10 82 6 41 7 43 73 78 58 69 72 84 9 10 47 73 83 40 13 23 55 6 91 2 68 88 16 27 58 13 11 30 29 19 68 33 63 29 23 8 50 32 87 23 45 35 93 74 58 39 49 49 31 34 8 51 45 41 32 55 60 32 63 51 3 63 61 78 34 9 20 66 71 73 92 97 37 7 20 38 38 92 57 57 62 24 1 50 95 69 40 88 24 30 37 11 78 22 33 83 22 12 54 60 63 94 16 18 75 97 78 71 8 98 52 2 58 30 70 82 22 5 94 50 55 17 58 86 23 60 20 96 27 48 15 48 41 96 13 48 14 38 18 36 85 11 68 90 51 18 78 89 85 77 78 29 32 85 69 22 87 16 64 60 58 22 37 91 30 16 31 3 22 8 91 98 96 45 1 93 38 43 84 67 19 28 64 6 13 31 67 97 38 24 82 82 63 11 38 50 62 32 78 63 66 57 22 11 5 59 28 90 73 55 46 79 69 93 44 61 90 73 45 17 19 37 29 31 81 23 28 17 97 51 88 96 68 3 48 30 82 58 45 45 13 54 9 88 95 18 23 23 43 78 1 27 59 8 51 16 40 45 2 80 33 34 45 97 9 77 67 18 35 2 42 41 73 69 16 6 26 92 59 34 63 74 31 46 39 52 70 93 39 48 25 66 31 92 75 53 4 61 86 56 16 90 22 58 96 77 58 91 10 9 52 53 65 29 81 18 5 50 9 11 11 40 81 13 47 34 94 10 8 83 18 42 53 16 55 51 5 45 35 2 85 85 32 16 39 88 77 89 92 16 84 32 23 33 84 18 23 43 2 63 7 28 55 77 22 92 13 75 18 60 79 89 7 38 82 84 18 73 52 96 60 6 11 59 55 62 25 36 41 66 73 10 46 36 84 59 46 95 30 76 56 51 63 89 43 16 29 86 32 82 47 47 92 40 55 10 35 26 66 35 53 1 39 63 43 4 57 60 86 43 25 74 36 83 26 17 36 68 8 92 30 74 64 4 69 52 43 8 41 31 92 48 85 56 72 17 6 32 21 53 28 88 62 23 30 2 83 31 78 30 91 62 92 91 71 2 8 35 76 78 33 29 33 26 53 15 25 30 9 77 43 43 16 63 51 59 57 51 16 31 32 87 95 7 97 3 95 4 76 10 63 33 43 96 83 1 53 40 70 80 51 75 23 95 14 90 84 48 97 51 67 16 17 59 72 35 13 29 26 55 25 77 90 4 21 2 84 85 64 22 10 14 42 93 69 43 33 8 66 88 89 8 23 14 87 71 99 75 39 93 8 85 49 90 2 91 46 62 48 14 6 75 97 77 50 13 54 28 58 80 77 98 1 91 71 49 46 91 16 99 80 16 27 13 49 26 35 18 83 36 50 77 29 4 66 93 45 31 52 53 76 33 91 44 75 4 1 42 31 76 64 2 25 79 57 76 20 69 60 4 5 92 34 49 95 6 15 34 91 26 21 99 17 14 46 35 87 29 58 19 85 84 52 5 59 70 2 29 4 72 85 9 3 96 54 30 76 37 81 4 66 31 57 23 30 81 39 12 7 30 67 89 26 39 71 13 67 73 39 38 21 21 63 28 9 25 43 81 38 28 95 15 34 93 14 61 87 53 86 73 7 85 16 39 91 90 3 63 71 75 13 17 96 32 24 58 78 19 41 36 29 32 78 35 61 83 23 68 37 5 71 37 89 20 17 73 63 77 19 26 4 7 24 91 49 44 96 72 6 46 86 94 61 90 7 15 52 51 80 29 49 15 59 27 4 8 54 65 75 31 38 80 40 88 44 30 54 17 39 76 59 9 84 73 66 51 90 59 4 34 14 83 22 93 28 13 50 94 83 96 79 74 91 50 35 10 12 23 49 88 79 29 9 29 70 27 70 10 48 83 41 22 55 19 80 27 33 99 35 58 99 80 97 20 86 7 33 47 27 39 69 48 32 50 10 28 41 88 81 85 17 57 29 19 30 99 58 96 7 49 13 77 49 20 88 47 29 87 17 43 85 15 12 68 26 63 25 41 41 69 3 62 90 98 90 31 95 39 63 55 22 15 41 87 48 99 91 25 75 88 42 85 39 10 52 82 91 27 85 18 6 50 50 1 26 1 66 2 45 67 56 24 86 79 76 99 62 25 34 79 74 84 86 21 13 55 38 14 66 84 42 22 61 12 68 14 43 53 27 41 33 15 71 42 23 43 91 2 62 33 41 28 27 64 30 88 44 97 68 22 98 27 3 1 51 63 55 89 69 56 93 81 31 59 89 34 7 21 51 11 11 80 94 94 43 49 50 67 54 49 54 3 29 36 94 84 76 21 30 90 8 27 49 8 8 33 60 88 82 95 90 68 46 86 32 96 83 76 72 23 59 99 79 39 73 53 95 4 98 12 11 79 72 88 17 26 98 51 95 8 47 5 62 73 31 3 26 81 12 16 19 4 98 46 46 20 27 88 96 94 84 59 34 52 64 96 43 57 16 79 53 66 22 84 60 26 90 52 55 86 64 11 27 24 75 66 29 29 33 82 95 8 96 17 9 65 67 80 8 19 72 53 80 74 34 36 5 61 41 91 47 88 8 52 14 44 98 25 65 53 76 65 17 51 87 10 41 14 54 15 21 71 14 59 7 21 86 19 19 34 6 37 36 90 81 76 34 5 88 30 7 71 87 45 75 83 21 13 12 76 24 83 26 8 1 82 80 59 18 69 21 31 48 90 72 68 35 12 36 59 14 29 55 71 11 78 10 31 53 32 93 38 39 88 32 39 76 75 16 85 57 19 86 30 57 97 78 16 68 12 86 53 74 9 77 40 71 46 91 54 59 59 2 40 77 49 6 7 56 92 97 72 8 58 64 43 99 27 1 63 11 5 81 89 97 8 22 34 89 7 70 11 97 72 13 25 18 94 31 67 85 43 1 74 26 94 86 54 88 67 78 32 32 80 43 65 63 38 16 66 33 99 32 28 92 81 39 80 54 42 11 37 77 18 39 30 4 44 72 94 62 53 66 71 21 41 15 28 91 70 7 70 70 60 13 99 34 73 34 29 47 79 36 68 4 80 45 57 95 60 82 12 84 79 91 74 48 92 23 10 67 68 40 76 18 37 46 65 26 87 32 2 36 82 48 17 48 88 49 7 94 65 7 87 52 86 73 55 68 1 50 26 78 24 3 20 60 89 85 48 25 79 37 24 79 42 2 87 99 75 12 66 37 61 46 7 91 41 2 21 75 23 42 14 49 45 68 56 44 74 78 42 75 36 30 37 49 71 92 39 58 6 31 47 97 77 61 86 75 56 12 3 79 56 65 49 71 23 66 21 44 86 13 55 55 84 7 32 68 23 18 29 15 48 42 41 2 79 99 63 81 67 66 24 23 80 3 33 85 74 3 42 47 84 71 33 29 6 42 46 85 19 88 97 69 20 17 25 85 75 45 96 49 77 95 22 83 80 59 69 1 19 89 29 67 96 63 47 61 92 69 4 3 49 49 12 17 94 19 14 83 40 1 98 67 79 29 17 66 34 60 70 77 74 85 22 22 29 11 89 27 41 31 94 70 11 23 65 17 28 37 93 8 77 4 87 32 62 31 78 33 35 79 14 37 48 46 97 21 73 2 54 31 41 69 8 25 80 86 63 4 43 74 72 2 79 89 21 10 16 68 22 77 11 77 91 44 44 59 67 92 17 18 2 34 92 56 46 55 41 84 44 79 12 38 48 63 29 10 45 11 71 17 25 90 48 44 37 87 10 33 97 68 74 95 32 96 16 65 77 64 7 55 79 89 52 53 74 50 44 97 50 74 72 53 37 93 17 79 27 68 28 5 13 86 29 57 89 54 77 32 73 34 67 28 93 88 81 5 15 69 31 1 76 70 72 16 81 30 38 21 40 75 45 93 87 43 54 28 99 66 59 96 78 19 82 50 94 21 54 76 64 35 25 7 31 51 61 6 16 56 59 86 95 32 19 29 84 30 12 50 50 34 66 31 72 23 60 34 2 59 19 25 88 8 61 3 48 87 6 24 92 3 47 66 8 79 4 56 33 11 4 30 66 35 64 17 95 22 51 43 63 22 16 93 68 56 77 17 37 17 2 72 89 95 64 34 68 82 3 89 98 59 78 8 71 87 28 53 32 53 69 7 59 65 36 63 16 95 31 26 37 65 42 91 4 47 8 83 31 39 25 86 20 20 91 81 31 52 47 67 34 89 26 98 75 47 46 93 16 95 63 33 48 94 87 16 67 77 98 89 13 90 4 16 32 7 7 29 97 65 67 19 48 77 46 35 63 76 13 9 74 58 3 28 44 44 57 51 61 17 97 31 64 68 28 83 44 23 13 8 92 7 32 70 5 42 20 21 78 4 81 77 66 28 53 68 65 71 86 14 66 55 11 97 88 48 14 67 77 95 8 78 42 2 4 35 3 47 59 26 14 33 88 61 38 60 42 74 58 18 52 53 53 79 74 99 53 78 1 97 97 39 85 91 33 27 5 77 76 70 62 55 41 33 95 48 17 47 30 39 59 12 1 34 58 5 35 71 44 33 21 63 94 15 76 59 75 66 68 52 34 52 87 54 96 23 50 78 55 79 17 36 83 25 60 35 65 96 62 15 66 29 44 9 95 61 6 19 3 27 56 40 93 75 7 92 14 14 6 94 90 34 77 33 68 97 55 30 78 22 43 4 80 74 47 71 55 71 75 42 68 83 61 27 52 91 14 29 81 94 86 13 84 39 30 1 5 20 5 57 63 3 57 62 27 18 2 79 7 3 95 3 25 69 62 91 42 57 36 44 16 4 10 43 50 10 43 26 66 74 82 41 96 82 64 
// di
35383 45576 27218 33511 49618 13887 35444 52086 51857 44851 51046 9471 27621 53325 52471 50219 4731 54156 52091 11759 6071 6709 44807 12787 43180 47140 52172 25770 16972 12599 23753 24511 53960 48127 20783 12945 43643 7458 47193 31073 39510 14223 54941 44454 16999 43173 31388 18861 30163 777 26201 22582 25126 5981 24884 3563 11005 19264 54533 32626 14259 24680 6356 6648 6276 24532 4754 27263 52286 28562 34850 22533 45048 33065 28283 9214 41313 32150 32038 54928 47545 51991 8959 35653 8590 17497 27313 51649 40490 17798 50561 15702 17948 3325 25463 2197 6999 25931 12640 51904 25345 24373 47703 46816 50544 41018 52594 44288 47288 30968 36619 40235 15871 12570 14973 2070 10848 29194 29451 33246 34401 53330 46708 44197 24671 5646 30390 15905 44743 40103 20224 16993 17219 8472 9715 28807 51569 27230 6496 25754 25721 42600 30190 16631 49294 48984 47075 1183 47589 42593 28460 53037 39082 3971 40323 20888 47009 18730 30557 4153 42948 37842 2793 23267 19371 10744 701 12878 22716 12598 9979 25049 11151 46465 41593 42928 32209 50384 41752 22934 6121 40325 49340 4141 35901 6964 21927 20082 45855 2391 13282 22203 6080 28884 30789 6700 13576 43372 37500 3184 47180 16179 52138 9161 23784 18702 32620 52946 3072 38939 28084 53911 9732 23617 12171 27977 27684 39324 47919 49064 51029 12032 51865 40834 50622 10701 41212 3775 35117 6471 42197 31962 40320 40442 35611 52937 12181 44280 11112 14757 30929 51389 14551 12637 27969 14953 19232 36237 9188 29615 8520 11441 48416 7783 21581 42531 730 41090 22855 44918 31081 24162 27900 16413 28838 38631 13219 10067 14712 23252 18307 7077 22015 3840 16691 45659 52137 49077 7822 53456 54377 27178 13560 45485 42101 54511 48090 14081 31530 26817 46972 10390 34722 54692 25842 51469 42312 24203 52524 25334 27711 54500 28107 49679 18924 33400 22669 28683 36491 45188 32045 50630 9742 52732 6447 9736 27438 44636 36405 5052 17617 48594 38379 12278 31558 54797 32253 19785 30534 16800 46279 53598 41043 45153 9522 27024 30254 54730 27191 37328 12951 42099 3123 33357 6029 19858 36143 6861 47905 29132 27237 43200 44409 50413 46935 23817 28588 47729 16976 14632 21904 328 17928 38441 25296 21177 24886 13531 42759 15478 25370 30348 20008 8130 19037 37887 26343 5712 40670 7620 52335 8715 15362 5556 12086 10632 45400 10341 8187 14490 17343 29339 31268 7609 4349 13029 20111 1694 2199 15619 786 7902 30291 49008 27455 52744 13503 1868 34089 23463 27259 52907 24157 38211 37559 25667 7665 29933 45994 14777 53231 20679 38656 18494 41615 23506 5358 8494 20272 48456 15105 44106 3101 44980 39789 17791 35525 36935 36093 44882 542 53943 46166 20233 16075 30187 15976 6432 21608 14710 30876 34905 15678 6631 2292 9113 3307 37542 15024 44716 25502 8184 49571 978 18011 41395 5403 1206 30154 16953 25502 4354 17919 33168 37769 36821 39619 41422 30258 10926 40256 5194 35537 40309 12422 6254 34136 5531 3415 34861 47994 4614 35171 27015 25999 42645 21766 40372 399 11802 44577 27324 35845 53327 12715 54666 35582 37113 885 21581 24816 8784 22454 43258 33878 24935 33308 29057 35942 26385 30605 2284 37389 25218 6807 48508 974 24600 38416 8997 21562 49698 16268 40512 27669 42416 49035 38251 48748 29255 49412 526 28583 35904 54640 22072 14596 14913 25733 22406 18003 50052 39513 16942 13712 44473 23480 5420 17868 7295 16485 27531 15235 8732 22761 10772 1400 29774 8467 28868 54013 5569 28535 54527 38566 27545 38080 44619 28004 17042 1111 52665 2564 51905 37784 28609 15707 19948 9952 16657 46638 36113 19598 3328 41798 50152 15489 8491 11829 26128 23386 7434 29506 20377 53349 560 21038 36262 15054 21210 40733 30805 9448 47142 15233 26069 51300 19873 11590 14052 13489 46622 31031 20386 10 32143 29945 4823 23095 35899 33623 43539 37912 40271 39017 21281 23452 37469 7720 18819 12926 40090 53111 16597 53014 1396 33785 20442 27436 39176 24902 19665 50281 50201 22060 38909 49092 28634 9295 34459 23713 16045 3805 10930 47140 45167 33061 17301 53207 1687 38517 3040 37497 8918 40434 5228 24207 28657 46545 34123 35063 48633 4109 12672 32803 42277 28667 10129 10451 46675 34032 52988 29281 23759 51173 40133 1157 15958 16641 36659 25107 37425 46073 25279 37131 50158 39888 54133 34384 39034 15244 48010 34685 19334 40369 6837 38277 43252 46915 22764 51983 38425 33910 54584 8946 38890 34967 46512 39273 38401 28781 50996 37684 21656 24903 39767 41202 35290 39045 18944 16908 19590 32827 242 46425 13906 3840 33854 10073 23463 54074 52121 21089 40656 42044 37253 31619 52248 51722 36927 50611 18504 29945 6978 52061 48342 19315 18087 24635 23903 16136 43568 2680 38678 16524 51733 5250 30507 40753 28555 46640 38270 4203 6053 14804 22044 15662 301 42775 41235 15452 33671 13529 53165 22601 16236 34804 31828 34226 43055 32687 51349 32826 33069 7555 3284 10838 12105 30796 37581 18902 38015 20594 19218 4395 46541 11307 43268 44208 48946 8581 50664 45623 16222 10915 34572 25372 48357 31614 3310 7434 42837 6065 41832 49144 46446 17836 7540 16753 28281 38625 30764 9749 8350 48887 45393 1914 19327 10489 30392 16485 35705 11065 43750 51668 47833 3778 18136 19653 34287 1130 33610 52560 20158 10568 5287 45816 8749 32084 48470 48561 18331 11361 33053 21077 31203 3062 21279 20366 36674 44690 24933 29519 42656 46257 46384 2767 17171 46595 30546 45204 24622 7697 3515 48526 18412 27559 11128 45821 31722 54994 35524 52000 15251 5114 16064 30868 12323 6418 518 45947 49484 18178 11131 14157 12957 21556 40382 19534 21597 28458 41916 26172 832 11056 19196 40008 4622 33921 23262 6104 40978 42820 10068 18202 52866 29181 29586 30106 45462 7177 44934 31994 29617 23878 7526 8375 29628 11512 17031 24567 29864 24167 32782 37802 18815 10264 44011 20331 19025 19324 49415 46676 40485 321 5009 27614 50103 287 45871 52464 1972 4143 23467 52006 29792 53421 8753 11045 3290 49869 42689 25933 2219 21985 29043 41315 49349 19420 21231 25406 46164 28004 29926 47117 45293 9563 43405 16105 27443 42561 41105 1713 50945 31896 2121 32177 43465 54970 33988 50878 6174 26594 50679 8363 45329 13084 6965 28368 50440 51360 53299 32213 21355 11663 17744 34209 41026 1276 37823 16307 5285 16771 23439 30894 6917 44157 49822 54166 3926 8408 14325 8354 45644 52380 53300 52008 30443 3827 50007 51229 42308 34917 15047 11379 29225 3151 50649 25501 14627 6806 21631 8416 34533 32537 8744 54323 52213 4136 5469 30007 2311 37776 31755 1490 50249 35436 5145 52685 48039 35547 53933 28527 19185 50817 19840 5338 9941 3344 8806 46109 17884 39129 8494 2571 51214 3391 51227 26560 35571 33278 45168 30142 27902 22759 52118 40322 29930 30944 33615 3292 31945 44634 44801 42309 23961 47483 25662 30834 16245 22224 41060 8654 7007 29753 47099 39920 32384 9259 1520 21022 24909 35509 41173 49310 24705 14587 17145 18581 51011 53734 22181 4210 32206 51843 46067 39787 33579 30149 26693 43806 42302 52995 12237 19618 42565 29214 123 22689 50211 27915 33208 10549 51390 23277 21226 23034 13282 26090 36559 546 39037 345 12728 2796 21815 17205 31211 8651 3095 17090 14910 18590 32363 8957 20579 46881 22773 15648 44363 50547 19331 36392 17023 8391 29273 16763 23369 24725 32484 17513 42847 5531 53231 9210 21362 44900 33316 24637 19638 5344 48014 17859 4549 20761 28762 41257 16790 49533 27692 10111 28704 50250 48249 35088 37882 17256 48849 15956 44338 18731 51877 1240 19463 47071 29686 44553 41166 44682 20348 5386 24017 51585 51112 38670 16735 25963 26113 8567 42562 31640 28319 48947 40764 7626 22691 42727 48402 50941 12430 45575 35587 19941 48515 31729 23930 37694 483 41567 20728 43871 7223 35985 40867 17974 30936 21615 33082 18676 29549 22885 19786 2405 45547 4784 2960 54547 13000 41790 8775 48810 45950 27952 22874 12790 48501 48665 27722 17691 29429 8006 21782 23704 39999 30125 25407 17234 7536 36245 44500 33393 1311 34450 9737 2521 27159 43450 52392 3726 28873 50738 25086 44426 33826 17048 47192 39049 6600 50800 7790 39852 2519 47434 6045 40786 25538 47579 37882 51906 10245 46254 4161 49544 8435 6981 43452 41959 24899 7656 16016 3207 24824 39683 14041 32964 45045 18362 48233 48397 8510 40013 5077 10261 18666 14906 16792 49896 54837 32562 27171 3782 44789 29178 20062 33310 49700 44675 7118 27172 26583 18561 9658 36349 50252 32051 9267 30074 51872 37830 45218 45495 17250 34124 38323 42940 36783 12594 2376 29500 13125 8095 12016 54351 35181 31882 52513 12406 4506 30841 41384 2850 48363 41150 35238 541 48215 50823 32121 14248 7239 9936 30745 25819 4941 52409 23425 6334 19307 29836 5588 53745 49818 16084 14523 24829 51371 15579 8203 30030 24523 45864 6274 16861 13285 50585 44309 10417 53147 29819 21872 10283 26746 21415 44767 16002 51549 28728 38583 17423 4469 20359 25530 33665 17025 25963 8777 25159 34474 40402 2578 11189 43210 8786 28949 40301 9577 5864 4202 11953 16258 36911 43792 659 932 50732 15955 46976 3863 31677 28985 24950 40216 7375 25450 15078 53661 12144 36685 22603 50680 10377 45142 48532 35432 47571 18812 39244 689 3403 38522 7476 41398 45745 37152 41062 49769 19726 29952 1122 49875 41948 6217 38231 34291 10660 54757 40736 3644 25573 13391 54591 2937 5490 53822 26523 49288 53486 50917 37979 33723 46371 24688 20379 22578 43893 46388 26911 5970 13417 37277 52916 54029 47884 1833 3394 30999 38261 31685 54767 13932 40839 13702 23689 22826 59 44087 26894 46123 24923 47339 28433 3521 11791 43026 13631 32395 32203 28806 38096 29687 24700 40453 1118 29654 36585 29506 47279 17794 39024 23128 11912 29079 20303 42483 36271 28180 44463 35801 5961 46698 41600 8012 48719 44945 1516 18058 40749 36424 45747 33041 13324 37294 5164 2410 30514 26257 50166 33986 44151 22433 37629 52622 35298 38773 24166 49471 34093 48578 36447 29479 25323 42762 41945 23729 5874 45135 47207 42582 16189 20536 33530 35585 4055 45237 13803 32713 30861 15469 31097 6625 24903 31922 44566 11537 46550 16601 49638 39542 48077 39001 36984 20845 53418 43811 33351 10842 36059 23863 15545 43183 30506 25199 13836 17194 30231 52060 2954 19090 29208 31099 44203 46599 24650 30398 6259 33314 4676 51691 31181 31940 21421 48701 23928 41392 14951 10625 32566 34064 42852 13313 10138 28254 3832 7995 31148 54414 38560 22087 45501 5198 48516 53911 25727 11107 22529 37528 40259 51233 21594 2711 29437 36321 35498 51573 47424 1518 29421 1984 43873 40116 34310 38449 28412 51512 13152 23963 32038 19992 11261 21537 35135 11887 52635 41460 25183 44361 19800 30520 45068 41354 7472 48634 36357 20388 36750 14037 15662 36422 38651 4842 6949 12245 13381 3729 20461 11893 3919 48790 872 5944 53979 15182 52644 38390 26042 2086 19770 6486 46433 14290 54532 12622 24573 8964 54193 11673 16452 12340 34961 23519 34031 4070 10156 6914 16643 19838 1751 15296 28362 52402 19807 8158 29589 13854 200 41495 32077 32288 40611 26006 42254 24132 44913 37086 673 4069 14467 19352 22778 32292 7778 42327 24492 32437 34838 22372 13952 5588 447 9799 48900 16468 41038 17366 42685 6425 7214 51874 51160 43020 54275 4998 23495 5816 44773 37989 13371 17809 2778 36087 28277 42962 37520 44030 23169 43246 47428 54360 23640 2285 45699 26415 7156 37806 37137 21664 25225 209 18573 9150 29051 48214 38852 29346 30444 41898 53322 28699 50162 41116 20235 8757 37960 944 19864 46 54640 3559 25421 36274 9868 24981 40623 29239 26176 11844 48319 42395 53109 35939 15886 22344 29122 28663 40105 25503 27500 35945 33321 11525 11976 43074 45055 3845 24455 9416 7567 1084 36986 531 23995 28458 24282 22442 52805 917 47129 33647 28813 23265 42109 41659 53513 50399 46253 30571 17643 12097 39942 36593 23045 29761 42565 49552 39146 23660 25633 309 20470 49753 40066 32351 54391 30178 53640 15363 30339 43850 24818 8620 23141 33892 36465 44635 49544 34553 14051 8503 7659 52827 36397 34610 42942 4400 50338 27256 30857 24725 33848 32740 5744 24096 52434 40729 12970 20008 42630 41159 24991 19049 12608 38410 15078 7201 40980 15960 45328 7607 29080 30784 36566 49582 34704 8064 31129 16799 33203 14798 48514 45737 9727 24712 12063 22173 42041 34063 23111 3710 11313 32284 25726 48170 50506 22302 47382 26037 24842 24574 8622 49139 6897 31664 51059 1794 21123 50509 5896 1226 48995 29371 27850 42418 7741 19758 21595 9934 17429 14407 26163 17798 54631 14182 598 45558 46641 4958 16030 53744 30728 36426 17291 20211 2536 30523 14753 29517 33429 24920 38153 19140 16107 16734 11709 7660 29752 6465 51364 2945 7813 27780 47924 10271 18961 53950 49424 18641 1764 25008 32048 9031 19001 27857 28351 45384 54739 32861 7904 43767 16515 21237 21236 3100 2661 48126 38442 54503 30056 44137 14922 4189 27479 4894 41222 10260 18645 17032 12025 52594 15950 34650 50867 54394 26509 2796 41801 474 1068 40013 37225 43845 30460 24314 24567 26933 2952 19403 10336 21258 11643 26794 47515 54239 44731 6169 29081 52003 1827 6324 52215 3755 15620 23062 11775 11097 36626 47819 31910 26092 49423 29170 40512 31702 46004 49382 39554 25392 28808 27455 13661 36658 4807 16701 23171 53477 35397 25256 36473 41122 42671 52349 31762 27028 7093 21531 16376 12897 9509 54499 10096 28770 12675 36009 39989 52307 15605 13933 35691 27217 21949 6054 26798 50418 51411 34204 47885 19402 46556 7115 39259 4827 48783 22103 24054 53679 29067 28151 29921 33847 51401 22614 15701 47442 38634 7060 17115 43958 19805 37848 2260 29876 48782 34756 24095 13201 1113 9361 31275 36847 21664 33838 7125 14481 44380 11469 26003 27531 32490 6839 5675 52080 49254 6975 7252 18271 46884 38505 31875 50649 9245 18566 25111 193 54820 37207 53421 33229 20695 6853 14328 51540 7986 20762 13755 6495 14691 37215 47856 37420 33461 12446 19251 2568 4574 32694 24810 21825 47774 22726 29594 48559 33164 42854 44270 42652 22826 5635 54597 2367 44211 47349 5899 49175 14355 33146 48779 47856 36104 10217 16702 40592 10274 40840 13505 28103 44252 6560 23455 52121 46450 35352 48781 51596 29371 2938 44130 34810 45570 23662 27420 33311 38213 54212 28433 47037 20235 24949 23462 27832 41781 15248 20096 47898 40412 11168 5066 53514 31365 5980 41350 20788 53961 10852 48076 34190 10940 26283 38151 12550 34044 43946 23884 37779 24143 3675 21780 973 52986 16332 49220 48363 22538 23372 25261 42113 34476 4942 49796 37011 34136 14446 10068 14928 16520 24135 52655 47058 3870 43795 14515 17187 28418 46075 18106 22824 20958 11172 21004 40957 8952 10451 33731 46419 15168 53508 19015 6283 2659 51444 1835 19477 2266 48835 21456 3594 37017 30918 16534 7419 27034 16042 41663 45513 13849 13506 39221 22389 22348 45232 33344 399 53950 12140 43131 14783 4062 44328 44398 29631 46565 51788 16864 25003 31415 52458 48435 11019 52667 27177 22500 41793 35594 32242 41830 34172 45593 34689 31838 29846 15460 39813 43772 19956 25855 22305 18147 48123 32453 13346 30256 17458 33703 14496 1294 49888 10117 42140 27663 41539 32832 41783 26865 37369 35827 10952 17043 27990 3642 37498 26878 6209 3735 49703 20426 5982 1510 28921 50999 16884 10242 21658 12060 21547 35983 34098 52246 11407 7887 5575 12952 26365 18897 18507 13565 24159 38597 27479 11094 46049 17554 29134 54095 26582 12715 30857 19220 45724 2773 4067 16366 32653 28883 39753 22754 23906 19649 8225 53177 33703 15420 50792 27110 9328 27449 8587 19588 42350 49731 33810 29604 15826 1174 52737 36027 25318 30286 43222 42953 22488 18467 45052 34401 36864 6914 21759 446 26333 21718 15157 13648 32302 15653 11286 48725 19250 40949 40437 18114 14692 37807 3306 51385 5412 4776 10519 44862 28399 22102 41185 25290 48986 40416 45336 29675 53809 25140 17569 541 25350 40106 21325 31666 37069 52892 24811 26502 7488 8026 4218 18697 26532 44514 54830 10416 1016 8954 32715 4531 44460 22610 35205 46986 25579 45043 36550 34290 15926 21312 16705 41408 21607 36727 20749 15090 4110 35602 50636 50770 25719 44010 43130 44747 45320 29432 33917 3019 49764 49599 14796 21830 11079 3225 27389 35966 53666 37282 17188 23844 49814 53736 22103 22400 28246 54911 34377 24362 14575 45156 3291 40685 9389 21967 19601 43197 51376 4766 29752 29587 30555 35311 40174 30204 19000 54717 14715 40955 13674 6447 52067 23697 2720 22334 33123 53213 17244 26929 34720 11617 10413 30586 50010 14471 15193 9457 49466 10048 9200 8545 35477 805 46691 8755 47099 46003 29939 28399 47681 27710 38035 22432 20231 8268 26943 345 33933 33373 32115 5087 13152 25751 659 30391 40438 43596 3629 7921 48131 6986 36329 26933 999 53757 5369 836 25552 31659 14687 46614 8388 20501 36985 44962 21082 19789 13445 9907 34662 45694 12882 47627 31135 38916 30096 38397 53177 45385 31667 28293 54879 36681 40918 25439 23381 31251 24997 5181 37868 27727 48935 42014 45420 19278 9898 53174 49529 14535 14184 47807 49416 26520 10973 22411 2317 38990 25003 19274 3052 26125 19290 11749 35482 37124 28461 3852 29372 42063 42073 30114 14647 32517 45544 40221 32997 52875 13226 25197 7899 45419 8795 45420 33202 26992 27092 20646 7709 11404 32568 16207 27518 18704 36798 31410 15531 1558 23834 42830 11791 32093 16195 48013 28066 7437 27499 21622 22799 5805 10460 29020 11418 2868 35513 40039 8044 9964 48800 26809 49043 40737 42387 33491 17148 53316 7898 31042 30065 51298 22191 54282 27901 13075 37067 45717 18388 36932 10639 44779 10265 52703 23003 27567 23830 47112 3797 5391 13157 34213 30808 48612 20241 42479 11887 3882 20772 6540 2417 26353 53127 32336 4476 35504 47191 25200 22091 1534 23109 40944 54274 8540 36933 28817 20423 45609 14554 17192 19553 7834 30298 29337 32903 38007 45303 4468 8498 30071 48084 45012 3322 21513 46199 39380 37199 20491 7979 7597 4258 3337 54893 27125 35731 15057 37384 50065 37867 38223 20026 18160 7371 24903 1878 43831 41404 32438 11932 43393 34778 41799 28656 10212 33452 13813 19336 18803 29604 26348 43560 25009 38196 40926 35644 36628 52739 25192 17814 11277 34325 48299 1011 1115 29285 3759 12824 22643 6720 4791 48341 52309 33537 30358 20319 52133 27410 35920 46641 9518 40808 46335 10044 46589 8718 30626 1977 2747 6074 8446 30773 47388 52682 35981 37947 50041 25843 7176 7535 19200 753 23944 7171 26444 24954 33280 26870 18422 7835 1123 10949 40580 20649 47566 45836 13198 24067 52913 21749 17609 53960 48131 3236 26657 26480 30291 19919 5119 32408 49883 13155 52885 33566 33330 10203 13388 7997 34491 46631 34325 49694 9309 21695 9732 28298 11879 4963 3344 19335 21198 36880 18415 10716 49682 23128 50368 22205 40655 20852 38296 49877 7246 77 20881 14134 14960 41934 37090 18216 34831 44136 39447 19636 39510 21583 4414 23301 46485 37129 43424 524 17348 14929 51239 37751 52415 523 18077 12830 26228 29830 40587 11015 30366 30572 33489 48751 14567 153 45049 42237 22092 14814 34098 30918 11639 35102 39923 49490 53737 3173 10313 43913 12524 20172 15827 4796 43206 17114 24551 40016 24604 27703 47646 37688 31593 8752 466 23108 37190 33354 5962 1784 44461 53636 33782 2221 19285 3228 25082 2556 40522 6154 17064 38200 50821 14465 45232 12843 8290 40095 24931 20779 53330 31558 25967 50505 40050 52339 8589 11771 15839 2657 35025 3332 42182 48599 40106 10864 26854 8916 18016 46250 3006 38685 49838 18759 20643 53203 27381 52878 20931 50825 51992 37510 24939 26692 40118 10263 17677 18600 18073 43941 50411 10092 7319 14226 31010 49260 51555 8353 44813 12245 13606 12917 1344 46750 36805 21851 37824 21989 2324 49205 3803 19185 24856 23183 54755 40225 32930 16335 32841 20368 74 50136 13322 856 13145 7036 17713 40870 22548 21610 14938 1969 9086 26899 48427 17381 3937 19664 886 42761 22390 42970 18697 34554 35115 44762 22604 41158 5832 47186 24957 43445 21038 37227 11965 13360 5653 26867 19941 42124 4735 52484 11731 52776 17659 52120 28281 1398 13776 18856 4514 26267 9241 14923 24705 8587 31257 12103 2377 213 3804 29948 49323 6241 36578 29814 50680 50411 12588 42276 1293 2164 21681 22522 25701 7484 9254 52515 20672 52009 14629 13461 41857 26885 46227 19064 46166 40571 6757 10023 3075 7384 47720 40664 39292 26437 8192 27294 19025 42363 42550 40116 40305 16351 1931 30907 2419 54541 10041 34380 39269 24101 28601 52570 14608 9100 6337 29987 44654 12871 41345 32919 45803 27899 43732 5931 24585 19768 33809 22403 47886 16360 49433 28731 23963 14378 52400 35782 4777 51790 12677 37289 29851 29552 13383 53653 21460 48213 39759 42674 375 54663 14484 19607 47548 29049 22830 40440 28 8772 6442 732 22679 12844 14382 40029 47492 54222 26216 2787 36542 13387 13745 33443 1932 7651 20132 31983 6897 51056 6043 50475 22144 15120 9111 5791 22596 51156 44614 51658 8173 9856 14413 21230 36493 19536 36714 18021 20083 11633 25456 2153 48380 47375 19213 958 2621 46739 28551 2799 21077 21929 19358 10132 1798 19124 1291 34131 10678 50860 10477 5190 53913 52365 44493 54727 34175 23794 13655 19081 20250 23137 21192 38137 50168 38556 54768 54538 51803 12673 14135 31097 50722 28784 38790 44629 19887 11039 31909 20130 165 45875 49716 10843 10958 28246 21528 39828 5853 48829 11368 31321 7650 41133 5358 12141 47710 19706 11241 50226 51831 8551 18965 40654 26205 26835 1038 49177 12444 2165 24234 52267 3705 48301 18293 20168 20234 25918 2829 23464 37667 18952 33649 36753 4594 9026 40455 54839 35623 30009 33704 50144 1492 21552 45183 12252 17157 36576 14888 45515 32378 8378 38231 34669 2654 563 12996 39517 51325 45187 13230 17729 9864 19067 14196 27857 34372 15713 30928 29434 37532 10677 8031 53866 16124 6632 51004 47351 17027 7360 19953 32185 9113 34554 52558 26318 29451 36114 2966 40490 43483 9324 37056 44329 15113 22004 27224 39484 19977 47741 46787 38178 23708 39259 12823 114 13852 1066 27655 9981 21721 35482 40188 30309 11018 14413 45856 46992 43 26495 7640 44645 8912 21963 45740 43647 54717 52958 48436 52052 20392 33637 6903 40694 54592 10115 50987 47398 24488 16781 35102 8771 31267 41055 7361 24197 6873 36338 15252 712 33769 37360 11578 18456 48199 48036 28118 22663 6866 484 45926 35129 43246 51595 25499 12589 23475 17738 14415 1922 34041 36291 13878 19550 17647 52178 11357 48751 25884 48220 43600 47958 10053 35198 5500 23877 45016 40788 23285 30805 23633 24194 54805 38970 51044 10605 32730 47232 26445 16170 24790 19819 19564 9387 19417 43460 52669 20948 50248 18579 40475 33488 18923 19622 39152 27522 43531 18375 7845 49877 24528 54757 48230 34760 34818 23184 24801 23368 3892 8292 54431 35564 37069 4635 15559 51610 25894 49786 44356 40073 15471 53082 42345 6453 31351 38128 16160 37490 22077 47869 42695 32002 4745 40301 24523 46563 15925 25131 17497 50918 41737 2776 18886 44957 22473 17602 15826 36765 12803 37739 334 7646 23894 12764 21231 25750 28035 45702 13420 27399 21473 9901 14743 334 33837 24540 17568 18341 12514 12089 9790 9744 44043 21483 18868 38966 27715 25755 22238 18793 53670 37346 26592 48765 28278 26984 458 26479 9620 24749 50715 6871 45524 39766 24837 14544 47137 36676 32034 35471 52318 46684 53460 52499 16732 26048 17733 4870 35876 22541 17782 24349 29903 19551 227 10773 34943 9088 36022 40172 34071 26690 42090 10813 37050 46436 15788 24507 7591 26852 20788 41678 21773 30374 18234 52008 32991 31536 38836 35309 1448 1781 33876 33843 32790 12082 1533 47686 48382 46663 32224 15851 48000 16955 12175 42096 8557 10606 54292 18867 40079 28892 11723 16218 20215 11589 50034 5223 17991 17432 5827 46998 53018 12525 41246 335 15309 11292 3508 54200 37382 20603 1475 28275 44599 31155 44360 23820 1044 34256 35324 13743 9091 52735 36333 39507 13060 26194 33397 49759 14649 29729 21699 11083 40415 9941 22681 31563 3653 3952 33098 33454 31564 25801 19582 14576 48024 16886 44286 1911 32138 49180 25686 6250 32364 28621 15182 23543 15177 20128 50097 6671 39993 20788 49738 8700 44853 34597 11624 21189 54215 35917 31709 50489 11122 54024 1841 16696 44176 31365 49347 31312 10293 37975 51870 49476 13918 28506 14385 43988 14243 36495 38648 19134 4316 36983 22854 30573 2947 22826 36247 37539 31907 9613 50224 53837 5559 29205 6886 13722 34750 1726 20600 16870 10303 36541 1121 25504 48357 46178 19869 47034 12053 18058 11790 25402 23299 52625 35890 50411 13119 1126 3546 14175 36263 2985 45330 11164 52127 43118 26356 37605 25302 33390 34194 18542 11802 41096 47449 54600 36252 14990 31111 24443 2581 30857 33233 22470 26749 206 9658 50657 35246 37984 23299 24436 26097 19573 40177 1350 24375 26995 47625 37509 5519 37144 11887 43026 15716 43458 37347 15027 44541 15599 15725 54791 17671 11378 29369 3015 41085 20617 2489 48354 2435 10016 5120 8768 13459 32483 23227 7423 36488 5688 21078 15937 26653 52984 3587 47634 41459 37019 47271 27459 824 51137 20659 10320 33210 38035 48530 182 4906 12796 15519 15682 32341 28049 53244 32792 1694 43087 5895 22625 24713 17734 54305 45713 40924 10132 28830 9924 18086 19265 33092 33660 7224 51278 39875 8915 33782 23051 35332 13828 34461 32393 37117 8735 21188 16214 40023 8574 28903 20246 23256 15940 17255 38247 25178 16937 23458 41045 49996 18982 2959 6427 20498 7274 30271 1344 30792 5235 50059 25894 47921 51167 38667 34088 16093 32042 20689 32504 36932 31158 46099 18138 54407 49451 50019 6567 5364 12853 45197 5001 41528 5218 14611 46231 26873 26936 36227 20712 29838 38860 4822 40363 29802 35902 39305 47589 9422 44314 1225 24722 48738 26179 33206 6598 34351 17126 10906 17143 15846 46968 11797 35681 15677 50094 15395 39481 20721 34917 28851 27964 14993 33769 28980 18990 9965 26890 40190 38089 21122 7745 29730 4023 17647 51389 45840 13108 38884 9947 37065 19598 21558 42457 28575 10558 26947 4025 4594 14575 20926 53153 40894 5978 32209 1733 36314 19643 34979 24558 36354 37612 44803 31763 36587 53428 43851 34788 17810 2131 4310 6126 25339 33431 30185 15632 52703 41619 52508 8480 15465 18326 39459 5832 52442 33220 1374 49145 6919 44089 33049 51283 43785 13194 36400 3613 28920 6087 50789 15798 4216 30799 46940 22002 4196 5564 24733 19527 35788 28835 50251 26389 32162 39430 32786 17223 37067 1574 24867 39091 39008 38992 49823 38619 8503 7925 53470 25679 13419 34812 20870 12683 29635 11830 40132 12326 31977 14714 10128 33998 54799 34714 41849 52405 24237 25193 32150 50848 53211 19187 12219 38046 34706 39067 5298 14051 48059 50331 8733 33610 34772 36370 7158 21094 46353 23331 16757 37549 37481 48401 9887 28861 24900 23063 43909 4359 11743 21791 50558 8964 22252 42112 36015 5636 4664 33740 46957 20109 13602 8564 53568 38526 46669 3901 48301 17692 42316 29754 14513 46234 7872 28834 9703 49159 39397 49510 39039 22861 34813 40520 20016 13426 22988 53721 32871 16125 18879 34534 25152 43558 10865 28395 44890 453 32158 43232 42723 4078 24406 36415 37578 510 9191 35083 51332 49821 22579 41247 42498 46774 8130 13033 39655 5636 26239 14920 43480 21083 11125 5729 18796 1820 45798 10416 785 21753 51744 52025 34188 24368 44897 34467 47918 51918 25860 16945 5962 26408 27998 3643 23609 25729 26258 41124 38010 15967 44850 8863 40993 6582 35350 45825 18476 18216 51567 434 49534 24614 9259 46777 9924 19804 26715 2282 12630 51630 30989 30412 7868 43201 20774 37712 11616 25801 15731 50566 5627 35032 53120 17621 2262 7831 47132 17936 31537 49754 40826 10115 20280 3361 9392 40737 18244 37702 24592 18239 1502 18429 3040 39101 37437 49314 31406 37132 9461 4240 40259 31590 15000 20262 12892 29811 8715 44395 14428 21955 22280 12858 49010 45061 39671 54203 1918 2197 37613 11828 1480 1466 8129 23708 41141 38041 2461 20500 52595 44128 41904 26491 41915 17433 26784 19384 51259 7650 17288 48856 29896 34955 29599 15087 45298 14844 51361 46163 16584 47068 51960 7650 37263 47879 21448 11159 12898 42468 16908 1968 34389 22036 29983 16498 6304 50078 1464 6127 18955 47021 13911 18325 30022 3286 45243 50310 18558 29274 33785 45445 44347 41327 16916 10532 54685 41984 26469 2399 26001 30013 14680 18160 27062 50189 26056 11677 9114 43267 1226 36955 38446 9793 18683 5321 51900 51915 46677 7365 7959 220 35594 6370 49459 31953 2738 24452 20570 47934 26416 18040 3924 40207 14148 47135 5067 33754 8342 9307 4358 29716 5522 44968 21660 6709 22200 11960 25115 29361 23124 21677 47754 34924 53112 9404 20347 53733 20071 33389 19403 39813 41925 52740 29270 29627 33974 13920 33090 16 22265 25327 23483 27378 28907 2615 18034 37696 31530 43990 36055 47662 40421 54040 28187 13394 15390 41205 26901 5654 33867 22659 46251 3463 48235 40950 1530 43635 18844 38493 49018 35251 7369 43761 1850 12416 690 45506 27712 44469 51228 16988 23170 42358 19551 37184 24931 51629 8924 48880 44225 36132 23316 28040 46132 45356 5453 51425 1578 6533 21243 9394 5434 47427 40593 18066 3772 37185 11963 16746 51980 33534 30361 42178 18628 14758 52970 462 2820 53335 27646 29450 45321 53867 9530 19759 19850 53493 31417 53699 30257 11228 27523 18755 48349 6009 35145 2271 13894 43705 17878 46637 9446 2854 6073 47329 35349 30132 6714 10595 11348 31696 28575 12060 17413 42554 20341 21525 34549 18356 53714 25490 26386 46656 19387 34379 14506 30260 29999 23476 42113 42820 4344 20148 14775 12151 33452 2119 10173 21787 21039 6204 21907 39917 26641 1020 23038 21187 25391 39936 48786 25663 20474 43727 42456 50430 36274 48 14206 10430 43889 31889 22446 31681 10699 12723 3553 51838 2460 18238 29904 21920 49473 23637 42940 16298 45170 25522 23414 14966 22797 52904 24916 16120 48818 43680 7803 31318 49279 11900 9681 11690 24199 49157 46154 47265 50330 5287 6984 9951 48224 53707 42606 37427 39111 2718 40540 19349 35294 22731 24955 1483 45412 13339 46662 40469 41307 17726 32501 51267 49975 41192 20661 5963 6805 47336 30826 37170 19348 47905 37448 45173 47218 49391 1750 24291 21179 42396 28332 37391 36548 10585 12688 13238 52511 34635 47082 2381 8127 45214 13938 20870 30044 19905 25221 12196 17742 46422 24389 10503 51665 48194 26450 7765 41567 5629 837 4768 24256 40455 30490 19736 32955 45624 3146 49845 42973 47051 745 17452 4548 3883 9883 42188 19544 8436 27921 25856 34348 21032 34903 41970 29187 13318 45439 27677 46052 38201 13774 34928 19335 50530 13474 3988 19789 37071 46191 19710 33016 38591 25303 22755 49682 39194 42234 27097 31731 8766 2235 19043 16750 39927 1862 20441 50138 46486 43755 10243 22933 31504 14421 38151 14702 66 4056 52012 33643 54978 11976 52287 32743 46924 16062 39186 30740 28244 14840 38481 8907 19052 54313 15725 21223 17309 31978 36770 34237 10371 53764 26953 46941 15741 45531 40262 50888 13497 41651 44973 17632 5996 42582 15698 4372 5521 5971 44823 16752 16565 5489 29733 766 13853 8997 18402 13130 34904 20458 17704 22623 39180 38603 1523 31969 16247 16121 38671 2805 4088 1987 27405 12325 28103 9960 29991 11716 6106 49839 43045 7317 44169 24852 9595 45639 38349 14714 53744 25875 33259 34648 41023 25292 31649 26532 42041 44752 45869 36276 17438 17952 43094 7720 54219 39668 36249 28925 20627 28930 36337 44269 3055 12245 33052 36674 20382 6256 43738 1625 9073 40465 16379 1744 25308 9134 22821 17712 10304 10289 46798 27269 38452 14688 995 9015 23516 41884 27284 21393 32010 15681 29649 33772 19631 2250 11395 16468 21708 26683 51327 28312 37592 54219 41204 19800 21542 1062 14928 32835 51134 28479 29609 37639 45571 16495 54004 49140 35197 5378 10257 34636 22270 3701 14138 17180 2783 11413 8674 47445 14585 11903 51941 36040 34282 11007 31448 47726 40544 15885 22296 2879 47824 24958 48794 23293 31736 40207 19860 42338 27646 51050 29029 11748 23094 4050 14694 52866 1640 12381 4504 26814 32265 14886 20495 21015 36841 980 45147 13805 36433 4751 25420 1524 52603 7613 43923 19974 4248 25963 33055 32842 8672 4701 34272 54793 15017 49354 41265 3257 18444 23817 3302 46922 38902 14277 30930 3626 46763 17019 43127 229 53302 43634 40943 52178 21240 45418 50905 52621 51775 31968 22408 14788 47306 5806 28401 22890 5576 37910 26281 6889 50899 45742 458 35894 30813 673 21712 16212 6962 12972 7731 17476 25059 37664 49894 1296 4253 41565 14180 38707 20519 30054 50226 10299 19901 50026 109 50296 32556 12043 29753 9070 5919 32737 21546 26244 33499 48842 9388 23827 29477 25493 16097 32103 6676 50539 8019 39755 51456 29605 3484 45211 7101 43033 29506 2259 25339 47757 46289 15901 34562 28600 47554 20031 31105 2083 37679 24251 20867 50288 5962 26268 2883 23329 10978 2046 24105 23669 30895 6461 35794 32112 52926 7342 27887 17192 23535 26817 7791 765 1286 29555 49664 9967 13288 9223 23271 12355 48052 32652 29013 45271 12313 15931 29665 8383 1301 8644 42450 20374 54055 35027 25059 17179 22895 36824 20341 32559 41577 30943 12097 44823 44200 7848 12422 23698 35531 37174 19404 42121 26799 48563 41394 5911 38802 1412 43767 9748 13608 10963 12790 30852 46927 41781 43754 4324 54071 9633 10446 47713 32972 32436 8297 20546 18093 20172 26638 23518 5384 15740 24821 12120 4668 21108 20116 50696 2519 42053 5965 9155 45894 24823 44999 37497 35866 826 43614 49751 51851 9907 2553 51848 25681 38777 25989 5541 53745 48681 25488 50049 19497 2605 3428 1175 4945 4283 22115 2175 50770 21702 24495 50091 46445 49453 1888 39931 38156 6735 36924 34853 43480 32477 35153 43783 19804 9737 6469 51566 26176 39233 5513 4345 22680 22482 20705 24471 3261 33296 19619 5559 48029 22649 2660 26701 27282 14453 20829 33156 32785 38640 25177 46468 25821 26088 49053 5851 25828 19244 14781 50037 10964 23444 18739 8678 3920 30010 30397 11429 3548 11433 5991 53796 13731 54120 44411 1744 9156 32862 11390 35514 10032 9288 24718 12953 54648 19194 50566 39946 4893 3800 33519 51724 989 42536 50181 16918 32277 13054 11344 32646 36442 41765 54187 27886 50131 11508 28577 27539 37479 21130 11373 24769 46647 49366 34843 51402 39987 52307 36608 43540 7955 54788 36915 1900 32798 45981 3866 11984 6734 36489 15498 29351 29836 33128 3002 54874 13136 4458 33892 9601 5994 17702 48671 2260 4892 43797 2803 36151 36959 41104 11228 7973 33462 44302 43976 928 51044 54904 32153 46372 32713 26420 29634 39647 38530 9649 10051 16384 19647 11769 14883 31523 37912 44432 42782 37671 32006 22937 51361 47957 22998 10723 28083 43663 11722 7064 39017 42265 51177 39546 13459 1560 43035 10584 12383 47437 34632 47006 5754 892 48235 29997 6615 15452 23077 23661 51739 10624 1115 12603 30207 26567 46360 38921 30006 36253 24160 4596 11153 38467 15507 25311 334 14404 47979 40104 8276 20390 20872 19822 18225 29752 3381 27402 16494 9471 24194 3772 12563 50042 30016 9078 26406 28739 3858 18261 3428 16863 54876 25451 5969 28176 37137 4571 23847 51280 27765 32933 6471 28475 54106 18404 14621 54747 23440 54991 9548 17982 10911 8196 44908 36891 14973 24088 43930 52416 2939 36650 29589 37165 22379 43967 1236 6828 18415 47242 5899 45296 45116 2295 40448 6963 51507 8762 38324 24153 6867 8932 17036 11110 40935 30959 43665 30328 39944 37306 35756 16582 45123 32421 21999 25289 52758 21879 6697 44351 53152 21835 46723 45984 18228 21670 25161 19379 41468 495 36640 10765 37848 48581 45807 39206 26637 24550 17441 40403 29472 11611 42931 4597 54102 3007 21620 32783 4092 46045 33597 54472 50174 12827 11240 1373 54941 13804 5234 1262 5355 21090 22134 29497 21289 40251 31364 54600 45663 23065 21335 42783 16281 16541 1339 33314 2301 40155 8371 6168 45159 2688 42338 14245 51654 3905 35068 31373 8252 15282 51024 28776 48153 17896 25349 50821 40235 43035 29291 44883 51855 41636 51814 31603 47082 54296 28497 48083 18273 12985 45731 53850 45371 41300 30272 27903 35896 49062 26407 23198 41077 49381 16416 25285 52669 52203 41901 19269 22043 38494 37701 39708 31869 7199 8751 40552 52521 12342 24275 43859 3328 11889 38069 20374 34945 35110 1691 49340 27769 40146 43 16896 38537 10411 11691 28252 7402 53612 15749 34663 20971 6591 50637 51358 41901 2089 39076 19936 51849 53993 26366 1855 7077 48836 46808 13487 25556 50860 1113 6724 34952 20665 14547 22391 8387 8050 20732 4709 6182 52397 20466 7858 39965 39570 30275 38292 18323 43184 35955 23553 4079 26472 43728 18994 3988 34483 24981 29813 33543 33725 6038 35610 7543 34194 29626 44312 9368 40549 28613 43918 14170 33704 5201 9589 33407 25990 30862 29317 51587 32323 40680 36637 28129 22488 52049 6812 48554 8945 7523 7732 36332 41658 27682 27486 37921 23679 15715 1445 25241 23307 42808 15749 17360 30799 8878 32173 34121 45880 27343 42050 36657 24648 30075 25567 44799 36630 7921 47626 14768 5565 10884 8360 52103 21235 12688 45889 32866 27149 45390 13330 13692 34124 31406 21514 31861 51994 48807 27662 8137 31445 16796 4508 45650 14239 19468 13302 36029 36542 46272 38919 22322 20356 53872 36585 13453 50450 905 42737 28766 33079 20174 17833 21437 40894 13038 25646 4347 19114 51544 49184 43179 2717 36003 31563 45120 26186 4679 47297 8109 18810 21624 49138 21428 30190 19599 16218 44309 54570 5180 8641 33457 905 19467 36384 48275 7252 30829 22921 10883 19440 29697 7663 44690 7107 1842 13306 32464 4790 44461 22203 18283 53236 8720 16093 33704 49850 25912 45050 52636 45994 14680 14323 13800 25575 54111 38588 47500 8647 40297 20832 1928 38186 37011 26508 23472 50862 18301 33443 1153 31622 36417 16887 579 28132 30503 34445 51065 18814 9842 23428 44711 19630 14349 49470 22396 31946 18466 8691 29823 2085 48019 47404 18753 26695 33215 40231 16020 12781 39911 14124 34955 4992 12107 42913 6003 9945 2300 16161 33663 4502 21089 36321 9581 48497 22922 31278 4656 12194 29298 6281 36391 19242 20386 39904 11518 44876 5320 22352 18995 3178 1720 28703 41901 54333 17763 18454 33881 10113 26308 52473 16943 1708 5824 30129 10059 14643 11217 7209 36523 48717 39876 31498 50074 14316 45536 7830 36020 48056 10941 9103 44693 38570 47766 36966 25436 42032 53553 4548 3508 43715 14777 46158 5325 42789 24796 15533 2895 38086 43117 29932 43185 47788 33410 21628 13975 52502 33512 40503 13345 36552 31925 38820 53693 53969 48717 50101 33659 19729 35885 40282 35909 9671 24431 16010 45557 40850 27503 2343 8307 24725 32753 20323 22967 27856 26580 12929 35078 11778 27547 3263 46147 44298 10088 18203 33926 21688 22815 43004 46468 46249 4726 46061 33143 25965 46026 18967 37647 31573 9134 30846 870 21400 53659 51935 24708 15352 49947 12668 6441 48147 16543 22568 7003 52689 39479 45390 32200 32817 39981 52749 3656 10838 43122 30467 10758 31594 12856 52851 52539 9567 12979 51906 14524 33941 54177 8272 51769 6898 26123 421 10355 47225 46353 15328 41933 27565 42548 14729 41808 51988 21104 32513 47883 37410 6841 45420 2152 53896 34330 22079 47070 53045 45102 24516 5112 12404 7592 24798 3660 21013 12288 23764 17313 4387 37884 28782 28101 18969 34526 35658 9222 7958 44618 39634 31638 33519 25287 41648 34090 40388 33320 1915 43152 31254 5020 14690 3646 35389 33238 30393 43126 45792 29909 43683 10774 47115 52137 21377 1118 25338 43957 8182 44031 33481 40623 8353 20622 44418 29760 40764 39430 9887 41865 28890 35961 53776 6389 20233 31984 1598 47647 42325 33812 18319 54486 31991 9847 18016 52449 34986 21004 39460 31860 47041 41921 25365 17809 2683 11080 22074 27625 37300 11236 35767 13770 21182 40189 17302 22500 30141 48496 4976 42854 50987 42737 12542 15797 39895 35859 2455 51073 9208 2724 44532 29016 15346 16403 22766 49904 48536 36827 40454 2890 46479 4107 41856 22751 49829 4645 54810 24805 7292 15021 51001 29863 17222 33455 11538 27478 31725 48388 14178 51079 7099 36537 28078 39608 33001 5619 28691 20334 20632 45029 38030 46891 21603 4440 28530 39070 35345 51929 2653 46825 54447 26486 10733 43784 52651 23376 30636 16890 44487 2112 34926 14151 9997 16799 52433 39265 27150 38628 20690 1698 44572 7344 45803 51939 16978 45511 14556 35413 31912 10327 1378 27303 21476 25337 29514 34976 11079 39688 49280 6153 17779 12357 49253 15732 42337 29297 16367 45937 2022 477 51230 33266 49124 11466 13629 52369 19242 37460 9672 54793 472 41431 12961 39691 16918 30425 49660 41785 26203 5810 26661 40163 2645 30208 53789 30085 28597 28837 13433 18726 37420 19840 20351 39 2366 10470 36282 47029 39823 29911 15450 48193 3473 40916 47362 44159 15988 13927 8827 3287 37463 28543 33213 41802 48107 29375 36639 48903 32146 15963 22579 5249 45849 43375 38898 3417 22770 37412 43584 7352 27712 2559 49614 33701 30112 36947 2666 16554 37123 43260 13017 11242 25060 14792 23421 17117 27873 23796 48426 26625 33305 35012 31386 31114 34860 6627 19386 38772 15624 15428 29141 45002 48855 7988 30278 2468 32465 17316 46564 9439 32876 53707 32187 25963 4763 4010 32749 39641 19289 17940 27342 2445 11619 44095 50068 40386 14927 4899 15390 49410 21178 47833 48485 49442 1227 33004 12757 12867 35731 49088 18236 22429 18217 6547 14274 18700 26822 3278 44789 6544 7115 37063 6101 49406 46167 37807 9081 10451 31299 9539 46402 44823 17909 17865 39366 20788 33981 24183 28660 53428 45178 49592 51228 6761 51674 4842 44801 18965 40405 15940 40371 11464 8327 28090 18619 12344 50969 5256 2069 41457 18476 9780 42291 7738 6302 32886 15374 47798 9998 37922 39059 23883 44335 46280 51434 1427 41464 12623 32471 16974 12525 31602 18367 53918 38187 51616 43158 21009 6280 32653 1572 26517 37471 50157 52540 31169 19723 39686 10174 27163 42563 14815 32815 52987 6430 38073 38588 33097 41653 26510 11024 27346 9939 16305 37172 10308 47561 29964 39987 3503 33592 50248 17448 22667 28475 30643 1676 54427 48724 41943 52216 2319 10110 17730 19462 20363 26676 12131 32692 21164 11182 24330 45766 17625 54982 11789 11222 41755 37012 7703 11553 13838 38588 20806 44532 14527 23022 29913 46405 31279 18571 24297 26892 30733 45346 10793 27147 44349 53775 33353 18409 6771 27281 36649 36299 14861 16668 4300 40758 41987 42485 45372 28636 50000 50505 21430 19392 25269 2758 30905 4854 31 17279 35804 45220 3427 3742 11951 40728 32066 4547 47742 33183 42675 34106 27699 24943 11562 43087 51064 53960 22208 21822 38908 29836 45976 21105 8478 18392 22298 28101 5794 34138 41404 33524 36216 43380 41462 9620 9664 7927 3188 23919 15780 38248 30175 43194 2671 27581 16720 41527 1701 4642 17904 11276 14313 23932 33896 47956 35007 35518 43343 52852 2003 24569 38603 41479 47985 15780 18305 21365 52525 7488 53905 15067 53714 6231 15008 27035 51046 31575 92 5142 49792 14930 48725 17848 15533 51248 54342 36964 46567 14953 192 32678 32734 28518 2476 28700 8989 8341 40238 49564 37513 15892 45079 16651 49018 33413 34710 51698 45024 24154 7107 20640 13881 36720 14208 5507 52175 13579 29645 43310 11907 52141 48948 44111 6799 32417 37133 12188 41224 9306 19206 42799 36113 44262 26318 27267 50903 1286 16379 45913 30524 46517 54449 107 35849 19840 43064 20433 42429 31816 10961 48256 41860 13846 45304 2512 9832 4089 1085 11206 42971 53963 4372 7097 17544 26442 49950 15452 10870 45968 11165 19858 25860 19356 39497 39869 45741 46415 44152 39400 45324 50650 6143 12283 21433 43181 15096 26470 25059 4352 49787 32664 16682 27103 35652 14141 5289 6207 30462 18871 44488 50066 7056 4180 20685 11691 43044 31695 19981 34466 53182 34488 53056 23347 43929 51161 31124 42942 26066 41 33469 21513 45175 10494 32507 19658 5707 21238 7341 49452 22680 41125 9683 47652 14957 824 7389 8470 42344 24021 6553 27897 41700 20908 40009 34828 15761 1937 41207 8544 4126 33871 13388 19395 2940 6146 439 34044 40096 34856 34636 48214 45433 27000 41107 8185 41353 31802 44080 49444 42135 1413 17728 15765 35933 32417 44646 49899 49043 53513 9968 52673 26448 30472 15275 20659 51041 13682 2095 17950 53431 27453 11266 8827 17948 42140 44637 15326 50774 45546 48559 35126 813 17267 45146 5238 22592 9809 24974 4371 41016 19573 26921 10161 10253 14787 38988 51571 46411 2820 21630 9168 21990 45507 15218 37084 16982 22864 23948 33392 7539 9163 17706 43089 30671 1198 13283 29355 39871 28424 52285 52580 28965 54243 35175 31245 41324 54664 11978 19542 37875 32959 38595 21051 1689 29235 18155 11754 12533 19580 36507 18590 27627 5969 36366 30911 46783 32427 18009 9677 19757 27371 9674 1859 48321 13853 16498 20961 20629 7971 314 41456 7896 52308 15454 19975 39784 41071 8083 32372 2796 41797 972 53158 8463 38579 3920 52424 32627 27081 24032 17371 54435 25178 661 8224 14226 53251 18536 15272 17994 32501 50944 47885 25956 39090 41665 49148 43516 45364 40274 35678 47520 11964 24436 35152 13732 18011 29283 47660 14804 6782 23612 47547 7347 5733 43153 21453 42396 49810 35076 44056 11217 37930 1150 39272 27940 7124 25825 46587 18944 9018 18595 41173 12085 2611 21267 37144 7878 23249 50668 39310 1771 129 8288 34184 15755 5556 20231 11123 54887 19790 42800 1672 42535 38496 47921 484 26668 36955 48510 34459 48826 37949 15905 50666 8058 17176 53738 34518 19485 6994 47052 22256 22360 15510 41788 29017 766 36362 31131 34930 17156 5852 20676 49174 27539 11862 44364 5867 14758 42790 8263 1834 15985 45643 2453 27309 29611 28720 3541 210 25263 11983 34416 28714 49418 45337 48782 33333 1474 54242 11749 42335 8302 41352 33686 19296 262 6164 1795 11023 16520 33859 34688 12227 52009 7862 12518 44937 38826 43470 17505 49713 52620 48639 2252 29976 41775 25318 36863 33650 41759 31959 5931 53562 12405 9559 5677 31345 9492 3308 16987 53491 14144 38105 17668 2765 17600 50960 3144 10076 13320 7590 40495 29501 10160 32061 20547 4397 19679 17686 48408 13439 30616 9057 24117 5060 20803 25255 9449 30421 6509 43364 23385 29747 35798 1225 54977 51144 52306 22447 17093 47670 23121 32773 20719 48957 36890 39272 13488 22934 54849 16346 43749 13785 37761 28083 37115 40926 2313 40914 8146 32143 20841 11849 28788 2063 6076 1791 1291 13683 39511 1915 42682 6570 42485 28232 48062 47641 52319 45989 23273 23281 10298 43198 10709 39429 53950 21097 28248 34611 43837 32287 50366 29574 30826 2731 48791 13976 2795 51262 29533 18205 29393 3927 34429 13612 30008 16630 3994 46417 23493 35387 9154 7204 49377 27931 10435 50960 38033 31874 28558 34427 39098 43549 44973 6492 25844 17540 11938 48982 11435 228 42299 26670 45676 7527 8757 33212 50915 23306 32148 21127 39953 17022 21215 21578 51520 15001 50722 1307 42697 32866 46579 12727 27611 20274 40717 8018 352 47684 53643 23396 30075 10594 39313 23529 13529 41891 25929 13940 23312 33324 24612 43649 40422 27411 41602 22621 36508 48171 37597 3996 8985 11289 25789 51894 14537 9489 9006 4843 12037 24579 41493 23745 45790 46484 48198 28445 11080 54949 1024 9044 46321 29 50242 17364 3800 51658 18955 54908 40321 47147 30729 30937 41824 39030 9884 43930 34855 16219 33738 24287 10531 30354 6076 143 3714 28093 21793 2399 32570 5033 5660 5066 54566 36497 43703 11062 48363 28143 40656 38314 44715 1530 51218 38771 49098 4899 48703 10209 53532 47183 50314 2612 16143 12195 14878 26774 13867 10925 39654 15799 36655 900 4651 49275 19867 42573 22129 48151 1190 965 53027 45194 42011 53021 2684 47937 5309 40218 18322 24665 47390 53809 16335 18342 41304 53287 45857 43785 28434 5010 43956 37546 48439 43606 16520 32627 42550 53885 22820 16663 49764 50531 8041 48140 26459 25617 44419 21883 26068 3705 42019 43762 13361 54754 20284 24978 18331 39499 21856 38093 11814 35552 49698 23632 26402 12704 48981 37373 42696 46896 25898 14343 25307 2961 40146 48335 12060 36495 2787 38483 34792 42581 46103 45583 33295 38622 10327 51386 27266 5556 49710 18156 11646 53759 2281 7814 42432 33662 49880 32426 51469 44967 11229 31584 31406 6006 9424 54792 23640 34173 54913 14057 38700 11283 8002 11937 42274 29533 7191 37692 37402 3198 33388 2147 7718 36373 54368 48280 5860 27497 49271 32246 38161 53127 8611 40182 39157 19476 33815 21384 11992 1827 50355 53008 27870 20517 21445 21616 165 53717 50712 46334 13392 43389 26994 44577 19189 5321 45299 6953 46809 47043 45480 50696 47686 52066 54949 45384 20113 34937 14637 27061 19431 20828 39416 31798 34287 11600 40082 15262 25129 30233 46964 5043 13440 7086 31153 14484 26177 10174 19305 28342 31567 31346 28404 18127 26477 43993 18052 44180 9786 13196 37601 46316 39635 47296 17446 24745 13486 54091 53810 46307 44411 1921 14306 45866 669 12713 48249 37345 26442 42961 6445 36630 12650 46182 48803 20995 41608 51540 36288 838 41949 53921 7967 16076 33375 5494 2256 23171 31309 28302 5669 27763 24524 642 18782 11532 39761 49777 45681 1886 18208 15518 49865 36381 36231 47150 43967 10504 27759 34726 29730 49211 22309 30676 3608 51055 50623 2054 50971 7258 33782 13934 30942 50888 53783 43543 29992 2466 10451 51958 33350 16402 38938 6778 6274 21160 1670 49046 18459 27072 15242 21241 32454 54964 31493 6386 28654 54190 48194 27366 11719 36209 21750 10918 50507 33006 45722 46987 35103 22934 5636 50292 8536 53535 1809 851 3624 7077 21205 3167 46470 39545 21680 17606 37575 32008 41713 36937 48594 22378 41308 3881 10358 19694 44829 29499 28517 41964 37236 10324 31392 11995 7771 12641 5016 6807 15475 400 35479 45191 7407 30697 35628 31832 49818 4316 44712 7421 52324 29436 3962 40216 8420 10259 4110 19810 36961 321 33508 14266 14002 30365 51180 16275 21694 1163 17503 26949 11220 739 51708 28698 10009 20035 9704 11803 36488 41755 31300 43765 17918 42089 54218 3630 41869 32116 17661 53471 10989 47720 22975 17735 27487 23695 46595 46459 47447 1089 13159 12887 52690 17431 53869 26785 53311 32419 40565 26397 36607 52681 25278 25852 32403 7560 48313 46972 54998 41190 17153 47332 8225 48317 46985 1349 18852 16996 12733 46019 47445 2294 42755 12454 30419 39523 13343 43271 36583 9700 5587 39019 1069 18416 48040 53963 41256 53918 40931 161 31682 45548 22088 46149 6443 23598 27172 42782 36141 30301 43440 25154 35096 16421 26081 33441 27536 22277 25914 408 20698 30727 11587 18533 46237 16243 43441 44909 13992 52710 22357 26568 16994 54818 13050 7604 30154 13463 24508 51964 12629 21757 12149 26939 49550 7234 24927 31289 45971 33145 42740 47798 48772 38508 17532 21323 25686 53628 20088 49435 10348 17376 21084 49597 40227 50136 51147 33966 38191 37634 18136 53107 37144 22840 4134 2511 8529 13108 30534 19626 13946 36930 31448 33989 45226 43995 24049 7875 48123 10229 2 836 49361 12147 40162 6198 53947 9311 28742 6985 27392 22732 8043 1413 43361 46369 49621 26736 39454 44498 7380 7118 29543 16230 22416 42903 42808 25343 20208 4177 38001 21625 4635 32654 37408 39294 26791 28441 54414 5146 37650 42681 50553 26089 18856 50164 9597 54962 21141 50875 4984 27307 54889 31145 483 35291 2369 12104 14689 31492 26324 18318 8834 30963 16516 42319 53482 11924 23951 28465 51207 12195 22338 15669 23337 7438 30716 53954 23583 50466 44112 41205 53079 51579 41453 39935 3318 50162 14361 54193 40486 41412 5509 9165 31655 30187 18103 43825 16660 31083 14169 29213 39698 31037 29664 5586 12669 6669 21930 31203 45246 22175 20825 13356 51263 40275 8139 43823 16051 40998 52598 13840 24438 38719 4969 9748 53332 6299 17707 46386 35805 30804 3384 510 49042 49492 44051 48644 13975 51857 14258 18953 27997 35777 39954 19035 807 50296 13292 215 24396 25762 571 31611 40837 19445 46539 29676 20193 31815 24066 23481 19521 232 52203 47981 6284 377 40818 40214 53631 48414 41553 33792 30377 36558 22165 19721 44135 31882 1824 40856 23376 32074 17820 47098 47187 52861 24442 19509 26606 13690 10578 50196 17177 18623 35901 28154 51096 35753 27538 46491 48962 35304 34225 15455 16710 2994 2410 40057 47384 11681 36046 34625 14013 48561 18863 30715 17086 40657 15293 9215 39622 34877 13578 43564 48283 49906 25757 25830 23457 26152 9022 53348 44501 36064 35844 34254 47311 37996 1213 10566 15136 4746 53555 30270 35486 431 29709 45005 32713 8334 42299 33512 29818 20135 28247 23509 43081 29957 39685 47542 15179 52075 15547 42928 46053 30406 9944 537 28661 4205 3482 53707 36381 49782 16526 29352 53256 31752 45564 35659 53073 39180 22994 44020 43834 46089 20162 5850 21044 46606 31441 1664 40642 51656 29862 19564 10924 5570 51430 17473 7570 8838 32452 33085 20455 7554 11045 28002 53686 42996 47787 13993 50175 14814 44123 4057 43104 50875 5827 4233 24934 18850 27603 15199 3385 21504 46785 11568 14008 12722 20704 5216 12088 14130 36487 25087 43099 16859 23956 14760 22653 51712 51238 38634 26368 52260 44777 28095 1900 11137 7192 52731 36754 4238 27281 46064 27297 44227 31162 47633 7985 20894 16463 42562 45881 42831 10401 38741 28228 17891 38336 7225 26760 14171 15015 15585 7802 40909 51694 18075 3019 33939 3432 27106 50117 4901 32351 26594 26834 18922 8015 18476 42399 13626 1149 30528 33341 2359 54928 13506 46363 9962 2831 1650 53378 28736 25336 50903 5912 32769 37011 39137 40388 37112 7241 31880 40020 2453 15616 41862 40616 33746 54876 28236 6868 5491 45607 46801 38161 5000 36818 24202 12457 14501 26664 54535 46918 11999 36577 37082 32990 37070 26936 43749 20871 40668 6298 3660 52194 53739 44898 19072 10575 28190 23043 13571 40734 31411 5848 51795 24797 41810 19499 30529 2509 51295 38876 44309 41834 41288 411 43264 33391 10060 7676 2515 27376 54617 15753 12323 38685 15602 37165 26761 14272 12289 33320 35620 30396 32830 26544 14731 25801 44589 5903 20199 31249 8932 5573 42557 11751 46266 6858 32261 46750 16076 38462 31027 29785 41412 31814 54726 8219 4750 45305 13980 23495 8855 37526 13142 34555 21255 62 34565 36270 37197 54431 34645 25972 44667 8931 4595 48911 1147 52731 13131 29167 48187 6796 39561 15260 43443 44278 32100 51144 28812 43425 30594 24637 32995 49178 44358 2962 23156 17177 17188 16559 35158 2919 37449 13024 2700 10987 23409 30091 11562 37908 52112 32204 51321 46508 24981 4530 45800 19942 26931 10816 31385 39862 45865 8388 32623 32708 36269 33520 38986 43890 37126 15150 6568 16336 40689 8456 30869 18586 46470 52262 44567 5883 3819 48657 49966 16888 15979 7002 7052 11669 51295 36677 24165 41684 49818 49093 31429 21258 28420 47529 42840 13193 27304 35588 21755 2420 13093 4418 28898 13165 30535 42161 54827 46623 50683 29161 3706 38973 38194 16468 45105 1840 43175 51874 45449 24768 2493 13324 51453 26822 50985 18722 47941 9766 34732 9261 4706 35034 54058 20269 52396 46803 30521 27369 48669 24901 6780 1057 16604 3259 27061 827 10612 17156 47047 32231 10995 14227 7953 52302 10511 34388 39914 49962 4142 24585 4764 41260 21724 3749 31866 46936 45153 34 51664 11928 19227 28164 52223 22839 6903 12789 29327 29171 17247 46083 44101 5187 28467 6956 44141 32501 18923 30122 40151 4430 46448 7691 23895 27107 54668 23030 30366 50546 8795 39721 16835 25350 44497 3896 8416 39419 40795 35097 23386 40631 36922 47146 41868 14817 6604 32262 3070 29948 22308 13201 29178 343 54528 20923 28188 23813 26046 43925 30026 11481 4844 42567 43471 48721 17122 11865 30802 27517 21048 41232 37597 37279 10680 25730 10644 42532 14688 11743 10002 32038 9520 48667 32106 24171 44015 51903 4798 34489 6086 40361 9576 18459 12626 24672 13024 34536 54376 44961 50598 38778 40763 3840 25503 21007 32891 16854 29827 51631 46714 5391 14565 2381 14314 10516 49353 13054 25387 48908 45004 41132 53928 49536 50717 7874 54594 54477 42382 7570 17405 18597 21702 39051 20798 16259 36349 32084 54419 23704 166 15372 25350 49860 33469 27528 48164 23919 7555 40421 35115 45076 26875 32602 4864 47731 39491 24890 16862 42029 37816 8920 34792 6971 50467 24399 23261 26141 24453 41585 6680 4271 12974 16938 31607 43855 21644 8853 22769 49356 16159 14406 40493 25809 33555 31074 10269 45324 43605 42132 51815 12934 20409 12239 20478 24840 32794 8445 30499 52884 15573 32850 34860 16831 51086 8378 29731 45406 37508 50057 38355 34328 6353 17036 5942 43263 51904 39079 2680 39332 32283 34903 36069 54894 29279 17599 8758 35088 12776 40050 27275 50663 46593 41836 47168 54962 5201 5161 282 15136 1107 8197 5239 17950 19300 1008 23859 27487 38909 25950 29559 22111 20511 44975 52573 8616 37715 37269 53005 28990 37837 42774 20854 54843 17123 9383 47757 19110 38399 37067 37701 36776 25491 28280 54846 3725 5385 17695 33695 5920 34799 36121 30073 11235 17837 10856 5156 25723 40213 799 30250 6944 53358 23393 46623 44631 31761 52854 21161 36378 15188 36928 24722 5187 17388 43688 54030 29534 34596 29016 26580 16848 48170 51825 25322 30255 12477 47071 41263 38063 38083 29521 33259 39645 6685 7875 28072 33388 11245 13338 7502 28911 19194 21282 34030 45091 3942 3381 44257 18559 53573 45422 18240 48727 1192 4707 54238 13344 19040 49979 52878 51232 38209 53648 35548 12201 50734 22573 25735 50265 19098 27810 6088 13833 7603 26409 36105 12881 22179 39616 52849 47746 22159 50306 11794 15079 32596 42230 9536 35448 17331 39268 48081 11754 39915 16160 35520 34765 13363 51543 20035 8311 30265 1691 14428 11630 25408 35723 21538 47259 46186 22347 31253 32072 53164 8531 28958 13586 33350 30461 32565 409 43395 41867 9552 19983 35689 42416 18104 51141 41299 8059 1944 46144 16544 21834 37869 21533 44833 28501 42911 45071 14030 11661 19843 11433 44841 41629 26690 25147 40051 28509 39984 18231 43763 5583 14272 40653 36210 18202 32069 5746 10796 35161 8815 18400 39098 34218 48595 12501 19733 15126 19860 2066 45580 20399 42573 9877 33359 48509 37517 42423 50109 3077 1924 549 35712 16709 2999 14124 31113 46433 20777 52411 2425 38848 43795 7977 36016 50373 25311 50216 53550 7903 10587 42058 31384 50106 43383 20160 38175 32015 43552 53540 180 28709 12627 31096 38792 52221 29551 33394 29953 139 14317 10155 1205 26017 4753 32040 46885 46403 43703 19935 37129 1221 14079 1003 20859 31269 40022 7324 29601 18273 20055 7539 1407 26656 8663 46000 35823 16544 21035 54019 33179 44283 7887 4573 8508 41744 50126 17112 43806 8976 37794 17018 49729 49277 52059 4942 27613 29224 45440 3340 11423 47930 53273 13036 38404 40631 40391 7633 12094 26277 47374 48131 45407 11454 15200 15174 8871 10865 20719 52146 11479 11454 27896 46631 1851 45613 34979 18436 23147 11042 24586 25625 8383 35465 52027 7548 31234 47962 52682 14363 28499 35941 39236 6200 34109 6639 28814 23606 7790 48085 3729 42886 22578 16244 20045 29755 42505 34219 37389 49621 29889 50586 19367 39048 35519 40429 46862 52913 44773 41691 5044 38033 8531 41785 28120 23371 995 50966 21155 3032 2754 42788 14354 44962 31868 40209 328 14910 9993 15176 37405 22384 32181 15204 44368 10356 22508 7308 45630 36708 40425 24344 14918 45913 14814 26163 53618 19587 33314 14532 52302 36885 41531 36743 20303 51999 11703 36212 27529 1859 17496 19353 13689 2721 19952 38919 36417 20565 43693 45947 37663 21584 22521 29294 46395 31165 1878 46414 16172 25407 13707 46512 49830 37205 48788 4820 41557 41497 36983 49493 22813 196 33441 15506 308 50363 17850 14583 18093 36259 31327 27723 39949 18288 38593 41040 33686 18370 41856 41631 36052 5211 27442 27842 17781 50498 33543 3485 51115 16151 51887 24282 43191 47434 45449 52334 53695 4489 16291 35762 37895 673 41528 12609 32632 51164 44406 36693 47319 30760 11321 7987 31923 48669 33760 40651 40456 1794 18174 22048 38156 54529 16698 42278 52203 18089 39711 10343 603 54681 48795 36408 44169 28682 27217 44833 20575 13403 30534 10557 8117 46492 16572 14293 19990 14504 39648 52619 21169 22125 22478 49144 9399 45856 44699 33736 46529 548 24281 8996 25986 32795 16844 30294 47947 2448 35862 18484 22022 34467 10649 10114 38015 4962 30177 37309 40617 28760 44558 15831 21001 18551 53626 3498 16869 47875 53830 24606 7963 40658 27438 24194 763 35384 32816 37667 11773 31943 16999 3861 36709 50935 47083 29247 103 8733 14525 19985 38687 15316 43364 45485 47574 38067 40900 43675 40952 30205 36846 28064 34990 52196 29020 33208 17303 36226 27967 29417 16764 27513 35939 18956 525 20373 32103 50059 473 35452 23408 18354 44609 48122 44301 38686 45347 49345 45180 43733 1861 1062 16566 46278 47708 51604 12716 33456 21997 2149 25244 19425 25131 26030 31398 48601 35740 12626 49842 7179 18133 44880 26309 24628 10978 27411 24690 11107 12323 8584 18674 21149 39064 30067 42868 9299 15243 34347 20243 7768 53923 16543 19319 2014 36443 48962 33737 45715 26753 14672 5968 19310 44345 15685 53284 726 14926 22078 32621 35746 31347 53935 45410 14356 33245 15198 47205 2050 39651 15991 41087 36761 50201 49962 7775 31703 12743 6895 13131 17521 48109 21819 50745 24636 25090 51866 32248 16947 12968 6561 41709 693 12858 9693 53633 54255 17925 16097 31551 7624 21794 28821 32055 3246 3211 50825 5482 29247 11904 20792 3475 21935 17869 43080 9643 41305 19108 36939 33994 4691 175 34503 42664 22673 27973 11829 1053 37979 26988 33861 17451 15724 14548 33465 7113 50363 46660 6089 32348 40099 43839 11401 42442 8862 7308 45160 731 43334 12545 26074 35352 46618 2212 5197 33121 40134 28454 20680 45171 31978 2920 23749 45257 17123 533 2042 43025 40312 43605 7728 11351 28334 7473 29885 47046 794 54558 14744 40612 13980 47494 16223 30221 16188 4667 14646 9762 40957 8527 11791 19873 36190 21663 39094 39674 49776 44369 17729 4946 54840 31213 3490 20546 41288 418 49930 30905 2641 6145 24280 42720 52936 40226 16904 22453 26618 28179 37060 31036 31939 46332 24342 12425 1707 3044 40204 23799 25658 16792 38037 26627 3732 15449 25627 1368 27672 34371 39153 35198 35446 3736 32638 22383 53450 54890 24199 718 31168 11225 2984 13599 50561 9211 35453 2945 24059 17311 4247 35469 9927 53622 47065 17657 49600 52055 3930 52490 17192 51198 5075 31064 29309 36056 3360 20599 39724 9688 34104 25528 3783 11572 26352 23234 48181 24849 51749 38660 21226 47361 37694 21182 29924 6801 1100 22372 15265 42092 44094 49586 12590 48586 15657 30872 9270 43454 26105 49488 49339 51368 21563 48976 24395 33874 17716 694 27338 38188 38890 46515 6277 36895 38890 20389 33335 35731 23088 21995 34223 31969 19585 12289 18570 49330 47906 5748 36274 33788 20499 38862 42245 16782 37262 18286 47977 52611 50239 402 41176 49894 32704 22651 20393 23532 29935 27864 36511 53945 6829 2419 48841 54624 29040 54875 11773 22819 12804 39656 2354 46832 52185 44050 50245 25123 30737 54549 34706 37355 45156 38650 33012 29588 12570 29888 42949 12702 30726 49109 18141 39634 9581 28030 7768 25402 2427 1072 25255 38087 2650 17350 34298 4317 80 54548 4264 14832 33053 45730 16731 54323 27643 26998 42558 48536 29491 48890 30375 15756 54463 15488 14439 18702 2493 48579 8311 19880 49692 53046 48160 54105 9595 33768 42479 27478 42467 13944 41902 31872 47914 35136 39286 47223 37667 21614 38821 828 20233 42098 31535 6898 14880 36606 34052 6144 9092 17509 31596 22382 37066 14868 20523 40269 48855 16872 792 42380 4537 20532 34680 13836 24634 15606 47545 21940 51588 4575 42268 53809 13387 42642 41346 11983 26800 2868 54912 1840 12252 16270 42358 3136 4792 9894 20699 1974 212 12483 6315 15786 2042 17315 46310 21990 51410 32822 43557 17991 42331 45469 32204 22518 37592 10909 13583 37074 30086 39803 9526 13145 2659 3635 54385 31885 11202 37580 54584 32740 27582 2975 24010 53205 53315 3452 35828 38272 9445 34503 44906 26733 40364 41086 13647 23381 9728 18515 30232 6768 37437 46437 38043 4181 18761 36398 53706 29239 34395 33968 32413 20909 37918 21106 4085 31787 9080 43004 31430 2546 11744 14211 13583 50207 6755 9875 26760 26763 17437 39396 45319 25559 48360 2392 34569 12744 37814 21218 51383 20969 37198 23600 48094 15085 25672 385 35886 21078 25890 44194 27501 35811 50818 42674 7088 16274 10735 52866 54851 3923 194 26454 33567 53792 35212 30875 49138 33273 4387 12489 34544 1064 27899 42112 11755 26803 37356 26515 30693 20332 19867 24721 52565 33194 32446 41238 21265 35444 1246 29185 38092 6161 28466 51999 39998 18668 1806 28740 18142 26882 2669 50464 37122 38599 52809 31241 3366 53248 29170 41607 9959 45023 23489 14709 17006 13844 4446 48189 29334 32469 5710 53297 49130 39448 22955 41960 46758 1469 17566 35625 2005 24310 10381 20875 12377 15786 36196 51961 12410 44446 23410 13915 6293 26035 1352 44371 6339 30981 694 22694 19409 39728 17769 14848 53024 8622 41368 18848 15695 23880 1007 31692 12835 272 10050 45481 16328 37724 54613 42823 10868 24725 25142 31593 46381 22194 32737 9179 1642 45300 2749 17334 5626 32335 25260 39398 17963 16175 43980 28265 40645 54820 24315 34342 3053 18276 9039 43138 19354 6522 5862 34848 41194 13157 51547 48933 18024 36498 22362 1416 40568 49867 24866 40022 44164 2015 1561 48893 1416 53740 10626 18999 50655 28109 33530 48619 3626 30205 3547 52949 39107 31619 46852 23626 46727 19409 13039 46884 12168 24448 38480 16283 40024 30372 51944 22182 16369 42282 10334 48847 27615 36759 6704 32452 54739 32643 37146 6401 13362 23835 26116 30512 30569 7113 29501 24776 31210 32864 15577 7121 24772 23246 48830 34743 18341 22852 35711 2498 9343 52248 28152 54307 33169 25540 8361 46875 47538 7041 49856 31215 45776 3300 27716 23192 8823 15289 41079 26954 15226 26100 2233 13602 22739 41898 53285 21561 5359 1270 19174 26977 11441 42376 42044 42024 51147 41510 37909 32252 18711 14370 28735 53632 40798 45505 52328 51648 2697 41701 22435 29295 49518 33976 6582 19647 21054 43274 33343 26584 51013 35753 2949 32882 24915 28346 46 45108 21946 21318 34577 19639 34835 49851 24854 5142 10272 54087 33909 4866 14838 43868 5910 37768 8900 32143 39260 51902 11577 49104 44564 16319 44871 36123 8846 19751 52493 51284 8179 42247 33461 51631 3710 21079 14147 41887 28194 52234 10765 391 40739 12179 42901 13638 28056 31953 30500 41506 35347 34471 36297 24263 23664 5583 20555 43557 38880 37070 52634 28265 23661 16663 15450 30394 24213 11644 38627 23797 50920 19529 4539 14252 9558 38528 13498 49533 23912 53394 33715 8525 5873 52720 24199 42998 50729 5703 13054 48552 26307 32701 4881 17911 36263 12435 50661 46703 28393 12016 38060 37101 28652 39015 28040 6946 14783 44585 5458 34423 37362 48917 5551 35372 33490 14593 51807 25893 37410 5757 10778 12087 10432 26750 1998 30897 20183 26382 15432 40271 46699 18333 4153 17629 31341 23847 14753 32240 47169 42605 4831 54838 8450 34094 1883 14561 20639 48937 48453 47023 39549 52598 35723 42387 4250 6214 819 54380 34882 13679 25448 34898 20002 24676 31898 35697 39350 3550 28843 32195 14521 15797 52081 4762 12162 1892 26510 32951 387 21199 34661 48523 11586 6632 21334 38158 18818 
