// periodic
// number of jobs
1
// pi
50
// Cycle
100
// aperiodic
// number of jobs
11000
// pi
28 37 58 6 82 33 64 77 38 48 34 40 11 69 99 75 72 62 49 48 47 94 65 63 80 48 18 17 10 5 21 41 35 25 21 28 29 38 51 44 31 27 41 8 55 15 83 88 89 7 27 24 35 4 39 47 63 19 8 51 5 31 36 71 62 88 27 19 32 33 86 22 37 11 89 34 26 75 47 24 93 94 34 67 58 82 14 1 35 63 42 66 90 4 86 4 70 12 94 10 93 13 95 33 58 23 70 76 86 12 74 35 77 41 53 38 17 26 46 61 80 78 54 10 83 85 68 52 45 52 21 56 30 73 45 5 15 53 72 74 67 29 45 34 22 67 81 45 52 18 79 40 39 64 49 8 31 39 73 97 45 93 45 52 99 99 60 15 4 21 32 21 2 30 4 3 85 24 13 5 36 72 83 59 93 37 11 21 75 14 21 95 2 92 76 60 25 26 38 12 35 56 51 57 13 95 50 60 81 26 95 84 50 77 48 95 46 2 55 55 88 68 23 98 8 84 14 21 44 53 97 47 96 99 23 84 83 83 32 36 53 68 95 95 86 78 1 84 49 53 88 14 61 65 93 53 90 83 65 59 23 2 98 67 94 53 65 26 92 71 26 52 21 75 83 36 85 5 34 57 9 69 71 96 51 45 84 75 14 78 14 81 75 33 98 3 56 34 79 73 71 17 51 49 38 80 26 75 83 2 71 8 68 37 10 20 39 51 2 19 75 41 12 54 89 32 37 75 71 56 83 99 99 45 50 52 93 63 36 12 29 77 84 25 46 65 32 9 72 37 66 65 34 48 33 4 7 46 77 69 56 25 49 86 35 19 92 5 70 41 84 36 26 80 72 77 77 22 4 77 78 29 3 7 98 79 81 42 62 93 92 21 84 49 82 43 40 61 46 72 10 62 15 26 65 78 31 48 13 1 99 48 16 59 99 21 52 51 50 45 89 59 36 22 39 7 56 56 60 34 40 70 45 33 53 61 81 48 40 11 8 33 93 20 53 76 9 36 44 43 25 9 54 39 38 5 96 81 51 25 66 47 45 19 48 85 16 93 60 14 24 19 96 81 59 76 81 45 42 34 48 3 62 88 68 11 88 45 82 26 4 72 57 47 95 35 69 30 89 27 17 27 25 28 99 81 97 92 51 82 24 14 79 84 41 91 6 28 79 98 76 31 82 38 41 25 39 82 7 82 74 50 4 16 59 20 80 99 38 34 3 79 49 39 10 26 12 91 47 13 62 24 72 82 10 59 14 67 44 21 42 76 61 54 79 36 67 57 94 23 69 29 1 3 47 8 37 51 91 51 6 32 5 35 47 57 81 49 45 26 21 11 94 29 86 29 80 65 62 98 58 9 71 94 75 5 23 23 79 63 20 34 74 24 22 76 92 88 31 24 45 76 69 1 58 79 97 74 73 99 69 41 42 40 27 48 45 98 46 18 4 73 65 5 23 48 1 87 67 26 40 49 71 96 1 50 20 45 54 39 22 6 59 68 22 35 9 65 26 73 67 34 93 96 11 11 93 56 7 93 62 44 14 77 99 9 55 58 61 49 28 20 16 13 40 31 18 56 50 22 25 60 77 18 61 22 39 61 63 46 56 50 60 8 52 14 93 96 29 75 87 62 37 30 66 86 34 34 4 57 56 19 85 44 91 80 78 72 88 27 70 51 90 47 55 14 65 54 18 79 45 34 40 79 61 86 97 9 79 47 10 68 84 35 7 62 43 48 75 99 22 72 85 53 95 97 35 19 11 6 1 63 13 46 6 36 82 24 67 9 37 31 65 56 9 78 61 82 76 99 84 76 9 69 39 73 51 35 97 63 73 21 62 75 41 4 14 36 6 73 63 2 76 78 68 33 45 64 12 84 8 75 48 19 4 3 84 40 3 87 52 34 62 32 94 4 69 31 86 96 4 78 39 30 84 5 78 38 92 19 55 97 99 68 40 59 20 35 44 47 31 86 16 22 33 89 14 94 59 22 64 86 39 18 15 94 87 69 39 38 32 51 71 75 57 34 67 58 63 71 15 94 60 76 63 54 26 32 46 36 55 33 19 86 65 22 89 83 14 37 71 31 79 31 75 82 55 6 64 10 39 16 89 19 29 79 39 30 43 22 46 55 10 5 93 17 19 3 85 39 55 58 8 42 62 92 52 39 50 43 84 21 43 41 20 21 75 78 86 4 20 89 13 56 86 88 4 28 42 83 23 45 16 70 38 28 27 63 73 85 36 51 74 4 77 53 98 85 38 80 69 78 44 59 77 98 57 53 61 76 12 30 73 44 15 23 8 61 17 97 17 39 27 15 2 49 47 43 7 17 20 78 59 31 1 37 43 23 28 97 40 95 98 17 7 72 93 31 29 34 63 12 82 97 38 29 52 96 15 93 25 5 62 75 98 44 5 69 35 91 21 60 48 56 19 83 34 62 57 81 91 56 60 27 82 95 82 84 63 42 60 21 65 12 58 28 20 10 42 96 87 79 4 95 99 70 10 57 52 2 29 53 5 10 81 69 62 1 59 18 14 18 26 31 89 56 55 82 57 73 52 41 26 53 61 75 78 27 21 66 21 26 92 24 21 49 78 55 80 82 77 26 23 55 76 84 76 93 56 34 62 19 41 47 97 19 95 76 3 74 51 76 84 49 55 45 94 76 37 19 97 5 77 34 12 82 9 96 69 85 27 38 33 76 60 42 72 53 55 4 56 36 36 72 88 16 13 9 51 49 10 64 67 51 26 11 95 86 46 59 27 54 97 1 15 54 93 99 30 35 84 37 43 77 45 68 9 67 18 22 98 71 36 72 34 18 81 51 95 62 40 94 85 96 78 40 15 38 21 66 4 11 1 81 8 93 51 4 79 68 93 81 67 21 49 29 67 43 15 43 24 12 93 18 18 35 72 64 53 5 4 66 95 97 53 79 57 8 23 30 52 6 6 42 52 29 13 16 9 73 40 42 51 80 45 99 25 61 19 68 90 69 14 54 12 95 72 8 39 32 89 27 99 13 75 47 23 4 44 44 53 22 12 59 92 45 66 43 73 55 99 20 14 26 38 79 45 14 53 21 56 29 97 88 92 29 90 63 8 89 76 16 22 31 26 97 49 54 10 50 16 96 76 68 19 68 91 37 52 77 88 27 79 3 71 7 50 78 68 50 50 53 22 87 44 80 45 29 72 91 53 63 79 41 90 37 73 97 50 48 84 35 35 6 91 42 8 48 43 33 12 15 43 5 83 91 24 81 73 38 82 31 57 49 29 55 20 47 21 46 66 99 79 27 93 68 41 1 65 91 49 63 16 62 24 63 58 21 17 44 84 50 34 73 95 44 79 2 24 92 26 57 17 13 99 95 97 67 65 53 21 70 68 16 17 2 59 4 33 61 40 30 98 55 79 7 36 31 7 89 61 77 7 43 54 50 43 2 36 85 68 52 22 30 29 39 73 87 12 70 27 93 4 80 62 38 11 17 44 6 87 14 43 12 1 25 31 16 98 37 57 84 79 93 52 76 46 41 94 36 47 79 38 20 48 91 32 68 73 71 26 51 38 55 35 25 20 24 66 63 38 18 29 16 33 55 82 24 69 24 86 53 20 89 5 90 45 76 13 67 88 9 6 55 85 30 9 93 87 97 61 30 84 24 36 41 63 32 54 83 20 76 59 83 18 88 15 57 92 73 82 41 45 47 43 12 42 65 39 27 72 81 77 4 40 4 49 71 56 86 57 22 93 94 46 96 95 32 51 1 67 36 81 4 77 90 68 57 56 51 15 74 59 47 89 19 18 8 26 40 11 87 39 36 9 86 84 59 17 16 89 31 66 85 67 2 32 24 82 54 3 2 62 43 6 96 73 9 22 14 23 28 73 99 53 35 38 35 45 43 54 86 96 96 45 28 3 56 47 13 91 18 8 91 54 11 68 60 79 98 33 62 3 48 27 36 72 85 54 1 84 68 85 23 40 86 13 63 97 77 70 84 87 70 63 42 61 64 98 21 49 25 72 61 51 93 70 16 87 52 44 9 26 26 60 87 42 11 79 32 17 5 96 45 37 82 25 98 34 68 41 54 14 66 98 48 54 85 8 44 33 47 98 54 94 7 18 82 32 32 36 18 35 21 20 43 65 3 82 32 28 47 45 13 39 37 32 2 17 1 92 60 90 32 44 23 71 38 42 94 72 59 35 21 69 81 44 65 57 69 29 84 23 29 32 87 62 12 61 96 91 10 81 86 95 18 90 14 84 41 82 19 11 89 87 56 91 6 81 6 68 13 25 53 2 27 62 7 42 35 95 83 20 69 91 72 66 84 87 11 17 49 76 9 60 88 63 16 54 92 69 88 10 59 28 21 41 34 13 56 61 37 93 90 76 49 90 78 20 11 93 2 5 15 72 82 81 61 29 94 6 52 85 73 65 42 3 39 42 72 36 96 38 26 97 82 33 61 32 28 40 36 14 85 56 50 51 78 40 99 26 71 58 97 40 81 16 53 90 63 15 82 11 48 79 5 32 93 8 72 17 51 37 75 38 49 33 96 50 55 23 58 31 55 93 94 35 72 84 72 45 16 83 76 82 83 65 98 59 40 55 80 64 73 70 43 89 88 44 69 1 23 82 99 78 14 28 59 1 59 16 29 17 87 82 35 62 56 29 39 3 79 82 63 59 34 40 99 72 18 2 17 23 90 46 40 85 91 83 45 26 88 51 10 80 96 41 37 79 2 60 98 5 88 15 5 82 79 68 24 93 76 45 23 57 3 37 13 68 46 76 64 28 96 73 84 71 13 5 1 59 2 92 36 48 97 77 90 35 58 99 82 64 86 77 8 86 92 92 33 61 42 75 57 76 63 60 46 10 71 74 18 54 99 67 2 95 63 85 77 24 98 86 53 12 84 31 61 95 45 90 89 3 13 11 67 54 52 49 83 9 79 90 80 94 63 9 82 22 20 35 1 19 57 59 39 10 38 59 65 79 73 69 10 86 5 35 10 55 10 97 15 44 97 61 33 51 47 9 58 41 99 68 17 36 84 14 32 49 16 14 60 97 12 97 66 22 54 52 43 75 59 13 61 58 76 1 81 44 5 45 28 98 71 12 3 39 76 23 60 30 27 91 96 67 70 86 13 37 39 3 93 73 73 33 13 28 73 63 6 98 87 40 48 73 86 6 72 30 58 10 25 13 48 9 49 53 37 91 99 68 23 80 20 73 48 75 74 22 85 53 53 14 93 99 32 31 69 66 10 11 72 34 11 12 5 12 49 49 25 93 11 41 94 98 17 12 14 66 24 72 46 48 79 94 83 68 89 33 94 79 92 42 9 67 98 61 62 78 33 68 49 50 95 13 86 4 80 40 85 62 40 44 85 8 53 17 56 5 48 72 77 53 54 18 68 55 19 8 95 30 17 39 99 62 10 27 14 83 49 37 46 34 70 8 87 49 70 20 66 16 54 96 88 69 3 34 67 22 70 36 97 44 59 13 48 61 90 61 62 60 59 49 54 16 63 23 31 88 74 24 75 89 56 49 69 41 61 94 74 49 19 97 19 30 67 1 68 30 24 15 8 38 8 31 19 47 37 73 2 40 27 11 97 19 94 58 48 41 14 40 65 41 72 41 45 69 50 20 99 95 37 82 35 42 82 54 2 23 33 46 20 82 34 64 60 72 5 28 24 77 78 31 86 99 40 63 14 5 64 57 89 97 48 89 31 13 17 16 89 99 94 90 35 37 91 92 58 71 20 31 65 12 31 66 17 53 66 32 5 29 63 66 74 35 69 23 86 22 24 89 25 38 91 98 76 62 43 22 70 60 38 74 46 81 77 60 90 98 44 24 38 34 63 12 58 17 29 76 51 83 90 66 72 24 70 36 29 29 4 51 3 75 10 39 83 14 21 17 12 56 61 78 71 80 77 41 36 33 77 36 71 62 84 85 27 16 44 65 17 54 26 24 70 60 96 51 38 98 49 60 70 98 70 33 84 42 91 11 55 49 70 93 13 17 63 78 80 21 92 49 57 83 1 90 49 2 27 45 91 12 73 96 82 25 9 46 67 71 63 28 76 22 47 42 90 68 7 50 78 80 39 81 57 11 76 31 98 4 60 81 41 14 28 91 72 20 72 69 50 33 73 69 67 65 83 15 40 75 5 94 61 13 71 64 2 20 45 28 47 28 38 96 63 36 71 11 26 2 8 15 73 17 92 4 25 32 86 5 66 4 82 48 66 67 19 21 51 85 65 91 70 37 17 21 98 9 71 19 6 78 1 66 35 81 3 66 55 91 17 66 64 64 83 77 94 36 13 74 7 64 88 78 19 92 11 49 49 30 68 51 74 16 97 51 22 99 81 61 44 98 7 53 54 74 41 69 62 62 2 19 70 37 90 21 35 93 87 95 90 47 25 58 40 52 78 81 2 25 3 3 54 29 32 11 66 17 77 15 84 99 75 89 28 80 97 50 71 71 70 83 53 20 9 10 97 42 46 68 13 4 76 61 92 75 92 79 28 75 77 82 89 54 43 65 83 98 80 52 27 82 81 23 38 35 92 81 42 17 28 56 54 32 55 59 58 36 53 88 35 52 85 81 16 38 36 67 1 49 76 51 89 63 35 77 91 63 53 92 83 49 32 63 24 10 64 82 54 76 82 6 15 37 51 92 16 27 36 10 75 55 61 75 32 23 78 37 75 36 28 16 96 35 81 17 66 66 2 6 57 89 27 86 86 72 29 50 32 16 28 32 4 85 82 26 3 32 34 63 27 3 19 77 43 39 18 49 16 72 56 56 82 98 4 93 56 54 64 87 11 41 62 11 58 16 73 70 56 22 81 54 86 71 32 66 80 90 73 70 6 82 69 78 42 61 20 97 91 1 83 2 9 49 47 93 10 4 18 90 51 76 20 74 97 96 66 55 30 75 42 1 13 32 5 23 15 73 86 62 35 93 17 6 13 68 19 99 77 33 37 51 37 56 99 56 75 99 44 46 40 51 62 62 82 93 43 68 10 74 4 60 98 90 17 25 76 22 42 28 66 18 73 79 90 93 11 58 28 69 83 95 7 99 30 65 60 75 21 43 17 61 13 47 68 56 97 11 15 30 54 39 91 51 62 25 22 21 22 28 10 90 80 42 44 36 38 38 47 47 99 57 38 66 20 76 19 2 37 31 85 94 22 9 97 51 50 16 91 85 86 50 29 97 47 40 82 74 41 65 48 57 97 75 25 61 86 27 97 81 74 47 87 98 82 67 79 80 45 1 68 28 26 80 21 22 10 24 24 70 47 73 43 82 79 59 26 75 99 45 55 21 94 82 46 40 61 26 12 27 28 1 41 28 97 60 5 55 34 27 63 73 1 87 29 86 77 69 56 50 98 64 43 50 20 70 90 22 67 33 17 85 64 76 87 71 62 15 79 13 90 80 12 4 53 19 69 80 68 63 20 60 78 13 47 51 11 98 18 45 52 40 19 64 3 36 37 77 33 25 59 79 62 88 47 99 24 89 85 7 56 66 47 48 73 97 43 31 26 54 95 6 66 6 8 82 94 9 44 95 92 3 89 56 67 55 79 75 55 94 8 79 11 23 35 31 74 13 5 97 6 95 66 48 25 92 15 77 95 23 93 47 20 19 56 15 59 27 1 59 9 44 4 58 24 96 61 33 48 39 17 34 98 24 13 35 42 64 28 41 38 9 24 25 23 77 14 95 60 40 78 16 35 3 5 8 17 27 25 53 63 78 58 39 53 22 90 72 93 46 48 74 26 36 33 3 65 65 81 91 19 92 30 5 14 30 62 48 38 51 61 7 32 66 46 44 21 17 31 19 76 68 32 57 94 43 42 22 44 92 24 92 12 26 2 17 2 10 92 93 75 54 95 44 84 90 82 89 55 56 29 63 36 9 72 79 14 24 20 70 77 76 17 92 96 39 53 6 98 53 94 93 53 92 54 73 29 33 26 95 28 31 58 26 70 29 66 17 48 66 10 86 77 8 76 60 41 93 64 49 61 25 24 43 61 84 84 17 16 63 25 48 91 33 86 40 9 51 76 41 31 68 13 77 21 88 38 74 99 72 70 60 68 19 49 57 3 54 93 43 22 30 62 34 6 2 95 1 56 45 12 23 41 5 95 19 64 28 32 8 67 40 77 40 1 95 20 92 31 73 3 35 87 88 69 85 94 55 35 12 72 29 35 74 84 56 89 2 22 86 62 73 8 14 36 78 26 33 94 31 56 47 54 47 82 80 21 37 82 93 55 23 28 16 92 19 10 96 62 12 66 8 20 63 6 11 17 69 3 44 14 26 20 78 42 83 14 81 89 72 15 63 2 84 40 88 77 92 99 5 9 21 36 84 50 72 75 85 12 56 32 96 2 43 85 6 12 64 10 88 52 32 17 13 16 65 4 41 39 66 29 88 57 46 49 69 9 64 68 92 43 72 30 30 68 76 80 47 11 91 54 60 59 21 40 11 52 59 66 72 28 35 80 8 91 4 93 79 68 4 71 9 26 46 40 61 53 37 44 38 14 88 68 17 94 5 86 10 2 40 11 14 46 94 40 33 85 6 54 33 18 91 62 91 72 92 98 93 24 28 64 56 78 28 53 55 60 8 64 21 5 17 74 20 78 7 47 40 63 79 28 33 57 67 46 6 58 48 20 46 27 16 96 90 28 27 67 90 51 78 30 2 43 49 85 93 68 67 26 64 86 95 35 31 43 37 65 93 17 16 64 15 99 14 12 54 94 24 18 58 1 88 84 44 20 99 26 54 76 38 29 76 22 69 37 51 10 3 50 10 23 61 82 50 79 71 19 68 29 95 74 61 36 2 74 61 27 20 86 99 36 12 91 56 3 99 31 94 88 92 46 35 76 73 5 21 69 19 26 47 19 26 87 63 59 64 67 16 94 91 22 28 41 69 46 45 72 3 64 39 97 58 78 90 6 89 7 92 4 7 4 27 66 88 41 16 19 62 69 33 64 96 49 58 24 48 56 21 32 51 9 32 11 75 72 37 85 75 67 86 73 56 49 32 54 75 19 8 20 87 28 45 87 78 18 31 92 2 87 24 86 13 49 44 14 90 14 57 79 53 22 32 82 53 95 74 22 41 31 65 21 23 75 10 71 12 86 78 63 92 6 90 5 37 68 22 75 75 28 53 88 69 8 7 80 87 98 76 39 90 46 74 80 48 83 66 43 15 96 79 54 33 13 73 20 25 92 96 99 25 69 86 84 32 46 27 46 82 13 4 72 43 46 14 69 83 73 36 98 53 14 11 20 15 77 46 53 2 93 35 86 66 76 51 26 4 27 3 52 97 17 11 73 81 48 84 84 64 29 35 37 7 9 50 83 95 40 75 47 56 12 40 77 85 66 76 54 96 93 74 64 5 13 43 10 37 25 29 7 93 11 22 89 40 94 20 58 40 6 17 8 1 25 56 77 75 77 21 7 3 14 40 92 38 48 37 94 15 65 99 33 10 80 5 38 32 24 73 71 74 37 54 42 68 51 63 94 30 40 69 39 72 6 22 73 31 31 74 56 12 85 88 48 90 11 55 58 30 82 70 81 67 35 9 76 49 80 66 62 16 76 20 46 25 12 87 24 79 93 35 55 28 87 37 31 95 87 77 94 37 66 24 90 39 20 59 51 75 48 89 56 83 71 13 47 69 9 3 75 54 86 56 41 74 94 99 16 21 25 6 23 89 94 91 78 26 10 89 91 79 33 65 77 38 34 19 17 61 70 15 60 5 4 62 23 23 36 64 80 87 80 44 66 64 67 22 80 95 39 51 37 22 17 34 79 10 24 26 59 42 43 2 50 28 75 86 26 79 84 27 99 91 83 72 82 95 99 13 75 4 27 38 96 83 61 2 9 55 58 68 92 87 81 15 88 59 80 53 47 27 2 46 27 3 42 38 33 49 12 28 78 93 35 48 49 53 9 85 72 57 86 81 66 43 15 80 27 54 55 16 27 33 15 70 30 93 30 61 2 66 60 81 14 51 48 60 69 12 67 54 58 95 84 21 11 5 93 1 18 10 92 10 92 68 19 42 79 29 56 32 96 69 59 52 83 70 23 19 63 83 15 65 41 57 5 57 64 14 41 57 47 83 82 16 56 46 87 72 83 74 77 72 8 35 29 62 36 13 72 63 30 10 20 48 25 50 52 18 49 43 15 64 64 81 47 21 65 99 93 5 91 59 78 2 23 38 66 51 4 72 2 44 43 75 1 28 22 10 26 7 47 18 79 35 33 97 11 71 82 16 20 18 59 44 93 89 17 83 34 83 60 34 93 16 66 13 91 61 97 8 5 22 30 5 53 48 56 75 70 45 55 69 62 60 57 15 55 58 52 76 26 11 45 97 79 33 54 83 40 87 66 84 7 95 97 31 14 65 13 72 76 14 2 72 24 22 11 60 89 41 32 33 1 43 28 71 5 79 24 85 81 72 65 15 63 76 29 49 37 45 68 64 4 3 10 26 95 72 9 50 92 82 53 41 7 2 14 36 90 20 96 59 22 24 99 58 45 78 27 38 47 74 66 30 42 82 29 45 39 2 97 94 94 68 35 70 88 83 78 23 11 86 68 55 38 69 58 41 40 37 25 12 41 97 16 93 86 48 72 40 11 18 67 72 40 56 33 30 57 87 26 62 55 2 30 72 85 73 83 20 57 55 19 72 72 56 54 2 68 25 3 18 40 18 71 98 90 21 49 99 30 27 65 47 94 89 20 17 6 81 37 29 78 39 7 75 83 57 89 24 47 83 73 44 32 69 51 51 5 25 38 51 97 92 22 78 55 51 72 32 62 66 24 36 55 27 59 68 16 20 14 47 90 20 36 50 85 25 25 19 67 88 25 97 10 99 86 54 44 73 41 52 63 12 90 61 33 71 85 87 86 15 97 64 57 50 39 61 43 38 69 38 38 75 65 12 47 64 11 69 83 37 81 37 62 84 45 50 82 94 95 64 37 10 73 43 23 99 95 77 73 79 72 54 94 54 77 28 10 50 68 84 43 9 27 99 66 67 88 40 31 57 17 89 37 18 98 49 52 25 29 87 24 33 97 67 50 58 52 24 92 56 92 28 77 91 54 22 25 2 32 60 4 2 86 16 61 74 97 16 34 19 65 92 24 81 74 24 47 82 23 48 45 47 29 76 94 15 36 34 21 28 77 11 55 75 23 61 86 50 35 8 10 73 35 2 75 10 84 23 31 20 5 7 21 63 91 44 53 88 73 29 56 52 67 62 89 28 26 45 49 40 92 47 45 78 94 38 38 95 23 62 49 58 63 45 19 91 67 3 31 21 69 13 16 91 49 4 90 66 11 76 17 59 31 24 92 94 87 50 9 10 58 58 54 33 67 42 93 98 93 95 47 30 42 78 28 33 82 27 99 21 55 43 19 95 7 67 7 54 58 94 5 12 41 52 78 55 54 78 90 26 9 32 38 95 23 70 64 48 99 62 13 53 55 55 85 95 30 19 81 19 14 9 70 12 24 50 57 29 99 48 84 69 99 17 64 77 64 43 7 26 41 3 75 93 63 30 9 30 46 68 71 2 63 35 42 37 75 64 78 11 22 83 72 32 44 33 83 95 45 8 10 62 15 60 56 50 70 45 56 44 58 6 43 28 80 29 46 37 2 33 83 75 98 98 27 74 79 76 23 7 33 62 50 80 44 15 77 81 86 80 63 84 16 34 87 2 95 36 80 74 8 72 52 57 70 41 79 5 99 31 62 77 3 67 49 79 13 50 6 16 17 88 26 71 46 54 68 93 57 26 7 88 23 35 76 34 47 97 42 13 41 41 16 25 43 53 16 69 32 9 45 38 51 84 13 31 66 47 40 23 47 20 19 9 1 66 95 67 57 36 81 92 28 5 50 96 91 58 34 3 96 20 48 56 36 32 28 55 92 93 9 63 36 58 64 90 80 7 86 48 95 54 37 81 64 94 31 79 16 54 95 82 71 82 24 31 15 85 37 85 60 5 85 77 69 20 70 17 53 97 37 14 69 52 77 19 3 52 52 34 63 4 67 27 13 33 27 72 59 62 47 78 26 23 13 2 42 87 48 65 44 77 54 1 66 51 68 25 78 11 43 47 46 87 99 49 33 62 43 34 61 97 17 98 6 70 22 93 87 74 53 80 74 89 36 54 5 89 43 12 74 37 64 20 75 92 78 87 59 3 48 4 86 41 34 88 79 68 16 30 13 4 39 36 46 41 92 61 69 18 63 41 50 51 92 70 95 25 47 84 39 26 3 83 78 1 82 4 74 49 32 56 40 57 70 56 26 79 19 44 35 20 54 95 7 8 53 41 38 39 22 42 41 65 62 42 87 88 10 26 44 22 61 25 86 58 14 28 46 99 71 91 62 16 61 27 91 1 33 41 99 77 57 74 57 22 95 96 78 31 86 63 58 96 14 14 71 71 20 45 68 79 12 57 69 17 3 83 91 77 80 41 9 1 53 77 45 90 65 86 40 70 5 58 54 15 51 62 31 66 65 49 16 17 23 76 16 18 79 15 25 66 24 15 15 56 26 82 67 96 55 37 82 37 51 51 75 31 29 7 71 62 47 58 4 77 75 83 45 47 15 52 67 84 76 96 69 19 37 88 40 48 16 1 27 18 36 96 48 16 22 92 13 52 1 48 92 57 88 68 85 54 8 33 6 42 15 37 40 8 49 61 35 41 59 97 79 21 73 17 99 59 99 66 87 54 94 59 66 92 23 92 85 69 32 84 3 35 59 60 78 77 72 83 52 54 93 81 92 62 23 83 18 54 46 3 67 33 78 53 40 50 63 94 15 8 76 3 93 92 76 99 85 86 82 43 45 6 43 44 6 56 70 18 59 57 99 94 57 35 11 34 90 64 40 44 30 56 98 93 1 3 5 30 33 17 79 69 94 47 84 49 30 76 16 40 11 69 67 62 87 95 92 11 66 17 65 88 80 15 9 52 30 34 15 86 10 57 7 55 69 1 23 4 74 2 62 68 98 97 80 98 56 52 27 11 67 27 75 91 39 23 11 84 55 94 38 10 84 36 10 53 45 26 5 23 70 77 28 15 63 59 7 12 37 61 37 67 8 45 18 82 64 91 70 12 15 34 78 53 68 85 16 64 24 95 12 97 32 66 71 11 92 14 71 54 55 31 28 12 2 80 59 16 76 25 68 10 19 88 69 94 70 23 26 15 87 29 36 5 11 52 42 80 73 89 24 60 57 10 42 88 8 51 64 59 10 18 47 18 71 4 5 47 87 41 43 85 72 3 67 18 5 35 11 41 18 93 28 37 9 80 70 49 70 16 47 48 15 12 21 96 37 80 20 51 76 95 4 66 93 98 81 60 85 71 23 54 26 56 64 36 70 68 24 69 20 37 31 14 31 50 38 12 74 63 78 77 2 67 55 5 70 21 10 76 50 80 72 32 96 10 54 81 31 64 20 66 59 37 49 43 49 77 39 20 72 43 92 20 29 99 84 82 1 8 68 88 59 29 65 25 39 37 29 55 58 12 25 10 74 54 21 3 62 30 46 7 65 63 66 31 26 9 91 67 67 82 96 66 74 91 9 42 60 21 5 38 37 98 59 81 48 37 63 17 31 41 97 23 3 58 62 3 74 52 70 40 2 3 59 56 99 18 37 33 66 22 45 9 8 38 77 38 24 56 75 3 61 66 14 18 19 8 33 76 91 9 65 75 18 27 40 32 96 30 60 96 80 36 63 65 9 43 90 14 84 63 7 14 67 92 78 3 20 88 12 66 69 44 26 65 77 3 72 57 57 2 78 57 94 11 10 2 69 68 46 67 40 6 31 94 20 49 56 40 60 99 99 89 60 18 94 26 21 41 54 61 9 3 71 39 25 2 83 79 85 52 48 50 67 94 82 53 31 19 6 48 3 15 87 39 85 13 86 11 39 17 44 62 4 81 63 11 55 54 61 1 2 38 27 22 56 40 94 55 30 76 33 49 27 58 65 5 83 55 38 95 12 57 39 87 81 34 58 96 56 11 73 99 73 60 38 63 92 79 92 7 61 28 86 28 45 28 39 35 66 51 87 48 52 94 79 12 52 1 90 70 78 59 30 26 80 45 64 67 69 70 67 11 24 23 6 91 18 75 92 77 88 17 29 7 81 38 50 57 85 14 5 55 6 78 56 72 3 87 33 3 72 23 39 60 10 82 61 33 34 43 14 82 38 56 82 8 29 18 38 5 21 16 25 17 97 45 56 28 23 3 48 99 66 88 10 29 24 3 91 86 12 60 13 55 20 14 55 22 70 16 55 99 91 28 43 44 66 81 3 44 47 70 26 26 2 68 17 75 95 38 86 42 14 45 46 18 60 5 62 56 68 4 2 37 81 94 85 26 68 99 12 21 8 54 43 10 60 42 28 2 94 33 60 56 58 6 89 9 61 46 37 24 89 95 80 40 98 1 66 35 27 29 94 28 86 16 32 95 82 69 87 55 77 5 50 35 95 19 91 67 11 91 8 66 37 21 91 33 35 57 65 38 83 68 46 68 76 79 96 45 42 88 77 57 94 20 52 18 91 53 12 53 97 88 12 22 26 4 57 17 67 63 77 22 98 28 42 63 4 68 52 26 87 28 10 7 89 37 38 41 4 20 78 10 39 44 84 27 94 12 4 20 65 32 39 56 7 12 12 59 84 56 3 20 97 84 6 2 44 61 30 40 90 77 94 97 34 79 30 84 85 89 47 91 50 47 6 12 30 58 92 40 19 98 89 47 42 55 6 77 4 54 59 52 15 24 39 68 88 86 91 92 13 72 43 46 95 19 45 84 3 33 58 29 1 5 58 6 60 29 11 69 74 61 30 28 27 29 48 64 61 36 72 26 60 90 65 14 43 22 33 86 36 51 93 48 67 69 76 75 6 48 92 65 62 5 62 79 42 21 36 38 54 37 90 21 10 83 45 65 56 26 35 65 97 38 3 7 17 71 26 87 63 33 14 32 28 38 56 95 55 80 91 55 80 12 56 76 3 85 23 76 45 30 54 19 5 14 38 29 10 19 42 18 97 88 34 85 85 98 15 19 37 28 78 74 36 67 12 80 23 96 14 16 24 40 79 17 77 82 74 25 3 18 29 56 47 72 58 94 16 69 44 75 45 22 89 41 10 43 28 80 47 51 41 38 57 71 7 9 44 53 79 83 19 87 49 87 48 31 73 48 12 40 11 58 68 89 69 66 86 2 56 86 38 53 19 39 40 19 94 54 68 80 45 82 38 45 86 20 44 97 79 78 72 96 33 88 58 33 47 56 6 74 21 90 33 84 57 53 97 33 67 57 35 65 57 94 53 92 39 32 81 92 17 81 3 6 64 17 12 6 48 59 15 46 25 25 66 74 13 2 26 59 40 14 2 86 83 30 79 48 27 31 16 53 41 83 48 72 92 20 54 46 50 72 45 68 31 43 30 18 28 9 58 25 62 7 87 51 96 74 39 49 74 17 40 88 58 14 21 37 73 56 7 42 47 7 17 91 13 95 47 12 63 14 47 40 92 17 26 27 84 14 94 90 39 35 51 19 80 14 95 4 87 75 83 40 94 89 68 33 63 76 57 24 3 58 62 38 5 58 87 4 45 34 49 66 14 9 74 40 76 90 80 59 44 74 83 51 84 2 3 56 74 30 57 90 78 24 74 22 88 35 8 71 87 54 86 8 12 49 38 68 92 91 26 46 29 7 84 68 56 80 71 76 98 20 61 44 80 20 30 11 12 84 15 95 84 11 42 90 22 50 81 56 5 72 68 30 48 27 12 94 74 94 90 83 57 64 84 36 82 83 95 10 42 31 41 68 62 77 63 42 64 34 87 31 50 60 85 61 90 39 74 77 48 25 31 11 68 84 90 70 99 16 31 21 56 71 37 55 92 54 9 93 19 69 53 50 78 40 84 41 9 19 59 70 70 1 4 56 36 59 82 27 34 27 37 83 36 84 46 84 19 75 90 48 26 48 76 1 22 36 68 57 69 96 3 18 13 43 77 93 60 66 41 4 3 43 47 65 94 80 9 93 17 76 23 85 69 23 43 63 15 53 61 40 35 99 37 51 9 14 13 16 87 26 36 43 61 13 75 99 38 74 89 47 74 44 61 49 82 43 72 52 75 67 15 8 5 9 53 62 7 96 77 27 50 73 69 44 19 91 18 49 27 53 18 6 94 39 44 26 8 83 23 98 98 39 10 8 25 69 38 69 13 77 68 58 89 36 45 95 81 94 49 42 62 47 82 28 96 96 59 58 44 21 59 49 72 54 9 88 6 17 37 66 4 20 63 38 79 46 62 10 91 1 68 1 18 44 9 61 60 27 21 83 33 34 40 83 95 57 27 11 84 79 71 74 62 9 53 61 71 77 48 68 39 43 12 21 54 46 41 87 37 26 84 9 91 6 90 90 50 48 6 65 12 4 48 24 4 55 5 2 19 37 90 71 9 15 16 18 9 39 1 64 20 10 98 75 54 21 93 71 99 47 74 11 36 94 82 60 3 89 83 87 26 21 22 30 77 91 96 46 75 79 15 27 98 84 15 68 67 94 50 83 97 97 31 84 20 25 12 91 62 51 72 27 69 83 30 33 1 10 26 54 45 66 95 14 7 41 81 34 90 55 35 46 18 85 97 39 41 71 67 12 51 55 48 35 19 84 25 22 94 3 67 60 2 31 86 55 74 26 59 38 49 65 18 56 23 13 10 36 53 83 54 79 89 10 60 27 69 32 59 48 6 31 92 62 6 72 80 10 20 64 63 98 58 23 26 1 15 26 50 25 12 91 87 74 81 45 15 97 72 74 50 62 7 91 91 18 79 3 4 14 41 69 60 47 54 98 5 45 10 52 6 41 64 37 82 12 42 41 81 79 47 32 92 88 68 32 99 34 37 68 1 60 95 58 9 34 18 60 70 44 7 28 75 64 13 4 17 20 93 38 75 43 93 54 68 94 21 35 51 21 67 86 90 82 66 98 78 10 4 50 11 82 52 18 35 72 10 94 92 95 16 63 6 92 1 41 83 92 74 67 31 75 19 43 46 86 71 42 58 64 69 36 73 54 37 97 81 78 67 19 90 45 41 90 77 37 35 92 36 91 34 88 89 56 39 61 3 88 87 50 56 68 55 39 71 36 2 1 3 88 21 11 15 32 4 64 95 43 39 43 16 31 52 23 97 24 32 91 91 66 72 33 24 38 18 57 71 14 27 73 64 21 35 88 72 31 44 11 67 67 47 73 84 1 50 28 63 13 18 37 51 60 35 1 99 90 15 61 58 64 56 44 70 53 19 7 70 83 53 71 8 51 2 53 4 93 32 49 99 53 87 75 68 10 39 95 60 23 87 82 42 1 71 42 79 18 78 45 86 53 41 89 25 59 92 32 36 4 50 17 66 52 53 18 21 22 7 57 39 14 61 5 28 33 55 32 38 38 93 8 78 2 1 59 36 99 10 3 49 54 53 4 37 43 82 17 86 21 34 31 52 75 72 10 27 65 82 6 44 82 34 99 73 63 40 48 10 76 43 23 26 22 75 15 1 31 17 82 6 49 80 29 65 1 88 14 78 99 3 54 52 9 99 64 12 74 86 71 73 15 70 27 60 99 83 66 13 27 55 58 38 66 20 49 7 57 53 28 44 32 66 96 94 23 74 8 3 12 20 69 52 79 11 72 15 38 14 88 45 28 52 83 78 70 22 20 80 87 23 38 89 82 51 39 32 47 6 60 72 61 80 96 28 61 89 29 93 29 33 24 99 51 34 54 64 53 62 15 67 58 80 36 4 24 67 98 20 47 59 40 6 34 36 81 26 74 14 74 39 10 52 25 58 10 18 79 8 64 21 76 46 81 68 51 74 28 22 36 24 39 79 56 67 35 24 1 37 23 94 82 68 6 8 16 57 1 31 56 62 60 64 96 25 90 89 89 1 85 20 7 86 46 67 80 46 74 74 4 82 92 92 49 17 14 54 33 68 75 17 98 83 75 92 83 16 1 13 19 37 25 16 45 47 84 86 5 86 89 26 16 10 77 93 57 59 51 62 24 8 7 84 48 5 15 86 63 70 98 15 70 8 31 45 23 46 84 19 11 58 14 72 68 51 55 36 53 57 25 23 49 49 31 75 83 33 55 33 88 1 6 58 63 90 86 77 23 69 68 91 79 59 13 80 69 65 50 75 96 59 5 9 82 85 96 22 25 40 29 24 78 35 29 7 14 68 5 97 3 72 25 99 22 28 24 71 52 34 43 36 19 52 45 3 71 37 17 48 40 81 78 88 51 2 41 50 93 8 49 98 79 57 66 3 83 25 84 3 64 70 26 4 29 63 77 68 15 25 78 82 2 59 79 98 12 60 86 90 91 22 13 41 27 33 69 98 47 72 17 82 68 7 30 98 31 62 89 35 87 11 29 61 97 50 90 45 17 81 28 67 88 16 15 78 47 19 78 20 39 95 66 32 52 10 54 31 90 9 14 32 30 22 62 21 89 36 65 34 94 36 84 13 30 66 6 55 82 70 49 94 21 21 97 19 8 83 96 2 25 33 30 9 32 74 90 8 74 5 64 38 83 77 86 74 5 38 91 41 66 80 22 87 1 26 36 67 92 49 64 21 41 90 96 40 5 98 18 81 28 99 69 62 30 17 19 79 69 31 97 98 64 80 19 83 37 40 61 24 8 51 77 10 54 86 48 2 34 22 83 10 98 35 25 34 10 25 6 91 61 73 42 97 4 8 57 7 89 1 58 34 95 51 5 57 30 20 3 35 6 27 66 16 99 22 5 3 5 81 72 61 34 1 5 97 87 85 97 41 87 53 96 43 30 9 62 99 75 46 56 55 9 91 76 96 35 38 47 44 8 90 54 57 19 3 65 56 99 43 50 29 52 61 36 22 25 3 32 44 20 72 92 67 66 52 94 92 5 76 13 31 84 43 59 9 6 67 32 87 90 14 57 14 73 22 16 98 85 43 11 61 6 4 2 25 6 98 32 18 18 42 78 87 13 80 20 57 46 92 10 61 12 25 46 79 96 25 73 14 43 94 83 73 5 47 10 78 21 3 1 99 69 1 60 46 53 8 96 75 95 70 14 90 83 9 61 24 97 51 33 40 13 30 22 19 75 76 29 54 94 7 6 30 16 98 60 62 24 61 69 51 76 35 6 5 13 91 12 40 66 70 12 85 14 22 90 81 26 94 77 68 20 61 48 9 17 15 1 75 12 64 44 17 86 50 51 97 93 80 59 98 66 2 8 86 17 47 52 96 84 44 99 57 26 17 4 5 57 61 64 97 10 6 26 49 61 92 44 77 44 83 14 15 89 86 36 13 51 58 10 2 58 93 90 55 62 28 77 57 17 29 17 4 8 51 90 7 55 18 14 5 86 40 89 9 77 5 24 87 96 84 9 60 95 26 1 81 37 61 31 16 34 41 54 9 90 13 73 57 63 46 10 92 33 94 13 95 37 27 12 78 70 19 96 48 10 61 73 59 39 88 31 96 22 62 24 5 91 17 65 71 53 66 21 93 51 48 83 48 48 15 15 87 39 67 93 14 32 22 86 77 1 16 13 65 53 88 92 99 53 40 61 37 7 85 46 52 3 61 57 78 59 96 90 58 28 16 2 57 82 29 44 61 27 64 9 26 73 82 51 48 87 40 10 11 3 64 65 53 6 73 3 77 69 66 93 60 29 64 11 10 54 41 63 3 6 47 94 30 28 4 17 72 2 92 15 91 75 73 97 90 88 13 8 8 23 89 73 51 93 12 91 28 84 23 80 68 68 64 6 91 84 32 21 6 83 87 11 30 11 18 42 20 52 84 59 99 15 47 94 16 61 37 57 11 44 23 20 3 43 70 66 69 6 40 62 98 95 29 39 32 64 3 45 35 4 99 24 38 8 77 10 17 91 10 19 16 84 61 79 22 8 25 96 86 86 68 44 39 89 68 16 41 85 86 30 32 56 44 53 35 36 19 88 16 8 47 14 62 51 6 44 72 85 34 89 80 42 98 4 85 24 44 78 78 59 29 87 74 27 86 58 82 86 9 11 20 38 3 18 72 54 35 28 29 18 97 69 77 1 32 7 99 2 24 98 6 14 94 70 13 95 63 13 90 76 76 41 63 21 70 71 71 27 20 87 59 83 4 14 45 44 73 70 30 81 64 82 52 62 75 12 97 15 53 17 26 33 8 84 39 63 80 45 56 84 17 51 60 74 64 59 45 85 84 98 59 11 77 40 97 59 64 91 92 70 48 19 11 58 70 77 26 12 75 2 34 17 50 15 3 70 8 40 86 71 89 47 47 64 90 85 73 25 39 37 92 50 56 27 83 70 92 39 83 36 82 45 44 29 40 72 60 31 99 18 44 5 4 92 46 15 57 4 66 56 94 86 59 75 8 42 29 69 86 37 42 56 75 41 64 55 81 5 87 83 31 2 12 82 88 27 43 2 87 88 97 93 92 16 16 56 52 45 56 6 99 30 86 38 53 16 24 61 74 40 63 75 4 64 81 16 49 10 42 71 28 57 77 66 44 91 8 77 49 38 80 71 51 81 34 87 4 20 79 58 50 12 23 70 49 73 51 40 85 11 4 27 38 9 27 71 32 55 89 62 63 15 69 15 36 28 29 12 32 46 64 90 99 81 71 6 56 98 56 49 22 36 84 66 90 77 93 89 81 56 70 6 42 44 37 61 1 54 51 33 71 50 48 14 40 20 33 75 18 73 46 80 35 79 43 53 5 51 83 62 85 51 28 59 60 77 19 48 82 91 82 92 19 65 24 10 86 43 48 81 64 8 90 56 91 78 92 27 11 82 35 17 90 34 80 85 20 54 47 44 71 41 82 85 99 76 81 1 81 56 55 52 39 87 50 16 99 68 41 53 63 32 6 25 65 84 63 77 8 79 13 22 78 67 69 62 61 1 17 51 48 34 67 40 20 81 91 20 46 30 33 65 72 15 2 20 47 5 17 47 17 40 74 62 45 80 44 8 48 70 61 49 7 5 28 20 4 97 66 94 62 77 66 47 94 98 89 7 8 2 1 34 99 91 43 24 9 41 89 21 75 35 71 8 23 17 67 24 20 86 95 77 11 47 39 36 29 11 99 74 23 15 89 80 37 85 87 43 42 92 83 55 59 94 30 51 80 31 35 15 85 54 85 80 42 21 97 41 29 97 19 6 39 86 87 58 87 91 22 63 33 13 78 24 37 20 67 80 36 96 5 29 3 77 21 2 93 47 85 16 98 84 20 39 50 76 8 83 49 32 84 81 26 30 88 52 91 12 86 37 91 36 11 78 32 99 29 70 67 11 85 82 2 21 82 65 19 21 62 26 34 62 83 87 45 41 9 89 36 55 67 65 82 67 17 41 16 2 52 18 64 36 76 46 74 5 65 19 6 73 25 83 70 29 34 96 1 22 7 95 55 68 29 81 68 93 57 40 15 92 55 25 87 71 54 27 67 70 86 37 5 99 48 94 5 38 85 20 21 90 26 67 70 9 17 37 83 2 10 41 75 23 29 9 63 68 65 33 86 75 10 57 79 41 28 31 34 17 77 48 13 76 62 40 71 29 70 36 93 16 47 39 89 6 9 62 70 19 76 23 20 78 80 8 85 58 74 92 66 31 69 40 90 95 76 52 51 67 15 25 28 76 10 81 21 14 70 48 32 71 46 66 26 90 50 88 19 54 47 1 72 10 36 42 45 26 19 90 75 58 88 70 1 83 91 89 89 35 78 90 54 8 53 48 41 74 19 88 79 43 55 67 41 9 16 30 24 32 87 59 63 52 33 34 66 34 95 48 21 11 47 20 13 83 39 14 50 47 64 89 26 43 84 97 80 33 63 62 40 12 12 86 41 80 42 90 75 86 2 65 58 98 30 8 68 91 39 89 6 95 68 61 46 72 93 66 10 25 20 95 14 13 44 91 86 10 5 66 1 17 58 23 60 48 30 87 76 65 97 56 9 53 74 15 98 30 72 79 73 39 13 93 34 12 72 24 5 58 64 38 74 91 42 99 89 2 5 1 23 66 56 23 49 17 71 56 27 72 42 71 4 52 5 96 48 42 91 2 98 28 62 59 26 48 29 2 85 76 88 13 3 58 22 62 79 69 70 61 17 67 42 61 19 29 66 51 48 54 37 75 80 32 11 55 91 14 80 97 95 41 30 29 67 33 11 81 36 61 43 97 13 1 76 71 7 61 17 11 9 92 26 58 71 55 29 80 43 90 20 79 50 61 57 69 11 7 92 43 50 99 86 19 87 97 41 72 15 94 24 99 51 89 91 21 37 16 89 91 65 16 82 2 97 31 85 79 56 28 21 52 55 90 52 44 2 71 58 90 93 12 48 4 16 59 28 21 78 32 90 24 69 51 85 97 42 67 70 23 54 89 8 60 41 52 68 20 77 68 61 48 72 77 21 30 58 55 8 20 61 43 81 7 73 26 19 52 51 92 65 94 27 80 60 81 75 16 42 59 40 50 15 58 61 66 97 60 64 13 8 21 84 96 28 73 85 47 1 27 58 51 97 37 30 84 81 79 80 7 43 2 68 89 63 13 40 3 75 72 46 63 66 40 36 26 9 56 32 72 66 5 86 40 27 68 98 66 42 7 95 60 49 95 38 46 71 4 90 90 95 46 90 90 13 42 50 30 24 20 73 78 29 61 90 2 80 44 28 79 86 49 23 59 49 67 20 85 99 85 52 13 69 23 48 80 33 53 1 63 96 18 36 41 99 74 24 29 17 99 89 52 99 45 50 34 54 99 63 89 79 73 72 44 72 29 41 81 72 2 31 29 60 57 92 39 8 71 97 68 20 68 90 63 71 53 4 40 26 92 79 17 38 7 36 60 71 54 52 91 3 17 70 97 52 36 6 95 14 97 42 9 83 4 71 38 52 6 66 6 95 85 84 94 5 20 64 40 16 4 6 70 90 33 82 66 20 47 28 73 41 99 55 77 93 86 51 45 41 83 45 44 87 65 24 97 7 50 25 72 6 31 8 59 89 23 8 10 65 68 69 72 2 36 95 31 19 66 46 35 38 60 76 83 37 83 4 62 81 8 17 28 33 6 73 14 34 55 6 23 5 41 47 15 94 69 67 25 35 68 50 1 4 97 47 47 18 46 2 64 30 83 48 85 57 33 57 59 16 93 65 42 91 94 98 62 74 18 72 52 27 26 85 67 40 17 41 36 59 66 20 73 66 30 37 38 68 73 64 22 79 44 14 6 17 68 67 92 18 62 67 46 81 70 10 87 41 92 64 98 72 25 23 11 52 47 59 76 23 76 49 43 94 37 9 80 42 56 59 90 37 89 54 1 40 43 32 88 22 3 67 14 45 4 96 61 98 91 44 6 93 88 73 90 55 23 87 61 3 16 74 30 37 38 69 14 47 13 59 48 5 20 25 69 35 26 80 5 78 51 54 78 40 1 34 47 18 54 83 7 73 66 91 93 67 58 34 46 70 72 86 93 23 10 8 43 42 11 28 89 71 18 8 35 67 82 38 17 50 20 33 17 21 87 93 59 94 10 75 20 83 60 21 69 83 52 76 10 82 86 12 76 79 47 43 48 93 88 63 32 18 61 90 65 66 7 18 9 38 85 68 35 91 32 7 32 37 14 50 13 3 32 60 54 27 62 94 46 81 88 29 93 21 82 91 20 61 66 30 98 85 91 85 19 36 23 59 34 89 21 39 37 78 50 99 54 4 20 43 76 47 43 66 92 80 81 17 96 88 76 84 8 91 77 84 14 28 27 60 55 89 65 63 17 85 76 59 79 15 54 55 99 89 69 71 29 98 46 39 3 82 7 58 43 20 21 53 58 75 4 58 6 87 34 96 81 19 83 95 54 51 44 97 84 94 79 12 96 29 99 86 69 33 41 66 51 73 71 27 3 51 27 52 1 39 24 48 33 92 54 26 35 20 24 8 35 65 97 84 90 64 34 32 52 37 21 70 62 68 1 66 27 3 70 87 15 57 48 33 84 51 48 79 38 96 96 77 97 69 77 75 70 2 17 96 70 44 14 63 19 61 80 5 97 50 21 13 27 47 72 22 4 42 32 87 39 9 77 7 30 90 65 77 42 85 56 99 81 18 12 99 69 32 91 3 75 52 37 83 34 45 78 21 76 87 27 95 79 68 29 48 19 20 79 26 79 52 39 93 78 78 77 23 63 83 74 40 33 66 91 84 94 48 4 80 14 37 41 79 66 63 3 17 79 36 26 98 22 58 61 61 31 70 55 78 13 41 24 99 34 36 88 10 42 66 37 79 33 1 12 52 37 50 36 16 71 76 27 13 84 7 48 27 55 90 54 39 11 40 94 72 14 69 60 26 36 35 79 44 74 44 29 90 55 80 73 95 39 41 98 54 87 67 15 1 39 82 89 15 94 26 15 45 61 49 73 90 82 49 67 5 73 50 13 9 68 54 20 53 62 61 8 86 43 49 30 12 63 90 30 77 26 31 6 35 97 57 95 94 52 65 15 96 4 60 4 93 43 84 61 54 20 86 62 18 45 17 75 88 21 86 31 57 45 50 93 34 69 1 31 91 64 46 95 69 29 18 58 6 7 27 59 24 17 69 65 60 14 57 37 31 98 81 61 99 43 86 54 7 11 83 80 39 17 60 62 70 37 69 22 37 95 70 2 50 66 47 52 33 46 91 75 36 24 21 28 24 5 30 74 17 51 1 94 7 94 60 23 16 8 79 94 91 55 60 63 68 23 87 22 90 78 78 57 86 7 19 84 40 50 13 70 48 3 55 55 82 44 1 39 99 11 43 74 1 8 15 78 91 38 75 70 91 70 26 71 69 66 85 75 30 11 65 27 28 40 4 26 87 24 74 
// di
37750 9468 46578 9582 47482 34743 12950 37401 46847 1576 2907 35077 17422 5451 31981 12094 534 15454 18704 27103 6718 54441 6727 49999 3052 50774 7184 48495 32465 46220 49732 13756 52639 6480 34186 46059 45381 31297 49029 1548 40807 47085 31193 2272 22666 4567 2470 44358 17500 29785 47357 9019 22432 16081 33940 51958 46572 19044 6449 42388 20590 20315 53999 19429 25253 54039 35980 29441 51478 31418 54781 44474 14673 33293 50200 41637 27395 4418 13373 29828 39269 5328 13060 50443 23138 36371 54422 24274 48297 26275 46046 28692 10052 40026 28170 6717 38485 24468 11036 37091 41719 2719 17481 2659 23080 16187 43518 48830 30742 49395 51436 22541 53168 26898 4839 29191 16356 3045 6795 24021 23442 42809 23406 34366 49567 11162 47036 14 22724 16289 21563 51435 42896 24877 5378 34274 10365 13303 15399 36647 39387 20132 9175 8533 35025 30664 6938 15294 9993 22420 17353 4068 39706 34760 1385 45298 13874 49611 7246 13858 48556 4457 38971 22686 26527 9388 17813 32130 7506 46145 34479 39137 44449 24543 29112 50288 20368 12377 38148 12191 54473 41644 40198 47698 14630 7624 12776 11582 6668 23719 2159 54716 49126 50194 83 14022 27857 2493 40915 23213 54912 27351 30767 6587 40522 9944 12621 3220 45963 357 97 22318 35780 44999 4331 11655 23690 6682 40558 20616 14825 50344 51875 6864 13517 2319 21779 1697 22621 24166 35663 22665 7340 32929 13169 33306 23882 29381 43809 31902 17330 20295 22013 51714 19488 45584 42642 11168 39968 23595 42744 624 43747 40627 9988 44350 37202 10196 1879 45227 16166 3622 39423 50725 29801 32042 9474 35254 41912 33505 43504 28822 20017 17021 42555 41582 34705 39065 24194 28981 2534 5703 43182 17038 18105 4594 29433 18619 13943 7306 46402 46155 281 44738 30414 15865 2929 18560 50111 24885 17603 11379 19881 4201 29304 51258 36970 44326 12690 43154 28836 29279 34066 44431 44928 44867 42845 4278 22258 30306 10263 38351 7148 54666 32078 16488 30785 34191 2923 44955 13251 41474 34083 10659 28222 9097 48611 42886 17185 4727 48464 26065 49939 48330 10807 51651 25502 39067 12262 8118 20645 43007 43465 49596 14626 18507 51945 8781 13498 45415 46759 3022 733 30257 30186 53445 31011 25203 16025 53455 14313 39459 4576 49194 28076 25220 31796 43182 25055 10566 33523 30327 51203 14873 28456 5431 36951 48141 25125 34492 43761 48105 37097 13572 21931 5502 28878 12213 658 25005 32011 40642 15568 45105 21396 50325 16438 32193 25929 18977 39966 20093 44759 29950 2455 51771 33462 54889 21720 26292 26803 27100 32950 13701 53619 37678 6964 17820 50764 18190 29888 4336 54160 27060 51892 21268 34391 16049 9724 39662 12325 46820 16479 48744 38565 44625 38116 32998 45863 30550 24306 19621 18737 50404 50726 39037 28432 38426 853 7172 19614 17678 27654 44086 11149 26384 12560 17166 9 42069 33475 25988 39550 25788 42839 13980 51278 13645 28014 31120 35377 44505 15087 2720 43553 51769 47541 54084 53383 8413 12300 45697 41920 43604 41490 50841 25603 26958 34789 25067 33126 21099 47542 41837 12336 27499 42365 51070 3419 50236 31706 5559 39735 34431 4342 16292 47075 44759 9285 15754 19740 26282 53500 50528 7276 6249 8705 13059 30333 26992 37076 32465 12279 75 19672 50002 40385 19551 25251 48269 44690 37686 2755 30953 20041 50882 53279 17283 44931 24803 24407 33747 24875 33094 45774 26812 6004 552 32761 31234 12076 18502 46051 44353 29409 12801 38105 18952 9309 13925 52091 49778 28390 24127 5481 47899 7194 39192 15068 8068 28344 3479 33622 41113 11928 52760 28254 38723 19745 13405 7647 50838 47082 21223 21569 26136 17116 31876 18200 26792 50842 20811 15266 8759 33668 11046 2302 41736 22959 23679 45537 11086 35378 11228 30530 46116 49780 43087 26871 19185 21660 32021 28167 34334 18673 39413 38094 46346 15772 13845 37573 33172 50647 7497 10936 23157 39346 42210 49506 14644 38051 29425 10406 318 40416 18124 24802 24741 29160 19271 11251 42874 27219 13832 30845 10530 11711 4323 12683 22627 43591 16302 17814 43311 29729 5884 8466 13544 3857 10347 37691 13538 49489 15654 9986 9660 11622 15298 33559 31904 3181 23684 43946 1098 8189 19687 42120 8885 42464 47671 39279 38047 35154 53075 44485 10192 31541 10171 53786 1667 53424 49983 15519 52217 17142 35127 34065 22696 52188 6610 43407 19551 33723 31100 36773 13871 18804 12664 48974 21000 16574 32899 3364 38810 16889 20520 42902 41251 51965 32625 37685 13675 45563 54333 20684 16445 671 15142 27766 13066 52177 38286 12819 52737 12923 42208 649 17966 43158 2796 45517 46573 38781 35952 49650 16292 14540 22776 22473 5493 7677 2999 1060 10851 44475 35831 47502 43705 10433 15317 46424 7814 19872 6040 50661 30276 41156 16530 48704 44762 8062 53068 14560 14728 41049 18395 41914 10017 18376 35990 30148 7578 13865 46348 45393 23741 988 32780 16166 36373 47598 24701 6922 52472 9742 26393 439 30623 31719 21875 3053 11095 7373 20508 40004 17034 16161 53618 47617 50821 2901 7746 6077 48408 26797 50209 1422 4042 49517 27536 35486 24610 46594 5674 38751 49795 49007 20164 28445 6150 32682 6957 29266 33760 16378 27939 29277 54561 2929 29429 30262 34064 27420 38312 9099 51930 52882 13355 10744 40177 25139 1913 372 6336 40079 16582 24328 38681 12576 39974 8270 1360 31290 48280 3612 35540 33435 47229 39853 49368 36187 41032 41047 15744 6778 37963 21830 12331 43950 48115 40873 37079 15270 35313 12799 19852 54897 33296 19080 50284 38097 32496 3623 26634 39718 22985 50939 43202 20002 34520 15709 35455 44629 10881 54990 39407 16680 47220 5123 51043 4318 11119 29590 2763 45746 25969 22631 20999 18355 36153 27808 4069 3754 31773 10909 48705 30142 2294 7634 3847 47842 32958 53919 53277 46335 3909 34017 9285 21128 51385 3034 36525 41298 21399 6461 29340 39386 5238 41275 14470 9265 38964 40277 41753 8531 20837 24503 20413 4964 53036 6609 529 28565 7767 52233 42369 50581 22433 42558 26866 18910 52949 9795 54332 44782 24049 586 15166 45882 24251 21283 9697 26081 901 36538 25168 27188 4453 27431 9224 5947 41454 50709 26632 46237 48761 1379 34528 40435 42368 54164 1793 6784 32110 18385 17525 1673 8741 48217 1189 38023 4568 34897 27918 27221 6239 35095 28560 39996 27009 24804 14266 2920 31441 28609 40463 41136 22509 15089 23575 39674 34235 26622 3610 17114 34956 27465 16150 42108 33414 29052 13994 37056 18849 30507 52478 9666 24283 17361 41271 35791 30414 32782 53650 32949 43874 13310 16404 1339 1513 46044 39224 6736 38399 47330 30353 21837 11042 37142 19985 36334 41266 51546 47069 39255 24295 29182 52573 44411 10360 12459 26226 4118 46611 47547 52737 45517 39069 34035 41784 15573 22705 17425 28351 41128 34635 42534 34480 20935 40263 52526 9556 27759 19829 33868 54778 36004 21981 47660 99 24271 24174 14566 12205 3645 48686 43232 6371 43380 10547 39634 51007 44656 46677 47486 31379 45474 33210 42283 53816 42671 21877 38896 9329 38716 44726 18262 25381 20328 5503 31564 45354 33990 40160 31553 45603 43013 38956 23063 48671 25943 23394 415 44066 16831 9804 41537 6287 14037 28941 48631 50366 50023 28598 47140 19487 44674 16551 23248 54003 33405 14351 51737 10497 29380 15704 22230 37063 54136 23474 46268 30061 40464 53203 52142 7199 34859 34314 51923 2954 54322 29741 53529 44240 22994 18032 35029 5586 7374 9960 22528 746 36927 50263 18795 32527 36934 9303 4168 20617 26847 29133 30823 44029 21112 30167 46 40439 53635 2420 40615 41342 32018 30919 31613 16690 29760 38021 54557 8763 31776 29874 50951 10291 9933 54743 44910 46471 41094 2966 9214 20232 39544 16052 45149 17363 50373 44766 31392 29604 51110 25984 31817 45175 47625 19950 53665 51412 36999 51693 26637 52048 15942 508 53965 12263 9952 53752 5085 21784 31517 13917 11476 3960 46179 30245 4261 14594 26381 40105 12465 46081 38544 41900 15528 47253 40256 52744 1076 1647 41091 40407 15286 54362 10756 11367 40798 31686 6632 54694 34507 53587 18402 11546 7178 1904 44688 42769 36875 26327 7462 48518 14433 25811 47309 39144 37829 28118 17998 8082 31618 51046 20967 1347 10921 14414 1857 24638 42159 29911 27942 2439 18565 520 8097 43047 49566 22812 22492 52338 2739 29768 5644 38063 25223 5815 11167 12694 53836 48249 15435 27043 45030 30208 19948 22497 45488 39014 6714 50282 50967 14770 16246 39198 50439 2776 14966 3310 44320 213 22019 12079 17225 7114 31847 10516 20136 45376 25100 46911 9125 52527 30152 25115 3524 17139 20152 33647 42782 23335 46120 5075 47923 43747 49357 25113 27027 21053 50710 36664 2330 53774 36341 18008 28270 21834 24468 5182 23559 36264 24493 23290 50757 49068 13320 48958 33001 12160 10607 22532 17828 53519 10513 28808 9593 16912 6755 26006 41102 44067 4324 20205 36708 10707 50648 17474 53433 46681 23378 28340 2880 37866 26239 39331 22151 49423 46512 33195 48473 52816 30199 35746 31876 27606 45093 9743 10617 1881 23984 46513 20668 18666 40271 5357 45942 12978 39771 2364 18221 33359 12870 6866 15369 4668 8285 23343 7336 48999 15097 53333 2640 25482 3304 47726 7138 36566 46996 2371 24922 28549 41302 37044 50014 42730 27237 49768 11898 12642 28530 48962 32199 18116 12765 41057 11630 46635 48247 8958 12631 18374 51227 11169 27886 40836 6492 45006 17486 51050 52882 46791 6674 14760 32764 5219 25005 10730 16771 5166 41584 17602 43926 47865 15706 25185 9812 23760 30184 23438 843 1658 42947 33565 32808 13739 48640 5305 47011 11855 35857 12192 22726 1204 26724 17615 28854 50867 25937 45015 29982 36295 33063 4352 10697 8769 7694 16149 23507 19292 15483 8629 22143 396 15808 11705 17028 26492 1852 17145 31919 4116 31509 35644 14542 50230 8495 15196 22922 3443 45959 48126 31571 10954 13197 43747 53803 23226 27623 906 47427 38528 37720 11192 12778 27553 45225 10800 30335 47092 43119 12331 15659 38134 38802 31461 15843 22028 23239 14446 25963 53559 26633 48199 53914 11506 51271 50577 45155 23963 34159 30917 565 21550 2679 16481 8934 21564 1946 33750 18794 1787 36641 15674 39532 21061 5150 26813 33308 5524 23241 36387 7901 37977 40680 27684 19133 8011 36263 15044 35555 38500 30683 7994 39153 33695 51487 16994 26747 40033 36942 32392 5483 12640 669 20422 4270 20922 27294 25598 17873 5475 39403 14602 40083 15297 48952 31187 8147 31709 19221 44319 41995 44445 15704 53303 52030 41438 52036 31506 10459 11738 47195 39894 40149 35583 28986 7182 21460 15396 30277 9253 28049 34954 7449 16409 40611 34342 13716 46075 33579 19888 11598 43546 27273 43118 46445 43434 24783 38191 26753 6787 22763 22068 2668 48847 29933 2182 2476 34824 6047 51477 14247 52835 3434 25925 11343 46837 21262 25939 14938 25860 23058 25 50549 8901 14096 44744 19978 8481 11792 34941 18353 48788 41582 39608 36902 8795 12521 36965 34417 3613 35318 4466 42688 24484 51213 9137 44335 48329 35837 13224 10485 47228 33079 10018 43842 7410 28335 17903 18783 6606 21854 12645 23639 24927 43351 14578 22206 48671 54790 46760 34021 40450 37227 34656 38335 54498 48786 34001 3102 30611 9406 53747 21311 48113 6161 47444 34173 27691 16891 42008 19651 53886 41256 25757 31044 33262 28936 32152 29766 19335 10739 26962 3515 45225 711 19545 3885 42557 54185 8747 32801 11629 44924 1355 46406 5730 465 36211 32637 1100 5138 10053 35785 3047 24270 10393 33500 24180 33825 52917 24318 29575 717 10963 11381 31916 22511 52690 51648 39167 6206 41072 5201 52719 2711 10432 16372 2071 5771 40490 37399 32620 37198 8165 47763 40337 32904 23345 4008 13841 34452 48200 20850 21542 7620 35830 13484 8916 25227 10278 26358 35101 34917 52365 13422 1094 48167 46487 49679 7966 50258 16467 16857 46726 41521 11221 32030 21525 51933 36034 3308 37476 14056 12298 7430 37138 11610 24157 37881 20618 35682 48966 43337 33581 38959 23849 16943 42254 47118 49633 10353 12931 31081 51237 51274 2153 17560 49008 20842 8465 28331 15695 22038 44166 42325 27443 20510 29967 36018 21236 8945 12745 35076 10864 28719 19597 51074 9032 43651 45 3914 1250 14375 8997 29533 51259 47220 15285 3557 34768 52603 53000 16014 30134 20614 2096 15776 15147 25188 32710 51631 48372 51697 30866 4977 41839 46348 9477 41340 38078 10666 39939 6227 6182 9015 20783 11851 32015 15267 10705 26000 1063 41501 36236 3828 33511 46472 838 15171 34254 5291 53404 9943 9850 10691 1199 54535 52925 29205 8045 13490 51932 29787 7402 34863 27533 8678 200 1415 35447 44758 3813 25139 27132 33408 37827 29738 9802 27718 51095 21794 43264 9045 48030 22135 14174 32871 26000 14793 22831 54824 8054 42332 35590 6621 51160 41825 44534 46198 1390 18694 53582 10219 45995 21453 25109 36293 39561 37672 49754 6824 2661 22531 16663 13816 17630 3742 27546 17881 37583 124 1240 6157 24927 41275 42078 9210 16565 5584 19419 1601 24421 43446 47202 28701 14926 26059 6818 20561 4779 52101 46739 46777 19252 2109 28911 36992 36913 6712 862 33952 5243 20247 51472 52773 30465 34951 52780 10397 14835 1123 38106 49592 41928 50483 34892 912 47207 13040 41264 49620 12516 26573 26520 53654 27236 38142 12005 23412 37349 32411 54401 3245 15658 16217 35321 16409 23484 49084 12316 36477 5499 12717 22163 30624 31220 4491 24929 45128 54624 11616 35928 741 10109 20798 15178 14908 20604 23830 29843 41274 10110 11229 22087 31688 35878 17515 38562 50958 14079 4749 28909 31398 24056 36637 40862 22222 40850 52102 7316 22058 6467 16727 36536 23518 27940 1152 38007 22378 17102 3309 14036 14356 4351 45275 45287 21275 11142 52051 54755 48826 52680 23934 6271 32531 5796 14338 14639 36824 52293 50487 16465 17156 36490 22300 1991 18581 13279 13005 24508 22310 36611 48569 34802 12613 19369 33262 1334 27111 7050 47288 35399 24864 35305 33268 21144 35152 49477 38902 52308 35846 29125 28752 54867 37824 20533 48127 12870 6556 49164 7724 29605 29240 29853 11471 40003 37687 27497 17372 38115 30730 54439 30413 594 132 26399 15054 37841 40875 39969 33508 26730 33052 30482 20998 10057 44274 54216 32927 4501 13730 35524 12822 21999 11774 33330 53913 12471 37601 11913 34864 45563 26506 48523 38050 8797 10164 13042 6269 16238 47324 43125 50508 50277 40910 42592 20305 54146 49572 53191 544 23531 12372 34809 47749 43976 28578 48601 54077 28604 6888 32235 35963 19751 46458 20479 12680 20739 42292 6128 16202 24963 43597 21318 32100 50332 22537 51259 19197 27036 44335 36243 46208 39564 11460 5512 54021 11262 101 46646 15660 24819 18108 51218 6860 17594 52841 19665 25217 7837 34150 42916 11175 52354 42921 30973 5655 10733 8569 28867 6779 46859 15644 36675 25018 1288 44696 3065 2076 4440 5160 32585 5044 41003 39524 37520 7043 15078 54804 48183 38298 30404 44213 22184 11641 4675 28609 43046 2076 1990 52893 12931 1463 53874 43721 10951 36008 37042 41447 6012 7906 29053 18972 40669 15086 25706 45702 35055 13609 58 39608 15233 51475 37379 10305 44060 5403 28894 13274 20432 30663 1795 45210 12816 28636 14774 42752 35244 34752 41841 5062 623 41717 46321 37807 42371 13222 37094 26004 37154 22736 2183 27924 487 53879 33704 32659 36395 30735 10997 14941 23243 25506 5569 17765 2201 36517 46285 20546 28704 54348 28424 7153 5232 45023 27798 33129 5637 47142 36954 54413 37148 813 7437 24461 13093 13619 26201 1827 50192 17726 4213 31376 1345 1408 33361 15082 50065 45772 16101 9830 26180 41357 44474 26483 31651 299 31732 14253 17705 42906 10403 6981 42073 8701 10310 10378 23519 12150 29974 17777 30274 10115 8691 13428 39545 50700 22340 1098 24049 49070 2882 5396 8558 52707 26708 52189 30247 10043 23521 8504 16387 24544 14439 48567 39463 31937 21544 7944 8253 30999 52063 21249 6580 25605 8171 15935 18525 41249 28435 29292 13946 24019 23384 16348 2506 1479 53621 8445 45975 21023 51529 36932 1886 23743 8288 1739 5527 50812 12777 29276 8341 42204 2424 24370 1790 33021 30382 5697 25977 10265 44094 11010 29821 53532 30856 11305 46642 17025 20479 11604 36228 12629 38885 43188 43517 18692 17138 2702 17747 49511 48751 2982 37658 21509 9346 4147 7055 2792 12139 3366 53713 36166 9750 3145 32070 30989 46797 31724 15757 41198 52481 49897 40557 23285 13314 7284 13800 31966 12619 19894 7700 7472 6937 38469 41798 37194 49084 1965 23409 2393 45681 51826 7626 19136 10317 39629 44072 51111 30489 28301 20075 36971 20265 41747 3062 36587 51696 5907 7018 48541 34386 17368 11146 50868 38760 6514 9649 29960 45203 37957 53838 54960 14977 6033 23677 10332 34662 24363 25085 7758 5604 49636 53561 12844 42817 35268 47094 23625 27842 54331 44596 922 8608 16440 12137 40730 28213 31424 6657 45516 22999 20253 26492 21286 7486 2410 11851 26593 28513 13544 6093 23688 25073 8792 52700 22200 37117 36624 21942 35882 36372 22828 53750 29372 19609 30955 10621 51075 22796 19664 29638 30877 48012 27092 20780 23187 48486 43523 46404 18780 34245 29027 40334 20041 7715 19718 47180 37879 42603 43162 991 42406 51495 5547 25965 38257 52861 51749 28915 36772 54343 17582 41483 30204 43934 30497 30621 22405 21873 49956 51469 14914 42284 46372 30789 3498 32657 14887 9355 24469 9187 50874 14500 903 22634 34650 7183 31868 41629 35133 7380 4567 3750 13475 52727 54781 45702 6693 11722 11971 19964 31800 10208 27654 8415 25459 19609 16323 28562 33202 46073 38343 104 45669 41044 47423 4588 8586 20477 22487 36334 13950 52970 15674 21877 17561 4941 48796 27618 43133 27695 2292 25187 50009 34752 21515 31987 46917 3391 30255 32708 30906 5072 4392 38910 37658 38499 47165 31529 35919 17511 28217 22360 5569 5250 43816 994 43142 30601 41001 17704 18099 14344 48566 12488 31957 41966 11072 21888 12638 31544 20630 7996 4545 35691 24527 21065 49954 6826 25474 28435 34595 39186 43961 2057 6901 46599 52422 21760 31123 53449 29658 33818 1702 27303 14968 28136 22995 6231 48937 33200 2518 27735 37282 48492 36377 37928 33902 52016 41629 38197 3036 20747 42354 8066 46734 50320 54482 24923 49064 23041 19676 112 11897 26403 50722 13318 31728 17313 18442 13750 22765 1369 53547 6892 10367 48066 9119 8816 41858 47495 22023 20523 5279 849 20464 47970 27802 19912 29207 44006 49448 43511 27658 12880 53166 15279 32476 8743 15275 20729 14247 35853 17041 4295 24893 36230 39652 27079 51961 10131 40782 48518 46534 36602 54335 8114 21305 37227 9507 4417 2528 48155 15793 53300 43792 41238 52148 21327 25473 1284 19417 18957 10240 34958 43090 783 36278 523 46837 39583 12960 26765 13530 5065 46439 39154 19070 49292 545 35837 54741 13600 38463 45571 2674 26774 36868 19652 34136 16063 27566 30454 34726 24654 12773 46236 35227 8776 12321 40594 32500 20536 52310 28228 47593 37171 23333 45958 26362 43197 39910 51210 41187 41592 21852 39894 51561 18221 53671 4896 26684 34345 7722 47786 1940 46582 14244 34984 40144 13750 15480 3638 23748 29216 17876 44837 26401 27199 14830 3732 49497 50221 13713 10236 30494 32986 15614 53066 43387 45449 5884 10684 51223 52499 54384 15976 4524 15930 373 46539 35412 30842 51943 29549 20632 1905 20885 8248 13706 21512 45571 19826 3380 36848 45686 5767 11463 30186 17015 20443 12020 2618 5764 12766 37318 45766 10280 23668 53589 23262 51585 34216 26006 9424 39333 5462 359 40557 10786 41603 5813 52750 11544 6647 52328 24790 15735 43706 16568 1607 6831 36004 32725 49813 48523 42487 22986 25044 53313 3185 51951 41541 29589 12845 6698 24226 10692 47923 23525 41166 40781 13188 42992 12116 33238 29615 28479 3685 49143 20828 36314 28640 4508 46013 46175 38561 37412 36966 5741 50661 48262 54809 29685 52752 46719 40174 23558 29029 42553 12108 20562 20187 5782 35545 22184 13990 15056 23034 51848 30350 25713 12827 20493 47711 35436 46068 51995 2595 23483 47638 9523 34592 31701 35121 39425 24788 35932 52688 6971 35931 14239 2275 30265 30797 48117 36707 16781 45112 43270 24059 44860 2306 27350 15812 49551 3413 38714 42909 13145 45599 23416 9130 19225 10696 16247 52761 30903 22068 3683 48006 46940 38607 29750 42628 50783 20889 17232 26885 21101 13099 44999 46722 27880 48800 16992 37638 42699 23639 51319 41777 20128 8766 247 28782 19735 42149 36579 13645 437 14902 38895 932 39591 54128 11377 50156 22030 254 16420 29245 54427 6565 40246 43504 40934 14028 54113 11269 19703 51143 37214 30337 17399 50767 40569 12681 42222 30210 32989 20149 22345 34186 38396 38977 4991 40961 153 259 39459 54621 49396 48453 44282 2816 50233 5825 15792 38272 49660 9991 35768 21162 52796 24355 20141 54359 54825 30351 10319 51179 6409 18232 18166 27831 39637 18278 36418 48321 27089 44699 33880 23699 34580 7956 18664 2954 35031 2581 7751 23352 40533 39439 39883 10317 52517 1873 4761 24539 33116 52549 8446 37880 51524 39280 43374 902 35213 52120 33478 18891 43841 34738 11538 17632 33526 2463 37545 14273 49276 42028 34765 54056 17701 26052 31686 41017 43438 2411 33275 56 11565 43528 27369 11279 54044 12047 1227 46935 17150 224 24296 49344 8278 22654 10581 13075 7327 39948 16139 18124 34106 5714 48375 15378 35194 50426 5361 20331 40081 31263 19799 38277 10571 42398 29441 53063 44083 47128 40360 39363 15919 1761 49316 42057 14793 24248 36195 53395 12242 45360 37084 42088 28064 48299 2421 22587 27847 31836 5483 53063 51749 15934 50009 4160 24199 5581 3385 53426 23886 29189 29247 41099 23979 49152 6251 13698 3747 13100 2335 16358 37245 17163 44233 764 17234 19031 21476 49747 4878 51508 4261 39019 9755 26903 37437 52067 29712 20802 44322 52592 602 50109 54273 39763 20368 8869 49713 50947 45059 26901 53595 21869 45552 7159 17785 25145 27825 2406 2429 27000 781 50083 18173 10462 24190 483 28640 40534 6275 20250 41546 53307 9231 34227 4929 46660 29182 22337 10175 23785 1269 22049 53927 32199 18330 22696 16615 46397 54817 33320 23201 18290 6771 52827 43755 41436 143 32976 52958 33848 32899 6608 28260 50773 1163 23365 20409 50165 54232 3569 32031 44903 45958 53926 34158 1766 38325 40978 42641 41719 30981 35589 23115 45754 53830 22175 27964 29065 40263 43193 32819 45722 32578 10891 46215 46575 28127 12689 31543 40315 51026 38319 54381 22606 41452 12985 10881 28917 50258 28936 37887 46709 47846 23607 47552 47660 25732 7417 14753 39440 30675 26849 21824 10734 53725 26781 18413 26941 53776 54724 54850 31856 45231 3719 22903 24187 47662 41445 53287 38264 50290 44656 15386 51620 38404 9889 32009 54387 45808 5788 32926 14770 47992 27033 29887 30543 54483 6464 47288 3722 48309 12709 17621 2051 20207 7920 25885 32713 4009 29398 19912 7817 27372 39205 36576 18535 9898 21767 28006 33274 24456 48112 5884 12807 30013 6830 18624 50334 28166 1399 36618 36807 30348 48734 42333 27171 42827 17376 14774 185 50800 11267 12263 28243 49869 10522 37728 9622 15810 21368 42232 35442 22144 22653 16409 695 23446 4721 51901 28632 30340 6033 16506 33786 40285 24290 46461 34057 9497 26228 18764 17312 36371 9567 48271 29310 33452 39340 38995 19401 50209 29459 17411 4367 10697 23384 18683 24027 4407 51673 15702 53657 33657 24068 48302 45095 32651 43402 21008 36749 8892 20177 43505 2406 54042 14437 37668 10314 33032 16781 48575 52710 23127 19653 52756 7684 10144 32388 49422 47792 32980 14487 304 25381 47251 21912 10675 9143 25279 33271 21512 36043 38282 54656 21487 47970 29605 12022 10430 48523 47502 16592 11054 47819 5183 33469 27807 52510 49546 4231 54042 53476 8212 48047 52409 4089 49492 31496 23990 20969 24674 43252 35695 4969 49884 37736 11254 6889 26496 25090 46362 53822 28806 35077 26110 34645 9872 7014 46797 42052 21194 51029 4965 16513 46314 30477 17121 32586 33946 23765 22520 8365 12536 54101 10346 23739 50215 51458 45482 26307 3156 32441 52649 4149 39416 24496 29695 5461 5045 39227 21781 14136 28920 26386 41208 43327 20598 52527 24497 23357 11991 31263 31182 10811 82 38189 23541 16568 1487 16209 4500 5934 29492 39716 2564 11017 44702 19739 22921 12541 12098 11490 38641 21601 20725 53360 40011 39673 9909 22998 39995 40577 33087 38679 52578 22129 54157 6222 50117 15828 43515 143 35010 30203 31468 54044 41879 10151 22900 4223 29147 32825 26514 53709 32899 53328 39714 27066 48918 47291 9755 7191 12199 21039 19282 922 44513 31582 17419 35128 27530 53716 4786 30192 982 40594 30493 53992 20347 16491 22736 26695 30449 9161 35487 26281 452 53736 10859 41836 2268 29453 45601 14252 6885 9692 20126 25136 16038 42193 39999 47870 10222 53987 13976 1418 25481 28749 4604 29267 45203 39987 17406 40113 47833 44437 19794 54331 54922 42754 46182 30512 14158 3459 961 3774 38809 37742 14912 31180 19072 9572 21393 34400 15256 53198 47996 895 27921 8674 52162 5294 34593 23882 33286 22933 16833 28309 43745 29257 18852 41244 1903 42750 9982 48633 45994 8201 52657 38215 23793 14751 41022 45446 38784 8457 164 27580 45944 24663 44005 11253 23212 33348 15454 15606 28319 10482 49554 23878 31859 10208 18122 23988 21867 22134 11506 23585 27752 46589 50817 44481 53037 18988 14292 8065 20129 53217 41849 19541 7112 42276 48827 42908 35778 30060 10031 30276 19172 9629 31036 1268 42149 35019 53184 14338 34436 2929 27655 25522 22413 10276 30417 18333 16892 21082 10506 40691 36973 26729 27082 9095 34224 10926 52448 36472 15031 49092 45494 15472 15663 7412 46242 26135 12480 16677 26537 17088 22197 4361 43702 26508 21393 7955 13731 54042 43174 27253 23677 21451 44760 42504 38852 37231 15684 51253 25777 43610 54489 36009 6766 8558 24731 6513 3585 38074 42348 38605 12731 8470 26274 47157 46023 29458 33639 26076 53787 7928 45789 41884 51746 37912 11994 49576 39504 33506 8111 23978 212 12930 46395 16554 25337 33545 44663 26875 18241 36099 34695 24700 17084 27550 23037 44281 22707 25733 40482 54789 49330 28250 38293 43488 1498 34511 35656 7035 31416 5571 13391 26811 45609 15248 14469 47621 17283 22298 17974 26931 2962 49093 42664 33793 27475 34193 5558 36998 11236 30048 37026 50408 35525 4927 444 42127 22909 47542 42342 26649 34425 41281 31407 31353 25219 26448 48539 13355 3502 24637 34934 2309 47176 17014 7053 39619 21044 33795 3760 27122 45009 41683 54476 20551 44628 25282 35826 49678 29248 17812 33158 20786 40795 52438 17201 658 44334 31398 12656 32745 43052 41032 2192 41149 33658 8898 22530 54619 12944 29778 37007 49507 48921 15552 30519 5637 10252 10838 19352 15852 36452 9029 53526 45317 20130 30823 43674 18509 41079 17770 7948 27901 29124 51515 27983 7092 50717 34810 18906 361 34016 25339 18644 35331 12251 6137 45271 34594 11535 51308 54923 46323 9499 18135 20381 43280 19721 18710 50079 45882 15356 35950 30330 54705 39403 18837 33834 1908 25537 39289 39331 20290 7744 8172 49152 13537 38388 43500 3204 36661 13784 45590 33005 22910 33076 37148 2460 36835 29796 32151 27382 7553 49030 53584 30276 52272 28431 44618 18813 23312 27899 37213 9370 29701 37442 28060 2518 3180 25824 50597 5285 3606 35311 34514 19473 51271 590 37865 39753 11193 13175 33185 14230 30366 31557 29027 32034 42816 40847 41164 45913 41991 455 4864 37774 2919 20864 47219 9410 724 47935 20957 49686 49747 48144 41160 10593 14046 46941 37393 10047 21642 41940 7472 1346 32150 34523 1034 50212 48227 17666 1989 50605 349 19499 11052 8171 11491 31878 54234 9566 10234 47020 15176 37565 33556 38766 1867 50166 8460 49850 39363 40433 30669 49893 32361 14561 27019 25048 41891 35186 21849 36023 18631 8947 52258 42970 50286 8607 37917 47799 49921 6723 48625 45832 18532 14765 41603 19919 11824 48282 18613 16412 22808 28471 37304 17706 52561 27 51344 52853 8374 42485 41726 53130 28219 1288 40553 17132 39496 48572 54061 13646 45058 436 36659 29223 15102 25418 36599 33901 21130 44841 12592 39329 8399 45129 51051 27468 10965 49167 9437 51416 33079 23974 44548 4040 18379 1774 27311 4735 47929 12881 15848 15674 24482 43721 39989 6206 27735 54376 38622 54 19162 31815 19486 11946 16099 54045 24544 2705 1237 54268 39520 32016 25450 41725 50610 34462 43705 2758 37915 30929 48310 35188 28107 31487 12320 21419 54660 33200 40741 9242 22037 13239 21043 47182 15518 31765 27388 51076 38293 23493 54264 36789 10557 39186 25 43026 24760 6641 20542 24549 8418 32332 9170 4598 49429 8318 46567 30536 29537 610 22579 41249 33435 3294 30162 7125 11751 21625 28899 25073 44208 36571 9042 21867 6028 20970 22768 7022 44201 52339 14514 25131 33626 17798 42851 30306 44940 13938 42494 36420 20535 34185 36134 49245 15323 31387 17770 49506 21148 45020 18772 7178 49753 26856 30461 16260 36863 6526 5968 45465 31622 28478 46659 4934 37241 32483 36163 51247 41599 28705 15224 47819 51961 34437 30281 1394 29693 25277 25331 260 24699 5813 47716 50817 44414 35800 5673 24310 37437 3194 45347 20877 29129 16734 16952 48496 669 36025 11140 6706 1887 15065 30434 21248 26447 43544 11281 4109 19898 45431 13597 40692 50623 4107 26543 30653 24731 50921 4622 50249 9144 10820 2004 33302 53185 52091 49807 48995 34433 18725 40075 5415 52328 36075 38835 54114 49861 17109 9247 52124 12174 53553 52718 8259 10203 48505 22019 25734 20385 6984 49989 32423 8902 37350 32463 49912 40584 7315 7366 48996 51693 20133 45162 43234 33011 50624 21318 40361 42748 45181 44068 21052 34737 11156 31834 30561 14375 28340 32852 45982 27508 34962 5270 1839 50240 18643 25305 49036 45711 15950 6885 23666 32400 5442 11023 33474 22479 37096 33911 5383 39753 45361 9860 16733 52575 5874 23730 54129 48223 36129 38515 20025 52938 33612 48921 34921 44843 26534 12279 3059 36151 4100 43840 20143 53248 19778 30981 42710 52069 14885 1658 39156 54444 36987 35393 48809 10096 44443 25201 53745 8004 29508 46311 53695 48491 10914 38571 25150 51170 7297 46365 9514 21969 15193 9544 15230 3859 43339 46586 34120 22254 22239 27826 5600 50706 39307 48576 48546 53174 19476 15005 50875 8959 25465 50380 22460 6526 32410 5169 39518 47249 50732 22336 18037 19604 25502 12967 23017 46343 20619 48570 46385 450 51453 17596 31943 31783 9814 39765 49139 31337 20624 14924 12970 10181 24030 7710 13309 19164 20014 9170 21215 40914 15403 6544 18356 10880 7712 38956 47444 51645 41467 28062 35949 7845 28007 42235 32279 3386 38208 12069 36359 52994 53169 25407 33481 37718 21994 11642 20193 18808 42610 52195 13981 46624 13221 47498 763 14781 32024 29901 23781 26662 22217 19525 14107 7837 18111 33540 12893 6309 34678 19942 10655 12725 1359 12245 51189 28764 41588 19504 17622 48561 574 3595 20572 25121 26905 24431 3630 30408 27535 5886 13001 14828 46732 4778 27229 37341 7444 20526 45406 34014 19278 8597 44658 11031 12378 43156 20982 48158 42756 53427 20690 24703 38751 48229 13752 33302 13163 39507 553 45069 12771 4481 13693 22761 21023 52138 14326 12690 22455 4682 47464 2098 44346 8431 17265 53436 35918 20159 41915 34844 14121 1767 42242 4587 754 22861 7155 1633 39044 16157 49124 49583 44585 960 45727 17120 14118 30807 15812 3821 4645 53267 53540 10912 45032 45885 39880 40285 24838 40499 10193 16292 38930 39549 31206 41233 45980 4918 21832 22835 24403 16334 46875 23396 26708 22972 6971 4162 19337 49982 52921 5192 43535 36359 38261 32653 23674 20476 28602 47820 36933 23018 30422 21776 18186 5951 1005 6857 46892 34190 47309 30304 1075 44928 53079 9952 10571 6654 51562 28280 4927 22114 17301 47916 29770 13611 26881 16003 9832 1312 19669 54539 29281 2239 9641 39378 30552 30744 6359 2936 29678 831 19920 17659 48017 46049 34151 1833 20540 29064 36803 31931 54436 10157 20137 46219 32387 54967 14465 27776 28977 40964 24707 9449 9317 49629 10534 24107 48893 5121 31264 12242 52709 29088 19453 29762 19561 35417 48739 38992 37652 47728 17583 3127 22613 12593 10123 8415 11093 34636 1523 26053 22882 35968 743 41812 40946 13240 26046 16799 17621 54364 52674 2085 26190 29586 35144 36998 16694 34949 41077 10061 31229 36341 40063 28913 47201 15965 25310 36516 44070 1570 23966 13248 4304 46784 35909 48193 3880 21437 30679 4511 25686 2000 16161 13093 3104 50488 21861 15146 47625 215 14093 32943 28367 5456 16555 47695 42181 6698 27778 2386 31610 33674 9575 16368 12415 41001 22541 32713 41947 31778 22507 9858 34194 54744 21159 37100 24465 44139 49895 48749 2968 23627 21207 45903 31688 7388 22147 41016 43192 20890 45711 53129 13463 11873 29583 29826 23026 44309 36589 14981 24347 39176 42529 54249 30527 2930 43362 12202 30384 50888 15674 13115 9406 2069 21252 13619 27572 3420 17983 40457 32766 24284 47245 53019 8551 1865 33091 15757 29284 54916 30479 24707 10824 17170 44148 1778 29904 39385 6490 48931 54835 14807 7873 25298 12454 7320 14168 36483 53146 54591 22003 49001 28985 41825 41879 42732 39257 52946 17880 54867 45247 7469 16603 17118 316 48854 48827 52323 11494 5484 2074 44804 800 12272 54308 46008 10146 12681 26661 52431 5429 788 48549 21149 29491 9507 52571 43012 4781 49282 39946 52617 52207 41969 42172 17024 28352 25650 40140 43517 53433 14254 12800 34064 3042 29572 53804 10523 19404 41784 50872 44593 22803 10992 29073 54876 16310 53905 14605 14570 7413 19165 37854 13906 12344 28874 25507 17382 43294 42003 19980 24071 29531 16105 31827 51816 23243 44975 27609 23090 22146 38471 43513 29762 42799 44337 6324 20454 8034 44711 26235 4218 45382 33432 29743 37513 25001 15250 52595 47899 38390 34500 54820 34560 48947 52006 46459 21896 53133 25368 8559 25815 50565 4280 44661 27359 24582 31263 51035 5004 9187 11568 45144 19477 29437 28566 51758 10441 28789 13614 667 49723 42412 36763 8367 39520 5214 42248 37166 47733 4153 31007 1711 14916 8211 41080 5235 32601 2772 54960 44717 42947 50839 8606 46701 37217 50627 35085 42035 18971 660 33480 19572 20939 7471 12175 23548 30965 6459 7648 51011 48108 23885 20273 28788 43626 39262 8556 14049 19526 15540 48528 38659 25863 4056 54094 16911 53522 37032 43282 16116 14283 1119 41724 40069 12205 53275 39593 36619 52465 25212 9166 9167 8607 21816 50108 2186 49026 50092 41315 48907 5671 6718 29093 44156 14318 28653 21291 47816 48924 29937 9147 11470 12771 2754 4666 30847 52675 4967 53283 52576 39753 27231 6092 27021 16607 20003 25957 53328 43609 48729 43805 23097 19693 9506 49316 48768 50202 42242 38633 1105 48940 23433 42596 7624 40027 1575 26590 33100 17643 28905 7646 29014 43105 37346 6612 53155 17657 25998 48689 21257 51102 47235 46813 40636 17207 39214 20572 37296 40243 53059 31817 50402 12828 2224 50851 31755 23664 49607 40439 12412 36200 14811 16167 46557 25636 11733 20985 13195 37857 3412 34507 54890 31012 48950 50230 28860 37927 38896 11786 39433 17601 17029 21135 36016 6942 30580 28370 37323 47139 12862 41540 51887 38703 42634 21424 6452 18275 8546 46254 10622 48113 6661 24064 51499 41428 54519 30294 18384 29986 37057 26411 41047 3805 7928 47950 26410 46641 43967 32439 40276 744 35045 8959 15788 27429 51693 15756 43011 6799 2378 51589 45640 17133 32478 45685 25627 910 23443 23262 48136 49085 32639 40014 51121 12504 7304 882 10046 48685 11070 45328 22889 46947 5759 18654 39043 11434 18525 20557 15930 54516 47961 52451 41057 13083 52006 33726 28901 2960 46386 47765 46524 42669 53425 10709 11238 41014 24050 33977 16876 7674 48938 12714 46459 47989 43695 54421 52377 13044 19354 2789 52840 35189 2915 8228 38520 43060 10076 15587 2706 12425 25787 23009 18753 50312 37634 20489 28315 33021 43622 38621 10352 26013 51712 28197 32887 12913 14501 44771 31574 19876 1447 50400 14267 574 7709 10288 47802 29898 41253 54324 583 10005 17342 37698 7884 52892 35785 29868 27700 11761 5192 42177 27271 41902 41228 23825 17706 44938 20160 13895 29531 36031 44241 2878 1012 8440 53468 24935 36388 6269 4581 39717 45358 52861 50732 6781 9544 30293 36193 44305 21083 47280 3266 25879 51498 47665 38669 38681 24054 45747 49917 2643 34976 17045 19203 42148 30816 35591 52146 22852 6382 26839 33054 47783 7501 39980 11980 7514 44198 39951 3956 29385 48013 33930 38294 12855 46345 34344 2517 28503 25565 33643 324 46594 25231 22549 24123 29080 32191 3994 19518 20394 48343 11839 23044 43776 10151 39503 47597 28485 20105 30378 6104 29312 47695 43686 16367 10294 45844 42385 21191 45546 19314 11055 44418 43414 25607 43523 13144 52943 12927 32141 32311 28780 47300 51407 3927 7504 29742 48272 8118 50349 3548 38693 40218 21323 44838 15795 50901 32939 16868 22694 16162 6429 20114 50914 33630 41185 29422 25547 33117 40275 52224 31992 47349 27675 31932 35175 53056 46755 14603 28997 11266 36900 18741 51862 29212 5644 25781 25935 46600 382 37902 54617 13147 25150 54802 22325 18354 45506 25780 50469 2371 34898 23615 47100 54966 47630 4330 3627 13369 43401 3530 42987 8813 15795 40505 4667 53340 9131 28241 44591 47170 2537 50395 27356 7554 54364 1361 23017 37689 2724 27196 40739 52040 48097 46068 52282 18018 5575 9158 5959 37955 22327 49577 8717 39636 1820 34516 33751 12424 40799 38591 7026 19279 41930 27368 41587 8994 12379 50584 25253 20877 30068 11473 51151 50091 4712 44386 44310 40045 28124 34146 39527 41424 29360 27124 5723 22373 17761 44205 34791 17350 53634 20342 43959 28329 54967 37073 12971 30020 50075 23453 2885 8581 25948 18563 44514 26653 49381 42819 52078 8981 41242 13080 51836 52784 36960 13590 52377 20884 40165 9681 25509 25582 41996 8326 52618 6014 18138 52488 5521 27217 18018 31433 50435 50626 39985 28272 42181 36449 34264 49686 45988 39638 13339 34572 43089 26073 32231 50361 24923 51901 13942 27280 24405 30931 41628 18563 11601 30152 5729 40663 34307 28678 39775 9429 25260 44472 31168 27577 17872 9954 39194 25998 1412 16079 34454 46567 24044 33060 3962 34695 11567 22459 15324 52234 45906 15447 30961 54120 27793 12383 18154 8383 9337 33739 14521 26072 2888 45756 49317 1036 18170 34014 50944 9672 49421 37665 47351 14608 17530 4263 22455 40886 34570 27890 9230 39143 11407 19897 51709 53714 36779 30707 26249 46556 30761 16240 46257 19767 9227 51921 9318 34866 51057 44130 28669 54916 38616 11605 20252 24321 23183 44481 26068 17945 30333 47286 48278 51686 24492 3028 44763 43702 42278 19636 47278 4586 23023 27260 54185 49464 45300 1257 13105 272 34128 10867 30304 46360 9391 34024 46747 26648 204 5950 23916 17499 18184 37861 17154 25037 6342 50762 2989 13086 8503 22964 28609 50717 20234 6281 10398 8206 10266 23517 31556 22854 24913 7608 28074 50271 4427 12010 47160 51487 10084 46877 40102 36668 2654 12770 40658 18573 51530 51253 11765 40981 24775 14459 22430 46220 23455 33160 3954 42370 4387 40943 27234 4906 16021 756 47858 1657 22861 48441 43891 38839 7763 22280 9661 42296 54423 54127 34399 4480 47403 43028 6389 36735 19474 29360 34648 8112 27525 27917 48519 6410 11760 48505 47908 10421 16053 11347 34057 48324 123 54362 36064 234 5872 6728 13843 8427 16869 6499 315 12894 50585 46256 39907 14518 54975 14032 22286 33925 16126 21383 18764 16935 1493 53026 35422 431 38636 23719 6783 1377 43638 49560 41471 10514 45694 18205 48708 35931 44034 14939 43278 49545 22891 30487 24685 34641 5869 20813 35256 16771 22074 25185 4321 10470 4268 32131 50603 29008 25535 17232 46417 30352 7528 9659 43637 10114 44027 3849 31494 51300 39734 11495 33449 54332 5791 49178 13413 38500 41630 47222 42537 41246 54655 40279 816 18388 40742 20657 23098 48731 20783 16576 28868 52918 52403 21691 10464 7905 3885 18410 32900 8890 48354 16600 27028 41471 3640 50776 29830 54409 32354 12672 10154 6555 43651 1689 10566 10119 33154 49494 12143 1667 3119 21481 30315 22586 7021 35537 3557 14131 16795 31687 40124 22879 28338 5093 21898 27552 23353 29619 12193 25477 22823 29440 8037 46256 17069 44840 2599 40894 5035 2970 27782 40733 40715 28710 42827 17926 17698 20179 52743 19923 28433 43713 17052 23958 51985 28033 31612 35694 13508 22973 3537 14221 16094 42599 54522 4725 40886 43665 45914 41956 51825 28744 36137 8502 32172 8984 711 39789 14983 25264 50570 48291 48886 6369 41089 42313 44670 20001 24704 2189 46633 33408 52340 49108 33188 45247 54688 42825 5066 12625 33741 38118 21559 13517 42536 17431 8795 3619 22480 1159 35255 21099 11032 47564 48733 44669 8109 31848 10625 2724 30806 54590 47122 17381 5319 6738 41770 37799 42280 17929 51766 39877 38375 9300 40586 42293 29866 35518 16119 36030 10617 8153 10153 36087 33331 12396 36414 32230 13336 42035 47007 50989 4216 7831 29695 41401 4528 44933 32011 40847 25856 37108 17263 35397 2778 49687 39106 1598 35465 709 25917 40957 43768 29894 53170 83 31391 31154 39164 41037 27914 20384 36521 2923 33389 3533 29066 41145 5590 30054 30649 39069 49397 28332 21953 22445 53649 42099 24740 15004 44618 20181 34143 51935 46005 50086 54779 40641 41554 38336 11151 15385 33907 18778 46782 32896 25287 19398 21076 8886 1312 51711 39538 18436 2640 4633 21000 264 25869 6083 3942 49126 38461 53726 52226 46793 45818 11622 32491 54974 31317 50106 41469 33073 36571 22523 35279 14689 46151 22781 16235 10622 19703 17595 17804 28303 2863 32148 23499 5765 41452 4880 43375 21193 7143 20280 4722 12597 52905 21013 50177 13629 28307 23918 30680 1951 8847 34548 3957 2041 28493 16258 40218 43486 53276 14808 39757 4148 15627 22594 46499 42075 46589 7425 27099 38831 12643 10272 49268 35606 9145 3220 2993 3531 22083 8065 4906 44974 9547 48716 40415 14868 30769 37463 19523 10358 34432 47041 18105 31655 23572 13999 6937 42138 42233 1650 12421 28852 17281 25421 6648 5432 8864 29349 28798 7005 38255 42504 12312 7223 16896 54700 47818 33997 23685 40240 53210 37990 43375 46947 39338 37070 7507 28621 38436 3291 24699 33488 29702 35280 24979 29866 42665 13693 27898 15206 5294 54746 36968 49926 31245 33882 30953 11372 52554 17561 53943 16051 387 53300 11352 17899 41537 25051 28067 54815 14076 34049 5802 13711 50561 12746 43055 18700 52764 11850 34621 16531 17397 32585 29346 21443 1564 36973 3301 38024 38785 23906 40475 36863 3376 44885 45514 26089 5273 28338 32711 28445 15478 52782 50364 37878 33620 24738 19162 27635 30895 16609 27436 25355 33318 45267 54866 29792 34382 19292 11424 1181 41732 49527 33096 30178 29524 30930 22200 39728 1405 52688 53287 24075 31233 45710 14847 54803 50084 42085 36623 12896 54875 38062 343 19274 52954 20609 49759 53117 34060 7344 40297 19401 54905 10627 35234 34126 53502 46201 2826 13039 25773 23321 54633 19341 34030 31486 34088 7362 44000 51714 38738 7911 51633 17198 33674 34054 28166 7554 4411 9123 11912 26405 54265 39883 10209 19904 43847 5235 51736 20012 1418 15338 48552 31835 38335 26057 18436 47507 14864 21449 49654 39061 38183 27796 32520 49598 27509 13546 7987 39306 15478 1777 31156 38177 51198 22871 13929 34773 31493 39085 23553 7577 50031 28229 23876 53320 51363 17871 3028 37939 31787 33879 27070 14490 8819 26185 12309 7746 3556 32372 3656 13044 43684 11484 30413 8990 15790 49618 45066 5157 27636 46457 30879 26110 42314 24298 49308 34278 39581 22162 54855 32278 23231 11393 44430 2717 33478 52740 5150 46134 10081 39932 44506 21428 41144 7341 30346 53900 18254 28278 37558 27062 14465 36050 24255 28211 24541 29111 7838 24075 50882 40911 33401 12600 26623 22048 12633 33501 32904 44706 28766 9391 48876 52990 38548 40698 21530 26685 51440 51242 26643 2694 19331 33961 9564 28724 9292 35434 7620 4211 39089 34664 11305 30685 26736 45032 12868 31482 30704 23770 43657 41157 54891 6467 18571 14068 37486 10478 2648 28866 45997 48607 8316 5234 8786 8300 46585 20223 54982 44734 43379 10667 47530 54356 43693 6332 3081 40141 10238 31888 15316 52821 50435 28553 30612 53929 29434 38344 23088 22406 50807 8336 45954 66 973 29893 11516 20391 50780 10291 47157 36651 41197 25086 27938 44275 4744 7438 53488 3189 44061 39034 17042 24862 52777 32725 30471 21395 5920 35432 53073 34546 51446 2737 3739 2747 38674 40080 15995 21025 15278 43248 51173 24140 19910 40915 32734 7703 43670 3284 49216 1410 45514 54729 10578 51769 16735 48720 52046 5707 46749 40121 335 50756 54426 19023 45149 20109 9921 18634 30062 8236 53829 3398 45828 46720 49037 24333 51969 262 49399 34669 34942 10447 6890 17982 35631 12584 17612 39282 44080 23489 42691 42661 27083 21515 12695 43405 33802 41577 10756 34691 37262 15203 42193 51976 925 35548 19944 14783 37533 15060 30609 35124 13903 42109 19444 119 38946 33640 408 13508 19715 4834 25247 41850 11609 5825 43133 26774 16215 27894 51007 10478 14981 23757 54664 51585 14364 38144 2494 53823 21794 33635 52876 20906 52620 52786 13234 17962 21980 32510 44705 49409 24256 32083 47381 25913 33447 18574 49472 48665 2459 45807 10781 47346 8143 45481 43096 30902 11077 11960 7737 41957 40452 16144 52290 7061 13842 39329 40572 4906 15817 29333 15704 52183 46293 1050 42823 15583 14334 16790 5719 49531 20119 1329 10175 15521 44270 33683 48779 13498 10178 34729 34511 51873 18649 38561 30252 50375 20269 42115 11886 29811 37518 50951 27015 38724 21514 52961 8960 51937 17837 2769 52479 5845 1449 38641 13588 37636 10653 38341 36271 32976 47148 2145 52031 24157 30688 10972 41864 21865 30327 44998 23209 51940 16233 7603 23702 26769 41946 45011 50169 19825 50164 45536 42150 36873 42849 11719 24920 42049 16811 9626 34366 23941 9160 38697 7603 21117 4106 15676 38392 39918 35470 44959 44049 9987 26097 15779 40939 48535 53902 50778 9937 31588 7552 5910 51521 26242 4181 45375 23993 24300 27940 486 3452 39267 49306 675 19617 13372 21969 13823 31035 13807 12206 21434 34752 35499 19374 4972 27996 19062 42352 9678 12428 24361 13239 16547 2207 53403 43362 16509 6318 26887 7028 44959 24148 46996 43806 32306 34884 33795 19958 49 42101 12726 8238 21018 35866 47900 17392 46362 29702 29287 15112 24863 12898 21041 48196 11662 10278 5335 36793 5757 48105 40358 10395 18376 51561 19539 12629 50354 29640 3757 31750 54959 43040 7000 30834 9840 22304 20809 28029 9633 11650 50979 25415 24075 1665 26374 39281 51279 40825 9659 7887 48909 38332 51198 36687 22346 45106 39481 24238 10343 28854 37444 6659 41913 23055 7368 27993 40572 12810 43972 35529 50910 28179 12406 43149 1183 7953 23540 35373 44980 1600 30536 179 8132 15361 34134 12258 51325 31282 46179 4768 1611 41275 24895 46810 3212 13027 40194 36228 52223 1735 43077 13097 7606 16342 53723 43058 37294 38688 50452 7360 4997 13142 2907 52088 22238 17702 52698 9084 42652 41341 6243 27742 54132 42015 17720 5663 15271 44254 9734 52396 26677 6781 1201 22569 8335 37490 18740 40892 19138 5180 54606 24481 52129 25579 54128 46945 2910 6192 20911 54530 1798 1970 50098 45370 29216 8983 34359 23455 44924 53342 46639 23564 14179 24418 22829 5229 44542 43662 35387 33434 982 16605 49655 17716 26731 9800 47328 1120 53481 25911 25121 14619 48885 44011 11187 27542 53743 8898 30250 52726 15790 23860 27966 12811 34107 52244 46264 2700 23015 38968 32988 15759 45163 37377 2814 37235 9494 6597 32023 32387 28124 47083 17205 50904 43416 34553 20798 37352 15442 47090 18022 53410 46244 48007 48255 4482 15540 20261 30179 16283 48514 4232 47477 36856 45302 35055 11740 39849 54878 13705 7519 34286 6204 2782 44638 38332 22731 25339 30682 15855 44012 44217 36379 38044 44381 34666 42705 21392 54758 12728 3151 41211 26736 32294 4929 53649 22960 44536 53557 31915 11057 34467 10206 8894 52291 1804 35911 42316 2746 14192 42289 7318 5039 34794 23943 10464 51019 32117 43814 12093 26051 2328 1919 1530 47439 38046 25841 23373 47522 12268 35152 19644 14971 9863 9941 44802 34225 32548 42829 41583 28753 22253 49391 16094 53280 32276 52830 22611 30925 54997 25543 33263 7396 4922 50593 21095 23393 36174 12533 12603 29099 21954 12855 14413 4646 3189 52201 25873 44984 31308 19962 42656 19271 11080 11472 7334 24215 52914 195 52165 20779 37079 9 52500 21809 17494 19430 6024 20970 2955 19856 28455 2509 28513 15679 24307 46542 11626 26921 42006 242 10151 12105 35243 20467 11505 28904 45551 31447 33246 28474 3247 24004 9215 11350 15313 11457 927 26234 22353 45106 24433 16836 52631 17185 21114 13741 37962 1096 16856 38445 13846 13633 34549 38186 2143 33345 3120 34971 30833 1902 8660 31546 43960 31944 25577 27793 21024 21486 35050 47199 16114 49612 2552 40714 27708 27226 15117 37512 3829 12779 43968 53042 46406 5102 27624 53943 7551 17704 46245 5321 53195 19054 37982 40693 25099 12147 4861 39130 1373 33696 33941 49841 37046 5412 45797 47601 17272 27629 50043 43950 41215 24969 13093 40873 31297 5762 18939 14544 17316 2649 21641 11358 39388 32110 49779 26443 24346 31941 40617 1009 31678 5429 24251 2009 24533 39410 47856 34884 26285 32851 20436 19345 14868 17990 17994 37094 14158 52788 9847 3069 32406 31501 41502 33615 16209 4196 51754 8380 45410 40454 20933 25642 36814 13187 20433 5669 28560 32516 31734 930 42820 54463 37485 54242 52179 18842 4317 8529 13130 3970 16562 9590 6811 39610 6750 28509 13878 926 12831 5662 19718 18277 32272 10476 14277 8775 50879 17223 35985 21140 32292 6415 37864 11247 18822 29569 51651 54358 45694 4312 21710 25092 8765 21737 32521 53318 39774 38225 41803 19495 18687 27225 15098 16548 45726 6512 14078 54716 24213 24288 24814 14985 43385 25680 41709 38889 12708 32517 42232 54110 40508 23232 4866 25128 40126 31406 8155 53470 25433 42202 23897 20387 4381 2627 38604 21510 33420 31735 50014 29573 27653 43463 3942 43242 24500 47805 597 46290 26439 47688 50587 11004 43540 14600 26411 16443 32604 38688 10467 54662 31044 2289 15033 48144 18463 32862 26293 49148 39058 18885 39566 21147 36390 29117 36982 27281 191 15882 26046 13885 44619 12919 27554 20683 14243 39186 18320 7875 19633 41723 19479 32498 32043 2358 42856 27951 37229 16900 24276 33737 39984 47855 7438 2690 52464 8416 6266 25029 49118 49426 51321 4378 830 40399 6513 27120 42308 37415 1858 53622 13328 10500 52673 38357 45217 34160 10309 27936 12514 52221 30770 39015 20214 2481 36610 50429 6982 46240 1096 48518 4878 7714 4194 49168 25820 43938 22469 29542 51734 39999 4954 32374 52282 54851 16335 41638 50207 47429 42455 50952 32751 27766 18111 418 30361 743 42152 15281 8916 11917 36471 42209 17420 36147 4020 19466 50228 23799 6960 43265 26947 37325 31993 14754 5197 23118 39465 10874 19939 38964 38084 13480 9494 42713 51845 50743 25748 50728 9745 34407 35172 31739 21313 28870 872 51845 34003 39002 28282 47 7108 32303 27393 44986 27189 52422 25583 24856 6138 19874 16997 28858 44280 187 344 37441 35864 48031 43271 36613 34022 18866 13950 16796 22460 46196 49002 41677 30588 46372 37645 14790 6344 43819 42851 13516 49319 35196 42042 10151 5976 24153 36339 52495 41076 30651 53463 18155 1814 24983 27383 45215 24100 52534 14828 15368 29059 48663 37248 6124 22495 2297 19911 50380 13739 39690 21376 24752 39533 47274 52443 19599 52739 28936 19363 19866 28743 16906 31731 22293 10623 47748 1276 20436 14749 1919 6913 44135 2572 44135 47129 48919 40499 11332 30646 1640 31366 37066 51833 49840 18228 20916 31263 43955 48611 33724 3153 54330 26820 42364 25697 17483 35542 50660 43792 31258 53354 44221 37813 26008 35459 35846 13772 11565 15875 12644 36448 23593 25120 51932 3442 13222 20277 20175 45648 50182 36930 33481 42092 24552 505 42054 28582 44114 53954 901 4927 40728 19510 36813 30350 3746 24761 44232 18964 44235 47335 54151 44069 26545 4757 1334 19719 50874 28311 35237 16815 27016 11388 14620 36775 15395 29726 46023 27691 50831 45389 36843 8979 9243 6984 31429 35988 13963 30534 48773 7706 29982 43413 10825 6979 38766 41013 47748 265 24235 53953 23218 48313 30435 26700 31685 31822 5091 17697 22105 18330 52128 48221 13282 12353 20202 12996 43313 40946 34136 18823 13120 18834 16432 35367 49663 31596 22588 27524 48562 37631 50789 81 7954 5074 49121 22626 35115 2490 1033 41670 12390 27611 50916 6957 6599 51807 28409 26073 41977 5431 47670 1055 23307 54519 1832 24641 5857 50146 25147 36529 5926 44358 3858 37979 1370 25031 37443 25736 280 12053 44651 3003 28982 31601 52066 46235 14330 25229 12712 4358 35574 50644 6166 20210 49637 41393 26413 51020 39003 37144 46934 23285 42354 50685 28324 32316 21223 16341 47446 52555 2445 24196 31239 11856 13635 54925 34539 34272 8254 44301 5577 12867 205 28267 26283 44926 52948 46469 3426 13545 3297 41073 28606 48263 18720 16254 12623 4116 44432 45057 47198 19780 14002 22886 22492 25403 8696 20258 38902 12030 34778 27422 21358 46112 40127 42359 9287 48946 43811 2554 52814 27282 14774 30790 18725 17343 31161 41044 10267 3278 54631 5781 340 37052 48515 98 15054 20021 3251 35887 41325 13867 11132 32822 31950 25128 49681 5432 8464 10174 15095 45281 49703 38378 38816 1075 44562 15686 22754 37664 23446 10119 49892 45447 30086 25370 15974 47429 48600 44846 36785 10466 5322 8506 15670 15868 41818 46627 11376 50188 17176 42337 21412 44364 44351 20392 30086 3068 20490 11294 47942 46270 613 37904 8518 24791 53066 35495 12234 30571 17753 30857 8900 43567 11383 50612 27824 27123 51178 37807 39398 5579 51064 36121 23005 37032 32975 17825 10214 14417 15918 9918 47990 30762 7056 53018 6637 41545 1808 285 3632 10459 8860 9790 40543 15805 30003 31662 41114 51888 11219 5208 49848 49698 18857 39095 30036 52668 46088 30621 38833 29921 37703 39594 49683 45559 39883 683 9026 7057 52600 31328 4636 31007 42069 28655 42874 49814 29162 38769 6775 3242 43050 4257 5993 39499 4742 4410 21370 33266 40216 32715 53559 15661 779 5452 42970 7410 44175 2486 51258 38484 47722 13378 42651 30952 43150 25655 17888 26895 24837 6726 11393 21676 14780 622 53022 44 34342 40219 34714 41086 38276 29207 18906 21197 6030 15540 45647 30836 23953 8388 47842 39176 3695 30050 50548 23005 25569 47935 17660 26430 42479 39387 12498 19398 38706 32685 11338 10416 11038 53460 27563 13217 34355 14956 1896 54409 54494 18429 15101 48627 27988 18275 19329 45835 860 13920 6746 43432 30079 23299 39807 38188 39917 21361 28350 49181 33472 30530 42205 52686 38650 11438 43738 19218 45050 10357 21368 42251 51541 36365 35645 36411 23413 9243 4193 48419 44802 45955 49816 25290 33781 335 14526 4243 40697 32636 40087 14407 49643 54277 8156 30559 53441 5655 11065 18120 43403 10027 40693 27220 30438 50092 3668 13508 28651 47509 11406 52823 2410 37877 29134 19816 27966 15603 5361 32493 43022 45010 39408 33964 16730 8168 50773 35771 42018 3963 16311 28603 5186 26191 12087 9566 2393 2400 27090 38903 50445 15683 42989 26708 31202 21114 32998 21310 47264 22127 47097 5454 9834 33770 40740 6754 28770 16925 29341 25517 16463 13547 2984 29349 51189 33807 49631 16946 6684 19563 13958 41600 24160 50547 7108 15756 46769 37473 2777 28486 20337 35421 20940 34613 3241 44881 22305 9524 9823 20822 46598 20326 18278 11245 22480 31763 53609 31956 10230 10291 26401 15937 20577 21111 13680 38994 3560 26646 11813 15207 26648 4472 22660 19637 32278 38843 21848 33076 7253 10933 29385 42965 48997 38503 27290 53518 453 46277 22834 30121 38654 50942 33971 35769 36886 21329 12127 28353 13576 1071 20789 22105 4191 14386 48270 25660 19629 5956 45626 33803 24451 7567 16649 50887 47877 5984 22263 51800 25388 27031 19508 44255 19455 25119 36252 49250 9523 23168 35642 7467 23714 33069 22633 8395 16105 54780 4072 22868 7892 7097 28755 19857 10493 44972 38801 8415 25007 11512 201 50870 43357 4138 15939 33998 10638 40792 50975 24929 43499 16032 17767 14584 51018 47206 1489 5083 24932 42945 49081 10234 52551 6577 15811 15436 38169 41290 14641 43928 38531 1628 32611 50029 39764 47415 31688 22329 21724 27797 2768 20162 35734 42416 39547 4171 48465 39695 7685 44072 19964 22743 23227 52939 42447 32514 40825 46603 49527 38604 16347 31329 33951 19269 52773 27007 32686 8386 47764 17778 15857 13608 42284 569 24957 15538 22508 44489 21785 46726 16784 50017 14735 46703 4686 8989 43913 19565 36009 40705 17436 40244 14243 45762 46974 4507 47334 16972 2243 34515 37748 39431 51874 27575 28360 12265 8062 19979 2113 31561 7665 36544 437 6144 25428 31196 2608 4432 21586 8300 37066 3790 6086 41848 38456 2370 28683 21801 34225 50196 12934 54616 10649 44228 10460 5913 15010 32701 42487 4005 508 21728 54084 43966 18194 21829 47514 21843 13058 39644 22870 41086 21916 19859 28451 8075 4449 19704 35840 37871 2580 8767 44761 34572 12787 29385 10489 51842 7096 40512 13635 24985 35341 13105 34581 35586 17983 22467 36350 16785 36601 21948 20850 16005 43334 20568 29939 54824 41194 34562 23412 19874 4862 24227 27010 8274 15229 12137 21540 45612 23935 25959 54071 12197 20292 3032 15614 35607 17089 45816 19586 29068 3405 31575 25685 16692 25957 35517 38656 45321 7063 14958 17502 23010 52098 20873 21048 4235 39573 51763 6428 8655 36734 37560 44284 21643 53766 13773 20709 43122 16682 15782 14529 29361 44288 114 50805 45672 50062 51526 29942 8621 27843 24657 30735 45863 15239 970 48779 36643 5084 28640 31426 54661 25030 7906 48106 3081 21242 12533 53383 28424 45429 6322 52332 6539 27295 42311 8220 792 12233 32637 13536 47951 27597 38890 48083 34081 2883 45715 3830 53081 12021 11794 45095 24869 35315 41256 27327 33791 47278 10308 25076 42616 54591 36429 52378 29661 8217 34304 38442 1775 20073 29755 48694 39687 38436 17195 14179 24424 32875 15571 21755 30890 16767 7467 22262 44389 32835 25867 33360 24762 48930 25033 38433 7263 46508 41250 9122 6799 35711 23722 42363 21971 13306 12011 11029 52397 12440 3093 8067 25470 47809 847 47164 26352 24503 23433 52865 22529 17436 9301 2719 30613 20837 46524 29703 20681 14416 45469 24292 17951 51985 2220 24341 38029 7743 14407 30874 640 47509 36884 54975 30791 39983 43785 35720 52265 22643 45952 1841 29328 25517 9018 31172 23768 47022 18282 10041 41218 36162 36863 31188 9522 3997 54110 17859 6721 21294 37810 14635 20106 25850 46086 28980 20312 30273 54378 45684 833 29254 28785 45291 163 18372 21904 13534 44100 47518 31038 7012 18767 11481 20685 3803 42201 54995 1859 16655 43067 40428 50988 5529 54593 32787 41315 4485 53830 49983 54049 1482 43657 8408 4377 46292 34136 3426 38422 33589 42477 36938 2711 46370 8656 9051 3831 24473 45368 34944 34172 39916 33886 34760 8822 47093 15319 37382 27000 2811 32593 33395 16364 12384 24202 44891 47605 14754 31707 9887 54152 17490 27038 6655 41585 27837 6489 5417 47188 19058 21562 9017 5855 12718 368 17136 46472 51680 29627 52856 9445 31674 28185 16173 31496 24282 42765 17917 4136 52188 47967 35043 13818 43397 339 50493 25343 16702 9110 25189 11649 34412 32947 23251 49163 11982 6136 21139 44159 10710 31825 18530 33805 38472 20962 53543 17054 35587 29071 22886 38988 16009 30759 16598 9013 36215 306 10361 50393 54102 39056 26432 44062 33794 24018 40314 43750 13478 35800 26038 8200 3755 8332 42996 23959 6780 5390 49725 31253 15442 3518 3193 18962 24241 50336 14527 53403 10476 15754 3575 48982 566 3247 42264 45755 41898 27890 7453 17771 19882 49667 13766 40915 2731 16131 20532 51805 26167 8327 27478 29744 47616 36661 47515 39734 7948 51457 28449 6503 1994 51280 35074 26399 42489 16553 47616 53260 20194 43462 21797 1660 633 31848 21326 26473 35490 10299 27290 45434 31538 13672 31867 33205 18949 20150 47826 13306 20716 5589 3935 20482 48419 32338 36812 45277 53944 8371 21697 1629 39342 18146 36958 31148 3420 41796 42910 43264 4851 14044 41351 24797 1645 28559 23070 44771 13613 10094 29389 14474 21042 21828 15881 25755 16376 19698 25846 53317 6060 4672 40374 31507 44845 43604 10484 34467 4780 53302 23956 54115 5188 39568 16753 39785 36295 1680 16486 5530 26663 37374 43680 18438 13680 50096 20959 43853 6096 1136 20823 30814 40901 17651 13333 42499 19799 49012 46780 25506 9455 7191 17094 23043 40988 28510 23998 33765 20318 47275 34784 11095 2516 22128 5985 50630 9138 26371 25286 46991 50098 52406 19006 3043 22217 47084 33870 35188 21230 42202 49782 15477 6141 46351 14137 31782 43242 51691 30689 16020 6669 33341 54114 18038 3871 47331 40046 12706 47146 2080 52506 1176 46884 24761 10371 41715 17397 34441 18974 30363 24776 33311 30652 36761 4033 51464 52016 1738 15997 28066 2842 31904 28865 22745 16910 27192 51156 20028 18600 45875 16867 11515 19080 45742 53245 15250 30446 11527 28578 25553 22200 51901 49940 3177 26935 51127 52080 35718 9432 40112 42975 54139 35536 4011 19093 16726 46716 26081 14637 44946 30505 18411 23955 20781 24517 50616 45604 2964 26204 26033 49753 36997 37740 22851 53746 46829 52854 30910 53539 28354 41435 33122 34480 36988 26165 24468 19465 21577 34603 37765 25485 7759 16730 53889 10981 44504 42805 46399 17286 1112 38145 34844 10137 25495 1130 17138 50372 32386 4710 15938 32476 41343 51301 10143 44695 5504 7830 39720 23928 11042 15709 5659 37866 24720 41994 39610 50299 9326 8089 19562 9773 13340 42466 11677 48396 7363 39901 23462 17802 6494 27525 54680 15676 23890 14894 556 51413 51272 53182 43720 21553 35342 27925 53240 15422 15877 51309 42087 45335 18770 2868 14863 4437 15550 20385 36890 12207 48444 28416 26986 12699 28865 11320 22607 34415 17173 54550 53377 27037 47324 8580 21892 27840 32827 49301 45708 24367 1707 35408 24502 31367 30939 11182 52963 851 41314 35862 33613 20404 41761 8616 37769 20608 44225 20803 41233 37382 3889 26698 10978 5119 19528 19050 34647 10836 41199 13152 2267 29717 5783 24216 47981 715 51659 15643 32534 15244 35763 17427 5638 50916 39036 48164 15060 41526 17970 47480 25418 53868 30883 21891 46752 31531 8170 17484 13471 53727 28859 11451 4549 42485 9030 43361 43128 48428 2609 38210 19477 14918 2490 46102 52586 20736 19854 25564 6741 5778 47699 4238 25926 39422 35775 31664 29030 26444 44722 20646 39842 47280 21131 50580 33814 17768 20614 26251 47995 46117 37634 2640 34371 52162 48243 39201 11992 8515 2713 21723 1744 27180 40994 2461 27298 39586 2399 32578 30326 31774 3446 52516 31139 54999 27256 34202 6646 19435 47996 25917 15862 22553 49957 24087 18477 12085 21367 2463 48744 42106 3988 3893 36670 16041 11111 8599 20186 8516 54169 8032 18644 50190 19709 1736 33983 4631 38301 25333 32652 42743 930 8629 45052 12545 26540 22616 4746 51554 46992 21691 2163 52211 20604 50001 36585 39464 21026 34257 45708 53973 31982 35180 22301 49620 12614 41873 27053 40539 34933 3925 51153 36234 41355 19521 49983 47183 12282 50831 38963 48530 18088 48782 39118 13723 49747 9897 28214 31994 13041 34954 20656 10539 19437 18002 49226 32775 52932 40692 2906 32465 24275 48215 14214 20593 30213 28605 27255 49918 32390 5207 34213 53262 45038 3260 39652 40282 12727 22762 14977 27729 20642 24530 2281 4933 8048 4079 49894 39589 4717 29789 31344 41661 51032 22154 45085 53967 3385 25913 9891 23643 2540 35183 54412 29409 19433 14552 12718 10697 3426 45273 3726 20227 29192 38017 10023 49302 15684 17072 42502 3087 604 17859 45713 35173 26783 34421 32089 30992 3742 54153 11601 29645 36970 40031 1363 38168 44258 7547 3031 13750 18138 41139 49385 3242 10561 29711 3476 25331 20727 10548 24834 48469 3142 42224 39722 48217 3896 46723 18396 49127 41230 137 51508 7749 16143 45905 7110 43032 37253 23504 20507 31143 27300 13408 30364 8269 17141 1420 7689 46900 49975 9434 18580 45139 40107 5915 49951 13542 54176 31051 24285 52310 10091 48455 18346 46553 25146 42049 13128 53006 46685 10630 23446 51895 42990 597 52766 12160 28261 4305 41163 14409 26556 6197 17612 49283 18065 30120 49138 41875 6503 1196 10428 29972 39083 23743 36057 39400 4450 33350 17217 52804 9961 6333 31857 4966 14227 22100 41894 42132 51216 12541 19821 10475 36044 579 13414 44508 41871 539 10003 15521 23964 11952 11354 43786 50629 18315 9478 19322 41749 49027 17041 19902 11796 50804 2462 29353 3322 2097 27862 30993 53009 43194 50581 10828 48198 34803 46572 17639 44223 11156 30358 43603 2087 28486 41547 28406 38913 7150 40942 29581 29376 52199 42663 21515 17712 52227 22986 49578 4164 25201 14093 1801 11228 47389 29646 24133 20387 30924 50472 32021 50256 32677 39541 36965 23553 41118 53423 19750 53165 18358 28646 7035 45425 51393 34535 35093 35778 27931 33708 1552 37450 52988 7095 38982 18409 517 25605 35717 29876 26240 22237 47678 49088 28562 6706 15299 66 14953 53721 43670 11066 46111 40676 8348 38846 13731 24314 16956 12733 44932 27766 53299 46872 22070 4848 31169 18598 37111 32164 1041 6552 11297 1808 48059 1390 7771 53414 54642 34582 50197 9059 13937 18001 54807 21400 2661 41638 6829 17567 48212 51132 41916 1504 2243 33730 42983 32630 17984 33394 31165 42062 41977 18090 39850 27785 46532 52923 32805 7793 40919 51243 39850 39511 34198 29816 22962 22842 39654 15980 26975 45111 1437 1872 21023 38286 12799 8386 5464 49347 24430 54064 47557 14223 8962 11255 7711 38049 29848 939 333 36256 573 14979 6576 28529 33103 13902 36361 24899 31378 32865 44798 4889 19723 13073 1423 29863 523 39645 1946 29711 8099 47135 40646 33191 29120 13447 2490 42843 53868 6791 12105 42145 46965 50681 27092 21287 48514 26041 32295 14067 51353 36866 37813 44011 17415 50569 8096 33695 44773 19960 44203 26423 14024 43360 24815 20057 47730 1046 27764 33120 17024 36729 30625 16292 24758 49923 3022 47325 52298 2679 26490 18268 43472 15458 49022 7832 49823 52347 54396 42559 16857 9684 37551 10539 21130 14393 20231 28583 50355 54938 21954 45215 28438 34693 54643 7729 36973 17104 34599 29625 52633 4935 12379 19024 30766 37153 19595 48168 7320 52407 19376 43679 366 7846 5708 37422 3057 36608 48464 6606 11430 4339 5676 34522 29760 39155 48135 52418 11992 33969 32623 34395 40992 21610 43696 31361 19243 31887 701 40872 25635 28318 45860 20693 10507 40423 39459 10237 40739 28101 852 15672 33903 13714 4831 28032 5667 11751 23486 33600 43791 10650 25426 49408 12570 1029 13874 53085 44594 24960 18233 29470 21059 16137 12462 29957 49061 7337 27453 4945 54707 10625 27093 1220 48575 6339 52595 32703 2045 34842 48526 11911 40945 51277 15035 40556 38770 33505 50826 43524 34857 40521 24717 17396 49365 35359 54595 27680 48025 47226 51638 19372 10689 44204 45280 53 36021 41819 34495 12852 3012 19050 39900 32847 50116 941 24124 42484 20453 16578 14676 38831 40237 49156 16757 12044 47752 44900 8728 44262 17153 37853 26464 751 22258 32103 20032 44544 11605 40667 24583 36278 2126 51197 26977 12324 6657 52907 42615 7930 53227 21996 27241 39310 24797 46475 3578 54396 17072 43985 5450 14018 1878 48605 30597 45425 50529 36057 22628 736 54444 2113 9880 48672 49351 14085 32685 41286 10922 340 52702 25739 32187 30230 42730 458 31784 49036 18608 2185 50051 23777 21861 9864 
