// periodic
// number of jobs
1
// pi
30
// Cycle
100
// aperiodic
// number of jobs
10000
// pi
54 30 20 28 80 90 26 11 96 119 67 125 125 64 87 50 2 61 86 110 128 105 78 46 70 134 117 98 103 118 130 37 95 130 80 19 104 62 63 60 8 129 31 110 2 136 138 74 71 129 24 69 66 134 107 112 94 127 50 68 73 71 35 2 131 20 68 76 53 38 26 125 57 92 19 89 22 7 65 49 118 11 34 79 102 51 82 75 5 118 23 22 39 66 41 16 44 106 100 17 99 105 4 103 19 25 3 110 40 25 128 41 11 118 139 74 39 22 16 71 58 124 22 116 99 47 108 91 97 83 52 124 13 135 131 128 108 136 87 71 75 139 104 84 113 28 89 37 121 133 90 101 12 135 97 24 60 51 85 42 75 19 15 110 48 38 28 49 21 110 5 102 77 111 51 78 91 73 126 22 32 5 70 125 35 88 98 130 50 55 1 80 9 85 138 29 9 131 120 109 138 67 50 75 83 67 107 27 115 121 107 3 5 58 20 33 74 108 10 19 97 46 93 115 82 24 56 129 70 31 9 94 15 90 85 134 114 64 122 98 43 83 24 29 6 28 102 26 42 97 29 33 101 12 86 130 80 110 57 91 83 57 14 109 132 54 81 4 59 116 70 112 100 27 113 48 54 23 85 46 79 94 139 105 91 94 32 93 15 34 47 75 122 121 52 12 101 119 133 22 74 71 139 22 121 49 36 3 112 132 29 17 18 71 59 90 116 98 63 123 65 137 89 38 29 59 80 105 5 96 119 139 14 105 79 72 89 50 108 39 21 54 65 83 8 86 23 30 65 1 131 118 61 7 8 43 89 70 39 44 32 61 113 130 134 121 47 9 95 125 86 130 69 19 50 56 127 119 73 50 62 22 133 97 61 69 53 27 77 49 134 21 83 9 134 103 91 122 88 74 68 4 93 8 99 50 30 103 74 7 122 99 72 99 49 139 117 62 93 103 57 11 64 26 118 64 42 108 32 119 74 14 98 104 134 58 51 45 90 7 9 139 97 24 74 79 5 48 47 83 119 87 16 72 137 23 38 28 66 81 17 110 31 100 61 101 108 65 30 6 9 127 128 4 85 56 99 89 75 89 38 120 80 111 65 6 41 36 120 134 135 131 52 49 114 28 102 39 28 30 74 39 138 21 2 107 53 117 5 36 4 100 51 138 40 87 137 30 130 103 22 120 116 59 106 31 101 57 95 20 15 37 137 68 127 12 82 119 58 72 8 123 9 138 19 121 94 87 23 72 49 111 42 17 97 101 49 91 29 56 44 79 127 60 34 80 78 15 20 64 12 36 110 42 66 44 98 28 58 17 47 118 30 8 6 43 11 108 134 97 131 78 73 109 31 84 72 111 11 7 21 41 86 22 99 14 57 74 126 112 75 29 6 88 134 117 44 3 9 138 37 99 136 33 87 34 56 37 93 27 103 100 44 2 101 14 95 7 115 62 27 98 78 69 101 29 115 95 97 118 49 135 85 10 62 28 68 74 34 127 95 138 1 63 31 28 31 122 118 80 82 59 30 30 63 44 113 51 133 9 123 66 77 71 78 40 58 9 37 111 17 56 38 94 74 58 29 122 21 40 67 84 25 130 107 71 52 117 58 2 38 39 8 52 58 16 77 137 102 126 102 107 107 128 43 15 80 130 33 109 126 70 64 41 36 131 26 115 108 82 107 46 104 36 3 68 104 60 63 122 128 79 21 45 46 22 18 50 31 74 44 39 102 34 29 12 114 130 113 104 65 76 119 22 77 63 112 31 42 47 4 86 63 57 45 12 96 18 119 74 14 107 131 15 64 28 58 128 67 124 54 30 95 119 38 138 45 132 91 122 138 35 48 1 62 121 4 124 32 63 100 63 130 102 5 41 31 96 41 12 12 20 132 53 3 105 83 54 96 132 53 121 45 62 16 20 2 11 118 43 1 44 70 96 49 34 67 119 113 107 139 43 49 45 104 62 138 59 96 70 99 36 109 3 23 49 1 121 134 61 29 98 112 28 24 38 116 16 130 54 91 87 135 119 132 12 82 51 7 3 30 78 22 22 64 14 67 124 91 104 89 64 26 49 96 71 61 111 65 86 71 117 14 116 37 7 88 25 46 114 72 95 120 90 37 50 102 70 14 128 15 110 45 15 112 67 31 85 124 18 83 137 68 70 97 81 55 102 58 66 130 29 67 136 50 56 23 75 91 35 66 60 8 55 99 46 131 95 31 119 134 58 20 58 117 66 12 14 129 114 91 139 44 129 134 19 127 78 115 30 26 40 110 13 85 30 86 122 6 77 125 83 132 114 66 95 19 32 97 39 52 14 49 72 23 68 114 99 138 129 125 47 120 3 28 129 61 68 30 83 65 48 80 102 101 26 97 60 27 24 114 81 76 31 46 119 33 4 131 47 66 122 38 26 47 35 60 64 121 22 19 132 130 117 119 111 129 91 49 113 42 73 25 96 71 102 18 31 70 74 12 53 119 122 3 55 18 55 58 91 50 137 114 92 131 58 7 131 57 73 53 95 112 70 53 139 36 117 107 17 133 85 8 122 76 52 73 33 27 39 108 134 41 74 130 43 11 133 2 40 4 101 57 98 32 89 43 133 112 75 118 139 75 9 99 93 59 43 67 88 111 22 90 24 79 33 36 25 43 92 128 25 119 75 101 115 33 66 4 97 112 3 55 129 9 115 117 3 88 99 118 106 130 28 53 6 126 30 50 133 113 88 37 139 2 22 7 69 63 134 95 82 82 123 26 54 44 58 15 120 15 95 25 97 92 139 27 64 68 93 38 56 72 127 41 91 76 117 130 19 31 132 76 117 128 86 27 64 53 55 119 87 49 105 98 16 131 27 19 49 15 62 82 40 24 118 136 76 60 21 123 9 77 99 60 110 61 33 26 115 55 138 100 48 78 101 21 78 123 31 133 119 24 44 51 15 129 28 86 13 14 123 123 58 29 42 28 139 74 26 61 32 32 137 50 115 63 11 63 12 129 84 73 91 68 130 78 117 56 95 128 62 84 11 85 43 85 69 74 67 12 7 72 85 52 84 23 69 37 38 29 111 17 113 136 81 31 56 59 113 10 14 8 104 85 23 77 114 56 94 128 56 113 90 56 46 51 93 86 133 102 49 48 64 125 85 74 30 2 74 55 72 36 74 57 126 2 26 72 50 21 17 117 94 5 52 3 70 34 131 69 106 3 134 132 43 67 3 24 94 96 98 16 6 125 105 4 26 90 33 134 97 10 48 30 121 53 54 35 17 43 120 1 124 26 60 119 87 18 129 2 108 16 25 113 128 70 38 65 86 121 119 17 137 49 5 113 136 1 132 128 98 15 86 111 5 139 75 82 124 23 32 117 57 91 44 33 86 56 9 108 117 109 97 45 118 112 3 52 114 98 23 110 65 50 129 58 106 36 92 49 47 13 86 108 137 128 17 72 49 20 90 2 101 52 132 12 133 5 66 14 114 113 6 58 75 86 137 19 29 19 121 131 115 63 61 59 71 105 10 96 1 95 49 119 8 130 83 35 116 73 1 121 32 116 38 91 21 13 43 16 82 50 47 67 53 97 116 128 83 44 138 97 23 49 23 131 108 134 101 95 12 137 77 66 92 86 91 33 136 103 42 110 41 28 56 107 114 10 72 70 94 38 112 112 64 70 24 37 135 122 10 120 110 10 72 111 85 125 120 68 14 95 43 74 20 112 20 42 1 44 103 52 64 139 59 18 1 36 22 111 11 35 42 107 50 116 52 123 64 15 6 65 25 17 19 112 100 77 81 12 59 87 109 37 106 103 113 93 64 75 99 58 124 54 117 129 26 58 107 116 55 113 22 24 55 86 124 105 10 13 19 135 60 71 32 37 14 121 93 135 4 58 43 133 70 73 7 35 62 72 66 60 90 103 64 124 85 23 106 95 47 60 1 128 37 10 63 73 124 111 57 88 44 5 110 40 70 1 88 124 89 130 50 92 83 3 129 102 99 31 96 28 116 9 82 51 106 36 109 106 88 86 99 71 63 20 68 131 27 80 34 122 75 31 109 71 83 41 7 101 32 77 53 33 26 27 114 78 59 136 108 91 134 80 16 27 122 122 82 18 85 17 29 135 120 28 121 63 98 79 136 108 85 11 33 133 130 62 113 42 96 120 82 92 91 68 81 20 73 85 14 117 139 107 132 78 76 59 28 98 51 38 108 9 63 19 97 93 116 9 37 60 68 1 115 124 51 17 117 90 31 5 72 59 124 55 4 16 104 16 19 110 38 119 42 89 79 109 47 117 123 88 119 41 21 53 114 41 38 11 55 17 125 88 97 116 114 73 51 86 107 127 23 102 27 133 115 91 20 114 48 65 22 102 136 46 18 55 87 67 32 109 55 70 6 116 89 22 16 2 44 121 103 37 83 46 53 126 55 1 90 104 87 93 4 55 18 79 82 125 121 131 72 124 20 135 33 64 102 138 17 128 28 34 32 110 70 121 72 114 104 91 85 48 127 129 114 23 45 124 99 30 112 120 134 87 104 5 69 132 97 12 3 68 48 54 54 72 138 101 116 2 101 75 49 57 85 139 70 23 69 36 107 100 89 6 46 40 94 47 40 27 17 134 88 54 84 66 134 33 137 20 3 130 70 33 10 56 3 121 56 32 64 72 54 129 122 124 27 57 72 21 92 129 46 133 66 109 24 119 130 85 46 139 95 11 124 121 63 134 58 38 43 70 3 80 124 113 22 94 135 77 96 65 11 61 97 105 132 72 92 30 16 128 73 116 63 50 50 66 28 29 92 4 65 13 11 81 90 45 62 120 57 24 130 45 19 81 29 12 137 101 94 60 106 40 93 135 43 25 75 122 23 55 50 81 105 65 136 28 25 92 22 23 138 95 8 102 137 79 20 124 35 12 17 130 6 68 39 121 55 7 74 43 120 62 118 134 43 121 126 2 136 53 85 37 69 43 18 24 50 82 33 47 126 61 41 114 112 29 49 57 111 66 108 14 52 43 47 34 111 1 42 121 101 25 122 120 108 121 49 21 110 26 91 39 62 37 21 136 7 117 23 69 83 133 44 33 104 21 127 120 6 71 23 87 124 54 131 51 89 136 17 8 18 14 79 17 24 96 21 135 44 94 139 16 125 111 129 41 45 128 13 88 26 113 23 33 125 4 100 126 43 67 55 64 8 38 39 40 63 33 116 14 60 22 75 5 43 53 117 115 39 102 110 45 27 96 34 94 81 37 69 75 100 23 6 23 115 119 8 5 133 39 88 28 27 59 136 82 125 50 101 1 49 111 26 25 115 109 133 22 110 106 27 87 52 49 118 74 31 24 88 64 78 37 30 122 137 46 83 130 17 98 71 20 3 99 3 63 100 39 100 41 81 22 128 1 60 15 105 57 42 1 51 17 33 132 75 66 109 85 96 96 85 7 63 93 90 72 130 11 47 11 90 50 7 135 83 35 45 3 120 129 134 91 139 74 101 16 15 82 18 2 10 39 70 91 119 120 127 115 5 19 75 57 59 16 84 124 114 102 44 109 88 106 122 128 58 80 133 23 48 72 95 78 53 64 98 98 48 73 132 30 136 18 16 138 13 94 38 78 121 120 85 99 74 116 67 100 133 34 127 120 85 80 129 85 130 71 39 138 132 18 11 32 69 94 85 42 126 48 17 125 113 120 19 36 13 54 57 9 110 32 50 56 67 112 9 106 131 75 107 82 104 32 91 52 77 99 119 19 132 14 14 95 57 3 91 52 110 58 72 53 123 64 118 106 126 126 69 104 70 39 103 50 3 66 25 125 96 22 110 25 54 18 51 118 103 95 87 89 35 99 119 82 103 24 82 89 96 13 30 116 81 121 23 81 86 61 99 51 128 117 123 19 60 44 61 61 37 71 95 125 39 40 21 85 110 63 125 68 27 59 115 103 63 116 131 86 13 8 122 3 89 17 109 46 120 130 34 121 42 7 11 23 30 10 103 99 22 40 63 73 113 1 73 79 49 74 1 102 73 113 76 49 99 33 46 83 52 100 23 75 82 34 101 104 32 54 100 112 33 128 52 18 17 62 106 38 67 120 77 103 20 100 2 44 80 115 83 70 133 41 28 134 32 68 7 52 139 95 71 6 91 69 123 3 19 131 61 88 43 131 108 71 25 99 51 101 72 95 81 139 100 26 65 35 57 12 6 1 45 63 86 85 59 136 132 8 35 19 71 27 120 18 102 93 125 2 122 34 52 101 47 69 124 126 116 6 112 21 127 17 8 44 69 22 102 64 125 135 107 58 35 76 76 8 28 45 127 37 64 25 53 58 57 26 3 81 139 30 18 25 54 127 116 20 107 32 99 101 10 129 24 104 6 115 30 1 117 34 89 114 119 68 5 41 132 82 39 45 118 89 67 28 129 78 96 64 70 14 49 24 128 121 30 34 22 44 68 113 126 41 3 136 88 53 65 138 137 43 130 124 100 66 36 48 73 138 33 14 133 129 12 60 31 60 101 69 49 52 54 48 59 6 44 128 67 30 22 15 95 40 106 12 98 98 24 103 119 14 72 99 18 106 86 1 98 63 127 71 81 65 131 71 43 37 69 110 106 93 117 83 13 66 94 33 105 23 19 53 105 103 113 138 88 113 83 126 54 20 117 80 96 103 6 41 52 117 74 50 37 95 25 23 133 28 57 41 69 32 20 57 17 126 49 52 19 11 54 6 70 14 72 20 136 15 77 122 35 33 24 42 76 29 117 20 65 55 4 91 22 106 39 118 29 103 43 92 126 130 52 25 46 41 89 51 18 90 32 133 19 79 69 14 96 29 20 66 90 27 113 39 24 86 4 104 6 122 66 73 58 29 11 102 91 48 12 79 34 110 34 6 42 112 33 7 86 138 116 97 90 75 10 74 72 95 76 23 29 82 89 20 16 100 89 3 86 128 136 11 49 128 57 132 89 134 90 15 57 93 71 33 48 85 20 126 17 125 125 137 91 100 122 102 10 46 47 90 79 64 36 10 35 99 115 16 109 33 60 84 43 100 75 28 71 41 103 116 36 15 63 137 90 120 102 91 138 122 92 106 122 118 6 89 36 21 25 57 103 88 75 121 93 20 52 100 18 3 63 126 74 82 23 49 35 98 78 29 37 55 129 131 13 31 129 101 68 89 46 20 124 112 77 98 116 61 79 49 40 17 84 22 39 8 13 23 78 60 129 73 20 78 132 114 58 96 76 122 95 91 116 102 73 29 98 79 70 70 7 75 27 14 18 32 134 6 74 26 107 13 92 117 63 118 69 120 139 81 87 121 120 80 80 134 122 6 79 134 111 7 69 97 111 109 96 102 115 76 80 86 139 88 67 46 79 46 117 129 85 72 78 19 60 79 83 23 95 17 139 43 11 23 15 10 79 105 58 117 27 30 8 44 110 85 22 26 63 80 63 6 58 72 110 133 67 115 122 95 38 33 88 66 104 104 122 5 129 3 63 20 71 62 8 75 71 41 61 77 22 26 46 113 48 137 133 107 93 97 131 21 113 54 86 139 135 102 102 112 128 81 77 44 21 60 105 46 9 5 31 15 27 51 10 135 43 137 55 116 20 126 63 78 119 24 81 105 139 63 59 65 68 109 62 30 31 93 124 61 126 81 108 33 2 15 121 13 63 106 120 128 15 125 47 138 103 52 112 13 102 105 6 120 76 67 130 71 8 27 19 20 63 113 70 108 91 79 108 4 139 16 108 102 100 59 29 71 26 39 126 106 139 128 106 37 63 133 91 33 113 107 122 18 3 67 60 91 95 63 99 58 101 26 122 103 114 37 45 99 67 111 130 65 49 99 64 30 1 131 65 81 88 139 10 76 10 136 127 19 42 85 130 24 42 100 51 54 103 106 32 99 101 74 33 20 29 117 130 16 133 68 13 121 60 139 131 104 123 50 136 110 71 125 87 69 55 134 133 85 36 33 132 97 66 131 125 24 105 131 99 5 37 5 1 34 22 102 42 101 125 40 28 64 130 41 9 35 33 89 53 127 133 102 79 24 134 54 102 8 104 13 129 136 105 14 115 42 67 3 99 35 127 82 93 89 36 14 48 50 138 101 15 87 14 24 38 8 91 87 57 110 41 134 76 91 62 64 127 122 118 120 73 34 76 111 127 125 95 25 28 37 56 70 59 139 122 38 64 130 24 3 88 126 76 136 30 61 119 87 30 37 46 82 89 22 64 22 25 9 32 133 66 66 50 70 42 96 10 59 97 43 21 54 10 81 91 19 2 136 7 37 32 6 43 22 21 32 109 82 14 12 89 36 125 18 117 29 69 63 70 110 76 10 34 94 32 109 9 9 73 22 39 28 103 90 87 98 28 110 56 26 5 114 62 58 34 37 94 110 31 111 18 47 82 59 117 110 137 8 93 2 10 12 66 74 67 33 58 118 35 93 55 110 131 77 25 35 50 18 118 86 89 114 64 107 109 96 18 27 93 94 69 86 16 20 127 63 30 75 90 39 139 27 126 130 64 118 16 134 21 30 125 89 43 22 95 64 55 87 95 50 84 72 9 15 113 19 89 45 42 71 50 29 137 32 84 130 126 131 112 120 76 110 116 59 19 90 4 25 71 64 5 118 62 39 65 91 86 83 1 123 120 12 76 33 45 7 84 81 23 83 32 42 128 65 95 74 43 71 95 69 24 36 113 82 35 49 89 103 98 105 25 93 135 68 44 124 34 94 96 92 28 14 11 113 105 65 32 124 93 111 13 139 43 127 33 99 82 21 58 81 76 98 36 137 110 70 1 119 129 12 73 124 105 63 75 44 47 32 12 80 103 63 37 54 54 16 42 112 123 95 48 45 126 62 63 25 109 93 18 126 68 9 119 95 118 100 132 138 68 14 132 96 23 29 56 94 17 97 122 82 35 32 126 1 53 45 39 10 60 60 47 87 70 77 45 30 44 42 116 104 74 28 97 13 49 7 23 46 19 89 46 122 135 15 21 65 88 112 113 54 33 95 8 74 21 17 121 25 127 110 122 97 27 38 118 97 103 54 28 17 113 68 37 138 1 116 47 5 133 34 16 72 96 66 1 75 101 53 109 90 64 18 21 4 102 5 80 12 86 99 10 20 3 24 48 133 128 119 6 133 69 2 126 97 39 49 22 7 76 131 47 37 127 66 97 132 87 24 98 125 41 25 50 135 118 98 27 97 26 44 32 83 6 102 14 135 120 35 112 102 62 130 99 95 134 105 45 84 81 18 71 112 9 86 119 55 10 108 58 24 111 98 70 116 96 100 32 82 90 121 68 100 85 61 93 130 138 76 88 75 92 99 47 24 110 70 74 95 38 99 125 63 15 54 64 111 36 138 60 53 106 118 64 120 29 126 54 79 23 14 51 5 1 30 5 53 96 116 67 103 100 48 83 59 37 56 45 88 120 47 33 47 55 104 70 126 50 36 63 37 117 9 52 95 72 58 104 80 95 32 72 97 28 120 82 15 85 39 40 67 74 75 134 103 94 37 91 11 62 109 36 44 44 64 101 122 135 76 50 55 25 47 136 108 69 60 57 101 127 97 78 37 16 122 9 10 32 27 28 87 112 23 111 7 139 108 61 19 113 32 9 39 63 104 136 13 105 103 119 45 32 43 109 129 68 62 61 39 96 29 126 38 9 41 22 32 47 117 41 107 34 31 99 31 16 106 132 60 28 46 43 29 96 63 128 34 29 114 53 103 71 123 3 113 130 31 61 50 1 60 112 100 111 59 42 51 131 61 32 101 95 104 16 129 52 72 52 6 74 6 106 63 51 106 31 8 79 107 12 21 10 75 7 69 22 30 98 17 8 123 21 121 18 6 120 105 63 104 73 72 13 35 46 125 39 1 9 41 1 91 37 10 108 27 45 13 116 109 66 123 104 40 78 119 70 113 116 74 134 72 2 88 117 113 114 92 98 49 66 112 102 29 96 75 49 5 65 105 137 122 106 15 86 57 91 109 23 134 24 4 121 94 125 50 57 78 32 31 127 51 58 12 26 75 63 133 36 3 113 106 23 69 90 35 65 60 17 133 22 50 93 110 96 73 132 73 29 5 33 32 33 98 1 4 40 31 31 103 85 114 104 60 102 58 132 131 100 128 51 19 29 25 115 64 97 43 43 87 36 8 91 42 50 113 56 63 24 73 94 94 79 11 23 88 111 46 55 108 72 29 19 83 61 58 60 53 34 101 9 45 29 95 101 83 58 71 83 99 6 122 90 110 52 93 90 32 18 8 131 6 24 71 65 64 96 111 21 54 130 7 39 104 132 23 38 46 109 39 116 131 71 79 114 13 10 109 113 70 102 59 2 119 18 79 54 121 136 133 126 77 135 119 78 92 29 94 135 12 42 100 81 55 113 2 41 122 113 82 87 92 40 24 109 46 88 61 20 106 52 126 106 11 70 54 37 19 16 34 64 139 45 37 18 50 119 42 35 71 108 71 89 63 56 44 85 125 39 67 103 24 73 40 63 127 130 24 109 107 98 82 25 40 38 9 24 13 129 110 25 139 126 1 63 24 86 110 12 11 116 27 57 53 59 132 99 58 135 103 31 8 5 121 70 78 123 67 77 43 25 107 103 43 99 123 61 115 107 34 5 13 137 44 100 136 82 45 8 74 67 25 102 63 59 62 44 23 86 97 136 33 71 14 92 54 40 108 114 124 112 38 16 90 102 5 63 35 13 32 63 111 138 139 129 77 54 126 55 40 47 8 55 2 38 100 31 29 10 15 122 29 44 104 86 121 13 131 108 41 62 95 124 10 60 54 135 36 80 11 45 135 127 36 89 38 98 135 84 88 64 133 5 56 42 112 37 76 117 42 37 120 74 109 86 40 73 115 52 54 83 75 30 83 55 5 50 103 125 97 116 80 104 69 99 41 119 2 128 113 110 75 64 73 130 83 118 101 80 128 30 113 97 69 104 128 131 70 95 136 111 89 84 44 61 53 1 17 97 82 10 6 114 120 83 133 123 54 54 107 4 80 105 112 1 65 137 134 35 27 109 62 64 122 51 121 100 13 130 138 64 35 1 10 58 65 68 98 23 84 50 133 68 89 127 65 120 17 85 62 33 117 16 116 5 108 131 61 97 79 96 139 75 63 85 91 79 62 56 63 72 83 127 125 95 40 10 127 139 58 54 75 118 132 16 117 68 74 33 122 101 52 126 2 20 29 46 13 42 63 35 46 52 17 15 46 36 51 10 15 58 101 36 139 79 26 45 8 91 9 16 92 100 44 18 45 23 82 22 22 74 129 81 19 77 60 126 51 65 89 67 115 112 105 40 139 127 5 84 112 65 99 40 56 81 64 131 112 135 80 110 129 103 8 43 56 58 110 58 79 48 106 120 85 123 77 123 136 61 50 25 113 17 85 88 69 45 95 118 102 100 64 65 133 96 117 79 90 89 88 59 79 16 107 52 109 135 16 87 114 71 68 60 58 24 107 86 122 70 56 50 93 15 98 94 129 17 10 20 117 60 74 139 10 79 83 4 113 135 33 81 28 13 31 91 72 20 54 113 103 31 64 30 112 31 77 47 65 14 82 97 122 116 121 125 63 71 85 76 17 93 122 61 100 72 130 110 44 131 134 79 128 94 75 53 53 119 124 11 61 60 124 109 75 65 100 52 11 79 81 21 13 119 120 130 126 139 29 50 21 116 42 137 74 32 80 10 110 129 82 60 35 3 97 135 97 34 27 4 49 70 133 75 11 101 67 111 38 5 26 20 98 3 2 29 139 16 130 136 78 128 73 10 70 83 67 61 49 58 112 85 106 9 114 58 29 94 70 61 129 137 100 82 70 42 75 4 10 48 118 16 5 56 1 27 137 55 70 105 139 47 99 85 64 38 110 139 138 118 84 20 12 14 68 62 10 118 31 44 50 80 2 36 132 116 27 50 13 85 90 60 38 114 46 116 13 8 9 1 134 78 104 14 102 6 26 115 133 62 5 108 26 38 31 62 19 74 46 132 135 4 62 86 97 46 108 15 57 100 85 28 113 139 10 32 114 18 59 115 20 68 122 66 128 120 43 124 136 131 100 129 41 9 123 65 12 56 13 138 13 121 120 130 131 132 51 103 93 51 128 13 38 9 129 72 47 95 95 20 139 95 98 131 137 127 125 29 28 116 38 56 109 11 4 100 35 60 27 101 55 123 115 109 100 14 17 36 59 138 65 92 42 7 50 116 2 89 95 74 113 135 73 58 80 108 59 34 6 92 12 79 40 86 82 25 85 93 117 120 13 32 118 16 102 23 122 134 15 46 68 90 135 82 66 91 77 48 64 4 105 2 16 9 117 6 20 18 11 31 76 130 50 130 32 70 96 116 34 88 7 118 134 107 96 23 67 24 71 29 1 95 27 87 13 55 44 62 133 120 7 124 100 64 4 68 78 53 116 109 96 84 45 108 114 10 35 114 6 117 55 85 14 120 129 74 17 31 108 47 6 126 101 113 118 67 128 89 16 3 39 91 27 131 95 126 110 106 136 81 47 104 44 67 102 138 11 76 123 124 43 125 108 99 109 39 124 67 57 16 90 31 21 17 9 12 24 122 56 136 99 98 123 33 89 54 12 68 136 115 50 134 133 26 67 139 41 48 127 75 89 68 8 69 91 129 18 8 8 9 1 25 51 47 4 5 48 10 43 138 61 39 121 108 77 54 51 44 99 138 89 128 103 122 126 75 66 127 91 16 29 23 51 66 119 83 112 65 109 51 41 27 40 16 89 96 94 15 34 110 78 19 54 22 15 127 66 132 22 40 87 83 53 126 84 75 126 9 118 50 8 120 124 5 11 132 132 39 86 116 19 99 70 6 107 51 89 99 51 14 85 43 67 100 21 61 135 4 73 125 96 26 106 103 101 35 9 55 120 59 18 46 35 96 138 47 83 115 14 57 88 53 100 137 97 72 32 40 88 128 61 125 118 24 133 51 95 7 138 29 127 88 136 38 104 58 83 98 42 31 101 56 7 61 100 78 104 101 13 102 34 135 47 109 104 56 25 68 84 85 14 64 23 130 103 60 69 66 38 70 10 103 57 104 7 24 92 39 56 3 62 87 11 120 103 78 3 102 51 58 92 112 56 55 71 7 74 50 112 28 68 35 33 125 26 2 133 21 96 79 24 46 82 2 108 9 120 64 20 6 89 129 46 35 132 45 108 108 94 54 112 68 25 34 125 39 91 19 107 56 116 92 32 17 91 132 5 83 82 100 63 71 26 138 5 67 24 23 53 75 133 83 66 113 82 85 74 9 92 138 102 83 39 11 125 84 6 19 5 87 80 64 40 124 83 3 69 6 111 78 125 133 116 18 110 85 2 24 82 116 16 35 21 84 52 130 38 105 4 21 72 11 8 71 72 52 70 6 88 61 48 99 78 82 93 102 105 31 121 40 61 114 22 36 81 134 60 94 9 63 77 107 25 125 70 28 87 112 58 139 113 22 73 121 128 8 93 4 118 137 43 118 74 52 72 59 125 36 129 95 127 92 43 72 46 26 92 89 63 47 26 2 88 58 42 37 137 124 15 104 6 48 64 17 128 35 134 43 32 23 133 113 129 88 59 115 73 42 82 72 71 73 21 67 126 71 5 87 35 95 29 48 35 132 4 40 55 51 15 19 55 17 86 124 62 126 77 104 50 12 86 50 79 25 63 79 104 63 25 24 61 19 24 24 91 69 74 33 27 55 25 79 1 119 120 124 120 120 92 46 66 23 83 129 15 67 11 21 101 98 113 51 3 135 36 124 120 13 43 96 11 120 10 33 1 52 97 116 80 4 39 126 60 92 92 7 1 93 137 23 32 105 28 42 44 23 117 67 16 32 28 8 91 36 136 95 82 66 8 94 76 68 21 112 119 93 29 81 15 92 66 42 85 27 117 130 67 100 85 109 103 37 117 3 94 1 130 36 111 7 43 15 9 95 35 32 1 96 66 64 2 122 14 135 42 59 88 94 49 18 123 65 138 86 38 112 52 122 95 93 138 128 104 76 18 42 76 30 40 85 24 83 130 101 71 11 117 90 107 37 25 54 8 118 34 73 134 138 80 42 56 136 3 48 41 133 70 76 114 74 75 22 106 1 113 67 102 46 42 110 44 128 77 95 98 52 69 133 130 128 31 71 107 51 131 86 77 45 83 46 70 1 27 40 30 9 134 136 24 129 84 34 36 138 25 76 106 57 28 39 66 68 123 108 113 118 60 28 6 55 105 137 99 99 127 57 80 47 118 59 118 123 17 122 60 57 48 119 72 93 66 90 21 61 53 33 129 109 2 136 125 139 69 31 45 101 105 46 48 96 64 35 27 79 22 19 24 80 54 103 12 90 43 34 34 89 22 49 66 55 87 92 137 134 133 89 75 103 53 37 25 43 112 53 112 19 104 87 117 66 73 84 45 11 23 105 6 107 30 124 1 72 94 127 5 18 34 33 96 85 79 83 65 107 90 41 105 73 105 91 65 88 27 26 125 45 4 121 41 113 115 31 65 18 54 122 101 50 123 119 66 74 127 32 112 101 5 43 66 139 75 107 73 27 56 55 34 80 34 52 131 95 34 120 73 86 33 134 50 71 131 86 23 102 27 128 55 59 108 60 73 48 20 77 38 86 46 87 35 92 120 59 94 18 56 72 107 110 27 8 92 119 91 12 52 124 63 3 118 38 12 25 26 127 105 56 26 76 66 33 76 52 3 57 21 43 32 86 93 66 91 17 15 42 111 64 22 98 104 56 122 105 77 121 43 73 13 39 132 94 6 50 5 102 81 130 138 40 1 139 57 74 19 52 94 58 71 6 122 106 52 96 34 131 57 63 111 32 31 113 37 130 16 118 129 48 135 76 137 13 93 9 63 34 100 78 71 105 24 28 42 21 83 54 80 104 60 98 101 84 136 63 97 121 124 136 60 85 48 123 108 33 116 6 59 28 15 16 67 138 89 56 64 94 17 128 84 13 139 133 53 122 61 105 93 52 137 71 106 116 55 133 46 42 80 47 102 31 36 67 15 66 69 132 20 119 49 136 96 22 19 136 97 33 64 61 39 38 99 127 135 120 76 69 92 49 37 102 11 67 116 129 120 70 2 70 112 32 63 107 45 4 65 121 16 2 34 12 102 42 5 119 29 9 80 50 29 72 114 32 118 119 65 113 30 115 84 47 132 96 75 109 130 39 101 100 39 70 84 8 43 107 75 112 29 102 132 45 81 117 111 29 4 41 9 50 18 43 106 82 16 72 77 63 68 96 7 55 77 6 73 46 7 35 56 114 130 4 66 35 22 18 71 77 30 51 46 2 28 46 119 6 113 106 84 121 68 34 43 106 73 121 118 137 2 63 92 116 41 76 108 108 133 3 99 114 117 3 96 129 54 11 24 40 128 91 130 7 35 51 116 13 63 86 30 88 73 2 124 12 128 35 81 92 95 32 3 42 88 110 14 54 139 45 121 98 99 32 89 137 78 81 24 63 65 7 48 30 10 138 100 115 125 114 116 67 59 22 4 89 12 20 53 124 60 75 127 102 82 75 110 23 112 85 73 63 74 108 111 30 68 100 48 121 27 11 122 104 43 44 123 103 95 9 25 60 84 2 40 67 43 10 45 100 135 105 110 76 32 64 31 115 64 70 12 93 67 34 119 58 26 63 65 27 12 69 64 65 115 124 41 108 44 81 58 46 117 42 85 24 113 98 101 110 16 99 22 115 102 5 94 2 107 110 52 86 52 54 12 17 39 111 13 4 112 121 75 118 60 91 61 61 13 57 49 68 29 6 82 41 77 83 53 126 88 14 3 45 18 18 24 127 126 9 133 46 68 55 31 100 116 1 36 19 115 83 108 135 82 22 3 124 73 104 8 73 23 93 5 34 69 64 74 85 134 131 107 95 3 91 102 60 81 3 129 89 32 108 138 26 60 7 73 124 53 65 76 66 123 61 59 27 113 27 82 129 132 8 107 116 60 105 85 135 1 77 26 36 10 82 72 115 69 52 11 59 72 46 10 16 16 87 79 91 39 33 1 85 129 49 124 90 46 75 61 58 131 4 27 115 73 113 12 32 106 107 26 83 48 25 29 116 73 111 31 34 51 101 19 17 110 81 62 137 111 42 124 42 101 35 91 134 89 101 31 51 67 113 90 5 97 78 18 23 89 27 35 32 60 128 91 83 17 122 51 111 125 99 109 22 18 104 40 101 55 111 64 82 17 44 111 14 61 72 45 47 77 88 37 119 106 95 136 113 8 91 109 70 33 74 104 138 139 20 89 86 122 41 80 93 32 16 45 127 79 23 11 127 27 101 36 26 85 5 42 20 84 97 89 131 46 7 25 37 61 55 65 47 65 94 60 60 30 52 116 13 32 120 23 124 14 81 8 50 50 74 70 132 74 111 112 16 97 90 130 109 64 102 22 12 54 133 72 22 92 31 129 137 100 88 45 9 28 126 38 15 49 133 101 113 137 112 1 127 119 131 83 131 22 49 120 127 101 119 69 85 61 12 126 76 52 112 137 6 124 36 128 98 135 42 83 40 131 1 61 115 56 62 53 108 25 130 122 41 43 66 127 90 109 135 115 101 98 130 65 137 29 115 31 135 131 61 63 8 47 71 54 53 41 69 95 62 94 100 16 113 119 98 117 85 107 83 90 72 13 29 132 103 43 61 88 54 48 80 54 89 15 48 97 67 134 74 48 17 54 114 17 116 95 32 64 40 50 21 10 123 6 79 51 105 96 126 60 31 26 118 139 32 57 115 2 37 80 24 92 53 139 116 80 128 90 79 91 102 31 3 74 123 44 6 18 34 124 124 56 46 55 6 53 87 117 91 93 124 35 47 41 44 111 12 16 128 10 50 109 137 12 41 83 49 92 44 50 48 13 62 5 7 134 88 77 102 111 117 127 132 43 55 96 128 106 35 116 50 16 134 98 32 61 133 71 52 138 97 119 66 44 48 99 111 117 110 21 35 52 8 114 135 68 133 28 117 56 15 21 67 125 18 22 87 93 133 31 8 91 45 2 112 29 21 36 121 88 120 27 53 134 44 139 92 128 70 91 37 46 36 63 42 59 123 53 101 139 99 33 130 33 62 106 136 36 127 98 129 46 36 60 36 26 6 107 3 52 35 36 103 122 127 53 15 22 42 8 130 102 134 18 137 36 75 37 5 84 46 27 86 68 64 41 93 4 54 89 139 118 14 15 45 88 57 73 96 57 40 10 48 13 8 65 139 98 1 88 72 32 89 19 99 104 7 114 47 104 116 88 42 79 101 138 101 101 24 20 62 137 73 9 45 70 51 122 33 67 66 1 105 124 38 58 139 23 121 21 107 54 44 102 15 138 57 10 51 94 50 99 23 52 110 49 113 133 74 124 51 128 121 78 106 103 25 17 34 9 45 85 59 37 80 29 13 136 68 39 34 24 89 52 20 78 124 38 52 75 118 110 106 20 17 128 42 57 55 73 133 44 40 108 132 127 126 18 112 123 128 83 100 89 74 109 128 129 130 109 58 131 64 42 73 73 78 125 4 94 135 40 78 80 11 89 108 53 39 136 120 69 122 36 99 136 5 94 56 106 13 97 18 116 65 18 92 111 85 65 114 10 78 83 119 5 40 39 2 125 41 93 85 100 28 94 87 79 30 94 129 5 59 77 47 137 120 68 133 90 93 6 26 111 82 56 100 40 12 61 79 127 46 103 40 77 113 110 41 20 10 66 114 118 137 64 20 110 26 7 127 99 92 39 90 80 27 25 100 74 54 33 47 81 103 139 92 68 95 33 92 37 123 96 11 100 86 128 21 75 82 63 134 103 23 99 64 117 122 62 138 6 94 136 98 69 133 93 17 16 25 120 100 58 111 2 119 138 38 62 51 120 84 89 9 22 63 67 92 25 74 137 36 8 91 95 59 42 89 22 12 9 128 72 120 32 8 53 65 16 125 129 33 71 97 28 121 60 137 44 98 12 110 120 125 10 80 135 139 27 98 125 32 52 36 66 90 107 119 98 119 65 99 101 87 58 11 79 41 23 89 104 12 110 79 89 75 38 22 84 33 35 85 26 135 107 30 1 67 73 49 55 102 139 62 122 11 91 41 63 106 31 11 11 137 16 14 52 132 87 35 74 75 25 109 60 128 119 81 61 12 5 72 7 34 57 18 131 136 85 59 112 47 1 126 15 131 85 81 48 73 35 41 55 34 57 123 112 127 16 100 97 25 81 122 66 53 138 134 124 75 111 95 122 57 115 15 84 13 8 25 16 70 28 16 122 138 100 66 78 21 37 38 12 76 44 99 106 126 110 34 46 47 55 100 10 58 57 81 9 135 28 7 49 94 77 82 53 74 7 90 49 94 134 72 40 66 124 31 47 32 15 22 33 138 75 7 99 97 21 13 85 26 24 68 48 79 65 109 21 89 77 98 99 125 40 135 50 93 37 17 99 34 59 104 114 24 131 71 115 31 83 127 1 123 76 9 69 85 23 96 25 42 106 96 112 3 10 59 60 72 91 27 83 32 139 56 95 132 12 95 67 54 14 3 96 102 52 118 139 65 86 81 130 36 120 108 85 4 6 5 18 5 30 116 95 4 83 35 115 4 45 36 94 132 88 75 115 30 77 50 127 124 33 7 102 69 44 138 95 106 59 109 104 40 83 36 47 110 70 107 12 99 109 34 132 46 108 70 93 54 110 61 118 10 63 72 38 130 47 77 92 12 44 70 105 9 42 34 45 14 7 85 43 59 74 88 124 8 42 127 65 3 85 134 19 133 58 12 98 51 130 78 135 88 129 3 25 30 117 114 8 88 120 109 44 129 100 118 28 100 113 75 10 84 102 107 45 95 71 129 32 69 45 19 120 110 19 114 125 27 46 46 129 121 12 63 117 81 47 106 118 117 29 57 98 25 100 92 108 90 80 10 137 131 76 119 77 63 68 49 84 86 45 70 28 25 106 18 124 137 119 35 124 31 64 60 80 7 7 87 17 44 65 23 9 101 112 81 109 55 104 90 101 65 1 115 77 78 19 70 40 54 130 76 130 99 72 68 72 118 135 130 82 72 61 97 43 85 69 27 56 24 100 46 54 85 131 16 92 130 135 136 65 83 22 39 84 39 35 68 6 24 89 41 83 119 29 135 33 110 85 20 128 41 134 31 34 7 122 77 2 11 121 46 17 111 119 134 44 106 49 27 104 74 132 95 4 63 46 79 9 15 18 60 131 82 3 55 139 126 7 111 15 34 34 13 77 134 14 130 108 89 54 83 134 75 43 87 9 117 133 128 34 135 112 95 28 78 77 43 23 43 133 86 125 36 132 13 127 105 111 118 93 106 98 60 16 89 46 69 100 66 95 21 41 139 94 95 53 129 82 7 93 29 120 100 99 2 8 86 41 79 14 27 65 87 135 81 89 126 63 70 76 111 78 101 65 56 115 33 27 19 67 16 120 106 109 117 55 62 60 75 52 130 138 24 23 133 75 26 72 120 36 106 118 23 56 127 22 133 82 78 23 100 51 40 114 47 64 139 38 43 74 44 35 108 10 35 51 92 29 87 59 117 138 92 109 127 127 134 32 2 136 95 38 7 55 84 34 65 138 120 63 122 103 119 99 41 25 105 121 10 121 52 58 11 116 85 94 96 24 38 135 32 21 108 104 111 78 44 137 89 39 46 113 71 49 92 87 44 114 75 17 81 46 105 127 94 57 79 53 10 39 12 66 42 41 91 86 59 86 73 61 23 92 76 34 62 115 97 123 33 29 8 14 13 22 86 31 131 40 114 107 59 65 39 58 51 4 57 109 125 44 14 61 124 13 38 86 93 113 100 110 50 99 122 26 11 11 34 101 125 31 67 101 121 139 96 28 91 49 124 3 59 30 32 75 101 73 25 19 109 18 89 36 53 101 28 102 95 66 77 123 20 24 119 87 7 38 63 10 95 69 131 8 109 26 81 70 110 80 70 93 4 1 41 78 108 99 28 99 114 6 127 91 93 136 23 6 44 99 124 93 133 13 1 62 113 121 9 135 53 93 35 11 70 15 96 55 36 138 90 67 3 54 67 138 41 83 115 70 26 54 73 10 70 123 72 127 21 1 34 109 12 92 59 78 27 109 25 29 130 4 69 28 20 67 105 68 8 2 104 99 35 134 22 133 19 113 31 79 36 122 29 132 10 76 100 71 110 139 133 105 8 34 72 36 12 73 64 116 10 51 45 119 65 130 32 72 103 36 63 90 27 90 19 55 128 42 56 50 29 32 9 13 105 112 101 43 84 50 58 54 45 92 106 44 77 6 38 14 138 34 69 87 35 21 72 65 52 101 69 108 14 65 11 21 119 107 102 128 71 71 34 44 55 122 78 97 24 17 62 75 91 92 101 40 3 70 11 94 66 107 15 110 7 48 47 24 41 22 109 112 107 4 121 96 95 35 84 9 98 30 18 13 34 91 132 36 58 125 38 40 72 121 111 120 59 60 71 56 42 109 135 47 38 116 47 94 38 30 116 78 28 57 88 23 133 134 51 101 44 44 3 45 87 41 5 59 3 106 27 63 67 55 103 60 104 75 40 134 21 118 134 119 21 124 18 55 43 59 10 119 64 60 45 47 24 28 94 53 44 58 23 79 64 86 110 82 17 23 18 107 34 129 29 93 15 109 85 48 126 61 108 73 84 6 78 112 86 57 120 104 86 54 10 124 93 122 45 56 127 82 5 45 44 83 58 135 36 46 29 34 81 139 54 84 62 91 28 37 35 131 24 21 57 23 23 1 137 116 6 118 115 38 119 73 40 129 86 84 129 114 98 101 69 92 124 106 87 129 77 13 13 17 82 92 11 42 100 94 107 104 128 6 125 89 74 130 13 22 60 44 33 78 78 47 58 118 56 40 90 68 43 92 118 15 84 116 118 15 99 27 68 90 133 12 43 43 19 36 64 135 34 11 80 36 46 28 93 22 6 23 99 28 121 69 1 89 13 26 78 114 85 126 67 94 33 112 37 92 89 17 91 95 66 131 26 62 118 107 105 70 138 73 45 126 36 66 104 82 11 70 109 10 64 134 47 119 10 17 68 5 139 8 109 79 45 67 103 82 80 78 96 56 52 83 26 37 65 90 60 32 7 87 135 45 121 117 63 17 12 64 56 51 7 73 42 84 82 97 93 19 108 121 125 82 11 118 138 92 37 22 102 7 131 51 9 27 1 111 133 100 127 39 104 86 49 84 4 14 123 54 71 86 9 21 34 83 115 49 93 135 36 139 108 38 96 106 116 112 99 17 92 135 62 60 23 45 59 50 68 44 125 72 52 58 10 1 104 70 118 77 106 38 35 112 57 92 35 108 116 28 29 44 37 132 42 28 1 51 26 137 14 64 137 18 53 103 117 135 126 43 87 37 2 73 126 127 80 103 134 71 61 24 71 46 109 50 29 27 92 123 132 46 81 78 29 94 25 129 131 86 73 83 132 116 110 46 87 55 109 20 73 14 38 105 138 60 57 5 3 3 118 22 19 76 47 39 46 9 80 55 115 133 63 117 101 45 23 87 114 64 136 19 83 94 67 3 116 75 92 123 67 93 28 122 32 2 121 130 133 22 126 42 46 111 64 84 17 98 26 4 42 103 100 121 136 17 135 81 34 43 83 22 104 92 3 25 69 122 134 88 54 106 50 85 34 133 20 83 69 44 114 100 95 101 27 101 32 122 80 6 38 54 5 64 3 23 104 101 63 73 139 25 105 70 58 110 129 66 112 101 8 81 56 124 15 99 55 49 98 50 113 133 28 107 10 22 96 138 108 35 43 20 79 62 112 77 1 130 83 72 8 44 4 84 119 81 89 1 8 27 135 55 127 83 91 81 62 1 130 89 70 64 11 137 80 67 17 11 93 110 41 72 66 3 69 97 73 66 108 9 20 68 127 51 21 21 128 37 86 119 47 137 56 72 15 129 90 8 67 125 126 124 110 117 89 50 106 91 30 58 33 10 19 75 83 25 60 10 17 88 110 63 139 22 31 57 7 49 15 68 16 117 34 101 72 91 27 29 130 38 35 52 62 108 20 108 19 40 79 6 33 94 87 73 26 73 109 78 2 95 127 1 12 16 105 102 102 66 29 104 75 13 36 138 109 98 98 36 86 27 62 126 61 72 3 59 24 47 79 87 96 70 108 28 86 83 96 6 83 26 71 31 46 62 100 123 82 105 127 5 12 8 56 96 122 126 136 123 16 55 49 70 131 62 30 98 60 139 121 83 26 9 41 84 78 58 85 17 139 3 1 43 102 29 32 118 13 31 78 53 116 35 43 9 102 3 31 83 78 41 55 76 107 48 90 48 137 43 20 78 88 61 57 5 10 24 132 4 47 117 40 13 96 15 111 124 86 101 43 64 8 26 22 118 126 56 23 60 125 70 117 112 117 130 68 125 139 97 27 22 81 53 20 33 133 112 103 51 96 72 38 73 101 33 95 98 7 41 18 42 69 68 71 110 93 97 95 41 76 64 62 48 135 130 135 59 36 44 43 78 78 78 103 82 11 23 118 28 71 133 17 51 77 69 61 75 58 130 22 22 125 116 26 59 139 139 118 4 42 126 30 75 27 114 51 108 24 41 61 122 135 83 90 
// di
29725 58738 24584 58900 6838 1646 36381 65965 26219 64970 23902 1134 59828 23743 5550 14034 4458 57137 69124 42599 17469 32802 59435 42421 12632 11414 51091 39251 53585 9141 39353 19029 7039 30072 31908 62281 58275 47463 19860 17056 43034 46675 52260 1761 56747 39893 24371 60058 45281 38076 39215 26307 20579 42985 51126 57928 25292 5147 11069 48182 16777 10962 8565 55365 5534 27579 43266 45071 24044 15813 22839 58019 6478 44349 10947 30444 53912 4379 67713 29673 38180 23447 32996 67012 31389 23097 10746 68768 31870 52716 57826 52530 31644 19639 63590 4218 4952 26938 14950 51302 10974 42141 56343 42920 34144 24239 43959 27432 63078 32693 17229 43437 20209 12027 3799 38925 66973 26602 49055 41568 52472 61746 51066 18764 30390 19009 25406 7511 53998 53003 47861 17952 32367 22945 40642 23279 4296 28913 42951 43838 33909 23052 4440 1776 39765 36525 30387 64755 9951 47239 10329 53464 14292 31450 31061 27547 68717 54090 67598 55325 23450 58080 8254 30053 53289 48262 7685 31510 57019 16988 37731 31448 13675 24292 19851 6496 56077 32921 50011 28724 12580 11328 10567 9826 67759 14179 69568 19914 18696 31358 27158 60107 51687 46139 22627 28565 22798 36436 12701 16472 14354 19330 55057 56182 32084 28624 16585 39752 55668 68409 67832 40993 51932 15217 18467 24670 12663 50565 11250 1672 34870 19167 35170 68137 57722 36763 45019 17016 33385 65988 46363 50510 24878 156 33486 7573 47977 13672 40873 49091 51220 11249 66197 53380 11124 41650 58761 40509 51017 40838 16427 21000 16375 13496 44054 69576 40413 65536 29923 67774 66821 32680 57674 63883 11930 52864 44159 40998 21452 22167 34963 10233 44962 46101 30456 8229 7615 17863 39260 22550 28059 3455 25185 36450 14816 47348 67518 3979 28049 31621 47136 55112 64444 25723 28921 3949 23177 30204 8211 60199 37972 36979 43203 12064 24527 39236 23403 38687 32614 41740 46808 51450 40886 53356 52572 14994 32392 49549 1683 59735 36380 61705 42805 14582 60366 64560 14004 28512 40924 6232 23594 33457 30573 52752 9661 4729 35597 40926 46167 64145 131 21503 21140 31174 14049 63137 64297 1660 24685 39469 2341 31055 38680 42557 29732 10802 8529 31007 52157 9296 10105 53430 26257 40563 46277 64278 6168 36563 6798 2121 40994 18613 66440 31675 64931 21506 47435 43568 57095 41810 18310 63220 40612 32788 50410 22017 60919 16379 21802 11219 52462 30956 40678 40008 4535 20636 62311 51490 7545 66324 25826 12565 9909 53075 22335 19234 15716 65995 52547 32148 53410 15006 28740 65520 13044 8539 2503 12401 9494 45903 15431 23014 5056 17696 46383 20409 19629 18765 14712 57031 63641 18813 56063 58841 7414 3175 41980 50505 5302 3648 33833 39923 21492 44459 34899 18750 44431 52288 44424 6986 15461 66194 27981 24228 37925 18916 32572 33619 43416 42096 36692 9469 19043 23955 67742 25320 34111 3213 177 69329 36996 1265 33469 67369 10818 53946 41572 1561 31035 23557 1490 4201 2794 54533 58176 31485 30312 44965 22904 30285 41907 30049 62694 1045 58964 53641 49308 19606 15716 30995 43024 9099 48351 53715 46346 30318 62471 65170 25070 63736 25112 2355 42031 53484 24352 2565 51007 62203 15195 55234 3329 23740 3409 12160 1617 30987 53616 26085 20581 7263 47094 28946 1414 7332 33717 18061 62706 45851 12570 26296 56201 68072 18114 29624 17756 36177 46713 30265 11011 64965 64380 29646 32784 39066 7206 67899 21411 45197 68923 1994 1516 8525 12694 47584 64184 33350 60183 52413 55049 42597 65421 1485 393 426 16962 57709 41407 59670 45050 66624 25723 63948 52979 62041 36715 17740 67618 5144 44820 25435 23660 25995 41591 50031 21971 39743 5253 64778 38928 32084 7926 4445 50094 21107 5387 50976 14172 39752 1090 6886 14357 44558 61874 54769 58994 29093 60350 49721 26979 49410 12082 34913 13967 60935 19546 36447 2352 65540 7159 39741 68033 30002 29595 10733 61393 32583 29534 14688 41503 13446 1525 38914 57974 43454 52025 54832 48373 22305 44739 69646 8547 22897 56456 64978 7376 39716 18420 39129 7907 39654 47250 64466 35654 12553 35892 24919 45241 3893 62871 46513 16101 41510 45383 12040 67236 63679 37025 40067 36375 51108 24587 24216 54712 62150 44775 44938 17968 66475 43410 40137 23808 12085 7958 5436 28225 64421 8403 30120 64681 43734 47690 26972 56847 8192 4683 55875 64386 53696 25916 52967 6667 47312 43718 22160 16774 14191 14391 62018 42941 60422 53707 15069 11065 17317 63742 59274 64169 2621 40459 12093 62756 11438 53242 54244 20597 2968 15751 43797 4963 18429 44015 58638 60445 6256 39308 19242 7526 22445 51119 55076 4225 42011 35044 27234 1761 19552 56216 31231 31334 46401 48534 21696 50382 59142 69617 19819 31142 15630 50650 15732 56731 65593 56214 69937 45775 890 6899 19960 48313 58118 23482 47711 55869 11239 24775 13021 63167 9749 38266 52566 53155 17036 4928 30516 4947 11230 45464 22442 21240 13692 37854 37111 58234 6747 28750 44500 12281 61064 47512 17020 16398 39452 44465 47786 59874 51632 39236 8252 51930 18652 53765 50387 7015 55262 26582 37735 4812 36127 10612 13311 32650 60883 14057 68221 52843 42783 41782 47604 29739 17794 60484 31571 47447 16512 60538 8663 55515 57749 40747 44900 32970 29985 61275 45859 37364 36458 63331 34884 14075 5579 4255 8683 21756 37661 17180 66404 14773 55476 35097 63216 38178 8010 53837 31222 40943 68890 35348 16322 57599 22836 69866 3129 62657 64174 43161 39481 58017 30861 65123 61560 20015 17303 10295 28138 18261 41450 1351 1292 62705 69153 28426 8350 6529 27055 34670 62705 18131 50858 56651 48311 25072 25171 17123 68135 22842 69646 12726 40953 31418 18227 31296 34267 58091 60514 32390 5317 49307 41630 57754 61493 24028 33897 4457 4579 7839 55320 18419 66688 34052 37466 54057 52295 52315 42303 26576 40670 19703 6859 50278 25243 52035 33697 51605 56501 29194 67765 21492 1875 58975 69641 4166 64918 35610 54446 3051 4895 47148 63004 35067 41785 38917 43244 54331 22662 11073 5965 47269 53061 62785 26471 49130 29482 13698 64912 57328 28468 6227 41545 3136 64660 5191 41011 48088 45435 10955 30254 22646 37984 68586 55071 56632 17675 56874 34618 57835 52671 55746 59148 29754 62577 65650 46953 28520 36712 56114 33704 17498 45213 2289 39255 55347 34983 38836 19565 56951 26875 68379 6547 47866 11212 4840 5452 11165 362 32771 60298 27733 39487 2462 62148 47477 59514 37452 62574 60219 5947 52431 10023 583 32466 40301 21040 38405 44930 34225 12804 12485 67074 21033 1040 68035 22422 49350 26507 56537 18346 16776 50790 2663 55539 51237 33715 30860 37509 52097 62018 54979 48780 26514 30019 59598 51899 32552 32355 15041 22658 42879 40253 38832 53450 21654 28523 42588 37391 69620 4726 59173 20599 69488 28228 23647 23196 2791 52026 54341 31027 10590 16232 8201 26188 48556 61451 66048 21281 33732 5039 51940 37291 49177 41161 52079 40228 5045 46162 29060 58927 48117 33617 27346 8171 66245 30992 60079 33433 5034 65403 34238 59928 56627 48273 37511 68810 53051 69504 53964 20218 25601 67746 26345 40733 16438 10723 26374 39282 52313 18806 11530 8283 26390 69138 44257 8215 4149 52360 53838 45482 21763 17971 14996 38030 27512 1824 8498 38249 6561 1022 25411 5325 68569 6298 59818 69527 67516 27709 54294 34895 27071 68718 12883 41520 9229 9608 18917 34607 11982 40244 69230 13085 42694 8267 57537 18906 26236 32640 6627 3617 52814 67592 58877 17059 14494 27441 26339 47421 25561 27443 4495 15732 6823 13542 33108 19729 16462 42008 34501 41898 55391 18293 31184 58265 38342 58073 43103 65111 6974 69958 51226 68947 41212 30107 58625 14188 1108 4317 13083 51855 58637 31718 69126 5839 48014 34987 69471 56254 54018 3057 61179 10116 35304 13994 43759 59759 38377 40988 36148 14624 2974 39048 23437 48836 47302 43226 25227 6526 8 65908 14222 47837 9368 64494 62549 55926 7101 36276 37912 57173 41101 57725 45995 69824 19482 67713 41784 62502 24483 57831 13885 37987 41771 42012 29805 60536 52572 3369 7658 17318 13471 3839 9653 5978 21176 45131 16254 38834 63478 28698 52590 40984 19466 65767 2313 1343 42805 46630 18112 24272 18494 48232 55973 15283 68330 50574 61650 9615 64232 56388 13280 51347 61492 49115 48558 32576 50370 33176 21320 44948 24986 47132 46023 68246 29192 13932 43614 29196 50511 38714 62911 47603 2086 54400 565 45700 30579 50269 25894 6082 34964 66169 62786 15965 17329 50509 52071 51979 13961 28555 25444 27595 51150 62472 69718 50348 67769 66764 63267 68997 20914 3067 31350 55834 7306 27682 45539 62949 18454 51442 66775 21136 38369 58320 54704 24987 50279 34853 31123 1023 46674 3784 11572 42387 33358 37403 56312 33761 34156 32092 17353 60712 13651 68972 21877 28605 36476 59990 54091 37582 45111 50259 62757 66787 59627 15213 55605 17776 24002 33485 31791 69622 34023 14955 11359 48431 42067 46381 30168 57568 65571 21618 38993 225 26699 869 8127 54438 2335 24094 59010 11104 47666 41450 48549 23468 11060 3852 15144 9877 36473 51493 57754 4550 707 11294 43050 37773 60837 37646 25311 3252 4255 14476 24736 19625 56436 8368 11055 5814 24343 24290 15109 10592 34359 33764 58336 50195 37273 61901 33972 61174 54242 14694 69786 4381 68873 896 30906 22153 57903 5721 28751 31474 38765 8682 26340 52 48915 31400 59590 3968 3351 1487 48516 31200 59402 21962 60066 43761 21724 7243 10966 33883 50979 63732 68540 7094 13867 30180 20903 56473 18330 5709 31958 8738 2607 66645 2319 53890 66447 43502 66785 33029 56962 51995 17970 45370 61151 59305 63758 57934 65189 22022 11203 40113 39838 15846 40545 42733 28927 8855 25981 36882 32952 41127 30242 52465 61482 63692 27984 68216 50203 15701 2479 43808 63763 21670 42187 26295 22070 56574 11060 37709 38568 48877 40851 3009 4871 14993 46798 23515 22019 52437 54654 9892 19611 42416 47514 50437 29509 62883 66849 28852 7500 61773 57468 56800 53018 35078 46729 54591 39212 65968 42184 59931 58329 4985 8175 6888 39219 16420 43017 67982 5525 44512 49764 3035 14124 10520 42109 16085 41436 1468 5899 64884 60431 52698 39926 32122 44268 48658 50475 1834 59099 64150 65664 32677 50829 5935 59454 58237 12605 47832 9102 68720 32668 48871 63401 34692 49395 50651 39574 43997 55253 7407 28421 31099 3387 64290 36793 69756 61381 31595 60438 53144 35427 49492 48344 61426 11904 28789 41247 49656 60242 14773 24813 53548 67240 16241 17792 46593 26524 81 13265 17533 23344 27968 48821 28936 51294 19969 50714 40360 24869 37911 7543 55008 1386 55487 40369 54630 25065 39021 18067 42417 64597 4406 51531 10731 53640 12723 38975 27921 58098 51345 49797 4226 21915 33593 42362 45003 16203 22960 31826 11394 58796 63614 29823 5782 39299 36770 58462 41927 4877 63946 40232 38642 50710 15597 9087 17863 66652 59891 25499 35916 39545 65264 43201 68806 50036 53946 51416 58481 5826 26334 7417 24427 44586 58730 69306 49666 16971 32427 3194 53836 42269 52962 45374 62541 68199 56427 39906 42165 27798 27977 35590 69509 62930 15529 20842 9548 68403 48963 65284 65903 60050 15015 51102 180 68691 13128 69870 58088 35315 42893 10131 31416 29704 46315 67657 27803 8885 48879 36792 18130 51735 39432 48074 38083 28377 52508 7660 24461 50060 1312 7768 35335 52222 50290 13149 1538 12021 40708 33150 16374 29736 2039 3888 57137 12220 42434 42278 13847 69613 69927 56090 66079 60761 65746 19284 35301 5187 35329 41497 50397 67544 31504 6905 19485 56478 59773 68481 44214 63576 41910 14387 25566 39305 52204 14344 58254 16746 5374 13384 2996 45232 44808 56467 64869 38836 63625 51419 28525 23214 46062 61616 4182 66944 20459 17220 2013 16898 36230 57068 17797 17751 64587 5246 297 27956 30762 45980 45653 53580 7803 27577 20640 22726 42003 38542 60666 46854 3509 41361 43802 31860 31983 35623 24662 20862 60361 21059 53767 36933 33186 26184 28150 12173 65833 62925 12066 51035 56145 22644 59587 18071 52381 40923 21093 39642 45588 21909 55720 34061 6867 39090 11455 49048 44011 53497 61471 7918 67121 31578 6701 56649 52143 1087 28187 46948 41330 5228 17927 22882 11192 38408 32763 34963 25924 30013 44467 10128 55189 21495 55295 22998 44710 14923 30920 43241 64746 9895 36709 28813 67823 47682 13852 36411 67392 1629 37562 42165 40348 44465 4900 33865 56583 10654 44900 61865 41227 8036 18926 32670 65285 55214 56005 11253 30838 45493 47804 10937 29852 21695 49457 53709 46098 5920 7410 49630 44769 39495 59961 4884 60044 15169 44369 50352 55948 40449 48679 36814 16437 51549 8259 47017 52123 46482 63653 49631 40943 62176 11549 2389 39799 48780 5194 8924 51857 66788 56843 65571 61107 52383 3967 15390 8011 49414 13882 46744 44023 21586 23964 41168 28861 47639 6072 9474 32363 32743 57539 67775 41375 69047 30615 32117 11540 50367 2333 59830 3513 68413 26348 23884 41949 43030 11589 67910 39418 67280 13817 54582 12227 52215 31210 2270 4291 10250 40261 29363 3806 24871 13245 5565 15861 1689 21497 38995 31259 9698 27663 4946 9714 12083 48389 55319 43683 36061 43403 55642 9173 50945 17350 37783 30634 24771 5697 41109 58072 3474 60647 55390 62531 59920 47198 34625 56392 3972 20108 34231 9344 16296 41153 43131 22474 52142 54433 29551 22256 57691 17763 11461 29873 13284 30497 56177 31208 51966 28932 20886 6440 19217 61839 10103 65592 3410 39478 51107 46728 39855 64546 3993 57089 63114 17754 31582 30891 1488 35943 32042 20655 57322 33579 7463 31142 58806 51002 12497 17975 7331 63443 47729 8393 49371 43537 13290 57357 59045 34681 15875 40507 13168 60911 7150 2344 28961 66293 35709 59941 54145 33955 17037 22261 5892 66568 39909 53997 53101 56310 34527 2506 41220 22667 55749 22381 33503 11639 44498 23473 34753 17428 59795 2219 38574 22209 19121 25163 40877 30979 38134 47762 37301 46941 40314 65651 13340 47085 66705 9894 2788 52663 30204 15159 63820 25773 36140 47103 61414 27776 39041 54896 13228 68392 23212 22336 38210 66893 49490 48326 61087 42042 67299 40951 38616 27727 62628 52628 17412 24265 68668 43070 67100 17274 37234 8012 18639 38009 14165 30426 56052 55381 63373 28204 45171 47888 60614 66249 33274 33963 45346 40353 24419 48675 66853 25082 21920 47455 40387 49846 31175 52149 24614 49002 34871 36183 46066 44818 14919 39033 20492 64574 13150 37824 56780 16162 24326 64707 33544 47136 52735 61058 41606 67023 64307 55021 55560 69709 2349 59580 46869 69974 19291 10460 58862 62409 16728 39406 62553 27743 33438 1236 21318 65233 47032 2001 46361 13910 31496 9835 57979 68213 41605 54606 1259 19360 13060 58086 42769 65517 37444 39308 63970 10602 40388 63498 29669 48524 58640 26505 14471 59641 63769 7651 67754 2808 16083 30033 28380 7388 32627 58936 32684 22918 40565 25455 51084 30500 36570 21605 44361 21440 17461 2811 6256 1652 23968 21358 7391 37853 43339 67448 68703 25138 56728 29723 16675 56720 48588 55518 15259 67539 34772 68362 54122 28599 47840 51393 69256 6450 28586 42664 12507 15394 8808 49987 57861 45484 58439 48646 11903 23449 53980 37821 24094 43676 43202 57501 37537 15784 42371 5627 48874 52825 55146 53416 50835 38028 35912 57644 13815 14899 39555 17238 69030 22781 53179 54282 49907 7883 34296 43140 53593 66095 6565 4458 44044 48305 60931 37201 66127 27147 7582 45966 5835 29897 49793 63782 34576 7783 30294 61682 42900 21114 50511 65247 5539 28828 59533 60090 19177 24135 58920 54715 13229 67435 14055 46582 6526 29102 58840 23809 49544 37766 42166 16957 20078 65038 27913 11204 60948 30889 904 62729 59085 63627 14608 40168 62713 24590 58193 31742 61731 27720 44044 30577 22952 7715 14669 51953 823 31430 12596 33629 55562 43561 10127 52076 2719 47400 64118 44633 19568 39853 8073 57634 61033 67819 67450 58249 646 51640 46713 33128 15295 32862 28803 19962 44853 6365 58478 36214 34279 24324 22548 13488 6661 42853 58904 66802 67135 26243 15034 68071 28682 59154 65827 52916 20620 17277 21269 21247 22148 17417 51833 19829 59021 50767 12004 44986 33859 59391 34879 18983 10240 27629 24935 64159 57631 61832 58186 43071 68808 39061 57893 48968 51250 22442 62771 6472 32360 68271 28257 48958 1024 60334 58720 26778 20704 49093 18509 22560 21171 3212 60723 3967 5215 47973 9363 9745 47574 59943 23726 31887 39183 60167 43987 58100 1143 35168 18941 11401 13628 6647 62458 41741 48133 4192 22034 5597 62456 51472 17423 45387 45796 25630 8565 54317 37913 19019 64579 25561 9748 63677 33400 5375 51623 18021 24344 17793 52342 47713 67526 69285 50380 31504 59270 19828 9627 15002 12759 69138 61481 53908 23052 30326 51408 42414 5453 10648 42044 43006 54314 11355 15011 63602 63518 58470 33974 53125 64414 46079 28493 400 14768 68000 53977 13761 24246 3993 22756 63363 16412 35269 66884 3331 65126 48517 63922 7288 19981 22592 19227 23991 17071 67788 15478 56508 50926 52596 66419 1637 45592 57310 14908 41322 35291 68665 50524 59417 34216 58085 15158 13597 49913 9052 64006 67479 14282 30703 43496 63645 57353 24121 46093 11793 54187 38566 35377 50577 30111 54720 12761 47696 67248 16764 26596 31736 64291 9913 15303 3709 24789 39657 44157 139 15106 9015 55976 12811 16175 34680 55017 22833 30741 19558 54593 25694 64401 35520 25748 4590 3997 2287 56109 23985 68174 56908 65368 62249 47597 10528 34061 51444 34676 14411 11658 27779 47365 9339 60688 3803 44723 30964 56435 69053 7472 20541 49584 52477 68802 23826 65247 62884 66903 18791 43135 1122 26922 30067 50944 69307 3187 32360 34212 68068 30747 37583 69420 13390 44123 62559 20934 27524 55507 46467 58899 8130 26563 19594 67985 20445 67367 16951 13688 23819 15635 6040 67651 67550 57170 45176 47768 3216 64441 12311 16544 67404 14413 56298 34794 40262 56020 34724 36428 41526 19382 34135 15402 44005 26995 60183 17232 28727 26657 47409 28420 5493 14906 59144 19811 11295 9191 24912 2658 3355 54072 48754 15264 24265 61258 3450 23206 58169 67121 66638 45075 11508 7178 63947 18373 11982 40456 53563 64203 36552 54951 4550 52238 57371 53732 28858 28097 27435 9813 23503 3902 63320 16370 4356 55445 45206 49158 69614 46970 38889 57276 34449 30977 52272 40965 43998 56742 64432 40508 22372 46123 57401 22231 69521 43330 68101 65050 27113 46644 52147 61117 63439 61858 18757 63997 60114 11287 64270 18650 52736 1774 30129 63188 15012 31644 64504 41622 34551 24322 48131 42935 14036 45293 24193 21539 40820 4690 20092 35339 17053 46663 53674 67815 23956 33173 45635 66527 26908 48898 62808 60080 14206 3578 18283 36787 20309 60471 45919 26777 51866 39127 32753 55576 22307 66280 56070 62210 54504 15979 43083 20730 7747 56534 56316 37791 64945 12335 35352 39940 25574 38474 19200 37634 67668 60639 5543 46475 61446 2773 9682 11205 68100 18289 20415 27374 28593 45151 4679 32363 2342 25503 39562 62859 26421 12227 36120 23839 41377 46676 35542 45889 33457 58172 9891 16760 23808 54309 63427 14137 36245 21121 39958 63099 5044 3818 40136 44974 64787 22608 60750 54767 16879 65587 2825 902 14885 10156 7114 21225 17415 18066 21475 10949 29794 50985 65851 39044 29662 60887 3721 24403 46730 65732 10952 52499 9644 41464 45493 8232 4976 43786 6980 69721 38530 39740 7205 48786 7367 59071 46968 41660 19671 66040 67471 2937 34117 56122 60756 13707 40206 39397 61068 64983 5224 11778 18212 65669 6839 39892 45002 64990 24851 29714 16681 58815 1165 11070 57084 57289 69444 26049 1948 69047 56968 31935 19556 32786 22289 20237 53864 64584 15637 44283 7968 68181 68406 63465 62113 48591 57548 52149 27458 31043 33168 23501 41096 41479 43802 25010 23533 44395 28481 63192 52477 30351 26574 9537 62571 28041 51126 41044 23973 5998 64707 34841 56518 4861 31396 34249 16343 39726 19522 17729 21087 41417 12036 53601 63875 51415 48144 44253 12069 18682 1052 45685 56694 14746 33974 27546 39705 26327 2706 34611 51086 10871 34884 50827 36971 44745 25006 30195 8793 42626 61463 44633 24719 22919 59063 11285 43275 45527 20783 24293 59002 28284 17209 37657 47177 12639 42391 50315 6447 25683 1903 59558 37477 15254 42188 17918 8096 16117 48742 12002 57863 67502 38743 63976 59226 26194 28719 10537 18100 62594 68778 26948 37517 58283 8048 56061 53534 37614 36503 4333 51623 49603 18750 29915 4615 5357 4398 645 67823 60568 2473 17603 2093 56550 60677 26464 31073 20512 57612 53473 64431 37392 19437 12672 24665 34967 16933 50868 47244 31014 11620 45470 8358 21167 67185 13785 10771 6304 53542 32139 17236 50081 28168 61763 38820 65293 56921 60679 8462 44020 11278 13762 66886 65906 36128 64552 52124 13011 39980 67546 14758 30471 26169 40822 22130 65560 24413 15741 11164 43202 11374 10698 55477 19226 30833 68676 29978 67035 66552 31794 23548 65719 211 24231 65394 45630 39645 15464 711 68363 17530 36568 46181 47901 19538 9676 50849 40036 1773 30754 34690 4522 65720 6211 61823 56829 68258 66526 61948 40026 29910 52613 7783 20090 11152 59199 17513 10486 54127 67755 17924 38068 28350 2200 22004 32970 1335 54163 63129 3533 12535 25347 43396 50687 29475 41697 56944 28137 44305 42107 47290 36240 64822 65889 19517 57226 57358 46459 57453 35019 53865 28930 23814 33553 65324 143 19550 23895 28152 63767 31637 33471 56045 66848 2146 60358 32419 49700 12097 15294 69910 67085 35359 5547 1582 51888 44555 16820 22627 52106 45838 64486 3425 18130 57198 26781 65857 44057 58175 7344 28045 8541 34104 33338 966 27148 24766 9624 19588 5501 69821 54098 61084 31387 23360 29981 11116 24290 19537 20161 61278 66979 27420 6847 44569 61896 37442 36272 22210 36943 42896 21463 1971 32183 54123 25504 30043 51934 11177 59261 9644 29437 45586 65421 49053 32460 38794 410 3548 17625 50526 49106 1392 1331 31300 5766 60755 56305 14686 5809 35339 17993 16420 56595 10921 483 30953 14446 19796 41547 32181 3675 59702 12472 4037 48314 11531 69661 55923 63523 16268 67272 8668 19450 16900 69913 32896 64512 48906 34343 367 21473 8346 18497 5928 26953 59120 24988 25798 43963 25151 25720 65571 6860 55809 7587 36098 33642 45656 20593 8942 59586 11575 16684 34605 43871 55617 54787 7151 67110 10196 25426 66274 27703 16738 10681 28218 54395 6018 35887 45815 61132 25012 22252 48898 960 1585 35994 67312 48622 10755 19040 60114 8306 58682 24021 24558 63248 6838 61323 7921 44900 43081 4227 65742 49279 23356 41884 11519 19479 16304 34922 46413 56725 45899 31256 1548 49051 56041 24276 65271 55028 60294 54292 5259 34796 47561 63209 46388 60668 11300 56769 14931 55077 38313 49996 31260 37287 8906 47827 2558 41380 63126 46756 27926 32585 56970 43572 55881 37335 39090 13277 66410 65214 31904 11827 35463 33971 65825 8357 39676 42301 66239 20778 63875 42139 65251 27457 61902 9117 17785 26094 24535 21605 11819 15055 14248 41375 51364 51576 32703 25709 50226 42073 59107 16974 42588 15850 34102 13748 46838 35878 4384 37757 62285 50070 16919 45716 41238 14531 25824 38820 47585 34333 18402 21626 7442 46628 3361 35263 10603 62865 971 8922 48234 41026 32158 22298 25290 67447 24159 9928 50934 68631 10190 67359 35722 52058 54247 56379 5403 42836 10640 46937 24433 63829 32976 49583 29364 39712 4945 9615 24906 10011 43009 62500 49722 67249 68114 4436 66101 29183 14178 24120 57113 23708 29718 8470 20930 41047 63319 54790 10750 64578 29783 16481 22133 60717 25915 64940 56690 492 23123 49998 50673 19329 9922 49881 19298 26498 45452 18916 16228 55335 5536 38277 55021 46586 26337 4469 13632 27904 50363 16016 57591 39094 41714 59881 48856 25591 31745 67798 49328 50421 48260 828 57672 40191 69063 14510 21342 16503 12254 23567 64993 10316 24297 41906 36749 7694 14073 51102 25702 39837 48308 11646 60929 14776 56198 19643 67279 41341 42618 49849 3457 36028 28524 59672 46709 23981 22053 37638 38039 64636 9810 18138 18359 4724 48605 15921 3892 9543 48986 62365 26621 13282 1607 69662 38679 33771 24916 12341 52657 28310 54192 16608 5997 52734 55951 20787 2516 45306 55989 17729 59146 36391 19297 51635 59373 4265 9837 15423 36084 28857 38820 59979 57829 46110 37515 7446 22689 13213 55238 25662 20763 34497 3303 16536 9108 66581 50941 38722 52869 56140 39058 52361 8716 46226 35512 7149 14057 28489 37474 45676 6744 69334 29203 46392 52186 54619 10920 26983 110 21328 22679 33248 22819 46461 49260 65918 42887 50254 42728 62308 25895 66224 13290 51911 23553 66583 62183 9084 69467 34870 38051 42362 41908 39217 19816 46138 26225 40161 12555 31598 30450 13445 52938 40907 68983 37971 22619 18232 51904 63564 17876 2036 60165 25859 31154 60588 14506 8428 47213 44655 27249 42986 35693 26607 17925 27804 13138 44292 5613 5471 24928 28907 50181 424 63684 5677 30605 26231 7933 58583 32557 48901 13497 34607 25538 7815 35028 58989 15447 42209 27877 63508 4886 29544 20537 7432 8262 44416 57419 40707 56159 51730 39381 9876 55155 45449 55561 27114 33195 49235 36352 30993 65047 52449 35157 54680 57623 17398 64347 57914 38587 42020 21737 54272 17291 20297 52026 7014 44018 12712 67951 9205 20277 9606 16340 66483 32078 27650 22075 55054 62532 69635 55815 6727 31575 54239 36477 3808 39372 65743 37818 41482 69222 15693 7723 47253 57087 63259 44664 12798 36848 15433 39627 51944 11357 57457 14532 60897 17923 5955 56490 61511 30826 17074 59574 2633 49698 40355 34594 3582 32792 33340 30100 63726 1019 23910 65719 61190 6337 6804 4526 17419 60578 8444 26243 16358 61590 16645 46592 36043 21906 1386 44105 64861 36728 17816 23801 9110 26467 21494 48261 52927 9145 263 67013 46498 41418 46715 49382 15245 18173 24239 54916 15315 34096 36809 54193 44638 50194 39247 13519 11868 46270 40326 29091 33804 7815 34403 45554 58072 6413 45890 1939 66862 2907 62729 1345 48691 9252 7398 50996 1261 37824 11766 20881 51062 11224 37232 65952 24422 23886 35063 19835 26010 28914 52856 52707 58870 61055 14512 4512 62469 17547 61755 34192 35284 48168 61196 33700 26195 37255 42177 43510 42314 45957 29497 30174 64157 16052 58038 50986 23008 29134 18228 29288 5415 65185 32921 3181 67100 13858 63280 21968 51916 41673 4858 42823 24145 12456 20636 54930 1689 47689 69664 28640 47201 49542 16226 60417 56608 55438 65464 51119 41105 57197 17379 29119 24528 44847 12203 41226 60524 27957 28193 56872 41100 62164 14108 2032 23962 13493 51218 50450 28057 51039 15814 40219 49379 14177 58008 16616 57390 41643 17309 15692 67363 56818 11644 53569 54809 37262 43950 53701 28370 4844 3160 49878 66083 34429 63010 55235 6458 58656 52133 13343 60583 69610 26527 53329 30741 10499 11009 53202 61140 24126 12072 69312 68932 57600 30697 9571 2129 24503 50832 19787 835 59097 36350 21688 29736 17192 13989 30896 68001 19636 25778 57333 55615 52152 37015 49778 48924 35298 33980 5493 35454 31387 16053 24402 4159 43226 67962 46197 18173 54960 19436 68341 66883 66708 44378 43988 33380 147 52044 3523 69016 22713 44692 55984 69676 34364 68021 39852 43581 56369 24439 15164 14581 41031 13181 10824 47206 61144 34190 36659 17293 45230 4171 9303 5627 42958 57948 38801 61744 14366 43989 46763 52971 41570 38789 35177 30992 16043 63399 5629 51634 9993 6582 46606 58820 51961 56838 4030 51289 42151 44004 27190 35317 6070 34285 49863 3316 29355 11388 25123 39410 49910 3946 60175 33762 797 30337 64086 62292 11769 31389 40313 1168 63488 48462 56609 2418 42951 62384 47562 9920 6201 60188 27707 53590 6547 60737 32382 35768 58378 19855 50261 56572 23409 44897 62483 38379 45561 31861 35772 54216 27502 24146 1513 61304 42810 2322 59591 50629 51110 27654 670 8071 44498 31577 62146 68991 48898 33752 53753 1149 20032 66603 56412 40006 37218 62496 4323 60678 7247 60963 23316 25206 51730 27702 55610 29600 25521 49233 2021 27214 22914 19492 54979 59065 6625 20453 53174 8242 29452 51414 8543 395 57049 32754 53226 25498 31526 15666 19700 3466 43707 33018 24281 26021 29769 4433 54687 54094 26346 15241 59700 2307 44888 27529 45278 49665 36935 5548 57458 62769 41571 2228 43638 28948 31266 14504 16958 21302 32982 8411 33642 1881 6913 24908 43564 21623 28858 56812 31583 864 9197 34047 27997 23639 39650 52316 558 31787 58780 61521 33282 41969 34590 25186 56059 35354 55833 559 62356 30162 55774 18572 57661 50688 22325 61560 2921 6376 31517 63353 28254 23 47544 37912 4410 32668 64426 68463 25215 27035 61186 64954 19660 33160 17875 29208 29868 17528 57423 66814 53145 46758 55051 6306 31709 27430 38271 57373 58808 33562 4671 33849 2329 29178 18202 7557 2978 25378 45688 8084 37840 26582 77 5353 53763 8978 34881 65239 44205 62850 12560 17384 21394 34216 42857 49690 27959 43246 27591 64218 1518 17825 5186 48816 2336 50520 18822 63846 35697 67910 21036 3330 9248 65379 17078 39147 11536 63042 47679 50849 43414 48798 69297 60307 22734 48220 64676 2874 51111 48528 11422 58418 22609 21646 43026 59481 61328 31290 23862 45921 64434 20636 12837 161 50262 7657 21810 24048 40541 18470 55827 17452 4470 5285 19840 31824 53382 11256 55674 22473 44750 16328 52499 2072 13242 21634 14655 35254 35187 20509 33862 8890 66688 55282 3278 26943 47373 58257 49936 61849 10602 25046 13142 27901 7395 61961 4714 60603 64705 23433 1608 68741 42869 54671 7645 42388 38908 41274 11648 17900 43301 33969 49917 65990 57342 29909 13945 18390 64503 51423 503 56054 60830 16324 69716 47438 43129 10519 64096 224 36203 10712 50688 50802 51152 30421 8406 898 11532 66189 43300 20032 9868 10652 25473 55257 51277 32798 45895 60337 44912 68965 9225 39340 22691 17933 37290 52775 4269 27835 16159 58401 46647 62246 18323 53103 46877 790 33141 5580 61063 14602 13700 51351 68557 18878 22557 68129 43513 24008 66204 1000 60464 62282 64313 8376 61923 41668 6827 20600 33099 48957 46157 38244 42578 54464 63947 5763 49476 50615 63307 21784 8534 152 61083 61360 25541 54365 13994 15300 17392 14482 61220 62729 63676 30359 41906 63848 24421 56609 45185 6837 60703 18870 63789 14278 51618 14507 34466 12912 65870 3260 55843 3952 47091 11008 29450 11025 32231 67770 8900 25560 12445 22695 57773 29525 18903 68077 67260 30226 31778 39652 51591 15807 22206 54870 59490 6584 15947 14356 14393 6704 1826 36624 26825 59944 9967 16560 54326 25007 20719 63164 19649 7024 60047 50230 69706 62748 58328 41893 62270 57906 1637 49570 59131 34785 1870 64755 20796 19231 52108 41912 1365 55801 21343 21102 45329 4019 47528 36988 28426 22756 18890 54616 53995 40780 15824 10050 2486 17680 50439 61012 43534 23110 36595 64608 34749 28481 34561 7993 59056 23039 4182 53648 23225 25970 10400 6983 60834 16043 69060 39527 56545 62903 66500 59719 22729 29025 48478 57751 56494 32367 58024 47521 41321 41147 3308 490 7012 68661 35716 53758 43959 9463 28410 3508 29530 34758 55169 61280 414 11316 63745 44450 57818 50769 5463 52050 12901 59484 39877 16999 61375 540 45288 66689 15149 66634 13603 22188 27802 20436 35890 41791 63396 42822 3307 56907 13486 32211 14139 16499 29950 10152 57609 27474 61807 1504 49148 42454 39932 9193 22086 58016 16233 5940 19961 14624 16210 53892 35096 8167 4959 52118 7932 7675 9667 68082 26215 12598 34191 56065 12563 13290 64603 59336 11260 17859 18943 38090 60410 61717 55770 57722 1282 13704 12534 23544 29012 42251 54778 29761 19491 45336 4104 68563 308 47410 61279 19291 61327 44504 28144 58532 65386 12814 26602 23984 41029 33970 54809 52945 57575 53927 61216 48778 60692 2309 4130 9640 15411 56761 43250 42941 59764 51500 36757 33400 2396 52354 10821 59008 8802 39403 49925 67478 33528 1723 59537 43521 63043 53329 7330 38991 59440 18029 63742 51000 24211 20106 59833 37907 14852 64464 43292 44824 13120 39679 889 32072 8719 35346 65238 47677 44610 14694 34075 56126 38235 12142 25351 62831 44823 44162 26497 7934 64876 51338 4374 11237 11908 48558 7956 58363 27195 61678 64798 25737 61961 50542 62893 10681 17815 19549 21899 60271 15168 45934 64176 5862 27176 5104 37764 31202 63877 69486 60737 18309 29597 29266 208 7807 56460 41405 2436 47283 13716 4857 9182 12249 54865 36585 46778 44112 4289 4076 35304 7307 20845 57681 53645 24948 33500 31100 34226 13116 34546 37394 43789 7241 49520 54479 6465 6984 57332 28956 65472 7739 20065 21928 36426 30222 22456 13167 65300 22278 68905 48637 32387 42438 5764 8449 40289 64343 3598 66859 36125 17259 64782 29297 66689 20835 27054 24638 33388 33816 32922 57149 54771 36319 52327 5503 1368 65326 12846 64683 28230 30660 27284 25007 32365 42358 56701 10318 37640 4287 47950 1697 49322 12082 19410 50873 6353 7916 6044 2875 56653 52152 48811 4610 888 38566 54937 20654 62536 26807 18163 69077 8331 15484 10015 65040 56257 12652 1662 14041 56309 38321 17958 62367 59124 50792 10121 15148 61009 52040 68171 32185 1325 24229 9598 52243 31731 45406 2588 30194 19963 21622 54337 68672 66342 33196 68473 50106 55791 2815 45684 34418 26120 4916 59566 50671 30057 21384 31497 61625 52767 33505 51781 47029 398 34543 34238 4688 20195 21748 30530 52880 12854 41574 7372 44514 46393 39324 9129 10119 53303 55721 22087 63960 3222 55264 29875 36904 13387 43869 30419 7890 18638 58874 43948 63664 66566 52446 20947 24659 48442 10096 25037 24298 64214 52929 53955 31942 47561 2021 27186 44347 47712 24865 1802 13071 16170 32299 18891 51134 66258 60025 29105 7336 57310 39987 26125 52172 5917 25712 50337 22918 16973 35063 15628 14436 38217 37127 13991 28609 38908 6838 25221 65349 84 37353 4151 57224 21357 9620 11931 63422 55010 1781 29058 3321 30623 47584 38142 68858 59795 7862 32232 13688 68397 16670 44530 62472 2467 45225 66064 29392 67247 8014 28104 69406 40838 29018 5036 67504 16625 18794 58529 33772 44037 50714 41221 38432 47217 12928 46232 5328 32080 50711 27814 43913 45616 17401 1458 6330 19970 68388 2654 39650 14374 19642 67423 69189 34200 3316 11700 42248 66081 19289 65693 29414 63419 61256 39589 41835 41107 37974 33589 59467 67822 45178 32451 42661 11317 64073 65833 50689 5534 1274 67002 60860 32255 47341 17890 68335 59143 52487 29745 17273 45390 34668 12847 56734 15882 30547 10920 10961 33096 44217 1607 23739 44249 11685 41468 49185 18965 31510 46865 25253 19393 8605 41856 48721 35759 4340 8269 30092 31606 30562 24002 61463 42190 22698 67114 51704 40125 11543 2379 15299 59947 12453 33420 15834 63011 55266 69307 21397 60764 30966 69545 589 68189 65491 52505 4594 52174 56159 3564 12367 67338 7785 43153 15012 23589 12207 54319 34322 68774 22087 19697 1259 23001 41153 55737 61743 64240 16460 34505 27879 59391 36359 52265 27857 1282 54371 56853 21402 46300 63719 52160 47373 60616 55488 40559 52292 33263 69515 38436 46768 44288 18992 42025 32555 24685 18105 3207 47 30705 50469 47121 52261 41384 59812 31944 5824 18854 13363 7837 48654 41906 67976 43406 44635 34431 24145 57431 40117 5311 879 24169 21776 62213 44936 45402 15007 62010 22387 56542 40121 67591 46555 1475 5144 29017 43655 2402 55524 63638 62736 38421 5237 57782 34891 22727 38970 35854 32498 23082 50960 64028 31249 1376 38898 16856 30665 9351 42544 60705 18043 27520 10252 17709 64497 23132 27184 66009 31576 62684 37677 66627 12179 5135 4458 8052 46831 9789 45909 32448 65678 15438 16447 3673 28273 40453 45755 29675 21587 20305 62315 67358 63755 41843 14517 66278 60166 15845 44562 24788 14499 7103 45638 43175 28698 18443 18922 29622 59878 49010 12610 53896 44880 40774 46682 3055 57883 66523 47899 16315 21577 21539 21818 898 45534 43745 32045 18837 25275 12503 57276 10314 24148 46886 29858 6408 10635 27703 39605 46187 10535 25347 27688 31113 57769 8395 28133 34828 4813 58036 9105 41152 47839 41726 63267 27550 16995 9101 360 35875 45918 21116 35937 46592 38926 32777 53000 58710 29099 22069 925 6223 38258 64063 36078 59025 43014 20484 34845 55046 30968 30152 37151 57383 40026 18892 5300 32971 52963 50885 34205 31911 4932 49985 23611 37193 61338 20993 27452 63688 53781 27649 8736 47463 19654 27641 51753 36782 53807 46900 8996 64498 8222 25323 25961 37819 51484 53514 69141 1458 49594 27540 6430 40511 8306 4847 63683 27089 62777 36268 11131 17591 43459 36941 5390 31337 17296 59724 63974 23046 63096 4366 43871 7513 14601 16571 21326 45376 34463 55349 21209 25151 6296 60192 66716 46711 54732 54435 59937 64347 51281 52964 44330 28441 58687 52678 67866 7458 68420 59216 30897 41786 53723 29412 24754 51978 44494 2188 62119 40197 37300 22461 42136 22102 45372 27399 44850 66197 21405 9206 57630 54769 41512 35869 62798 18616 6689 46490 48748 52335 52828 59302 25782 52007 17199 25851 17225 49747 56233 51600 10988 41856 54209 54122 36082 37783 36732 54281 32978 20606 43693 26269 66274 40412 28517 69660 43309 57622 36183 25603 62678 56176 6466 41933 62631 63799 40177 59740 59003 26429 67662 35382 36971 53710 51498 50133 42726 3425 18568 4925 62174 31618 48345 752 36603 12597 50966 65761 10453 1235 44846 24509 42277 55362 45444 65816 3317 55315 47402 23914 24309 27165 7474 21833 36419 39536 14651 30241 33233 8859 51555 33483 45730 38074 24399 32586 18203 52285 47809 52946 40534 5140 21305 62873 8762 1933 22438 3071 68048 14291 8396 10711 28570 51849 54632 61486 6201 48359 49354 69152 5073 24923 53428 47222 55514 25507 53595 52569 50916 531 47844 34250 17280 28788 37875 1885 63824 39003 5 60341 47317 26264 54161 51053 14041 50608 43326 66577 14002 47871 55845 67496 15457 52063 8836 62787 41864 58568 37470 16534 55373 63604 36860 43477 14017 30921 5294 33410 10254 22579 38182 14069 17673 47794 43735 30417 61742 69271 59111 21171 54259 29809 15076 57125 68245 18040 20309 49634 35270 21358 12293 5221 52107 31472 25311 30400 56835 29802 64665 61491 67858 18952 61272 44114 38850 4172 16242 36586 65616 8321 58542 69335 40356 66180 50329 767 4665 37637 26566 59491 27954 69414 3128 25515 54344 6349 53508 2177 59397 65113 32841 47352 4557 15026 30292 25683 29451 56208 46827 68723 5522 30510 12933 44970 20713 40357 3628 35092 55649 6629 10266 52543 55294 33010 64005 24338 19872 5126 35072 17132 23621 45913 53152 17117 18131 69496 51960 45903 15234 46402 67954 23038 49922 56643 55818 54761 57492 62198 17933 36178 4522 1070 6298 11855 55371 12333 10579 55480 63794 22045 49896 37222 28647 20193 34895 69957 73 41496 60044 61355 27273 33810 46225 4858 8497 16091 43135 20290 66359 44606 62240 21700 29997 42475 36838 20251 10577 20324 45985 20267 60976 26466 55658 3849 12495 63238 35466 48632 40279 13272 19481 57318 22061 47930 61887 23676 50712 51016 67576 30748 54193 61393 54629 9897 27021 37132 60164 47187 4391 7112 17280 38370 61508 33762 18398 67505 17813 8053 46981 35922 37673 24861 24132 29373 49471 12147 43686 34868 14397 12414 56428 62935 58842 41775 55363 25675 8499 57403 46969 21977 10716 38762 7835 16191 542 40472 5122 23983 11188 37773 14298 45138 60442 19380 52045 34020 16359 49027 55064 11134 63685 44618 63176 24020 26264 19336 12972 1378 53041 64417 20546 25615 57507 58648 56185 34080 11072 67661 67581 54782 23873 7595 9866 38616 64372 22890 14085 14245 13135 13975 24542 47070 6861 6743 43537 24362 62865 45039 23962 19627 25950 63393 7679 40667 23135 40101 36324 783 46464 43664 15664 50752 9321 46840 28482 15015 31791 39004 37625 23869 43947 64015 10959 68893 65751 56998 8821 59803 11035 60036 29439 260 69034 48012 63071 14989 66699 21898 39036 971 12214 31841 1985 37597 45613 16317 30460 37411 43317 33631 36768 26019 6300 58284 18374 41848 47286 40122 48834 10366 28150 62457 35141 45793 56911 7249 11251 19628 57216 36980 48040 3222 20208 21470 9830 6994 20968 63582 20754 67003 52700 36293 62861 43104 43404 27123 24248 25811 36949 11712 42968 102 40581 22959 18369 39219 47138 18366 66493 17134 9261 69748 21227 56194 42360 9632 66420 42236 48371 17485 56871 3057 54689 23986 18468 61010 43570 68246 28078 63975 3180 52674 11576 30365 9250 49703 45560 25110 49240 15876 30054 10217 42428 49541 67511 40441 8048 53853 49551 67024 17396 32301 38088 12213 47083 65775 15162 54035 41709 45419 61777 27924 69722 67314 22720 61798 53192 24618 26394 9627 9674 44435 24317 33203 12888 7559 65476 37468 41794 37226 58736 29400 12850 34402 48174 15527 11834 13543 68400 67145 22318 34385 62420 52614 38310 41574 31863 32200 31522 23443 15508 10280 5969 57899 61843 17337 10139 10847 42978 32688 18462 60993 66089 13422 601 57582 60719 22766 24329 64871 40790 62711 1617 18928 57298 4877 35447 21465 33617 48160 58767 25342 51310 36934 23751 59536 29663 44018 56232 17039 11158 18010 29718 64112 18528 21556 16457 21000 20706 46892 57030 42852 19595 28215 49238 24320 33424 34445 47595 61012 50643 58135 49843 15287 40598 65474 45602 60413 34468 22594 1554 5300 10275 51304 26163 20470 55951 31653 53319 37968 53026 16915 1626 48800 47758 54480 57250 11981 61763 42989 43212 52303 29522 3891 66019 36928 6272 46358 10261 36114 65722 47555 6454 64123 5575 66675 56323 35080 17426 60573 5945 17772 8826 47828 39417 55497 68171 27677 55407 5014 2503 32327 44904 2365 68519 21761 61738 66398 17426 64067 9235 14669 21733 47042 12752 31448 42003 32492 38174 9936 19792 49913 20065 64767 7437 53835 22804 11421 33573 61930 28731 25105 20741 17719 38230 21302 32927 38418 40495 61850 13054 54867 14703 8220 32202 55889 67743 55912 2871 1039 28879 36105 51041 65903 13119 49620 56308 31396 29883 40068 17038 23143 10474 28423 62602 58273 65355 11864 49255 66587 4773 1644 9444 65563 39277 30834 15317 34468 67920 36529 1087 50545 29273 61011 36792 22873 36898 58077 6640 41692 23358 36400 54662 44670 63729 67791 8314 1470 54005 67583 51071 24449 35215 66587 29204 37706 59477 47293 63250 429 65927 30822 4028 23327 2699 29801 32714 37844 11817 28859 25223 45475 29024 8007 18695 18192 22262 29252 25037 65150 67368 46692 50305 56074 63775 13181 61029 29410 45031 14213 32709 69833 68316 51334 22524 58059 11072 47681 67588 29540 37862 60331 50336 66403 3567 60089 24728 44313 37132 507 64237 69365 14100 42362 37387 44448 50932 13137 15380 69976 66129 29207 25346 42989 64225 27330 50148 36160 677 49390 26547 51170 2192 26914 54245 39089 62566 16305 41117 37083 65454 44906 1911 45332 40165 69607 63899 3791 26274 21983 63343 68760 41276 8502 30940 35668 10045 68537 65304 18309 11885 57286 60765 15749 38285 33633 65484 31306 16853 1822 54539 63287 61141 26 4413 50030 52106 29225 61357 24294 4373 1610 32680 34784 20532 20087 28228 17157 18120 1869 64349 5971 54582 69442 27704 7617 57458 58626 54229 8861 2118 28595 35231 5591 16600 42905 41285 29734 50963 68509 25519 34516 29477 40204 4148 3179 1666 2610 45923 13496 54424 22980 69953 66011 11885 53748 20375 44647 2918 3450 66028 64545 3068 48733 62547 10107 18937 27802 985 19884 59953 49781 148 62161 12402 27551 39595 4460 51558 22941 31385 43574 18627 34503 49956 65712 36415 63307 41161 43573 37653 22877 11390 11240 47459 68828 157 26032 40672 8276 38616 53805 27309 38796 33508 45295 50808 4533 25509 50725 17160 23826 32614 47455 36163 67894 12953 13817 49950 54084 56672 68407 20465 37677 18853 51242 34517 33291 1052 11905 54656 59228 23871 58289 48935 8273 37297 64435 10851 27357 19528 15009 32442 13995 14815 11990 43735 20926 25541 40569 45154 17283 31781 50205 6488 33143 28501 65664 57560 25008 55183 61988 47006 12583 47442 10232 17230 44821 36919 22111 64849 10566 47633 59002 33729 32739 67067 42714 9615 59309 22583 63215 16824 19221 34333 40176 69989 27194 44968 21597 61274 56956 46922 29461 56556 55077 41228 14113 34549 22086 20532 467 57918 344 23513 17045 20954 6119 25820 3668 62091 5679 54792 66751 6362 19390 5445 20966 17586 12442 42609 64432 17519 5582 88 43641 35936 23042 52736 14045 50728 52543 8912 16713 16060 50560 9518 15523 11062 14613 59933 45895 68226 4165 56639 29758 65668 50514 61272 49914 4130 68674 34704 43374 59164 36859 16091 45666 13935 61622 56898 63678 54584 57563 62278 27253 11827 27236 14942 17176 34295 68732 30050 52461 3063 54332 22724 63814 50500 61732 66057 62292 34289 50576 37885 40410 69287 12035 39862 26782 29569 39131 56094 46727 4363 12384 17965 43235 44354 34794 8931 15616 50568 67528 42088 65613 54811 66208 36213 10665 27004 3564 49363 21386 26542 17974 42949 40317 63204 20959 49013 61747 64989 4657 10035 3896 51671 66406 9859 5783 11378 2004 17107 63389 61550 56457 60116 3492 43736 16774 17544 59203 54636 15681 29665 27987 69506 51235 8049 4399 29434 49435 19652 46523 32167 57069 23451 14750 41259 65360 49356 19917 28860 43554 65843 9901 53848 35302 42428 3125 13294 23384 38240 65244 67827 3323 23632 41738 24767 10257 62892 63406 68494 2766 34401 54953 67065 24173 64321 13416 24004 61285 52114 18315 23003 26931 3554 53289 37021 29752 68996 46245 19588 27417 52142 935 22823 8192 3758 53481 44592 47831 8918 17344 53529 31128 17790 63235 30754 45725 53722 63538 11494 66109 20710 39827 19757 42019 55461 38741 46289 5774 46572 2881 40846 68863 28702 33129 62147 33716 6886 7558 23042 35738 31016 22748 5564 62493 26270 57731 15827 3511 36097 69655 19128 30741 1126 37322 41873 44900 9756 45847 35059 10631 8134 29745 56823 47857 18247 24230 24344 5497 60839 54695 51026 60439 14217 54805 39237 57430 38432 34761 48640 34864 30411 45556 19056 68021 24247 68709 31892 39151 61994 35266 49841 28079 21779 37849 26385 694 65250 1282 51992 57644 35900 16667 44235 44767 60008 26398 56461 58627 34800 62021 13639 41480 34922 66314 21209 7604 8068 15162 37942 19836 62101 64950 51366 12485 16967 37985 12377 23813 53524 27312 58217 69649 20765 2925 60719 38026 303 4164 17611 43841 6272 47488 35269 53657 31944 24607 22509 58357 24491 65467 24695 50921 45727 59927 7583 26519 66337 19944 51642 46323 60111 68906 2081 54348 27299 67802 34669 64576 3802 20367 27890 53122 35299 46107 59877 61197 36054 54374 64372 62288 57102 24129 35436 5171 21061 24249 32163 24171 6708 25302 9327 12169 9254 3329 49367 42438 35916 46609 10453 2151 51498 28733 32153 53079 60882 61231 11624 67125 60372 67028 15050 56600 22664 66674 4209 12368 59028 64925 60558 18889 29563 42464 47201 5271 38645 47325 5778 38485 41227 49089 3333 43 2227 29442 32924 43561 50681 52466 64864 48919 30728 55736 12548 67095 14890 43533 69439 2065 14607 24208 15619 38716 2115 34507 58263 48533 35491 28124 34172 51168 54823 19689 47438 45669 50417 50480 30959 8524 40738 58869 43588 43422 20209 5495 43785 22036 45506 12973 33538 16767 25767 47995 34377 69985 1547 61713 21827 19411 6049 62453 65520 66942 16799 48853 32693 23596 36018 67601 46674 23974 39541 45630 53916 35738 67410 5282 30982 53563 65376 35935 12728 51812 6386 17146 14027 53761 53719 44332 68707 60599 35850 32223 29661 34484 31644 14597 2526 7228 3730 55466 66670 43763 65272 29926 52309 22937 32832 20772 20867 43387 11169 47281 15797 9649 53897 34341 67052 6095 64840 42555 26953 5563 45425 33838 1055 41808 13408 27588 59918 2624 40387 31394 67891 30443 44092 22020 12676 21445 64126 47984 28449 49411 5459 29903 64119 55083 46015 57685 43528 42146 51403 55931 44547 35194 18269 13159 41671 37335 18942 38159 55526 53135 5163 61205 35536 52100 9096 1189 50781 57813 43547 148 23151 57266 37873 15324 18821 918 40448 31791 11191 23922 58680 22702 30814 3563 57739 1814 68311 28107 19628 57842 56676 46962 16577 3441 53950 4760 37492 8396 31600 58150 4766 43300 62359 15894 42505 35760 66619 7712 41947 15862 62877 347 57551 56958 34088 66102 49104 33168 7629 8942 64941 48197 26413 12879 56226 3975 879 41151 11831 19505 27227 23613 33534 36738 69622 36005 34544 17371 65079 30493 58350 67586 18607 21923 32016 26936 54179 36742 35666 4347 43578 51312 3697 22308 65900 28629 49594 53401 48626 66603 18018 53018 182 43544 20172 69347 63371 20316 2865 51793 16360 54429 41278 38731 16672 40195 32015 32702 10173 48674 32805 56314 23848 66041 60550 29931 29942 24157 14796 33285 35457 68285 17362 37668 36095 39220 20671 62098 45359 3148 46268 68915 1864 1203 26452 16786 65838 10085 24874 13562 4096 51988 38172 13254 35307 52496 15600 62766 11425 22907 57573 22633 34199 13616 2073 5740 17240 6111 66047 51255 38127 34024 20013 34663 57087 52532 62040 6870 59764 19455 7219 49073 14395 14280 31384 43975 41936 25385 9740 40787 32021 64935 3459 45747 44975 16930 5875 22867 9339 42533 57807 47451 24073 68666 18726 2394 22716 32257 25275 31871 21476 55872 46132 9174 4835 45656 24027 4713 19329 8535 67559 47922 61288 5030 29035 51574 29694 69533 29987 52234 37681 13747 25999 15566 7080 17615 6235 8612 39470 35640 33604 2255 54031 39092 64505 22471 67288 40045 9253 8193 1838 45025 22327 18356 15832 34526 4007 19938 57967 19997 56335 20694 15669 4487 17515 719 19974 279 35764 19586 39847 15392 41586 59432 57988 36125 45339 57617 46467 26092 64622 54582 39596 58992 58637 4660 23901 22685 66363 5050 61220 11047 33645 13814 54793 18887 20151 1617 13649 55120 65670 23234 12285 373 2720 40883 21624 7193 58963 26707 21630 66948 4800 1593 45635 5068 59425 30593 21405 20770 69696 22505 49810 64100 9475 49511 42998 59652 69291 32779 7920 44701 19329 69333 38844 68401 49342 52647 52370 34827 41983 18486 56009 49315 25109 22390 59221 1961 68379 32858 56866 48850 30006 23844 14874 7264 3089 36901 8403 65511 62707 32087 5558 57948 49329 64186 64752 49775 61710 49347 67559 3864 50583 13868 61469 42292 28435 20647 8358 66701 31166 2050 4457 10047 21588 69688 5834 63854 1154 5638 63275 21424 47046 50243 928 43715 17041 53392 18742 31686 52830 58495 15470 35069 8028 9328 47653 13162 24267 35969 7466 11068 25527 53284 38999 30038 38610 69154 4887 18396 50371 4250 54366 12990 26532 13144 16085 53865 41051 20598 23346 55233 34931 27760 57041 53582 48075 16736 49375 16341 25118 47376 57229 65989 40190 63253 34634 6564 26646 36670 39988 67656 68849 52608 34690 8716 33892 7224 35794 60596 62230 62812 11408 23036 20367 25226 56874 64124 30255 5340 10648 64869 25274 2075 17076 35942 60831 63435 11614 64986 58704 4059 38284 20249 69938 21507 13107 49564 59164 64983 6750 28107 55203 9126 56669 40493 20609 22222 10494 63119 21445 66574 63079 7416 9216 34504 63695 51133 28966 12749 30289 945 3135 56686 22934 42077 3453 25736 58969 39287 7396 58737 34682 63397 33365 7667 69430 31188 48196 18182 16497 31919 4744 27849 23743 60083 18413 52975 41330 3648 7759 25361 55532 4437 69033 61361 60735 27885 33745 50791 37359 147 59868 46613 30443 60983 11058 42568 19532 54747 27659 15276 64104 389 17246 1956 29037 63142 43337 49349 33725 45373 6314 35788 5998 67311 52353 1671 37122 28675 33197 5691 68372 37647 48954 40333 5941 11193 6311 15278 1173 18587 50042 60864 44850 19475 58719 32992 67361 56097 30810 32783 67364 54204 15919 58972 68187 47464 64384 23761 17529 17836 9150 42663 32430 13845 48087 56655 13450 57752 48438 49697 18680 66919 51002 63339 26118 31745 68902 48762 539 65356 50439 22994 56050 10914 38304 2027 39421 16593 50 31483 28398 31310 6415 32103 5627 48225 32937 8746 67320 35182 12852 45770 43168 17377 58818 67676 31034 51285 41148 19802 38738 16625 40610 34051 61475 48702 18565 16178 57139 42661 51166 24612 24827 36838 44442 10670 50063 67953 31854 15586 53210 65888 34346 35415 23383 12382 29251 48555 14887 44584 55049 51433 32674 68592 69735 23964 5616 41097 44961 2508 26648 14343 57886 57855 33064 10227 46178 17135 2981 24388 14458 10490 1237 22523 44692 27305 36283 64380 20073 45063 59769 46509 49295 31320 36084 69941 44544 3530 10546 52703 42811 13510 14951 22578 37699 42532 62676 69065 11538 9167 69226 39781 52377 63243 38661 48359 48916 54156 13118 3263 13538 34790 16579 62201 54931 35405 8634 5424 54145 12313 39110 10941 53800 11210 30956 66452 28584 66072 46113 30216 14 21612 62927 22190 46584 46956 11159 40838 29682 2334 27560 27503 17050 52051 25292 38390 42668 52128 37965 48597 19550 22716 69291 1779 39225 39665 7162 4804 49117 41478 2787 15411 17643 5119 55389 20573 57865 53455 58561 25958 6847 54585 44337 33136 47082 55065 22777 28021 6737 39419 23704 27991 1358 11305 6488 12512 68625 22178 45585 28474 44632 60422 3778 50867 32302 57007 61214 61781 21014 8581 42760 33294 3031 45755 37455 56279 7362 12773 42682 49754 57095 56888 380 61141 42404 23906 62319 69967 65427 36577 69215 3980 54072 45146 29624 59900 51210 44101 3516 13286 21368 4374 30172 52519 28269 34223 21731 17339 51806 17745 27721 8184 19028 69053 9095 53491 10952 69402 32909 55568 45986 33455 36076 67471 62585 60780 36147 57195 47135 22397 16334 63216 48741 36241 5920 33365 26876 9472 26257 3399 24779 30338 28331 68239 30313 1732 17276 43735 41722 52902 22260 57634 28390 14065 44915 6897 47797 3251 53432 60231 21054 19509 63667 45372 45920 42173 30736 45428 61948 32606 42967 63225 49743 5190 38745 38125 38546 18981 15299 19004 64259 14001 66953 25063 61359 25662 27891 65242 43041 13175 46398 58667 15788 22803 6852 68493 4691 66087 19695 41548 13503 53908 67622 44288 10092 17166 39050 3598 26261 37328 47873 28853 25247 12931 13499 1727 43849 41446 53864 30328 18412 33668 27771 6637 18326 47315 17511 14030 5731 27984 25493 44140 6474 13176 69103 61143 21194 67387 40527 178 57608 7440 33501 16932 27696 10955 12210 28211 51570 42303 39530 59849 53129 4600 30688 59439 14754 31561 854 36393 2743 68607 33351 18890 28175 42814 46396 26916 3953 5319 37630 69364 47346 62056 6967 69103 38090 51607 30013 66896 53353 64123 47700 23116 60295 69754 9569 32823 36615 5093 22831 8046 20816 3630 49713 41205 54332 67737 32195 49817 32685 18696 40584 19763 52426 16619 42307 63711 41612 10608 1990 39516 58142 22097 27980 26642 24910 36394 69676 20538 27536 54207 67562 9596 4951 60381 9477 27708 46706 19940 11694 12748 56686 16900 39149 60416 47633 6622 17138 58904 49495 21421 34190 34122 8875 35809 45508 24467 69691 23750 51260 4577 67398 62122 20907 47340 65162 35199 42772 16349 18676 11682 35431 47456 18245 36818 65147 66120 43716 43936 16062 35497 68872 21673 25783 35611 50140 5136 4570 69855 69284 65809 20789 27904 27686 29536 31257 26051 62423 24771 37824 67133 38353 14641 63500 17352 9401 65048 55230 29971 31067 27186 59451 58831 46411 5733 586 45569 67755 28855 58499 24433 24995 1517 53784 33709 27026 66243 17021 39657 69302 659 31420 68922 11108 3537 18954 35808 42207 57123 50252 57953 11121 54056 31607 24969 54575 36034 58544 57126 9558 42448 56331 10878 67181 11191 104 37348 25688 53168 67411 42419 18851 18651 27630 33969 63837 17282 62222 40263 27516 63103 5170 63694 17583 8883 11532 3136 40727 6446 58809 43157 36195 2975 64404 44380 4653 14410 69992 66759 22807 44525 22591 65150 29121 22354 40600 66547 53523 52383 12063 62331 24586 63326 63729 19659 43088 24964 23377 5804 11002 13599 53094 48385 30665 37195 16718 66010 27236 26028 63918 14112 748 30328 62212 53347 54625 12077 12007 26630 46319 59068 26510 6992 20508 48028 51674 54997 55866 22118 58031 3723 1334 67890 24778 12004 66911 55356 18253 64082 53773 24337 58346 33705 43454 886 68831 48336 2739 53890 37987 50362 19698 48110 50784 69279 36991 32310 39992 39095 29785 69716 68948 40432 14132 37787 32999 62528 47245 53553 37587 6626 67273 62832 58600 2150 42237 31017 41140 55212 52802 66826 5169 24396 12664 37002 45062 40093 49780 35357 40029 26551 12668 35366 37748 62348 44617 54069 60899 3434 3591 21806 45116 66640 49867 6070 49751 21557 20597 34778 26768 31482 33528 51722 65595 14225 61808 68345 12951 20487 15381 19345 6583 62667 61213 25375 69520 52250 13190 65650 66518 37830 66241 37199 54672 63380 43237 49190 5190 18892 41261 30440 5464 21013 42941 30235 44569 2074 30295 4909 20962 14727 57359 44818 11130 30665 39632 14902 2641 3450 52909 37979 66888 32715 60664 18325 65950 60648 39498 52268 21665 17334 65620 62907 24607 67006 12443 61877 13434 8151 69702 18239 56182 51793 22152 64257 13814 20631 26492 20301 5740 35958 27016 27431 57250 46684 11054 36892 30927 8450 5383 56586 42025 57305 55214 61579 6833 66314 3078 8431 1178 69455 8204 19520 7074 40723 65939 35513 63078 9476 49713 67463 14561 39791 3 59267 34411 11005 36540 38245 30465 2481 61475 63157 15606 4645 44944 39647 69092 37212 49844 44549 19655 34887 46936 32586 34359 52257 16235 17432 39101 39646 5616 14762 60498 43629 1420 60203 46564 16696 26249 14686 13246 46338 53553 15567 64715 12223 49944 11522 64236 69429 49107 39487 47655 38979 18432 5186 51606 31295 50524 44053 33956 14816 54840 67967 6444 40631 11639 4548 67229 66321 17100 17715 40474 13561 13735 30492 31196 15177 41125 67182 21893 9405 15569 67613 13908 3074 31997 5765 12760 13068 59241 49138 13980 57276 7659 39421 46376 38645 19117 66793 17671 65540 26870 10549 65634 26812 4564 23549 16754 20330 63792 53174 21677 67265 3478 68745 49943 44181 10057 38415 61063 43481 37549 52065 8826 27562 49029 4074 34639 69288 69226 31663 29609 14137 61201 1937 67882 60202 37631 38438 19808 21571 63005 65572 60305 61488 52685 16810 59398 8924 65600 18820 49657 13299 1651 56040 53156 69326 6173 67786 50068 32967 25510 61463 22331 43305 51657 66723 10856 68395 65763 46851 50109 68796 10291 26377 10089 42597 45222 68523 16679 60061 38157 27036 26178 43349 11474 17720 44184 67780 53566 17841 49878 31563 5391 69338 4169 5714 30529 34093 33511 31949 27666 13928 69990 58257 7834 48737 10166 5749 53361 52353 65845 39914 38050 7848 62689 14728 25295 58222 4211 7259 37384 31466 3468 43226 22996 49709 30324 66070 32350 63222 3125 62384 24803 21441 22752 4570 9724 33075 41140 59447 60173 66820 42674 55843 62090 24140 26929 33232 12248 67161 32320 40216 32291 58978 33735 13227 33220 5101 20237 5972 58397 52269 997 46870 15626 2604 5330 63891 19688 68541 7237 13330 24721 5642 69574 3219 69637 32954 44845 51460 49303 28705 39776 54257 59533 2018 18648 15892 54711 22519 48726 5981 45656 10229 26636 37793 43364 28220 27460 59247 22748 35930 3815 29577 66004 56947 37638 63638 63206 42516 27823 5853 60743 31218 39634 2914 56626 19306 55618 659 8007 67174 53927 47892 11862 3929 15013 69549 3809 14705 56752 37640 54854 42053 12564 46874 17796 69674 9793 28395 54685 41035 66313 15392 69776 7506 17316 55818 1771 2346 16034 8890 37473 7848 60848 17841 15724 61257 4543 39533 34694 35874 4690 58636 39299 27089 25780 42333 55890 34029 8618 7594 51906 51089 6662 8155 55890 18436 29568 1427 3492 29673 59275 23468 27856 5621 6727 64832 25420 66641 994 62386 52450 23364 10405 14072 6717 33110 42260 702 16798 62053 32608 49845 47665 23450 69637 66196 1997 4045 10461 66882 34261 14143 31879 63106 20544 50615 16297 9442 65857 54575 6453 8907 49540 30112 14246 61045 2827 42172 51709 8928 12761 6452 12151 61251 63059 50525 29980 23677 31272 12298 69550 53096 30172 9748 48091 48352 30717 25646 41847 17246 25120 15070 12501 295 32126 44651 23049 40714 62638 68604 42678 4714 13745 68145 68719 5121 37280 52679 49130 17960 49485 31881 47596 64930 14415 52791 21019 30737 30698 35354 57128 22276 60006 68916 1131 54385 17521 57456 27439 68571 48533 35901 29220 59452 30045 28568 65454 22508 46902 19189 68183 66632 44881 27710 2448 7752 49313 24084 63923 58043 34890 20264 55489 64931 61605 52432 52989 5460 14302 51032 1354 3022 24921 62218 50189 13642 25462 493 13709 23706 19539 27430 8577 16453 48611 58405 64074 36913 22134 31064 65815 54561 23890 67616 61855 22947 9831 9922 63760 108 8893 66185 38842 68900 63405 58566 50348 53791 61732 4535 64532 48191 56968 63753 8074 64522 53515 33551 40757 22037 15908 1453 51893 66244 66759 43982 4655 29257 13443 6846 65811 13826 57791 23647 51075 36700 2812 59313 15785 46928 47094 25404 12763 40315 3427 2014 53470 47780 51044 24834 21278 2910 40791 19012 27357 63878 66783 67625 21186 3631 45989 8700 18893 4327 13900 23728 32364 3747 31118 18357 55572 59605 26809 62830 42517 26252 28697 40731 27076 13480 47071 66432 15823 23257 22767 61920 43963 55724 30672 57591 52176 47675 21758 10538 12421 20833 16900 52938 29355 42822 56397 67556 56021 61670 18356 1800 19098 55947 57369 43033 938 54719 39660 22336 50274 38717 20702 28350 18446 228 7924 23838 63747 34303 30556 3028 7812 41331 37317 38180 60316 10803 40084 47467 65498 61203 12544 12158 24488 33739 47720 56044 49324 19604 35660 39781 52933 23928 34934 40977 69718 26682 57340 69105 21720 56505 66924 40465 46842 52996 67887 20626 48601 48746 5912 46555 18170 24355 53267 44550 2013 69908 66894 61064 44114 53526 40775 67706 1999 4049 36997 26687 36377 10362 59962 45089 4631 45331 64617 15297 59833 25163 61031 1451 29486 62114 51063 34006 48448 11943 37387 24395 53902 52089 54276 33846 46149 25155 58842 54799 15876 5262 44390 24626 8567 53537 24338 6653 67038 16972 14529 30103 
