// periodic
// number of jobs
1
// pi
70
// Cycle
100
// aperiodic
// number of jobs
9000
// pi
29 4 13 45 38 38 19 37 30 26 37 24 4 33 28 59 26 54 29 25 25 44 51 44 47 56 39 51 32 3 59 6 52 7 18 20 2 48 36 25 51 48 19 46 26 30 50 23 56 40 15 35 32 7 50 27 53 12 15 53 12 36 58 9 1 32 48 41 19 35 55 9 1 55 20 18 24 20 10 35 59 39 10 8 58 43 7 23 56 21 58 24 32 21 27 23 12 50 16 57 59 1 20 40 4 12 10 3 10 47 58 5 22 48 57 41 44 2 26 41 29 23 15 14 11 10 39 55 2 34 21 14 19 2 50 11 42 20 12 2 56 21 7 34 23 45 54 47 25 4 9 29 56 24 12 32 57 10 20 20 23 24 44 5 6 6 45 56 58 18 9 57 9 38 15 8 32 46 14 36 31 57 42 49 8 48 20 37 10 48 19 35 17 55 30 5 47 8 58 5 13 32 49 21 14 52 31 59 38 25 1 31 56 39 29 18 52 52 14 7 15 48 39 38 57 55 22 36 29 16 11 39 4 15 33 3 18 45 43 25 23 11 43 56 50 52 42 23 46 28 9 24 22 3 6 24 24 37 14 11 55 23 9 57 42 27 20 44 31 57 7 16 33 2 4 7 13 21 28 14 55 45 12 59 9 2 2 55 3 47 12 43 4 56 43 55 35 8 12 35 40 47 43 46 11 39 49 32 53 9 51 29 44 2 51 41 20 40 51 35 56 17 17 46 34 27 4 36 10 13 43 21 30 27 50 17 35 40 11 29 8 30 45 23 16 5 49 55 25 45 46 2 50 21 4 45 22 5 24 37 21 33 18 25 26 57 20 22 14 42 6 27 56 9 29 13 38 11 17 12 3 44 55 10 38 21 30 37 5 3 37 9 51 40 56 41 53 9 31 27 59 5 31 42 38 31 24 23 49 42 55 3 12 48 53 42 13 44 38 19 29 35 45 48 10 12 31 58 48 18 25 3 19 19 55 17 52 38 15 14 3 59 46 39 28 52 5 40 59 45 5 57 44 34 7 15 42 12 1 35 57 14 26 42 8 54 41 27 27 41 18 19 49 44 47 59 49 36 36 3 21 33 18 44 39 2 22 27 2 15 59 35 23 16 15 24 23 23 25 26 13 54 10 27 46 50 6 11 32 30 54 35 50 35 12 9 6 38 49 11 12 28 31 2 8 13 12 54 27 27 20 3 31 46 44 45 46 13 58 50 24 29 53 15 5 12 24 54 24 22 54 7 6 25 38 32 41 44 8 46 16 32 37 51 57 29 11 45 56 22 2 10 56 16 54 22 15 8 17 35 27 49 34 24 24 30 25 19 38 47 24 55 5 32 49 6 20 49 44 17 22 49 22 14 1 4 19 46 43 45 26 4 33 48 9 7 23 43 56 42 12 55 10 35 25 51 7 39 21 38 16 25 52 33 45 42 52 24 27 44 39 54 49 25 57 12 45 48 26 5 34 55 19 29 56 59 35 47 9 20 22 28 58 39 11 25 2 56 38 4 36 24 18 3 8 49 1 10 18 18 8 42 18 35 50 23 31 55 41 58 4 27 23 44 8 45 6 7 31 51 5 59 47 45 1 35 4 46 49 51 1 43 17 5 43 39 26 28 22 45 49 34 16 15 24 27 35 47 25 9 50 22 12 29 49 53 40 12 49 36 35 47 26 39 15 37 49 9 7 12 58 28 30 18 35 22 8 49 52 9 7 31 59 34 35 42 9 25 30 5 37 42 23 48 5 8 46 57 33 1 22 51 7 49 46 27 34 22 27 13 4 28 22 21 35 1 26 44 48 37 8 58 12 43 35 47 27 42 50 11 49 25 38 53 52 47 39 1 5 27 33 55 6 24 24 42 3 25 5 22 21 29 29 3 1 32 49 48 25 39 38 49 59 32 45 36 50 7 53 36 52 3 13 5 42 44 57 31 33 9 45 50 18 14 4 19 59 34 47 20 58 27 25 13 1 52 5 11 46 25 39 34 6 49 41 34 8 59 33 10 55 34 8 15 13 54 18 54 26 23 33 17 1 7 7 28 10 37 58 22 50 26 40 43 14 47 49 33 29 30 9 9 52 49 43 11 25 38 31 17 58 42 14 31 41 47 53 18 3 35 8 9 14 57 30 28 20 48 31 46 19 34 44 22 13 43 23 49 47 7 51 48 30 58 49 3 24 15 49 23 14 47 19 1 33 1 35 46 48 33 10 17 44 25 57 15 46 27 24 39 22 7 44 17 57 4 7 10 44 15 9 20 25 27 41 35 55 40 55 38 26 15 15 22 18 16 9 33 11 25 14 35 54 46 51 41 23 54 10 16 24 16 6 14 55 55 17 24 2 3 7 46 20 12 7 17 53 25 59 38 59 50 47 14 6 44 48 50 44 12 11 11 34 52 14 53 54 4 48 12 24 18 22 19 6 7 38 49 9 25 41 56 19 1 57 10 51 53 30 55 33 17 19 20 10 28 11 55 2 25 6 23 57 14 28 7 31 14 52 13 29 51 34 56 43 52 9 30 5 57 9 41 30 20 21 15 52 20 3 46 57 44 42 29 52 47 20 38 12 7 3 9 21 15 23 26 6 44 12 54 48 36 22 47 49 32 59 57 19 52 26 25 28 6 33 41 58 39 36 55 9 17 54 12 24 13 55 1 7 40 46 35 5 2 11 59 57 30 8 14 22 54 47 44 34 43 36 17 9 10 25 40 50 19 7 24 34 21 42 19 7 19 29 39 44 38 50 5 15 50 8 19 29 6 27 15 1 29 27 32 46 30 5 46 20 59 39 23 55 45 7 25 42 2 35 14 11 13 2 22 48 4 46 24 30 9 7 58 42 16 59 51 33 59 54 2 20 24 44 56 42 23 39 59 13 4 14 39 59 58 31 12 31 3 30 45 48 28 24 10 1 28 29 18 30 53 42 35 42 36 10 38 35 29 26 44 5 1 31 19 59 5 43 45 19 57 31 28 12 52 24 51 46 13 15 30 26 7 29 57 8 5 36 26 7 39 12 50 46 47 7 2 34 24 45 49 54 44 5 28 38 51 23 36 32 10 50 2 53 36 13 43 4 1 39 27 7 22 39 41 14 27 49 16 32 54 12 28 32 51 32 6 31 17 39 5 19 39 38 21 5 36 53 6 15 43 3 27 56 51 27 13 2 39 34 32 30 5 50 1 56 54 45 31 48 3 5 34 54 54 14 48 9 9 33 50 18 56 8 54 21 1 11 23 29 18 57 59 16 58 9 48 29 26 58 52 40 42 43 36 45 7 1 42 48 14 31 44 46 57 41 5 8 6 44 57 19 38 25 6 18 25 25 11 20 19 57 54 35 19 58 56 46 59 55 55 30 35 22 40 9 47 2 30 31 25 46 50 15 21 15 6 27 20 20 39 33 18 40 2 16 47 56 58 20 2 34 4 30 54 8 30 3 5 1 40 45 50 40 4 21 41 14 55 22 51 24 24 38 14 28 56 2 53 36 47 12 2 33 27 38 53 11 29 45 23 3 25 28 49 54 8 35 2 22 30 30 5 44 24 36 50 29 11 49 17 55 32 8 42 9 5 14 56 49 1 6 48 18 32 45 54 7 50 55 45 12 26 45 54 6 44 26 28 55 17 25 36 17 29 9 31 11 8 7 46 14 59 22 22 32 15 13 51 41 14 36 2 21 57 1 22 17 51 8 38 58 47 48 34 11 22 30 57 10 28 27 23 22 39 48 39 59 21 4 3 16 49 13 4 48 34 28 46 18 58 27 45 25 48 20 58 23 42 28 35 16 47 49 41 37 16 21 22 36 11 29 20 33 15 52 54 50 16 29 37 13 21 59 52 1 18 59 56 14 52 13 17 53 43 30 53 44 30 21 7 13 50 13 40 4 43 41 2 43 9 27 6 20 54 25 51 23 45 27 39 47 10 41 1 16 7 1 39 10 41 43 24 43 56 26 8 30 2 3 6 48 55 15 34 39 15 9 51 27 46 4 15 30 6 45 31 11 45 13 31 21 38 28 57 30 37 49 39 41 43 22 39 44 31 30 56 8 31 48 42 8 31 44 10 26 44 32 53 57 55 5 21 34 21 24 13 7 9 44 47 10 43 2 46 22 34 49 19 48 2 12 6 38 43 44 44 27 2 51 29 41 5 53 38 2 48 33 19 36 36 47 23 23 42 10 46 41 6 56 13 44 8 39 27 28 37 18 16 38 31 38 56 9 9 33 55 45 42 59 3 59 53 41 39 6 20 11 13 15 21 10 22 52 50 4 47 29 18 25 21 15 19 55 22 32 29 39 37 44 9 53 37 26 3 48 48 8 57 40 50 35 51 39 56 36 47 38 54 52 16 34 10 45 32 15 10 21 37 40 19 7 52 27 16 10 44 11 13 30 37 12 48 52 48 20 34 5 3 23 20 39 33 21 46 23 18 20 47 53 9 46 44 30 7 37 12 48 47 42 9 47 38 35 2 2 26 41 18 59 6 51 44 5 44 22 34 1 10 17 26 45 58 24 4 29 43 48 25 16 51 3 9 27 26 32 41 17 45 17 12 8 48 27 12 38 31 40 30 24 34 7 36 56 12 35 42 22 54 33 18 58 53 35 42 25 1 21 31 26 36 54 41 16 10 31 54 15 36 22 2 20 27 35 9 6 6 16 20 6 23 15 24 43 43 21 53 2 59 36 41 43 45 21 25 34 1 45 3 30 41 52 11 13 4 51 40 59 40 35 27 46 47 1 8 22 44 4 4 58 31 32 46 42 3 21 1 45 6 8 40 9 18 21 52 59 57 53 6 25 19 50 1 34 8 15 17 4 36 31 39 27 30 11 32 21 10 31 17 34 13 17 37 16 50 3 15 28 35 14 27 5 32 5 47 10 17 34 12 40 16 29 6 1 33 44 17 14 44 23 29 52 19 46 6 5 8 18 29 38 2 46 29 19 37 16 43 54 21 4 10 3 17 25 19 25 19 31 11 55 25 20 59 54 18 20 55 44 32 24 56 28 2 20 27 21 58 19 3 45 56 29 31 15 25 1 13 4 43 4 31 36 3 27 26 15 2 54 45 42 47 52 20 47 44 2 35 34 56 7 58 13 10 3 12 48 43 56 36 13 46 47 46 7 41 52 48 29 47 17 47 13 13 37 12 8 29 27 18 50 2 46 50 16 26 36 26 19 38 3 51 39 19 42 15 8 28 19 54 55 30 31 2 22 32 18 37 44 23 9 44 34 21 7 15 3 35 4 24 54 13 42 28 32 3 7 7 42 28 46 5 43 37 5 42 3 43 29 21 15 7 37 53 38 47 27 42 2 53 7 31 43 56 58 6 59 34 33 12 36 24 50 12 7 18 58 41 50 57 22 56 39 10 36 37 54 30 23 43 52 35 38 28 17 46 54 10 11 31 20 24 5 12 36 12 20 54 33 20 55 57 4 14 24 48 17 55 18 37 45 7 48 7 9 43 28 28 55 21 51 10 50 42 12 18 52 54 14 23 51 44 13 45 45 15 8 33 3 50 6 21 28 10 33 46 42 57 19 10 30 13 34 43 27 52 27 4 53 29 43 56 54 7 3 38 14 39 53 57 8 8 25 5 38 22 37 18 23 11 30 59 25 9 27 40 54 2 54 23 10 53 18 34 46 38 15 25 33 30 2 28 14 1 20 47 44 19 8 27 39 32 42 40 1 29 59 28 44 44 2 1 3 16 47 21 8 38 58 8 22 49 43 9 18 3 51 14 49 47 44 35 37 58 45 31 6 6 50 16 22 54 51 30 3 1 17 17 6 59 16 35 1 34 25 52 49 30 56 27 43 27 52 31 23 52 49 4 5 18 42 31 37 40 8 25 20 19 10 58 8 30 2 13 30 30 5 46 50 40 31 14 3 56 1 15 38 59 53 51 54 37 39 55 16 14 56 3 38 59 55 7 13 43 53 22 20 2 4 47 22 34 33 56 34 31 21 18 44 12 45 54 43 39 11 14 6 59 11 17 20 33 21 35 38 56 58 39 38 24 59 58 32 44 53 4 17 35 33 44 53 59 1 44 42 37 8 48 42 1 39 36 48 28 18 22 50 45 12 57 51 4 58 45 24 8 4 24 3 7 4 22 41 41 43 57 53 20 8 43 4 13 7 29 12 19 58 28 30 4 7 8 23 16 12 3 11 9 44 58 29 19 14 39 3 46 49 25 40 3 3 37 16 29 23 7 45 49 56 13 32 14 55 44 20 54 47 58 36 41 6 17 27 24 4 15 42 9 50 10 11 11 41 40 18 57 21 21 5 23 27 14 56 41 57 4 40 10 2 11 26 20 19 13 45 37 11 7 42 5 38 51 23 55 52 59 56 36 51 16 27 39 34 17 28 42 43 35 51 7 39 15 38 54 29 20 27 36 24 41 52 32 5 22 5 53 6 34 32 18 19 3 35 40 15 8 19 43 10 3 20 43 6 5 24 14 34 12 35 35 24 55 27 42 55 26 48 23 5 29 4 40 17 33 44 49 49 46 54 2 27 28 46 5 1 23 29 36 35 40 50 9 22 2 7 13 15 2 24 10 15 14 27 28 17 46 59 9 28 19 44 32 23 3 37 2 34 57 16 9 5 56 10 34 23 51 36 45 11 7 14 37 53 2 23 59 24 49 11 37 4 33 28 27 16 5 37 37 40 25 42 53 20 23 39 42 41 9 6 9 2 16 19 26 51 6 14 51 50 12 26 7 29 52 40 38 54 52 40 19 49 26 33 49 43 12 23 6 30 43 18 44 54 52 36 29 35 39 32 49 1 31 17 3 46 47 36 26 57 32 55 6 4 45 8 46 13 28 51 14 39 17 28 22 43 53 14 48 6 8 35 58 57 38 58 10 16 24 25 45 18 11 43 43 1 28 29 29 36 23 57 28 37 35 25 13 21 3 7 20 28 14 34 48 47 31 38 44 49 35 40 47 19 3 48 10 7 57 39 56 18 46 41 42 54 28 2 9 28 1 58 45 30 27 40 54 20 6 46 20 12 24 45 12 42 23 47 11 53 34 53 9 12 4 58 26 43 16 42 16 6 32 25 53 53 44 16 13 51 39 10 16 17 51 6 51 41 24 29 47 59 14 56 41 50 23 7 34 39 7 51 55 1 50 7 59 22 42 20 52 14 20 13 49 26 44 43 55 52 31 55 43 41 1 23 15 36 57 59 27 54 2 18 37 48 40 5 59 59 3 12 31 47 30 19 55 33 41 54 14 2 48 24 51 5 14 54 54 50 58 16 54 2 45 22 42 44 16 43 43 12 16 17 33 28 48 16 26 45 22 44 2 10 6 26 55 9 49 55 1 30 21 41 32 15 40 30 59 25 6 20 36 17 14 29 3 40 36 8 40 44 27 48 36 2 32 1 11 14 31 42 21 7 13 36 41 36 25 27 14 23 54 15 28 33 49 19 49 46 57 14 40 58 34 4 46 4 53 19 56 43 13 25 36 54 38 5 37 55 47 16 59 57 34 59 27 10 19 15 57 41 11 50 32 7 6 29 18 59 51 21 52 50 45 24 35 47 13 45 25 2 14 8 34 11 57 45 48 27 24 22 31 55 46 19 58 6 47 33 23 57 48 54 10 28 31 21 2 49 59 17 24 34 36 19 49 47 9 19 58 50 9 38 1 17 33 25 44 49 59 13 36 41 45 13 44 21 17 9 8 16 46 16 51 24 23 44 54 49 57 44 17 56 8 27 44 9 52 38 7 25 25 21 7 4 58 28 5 50 11 1 29 21 49 6 20 37 16 15 38 23 57 53 2 52 54 24 26 4 45 20 1 17 44 53 50 10 31 20 23 15 10 55 19 17 22 42 22 49 23 54 36 47 25 8 46 23 56 21 35 23 50 58 13 47 36 5 15 11 21 55 57 53 32 31 34 46 36 42 13 51 3 51 6 23 37 53 16 18 44 15 55 11 42 25 46 39 56 48 38 36 11 42 41 49 26 1 5 44 27 25 27 47 58 10 2 41 37 35 13 20 29 52 28 20 34 29 26 54 24 19 46 15 31 19 2 19 56 50 45 44 37 14 48 43 51 32 12 11 14 51 24 33 51 35 58 9 56 46 8 43 12 30 31 6 58 22 47 1 47 42 15 4 41 15 21 24 21 58 36 28 53 15 19 54 53 3 19 58 48 44 8 47 45 1 5 13 29 51 59 50 41 26 43 5 53 47 10 13 9 8 7 23 31 31 27 56 20 6 51 21 32 35 46 21 47 59 45 16 8 40 22 1 57 32 45 37 40 32 29 28 38 1 57 30 36 53 43 46 17 35 57 59 43 45 59 7 15 9 34 51 5 55 58 38 43 15 16 58 9 18 21 11 28 29 34 20 35 31 22 59 34 45 2 36 58 22 4 57 16 35 45 31 45 45 9 23 25 48 50 22 45 31 49 7 16 14 5 46 36 33 12 30 2 11 55 19 32 11 22 20 31 58 32 17 35 38 9 22 27 19 24 4 27 5 46 41 56 20 7 57 24 53 4 35 26 16 46 17 21 56 6 18 58 47 50 45 30 36 38 44 33 38 33 4 24 18 52 49 16 33 4 19 20 58 24 57 47 4 26 49 59 52 48 55 3 16 52 17 14 44 25 48 42 5 15 26 16 55 21 29 2 20 41 26 25 1 14 9 13 51 27 12 17 20 5 28 59 27 16 12 37 17 33 58 29 2 6 42 38 23 18 59 29 23 40 53 59 14 4 49 20 14 25 25 25 1 1 25 56 57 11 26 25 50 4 17 48 9 34 30 3 1 42 20 43 23 55 45 3 40 45 47 10 24 45 29 29 22 43 12 2 12 3 22 8 41 15 2 1 12 21 29 14 3 39 17 50 42 36 30 23 45 10 37 50 40 15 17 45 13 17 3 18 44 55 12 24 43 20 25 21 43 3 1 27 49 44 23 29 1 48 7 12 55 57 20 44 10 49 11 47 39 37 14 42 31 9 54 42 21 9 30 35 49 49 20 55 45 3 42 20 56 19 44 24 35 22 7 16 34 44 3 52 31 25 21 9 5 16 15 48 33 5 5 22 27 36 33 7 58 5 53 17 30 5 10 52 49 2 55 31 21 27 24 25 6 27 58 34 53 56 59 9 12 55 8 32 16 24 17 16 54 38 18 55 2 54 15 52 5 5 24 15 56 6 9 2 28 36 50 52 50 26 50 11 35 7 20 37 32 29 46 26 46 49 42 42 42 40 55 41 52 13 3 52 10 19 23 9 53 50 36 12 15 37 28 48 51 55 17 55 24 4 30 3 5 9 39 27 12 55 46 33 31 33 41 42 21 15 23 20 55 21 50 16 48 45 35 7 20 7 56 42 6 36 11 47 36 2 20 12 59 58 17 30 50 28 8 55 22 36 30 43 27 22 12 43 10 21 26 13 27 6 12 16 10 4 20 15 2 35 10 39 59 42 25 58 14 12 45 19 24 36 8 41 16 48 8 32 10 50 27 23 3 2 53 19 45 17 40 39 56 9 40 13 34 48 30 6 28 54 4 44 37 45 31 57 3 16 5 16 2 27 59 59 38 4 12 46 59 3 37 17 33 9 8 28 58 49 45 52 50 3 54 18 2 26 45 36 41 38 58 25 33 57 2 19 28 28 9 28 49 9 5 47 7 28 31 55 7 26 42 37 57 55 17 41 50 12 20 9 41 39 10 32 52 18 12 35 3 55 34 52 16 25 41 41 46 19 30 15 52 16 18 25 30 1 43 51 41 19 22 6 29 23 33 36 7 3 7 24 24 30 38 46 37 36 58 26 14 45 53 44 49 5 34 34 57 59 6 55 48 27 48 48 3 41 38 46 50 5 42 27 4 58 38 18 37 57 16 24 45 5 57 31 20 30 41 25 42 25 27 19 51 45 43 20 1 23 25 47 27 10 8 8 41 12 42 3 54 32 37 40 22 15 34 4 35 30 32 20 21 29 40 32 23 33 59 56 15 31 5 3 26 37 31 40 57 55 24 51 32 2 5 6 5 7 33 4 35 18 6 13 9 38 28 27 58 12 3 59 36 44 19 10 39 37 37 38 52 16 24 43 29 12 7 44 15 36 16 51 58 21 29 51 31 46 13 19 23 4 38 9 36 42 46 14 21 30 29 24 13 5 36 36 8 27 41 25 27 48 45 9 33 35 1 59 47 12 3 13 41 46 50 57 31 10 18 21 35 38 44 11 12 49 49 55 3 44 43 36 24 28 15 43 7 58 15 39 1 45 58 28 18 17 52 49 33 20 45 37 32 55 48 37 15 5 33 48 56 58 54 7 35 43 5 30 22 47 4 35 15 54 1 17 5 11 37 39 15 27 37 43 26 12 53 11 43 18 51 2 17 32 19 11 23 34 9 2 13 36 51 45 18 17 50 56 34 52 22 35 59 49 56 36 10 59 2 28 48 54 48 55 50 17 8 49 24 39 13 20 10 59 49 47 53 7 30 45 43 7 23 34 16 26 58 32 30 15 50 13 20 45 53 27 8 54 12 57 41 42 47 36 28 33 24 38 4 13 48 30 45 12 8 25 42 44 48 43 35 5 59 20 44 49 56 18 18 32 15 52 21 43 46 10 7 5 47 25 26 15 41 40 54 3 39 9 39 6 44 4 26 12 35 36 48 9 25 56 3 29 9 29 5 23 13 7 59 32 58 42 23 54 3 26 18 21 58 51 44 22 54 3 53 41 30 4 39 46 18 32 44 37 49 24 13 16 41 21 46 48 27 3 14 51 55 34 5 13 3 46 25 51 1 4 48 25 4 3 16 26 41 1 43 22 45 54 41 40 26 36 30 13 32 58 29 26 37 53 11 8 50 41 58 54 56 41 26 20 17 55 53 47 3 10 41 12 18 20 13 22 47 1 17 50 27 12 6 28 39 24 50 45 15 1 33 6 21 1 16 49 34 47 34 22 52 21 10 15 11 48 1 51 49 53 42 51 44 44 7 25 47 11 34 5 11 37 11 17 26 55 6 2 5 16 42 10 55 2 10 30 36 26 9 16 19 55 24 28 54 45 8 51 22 2 53 5 42 37 42 35 11 42 26 4 21 35 28 19 58 38 12 31 16 29 30 31 31 35 15 41 11 6 5 18 10 29 34 32 11 58 55 1 48 34 7 45 18 58 45 9 48 33 9 52 44 44 2 25 46 43 41 42 43 56 44 34 19 12 23 14 23 25 26 36 33 44 50 49 57 34 21 48 17 54 45 36 54 54 1 21 20 15 55 37 20 34 32 34 41 26 54 52 22 51 42 31 14 8 39 26 7 34 58 1 58 8 15 31 21 28 39 38 55 35 54 28 12 54 39 12 46 37 34 16 59 18 41 59 48 59 23 59 2 33 47 25 18 15 37 44 57 36 52 10 15 32 54 45 19 46 5 22 3 20 7 29 5 56 48 34 36 37 10 54 32 35 5 28 47 36 41 50 28 8 27 51 3 15 55 50 12 59 20 54 34 26 56 26 12 35 43 2 40 11 55 18 39 25 15 6 27 13 9 32 41 43 32 59 32 16 19 36 57 26 6 10 51 12 35 6 32 46 23 5 47 14 27 49 7 44 37 44 16 43 38 33 31 18 13 4 46 59 54 26 23 49 56 51 2 38 59 16 36 15 1 30 56 58 44 8 15 15 44 27 3 1 7 8 44 2 53 13 42 32 37 56 19 39 41 12 9 48 6 55 26 54 14 35 34 55 57 39 18 30 51 4 34 38 2 15 12 30 33 20 10 53 43 19 31 15 34 18 37 10 14 41 58 29 29 44 13 14 57 6 41 49 49 18 15 9 51 18 39 46 4 39 20 28 14 9 39 27 56 25 15 38 26 40 51 32 25 7 8 22 50 42 27 41 21 42 30 41 31 3 18 50 21 44 16 20 46 52 36 18 47 32 25 41 29 27 49 17 19 55 45 58 51 19 5 23 3 20 23 55 55 51 54 54 28 52 32 2 58 2 57 43 11 10 59 12 30 17 32 28 23 41 48 31 13 51 2 32 2 57 53 17 57 11 54 17 34 28 45 3 34 28 4 21 46 10 59 44 14 28 36 41 55 23 17 46 26 25 44 57 38 21 10 11 26 40 16 46 41 54 13 9 13 53 40 15 42 36 5 31 26 1 39 38 29 11 50 13 5 40 33 49 13 40 22 23 40 11 36 44 46 44 8 35 2 42 53 27 58 31 50 8 2 39 19 38 17 21 29 31 52 19 17 45 50 24 25 20 58 20 24 33 14 47 16 18 42 14 29 10 23 31 30 32 45 14 32 26 51 12 6 30 11 24 53 37 31 44 37 2 18 37 54 7 20 41 35 40 20 24 7 19 30 49 36 40 47 45 38 36 35 20 58 38 30 37 32 46 34 31 12 26 35 27 49 29 58 16 17 43 27 44 45 40 56 44 37 21 29 20 56 6 47 26 56 3 34 48 26 37 40 4 59 55 52 58 58 27 33 45 24 24 51 29 14 25 34 6 33 9 2 17 21 52 5 47 27 34 21 49 8 54 19 39 7 40 54 23 28 7 54 4 15 1 1 12 31 46 43 34 9 34 25 55 12 10 5 54 32 45 54 23 47 19 46 37 32 4 59 28 45 21 23 41 7 22 8 52 25 32 29 17 24 10 22 14 38 34 45 29 50 10 36 43 22 55 55 2 44 30 6 13 11 47 52 21 32 59 4 2 50 51 58 30 27 40 42 3 27 9 1 16 53 27 52 59 46 22 35 31 33 50 25 27 43 46 45 35 30 24 32 39 33 29 58 58 22 57 12 38 42 28 34 20 49 37 39 55 29 7 10 23 3 44 51 36 27 55 22 59 17 2 20 29 30 38 4 21 31 51 34 10 21 10 20 48 52 12 25 45 36 20 42 17 36 29 26 45 33 8 39 8 14 38 18 37 44 25 39 12 31 39 20 20 28 2 31 4 24 34 18 23 25 15 32 3 45 18 20 20 54 41 3 45 37 15 42 2 55 3 40 3 25 22 28 35 1 17 57 43 21 55 24 28 21 37 50 35 50 35 56 10 20 42 18 53 57 23 45 45 46 53 39 33 21 2 18 25 6 20 5 5 24 17 34 48 42 7 39 11 32 11 6 32 12 13 36 29 9 40 20 46 12 49 24 4 33 55 19 44 45 16 2 24 58 12 26 19 55 32 3 13 44 21 53 37 9 27 8 26 8 22 56 15 32 54 58 16 59 15 11 32 5 54 17 44 28 12 47 5 10 52 23 34 15 17 3 5 10 57 6 47 45 55 15 55 33 52 51 8 24 26 1 1 35 20 22 22 17 14 5 15 7 1 33 14 23 11 6 46 43 36 8 50 18 23 36 35 22 25 43 27 52 1 37 53 31 22 38 23 36 44 8 12 8 52 11 21 45 1 46 40 43 27 38 49 43 58 13 56 8 7 4 17 44 25 57 38 37 43 41 11 34 46 56 15 55 39 57 6 27 46 49 17 56 37 53 28 29 38 55 44 17 43 28 26 57 44 51 47 40 16 35 9 26 7 39 12 5 15 10 53 6 48 25 20 6 15 21 7 35 41 47 51 12 36 5 47 59 49 4 49 19 32 19 35 25 46 28 32 18 25 35 42 51 13 57 29 39 27 16 29 20 18 2 27 12 13 34 13 16 21 2 24 20 27 54 6 22 42 8 58 37 32 46 50 46 7 51 19 31 20 33 48 10 31 18 37 19 56 59 13 17 48 52 26 48 3 54 56 45 38 37 51 21 26 16 7 53 58 38 44 50 11 54 7 55 8 55 35 6 10 11 52 42 28 36 5 15 45 57 39 28 24 1 29 1 15 56 24 38 44 19 24 31 32 26 53 33 17 5 35 49 22 6 26 29 50 35 58 19 33 30 46 33 14 52 52 51 47 10 38 47 40 1 44 21 56 40 2 25 33 5 10 31 1 14 57 11 32 13 39 12 19 7 47 9 35 56 21 6 20 56 48 35 47 29 23 2 44 10 22 55 24 19 36 37 34 55 38 4 43 18 14 19 29 22 2 31 29 29 31 45 11 4 55 26 22 15 41 41 41 11 46 31 19 28 45 57 31 38 21 59 42 45 6 8 5 14 1 27 26 38 10 49 48 49 59 29 23 1 13 23 7 12 25 36 8 42 23 11 31 22 11 51 19 53 7 36 41 25 10 31 34 19 34 32 27 21 11 42 32 59 35 10 12 3 30 52 1 40 43 46 10 36 3 27 17 18 58 29 33 52 30 58 8 18 17 58 14 33 26 51 6 17 40 15 30 36 18 35 40 53 46 51 30 15 31 1 55 37 23 6 5 13 6 25 17 3 41 54 47 14 56 56 24 55 6 46 38 34 15 13 28 54 53 22 43 34 33 9 34 44 7 39 13 40 13 47 37 39 3 31 3 19 21 2 29 13 19 47 56 19 47 40 10 57 28 11 46 4 51 14 8 51 11 35 18 26 45 1 43 28 23 16 17 42 47 50 14 22 54 23 12 32 8 28 38 29 3 53 23 6 8 50 18 36 28 5 46 1 38 46 14 11 35 31 48 8 38 8 32 31 34 11 27 7 40 2 20 40 32 37 34 14 38 53 59 4 39 46 23 38 4 9 55 51 20 24 36 26 44 13 11 56 53 19 36 2 7 41 11 47 42 30 46 50 53 47 33 29 9 16 48 18 43 18 35 38 14 39 54 59 25 3 49 22 26 26 32 34 5 35 7 10 4 34 38 13 24 56 47 8 13 35 13 19 12 14 11 48 25 33 24 4 23 33 30 37 16 23 43 32 10 37 30 53 13 51 33 23 14 11 21 49 2 39 52 21 57 52 59 35 20 34 4 14 46 35 36 18 17 34 44 40 45 47 29 3 59 41 36 3 56 52 55 47 26 57 9 55 44 31 48 37 22 20 37 18 20 54 46 44 28 39 17 45 14 45 24 39 2 7 8 47 17 50 20 53 38 52 37 5 35 29 43 1 39 20 41 40 21 19 10 41 28 29 39 52 36 42 17 45 31 10 26 19 51 2 9 7 33 49 56 6 13 11 56 56 4 38 37 40 11 38 53 17 59 44 40 10 51 33 12 5 38 45 34 34 49 12 36 8 38 13 46 55 55 18 46 7 28 9 28 6 11 18 1 8 11 5 35 15 7 51 36 4 50 37 41 34 8 4 11 20 26 36 52 34 11 30 13 13 28 48 2 11 15 17 7 33 13 44 51 9 23 49 21 32 1 53 25 7 36 37 39 4 7 10 20 35 21 1 43 47 55 42 22 15 39 2 34 20 55 7 13 17 35 39 36 50 6 43 2 15 44 19 51 32 31 30 4 57 19 52 27 46 48 30 7 10 21 24 36 1 58 24 45 20 30 18 58 41 31 15 48 51 58 4 9 1 48 43 4 13 19 27 24 46 17 2 19 12 12 32 28 52 7 23 56 48 13 44 48 41 34 23 28 22 53 1 16 48 23 32 26 4 9 28 55 2 59 41 20 36 10 38 24 37 27 6 31 34 46 21 29 43 3 4 10 52 48 32 10 2 42 28 34 20 6 26 39 21 42 1 37 3 33 12 6 44 46 42 12 14 50 54 56 13 43 38 33 38 7 58 54 1 2 29 30 2 1 45 4 47 58 15 18 30 5 33 10 5 37 55 56 30 2 31 57 38 19 32 11 8 41 4 1 53 58 31 4 13 58 59 7 6 3 28 28 26 47 16 40 51 29 22 26 54 55 43 51 30 45 45 9 13 32 38 49 24 35 37 38 49 4 23 46 14 45 32 28 4 20 38 56 15 41 33 4 33 29 35 44 34 37 29 37 31 39 21 53 11 24 36 4 52 4 39 50 21 59 43 36 22 19 40 6 8 3 39 30 45 19 27 24 37 16 2 52 51 8 24 40 38 15 43 57 1 11 39 17 48 45 34 59 26 20 41 40 25 51 27 33 31 58 37 51 23 4 19 56 25 36 9 24 15 6 48 6 42 23 1 34 5 9 35 50 33 51 33 20 45 31 21 32 42 4 42 9 58 50 1 46 6 56 40 26 25 47 7 46 40 25 37 7 41 33 7 42 3 39 51 21 40 5 30 24 31 49 5 45 11 4 52 52 12 24 6 31 8 51 20 18 4 14 14 10 21 11 51 38 39 20 9 51 51 55 47 16 3 39 45 11 39 32 30 55 30 6 53 4 54 10 34 35 22 7 46 18 50 45 23 21 17 8 51 55 20 59 43 49 45 37 15 27 38 17 58 45 1 9 49 18 22 8 42 25 17 42 14 16 49 47 39 35 50 4 10 21 6 36 53 27 29 10 12 13 28 56 42 37 20 47 57 55 24 22 35 37 43 17 37 29 56 54 47 21 49 17 55 57 6 26 29 57 9 2 50 39 9 57 34 20 32 1 45 26 53 57 45 15 6 41 18 13 49 37 8 56 21 24 3 43 17 8 11 18 37 16 41 3 30 40 22 21 59 28 10 31 35 21 6 34 11 52 51 25 56 47 19 59 30 44 8 2 18 20 32 43 21 48 30 16 27 39 9 15 28 19 49 33 49 33 40 31 1 52 14 3 23 59 29 13 13 2 31 5 16 32 26 51 51 8 4 19 12 41 35 15 53 4 58 44 10 6 39 12 26 34 17 50 14 34 51 19 35 17 17 31 7 18 5 16 21 56 6 59 6 15 22 45 17 23 3 24 26 50 53 42 23 8 33 2 46 49 19 48 51 3 19 56 20 52 53 20 18 35 47 44 35 54 31 8 19 5 45 40 22 7 23 38 12 21 35 56 40 22 13 13 16 45 51 8 9 2 31 40 40 47 38 35 20 57 6 1 29 4 24 34 55 21 44 55 43 52 16 21 45 7 56 20 31 54 41 10 1 59 48 59 27 47 19 23 14 35 24 16 25 9 46 45 32 43 46 48 4 32 3 53 2 51 37 38 16 14 30 48 34 26 29 59 11 45 52 59 43 6 28 27 46 18 42 57 38 25 53 17 39 54 18 27 24 2 48 23 41 3 14 24 15 42 21 3 49 32 24 57 5 28 34 56 43 20 9 45 59 3 17 11 10 47 20 9 31 27 24 20 41 45 24 58 24 8 7 36 7 16 51 54 26 33 21 19 38 47 58 11 25 12 55 53 14 48 12 9 5 21 53 54 30 1 26 30 31 38 53 34 39 44 3 10 29 22 43 53 56 41 41 32 21 53 7 22 36 8 45 19 24 39 34 21 18 53 43 24 28 52 55 15 41 53 31 9 7 11 32 47 32 50 50 4 27 14 37 14 14 5 28 43 3 57 21 15 12 5 7 12 54 17 53 4 15 5 59 6 1 15 3 19 2 14 23 57 3 41 1 14 29 21 18 27 21 39 3 17 59 18 45 28 19 9 45 20 48 43 6 39 16 32 27 33 2 35 32 59 14 23 53 33 14 46 15 45 28 26 3 4 25 20 17 41 50 31 48 1 7 50 13 52 32 44 39 34 23 53 32 40 15 37 8 54 5 3 42 41 56 19 46 15 27 17 56 39 11 57 27 10 23 57 34 36 10 10 15 33 26 31 53 38 37 46 16 45 37 1 4 3 31 56 13 21 34 28 54 55 48 47 49 39 34 15 39 33 10 23 59 50 51 2 26 56 31 44 40 33 59 32 58 56 22 4 9 38 49 21 44 15 9 26 22 23 54 14 33 56 21 13 13 29 54 32 15 49 53 2 36 13 30 12 15 37 19 52 43 1 5 29 40 53 11 7 3 31 53 49 57 59 20 42 25 35 18 30 10 30 8 37 14 17 28 57 49 50 33 55 1 39 11 10 35 31 13 4 39 8 18 12 7 24 29 19 4 44 33 26 9 53 45 1 52 22 28 20 38 37 5 17 4 52 1 44 20 58 4 44 22 17 17 18 33 15 30 7 53 49 53 26 29 34 50 5 54 4 11 5 9 17 13 30 44 35 23 48 30 30 3 18 40 41 25 57 48 56 3 42 41 33 12 41 8 5 8 32 29 43 44 14 20 2 33 47 10 29 11 32 47 12 22 20 51 39 18 3 23 34 56 41 42 7 8 27 32 48 48 19 55 50 22 4 34 26 46 18 9 2 41 16 53 16 15 53 57 58 40 40 27 1 1 16 44 32 58 47 39 30 27 21 58 45 22 21 35 29 34 36 37 13 42 12 13 13 5 39 50 46 22 58 15 46 6 40 13 12 1 6 38 1 37 14 50 8 43 49 35 44 38 42 55 1 58 29 53 11 42 57 23 43 46 22 47 16 2 21 4 45 13 28 35 4 38 41 42 10 42 51 51 49 9 42 1 3 59 46 15 16 23 6 47 52 33 14 40 33 30 16 47 14 15 33 11 42 22 19 14 6 41 51 55 8 5 4 15 48 24 57 2 23 34 16 3 23 15 55 49 33 36 8 43 13 3 34 39 14 19 17 10 20 24 6 1 34 39 14 57 54 36 10 53 5 59 40 33 27 59 53 44 47 52 21 19 25 32 42 38 18 13 40 40 13 19 55 3 29 34 17 31 47 53 50 9 38 7 59 34 50 7 2 24 32 13 59 22 51 3 52 38 40 41 3 33 17 57 51 26 15 47 15 4 9 40 55 33 19 48 52 30 46 38 19 36 54 41 54 50 15 50 3 41 43 36 52 9 27 41 50 36 41 15 16 10 2 44 12 49 23 4 52 52 5 33 9 22 33 55 8 4 52 50 43 29 1 26 19 25 25 12 28 19 8 11 45 25 33 3 3 45 23 58 56 27 45 19 7 56 28 59 28 22 12 10 37 22 23 41 8 27 11 43 33 33 18 5 56 2 18 43 45 14 22 48 8 8 48 4 17 3 56 52 54 51 54 30 24 48 51 28 10 17 54 12 33 49 49 37 20 31 51 45 4 1 57 44 7 20 37 19 9 44 46 18 38 17 44 44 45 22 48 29 8 28 43 58 7 4 35 54 28 12 49 48 34 30 32 19 12 33 16 1 1 12 18 53 24 49 42 47 7 25 49 45 25 40 4 32 20 12 17 38 20 15 45 46 11 37 59 7 24 52 12 33 49 20 28 26 59 57 3 30 29 49 39 17 47 34 56 58 40 5 40 34 35 50 51 19 38 19 40 48 40 23 46 59 17 17 15 30 17 42 6 49 15 30 2 13 10 9 30 9 5 52 40 26 48 17 47 25 23 43 45 39 37 35 9 43 43 8 9 5 56 33 39 27 53 42 14 16 7 58 13 53 17 30 12 53 56 19 34 46 5 44 23 36 37 11 14 4 22 31 1 22 35 51 45 10 26 50 20 2 37 41 19 27 27 26 13 4 35 10 15 35 58 55 4 11 52 17 34 34 2 21 43 17 38 38 41 56 4 21 25 15 15 32 23 56 49 25 39 8 41 32 49 23 23 14 7 14 7 16 45 53 51 10 33 33 26 54 59 28 54 51 33 26 55 28 23 49 39 41 12 26 41 3 16 31 27 23 11 38 18 6 46 14 15 10 40 8 35 22 24 55 28 5 6 44 4 29 17 18 7 13 41 27 59 32 22 58 42 19 16 18 46 50 42 36 40 19 54 11 51 36 48 9 28 16 32 48 1 16 46 57 20 47 44 4 34 5 53 40 52 9 5 13 28 47 11 8 31 26 7 1 30 18 57 17 50 23 38 20 40 31 21 41 30 28 53 39 12 53 37 25 57 9 3 8 23 52 14 28 4 13 39 40 53 46 23 6 46 19 56 25 48 6 14 23 22 25 50 16 26 12 37 44 12 2 20 39 23 59 26 36 25 25 19 54 50 55 10 11 28 56 5 37 25 39 25 20 7 14 46 14 5 40 2 51 43 46 3 11 59 13 30 17 48 24 44 4 34 41 42 46 32 19 55 50 41 18 18 4 43 7 35 51 10 42 27 39 35 54 18 24 41 30 42 27 50 48 52 29 56 31 3 47 6 26 17 38 59 23 19 40 8 31 28 42 50 14 26 48 51 47 8 27 13 17 59 7 12 37 14 29 25 2 26 36 37 43 54 10 27 33 45 56 33 43 31 52 3 55 23 33 31 48 16 21 37 15 50 53 28 7 40 41 8 51 28 51 55 47 57 40 49 38 21 59 10 39 57 44 34 24 59 37 56 14 22 7 39 55 39 27 55 13 32 57 49 24 7 1 4 36 36 38 2 9 48 29 6 34 9 15 50 58 52 3 15 23 53 20 28 52 57 10 46 33 10 44 41 35 39 28 54 15 56 45 28 22 33 46 19 28 51 24 55 38 2 49 6 3 58 52 58 10 2 4 8 25 59 52 11 14 39 44 59 35 16 20 5 57 18 29 51 6 22 5 7 27 3 2 25 
// di
236 13745 10901 23929 11695 18573 26511 18881 20007 3579 19455 8507 21423 5064 1277 22055 8264 17816 652 19005 20360 25442 13228 9472 15518 5273 10925 2493 9627 3262 25402 12084 6649 2964 13889 15740 23080 14797 16213 9566 12036 16208 5336 7829 18912 17950 12207 24193 25970 18567 3231 24740 17222 19938 4905 16398 14866 25958 18138 22744 16380 7988 12972 22843 13079 10948 21605 740 24887 5785 15379 26809 80 7510 23951 22073 13196 20830 20597 26330 13285 7821 364 18077 8618 5249 15140 7987 19589 14585 4713 1286 5672 2297 7625 22980 20223 22354 19871 3730 11736 19307 6867 7209 12841 11728 15299 10091 19652 16881 10582 16037 22518 1040 10238 8704 22946 8775 21323 25671 1153 20388 12144 13600 21185 20938 21356 8011 21446 12824 3838 26329 6310 4452 18287 4440 7951 23470 4804 25386 20644 1174 12230 14573 24710 15035 22362 17097 22842 7904 12956 23769 1640 15125 110 1165 13692 13994 20081 730 10039 24072 20529 74 1122 22172 24599 7201 7634 11535 25744 1829 1856 2984 21713 9804 23820 11920 23609 6279 10337 11267 22109 7895 14462 22170 25870 16200 3798 13691 17031 940 969 18306 18038 1942 16234 14105 10247 26496 9106 23395 10370 17070 10048 11197 11651 4437 11101 19523 21437 3636 7092 1534 21873 17121 12896 25053 13137 898 2409 16198 39 21124 13418 24522 24907 12766 14349 3449 12998 16920 14205 19033 6930 7291 224 21676 6654 11757 7894 25909 17734 20825 8701 9608 21694 13614 24775 9775 16666 26257 20019 20939 911 7782 13856 11857 4665 23401 4385 18567 22300 9218 24331 18348 14374 15311 7804 24988 17304 13357 6747 15860 12015 22308 26884 2735 10376 15979 23338 16673 1494 25226 20620 22602 22814 18519 20119 5541 24397 15388 26761 7494 1533 17620 26102 26073 14895 25147 15657 9113 578 25025 10790 20585 20381 12852 15045 6693 19374 1158 19925 21724 12284 4525 11075 9598 20434 26982 17554 26376 12948 6380 20392 12874 1186 4428 17796 11371 24257 6180 8542 16315 15012 25425 9111 9459 23920 11456 8022 2421 23868 3117 14880 25336 16532 11165 20299 17614 1207 18735 2746 17611 2803 24157 22839 2613 20300 2003 12050 14162 13348 7674 5927 16141 26699 9123 16018 17366 23667 3256 17241 23072 18371 1523 24623 10005 12176 251 5128 16623 14129 7074 17984 1583 14404 14178 14869 6592 26986 3932 22916 9533 871 19335 24747 14085 7945 533 13110 5132 24129 26799 20835 3077 25619 25680 6076 3356 24786 6944 170 14083 16522 20603 7952 10048 8199 2185 24145 17713 4330 13933 10103 22245 1918 25743 14417 15779 24616 15791 16416 12098 11336 24388 26067 8618 11924 5979 16412 13791 24829 3623 26841 20468 6932 12364 14407 26309 10747 7886 8456 10877 8781 11289 2291 21549 6142 23884 25154 21556 10336 24256 10597 18279 8512 6974 4328 24580 19092 16384 1987 1956 19358 13781 5306 5988 26442 26956 21612 26059 10835 6088 18567 26568 7416 5294 17361 21184 13770 9370 14722 4888 23664 11469 19893 19948 17405 25148 25664 399 10345 17094 20482 5154 23244 11196 2861 15957 16159 26495 16616 24966 3682 20949 12141 13508 25387 17011 25473 5308 122 22246 19069 18759 20671 13368 89 26589 11476 23411 5852 21328 20247 16713 4940 9115 14367 19205 23499 15583 6949 14262 20709 4435 12898 26416 9016 4212 656 8508 25047 12743 26633 7753 21947 11754 18863 12612 20736 25831 8455 26269 21568 7525 14080 2828 11505 2218 8586 17610 14148 22554 20021 12947 23563 9295 1617 22893 14944 23238 12552 1719 18498 3240 10677 6465 18503 15504 9263 21109 17825 19764 4598 1164 23860 20429 3488 22860 1741 6530 18072 7529 11699 23479 20746 21759 9148 17500 6463 23958 16655 958 24698 11694 17450 19786 20131 4668 14988 11952 8899 24548 7134 9054 15920 7602 22642 9346 1051 10196 5629 12158 15725 13270 16198 19902 1036 5628 20822 6002 10879 23876 24091 15064 2965 7204 9585 4684 4290 24032 23764 21622 20081 14257 18978 6816 15208 21846 21823 8922 10318 23838 10276 6822 7542 4155 18347 17955 19090 6387 3929 1425 26680 21614 14016 15033 23248 3098 8599 20094 22883 603 7198 25220 10897 11762 24911 6561 151 19936 18435 6332 20316 7523 9786 26127 4545 4244 3908 19674 21674 17713 6218 25563 8518 8115 14149 21812 17421 16146 7025 8586 9203 7730 16668 1710 9863 10733 16992 14210 25366 17676 2176 16011 25513 26755 5948 8751 3689 8344 8563 23515 15648 1491 5674 6720 11751 6664 2802 2188 17970 8570 7772 24520 12395 22009 25441 21489 23175 749 17814 8560 8573 5204 9905 774 17346 4175 12739 7025 14008 4995 6705 2754 4817 19661 14251 23933 18311 4395 5148 18427 13491 10918 5812 6570 1525 14487 1968 21797 6418 7718 10318 13922 1373 787 26889 2881 1633 26892 18849 5831 2240 1526 928 2255 23845 7666 10434 4500 2684 19781 5040 23371 9988 6402 15423 6209 6212 9487 25664 18423 19103 18727 10858 7882 17642 1176 24604 24682 18724 7748 20753 21528 11587 13653 26502 23863 11407 19862 4608 10961 21665 3980 7496 22508 22313 4558 4538 26984 17072 12266 21559 18616 5763 3294 21467 8974 24567 6944 3853 1490 5082 13601 21590 484 2752 7773 14337 1197 1558 3323 22491 15407 14608 2842 19649 4545 22037 15777 9981 11391 785 1621 7758 10902 10616 771 6299 2865 11785 586 2285 13610 6513 16379 11331 21117 14061 11042 1028 23366 5398 22485 777 2673 16408 7867 25056 1399 25487 15290 15766 12897 12360 10907 3452 1823 1126 2295 11185 19425 23399 3572 11138 6313 11983 7755 3825 10274 21076 4582 7305 12418 18311 18077 4110 25240 1462 12143 3753 22920 22480 6623 1972 21222 6359 15411 9104 2581 23033 8060 9406 6355 4841 20243 2263 18074 2177 14035 18681 22859 24315 93 15546 11102 7368 23805 17601 16040 24436 10043 24038 4226 20588 22531 26945 15185 7256 7072 20985 1920 4079 20708 15816 5208 26303 4288 893 765 22503 8119 18789 19384 7898 9820 11231 8138 12971 25412 10405 26078 26342 24397 17584 16916 24031 9862 11155 4156 507 23142 13822 2559 10039 10790 23700 2780 234 25981 17270 8792 24493 13940 12025 25760 18940 11919 5945 18611 18698 16754 22105 21274 23284 5159 425 10828 14434 14387 9957 18960 26679 15612 21305 9162 485 3798 24903 5216 24042 4481 5927 12289 8614 20838 1526 15906 2067 7684 2751 1815 9568 21017 15002 26278 23704 15348 19042 13393 26949 10520 5849 947 26317 4252 19763 19534 3072 26760 25600 12260 5185 7927 4961 2758 19561 19430 17552 8168 2908 24876 20864 6685 5110 24600 12012 9001 24615 5321 22902 15907 25749 14029 25632 20279 24129 6869 26244 9234 159 5133 25105 19059 18611 10177 23109 5455 743 21616 6566 16061 26498 226 14747 11548 2947 10388 18220 8157 8169 9946 17018 2426 1677 18919 587 6976 4540 11895 10099 13812 19344 14759 9651 10127 17289 2636 18805 8812 2495 17813 19118 22833 8839 11443 230 26551 12348 840 14504 3063 833 22986 24083 10920 703 314 17012 22654 1991 25025 6880 26088 25638 1247 26439 12837 24785 16598 9591 14789 10366 26692 20103 6551 21575 6455 15477 22510 6352 6097 19693 18719 20665 22920 202 4334 26276 9647 9303 17474 22091 24234 20771 19624 5626 12992 23189 18984 23481 26410 373 20417 2172 6816 17915 3722 8658 9714 16945 1153 4412 1581 8149 17398 7087 11462 6552 22004 16520 12049 79 9118 8800 6237 4353 15143 3751 20818 26186 25123 8882 4436 9484 4404 15865 17010 22072 1796 24170 3647 7624 7319 14699 2805 4801 18939 10902 3305 9710 26545 6535 21793 9239 15787 12749 8906 16606 11064 23472 721 1198 24604 2156 25559 14007 6026 4244 16022 18432 4135 6775 23477 13509 6399 3734 22801 8972 18390 22792 4594 16605 21737 22337 4726 6241 1591 13076 986 19760 17760 10027 10184 20182 18804 8558 23485 1828 7643 593 3953 20668 11127 23060 6622 17463 19868 16577 11591 9278 16670 1434 25863 1135 21614 14656 2582 14703 1905 19183 3640 24447 26120 12225 7390 16446 4666 477 23275 15892 3604 20258 25646 14035 12175 21666 16729 12372 18809 15187 18274 2694 20592 2933 25016 6045 5908 7339 21363 8581 5546 16586 24495 4608 8340 396 10356 8673 8456 22477 5168 11534 24915 16807 23378 13174 14799 9220 25293 17951 16969 2010 18094 4901 21269 5802 7458 12815 21775 7514 9023 8433 26582 6939 20850 13228 14581 4040 4734 25578 24420 13498 17815 19822 25870 5724 22732 11341 19710 313 20361 19046 3848 26041 7986 7951 26253 22537 18392 8473 12970 18423 479 24690 1747 11744 9572 12019 2593 13388 12207 9947 10750 6710 16574 25806 17601 12068 15411 21100 19571 4861 10878 10979 2962 16438 25943 9485 13623 323 1477 12585 26289 19542 5260 10615 24611 1273 2061 21406 12893 15188 1754 21137 3582 10780 775 8177 7177 22307 19683 3238 20252 11201 1931 26683 5893 14946 7864 18303 21761 5765 15790 14285 5451 13724 1836 735 6301 6565 7651 18097 23217 20458 23865 25813 17882 14788 4781 10930 26409 25057 4430 22563 2255 23641 4450 26740 3604 10190 17661 7180 20919 21279 5803 16406 2749 21555 23516 16467 21081 12664 17226 11971 21478 11635 20827 11942 20487 3667 19194 2371 19414 4484 11305 13716 5185 7122 23447 7104 24783 23569 1545 15075 13841 6403 2125 19068 12134 7077 2610 10469 2969 22807 17592 24836 2334 14548 11201 25071 20376 15294 15028 9782 18511 9221 18442 9232 11905 19507 18791 12764 10395 8420 7774 4364 9203 10432 17728 15490 25758 16056 9229 23925 22410 7328 8007 1632 6295 15676 20481 21294 25693 1386 24901 18782 6974 23213 12436 5793 15161 13820 25891 13464 3517 25757 9258 6229 25902 7188 4632 22404 26299 7336 6484 5658 2004 14885 4728 1379 16238 15667 23680 17124 5393 4495 21971 14061 14274 18200 18328 12038 22743 2386 12763 13586 26468 13064 6661 7367 10719 18979 7465 867 1441 20140 25878 15602 19141 14706 9140 4462 21189 16885 16703 20923 17500 6760 5240 13510 7043 21923 3588 17872 2837 745 2017 25820 6561 21356 1267 23735 7348 23869 11531 25577 24173 22183 11928 23873 22323 8116 21704 14098 12559 4128 13701 5889 17425 23703 8372 2415 15038 409 22318 6229 6966 17966 9440 16585 25731 2926 21553 26095 26790 9697 13605 19939 15154 19421 20999 26786 3747 12827 16999 10495 4961 13882 26580 1892 17137 12336 3779 3675 12929 26072 15085 10768 8331 1587 6699 22067 10286 4280 10812 8451 21145 11594 20453 5639 17296 6627 21705 10410 14578 20308 4442 13409 6921 20859 2431 20592 8528 25266 5667 20326 263 6834 16931 2677 25826 9003 14420 25676 26129 21775 22182 20984 9738 2338 21751 24748 14594 24985 18486 2964 9436 11740 5591 24941 11730 15096 5309 25740 25609 19371 2761 20961 2083 8948 3220 25953 22630 2557 14714 20282 4507 10229 10981 14788 24281 11220 12095 4478 18993 15150 6236 12567 16233 2561 18856 10766 21881 18312 20359 9998 1938 8131 1531 22989 15398 15659 25052 7939 26073 11856 8147 4131 25605 22122 8992 18613 24072 13489 12863 3214 15997 21066 19533 12401 7276 23612 21625 10205 26446 3080 1328 26054 4223 10309 18257 12525 15508 10397 9731 19016 5918 10548 23848 170 22786 3206 26190 2607 13731 19181 5418 18997 15984 25808 1145 16360 8984 8692 12061 14570 1138 23946 3250 9299 7770 10782 4913 22754 6593 5550 21009 13438 8679 25951 21977 14300 24807 9673 24473 2935 26584 25781 15360 26715 17699 6874 15252 18054 17232 11924 16591 24748 14288 25116 8106 6258 23793 11545 26854 5006 31 13158 10113 21321 1470 12231 25578 15509 8400 1619 18654 6915 22069 10688 19273 22578 14835 17079 2581 15427 17420 15972 10810 21783 19219 20763 3376 19454 23372 21736 17549 416 24907 22956 8324 7715 1653 21307 1883 9613 17207 25638 13522 1184 26505 8071 14979 22526 9707 22365 23221 26741 25774 19094 6562 18908 20686 20199 22923 8612 12865 12237 1808 10122 1842 17100 5022 12668 2458 3530 5886 13005 1759 11953 4735 5534 23756 25977 23396 11077 16643 4833 4383 14486 2159 25999 5220 13822 21973 18620 14787 6143 4224 6681 15920 3116 2347 6803 26789 24090 11777 10465 5385 18031 13246 26213 18452 5706 9807 22112 9161 22867 3997 10589 5400 7948 4087 1723 14726 21380 21907 17544 1743 9768 20668 19608 8834 10393 21365 24424 20366 15792 23541 6527 1403 14021 6489 14157 18803 25335 2073 25217 3857 20705 7119 21190 12911 11691 2936 9365 5306 3462 11786 6273 25895 24937 23032 16048 19269 13767 11959 7240 24137 14148 17227 18489 8332 8372 1342 532 10393 21650 20352 7922 11202 22194 13644 19754 14025 14710 1572 17491 17222 20001 9642 9723 7602 19647 5553 23952 1043 13257 4452 776 7931 23197 18296 9399 26171 733 10407 1088 25098 1658 19953 2975 12962 12408 12045 26767 9197 18901 20539 19765 6749 5753 8325 4773 20015 10477 19762 4870 14249 1623 1283 15043 11584 26501 1743 6783 13905 19935 5027 15673 19865 2561 12769 23943 2408 20290 1970 8868 4836 17107 9106 13351 15367 11553 3880 3568 9923 22804 16724 22093 8680 12962 20006 24103 5455 4327 16225 24845 8777 8910 25026 18350 23113 5511 6046 17221 26430 10976 14544 11236 7239 12593 24571 6259 2399 21140 9249 9732 19401 19746 9954 11457 12080 23686 23052 11232 8346 23269 9908 11410 18774 1171 7575 9946 7907 10271 13958 22212 25728 22863 20248 25272 17144 3352 4297 25609 20844 23189 10378 15833 24823 5161 15241 11748 14895 7521 10469 8256 9282 6708 5707 16839 3869 17189 9360 14672 3989 4817 14478 21203 15526 17998 17179 2715 21742 16827 6075 17748 584 14308 17726 13002 8543 23419 12189 10153 5109 19165 24982 4893 16077 3518 31 16635 13205 13153 17263 19646 9991 6311 17733 20236 6262 20302 21825 23401 10380 13291 26046 4685 10770 8289 7549 11389 8081 19437 21606 4926 199 2066 22574 160 9413 23001 24451 2784 12037 20188 8248 13546 16484 19981 8302 1693 16462 25060 20296 23316 15739 10702 3093 5690 17055 1855 23542 21536 13737 21125 9513 21888 25553 8580 10206 26351 18357 501 11627 17025 12862 8637 17282 13394 7087 19419 4790 20827 20891 22647 20441 26225 20533 16869 16130 3115 10844 22654 18546 22615 22150 21621 24777 2667 23949 6703 25368 12117 26669 23876 8086 4271 13053 18915 6313 14388 5890 3652 24133 19612 19249 20270 17545 18449 15291 4175 6085 13714 10253 1726 26539 5770 10218 26183 12226 23173 3321 6946 8009 10371 5319 13740 20096 26849 20122 8786 8206 11545 26673 14335 9739 6983 507 14585 13410 17761 25463 21260 1296 8190 20843 4037 6632 12830 1803 20097 19823 6867 7632 20464 7008 18700 11029 19722 23426 6582 6371 4049 15275 25533 7757 10292 2108 19659 11039 16223 5212 18889 20983 7445 4894 19248 21485 23098 16714 25281 15836 25629 23062 6116 5030 4812 20208 14860 20109 20096 7366 9512 20108 16652 25676 3398 275 14542 4889 22865 25651 5429 223 20505 10513 12614 8756 16332 2960 20783 19872 4495 19232 25764 6199 12528 16686 3560 9863 8571 12376 22279 1518 7781 5899 5879 3014 15958 10372 7800 1541 6550 7772 9751 4401 8488 24885 15533 24543 22583 14305 20090 6466 3460 11964 18067 9842 26536 1481 12688 24798 631 19253 24883 3950 10463 17903 11427 18806 14256 8466 9090 15549 11960 25945 20578 22622 16252 6474 26654 17095 4214 3996 7536 24287 23389 25766 8757 24074 17044 19172 4529 15062 21560 8955 14777 2973 16494 19186 5110 12565 7544 8197 26689 7651 26093 6187 7971 20769 7460 26557 23646 2457 11019 25732 69 2762 10992 5374 3713 11536 26731 8067 7511 12631 24362 19985 13057 4755 8212 19674 13091 23665 12524 12532 13868 3209 25158 255 9622 4467 26976 5773 17453 15268 3437 10938 12367 21709 7782 11063 10154 24444 8754 8180 26537 20627 19585 3543 11571 21406 15281 23081 499 12856 13258 20496 4216 26293 6470 21808 23293 3598 25837 6988 3352 25915 16920 26293 23368 10329 17993 15403 15547 15550 15921 12808 16010 12238 3020 11664 20865 15738 1476 9488 10967 6569 12558 25275 5176 7193 25755 11191 4031 8680 23299 1208 8767 6325 17008 9655 22856 11544 22238 11447 14758 5651 9516 21529 4761 23587 4906 3033 18200 4141 18488 3373 9674 26561 16186 3210 20072 9221 9464 23825 16168 8347 4302 15372 9785 12694 17753 23931 7478 325 23523 6408 25559 26726 12499 25646 9901 7396 1387 3174 12691 25531 25223 17258 13983 8747 1605 4457 11240 10983 11251 4729 25332 2240 2352 12381 12531 697 11300 1819 23592 14763 24095 3184 22391 7503 26119 3681 26810 11569 7342 1091 675 7509 16432 7623 21219 12601 2924 23519 18487 7657 2753 6493 1662 702 15046 3784 24026 21973 18398 9660 12604 12447 3454 5620 26935 12485 9496 22399 17591 19085 4020 10562 17980 17176 21737 2107 26530 5413 443 15095 19345 1488 8177 23324 22676 17951 10380 18829 9102 5270 24064 6898 7061 23942 495 6469 26124 26053 18662 22586 18932 8576 25239 23496 17688 9912 18720 10114 16150 26600 3364 3934 15936 23758 4838 23627 17953 4846 12727 22375 1255 4449 25575 808 5006 12370 6946 26141 21578 23095 14093 7865 13814 10160 25982 19588 9038 3311 9587 15022 2336 17472 16236 24135 11487 10562 13869 2442 9334 8518 6432 23802 26953 6347 2644 17923 14638 1603 19926 12972 13805 24414 24142 23169 17451 11511 10538 23453 26959 9299 531 15388 8120 15508 23374 22760 13227 14716 19603 24648 14285 19308 14560 17424 9247 17987 10045 25932 17459 16249 13923 24362 26836 1138 26061 24060 15768 18191 8881 14930 9255 7744 9740 13667 8465 12917 14479 26138 352 26205 15440 9087 20740 532 14044 21943 17857 2132 1440 10563 11970 21264 24105 16458 2659 3188 13252 18130 2420 15840 19006 1369 1639 19213 9488 23698 24426 9243 9480 24319 5108 13572 569 2022 4776 1152 1073 5243 20987 695 26699 10277 10292 15039 3855 20939 17042 3467 22473 18489 11878 6849 14709 10050 3468 12856 21555 2240 4593 19702 5210 15528 23348 2836 2607 11931 15641 10611 2252 15858 26377 1282 20768 19668 7397 23902 5786 22810 20398 14496 6742 24493 5111 3528 25232 26964 8489 3618 15562 5227 25282 8132 3436 25209 1290 1640 3246 7196 7637 8329 24639 11799 9220 24872 11162 19619 26035 4263 18775 17702 10028 9248 17932 21740 15384 8036 9642 16816 24993 21248 7930 3977 22429 9591 21540 20652 1371 13174 7371 25026 22309 12701 2253 8245 22663 5885 19510 7319 16711 12544 17742 17624 20124 391 13159 6096 1922 9081 7616 15282 19355 26060 8073 12933 12968 14710 7769 22912 26725 8131 13243 14080 14186 15494 7233 23250 20775 22241 18964 20839 3454 6849 3157 6832 22368 4803 2574 22361 1028 26419 15753 16380 6235 4631 12584 2553 22977 7148 5247 1166 709 10825 7021 18114 7312 24422 2765 11671 2285 20224 12754 25461 8024 17194 24810 8233 10661 24631 20045 8119 7677 2528 11189 9719 9924 7518 18555 28 12553 25512 14154 8991 20724 17242 11885 12534 1873 8181 18522 8765 25175 11982 8240 14858 23189 22723 19573 22212 6181 24806 25592 9999 25464 12369 4227 17097 12671 10913 4911 15355 11615 13440 6905 22216 10387 6505 5103 24931 21449 13998 241 7289 12512 26978 15452 24094 9020 21609 26596 10058 24630 14971 10655 19442 11964 9084 15540 14449 20524 24785 23511 2725 5760 7173 7780 2337 11452 10080 5271 20548 4251 13112 8811 12637 2614 15893 1438 21435 6048 22879 7608 20294 23235 26678 14705 8319 10713 14976 11179 3454 20798 25010 3574 14235 5051 18704 13381 10865 4849 19651 25688 15955 18019 9042 388 3579 24251 11424 8362 13781 10822 25873 10991 2164 19531 16631 11646 16370 9283 11539 16408 24476 5675 3809 17803 12837 11854 10690 2734 25566 23040 4595 480 16274 16759 9326 25679 5902 5498 23842 5530 15068 13613 4114 14826 9512 16833 9285 4383 18897 8876 381 8664 20603 8912 23708 24722 20594 16966 18353 3981 20440 24859 22940 12852 10957 7364 4805 7474 16569 10094 26397 960 21274 9102 16116 26998 888 9365 25336 8499 26195 24656 6635 6423 9437 8727 7831 170 20034 22939 14540 7173 7109 14085 16804 1887 15530 8909 23788 21373 4971 608 25420 22245 24245 22063 4756 19899 5440 12108 21483 24761 3134 8951 19715 10709 18275 8803 6020 17705 22424 5675 18086 3758 18792 10832 17507 13765 18058 20399 26989 12216 15119 11491 22012 277 1992 11479 25606 15056 9630 6640 2990 5635 11549 19011 5253 13742 329 14985 9042 11566 1263 16489 17751 20669 19342 8343 15649 20324 13354 18134 24434 21133 24137 7202 23043 8237 20020 10066 719 15538 20643 24113 18088 20689 21106 8026 16857 11308 18180 23806 24585 24160 20993 4267 1903 9557 18396 17443 12396 5508 13766 17085 15826 13687 12863 3695 18063 16416 4829 11059 19422 920 5840 26255 22596 1430 9003 3031 3037 25342 21957 6206 20388 24009 21069 9915 7619 12109 7120 5541 16264 5522 23829 4900 1993 22958 13728 1737 12391 12018 25076 25336 22354 14827 14336 22184 3367 25842 24508 7097 15477 19598 1771 12366 1376 4466 1717 6828 10473 13696 5318 16801 26944 16590 16570 16314 16042 26150 6202 22813 23189 11722 9168 9983 8613 7499 12143 24489 1350 22737 13923 24161 11276 7687 15663 16381 15337 14664 10147 13536 11428 25151 26979 1803 23832 10873 10478 17658 16133 7726 12524 20199 24354 6838 1563 14264 1190 1279 15988 2706 24548 15023 10204 24480 15045 16971 14849 3976 8200 11094 4387 24581 11172 21618 23147 13248 21849 19813 209 25012 19900 12632 2231 10026 15839 19625 17647 1446 12089 6692 24461 22119 24057 24730 9770 23750 17485 741 15828 23459 12119 16820 24129 14019 8670 26905 8084 9413 16188 14735 19537 15624 23559 22163 2780 3250 20245 26987 16999 3438 4447 26043 8809 22532 8500 21675 3202 17634 23269 16894 1705 18222 26724 20274 26791 26854 8256 20253 737 21651 6353 13102 16053 4334 1809 22196 311 5324 2084 13949 19368 5296 4045 1269 1634 15778 7405 20480 9134 15319 25100 22404 9576 7924 24062 15071 22465 6817 25088 1339 10720 6296 8210 11379 18825 18231 13151 10195 24614 21763 13044 11614 10523 5134 20743 18180 18798 22610 25684 25029 13479 15004 4855 17017 10236 11845 21863 2041 14045 4348 26069 4819 14793 25878 16704 12562 17115 698 5062 1181 13052 12141 14926 8028 16002 3887 13111 19169 18063 13358 14254 14708 18883 3798 4510 13188 20261 13960 11134 11043 26686 24101 44 16443 7415 6873 25135 10599 4597 12551 24992 20825 10420 6901 25424 6856 16432 12727 25851 5418 3208 22692 21810 8648 1967 12814 23342 23356 18272 12003 14592 5102 12087 24165 14359 25041 14998 20529 1328 10031 11898 21576 9932 22658 5843 17300 24973 9910 25884 14453 3646 21249 16429 13327 26363 3707 10533 13309 24414 15751 24162 21380 18468 2974 22160 12673 15860 9010 11003 13138 18987 14400 317 4078 26428 844 2380 17292 10512 19959 14086 8847 23780 21477 20386 3034 23594 4798 17222 3004 16482 4474 18235 25553 3989 17727 3850 6854 16849 9305 8955 10431 18697 24782 13241 12057 15284 21446 4112 8770 7544 16909 23078 4511 7088 18869 15476 13451 1823 3298 5677 6662 10530 14195 3656 1039 5374 197 24252 6030 18408 575 11705 22403 6165 19732 3621 2729 14246 16696 8237 23472 26932 10522 26798 17851 2149 12707 15884 8241 20468 7449 12888 26662 20076 25463 20388 20791 11686 14473 14798 20711 19608 20371 22949 22422 9738 20053 22155 14500 24080 6485 5345 6720 13088 23133 12591 8903 21869 20057 7964 21383 9036 18834 2117 623 22609 17063 20488 26851 5819 24504 22484 6995 3110 13982 5497 26375 23293 7247 5505 14161 1880 18176 10230 4154 5537 19606 21368 5159 11539 1708 15224 17460 6450 19053 17475 24250 21920 1804 3620 8798 1102 14427 7924 25829 4652 20392 12214 14574 16683 6412 10947 25097 25925 18364 17662 17116 10723 9873 3823 8968 4310 13165 1058 10509 2246 5973 6052 8833 10231 20489 24077 2680 23349 25507 4781 12265 22014 23853 1448 3890 8988 25172 7471 2420 13950 5699 16775 15006 17285 21122 13379 24999 24909 16455 13400 1265 22528 15662 26114 25120 12109 20503 23552 5844 16893 7399 16318 26292 1079 5129 4972 871 2530 11730 23610 3461 11677 1854 22953 3015 3312 13408 26800 6617 18264 19018 23313 8248 26745 1821 21260 9321 20537 13564 28 12544 1999 19547 22861 21617 13371 3830 9115 17123 12602 26030 8083 22775 23795 25723 2861 11266 4603 12624 11687 18599 21000 21555 6676 23295 24068 24027 17634 9082 2880 22728 18113 4035 7518 24214 1822 750 26336 26978 11446 6786 10989 24768 11209 15595 8948 6374 10876 10719 7396 14398 8508 12080 15008 3047 5718 22275 26720 24474 17592 13057 22649 21016 1569 14746 6606 14851 12466 22915 5733 21185 23095 14749 5837 12828 239 800 7364 16131 23397 12770 14284 546 9392 18142 24250 59 11590 3601 24435 5781 6169 5710 12607 19895 10879 361 15208 18796 6968 6938 13060 12501 5216 15524 26951 24858 10418 11047 17458 6808 22590 8578 11837 2856 7034 14623 25098 22639 21802 13726 12625 13844 26128 16929 22516 4105 850 17224 4209 9649 20114 5015 21486 6105 2090 6950 16822 4021 3462 1916 5230 8441 14222 1995 7609 26848 20618 2966 20772 22981 2364 13236 7046 17610 11528 9664 23646 17544 26397 20030 2894 20899 14445 23745 16565 16732 18526 15766 15635 24186 25195 13426 14482 23674 21879 1148 122 23316 15074 11323 10217 23087 2445 22800 13164 21779 21872 3959 16629 6589 6547 9302 9038 4210 19640 6261 19685 22924 4339 3923 7723 14042 18728 20093 20414 19849 625 471 4557 21829 17165 6318 24064 3429 10570 2291 24479 3 23635 21752 180 24816 1660 552 11303 25633 26545 7030 18723 19215 23302 8517 26875 14469 8621 21686 18699 23904 9273 20017 6405 7800 21725 6217 6903 6498 20033 9865 18344 10933 12691 23535 1580 20630 12599 2384 3118 17328 6234 13276 26071 17821 17790 11548 18219 9370 20489 24367 14525 12223 12649 22304 12091 10816 14775 2153 12071 1869 18821 24956 7415 21212 26864 383 3906 17759 21496 2718 24693 9981 8552 11728 14387 14056 6270 5778 7119 4811 26561 4387 20428 18340 4678 17267 26369 19594 15307 9805 11346 15807 25912 10809 13065 14880 13626 4600 26184 5626 23604 23762 15219 14155 9571 1801 13435 23925 18405 3602 1007 17347 15569 23239 15648 3409 22476 19961 25032 11409 15808 8105 7044 16357 6121 24422 1881 13394 12081 24353 5200 25451 18640 5455 616 19761 12258 18882 10462 17153 4088 20982 23620 20741 14431 18863 12373 13979 8727 21185 2564 18480 17304 15002 21461 22105 21400 15677 24139 8911 16508 3633 10812 16875 1692 530 1028 22831 6767 6223 19394 24248 5676 7039 22288 13650 10237 12220 18233 7776 10038 26230 1695 753 17405 26862 13103 16283 5110 115 2331 8859 11072 207 10528 16059 4436 5296 20501 23183 6395 5682 16541 19093 18706 23648 10735 18088 6617 2236 20078 25233 5748 20910 5877 20322 10735 22399 12256 11369 25738 1487 10220 9103 26846 18100 23616 9341 17717 16231 19157 12559 14298 4837 19989 12391 5153 24421 16791 13876 17584 15909 26973 21333 25414 26699 17045 9033 11666 2673 22888 9884 16720 26215 17220 619 6716 8659 21658 20175 7973 19716 18636 4230 7248 3136 16751 23061 5357 6171 10610 8802 14482 1526 3121 19294 12249 19286 21978 5992 10761 1560 19677 20688 5222 7234 26279 18006 2133 7285 12486 15227 25732 2094 3813 15917 22697 24807 7903 16457 6061 21483 1346 24566 5494 11160 2602 2739 11877 15743 13748 1033 21716 5015 1178 21331 14314 22333 21389 3426 8672 16170 7690 19245 5688 19787 9864 58 9006 21989 19384 3248 17481 22815 5693 16978 25627 7035 26405 19008 23554 4233 14609 8492 2811 8358 17566 6450 7150 23553 24432 10615 308 13711 20763 21674 21645 19630 12605 14574 4709 6560 14404 19037 7792 14139 15449 10356 15841 21397 20556 20912 13308 19950 5397 9092 18581 21173 26940 13933 8690 16872 725 5792 1861 12379 23698 8693 20465 23934 16715 10132 201 927 8102 12628 6985 11658 11295 4705 24187 10929 20032 1224 21725 12384 24193 24998 24892 3129 6594 23915 22280 11429 1689 15060 2347 25899 25179 12840 20684 24649 3309 22597 5208 18597 13 11881 23667 24376 13552 19567 21813 5435 6361 11285 9086 11079 18280 4368 26240 22203 6693 10711 3949 1981 18289 13560 22482 13238 9692 19026 4664 18600 17579 15849 9477 20822 13289 14018 9941 10739 1122 26939 8437 1022 7385 4377 3063 25975 9828 9255 25958 20513 5821 1571 20133 23824 69 26125 18151 20860 10150 271 26803 2022 14662 11892 861 24679 8430 15243 26116 2320 14891 17004 3195 5063 16820 16066 12373 21315 13699 18352 17416 14963 4776 24741 22631 25794 8083 16855 5000 22378 21620 19525 24912 19896 20776 1309 20317 12803 24209 4647 17896 16488 13278 6499 19475 235 3899 11847 22358 15565 20398 24197 441 21154 6345 14797 14981 9631 14495 16685 17758 5342 12774 17291 194 10325 6625 15024 12632 1494 9104 12181 25833 9196 8324 24553 10483 687 22524 9358 6457 3230 7814 15966 26498 10459 9490 12791 16474 13452 5946 20458 21327 25162 20276 2650 12616 26947 6932 10113 20507 9515 3369 19874 13837 26373 6665 12702 15525 26235 8405 12414 23220 20543 26730 7025 19867 9829 25922 5348 26555 23475 21502 16720 17239 24430 16700 15327 25067 23158 6284 7247 5749 2379 5997 16888 3811 9694 11578 6955 212 10971 6893 13696 13765 2368 7634 13863 4239 10567 13482 20802 22247 17223 4111 19100 19071 22138 4793 18237 19283 4017 977 4205 4317 24609 18930 18514 6990 19361 2127 12342 16841 11981 14741 24039 11956 15585 26851 18340 11727 9437 12661 11246 15848 25346 22799 11755 24742 16855 5914 12479 18753 7704 3769 26524 14751 22470 2381 11631 7470 23052 18486 17441 2518 12777 13341 26788 16920 3255 5351 20891 1503 4040 17595 12409 19115 13979 19125 14487 25205 16375 17502 16214 21934 6041 13366 7657 23169 16740 370 15299 6464 25736 18805 15781 615 7531 11206 22120 4683 657 17103 2506 2662 21088 17572 13828 3386 14224 1094 913 24668 18040 21826 170 908 1736 21103 23209 24737 22910 10912 16047 18249 2428 19695 12258 15856 25755 47 1724 20455 8660 23420 19628 20938 13697 9705 21853 24500 26586 23962 6668 20217 12495 16122 24782 7658 22009 15760 2831 3195 7780 5123 20757 4991 8556 12937 4888 21707 25397 6108 1868 26727 11840 9023 8013 13502 2431 8270 4631 18270 23451 24577 23204 8638 14498 12122 26990 9317 13573 3189 22471 7750 21052 23577 3531 25865 25106 767 11833 10056 21974 26895 809 18453 22041 9027 17365 26331 23226 5569 5355 2544 8725 7774 23761 10693 23833 22838 314 14298 10820 21414 1020 12483 765 6089 5224 15218 3895 6499 5763 13721 1859 5440 13431 24945 8367 23188 16220 2761 12022 12877 25632 25741 13354 16202 16066 25847 12994 19503 13732 26254 20788 12117 2157 9487 25931 21011 24577 5629 16102 8956 26866 22649 405 24543 3345 10935 2588 13613 17517 12002 12964 3919 13844 17432 17551 7961 2646 6050 2755 4622 21604 23206 15781 23726 26839 16765 7376 5618 4949 5361 24614 25987 534 24855 26566 17597 17690 21028 14784 11656 15006 21457 12450 4901 23912 16045 1529 3440 20463 13800 5051 24863 14869 10865 16386 1140 10774 6530 18340 7559 20065 22542 16907 4816 18019 18373 17598 2725 2789 22184 17561 21209 9711 8286 15657 21789 26026 2034 20522 11147 5708 18654 11879 15530 16749 23361 17952 21777 17458 1377 21679 20423 8439 15933 8982 19077 23605 10050 24323 25995 2337 25368 16191 21907 2115 25641 12927 106 15228 5732 22443 4860 18239 24478 11904 17411 15167 4205 1482 7953 7776 9896 20733 3436 2508 24186 21187 7964 8202 20672 20212 24585 6958 16597 5091 3248 17503 7805 6276 7845 5196 11529 20479 24936 21374 19153 6149 24335 12033 21461 15202 21608 12587 7722 14111 12462 20162 14882 19720 23374 7631 11673 9618 10940 24025 13683 7279 11131 14475 5121 38 14699 827 9977 17312 26200 19183 2796 20519 21170 1339 18206 20455 8053 17935 7042 14499 17269 25754 3765 21424 6735 12398 21958 24299 1409 14037 15711 11175 9697 26815 20198 8288 22808 10671 24439 9862 9229 22242 22923 2722 3406 11444 6376 21755 22904 1509 7786 6071 26744 2281 14763 17855 11322 23146 17593 7774 14436 6459 9387 10598 8679 1900 24705 6118 6743 3641 21685 10756 24686 10642 13221 1612 9866 17865 438 24650 23610 7893 17562 4787 19862 14948 9400 8358 19658 2290 2974 14943 1753 1863 26213 7631 16737 6107 12278 7506 4834 19703 2669 12484 18843 7417 6173 7966 20332 14705 7452 15598 19799 13865 16996 2046 8329 20968 9165 24513 12764 13896 11206 111 10799 10382 20747 7536 2413 24506 3079 9335 26467 13696 6060 777 26972 3652 19099 11097 3377 8694 2310 12336 20513 12971 20833 538 7292 22125 18399 10581 19446 10479 5391 2691 24560 7741 1469 3753 14731 21170 25378 2805 24759 1694 26839 3135 24558 612 3855 4004 15632 8424 19135 23090 15035 5077 2437 7 1413 14797 5194 8432 25854 12546 5469 9910 2302 1214 8704 17224 18318 23766 5551 26588 19287 20526 10498 23034 24253 22852 26820 24501 8089 22227 21035 9602 19875 3105 9498 13091 23052 18589 6340 1431 8050 24174 17766 9387 8563 18287 6158 26236 18972 26501 8058 14999 13339 22123 25662 16679 25185 1007 21636 1867 23202 9358 23404 7695 7686 21559 8630 3244 21337 9393 158 7593 25122 15417 20867 15969 3261 22327 14846 14130 18282 11662 23620 25794 6801 17549 3258 7378 3641 7411 10394 13701 5181 14939 7784 9972 1706 26096 26394 5107 5498 20028 708 14189 11134 6487 16917 12508 21918 3701 20145 1157 10613 15096 15132 20487 23554 24546 24258 1442 13535 13478 9106 15718 5156 7314 26566 11448 7335 1619 9370 19530 23832 8848 23304 26492 14639 14245 6819 16464 26919 20334 4683 12930 18187 17814 16272 19651 12983 3637 3314 965 2712 10518 18346 24604 14038 9869 9637 9224 2235 1270 422 11313 21429 24696 14293 21534 22843 24155 9008 5030 8375 15585 18691 1611 26411 2576 10644 19544 11075 25927 20476 7170 21796 4901 9449 23634 14787 1729 21780 20874 10539 16186 26592 11571 23004 10645 16867 15633 1225 3370 22493 26399 8560 2631 3796 14202 7129 9343 17936 16850 6541 6935 23321 16501 23931 10883 18974 20434 22357 15992 25875 8759 14348 23103 19143 6923 7573 23184 20165 13872 18185 19407 20281 25061 16393 15917 8841 4374 15625 10368 458 19484 11201 15652 5267 10393 12644 6066 11744 15257 25210 19265 15118 19400 19260 20488 9385 25365 10121 6599 17171 23819 8862 24265 14873 10501 19566 5765 15510 576 17698 21037 12601 3323 24284 24995 12187 1162 16453 14450 4929 2759 16649 4020 15762 570 19678 23732 5603 20397 22623 19325 3694 16180 24201 18822 19792 551 5955 24442 6767 3945 8525 26336 2537 16008 2569 12452 213 13154 13547 6752 23331 11446 7025 1062 26638 14516 13222 21059 9416 26527 25422 13708 14720 21513 8827 3069 2778 16078 14494 21097 5451 15910 7917 3489 6073 20653 7635 2928 18584 6032 14670 6270 23209 11053 4412 22901 7824 2111 2608 2302 3361 13907 21231 25137 24127 14061 11495 11449 13826 17531 12661 14733 14420 20642 10527 6249 26534 14226 22852 9960 26525 6972 17351 4952 15776 22188 14299 22523 20161 8291 17761 20139 24878 3230 11498 25533 8702 22172 25524 19254 6608 8489 16024 15378 14946 13455 5499 7237 1775 15243 18915 13385 7355 20979 18317 5556 21646 17330 11984 26485 5123 4100 1870 26482 21279 22473 25194 16062 9516 19568 15888 1104 20071 17019 10349 15444 10856 9455 7323 26439 10014 25881 17502 8596 2231 11138 18063 4955 10147 14119 3422 21104 3228 3105 16996 16833 12009 26398 9758 14365 9400 3755 19632 25021 16992 7110 23526 25282 2715 21046 17274 2402 6100 12917 8828 1746 1635 18322 5353 3988 26055 1934 9194 3800 2850 8505 4128 776 9805 12836 7682 14875 7766 11988 21382 11394 6787 5320 21796 26154 18876 13945 21550 22357 8290 12818 14618 9589 3791 5735 19988 25300 15606 15708 23267 25553 23375 7584 18981 13147 11001 7716 22696 20430 15612 4948 19038 17258 7356 20938 512 20033 9686 19306 2749 11821 18506 15036 2707 9490 7004 23092 418 7708 23529 15118 22528 1443 7422 25745 8413 8925 12984 13515 560 4369 26328 18870 11110 9136 17097 3953 2047 3434 13497 18759 15512 12529 19274 20817 5423 6242 2343 18316 22080 15982 1242 21585 18160 21594 2777 14625 8874 24075 18401 24051 15512 12191 3071 19131 11483 18686 10486 16905 15762 8732 14976 25437 2175 3643 23909 14229 884 9754 11346 12374 15452 11906 21923 17817 968 9291 10272 15018 8871 17444 5113 1117 636 9110 22617 4427 6338 3826 10427 5080 6570 19632 22867 6005 23488 22974 12682 23813 6035 3080 16410 3603 13628 11643 18149 10205 5562 7688 622 10864 11569 8398 20854 20538 21543 15265 22957 13715 17504 5259 420 2424 2206 9231 16937 15296 12369 15033 157 18869 2444 13395 6793 1221 24089 23627 12408 3402 18857 3789 10737 18425 10658 14054 13147 7150 17245 22532 13118 12157 7289 18569 2089 1759 16216 6197 23193 25687 16089 13651 13629 5199 1106 1860 10642 19995 24800 13765 16286 2383 20926 13671 6469 4402 23204 14299 24083 17700 21521 11272 25508 21193 17128 14353 4300 17559 15091 1031 22504 24028 3293 5550 23314 16787 12969 11590 25442 24511 23816 23400 10256 7881 12460 17947 12252 16884 16788 9393 24606 16384 17269 16898 11860 24597 9504 5986 20101 12669 1190 1487 1232 21473 4743 26771 23452 5950 3961 5716 5246 7570 11543 8087 17156 8580 26468 1481 23326 21019 12924 18277 16179 18533 2012 7173 19843 26034 9575 19581 18866 23323 11181 1275 18909 4250 4088 22303 26477 8563 25509 416 20410 11914 21363 8286 21217 13387 14866 11925 26280 1748 3136 9201 19895 596 1737 6236 2861 24415 3250 7038 26512 1047 4386 11997 24162 16800 24673 5951 2000 14981 16469 18274 1880 10792 6164 12170 13078 8116 1484 17078 18391 2421 4348 12168 16683 16692 1788 3401 10098 19772 26834 5622 117 23444 19543 22267 15418 24591 13731 10821 25662 5425 26048 24736 765 11215 24523 10727 26916 25182 26737 11732 16684 25975 9150 1463 24597 2928 3549 11950 10848 264 24812 3787 15399 19950 20161 14750 7898 11172 3789 8215 1836 12873 4841 13667 24964 19826 17207 11391 6887 23507 1470 1272 24149 11006 8216 12700 5515 6059 18012 9316 18665 19986 22675 14946 10240 5515 5792 4149 13576 13735 26657 20432 22018 16882 22945 7323 20561 20912 24929 15587 8633 25047 22770 20762 23526 18849 11993 15658 17304 6851 12083 9017 25366 11097 1835 22466 10634 26705 99 4222 19431 18667 552 15391 11362 4071 4010 25615 25163 16413 6275 15224 3364 23876 19394 17136 9188 4752 7273 10372 4757 11554 19018 18079 24884 16090 3940 24383 59 3476 1553 10302 5704 10369 3980 23564 212 17258 25392 801 12148 8483 26336 14065 22384 19529 5023 23397 8975 6075 23354 22776 18056 18008 14570 9987 18723 465 26142 13063 13530 12938 18137 1549 22299 4558 25834 14950 5303 3246 1321 10365 21224 12538 398 14991 26939 18750 18035 17555 8588 6626 14179 20012 21716 4291 26112 19037 4588 14126 19946 5785 24506 14848 12280 22774 5137 11639 20717 3766 20652 21318 7080 5204 5744 12783 19359 783 781 10023 23835 8109 23436 11167 1063 20497 26286 15022 6486 12173 4408 16566 12740 23013 20423 26429 25058 13139 7934 4296 13860 21063 23126 2329 8366 20828 14544 2042 24399 25695 18911 13941 7419 471 15778 19429 14598 5078 10565 1849 21453 4012 14973 1965 18786 12145 11226 9739 974 24846 18523 26033 23065 7624 4403 25900 2937 4774 290 8504 17506 7370 4307 17861 2621 20875 22150 2147 8481 1422 8952 1114 2802 23143 16714 24133 16172 7516 5598 25919 6728 18387 18673 12925 8998 18073 4981 19683 24596 2129 26024 7509 402 17793 5949 5851 26557 7487 25438 9426 2360 25107 503 6059 21941 9713 9858 12837 2419 4457 23812 3679 8660 16702 6208 26449 5217 6778 515 25269 7623 8095 3803 21351 18744 24317 17286 7596 20438 898 14422 1939 20169 19860 22684 1703 16417 16715 2648 25107 13880 8431 6762 1744 22258 25697 22060 1362 19526 730 1145 15886 19162 15947 22782 9848 3433 9419 14906 15598 9269 25566 10703 6625 21912 23214 18129 6381 26943 2361 19505 12973 17541 11368 9589 15271 24612 18830 13140 18848 6625 8912 10111 18260 5519 2296 20507 18152 2779 14882 5076 2394 12764 10961 3274 11664 25719 19194 4768 13866 6632 467 13434 5770 10984 6634 628 4425 18776 1080 20134 23417 22438 1083 17170 9519 4836 18837 1881 6425 23424 8414 2254 18256 1154 11409 5404 10492 24654 16873 18883 15844 11351 2808 20873 25709 6328 20461 2404 21114 17671 376 15927 13606 2640 1466 22093 2300 9933 9396 16007 4769 12648 25589 3658 19950 17626 14914 1281 18142 602 22761 15018 18950 7555 21983 17378 10542 11788 10303 25943 19268 12352 3479 26681 26467 1527 25669 1942 7053 5712 244 26171 17185 16102 22797 4084 25256 14727 14091 3529 1799 12329 18996 25446 12655 20362 3909 11583 15486 25095 8002 18961 3680 3011 22233 3062 1928 1573 6177 1939 6481 12559 5937 22826 7928 20995 24484 3385 10116 20194 14659 12082 23213 23693 22438 22003 11069 24598 18777 8814 17492 25410 17543 26872 3322 22414 14498 8508 6625 16131 22638 21613 4603 15288 11249 13008 20157 5392 15088 14173 25579 6254 6096 15829 12508 25405 3755 10561 15246 914 16775 7869 8313 17054 5090 18158 5247 18822 26873 11456 14615 5422 1007 25837 14633 2162 12966 13915 5580 6071 1114 9889 10268 23930 9668 11134 20100 17693 11248 18962 218 8079 20358 10303 2488 11192 330 16049 10274 20254 12212 3822 23038 21627 8970 17698 9445 8271 1161 7392 21295 5377 23883 2886 5955 24882 3390 10728 18145 22872 17065 10545 2615 26621 11631 17958 10531 2685 19173 8497 14242 21518 26949 20718 23041 22645 18831 18452 5832 15227 6430 9482 10156 23661 15244 22943 10640 8537 20703 18513 13871 12284 1294 11249 39 7129 16237 1066 23984 22969 9625 7806 4704 15225 20622 22065 7686 10864 6608 19110 17172 10164 10988 7185 599 21227 20445 1238 6841 16575 21479 23102 19059 6800 19887 6792 1662 4774 11643 12051 10550 24423 15091 16255 9424 4163 3064 21786 9232 8623 12255 2039 24626 14108 23698 20872 25383 10054 22285 19088 17969 6473 4004 15673 8603 17052 11295 6033 8938 11936 16479 24840 1937 26054 1398 25947 3808 10439 10557 19031 10855 12507 2504 9695 10121 524 7191 25050 20447 22166 13063 871 19880 12130 19790 11549 20246 9104 21494 3958 13632 7689 24525 18595 12644 9431 618 13067 12559 23738 11367 23466 1248 4681 14032 18576 20922 18631 2204 25276 447 21733 3367 25387 25989 8008 16722 3622 11994 12203 4262 5569 25038 20596 4487 367 16366 23861 25026 18450 21328 21425 25695 12582 9671 1931 20970 10917 4567 10554 8235 12540 25964 25890 4495 26188 2939 25605 14953 10331 1140 24255 18621 11817 4785 13309 15128 3332 14969 19716 768 10152 20743 18492 19915 18622 3849 10402 1509 21647 25403 25662 10154 9841 22319 3234 26322 5460 12691 6055 463 24383 1191 14215 20015 8449 2118 24114 17919 16914 6294 26723 23811 4256 15579 22588 18038 13634 13983 25112 8009 8976 89 3193 20177 23898 17794 6317 7415 18175 23229 13949 9461 23520 24361 3637 17332 870 21125 649 9802 2369 21891 1938 3108 18022 2263 23198 21415 10049 17043 14881 12403 15954 5571 3677 1733 9892 1617 9272 253 8919 10508 26784 8380 3182 25477 13717 3583 7966 14352 12811 26777 16116 10569 4606 195 26023 17501 2971 24059 22813 2797 1902 7545 15105 17453 8733 18655 18610 26199 15463 24528 19273 11348 16142 26353 26586 6486 20323 19707 3928 26860 20386 8319 23063 20492 14732 7336 10924 6410 21666 19913 21982 15598 19187 24773 23103 2348 14697 10843 9005 22622 26374 22934 9033 12069 498 2038 24177 26798 4511 2925 7447 8149 11565 22893 18169 5209 15171 880 4126 5815 7192 18067 11934 24580 17583 12772 19749 18714 86 6026 18337 3105 10660 5760 21345 397 14840 18093 20497 23208 22182 15713 2695 13462 18469 25995 5398 3859 22643 585 2730 9441 25610 9653 1380 6214 22865 9133 10151 6245 4900 326 5678 17211 3105 11501 12352 19964 21511 16924 26242 6288 7917 4180 13419 9632 9071 22614 3987 21688 12928 25190 8166 22309 15573 20571 2118 14606 1650 14743 15510 20283 9932 24196 10527 20344 4800 23089 16976 13964 23172 22771 23722 26321 1456 15771 9720 4193 20352 14903 25776 7757 20679 5413 8068 4578 15178 9819 6689 16840 20010 8214 19124 25690 26501 13887 10235 14183 15477 17094 17705 1995 823 20025 16327 1878 17667 10079 22475 9637 20501 19919 15868 7257 17579 20755 23458 17445 17098 17013 15920 2954 17734 15922 5556 8462 5071 16535 2623 7461 21116 18131 42 4251 4775 6607 16914 21014 3651 17542 9854 5131 8203 26221 9736 22304 26439 7959 16162 10973 23317 20613 16746 26532 12788 15064 23287 9693 7336 21425 10225 9147 11907 4255 16251 9499 10344 20724 25247 8961 1408 10406 11529 6082 16722 3793 26680 21911 26516 1772 9879 3014 2709 26575 12796 19191 21023 25967 6362 14785 23260 25304 7839 18238 214 12366 21758 24714 3305 14081 24372 19621 9177 7048 25616 21441 19845 9693 11945 9914 10887 19007 1115 5850 26974 7881 11331 1709 14833 15849 7990 20630 24406 3522 19585 6538 6042 1983 20939 16413 6660 11015 85 22400 15469 12656 15701 21654 2939 12820 11525 16677 8938 12844 1558 636 7300 14192 17486 26953 19991 1605 17958 11743 11412 11989 21882 4274 480 22004 9312 13562 11269 8473 26204 1752 18762 12543 23811 16412 25788 6251 16651 23260 2367 6738 16695 3680 18543 17276 20958 24767 11664 16644 20492 2805 16552 3351 15638 14872 22510 21694 15957 15052 3983 16147 1567 21857 19014 12828 21067 6772 13382 25093 21388 24618 354 9888 15254 7355 8518 2255 9770 6815 15028 3715 2650 13477 12221 10867 24825 2213 15368 18641 22688 2192 18916 15211 109 1490 3645 18202 9811 3584 6445 20586 161 6777 7499 10691 24801 4581 24788 17475 10813 6846 1354 24975 25290 25001 23500 26791 9003 4631 16504 26324 4189 13674 20770 23172 24034 24588 13600 17640 16374 22670 13111 4036 1748 8130 13710 11348 24351 2942 25608 3322 21480 13766 710 328 6365 18534 24002 11311 22418 16298 19792 23233 7108 7810 8624 9153 15538 21603 25440 9856 13059 2706 9228 16139 24990 4954 18410 13763 6120 13855 6127 9259 10662 1957 11243 7539 21918 15481 308 14117 15906 13341 23243 14309 10703 24923 21651 26249 16353 11204 12581 20290 7151 18510 17259 1738 14014 8573 22216 9346 20193 20912 1796 23072 20633 5337 7881 26818 10015 21921 22554 4263 23456 10840 23921 19661 18279 18159 18622 22384 17320 2948 4584 20232 12514 26935 655 20862 7774 22739 5030 8877 12668 26174 7818 6382 5299 5489 21278 5778 26917 25724 17220 21270 16307 13641 19296 24401 4359 17075 2891 13583 26224 19 12994 12419 12594 11214 20525 9464 11085 23051 14625 9240 22958 10099 16756 20063 7135 21577 26149 4800 5804 8504 2868 14425 11857 11196 1032 7062 60 23933 24999 10966 26263 4440 19125 26541 15699 18558 15534 26745 12605 7807 11456 2007 22285 6070 23445 7485 23615 6708 18995 6049 1771 9148 26919 24477 9141 23862 22265 15005 16607 21227 18975 19128 19656 26283 25113 11110 9303 26640 23950 9137 9768 6348 22180 11570 23331 2704 6234 10100 14310 10159 26938 9451 18323 14658 25116 9554 12625 4057 18963 16697 18628 20612 19910 7826 23750 18575 15141 16518 22300 9860 21593 11390 4236 18013 1805 5831 13687 5282 2029 11422 18138 11991 14073 26231 13676 3532 3193 14247 4245 23141 11986 15495 11120 14130 23348 24563 24559 17094 22537 440 9554 768 13671 24931 12004 23463 24043 24549 26150 23620 12985 20832 12927 18972 3114 16772 19861 7643 6128 14393 4645 3040 23280 26852 8323 8502 9322 14773 8701 5231 24425 12521 15292 41 4791 18938 12602 4372 657 11365 10098 17140 21602 22990 7965 21438 17479 26393 621 21419 18196 4814 1090 6892 6035 17341 12894 13600 17521 16374 20278 16138 1965 5957 22419 15782 23804 19652 9751 10845 23152 17626 9994 26901 3271 26727 5302 18567 18130 12271 17379 5769 7732 24369 12151 264 8552 17998 10644 4897 24191 7923 6477 20715 17619 21252 20234 8322 3924 26531 12500 956 22052 3808 22195 21404 15404 18829 25381 12903 10686 23 153 3412 1192 19037 14658 17599 13656 11015 25865 7564 14160 13352 5786 7237 8603 15273 9350 16540 11098 2694 6791 2177 7561 15513 6524 7525 26391 25125 12276 5518 12505 25034 21987 10897 4923 9986 10356 25127 25492 1840 16629 26866 7792 2822 18241 6167 9885 17647 19001 9949 25021 12886 17437 3853 10188 15592 2788 7220 25415 15012 18353 11147 24506 26191 1800 3945 24358 15751 11238 12283 4595 17859 3116 13236 9808 22645 12414 16243 5295 9632 2901 11389 26100 3842 5474 11615 21627 21189 21351 3715 18828 20716 6326 5519 20111 6473 5315 22514 16866 9609 24470 409 17070 15333 17258 23033 7241 17539 25460 24751 13409 15048 10519 11215 19510 24119 7858 7344 26204 22812 16971 1229 15121 16801 16523 15078 4231 21710 15038 9942 18376 13280 12512 1797 25171 22049 6430 16421 25326 1594 22280 1858 18318 18524 16100 26881 4595 26446 5739 4281 8020 6397 8791 9934 16992 17159 15063 26440 2519 24587 22715 10150 9832 5569 21911 3857 19885 13448 6976 9487 26468 20707 15980 15672 2604 25805 26292 20610 14133 12743 20284 25048 2505 17764 16921 12301 19807 17369 20380 7710 25137 16714 25388 4615 23662 22588 9972 15501 646 12923 5252 4714 22575 5517 18134 25429 3273 18825 931 18214 24531 14038 18355 19090 22043 20927 23589 14657 5801 3652 25072 20868 20428 11703 20921 18867 17012 10075 9020 13090 3942 26448 5475 19408 12181 13168 8960 12071 8390 3769 24784 7156 12269 18037 10626 19418 12793 842 24629 5265 9734 26460 23449 25666 25284 4849 5220 12947 12675 24549 23768 977 21706 15719 21141 19249 13138 25660 19626 12156 849 19247 5918 21947 16127 20591 15802 12700 1259 4127 7982 20082 1896 24308 6355 17605 21331 9213 6156 16701 4307 16599 25477 19905 2079 22575 10612 13723 6754 19689 967 20098 25170 8695 18768 25131 17181 9969 12038 8225 8811 9102 16025 21425 16231 116 22220 13150 19243 21788 4351 11820 23126 22452 19433 10256 6618 11843 4783 8244 21642 6388 17636 14385 15446 451 24074 6795 1050 18653 17185 18660 9701 21017 3301 25562 21377 17534 6510 92 18209 21035 10446 17105 22166 663 20436 26888 4773 23415 10421 23570 1592 20974 19520 4068 24480 25416 24007 21991 15529 25721 22428 12916 10535 10577 11844 12739 15561 3025 24891 8345 1829 12832 24781 26840 13632 26857 25495 21357 18003 9488 9138 207 8209 4233 22852 9547 22989 1074 225 2498 2626 23250 9700 13303 25798 24261 4384 16159 16620 11271 8055 502 781 9916 12256 16251 8251 903 15071 11950 19020 4865 20212 16315 5639 18213 3864 19751 11767 25789 14017 18785 16073 8703 14348 7260 25935 5772 5116 13010 2137 15690 23595 5871 23682 7231 8680 14083 5947 20377 21694 1282 7725 10723 23265 11142 18197 21452 7496 26462 3055 25633 23413 25575 13215 14939 26361 297 12880 16658 19571 9595 15798 19855 25877 17452 434 24449 1223 20884 5319 184 9618 15738 9142 8672 20181 11517 12879 19287 14231 25493 24450 17120 3670 7489 20127 6391 18559 16908 16597 21705 19021 24246 1084 19631 24300 18926 13381 24385 22960 1388 20364 22439 18776 12438 25518 26376 22109 1734 9115 17600 7957 5448 15400 15506 8946 20506 19741 20511 372 16454 5084 2017 18943 4014 817 13444 11852 7523 451 22215 26584 9725 13607 19081 25691 21283 4045 6178 13518 6704 2393 5204 19948 23421 22603 23628 9023 10161 14956 12623 18737 14819 16353 18609 5011 19242 16840 11436 2915 14442 13923 7018 20725 24772 15011 6213 1004 21496 5212 16079 6769 8121 11671 9314 1327 19584 21106 8451 24012 8545 20405 12721 17710 23021 18722 14342 3121 5560 10961 21925 21196 13113 11625 26192 17855 13496 7025 14756 14801 7760 9494 18736 8029 10517 3437 23755 26959 21073 22640 16097 15765 869 7045 20182 24976 11939 19996 19551 21021 22046 24808 14722 24930 13977 21725 23601 2820 18455 47 24443 24533 20263 6757 6069 10888 26848 11212 2347 2410 25261 3317 14575 23278 12364 7522 21438 22851 447 21982 23850 21449 22730 13809 3470 19805 17853 10243 17586 10871 24650 18599 3373 4036 17274 9076 5318 10455 22389 24058 770 5043 13364 12690 24226 21608 12104 6854 10994 18487 12074 24567 25928 1114 9517 14182 25288 20285 10972 1137 258 21216 567 92 16459 11928 26065 19483 21759 18580 8325 16236 26089 12969 2702 24645 2371 26320 13027 11578 14196 19031 4948 8587 24431 14642 4155 3239 15208 12223 5297 22473 3550 15251 20421 26011 17060 19476 23269 10278 6698 7566 6690 3301 6032 18639 8557 22743 21182 18594 17347 5258 11828 23592 2031 9123 7888 22130 7058 1509 4235 4451 13187 19012 24534 7065 11189 5521 7986 9824 3112 7067 11118 3735 19240 22527 24266 5211 20703 14286 3243 18616 11778 26933 762 10445 1346 21145 13715 8883 19427 1575 22641 3559 25677 24827 17092 18499 9182 24653 3409 11105 20632 5548 8360 4873 23141 17437 4581 5044 23759 23446 22366 3537 13651 23906 4742 21809 8250 3087 6629 25132 20545 5526 12130 25933 15610 14403 3888 15581 23148 13115 4845 18803 16408 16561 11715 8394 25646 26244 12295 9605 9538 16795 17932 20300 9295 9821 18158 7016 20519 22789 15602 20668 20119 15085 9401 13370 23514 15624 17000 16842 9436 5756 7278 25763 4116 23633 15817 24455 3749 7863 2806 24382 15809 12239 13387 22638 10826 18715 2456 12883 22101 26531 26985 20393 15445 17363 23616 19671 13897 15150 19908 4616 11591 16667 10607 21488 13097 9091 20666 6611 3755 19473 12021 18908 26056 5892 17985 18646 21516 12112 4201 23715 16723 19205 24297 2476 22080 6325 14520 3574 14734 26296 3607 15770 14379 1434 21338 15308 15235 2225 14015 13102 24796 26939 2483 20022 10784 15152 4540 17884 23009 10466 2510 10551 11964 6811 1391 13185 24292 22839 23905 7059 
