// periodic
// number of jobs
1
// pi
10
// Cycle
100
// aperiodic
// number of jobs
1000
// pi
20 41 175 61 65 133 74 137 141 25 158 129 134 112 33 108 30 133 158 142 71 124 38 88 45 21 5 109 43 104 97 152 9 88 143 29 86 171 34 138 62 110 13 119 95 123 88 41 83 112 60 97 179 163 141 13 22 122 60 82 78 21 30 80 119 175 18 176 76 18 85 24 3 161 154 153 101 75 61 94 32 57 25 65 44 100 163 92 167 1 163 145 171 163 20 153 72 108 75 89 37 105 133 155 20 128 2 9 141 128 135 51 102 68 171 34 118 78 109 146 93 121 55 16 43 121 27 81 39 142 18 144 38 118 115 84 48 104 26 82 9 48 160 93 166 97 11 73 122 19 144 51 24 93 1 111 87 43 108 99 98 164 81 155 155 4 57 67 44 84 23 87 110 99 63 137 176 158 121 145 143 101 164 89 16 135 150 58 117 6 45 133 20 81 97 66 37 148 89 95 95 127 19 43 21 2 116 94 89 9 105 107 168 1 133 7 12 113 115 169 70 175 4 60 86 168 43 119 33 37 117 157 20 159 166 147 9 30 36 138 121 138 21 40 90 118 162 50 103 64 69 52 163 95 121 61 63 11 22 176 102 93 18 74 89 44 161 116 16 159 16 57 27 87 120 67 157 62 149 174 175 157 118 84 140 114 128 10 135 152 156 129 88 23 160 70 107 148 145 177 57 96 159 11 6 118 9 161 1 176 41 3 90 10 130 54 82 40 179 123 126 7 167 59 130 140 148 161 113 101 95 6 11 9 144 31 44 160 145 39 152 58 13 111 14 66 81 4 18 107 130 156 49 137 77 46 42 93 103 112 152 150 7 2 42 29 76 175 51 157 27 117 137 23 16 53 154 98 55 134 96 128 121 123 58 145 43 101 94 83 155 133 78 156 89 134 139 5 155 20 179 31 38 178 115 9 43 20 55 14 161 124 32 161 117 152 141 156 172 158 132 27 27 125 36 52 132 136 53 51 53 139 144 115 167 149 179 70 30 65 147 111 81 95 130 25 4 52 164 103 87 130 26 179 155 71 113 100 131 55 128 80 24 80 97 94 61 71 95 134 107 90 92 168 131 101 133 18 154 63 18 176 78 47 97 102 153 133 36 156 47 60 153 110 99 113 72 58 164 138 165 73 163 179 151 112 46 55 77 76 143 119 48 43 162 102 116 132 127 139 52 42 142 36 131 79 104 56 131 54 50 120 86 133 60 31 130 167 65 108 167 53 6 4 145 86 8 109 7 94 87 40 41 169 46 88 53 52 77 160 160 105 28 34 176 78 115 57 160 100 66 51 79 63 17 174 58 113 37 106 46 103 146 111 3 134 65 163 1 156 117 165 21 142 150 132 154 109 79 170 31 179 8 32 86 51 167 106 130 39 141 147 122 4 29 42 22 154 154 112 75 176 50 101 112 129 35 96 13 149 75 148 159 12 175 1 37 49 133 109 70 173 18 106 54 86 11 166 112 9 127 69 172 149 161 75 14 115 53 140 17 95 156 89 173 128 107 36 144 20 17 154 73 91 118 12 73 131 144 103 121 85 11 156 8 33 82 154 164 161 104 48 75 19 64 27 125 7 66 98 84 80 129 139 19 120 58 146 151 94 110 117 113 158 134 112 68 37 172 129 13 60 160 68 10 173 66 164 121 152 177 91 48 112 133 47 147 100 77 106 139 154 147 103 152 134 31 89 172 116 162 150 156 32 41 149 29 55 173 135 112 142 81 88 119 12 15 52 20 40 169 115 64 15 110 90 132 69 122 33 65 80 79 157 146 165 72 64 178 16 19 172 158 125 161 19 125 50 126 167 165 146 169 66 164 87 70 6 27 149 151 164 141 131 111 139 48 41 133 113 171 134 106 109 102 133 176 15 8 173 4 141 39 95 53 157 66 123 172 122 55 174 11 54 120 40 179 33 115 47 75 162 146 1 163 113 70 26 96 28 165 129 81 39 133 138 36 144 149 136 125 109 85 22 106 135 5 48 135 19 171 42 116 6 142 128 121 28 52 116 87 8 99 50 72 161 71 117 166 37 91 141 111 73 78 9 59 122 66 52 101 88 22 123 92 172 81 32 154 112 144 11 108 12 105 53 4 159 144 22 28 80 85 158 116 105 133 165 135 2 49 78 84 124 35 54 85 179 163 61 1 4 38 57 112 86 77 120 117 154 163 108 88 76 165 73 76 177 37 60 148 28 42 102 114 120 27 175 161 177 119 174 81 174 130 92 100 128 65 23 155 64 92 92 172 15 102 38 72 16 
// di
6289 669 4889 3368 2734 4908 272 7015 4396 8384 1538 2400 7483 6486 5852 8340 103 6901 2844 2796 1596 8215 8135 6828 4023 6446 6431 124 4016 3487 909 1597 5560 4472 4717 3031 6591 8291 6000 4352 5610 4043 8114 8818 5329 5050 526 4011 7720 5851 5005 3670 5202 821 2724 5829 3738 6398 2137 7395 3931 2853 7433 8868 1453 5630 6766 5286 8786 7806 494 8939 2586 3307 515 7055 6882 3724 3659 2328 7343 1427 1810 5543 1257 6092 7864 7535 2657 8619 134 4129 622 4519 1298 6784 8036 4192 4713 5233 959 2697 4937 2218 260 4101 8977 3355 303 1856 4319 5869 6439 8855 4814 2767 7173 1254 3651 894 3971 4857 2478 1848 8743 5357 5743 4524 7448 5750 8214 7966 5682 7055 2298 355 438 7758 1339 7174 7841 6816 529 466 3985 7046 327 5434 8785 7381 5540 4695 5989 7858 2423 348 1754 3750 2850 2622 5519 6860 1579 2610 1307 5240 3683 2075 1790 2250 128 8066 7214 6767 8569 8080 2850 8934 1556 6361 3718 3449 4866 195 2717 6392 7597 4780 8993 176 5867 4084 5374 3670 3298 5443 8676 8206 1493 5814 4325 6473 2318 4076 3018 1711 2368 71 3958 2619 7798 4764 5459 4256 3027 3507 53 1049 7697 4375 3261 4222 8103 5238 8847 8244 7871 8041 6166 6052 5013 1378 6210 1516 4973 4195 6269 5468 7114 2985 2502 3880 7271 4089 5634 3579 1928 5301 1298 1795 7557 4284 2265 839 3555 826 135 5653 2540 7329 7004 5043 7822 2328 1865 2050 7523 6018 8470 8244 3347 8072 821 1523 6227 7302 3393 8030 717 4381 265 142 1129 3232 250 445 3120 3932 3710 4804 4809 6767 3175 1524 1234 5131 5202 8731 478 3023 1731 4653 8065 4378 2404 6756 366 1003 901 7396 6266 6800 2199 3033 7291 7082 1484 2564 6161 8280 618 5160 1602 6599 1253 4130 5377 4870 5434 1427 715 3971 2979 4786 4713 1122 7653 8086 585 8677 2445 8106 4531 7894 3944 3488 3102 5814 832 950 7637 8918 4007 5577 6787 1899 2744 8327 6718 3948 5884 6108 3165 477 4200 1540 8621 3578 2532 7049 6561 7474 8855 5341 515 3492 7035 1802 1601 6331 8359 431 6103 2985 5372 213 5852 2814 7007 5499 4680 6180 8487 2024 1829 1987 7823 3713 6176 6067 6352 6451 22 1491 6042 6805 1032 7627 654 6236 6347 3645 2864 8434 7720 2714 1534 820 4804 2425 4086 2186 4185 2954 7710 666 6705 4737 1499 6530 6308 5731 7899 2839 4096 79 2105 6605 8869 7791 8007 388 2638 3408 7544 8302 6535 778 3404 8157 5470 7419 3529 3753 6069 5297 8384 4712 3293 3826 8646 1573 6095 3050 7484 4426 5114 7780 4793 3734 1493 1226 3281 1116 8340 8765 5808 6335 5065 1716 6078 2208 5328 3146 4591 5231 8699 956 8401 698 8702 1586 6032 3736 607 7623 5588 7994 7069 1496 251 492 1116 196 708 2685 8044 5245 5666 3044 2858 2876 3659 963 6074 1608 4388 5843 5753 170 2789 7602 1224 2263 1886 4108 7343 2639 1299 309 8207 7747 1939 3079 930 3888 7667 7957 6204 711 3997 3071 4262 828 4590 3383 6332 7096 3492 4313 953 7977 6340 1674 2346 5443 7065 186 7800 645 3733 1210 3975 5706 3746 3692 4691 4298 2935 8158 5170 3300 572 988 6003 136 8391 4433 1602 4377 3564 4917 5480 5755 809 3366 2950 3785 3325 8538 3750 3935 2838 862 4552 2429 8618 7850 294 5236 7680 4164 241 7662 114 6734 8789 5179 7209 5904 4848 1037 3205 8616 4116 355 4194 6735 6465 6025 2858 701 507 3907 1549 1634 3678 6162 1540 2060 1000 322 8534 7994 5304 2723 6464 7864 8407 1917 1052 6689 164 561 2052 7051 1275 1198 2667 8343 5090 5549 3949 137 6057 6111 5438 7384 7109 8387 5518 3724 3089 4765 5485 8602 7675 7019 5426 7189 8180 5414 8077 6942 6008 7730 7850 2334 5114 1279 1646 4308 6984 5235 5684 3152 1654 1980 4773 6087 4994 4144 7552 4236 4046 7083 3802 500 6938 4077 6097 6464 1887 1172 8488 4439 4221 5065 6940 6441 29 2115 786 45 7566 5771 6706 977 5188 8767 8921 1427 821 8669 3028 7906 6131 3769 4864 5529 5871 2386 6354 1498 4729 3779 5125 5227 7287 3487 6847 2154 4876 7541 1695 613 4345 1277 1132 6716 7571 7127 735 2899 3989 704 7295 3549 7505 380 3701 6720 1738 462 6456 8242 4093 5866 7882 7168 3954 7457 7699 3805 103 1635 2417 2384 1990 3270 6676 1971 6879 1521 8096 6199 5330 2821 7066 1771 6855 2732 2486 2183 1431 4769 3156 8771 4410 582 4025 8324 1049 2208 3630 3990 1643 3956 8426 3815 5941 1727 4845 3344 7719 4782 7484 7494 8524 211 5085 2353 417 4913 4327 6907 2785 7157 7144 1753 4968 3917 3430 4749 501 1915 7369 6342 8325 4995 6899 2573 2019 8507 6892 1247 2977 7680 8406 5340 5894 7739 2082 4947 7492 8045 714 1391 5055 1795 152 6306 2843 7669 4697 5359 8912 8857 7437 4384 3900 5587 278 8000 7162 50 8085 7932 3794 662 726 581 905 7848 4217 7211 450 510 7233 5871 3631 5725 7582 3975 6865 3647 8347 7297 4100 1361 5713 227 5904 7780 3503 6299 2123 2104 5227 685 8634 2538 4833 8917 388 1093 8876 1996 48 2729 3795 7901 5142 5866 5668 3314 4507 2291 7932 8622 6497 6173 7631 4120 8766 4110 8289 467 5609 2224 7945 6040 7483 7403 2996 1062 6687 7395 800 8911 7574 298 4874 3980 3794 8931 71 4687 940 3412 3672 8743 3799 4705 2094 179 374 241 6275 4908 8904 7761 6733 4085 3644 148 6176 394 4059 4657 1892 3118 8165 796 1246 4311 3918 179 3812 3191 2012 2539 2752 3746 5175 7127 4568 5675 7757 6036 
