// periodic
// number of jobs
1
// pi
50
// Cycle
100
// aperiodic
// number of jobs
11000
// pi
3 3 59 34 49 28 63 84 71 41 12 91 40 93 9 68 63 97 43 77 22 8 7 91 94 41 40 24 27 80 9 76 89 98 83 26 19 5 83 25 54 40 59 70 11 44 84 94 89 10 75 8 90 17 2 88 14 67 8 37 96 13 44 31 53 35 60 3 87 8 93 99 49 70 48 21 82 16 4 74 17 80 87 66 12 41 29 99 17 48 22 11 61 2 35 66 31 88 77 21 19 56 8 26 16 77 58 26 69 13 45 62 91 76 4 46 40 16 14 43 81 89 14 60 64 70 28 59 78 65 8 39 27 54 33 13 53 44 8 15 99 93 3 44 39 86 15 70 89 19 52 5 41 24 31 32 41 58 68 72 49 35 64 62 73 13 88 95 46 90 78 28 59 78 43 23 63 73 68 98 68 29 40 23 23 15 95 9 84 55 74 73 86 11 65 85 57 74 86 69 27 60 46 81 53 51 40 31 34 22 49 30 93 47 97 92 67 70 90 74 72 98 75 51 40 27 76 1 58 79 96 94 31 83 25 1 87 59 49 58 51 31 25 61 79 40 50 74 39 14 9 67 41 87 93 35 73 37 99 43 68 85 36 38 36 46 25 19 54 68 19 63 29 71 78 67 30 98 44 43 94 28 77 33 46 5 62 71 8 50 45 68 27 48 86 19 66 46 29 50 19 64 55 61 67 73 5 99 5 51 94 70 61 62 29 30 65 75 89 2 97 49 80 76 93 9 57 41 22 53 75 16 28 91 50 27 28 96 11 67 61 87 19 24 45 48 87 3 82 48 21 18 42 52 66 87 90 72 95 78 95 60 49 38 8 87 31 80 62 24 15 77 39 95 7 19 19 67 91 79 51 25 7 96 53 66 18 62 89 52 30 5 9 34 84 21 43 76 93 45 23 93 8 78 65 23 81 18 19 35 25 13 32 73 41 58 79 57 53 98 45 88 17 30 35 76 67 24 66 34 99 32 74 25 96 8 87 32 78 72 54 70 76 10 62 4 1 64 13 47 47 18 33 57 56 71 64 98 86 81 40 16 22 83 8 10 63 39 44 90 27 38 7 33 54 4 43 78 30 5 87 93 52 37 83 97 20 88 72 9 54 32 15 90 18 83 49 9 39 39 9 28 76 25 77 50 67 46 99 58 63 72 34 75 18 64 74 98 38 47 67 20 11 51 49 96 31 80 62 54 24 35 51 3 72 24 4 20 71 57 47 28 3 92 80 36 32 99 50 77 47 83 77 53 78 79 52 99 31 6 66 56 38 65 38 58 92 8 59 7 87 41 9 82 9 57 20 81 84 90 47 70 19 39 7 71 24 47 86 29 7 14 76 83 81 85 22 88 19 97 14 39 58 72 95 74 92 76 30 53 79 38 93 83 28 87 29 13 1 13 47 46 11 73 15 56 48 13 38 77 36 33 15 58 77 77 59 30 44 56 56 84 77 81 94 3 83 7 3 39 74 19 78 55 7 82 73 15 12 91 82 90 53 13 15 39 46 51 7 48 2 61 46 28 26 26 68 27 52 93 52 26 85 44 87 38 93 51 72 17 28 60 78 14 65 60 99 40 34 62 88 20 98 13 74 58 91 88 96 80 14 44 32 73 10 42 38 82 24 26 74 62 40 34 88 3 59 60 88 85 81 66 80 49 97 7 87 70 36 5 79 99 40 21 74 81 17 9 25 62 26 23 21 33 74 63 17 57 42 97 36 89 25 5 60 12 39 39 97 94 42 26 59 31 12 94 14 14 38 49 47 65 94 82 61 41 11 56 74 51 37 34 80 94 24 49 12 39 25 64 96 53 5 48 83 45 3 34 15 23 50 36 87 70 61 14 74 84 8 99 71 34 15 93 87 7 61 90 90 88 54 79 72 19 83 28 32 29 82 52 29 83 88 96 21 6 81 48 60 50 18 70 47 79 77 76 67 68 12 60 80 29 23 9 77 36 1 98 82 9 69 63 53 41 76 15 88 20 62 22 60 57 93 16 77 91 70 28 72 46 11 70 76 98 31 85 52 27 86 67 77 28 99 91 63 65 36 11 16 86 10 12 23 76 72 35 42 39 30 81 15 95 36 97 48 94 78 38 56 22 26 15 11 31 27 1 17 95 82 80 38 61 26 63 32 70 45 26 46 43 5 50 33 15 86 82 39 97 17 55 66 43 80 98 64 98 99 37 60 35 70 26 32 12 47 62 24 11 84 86 52 22 75 4 22 97 82 45 6 95 31 38 54 22 24 26 92 8 71 9 5 40 45 50 6 14 11 87 36 84 53 20 49 54 57 46 46 58 36 48 94 50 58 53 36 90 88 3 35 54 91 66 72 58 31 7 50 66 24 80 68 43 40 60 90 76 93 81 49 37 54 81 60 11 77 76 66 2 8 97 42 78 66 92 85 74 78 25 17 25 73 92 94 38 37 59 79 12 37 7 48 58 62 23 25 90 31 20 73 4 89 2 77 38 32 81 26 43 26 57 1 16 29 50 53 59 66 47 57 19 65 22 6 95 30 82 77 15 50 44 59 57 21 88 32 80 58 11 76 1 32 90 83 83 44 42 79 54 5 39 34 9 81 3 10 24 37 89 57 21 77 36 43 27 23 43 4 9 81 61 36 44 14 67 21 33 80 42 51 47 78 56 51 9 32 33 77 42 16 25 64 2 60 97 69 28 68 72 6 11 83 72 5 7 97 38 28 85 15 44 37 75 39 15 34 32 88 40 49 18 89 77 64 46 59 80 14 45 52 81 69 11 28 8 68 97 32 99 90 97 7 7 90 92 8 55 67 21 26 37 45 81 64 24 80 72 15 93 2 7 85 98 62 55 3 72 80 3 46 29 6 26 99 77 32 38 5 35 4 62 63 14 83 33 91 16 52 22 38 81 40 30 67 51 16 45 80 11 42 1 5 83 61 5 28 60 16 69 77 32 50 4 61 71 67 5 90 43 50 21 20 68 60 3 25 14 63 3 60 95 13 39 26 14 6 94 5 14 90 64 1 23 29 99 68 42 11 78 53 2 34 43 7 14 34 34 2 60 80 42 37 17 75 18 60 27 16 52 16 84 73 37 6 57 86 8 30 50 16 32 56 78 64 20 9 6 49 23 20 85 87 29 22 80 44 88 8 78 62 96 51 86 15 62 91 41 78 73 29 42 6 77 99 86 57 24 96 58 12 78 96 22 14 47 14 39 23 85 91 8 26 12 7 99 72 87 56 14 49 3 20 28 60 92 18 2 29 40 50 61 32 40 50 12 65 23 2 54 61 47 24 16 76 72 99 33 54 98 75 30 70 2 9 38 5 5 42 49 44 84 86 78 7 50 76 60 24 55 32 64 60 78 98 46 94 71 80 57 27 28 29 88 43 28 51 1 38 93 61 90 59 75 79 51 2 34 83 51 2 9 93 29 79 26 74 87 54 36 31 23 1 98 49 36 37 87 5 67 33 4 6 82 36 58 21 61 36 91 65 97 55 31 51 99 87 56 8 51 28 92 62 85 15 40 14 45 15 15 76 52 99 67 30 38 35 98 79 86 6 10 72 77 84 35 69 48 59 75 22 94 15 12 12 16 98 63 39 86 10 79 87 1 74 66 22 50 61 87 87 27 88 33 10 18 24 33 17 35 36 99 7 31 51 85 20 16 18 58 38 17 78 73 73 26 97 39 2 93 31 17 2 57 35 48 31 53 73 89 92 29 55 18 34 55 61 70 65 71 92 99 50 70 8 84 50 83 33 34 73 37 61 18 65 76 21 38 15 1 78 66 74 50 35 61 44 96 71 29 2 58 68 60 17 24 83 69 23 89 80 76 75 47 48 20 60 57 3 97 13 58 21 81 29 34 69 19 70 41 85 33 36 41 77 89 25 25 84 11 58 25 4 18 95 38 47 78 93 76 54 43 56 57 18 37 43 17 91 13 26 94 92 28 68 64 71 20 52 43 61 4 43 71 25 42 51 52 82 72 84 16 4 26 64 80 38 17 99 97 77 64 24 35 40 12 79 48 88 35 43 41 11 76 67 31 3 26 72 10 87 5 66 60 39 54 77 67 15 82 66 70 31 55 21 89 98 91 6 41 18 73 37 51 2 42 20 36 10 86 59 60 78 1 33 80 40 5 91 59 75 45 33 96 70 87 94 11 43 28 75 45 73 20 25 99 20 3 39 38 19 28 67 56 4 35 76 78 57 33 90 29 89 92 37 14 36 29 64 35 73 82 28 79 39 23 55 33 99 10 43 30 62 65 58 19 5 4 79 38 86 96 77 94 41 50 87 55 99 31 62 61 16 3 32 46 34 32 85 75 66 79 40 25 99 55 57 47 28 47 60 88 39 50 23 53 73 76 5 62 23 36 97 79 66 61 86 48 34 28 14 9 44 29 17 10 48 35 57 77 83 59 54 31 97 91 50 44 72 51 13 60 96 87 34 15 8 19 93 27 34 53 16 32 45 34 14 75 38 83 13 68 61 92 13 67 69 30 69 26 79 68 81 49 40 23 16 92 27 97 58 18 1 96 22 54 26 62 99 53 81 34 5 66 81 61 23 92 49 30 65 4 26 92 16 63 1 31 3 84 97 39 12 18 50 10 39 83 19 69 54 58 78 21 46 69 69 62 71 9 4 26 32 5 40 85 99 2 92 49 63 39 78 91 63 6 14 62 80 96 52 47 71 34 55 23 48 90 88 84 46 97 80 85 72 34 28 95 49 21 66 13 82 74 89 17 29 74 40 99 38 88 17 12 18 65 9 34 41 54 24 73 76 42 86 68 86 97 69 34 34 14 82 78 20 52 55 23 77 7 1 39 46 17 72 39 88 90 47 84 29 88 3 37 17 12 57 12 37 55 33 84 86 35 55 32 4 82 89 19 2 1 52 69 43 37 92 57 33 83 35 63 52 70 1 5 23 65 13 25 99 66 95 34 62 45 59 32 86 74 57 16 95 98 84 71 90 65 1 31 4 13 26 89 82 75 9 62 19 80 41 13 68 13 36 71 35 26 77 44 73 96 8 40 33 4 25 94 30 60 66 54 20 13 43 30 25 90 14 53 49 6 48 26 58 9 39 16 6 74 98 72 23 49 54 47 48 63 95 84 18 70 69 54 94 70 1 6 83 83 12 62 62 9 56 13 12 11 8 73 26 91 14 37 52 76 14 24 68 90 58 65 3 86 16 73 92 81 56 78 48 18 95 93 75 55 75 64 24 78 11 71 77 86 50 59 22 66 72 81 31 51 67 62 71 80 83 40 30 5 18 15 81 63 27 44 70 40 31 35 23 43 91 34 99 54 70 98 66 34 8 1 40 92 38 88 29 23 62 40 93 67 73 23 8 55 12 93 12 45 17 76 35 80 64 20 51 24 86 78 96 38 82 37 46 42 63 74 18 95 13 82 6 75 67 52 2 82 71 30 66 85 93 65 76 39 66 80 29 7 52 48 93 94 30 33 70 66 6 85 67 63 26 88 51 62 29 30 27 58 51 63 39 65 98 36 86 42 52 73 17 19 6 38 4 49 75 93 67 12 70 46 7 66 48 32 54 14 97 44 28 41 57 48 25 29 12 72 51 25 31 76 85 35 39 45 67 5 83 24 60 55 54 5 2 87 38 82 85 65 10 21 69 81 63 85 2 66 11 80 21 98 18 27 19 1 82 79 63 41 40 15 22 79 84 5 98 7 19 94 42 97 23 12 82 60 38 36 39 48 27 37 29 75 51 68 33 72 37 28 96 91 21 97 73 61 10 94 71 43 72 79 47 55 66 5 80 26 89 44 77 21 48 57 39 10 40 14 82 13 24 63 65 62 12 38 70 48 54 93 57 91 34 67 72 70 53 72 91 6 51 3 44 66 80 28 61 21 57 28 77 86 32 2 99 23 94 85 69 40 85 28 4 18 64 91 8 92 76 73 91 3 44 43 19 78 44 58 21 96 54 21 83 76 30 46 51 32 15 87 71 29 76 33 47 19 33 75 94 35 43 24 5 8 67 36 50 66 96 40 15 3 51 40 97 88 41 61 18 32 4 12 36 93 16 75 9 7 75 98 69 15 60 88 99 80 1 38 41 8 46 50 20 30 60 88 9 3 35 19 8 4 92 65 41 96 38 22 41 85 75 80 84 43 57 99 92 80 76 80 89 83 39 22 23 34 42 77 41 75 61 38 75 29 21 41 29 28 14 67 67 50 41 69 71 54 55 43 52 70 60 34 3 17 38 36 25 53 65 36 96 7 34 14 87 27 45 14 82 58 31 89 5 4 71 23 9 50 10 71 72 51 87 98 20 77 4 12 58 89 22 98 31 93 9 42 69 22 64 38 78 28 18 32 89 11 5 63 8 8 77 56 23 72 24 31 91 5 21 94 26 6 97 32 18 69 89 55 80 95 58 36 90 79 59 79 30 72 23 44 38 41 50 96 75 88 98 23 56 97 64 1 27 44 93 28 20 95 97 77 60 97 15 80 28 16 35 36 93 51 90 68 54 34 97 79 62 62 8 87 57 8 43 86 14 61 28 41 99 3 51 45 14 60 61 2 78 37 35 57 32 41 9 37 80 98 2 19 59 63 8 67 67 80 25 30 64 9 38 31 47 5 93 35 27 58 38 69 64 95 87 57 24 22 32 92 73 62 51 18 66 29 72 20 25 50 88 13 19 59 83 30 87 94 74 71 13 27 29 91 95 27 24 26 70 52 4 3 82 10 75 77 28 5 1 37 51 48 50 64 58 99 75 42 65 5 41 57 34 10 75 1 84 54 95 12 76 18 76 49 83 45 7 95 22 21 78 69 51 81 32 39 39 45 13 63 25 21 36 78 30 28 86 53 80 88 84 79 17 79 75 44 52 93 87 78 65 34 99 82 54 78 85 60 44 34 89 63 34 61 61 34 47 19 69 6 65 37 99 18 15 71 91 46 7 79 91 19 82 38 1 78 35 78 60 25 60 67 34 14 82 7 99 74 18 91 67 65 41 89 15 31 91 57 9 87 84 6 66 73 14 70 3 90 32 48 58 34 62 88 59 55 17 46 94 45 43 92 84 89 94 56 76 6 42 53 85 53 26 59 21 60 86 57 42 54 64 92 40 63 23 68 61 37 86 5 40 84 52 88 84 53 63 86 32 65 75 8 93 20 79 68 4 84 95 41 72 66 51 54 20 40 21 65 47 17 3 23 48 83 27 6 5 23 1 12 19 25 61 76 31 79 63 30 48 22 4 83 59 32 59 4 95 5 43 12 80 20 39 60 19 39 46 86 6 38 16 37 5 61 42 95 75 63 19 72 71 63 68 59 32 85 65 62 97 21 17 83 85 35 55 21 52 35 34 33 15 10 57 54 52 40 58 47 84 78 11 12 7 66 26 34 32 8 66 16 62 61 1 13 45 56 67 82 3 45 88 3 24 35 76 88 53 58 18 63 62 80 97 61 66 68 7 56 63 37 39 83 94 77 28 41 26 64 67 84 47 47 16 8 28 78 39 63 31 8 24 10 85 38 7 69 54 2 97 88 85 55 6 81 98 43 99 20 49 95 82 62 49 62 95 65 75 13 54 64 34 41 64 49 22 94 58 59 97 68 46 76 54 88 76 64 60 83 96 39 15 92 47 30 55 57 77 58 94 63 2 42 58 26 93 54 23 24 38 7 68 20 80 75 71 12 87 68 21 43 53 38 62 64 13 81 16 5 98 25 18 39 27 75 51 39 99 49 88 49 21 49 80 79 59 87 95 3 72 88 59 86 73 33 50 68 97 76 65 59 25 34 72 96 89 71 18 28 88 28 24 90 47 3 58 62 23 88 1 76 84 88 90 11 27 60 85 39 18 6 96 12 68 11 30 50 16 38 78 10 37 27 58 5 12 43 73 92 37 1 75 36 62 31 3 1 65 42 32 22 29 55 33 95 49 15 1 66 15 83 73 88 1 42 27 16 23 17 64 83 35 20 87 39 48 46 30 51 36 73 28 86 36 84 86 55 14 56 35 11 21 21 47 63 72 68 2 67 75 77 66 94 24 99 53 51 41 50 55 76 81 43 5 62 75 65 95 41 74 79 82 9 59 27 55 9 4 94 60 35 36 37 49 65 98 30 42 69 91 19 45 18 5 51 3 80 45 49 81 78 72 98 50 64 59 73 5 26 75 43 95 50 7 60 89 9 33 5 71 86 3 62 74 73 58 18 92 22 77 51 59 58 39 48 79 50 66 52 95 92 66 11 76 39 58 41 84 96 47 49 82 1 12 61 9 73 67 86 41 96 83 66 77 74 93 83 42 36 58 47 61 90 11 35 54 56 7 7 77 24 52 45 46 2 88 1 97 10 4 40 32 44 8 84 46 75 33 58 46 80 93 51 3 3 78 42 49 4 28 52 19 71 70 5 33 91 59 44 96 16 35 25 13 27 49 11 60 9 92 23 59 35 81 8 92 87 53 38 11 22 51 49 4 19 15 53 90 32 31 64 66 21 23 5 59 43 46 68 23 66 96 11 99 30 77 69 34 28 11 23 9 61 18 17 11 80 21 71 13 48 47 22 33 9 32 90 62 9 45 36 61 45 91 80 88 48 18 33 40 77 38 22 28 85 73 54 85 77 3 66 13 86 44 41 90 53 24 23 98 50 7 7 22 21 1 49 76 94 88 8 20 65 83 43 69 83 81 26 3 67 1 16 95 9 76 48 85 83 7 73 47 75 11 96 79 47 4 65 76 53 23 53 8 58 35 40 51 79 50 68 21 49 25 92 36 77 96 23 50 88 88 89 94 37 95 7 19 73 56 22 11 81 51 72 48 89 56 68 61 49 3 12 72 36 28 10 35 9 23 88 12 35 94 48 73 46 85 36 82 6 67 27 8 67 63 36 56 86 68 98 54 96 60 68 11 50 81 32 92 7 77 87 35 80 90 76 18 78 36 65 65 22 10 27 13 52 11 25 2 10 88 64 54 78 82 96 98 84 99 79 22 82 68 74 2 53 15 90 83 58 19 90 18 10 48 56 81 64 99 64 97 49 17 30 45 87 51 70 41 10 30 30 3 77 90 62 51 52 75 19 66 48 62 92 47 96 16 86 86 88 67 36 59 3 35 6 72 35 44 57 96 11 60 35 73 40 56 50 4 72 71 69 28 42 59 30 79 11 63 36 77 41 95 38 25 25 12 66 79 28 15 27 88 35 28 40 74 85 60 17 75 94 95 67 98 95 14 94 92 15 34 10 77 8 38 82 70 42 50 38 39 51 94 8 7 80 84 37 48 33 85 98 10 52 81 48 47 12 8 60 21 4 45 4 37 78 39 91 78 6 59 11 67 68 79 9 58 81 42 67 88 86 65 89 49 79 81 36 51 40 46 7 47 48 87 67 39 38 24 10 91 81 68 21 71 24 95 44 53 48 21 14 87 12 78 83 31 97 86 45 78 67 66 10 98 58 17 77 6 69 15 56 76 19 71 56 85 3 20 69 40 3 54 54 39 31 79 93 6 38 27 57 38 52 11 76 74 49 15 25 30 76 29 44 78 19 80 22 27 97 70 88 82 93 93 46 19 33 60 67 76 31 77 38 39 97 29 11 68 45 40 55 10 65 56 29 68 39 75 67 9 82 92 3 85 28 8 72 23 89 2 42 39 41 64 5 39 56 12 46 77 1 82 2 74 58 41 53 3 51 98 80 47 53 59 45 23 33 91 97 40 77 64 2 50 53 46 64 17 36 6 42 38 90 91 80 71 12 95 87 98 65 69 76 70 92 47 26 24 46 1 90 53 42 78 99 51 87 53 84 39 39 14 50 79 29 46 43 29 89 44 58 13 51 35 21 91 17 64 86 16 8 89 89 44 92 94 97 4 19 40 89 9 40 90 46 12 95 21 1 85 85 83 25 6 88 97 31 35 57 54 32 3 7 17 45 76 71 61 96 78 91 18 98 49 74 59 66 76 7 10 31 70 88 41 28 41 2 12 16 51 94 89 77 1 23 88 16 93 92 31 46 15 3 63 71 3 73 82 63 41 31 77 86 87 84 88 12 32 47 76 19 40 1 93 60 69 87 23 56 37 59 24 63 27 50 53 42 56 67 2 99 12 74 26 45 17 54 26 25 73 63 70 58 59 9 14 87 66 25 3 57 3 98 71 46 61 41 45 59 91 31 57 8 56 34 8 41 1 81 18 52 79 32 94 83 68 63 43 53 79 25 76 54 63 44 97 51 95 91 5 1 53 90 53 87 61 7 9 50 35 90 38 62 41 92 76 98 67 62 98 85 40 81 11 72 4 26 26 65 76 36 76 99 25 80 94 28 24 32 23 75 90 53 91 15 23 41 32 29 33 89 80 41 63 75 8 96 57 97 10 28 12 20 75 29 2 65 84 85 28 25 97 38 96 81 51 46 48 16 42 39 9 75 1 73 61 99 35 40 49 79 99 2 27 6 78 66 32 18 75 78 43 1 3 24 64 61 73 96 29 63 30 89 10 45 24 38 29 48 46 31 94 27 26 32 44 8 27 58 24 66 1 97 9 50 50 87 46 35 82 9 4 39 45 29 12 82 34 65 92 75 18 11 83 39 52 91 91 57 70 17 36 48 54 39 87 22 22 50 86 64 45 83 15 31 29 54 98 38 32 29 90 50 14 38 80 42 97 61 53 19 65 87 4 22 77 72 56 48 50 24 39 12 97 67 18 32 17 36 73 28 14 88 70 90 88 75 35 95 87 99 84 98 12 29 67 51 52 1 6 91 63 62 53 63 64 90 88 59 72 94 60 16 28 48 55 9 68 72 31 1 9 59 67 24 23 88 93 74 24 59 39 13 77 63 85 5 4 92 32 25 95 53 83 93 78 38 89 67 42 29 54 52 51 40 6 83 12 27 18 34 36 97 49 53 35 15 62 26 89 92 7 16 92 99 96 35 22 58 12 12 12 22 46 24 32 23 38 15 84 26 15 9 76 73 68 36 23 28 30 58 92 3 26 51 78 73 74 24 90 93 69 44 52 23 25 38 33 47 63 78 80 76 76 60 80 9 75 96 98 6 94 94 30 65 4 94 25 47 45 16 29 33 43 7 81 31 18 12 66 9 1 1 92 1 64 85 71 70 83 81 10 90 83 97 38 2 83 61 73 67 58 1 45 88 68 74 10 55 43 87 88 97 2 71 19 39 3 68 39 24 7 49 90 64 54 43 33 1 20 18 85 46 57 56 93 79 71 85 76 67 69 47 95 48 42 4 71 44 70 59 85 56 36 20 17 84 10 33 97 17 46 79 20 95 31 57 33 31 72 68 88 58 28 87 83 7 46 88 90 53 98 60 67 77 35 76 4 69 92 64 19 56 87 50 56 22 28 94 72 90 43 19 19 10 85 69 78 60 10 42 24 28 78 70 33 23 5 87 81 63 17 90 36 49 9 67 1 75 42 42 41 93 79 97 49 20 76 22 49 26 58 2 5 4 65 17 15 97 78 6 81 38 47 25 20 86 47 27 33 40 98 64 66 99 36 10 28 65 88 64 1 63 24 99 83 66 1 31 71 25 7 94 9 54 27 50 50 12 66 43 40 68 10 36 52 7 34 77 47 7 72 64 51 12 68 71 33 60 5 96 42 30 72 31 85 9 79 26 32 3 40 29 51 24 61 95 15 10 49 31 88 23 30 69 26 78 31 40 24 71 88 46 69 58 73 96 40 12 90 38 42 23 35 10 47 71 82 19 67 44 50 46 19 14 34 4 86 73 64 17 51 42 80 91 32 21 36 22 95 10 23 11 49 84 17 16 29 12 43 5 5 19 89 6 13 36 94 63 41 11 39 23 19 60 67 56 36 55 4 86 38 66 3 59 78 14 3 56 16 10 50 48 81 27 40 57 1 53 55 60 92 94 59 28 56 42 37 69 9 83 30 58 54 5 42 57 73 55 35 60 22 34 56 29 62 1 27 48 27 19 37 49 19 94 76 3 30 97 26 66 21 26 55 80 45 9 79 55 24 57 6 55 20 38 13 56 37 53 74 11 62 89 34 93 99 32 77 18 16 34 86 81 33 7 49 73 11 36 51 85 90 97 62 54 58 45 31 57 68 97 79 87 17 1 25 7 28 50 46 58 19 65 21 38 76 58 69 27 44 73 16 48 49 50 36 71 33 38 10 19 13 13 76 2 22 59 22 55 95 13 63 7 49 43 57 51 61 76 74 30 3 56 22 76 6 65 91 82 5 68 42 66 14 91 12 36 36 42 7 81 88 49 20 97 23 13 68 44 98 56 67 55 84 8 13 49 93 73 17 38 66 76 29 61 45 9 72 51 9 13 40 54 84 33 36 34 24 15 8 31 47 15 20 95 61 74 51 49 16 51 22 48 31 52 95 20 70 32 8 10 58 10 50 99 95 25 33 57 5 68 89 22 72 32 64 4 23 96 50 16 54 38 76 34 79 66 98 7 80 94 86 60 54 20 11 67 60 72 92 25 26 82 9 77 69 72 18 48 51 97 12 37 48 87 49 72 22 29 52 12 18 83 69 99 59 82 75 55 29 9 42 20 32 7 16 57 77 89 43 97 24 67 44 29 12 31 72 50 25 2 65 26 50 95 87 31 41 27 33 3 6 8 47 57 24 28 82 47 26 95 5 29 74 70 26 98 33 39 19 11 82 19 79 89 73 92 74 23 18 51 97 36 97 4 81 79 2 54 70 2 4 49 62 11 25 43 42 88 7 33 51 29 96 64 46 91 83 62 82 68 89 68 62 30 46 56 15 22 33 58 72 56 9 87 62 80 12 61 61 2 41 73 93 16 54 89 93 12 92 81 40 66 50 18 50 31 79 58 22 53 71 84 91 46 1 80 7 40 52 84 33 53 12 91 58 20 63 68 22 60 26 90 72 11 48 71 96 1 74 5 37 75 3 99 49 80 92 84 63 71 17 76 88 78 16 9 6 86 2 12 22 21 77 24 13 70 23 89 18 5 35 98 6 26 59 53 90 24 4 67 76 90 74 3 16 99 71 70 81 3 1 21 42 70 18 25 8 22 55 37 8 79 70 2 71 39 37 57 39 42 62 85 89 95 40 69 25 62 42 83 86 88 22 87 82 43 64 46 6 56 57 45 56 87 88 48 83 63 83 14 31 29 67 33 16 85 58 23 30 98 15 87 30 31 72 12 61 46 62 6 12 46 94 58 50 26 87 53 2 32 9 91 54 5 8 98 21 32 99 55 97 59 84 33 74 37 92 36 51 14 22 29 18 36 2 98 8 31 44 10 19 26 56 12 20 9 22 45 82 52 24 76 87 18 1 58 24 1 49 9 65 6 15 3 26 22 27 8 77 80 22 61 84 11 12 82 64 98 90 87 85 46 26 50 77 54 79 65 47 5 10 20 33 78 2 14 68 56 86 90 80 28 12 75 7 90 98 60 88 16 63 14 33 59 25 75 42 64 6 99 1 96 73 46 31 42 50 81 36 52 92 53 9 84 1 87 41 46 58 45 6 31 33 80 94 13 96 2 49 9 93 98 98 33 11 35 7 45 36 60 32 55 79 92 54 7 76 64 64 40 35 87 27 49 91 96 32 22 3 58 56 22 12 50 8 70 3 70 99 14 22 25 13 12 62 44 97 1 21 32 66 27 9 52 20 90 97 52 98 79 49 79 19 96 33 40 88 91 46 88 51 28 68 99 72 22 7 37 49 30 64 81 76 50 62 16 26 92 20 26 80 74 17 57 51 99 96 50 20 65 66 34 54 65 33 28 44 19 5 67 14 23 56 88 32 15 93 12 23 86 38 96 50 90 18 77 14 24 5 57 92 63 68 3 29 88 71 18 26 57 51 18 27 11 2 3 13 53 97 44 11 76 90 17 99 36 22 20 41 49 42 3 80 34 85 81 29 51 65 56 72 74 45 58 18 52 25 6 67 22 75 83 60 2 83 79 90 96 90 80 47 80 14 79 69 83 11 80 98 75 74 12 13 90 10 1 29 3 66 98 54 18 86 82 78 85 61 61 16 70 32 22 7 58 14 90 4 65 76 92 9 32 91 39 67 32 66 46 85 13 59 79 19 56 13 90 51 49 19 91 29 34 96 61 39 1 94 79 11 58 86 25 40 15 93 95 9 58 22 23 61 99 53 99 50 25 3 57 53 76 24 72 31 17 52 37 12 81 89 63 76 64 82 7 53 50 80 48 12 72 31 79 23 57 14 72 55 19 24 63 49 52 51 76 82 4 63 95 34 1 73 93 70 24 33 62 1 94 47 78 60 37 22 58 32 75 51 65 27 53 85 26 71 82 32 44 78 8 7 38 98 30 90 5 45 60 70 88 80 10 74 67 43 69 41 45 12 52 5 25 46 1 28 94 32 60 17 41 96 50 49 7 60 16 67 11 96 43 40 98 49 81 11 10 71 89 84 22 17 38 33 89 49 79 77 26 31 44 37 60 12 87 84 16 87 56 52 57 25 60 88 30 84 47 86 6 1 73 44 32 72 33 60 80 17 22 67 21 27 69 86 62 41 27 13 20 88 19 40 90 29 3 98 81 30 71 47 41 87 94 11 75 78 69 26 74 66 63 83 9 18 37 89 39 6 8 43 27 3 15 10 42 30 92 34 78 89 69 64 31 93 45 90 48 77 89 23 79 83 83 51 39 12 29 62 21 12 30 47 14 55 92 24 83 17 81 55 88 41 78 82 71 21 63 48 65 2 92 40 27 68 47 74 45 10 37 87 30 59 90 33 26 60 21 46 51 5 7 28 61 60 1 16 28 6 11 92 42 79 64 99 92 89 1 18 43 18 55 34 80 85 79 79 58 59 19 21 98 57 95 33 25 87 32 37 73 82 61 55 88 30 83 84 88 11 59 41 37 41 45 56 43 63 33 63 74 44 47 67 86 61 87 80 97 40 82 1 66 7 76 42 16 80 28 18 91 60 80 95 13 91 57 63 1 81 70 27 33 80 17 39 56 89 35 89 27 70 40 57 22 18 96 67 78 86 30 41 8 56 67 95 50 96 97 85 29 83 65 95 9 38 31 55 98 37 95 50 42 43 7 7 23 31 61 86 55 74 23 58 62 55 12 90 58 89 94 53 9 80 25 16 27 45 5 9 11 75 11 1 57 5 57 81 72 43 76 22 7 85 99 41 8 91 38 28 95 79 10 83 52 35 10 72 10 85 15 17 35 61 85 88 2 32 70 21 15 86 63 10 42 59 45 76 58 32 41 11 7 2 63 63 53 26 48 16 19 91 82 51 6 85 39 47 52 52 81 31 45 24 42 79 87 28 63 40 19 92 60 65 43 60 62 29 60 20 76 11 39 66 27 42 24 53 61 54 63 80 95 32 94 2 56 17 52 7 22 44 88 52 30 17 56 77 63 22 43 82 8 57 89 87 10 85 99 20 56 38 25 26 56 45 68 35 77 5 89 58 29 26 27 13 31 86 85 12 70 60 86 86 21 53 38 63 57 14 71 28 6 41 70 8 89 9 92 30 40 3 93 66 34 45 67 67 88 96 86 28 38 47 22 30 97 88 93 34 61 86 23 76 20 71 49 32 90 97 33 78 78 41 73 45 15 16 82 29 37 9 73 42 74 88 28 33 1 4 41 80 6 22 7 17 49 24 53 36 46 45 63 76 54 44 79 48 69 57 43 9 46 60 17 94 52 37 16 98 11 20 47 63 84 72 93 38 65 3 18 91 30 32 30 77 41 32 48 69 75 54 75 36 8 77 11 61 62 26 37 39 55 3 24 35 2 48 48 86 85 45 58 1 84 6 38 91 47 76 47 27 94 49 18 13 8 84 69 47 42 34 48 22 70 21 42 78 43 99 32 85 5 25 60 99 40 35 11 80 35 9 57 5 7 69 2 76 98 61 98 6 85 24 20 19 52 40 77 86 19 75 59 71 76 65 45 78 84 76 16 14 34 71 32 82 90 61 4 67 44 26 85 53 14 12 11 22 45 6 35 77 74 33 1 9 58 6 61 49 62 27 84 18 28 15 94 4 45 81 39 8 83 29 87 95 43 22 15 55 74 59 73 26 41 44 44 97 56 54 89 37 64 71 98 90 48 49 41 69 17 10 55 42 21 3 75 90 17 36 21 88 96 14 59 82 80 85 80 1 73 50 86 62 42 46 90 15 69 70 83 42 75 53 87 89 77 34 57 74 83 54 16 26 62 66 97 12 34 99 79 87 29 33 64 40 64 98 4 47 87 98 66 97 87 92 21 94 23 1 33 73 63 50 89 56 23 50 80 90 81 67 9 68 7 66 2 62 34 2 71 52 30 8 62 37 94 59 83 25 26 36 35 93 20 59 92 11 38 67 16 91 59 14 12 18 87 82 98 43 59 78 31 12 30 92 67 37 20 3 3 21 30 54 42 31 68 88 88 96 10 72 8 1 75 66 32 48 44 39 23 57 19 69 10 40 12 91 98 17 59 94 12 4 66 62 53 79 76 89 56 46 16 9 47 53 73 86 80 26 75 90 84 68 86 72 68 83 36 40 78 23 37 72 67 85 56 29 36 20 87 63 4 80 35 6 37 75 19 76 25 16 4 34 17 17 94 20 63 86 49 49 16 47 48 89 90 63 92 32 26 37 95 79 56 81 97 10 25 87 85 56 2 2 7 72 97 31 59 3 96 45 87 88 54 60 51 70 59 20 95 54 95 45 12 76 33 56 73 57 72 54 3 33 1 66 36 80 91 15 2 91 81 56 6 39 20 60 74 45 89 22 70 63 9 87 84 29 13 60 84 5 84 29 2 83 7 95 27 34 9 2 61 42 35 37 84 53 94 68 95 38 35 54 77 71 85 59 36 9 97 17 18 37 50 11 79 3 90 73 38 62 49 45 10 75 77 34 71 93 92 80 74 25 7 1 38 6 21 32 9 79 74 29 94 76 32 11 72 80 63 75 17 41 76 87 80 70 43 57 52 37 64 64 93 53 71 49 41 84 77 23 67 59 3 45 12 59 26 6 51 40 9 40 80 12 77 27 34 74 25 91 26 55 65 13 59 40 7 91 98 89 72 67 28 73 38 38 34 83 66 2 37 23 69 2 2 91 11 26 2 15 43 30 81 2 21 29 1 69 92 44 67 52 46 78 48 84 7 3 22 98 37 87 39 75 83 72 56 42 45 80 16 38 99 39 24 44 81 4 50 57 58 15 88 6 87 96 31 68 41 7 28 9 29 89 66 3 18 10 12 93 88 55 7 64 45 16 82 86 16 13 19 73 7 33 22 26 21 51 53 69 22 87 26 67 4 99 17 19 77 26 88 95 74 73 99 36 95 71 43 61 97 66 59 75 38 64 77 57 10 76 12 54 36 36 93 46 57 22 98 40 70 59 43 27 90 98 40 62 56 85 91 89 90 9 10 50 83 26 3 22 26 19 41 16 34 69 80 33 90 58 30 48 10 48 20 16 62 68 86 49 27 60 52 88 48 29 35 87 66 69 62 10 32 18 5 37 93 47 76 70 1 27 43 1 14 11 15 75 77 4 16 81 43 84 65 52 64 4 86 84 70 18 67 74 14 78 66 71 44 82 37 67 92 47 9 59 62 32 79 2 13 67 14 40 46 60 80 80 78 62 53 12 12 24 24 11 77 7 38 52 4 46 41 55 67 60 24 22 66 39 69 15 43 91 7 88 70 50 13 33 40 25 14 20 78 52 54 94 43 68 55 37 91 80 89 9 21 17 58 54 93 97 42 18 33 49 36 56 70 76 35 7 47 45 88 46 82 46 53 90 67 22 4 49 61 87 20 73 36 52 41 14 36 23 29 64 92 36 52 73 93 90 43 87 72 76 48 31 62 99 70 8 87 20 5 48 57 42 51 36 40 56 13 68 1 46 79 77 80 31 64 47 61 32 53 55 53 95 74 10 4 25 76 37 23 31 8 99 27 22 4 16 34 25 32 80 35 82 65 97 59 50 85 87 48 17 30 82 74 65 84 66 94 7 82 9 71 62 24 61 7 87 55 62 11 87 53 62 95 88 27 41 6 77 76 61 47 36 70 38 92 4 28 30 67 85 46 92 38 81 11 90 68 89 21 52 6 5 4 58 57 56 23 66 17 66 95 50 6 15 21 73 94 51 78 67 70 33 20 29 64 97 17 18 49 51 39 72 8 57 70 18 85 62 82 4 33 32 62 90 59 6 62 69 66 55 11 54 35 16 53 2 47 9 84 89 28 44 9 40 35 85 10 10 47 60 72 18 20 27 20 26 30 46 1 13 79 62 22 42 25 82 87 40 51 11 52 84 74 60 51 33 68 77 81 69 32 84 26 93 42 66 40 23 73 53 26 48 58 6 32 52 96 92 34 62 45 49 62 43 3 45 68 17 1 58 69 54 98 78 78 93 10 7 86 77 87 59 72 77 82 55 33 35 31 57 38 37 38 48 36 43 58 93 91 2 66 71 74 67 97 2 20 42 91 9 54 42 17 94 1 67 96 8 8 96 24 5 69 97 6 81 72 48 73 7 76 39 73 46 1 16 26 99 65 11 5 70 92 5 78 70 39 43 38 94 37 72 94 15 87 68 31 83 42 60 22 33 34 41 85 89 8 42 36 14 16 77 45 51 24 94 99 41 55 81 20 92 85 93 39 54 33 86 18 73 53 48 99 64 88 11 1 31 31 28 23 36 86 12 70 58 66 44 55 45 2 1 36 18 9 99 99 27 47 51 19 16 71 61 10 20 52 24 69 94 60 83 58 76 84 88 17 35 70 10 1 23 74 21 27 1 61 32 41 53 8 14 49 41 5 55 85 70 75 78 78 8 77 4 26 91 89 90 53 1 22 39 60 33 13 80 24 95 84 82 25 12 46 41 43 53 72 62 67 34 65 58 17 71 45 42 34 51 11 35 83 11 37 77 38 22 77 26 4 15 29 74 60 42 81 3 34 71 23 96 98 1 66 93 54 74 36 13 45 61 60 35 75 64 50 58 21 97 40 73 8 22 67 52 59 88 42 76 64 67 99 72 39 73 8 61 5 15 35 37 74 17 55 19 38 93 82 80 80 77 37 80 11 4 57 17 77 80 36 19 13 23 11 96 48 76 42 40 92 71 67 10 23 5 66 27 58 40 94 58 77 13 31 78 1 64 30 93 45 15 95 64 49 59 35 93 99 53 34 12 10 87 76 23 39 35 29 35 95 60 46 85 68 96 19 73 97 81 65 98 75 76 37 78 52 88 94 40 98 10 32 78 64 2 3 86 56 95 14 14 66 22 58 40 86 62 71 98 37 77 85 35 87 20 49 98 52 70 56 45 2 90 25 43 20 56 86 3 23 50 36 16 99 97 96 31 79 79 66 27 57 53 54 63 80 24 19 64 67 91 59 11 72 50 62 94 27 18 83 46 72 76 59 39 62 36 69 54 8 32 89 98 12 6 25 7 92 32 80 89 22 21 32 24 23 18 54 66 34 39 24 14 24 5 50 59 39 81 63 26 57 96 51 80 38 57 18 85 60 17 39 76 28 49 47 40 14 66 99 57 99 6 76 6 18 49 70 78 16 33 50 48 6 31 99 99 87 4 23 99 65 49 55 81 3 46 61 83 55 1 98 70 35 48 55 42 6 55 86 59 59 21 69 15 6 3 38 87 83 9 46 87 63 62 50 51 24 11 3 37 92 38 7 99 75 66 87 24 91 86 97 15 68 38 89 56 17 24 88 99 43 40 99 38 60 73 92 87 6 30 18 96 61 46 52 46 13 27 50 13 73 85 26 87 83 54 54 41 49 48 69 61 78 42 3 94 23 62 61 93 99 48 18 7 29 91 66 70 81 77 52 60 39 55 76 84 96 30 96 94 31 19 50 26 1 75 13 93 34 73 55 23 28 15 76 32 81 27 54 48 79 35 82 8 95 99 38 59 52 94 17 1 96 82 47 43 3 76 79 52 76 23 78 59 42 15 18 99 18 17 40 94 70 40 67 79 42 96 3 90 25 92 28 48 5 23 58 61 22 57 63 19 39 36 43 45 69 13 21 47 50 49 85 18 38 34 53 34 92 23 14 19 72 40 36 46 44 77 17 11 53 29 33 34 53 74 9 59 88 43 87 55 51 41 2 21 7 21 55 46 44 40 98 76 61 66 54 98 59 63 72 49 47 87 89 54 23 82 46 42 3 79 55 94 43 10 42 49 59 86 85 37 72 29 54 36 27 67 93 40 43 43 32 23 78 27 53 6 24 92 15 53 41 53 52 47 56 42 52 97 4 59 99 50 4 15 48 10 49 32 30 9 86 37 20 51 98 76 39 65 10 67 87 79 5 2 12 66 12 73 21 13 82 88 64 37 49 49 42 61 48 84 36 94 34 18 75 34 46 49 79 66 84 23 77 76 65 36 95 12 7 67 60 46 33 78 23 93 89 26 1 6 27 18 16 63 72 52 48 82 90 25 19 61 99 52 96 15 90 87 43 73 24 22 77 43 65 29 91 62 57 36 86 92 52 72 16 61 37 39 10 17 29 21 27 56 3 43 24 88 87 24 45 8 95 57 52 59 61 73 11 91 49 73 92 26 51 82 64 43 20 99 16 92 66 49 69 62 17 58 39 59 4 2 27 79 98 10 83 73 1 21 57 81 80 84 28 79 93 17 50 16 10 24 42 41 92 22 48 16 88 94 59 70 73 79 78 21 77 12 9 54 43 96 58 98 85 19 9 34 49 2 86 11 71 20 93 39 24 72 12 95 25 2 74 19 13 45 12 72 31 56 25 77 80 70 55 79 2 70 69 19 88 37 69 74 95 82 91 75 16 52 38 6 70 4 21 36 51 60 96 79 83 76 79 87 93 27 24 12 72 66 83 8 34 88 71 91 96 5 92 35 97 26 38 9 6 80 69 86 68 5 78 37 35 41 57 91 98 63 43 31 7 21 8 39 43 89 5 27 83 80 15 25 48 36 40 14 86 13 73 52 90 28 50 39 75 75 17 88 29 14 14 7 26 96 23 13 58 79 96 39 77 82 6 27 54 64 94 14 28 23 33 55 46 26 80 13 46 5 97 62 57 92 23 75 7 75 1 79 35 94 29 17 85 59 75 83 51 43 24 96 65 99 85 85 74 20 9 68 73 92 45 52 93 91 60 11 97 37 74 36 98 31 18 83 12 76 24 36 98 64 52 11 6 13 14 64 91 89 61 68 90 72 15 14 36 7 70 87 57 66 59 49 9 58 35 11 6 27 47 94 43 60 98 88 93 89 14 93 33 47 11 12 3 79 22 81 66 77 67 15 15 41 8 39 51 96 32 96 52 92 79 53 53 18 46 64 86 42 41 85 92 50 56 36 95 93 33 41 71 17 81 95 68 23 55 28 74 15 46 56 2 47 14 55 81 7 2 7 19 57 53 94 7 83 69 6 83 66 17 8 40 60 84 12 95 15 24 89 54 70 64 59 27 8 13 82 6 61 45 71 83 28 99 9 87 16 21 33 39 80 38 72 32 74 19 40 6 42 21 59 2 61 42 46 77 88 68 51 55 66 17 25 63 13 6 53 49 98 47 61 24 16 79 40 15 34 1 87 77 77 52 54 19 44 82 66 10 42 87 85 63 95 39 42 50 17 35 38 53 31 31 16 27 80 30 94 60 11 47 41 6 82 88 34 49 52 34 12 16 31 30 71 39 42 51 64 29 70 66 44 46 90 15 64 48 42 15 40 83 58 48 33 71 78 71 44 47 10 58 23 81 31 2 92 11 77 34 2 78 19 80 56 50 92 68 15 53 52 73 56 49 57 99 97 4 25 76 46 14 6 56 78 72 91 74 47 16 84 62 77 93 30 36 58 2 75 79 91 81 96 99 89 63 75 95 87 2 38 47 94 59 16 2 37 95 72 51 96 15 43 73 87 13 24 27 70 38 26 90 38 55 62 80 98 33 40 30 69 35 58 5 52 77 68 36 56 43 75 64 67 85 76 73 78 44 20 23 33 39 90 29 1 61 25 12 66 24 82 87 93 60 90 43 51 77 33 1 95 92 54 97 23 83 48 35 42 15 60 64 85 87 41 41 4 88 57 65 18 67 15 20 94 71 58 73 56 13 72 53 15 45 69 52 56 27 25 30 8 7 93 69 51 8 69 96 80 82 61 24 98 51 30 61 64 29 50 56 28 37 94 91 87 39 53 24 89 70 96 94 40 84 53 73 30 42 83 77 33 51 13 64 59 67 91 13 68 71 55 14 28 71 43 9 65 81 72 50 36 97 14 23 68 35 47 24 23 20 49 12 17 51 31 62 32 73 83 70 26 90 84 14 69 26 8 93 15 94 21 4 22 93 19 42 55 94 79 57 44 82 88 59 28 90 79 98 64 85 18 95 11 2 61 84 61 23 5 45 81 24 17 61 56 29 85 60 9 3 46 79 61 7 19 69 96 99 32 80 43 10 49 63 39 99 59 49 18 89 10 19 48 95 53 33 62 30 75 62 77 54 73 17 92 47 37 57 50 4 3 98 88 96 36 82 96 37 37 64 17 36 14 3 50 15 25 93 28 42 67 15 60 99 75 36 49 76 40 26 69 26 55 44 2 81 31 95 86 3 93 83 85 75 95 4 21 59 25 31 93 44 28 40 96 95 16 10 58 83 57 44 69 99 79 16 54 92 6 14 64 96 3 86 55 1 38 16 92 7 89 24 53 94 56 7 15 14 65 2 26 82 29 75 74 73 33 97 15 9 27 95 76 98 70 77 52 85 45 50 38 86 45 23 21 54 29 16 98 46 94 4 40 82 57 94 94 82 3 38 75 58 15 10 56 45 39 97 25 13 42 61 91 84 68 85 28 80 21 44 97 25 77 76 64 9 97 84 54 98 48 23 17 34 17 96 74 1 62 56 31 50 83 99 70 45 88 59 35 81 58 34 42 45 66 98 67 30 18 43 37 65 19 37 38 25 33 13 4 95 33 63 46 65 10 62 91 27 33 40 61 57 60 30 37 86 52 46 3 29 94 58 68 69 78 30 52 64 38 45 33 11 50 91 8 52 67 2 59 13 72 48 83 58 95 61 97 52 52 66 35 2 43 29 65 9 21 86 30 51 55 69 29 37 36 27 89 5 63 67 67 35 78 26 16 12 9 42 29 45 22 23 5 79 22 22 44 54 5 42 86 97 90 60 73 94 15 80 77 48 43 14 16 96 51 43 86 72 33 31 58 16 28 37 20 39 79 65 65 51 22 59 46 97 73 46 85 50 18 40 52 9 92 55 80 65 29 45 2 81 71 21 96 58 35 12 71 55 59 90 55 12 21 11 21 66 38 19 8 83 41 9 11 64 45 18 55 73 1 54 77 82 5 7 76 96 43 6 34 38 23 40 34 33 58 56 29 83 68 4 68 24 4 47 12 39 44 62 42 78 65 17 13 25 67 1 2 29 98 72 12 40 95 74 46 37 52 52 79 24 99 85 62 51 14 21 97 73 87 88 26 93 29 29 19 4 85 74 38 44 7 98 71 32 99 90 27 17 66 99 89 52 22 59 63 44 75 89 99 68 22 65 74 82 18 4 41 12 73 31 17 31 96 65 92 24 89 4 1 75 36 60 67 37 2 76 44 55 12 8 52 42 60 95 57 62 52 29 30 10 51 21 20 99 48 59 20 14 28 39 61 20 50 53 39 73 88 27 14 36 4 11 93 35 28 76 57 14 94 83 65 34 91 5 22 59 53 85 91 25 5 75 60 85 59 73 53 80 92 57 52 49 6 61 65 40 77 94 76 53 67 75 48 35 5 88 3 69 57 16 29 37 65 98 6 17 5 84 30 62 13 38 56 20 75 64 28 81 84 16 82 30 51 37 22 81 96 40 91 75 10 12 22 26 11 48 79 94 37 24 15 91 35 40 92 14 41 8 41 11 70 62 51 17 33 97 43 38 60 44 28 9 99 18 69 69 52 41 66 91 47 53 86 73 29 9 54 69 64 38 25 48 42 26 85 74 79 32 4 33 13 14 61 25 70 43 79 10 33 80 91 38 92 73 73 93 10 11 83 98 30 22 48 34 18 60 8 70 90 34 89 4 3 99 10 96 36 71 33 41 81 65 65 42 57 62 35 9 80 99 70 85 26 41 62 57 96 95 15 99 57 98 16 59 5 49 66 42 90 89 90 10 93 50 95 62 12 75 61 6 38 97 14 12 20 43 24 79 59 29 86 51 93 66 89 19 73 76 49 58 95 68 62 39 11 42 78 62 10 20 86 91 52 94 91 94 28 48 49 2 33 79 18 99 98 87 40 33 91 33 41 71 87 4 26 72 89 18 71 11 56 57 63 55 34 26 37 72 7 52 70 4 31 45 26 59 97 77 36 3 1 30 31 91 38 48 60 5 47 17 55 43 55 67 75 43 97 66 31 35 52 73 44 73 54 93 29 50 1 35 70 68 53 31 71 59 26 93 97 96 78 92 79 16 58 51 66 40 71 55 80 24 38 64 35 4 51 99 47 9 21 7 79 61 31 68 93 97 7 30 3 42 28 14 9 62 35 33 50 49 81 64 23 92 44 52 62 10 8 86 94 3 95 29 68 4 72 31 47 76 89 41 56 54 78 91 21 31 8 24 64 11 70 92 80 90 38 72 20 10 19 14 51 12 21 94 89 38 55 68 12 7 25 69 57 42 53 99 32 25 94 73 2 20 26 69 45 97 35 73 62 99 83 12 90 74 39 47 3 19 58 77 84 56 65 85 85 80 44 81 45 94 16 81 3 57 75 71 77 68 71 39 29 35 72 65 6 9 44 93 58 49 4 58 48 42 72 51 82 64 29 27 95 53 27 69 82 77 42 95 26 37 10 47 22 23 40 9 89 18 40 16 4 54 15 35 85 47 46 79 67 34 8 26 35 52 26 88 70 85 65 49 37 72 60 20 82 13 24 41 10 79 
// di
34176 19967 20511 8596 16644 31181 37874 41295 41761 34837 39641 24897 25239 8446 34069 17668 33009 14673 40186 45938 48828 50068 42651 35542 20745 30955 44496 2552 36097 7176 23925 53449 17201 31247 2624 8596 16028 3145 35279 45404 16454 7081 27096 21317 30961 47130 19172 20673 8998 45453 27657 3324 24850 40681 4397 22396 43415 4016 32723 33723 3966 32227 11397 17067 44024 37395 29103 44494 2414 52645 7267 27277 28988 7075 21134 23033 30357 13435 22013 20156 25823 4353 14063 44303 23428 39410 49002 32816 46539 28185 19839 25849 31067 42176 38530 23542 15918 26529 1150 31478 48537 41932 43325 30190 41280 5441 27015 23933 28150 40299 12077 54495 44265 53900 1381 6255 10564 33483 10936 50398 24268 49253 12044 19033 34449 22413 11952 48539 28266 26618 24494 3696 45716 4467 12798 24965 54012 36350 11118 13979 42764 24150 48310 38943 20806 33915 46106 48223 38350 17792 27891 11916 23888 38337 49302 30478 22739 12543 43300 11394 1540 49177 38414 41254 16429 34857 15960 6872 10206 42306 49769 33613 15423 49906 21589 12113 35503 14722 11841 44363 49834 8023 3594 32031 25766 3328 17292 24416 22448 9578 14093 51619 53226 21882 11168 46243 13682 26626 27712 33475 39438 15843 24893 9454 15604 4066 53511 16832 23200 54660 23417 22272 17694 18393 16908 337 42782 16 30420 45732 5161 31924 27721 9193 2578 37342 16788 54734 34584 43927 50194 8716 37076 4338 15760 10204 30868 33095 15991 10195 18215 40513 42250 41683 22419 30078 26651 30896 23482 6322 39044 51682 4693 45490 33146 13642 22915 37222 38199 7217 48363 44474 40114 25525 22776 23527 33320 9744 7362 36841 41536 34337 14119 28843 54213 10650 15068 26597 18153 41491 11807 5936 30339 24776 32218 19370 53689 7080 3573 45282 40883 24717 4090 31623 13919 17329 9701 22675 16399 50704 48615 42171 41220 10800 18133 24833 46821 44011 18351 17273 50824 24546 16327 19111 9402 47904 39443 29538 50319 44174 761 2359 2433 49487 38515 50827 43841 4684 10949 9471 44763 510 26809 17523 22884 43241 26994 14572 27194 10938 26056 10794 34318 734 25826 14299 40270 10316 13456 2958 11735 30394 21351 21129 48107 21855 10927 8163 51799 13816 5491 4068 46600 16751 10216 24162 38663 6015 13159 39213 50706 41826 45704 12758 17695 23030 21610 6846 45107 49331 39694 9285 53013 10444 2014 24414 29885 33600 29719 35259 3197 25760 10940 28175 31502 29971 29510 37517 16544 7371 46854 52772 18655 5813 14417 8947 45401 5662 44060 54361 36504 22108 20696 353 14371 26595 7227 25454 3264 18994 20772 21172 5679 571 33605 25959 22424 30746 33687 50821 49157 26139 21173 37091 6557 38341 28337 28186 30481 51407 27434 1478 47279 29205 20414 25056 36355 18420 26660 14486 16664 22076 32727 20379 42281 45382 8944 41225 21072 28296 29945 35579 6111 11467 52488 37818 27780 25537 47842 4957 39767 17077 1927 52991 37452 24957 39167 28058 40508 28338 6423 511 19315 54577 11104 52540 52691 49046 12329 42146 42560 50020 53959 23555 19895 42380 42015 23377 47271 52197 9727 36519 10007 34287 22088 20259 50784 12930 10982 11775 11863 25353 42167 23765 24252 4931 28314 34692 7041 10341 39266 28257 30931 15077 37158 37730 1512 52232 45308 40463 13334 49534 37482 11022 49539 31218 34765 34369 39431 37414 50810 8651 11904 48736 48984 11017 42589 12620 48399 46804 12015 39831 51054 2962 8962 23533 11020 3236 4474 16251 28386 49096 20215 44754 8523 19104 46850 14448 44029 40969 20809 9926 41798 12800 4390 36694 8394 52017 26667 17088 25999 43859 54660 51558 37424 1791 32665 46859 36201 7751 53738 7378 35848 16658 54323 391 43153 33127 8170 9142 19931 47104 44770 48209 16283 9999 41056 41789 20677 8111 32079 18651 37997 3359 35016 42576 40970 39913 31018 6093 5654 40968 39700 21225 40527 34038 36224 31403 16174 47966 37026 34366 21701 46009 27245 2834 4366 34050 46282 27384 9958 48352 16397 15127 50323 3075 41498 715 18932 51494 22331 11448 11603 34612 17450 43246 16267 3152 41770 727 54797 40612 21639 34756 39989 17661 39303 54956 28666 7057 16769 16679 10413 52740 41924 49351 12294 22678 2191 37997 18637 31731 32818 39893 24295 37006 39776 50341 12381 53337 49138 14416 41721 5666 36808 2028 25821 5409 8372 49765 45666 54480 31604 45359 46123 32481 1344 33008 24128 34067 16333 4573 46852 45179 33869 43538 49033 43170 38031 13738 44988 20234 25370 42366 25501 24563 41634 12754 27134 3485 37950 27281 46305 53512 25219 42880 2443 37485 27918 45599 26081 51350 52948 37737 6409 18273 46123 23076 40268 4129 21349 28014 52266 8860 40224 26971 12618 37975 14936 38721 10469 17712 50525 40134 49807 5298 11103 46916 34319 15818 37616 26981 48726 29796 31793 41548 44905 46278 53923 24090 6678 12152 4604 2271 34850 45292 34504 20770 19897 3144 49847 2625 52220 34183 4451 14915 41794 39170 46850 25585 9307 42290 26797 21406 29858 15726 17304 13520 30993 45681 21233 43599 6420 41635 44217 35427 25904 37356 53751 53086 45079 34993 13920 4541 14824 19947 53940 45063 11485 29220 11252 46533 44906 36242 47113 35095 23685 25957 25026 11731 9717 40412 41227 25568 52476 19137 23682 16153 49528 30108 45372 28670 35290 6955 50064 3759 32867 52160 39706 17903 46044 35904 6921 42580 28318 42643 1841 31406 23792 21303 48768 29685 5536 24739 44689 28203 54709 8880 15598 10856 8129 368 35016 54949 54777 441 11330 27146 37803 46462 15994 14502 11462 29969 41739 51274 52825 16597 2785 18190 18877 15244 9145 42575 47256 31177 53934 20523 9846 12551 8106 53959 17903 8452 20301 6759 35387 53651 6875 7666 50408 16929 3789 43988 15806 5433 37746 33075 16045 15485 10043 28176 35989 41642 21798 16466 25274 39972 18720 29261 5015 46187 40116 47765 23191 5920 16334 42589 47223 43563 12712 28226 32759 54394 51188 13391 16681 34295 49395 53109 28899 45191 24034 30719 7921 51838 5442 3314 43818 52660 45717 12169 48182 465 11001 21302 54629 15672 31751 23012 33500 43597 29079 26484 25104 28252 39501 31735 5069 41587 13550 18957 49363 2769 585 52198 40911 31805 9496 11907 27751 7699 40484 29494 5835 33976 36919 46843 15594 26818 34155 14691 31853 32618 13482 52579 4967 11863 30457 8948 51145 14952 8682 20365 3057 39936 24893 23347 48271 24487 52789 28756 23205 43520 11997 41250 8750 37096 40317 7636 47755 22894 52186 28765 6633 48174 26098 26317 5343 1270 42147 25242 18824 49998 27066 48757 48323 18356 48774 52125 33443 19639 47881 7050 49549 5557 33878 52192 34629 20644 26461 45040 4487 10975 25306 32383 49836 6189 45328 18590 15088 16804 811 2306 51931 46778 42173 45143 22733 48778 31516 21346 3978 54547 46900 52821 15038 36106 1177 54176 36201 7396 48024 41966 23707 35570 37 42884 1262 14 32410 14869 21484 31027 36694 13196 27248 53871 13417 48723 50584 19328 40464 5962 32672 36118 25874 15657 6213 27710 26365 40612 5598 38858 14686 1485 23582 41151 15105 5606 52458 20856 42740 13121 36173 2294 39669 28354 17894 7709 14462 44444 6010 236 23938 10657 21437 28948 21758 5142 44552 34845 3986 47343 11547 829 18030 45018 28898 16026 16339 41040 6487 53317 39023 33897 50460 3257 27979 4253 23008 25868 32182 9571 21483 20067 44290 12316 16999 52119 20883 35274 53656 52657 50007 50091 24952 29333 12956 43521 40645 24321 51621 27680 38890 36399 23401 29496 22765 41733 42188 44876 33386 33093 24496 2852 31268 43580 45599 11084 54120 23429 24413 22465 2027 7233 37835 49854 28547 32970 16493 33053 52002 8697 4518 13209 29005 20771 21996 1491 54539 14606 53309 47398 679 11478 13006 25181 8518 48608 6732 13925 38861 39743 31859 38218 3258 47062 23013 43731 16428 24074 27703 22380 36891 38988 34871 6414 48732 49905 30014 41079 45495 21029 37348 5049 51382 11119 21695 47515 20315 29155 42760 17896 17887 11293 49221 26627 31619 53917 10495 40558 8451 54578 38473 53814 16241 15346 24905 29767 53428 15583 49502 24602 11754 33778 4086 49205 31210 25733 9549 50359 19926 8477 50747 27197 42632 3681 32963 31113 6653 24554 46574 54203 5259 12211 26499 30753 53594 34306 24129 10534 48766 26000 7693 29282 14479 34335 17088 1567 42851 41462 49426 39386 34682 49621 3036 15018 2580 21553 43475 10109 9817 21971 52789 25920 49662 20324 13728 21354 24732 12180 36888 6179 11766 24623 1785 34665 54493 49405 646 13807 4919 37346 37619 2834 2148 11667 25480 33400 39384 1689 209 9537 7582 11022 46814 22046 45340 35557 34277 40121 38354 22885 28303 54517 2743 18278 11382 45865 38439 18366 36941 24672 5248 50728 758 3765 11089 21528 47293 48498 19862 33754 53460 35553 45119 33044 47738 19217 19389 22199 21894 39627 3894 17962 26673 28702 45423 37227 40986 17356 54314 46006 18160 49278 23846 8218 1512 35209 1568 29219 26542 8795 33584 4133 45885 821 44166 4256 26263 21032 4223 26167 10963 20751 42605 24822 7138 20474 339 44703 14277 45456 71 13850 47686 21017 54942 53163 46536 22418 5879 35045 15764 47829 40800 45263 8146 19383 29140 23617 14681 125 48989 5904 8566 11118 8772 30549 23123 12190 2111 41775 37740 31769 26345 6661 3937 31616 16533 54398 6626 35815 14447 33255 28133 33982 28759 14869 11764 50408 54457 23441 54687 30474 15755 3383 46075 43181 10540 16794 22259 54901 39913 9897 4199 22111 31782 48606 8126 573 16043 48755 50718 13382 47531 11389 6089 14824 33725 26302 24642 36853 32296 25081 53206 39165 20038 12306 43621 13169 23436 54819 47193 14345 1329 7437 53254 15622 14679 6410 6716 34048 41677 28315 51194 19234 30154 44960 52601 12360 29335 21285 38772 18139 53338 12484 34349 40936 42365 28517 44508 17710 5182 48154 8006 12893 35490 23197 51830 39961 53821 36091 42437 39048 6003 43310 383 1794 3120 42746 54136 40254 49295 5032 45830 8362 43607 26127 45150 11833 19153 8488 28389 22409 36222 8091 22516 34229 21511 53931 34496 16459 14758 42136 36101 17924 37875 34058 54442 19484 9310 19743 2008 54274 41572 33695 33697 18163 16368 37658 23592 38892 6589 18088 31617 3919 36139 17467 6593 30417 33715 36087 28605 54018 10068 8543 49170 17051 46763 1547 19141 39897 42950 52675 24711 46672 45585 41641 23228 48010 41854 47609 2928 7205 35729 17054 8394 41279 47665 41469 40768 15022 49502 9216 39092 51588 31357 18845 48667 5446 38874 8005 17969 39424 43257 4616 26008 19000 14164 15295 24842 22419 40418 48226 17292 42438 47141 5851 15566 42508 1274 30582 6666 2283 13557 18142 27468 39978 18462 11458 5686 54668 44903 14095 38363 33519 8540 32936 45697 23178 43438 50283 24796 33075 34880 28758 17287 19185 27931 8596 22475 52577 12621 22205 1910 6260 32499 48447 33429 37339 40967 35287 37220 24938 6461 52241 28341 44051 31976 3079 50871 50879 26021 50324 34217 40791 18861 49630 45085 6534 33960 45906 35241 15410 11541 28506 24893 16772 13983 34977 38259 44891 34973 19882 36157 16058 43076 29852 32484 28734 49770 42351 34751 6871 12999 26605 49475 31408 50818 35183 10633 7773 33577 25404 48922 38978 50206 975 13365 25803 37552 10022 9752 6707 32056 31337 40753 38422 18010 36564 31268 39225 97 5016 24292 4690 49401 41567 35154 40890 52160 26311 17056 12864 34808 46991 36739 35168 26667 12349 35416 37841 45919 28291 37909 19408 14951 26191 3236 9936 30548 29264 29610 6074 17765 23933 13344 46014 17200 14398 18396 22152 23500 43683 40916 50986 45791 47484 52125 15651 8602 39188 16968 48239 40770 2419 4013 41531 40579 10548 24180 12382 5312 42626 12855 38010 26452 7985 17334 4875 4569 53134 45487 30236 49299 36478 52286 46322 6598 6088 2029 46622 30097 4395 3595 7361 5488 5063 23579 27226 17762 20969 32341 51706 42814 25918 14362 19543 35591 46448 29979 2792 8665 3054 24972 49601 48683 15088 50985 53871 52740 2446 20753 54422 50320 50900 45815 35317 36268 53652 21033 41446 45337 716 31382 10026 16414 49377 52244 49988 39422 21400 11331 30311 12995 7982 38076 41198 27062 45592 7626 11325 42364 52292 28749 33056 12093 43124 3800 25205 14941 1252 53711 17331 7460 35823 41405 2011 8380 20388 21504 19861 30746 53916 40354 11877 54316 39867 19247 8835 54902 44990 51726 14402 31152 38137 35830 47758 12525 32022 19040 54170 17958 54425 7399 47662 31120 31983 2244 45188 42645 4742 46078 10357 18725 17693 1311 22422 36563 27936 20996 21042 37276 50532 12356 24714 38458 9918 40667 3401 42113 43030 24069 36990 36695 23798 52082 52528 22268 28932 557 1988 29532 4923 41412 40855 19339 42562 13335 48068 20133 27301 39399 43105 41787 52791 1556 29345 10133 27250 12284 45847 12286 5418 51271 14385 49989 9777 9656 12543 47547 27593 39975 16805 23075 22231 53115 2119 19442 22471 8592 28464 51347 20096 48446 22460 31060 41895 42942 50622 52322 52817 23729 42859 19865 40135 33927 41872 25432 34265 44465 10989 33450 39805 54149 3327 35635 34470 14803 5180 18917 20697 43320 32576 3333 39371 39288 37254 21749 33428 44404 14555 1327 40996 17817 13036 47975 21322 9668 13043 49464 20303 17637 38118 43982 17971 24136 3265 902 44701 30790 49714 39336 5229 54777 19514 3094 44406 13903 27853 23338 31774 35096 51035 9062 1318 11728 33655 46907 50078 10971 38638 24831 54003 18951 32591 40912 25080 29697 31990 31026 25903 32747 44609 6040 35836 21813 21538 38358 17665 19514 38591 28390 44551 31898 14764 2540 13723 33891 29913 27794 11508 45211 1547 7463 41228 34672 50618 11645 45082 37398 19473 26954 6598 18877 49206 6587 28696 44003 24643 54194 17264 7925 30776 12839 11543 6703 23951 17772 38571 27203 40644 53989 52431 28217 20856 11050 28670 12326 27011 21675 9086 45438 38058 27088 41813 18293 50194 36832 21488 46438 40473 44601 37757 8089 2694 14395 32686 47252 54928 41095 3216 21390 839 39209 1167 12351 4663 35210 1740 4167 16420 39458 46698 33539 9882 13973 8728 11836 40419 43230 25277 23297 20376 44639 31910 46218 31117 23482 12569 1481 19452 37839 17422 29766 11649 20280 11574 83 36394 41745 44855 33541 28052 47653 47715 24962 20938 507 14171 2997 29545 54458 38811 44099 50600 20883 12126 52998 7148 36105 28922 2295 28028 339 34688 33181 6164 13058 39668 12498 3689 9273 53867 16236 34867 2409 7722 20763 42235 36585 13773 35090 45408 48813 39937 26919 39392 48406 32296 48282 47604 42912 43670 5230 53272 22273 16484 41057 36131 18612 12227 1864 1847 45214 4810 5133 31544 35391 48292 23266 50311 36102 49535 41862 20509 48673 16944 29993 43375 54293 41924 44307 13167 20282 38656 23633 15839 38463 44959 16656 26435 48065 34219 47793 7709 33094 28398 54336 40905 7001 557 33616 42731 54989 1524 13579 32656 43110 2646 30629 4423 35387 4198 17282 19886 7102 28954 12225 27383 45395 47536 29386 44017 42935 53520 16860 48942 10121 9859 24090 46839 49066 5366 54777 7087 9569 10553 2051 1789 38647 33072 639 14716 42215 54723 13626 36670 37038 15951 13008 9433 40606 21848 26692 17247 50355 13188 4013 7520 25993 36354 27999 5239 15645 1793 17986 36212 26770 7099 37221 15049 7213 19460 1211 34747 46056 13203 42601 5156 46933 3798 2887 12746 32700 11062 11719 19633 2818 35217 29143 52456 4639 50738 46659 3457 40196 35127 5108 54802 16540 29203 33406 8717 7919 22367 19050 53058 39939 50394 48240 48613 48130 4397 32443 26615 38886 31152 20795 43063 24532 46288 7249 6170 31818 49231 8781 9165 31186 50106 607 31148 23567 11107 4535 7410 39517 30316 31175 208 14620 29456 34665 33383 49634 32061 48722 31481 37188 54702 32865 43054 15498 34518 2997 14983 9993 43056 50478 18999 47355 1771 3776 1509 9806 48811 42220 7519 11110 36730 42784 35958 26111 19725 19290 44327 50193 26981 44823 4768 50866 49237 4283 21583 33465 22724 38389 6303 35621 35362 39184 48881 30143 15402 44583 31471 45144 3142 28384 1512 29983 17947 53871 38290 24870 9257 29367 51831 34773 29696 46619 13584 8557 2610 36197 20821 1808 44373 16998 984 38127 6374 27161 31713 14740 49417 2378 12645 18360 51990 38902 2206 15499 19063 23561 5419 41659 23747 47709 23218 24387 22337 38983 4107 37036 27199 19230 2819 50759 26688 47056 26112 51472 23959 36544 19070 51699 49047 26312 13124 33195 17232 21957 35243 32969 2284 36471 35867 44590 23018 19133 28243 50387 8722 47652 14503 21259 42461 47481 29467 17594 30085 50794 43861 4454 19970 14486 27837 15075 20068 21224 40609 17433 38661 54680 3552 21358 4209 50368 2998 28542 29724 12736 3962 5741 8785 45715 24800 29700 52237 34643 26666 37850 26290 46247 14299 42122 31728 33287 8819 3518 3578 33472 47334 33535 37803 42959 32194 49424 39138 11997 31099 48984 15116 40875 25829 31844 35709 14381 35827 49146 35339 53725 41366 53537 16450 39256 31768 10162 47309 19551 43917 21117 13078 6956 36714 44798 41888 25359 1880 16103 36328 31368 41415 10944 4363 8892 41201 45876 119 50959 48108 20546 29955 44515 39772 34958 17661 12784 19117 54273 8701 40866 43091 15818 45896 11061 41268 2053 12193 299 674 33215 2253 436 48911 17816 10994 53440 2784 35102 7784 42203 27747 37490 9174 27416 43609 42654 6479 30765 36093 52312 1287 46453 51316 34476 54049 8134 53388 45739 46582 25084 23139 31405 27308 43 4762 5660 32258 53550 54233 43352 21533 54945 39094 4795 28777 19008 21005 22221 6 2096 47363 5024 50638 47996 8532 37757 23922 4143 18000 6066 24939 50221 22846 17956 39028 37572 28743 39917 37796 25350 22898 26128 49515 21279 45684 17197 32817 18729 47870 53596 38570 24652 13370 46246 11000 42348 12682 15899 35406 21667 31193 18630 19826 5643 1797 28802 40358 1908 17847 15452 27819 36395 4391 41821 15036 34891 26652 26285 46140 19802 30185 21553 13796 4285 49982 28125 27222 12758 14636 14316 2408 40661 52849 27191 38094 14672 34837 12788 37787 49609 27363 10553 33693 7757 45042 12746 36945 35701 21655 38242 7792 41464 3714 21823 11164 9696 29182 54323 28389 8904 11505 43883 5753 36290 52100 52517 41142 41864 52319 5023 44367 257 5859 46871 45011 5497 36017 13002 28826 52001 5648 16273 37269 8419 27459 39282 18608 21066 5752 8161 10103 24424 51008 51766 9669 35465 16443 27333 27414 43421 27720 53630 43621 12713 3385 31679 41160 2702 45025 32672 36232 8795 51758 31161 45075 43308 25941 1518 4169 14267 18699 44206 27799 45958 25650 20722 37402 24704 29616 21579 42795 53568 21098 30912 24930 9380 38841 40901 46348 36471 2830 10479 249 43408 34639 49664 4297 35034 26353 16762 30677 6476 1838 21416 42640 27274 29473 27264 30276 38389 18362 29030 5771 3986 22333 461 31313 53551 52505 40887 31316 27710 46916 53022 19545 17930 18005 29554 7154 25051 37288 31523 5115 53357 31241 48391 50210 21820 48073 47045 49645 31720 11842 37146 19060 3379 30209 24216 39294 34513 48996 6511 53515 52228 45769 32703 4448 4727 710 4199 11952 54802 2781 3186 14629 40839 32368 32426 45610 8314 23355 30111 24527 37597 19164 38035 21008 19533 29163 3838 23874 49478 53807 52007 46993 21653 46842 46074 31938 34469 41736 8187 14140 44693 29648 32314 10834 54393 77 30744 14055 14529 49724 26438 41710 1209 4573 7903 18035 43776 47405 432 41718 29101 41251 25100 4033 2706 23332 6231 8612 29692 22539 37387 46993 24753 36224 45559 49368 8089 21823 15715 29907 18596 40890 53110 52485 2111 18028 47182 2848 19989 52336 3241 18595 22167 28217 29367 38836 51640 41669 12154 1296 4619 18173 38821 52972 41903 16562 23122 9261 26574 20309 50051 1077 4450 31479 22069 5395 44180 4832 2820 3507 42407 43768 30755 52039 18226 42945 43771 6329 23453 10583 13107 7296 16606 50546 44628 19248 10824 39150 43157 28614 24187 29836 45033 24475 53570 29557 21722 7508 9206 31406 11006 51650 11871 38108 46967 25666 7204 44961 13585 23107 13747 6785 41704 3714 24265 4095 18471 26921 30077 40696 27635 4000 9382 51643 52265 13988 16727 526 32082 16104 41806 14889 44002 830 52924 51349 39522 25866 33848 9572 35339 26470 28665 33150 32235 36990 44389 49797 45605 32190 50967 36464 27685 25742 41608 36115 206 50084 22365 34175 28394 37406 34609 25273 15271 13880 40294 31410 41462 38674 41616 45963 20732 40840 37373 49313 34048 1580 3863 49270 41196 4639 43748 29209 20832 25029 53431 23597 38617 6931 53238 53593 14785 5064 9541 4950 13230 11878 48966 18635 12297 38500 3271 11701 20938 26581 50015 15293 52946 16850 4408 8191 45900 35804 4915 26662 17312 20385 11912 7755 1531 22734 54016 989 41119 15666 41616 4030 49732 21801 36980 25066 46759 7240 12734 53525 53010 17378 36384 16943 24345 524 32488 577 20896 22637 35146 35125 9796 8337 13129 7620 13990 3846 10451 19265 7523 32092 21586 53490 11529 37468 15105 46418 50828 15042 44174 41468 40482 20674 42742 21115 45458 24483 8165 46283 54441 6669 53594 114 53961 29232 38998 24615 23095 44850 33029 23478 26705 9902 22046 24314 24201 22817 37393 4019 25675 12943 49475 13543 48086 15081 47040 23068 363 3474 736 41361 49826 22594 43648 33401 24773 3177 5562 11117 7446 9700 30534 48572 51233 50381 27983 25340 54454 34392 36945 11302 33951 9760 49986 13284 39827 7444 23525 14946 26303 5305 21656 42379 33581 19255 14874 574 26058 54812 21020 29867 44221 37455 46775 7731 16105 45511 48180 21145 29739 44097 1506 54970 36162 38251 1249 34505 42771 46675 24190 1874 8033 40452 29709 48299 16373 51506 25828 39388 46777 92 24119 8469 37167 1480 27889 12328 3418 16054 14627 13935 10030 34332 28500 32813 45273 16129 45380 46750 8656 21289 10534 48776 17881 43884 28136 21856 40136 31615 38624 3310 41961 698 1813 2895 18286 13723 51190 42139 24493 44590 32245 2885 49366 50663 5962 67 11313 19705 4075 28982 32831 19323 30103 17071 2974 17888 3298 19922 35921 36461 39482 54767 32661 49994 10647 35977 35563 2344 12844 11163 41733 7092 6766 9130 30185 41746 21925 11675 38863 38735 43168 45429 28501 2541 18293 45753 3717 32121 21972 7901 4560 19823 41966 41496 28459 35056 16079 43020 27287 38156 5062 13164 45703 11127 7271 49938 19901 44314 28106 24650 2646 11079 54003 40330 24587 46963 14989 45031 28637 32756 12763 26141 42695 14361 21531 52623 54516 14816 10111 26567 12319 2724 5957 12103 44201 40025 19828 15990 26834 18378 44727 36235 3650 51232 43286 18877 7575 48746 16730 28225 29896 52433 28075 43711 10646 48050 5146 52384 8201 40775 10739 34472 5031 34643 47962 17236 34928 30207 14799 10815 702 1747 27868 44275 50751 31093 47459 27142 11931 26565 50484 3707 23029 18217 16965 36968 11462 2574 17365 6654 9917 11610 45709 14813 45931 9111 4219 23810 54360 4534 49305 47521 41622 54461 31708 3771 22325 24878 48474 49062 14603 2236 7134 41799 47735 38969 9094 19860 48244 24362 48580 40297 51420 7431 48351 52033 6232 21921 42240 31942 5643 28955 43271 33287 4131 3519 6070 7670 54767 10917 35319 14853 34363 32931 40204 3047 9557 11785 31270 15674 16068 43072 14 8954 19148 10656 37179 10818 25661 35666 11867 49693 51934 11463 21534 27740 25350 22547 11782 52407 12474 32885 31015 23890 19128 28324 27784 48172 41409 38367 45547 1640 22132 13241 12764 52665 13675 6933 44072 21170 52067 31830 35809 37930 33499 54154 5690 24011 31059 49765 28436 22191 54295 33926 47002 13960 47376 41290 25146 29570 54995 23448 19583 3318 28953 50553 41599 40078 17082 23970 10049 38092 54034 32971 30225 19906 38747 16546 33012 50117 13451 52516 48237 14973 18397 5413 4007 48413 1488 41251 24504 3315 34758 8126 40621 34137 22322 11116 6771 17235 51979 17862 35443 49868 33220 15264 29705 7783 52739 14077 45959 44850 45249 47674 26056 34256 53735 40339 45524 19747 38074 33389 7082 24213 11332 12385 31499 43061 25443 27970 44245 49697 37431 25376 47877 46057 47689 6009 22977 15548 39540 49559 46729 9864 45351 44771 11768 49565 29600 26353 41031 11337 42709 48710 25941 23040 53283 43888 54182 36408 36010 18705 34147 10796 39805 51927 42598 39606 22643 30170 28261 41551 43678 28646 32762 31368 32 54157 48205 46943 7550 20378 5951 19058 49024 44417 10308 18666 21738 34940 32017 21369 53822 13807 10186 20846 23087 6770 3702 685 17946 47982 38833 28691 48825 1942 3904 40495 2634 5097 20362 14497 21720 6512 18545 42761 3158 12055 37128 38445 39229 36960 13557 37819 36762 36749 42549 29165 8466 16487 1787 12819 20758 22917 52595 41083 7954 41889 50340 42527 51413 45725 2248 52637 53489 43428 17313 25893 23443 5948 6992 22058 41202 39952 22911 49437 53283 53247 28808 20313 23187 7909 36150 12100 15841 51485 35146 4238 21510 26258 34528 24597 13284 32559 16330 49841 24366 47760 19880 27499 10131 46896 9429 14116 16980 15873 40695 23414 35853 5866 24260 17803 30308 50171 40840 26895 7885 18577 13503 72 6979 54821 42764 5452 31865 21215 16890 19518 40081 20439 6990 35975 36988 36918 21808 20806 9468 2029 5314 3169 40655 20716 24098 19309 19066 9205 18931 42249 45859 1099 2331 42185 6119 7754 29752 5946 52514 10462 11496 49973 31652 49698 52467 39498 49290 12295 12050 4919 47970 44972 7215 42858 38485 52392 53566 16999 1681 52674 11208 50337 2545 54048 41226 54143 49045 31073 38371 14317 22092 23871 16336 40286 54331 17560 54194 22513 4533 31460 51576 14512 6260 40292 21752 9544 30082 45320 18369 29853 23072 17320 31219 37419 26255 10905 47081 23601 21806 35786 25842 39627 14704 12360 50937 23071 19554 4944 26031 18641 11317 8520 29862 49822 39033 27650 28655 44939 35222 41684 41372 14779 17224 24994 8895 29626 595 18998 13876 41631 40648 40219 24485 24652 8089 25576 43227 2319 2242 14652 26404 11088 29877 11648 23565 18491 33646 39506 37658 23431 20186 6539 52107 50527 8671 11703 36324 45421 41700 44099 1514 24138 43012 22423 47674 54489 33007 27387 14065 28201 19541 32156 25437 38136 54386 18639 31505 33477 2189 35888 15167 17554 25018 4878 34040 40503 48521 33124 18851 39737 27626 22332 36828 22994 2137 32929 18044 33954 2248 4414 32327 35379 50755 5921 28507 54020 12191 25953 37792 15956 11373 46211 44804 45783 10699 45823 4638 51870 40395 25498 17008 43530 52767 15538 45836 54478 36890 34964 24910 1796 54140 22381 47562 24574 12674 38769 24406 365 7979 36311 25893 12320 54058 49954 33735 48657 45156 22533 39014 28954 26706 48625 30483 33760 5173 3419 36175 23761 8319 19295 33238 16234 29462 22366 6695 7932 4127 49398 16341 51612 17991 41243 37848 10884 23406 50021 45568 17987 46979 38696 14743 29594 3639 34052 15677 29969 33410 23534 33493 17609 26769 52029 7833 12830 15869 12412 41193 43987 36530 32920 51696 49130 46829 15091 29100 14048 25081 47037 4201 28888 33315 47075 22269 23858 5873 4295 51376 34441 30234 19521 4957 31222 50785 48531 22892 24026 34205 36661 8389 44896 17148 26151 40786 630 317 4828 26217 19992 4142 3945 44719 5713 10723 52220 1168 16248 433 40039 17862 10875 43692 1698 42874 26464 2858 42586 28685 31061 18833 4308 10386 26488 31953 10647 11846 45333 18002 31947 47887 48395 49411 23350 6148 29706 3182 52865 29620 8651 39800 15657 22983 18532 54493 4656 11980 43854 36112 5860 6245 11513 27627 45010 28029 28834 45431 42988 53045 602 21645 34167 14209 42623 46307 35903 21660 47556 25741 7910 18239 44497 24676 47205 21301 6973 39065 42393 28040 26370 9841 6780 46070 20628 9072 253 21828 16838 56 38376 3082 7707 35268 17902 45110 21270 35786 31052 6680 35504 25255 4121 50334 34814 1526 38417 44990 34071 4997 45289 17860 11111 16367 25060 54549 33338 28249 26062 21726 49112 12689 36354 37741 42607 4964 52821 22497 41287 30544 52904 42719 6695 7898 39745 18657 45541 11152 7253 37085 21112 29615 3440 39780 36060 44360 18100 45800 51581 99 35963 36768 47781 30851 39015 1456 47717 2066 29190 49379 45343 50297 11444 24728 19644 41512 47048 49746 12505 43681 29479 29577 50078 39330 38268 12347 28419 4524 37387 4639 14030 53772 21227 24260 779 21931 29424 39263 34003 52842 8559 29256 44060 12496 47367 15927 14292 12746 28416 9722 38463 26633 7964 42589 33050 36635 39360 49368 33619 8623 16288 11348 21365 30854 4618 27060 11004 8283 34093 3156 53886 7372 27503 36458 6814 270 46253 6419 39809 29348 21747 24068 7879 3683 32255 51748 5133 15165 42833 12751 30968 16307 21731 39131 24956 51730 36007 48808 4787 6277 51732 38395 52463 11818 40496 39700 33894 14330 45286 12265 36362 11579 36248 31627 8959 32057 22465 48343 5656 33606 15325 19554 31817 30977 37337 34811 29523 15443 23584 27061 43409 53701 7619 36345 19549 19788 17334 30892 5093 759 24983 14792 42989 4944 39494 42573 1600 22629 37950 46920 40481 5076 31383 53881 28551 9285 7885 21502 11787 19732 29575 580 48570 42477 28500 5388 5856 43763 27138 9056 17810 13599 20987 42973 16002 9609 24954 48279 29106 24007 25544 1732 42785 15482 19066 4092 26494 54070 45513 13173 16170 35933 19687 2530 36855 11931 36138 4719 35529 4230 28482 14346 6196 31036 15103 27747 29531 17026 37601 47045 1253 47962 14098 51607 1579 16792 2303 30718 36338 17667 45504 53934 44917 15585 6307 21435 9840 36905 31074 52776 28956 26367 41325 26946 25627 12616 32416 15387 30684 38965 47130 34482 33404 46664 37000 40590 32843 41631 23588 42920 52668 16206 32264 46308 30933 15165 23760 36618 42655 52713 26824 26697 52884 54311 30175 22252 19418 31410 47491 28433 40877 30436 7386 18746 46536 38385 54361 4130 45134 50743 45191 28789 49817 22323 47568 41717 1651 46956 26961 5773 17236 25277 51951 32787 14078 41586 10593 41112 49873 7399 1861 1595 12997 53069 27074 5952 6381 44985 48193 18745 5799 7828 4832 31592 7430 21750 3326 43699 38426 49349 29751 12031 49377 6230 3685 14335 10582 51497 37485 43252 6125 21804 40242 49350 34324 49085 40979 13070 49515 34632 36418 37552 43279 51750 46223 17965 42537 1799 40410 315 45149 25592 38860 4019 47751 15344 35209 35099 48472 9226 49129 4340 52779 20093 30501 20112 13349 20508 14961 45602 25546 30817 29601 539 16430 32309 59 26101 40883 39576 7318 15938 11485 48318 1606 24108 54113 30201 7347 47284 41634 17190 13322 6252 20056 19678 28639 35559 10687 24520 23327 13197 38669 47656 52102 34098 38960 12230 10335 14634 890 41852 34554 5069 24208 35203 25204 15925 37172 36694 30938 35168 29062 31536 22035 7157 529 7109 47421 18002 43345 43946 36506 18250 46318 47865 16258 15391 19591 21402 29971 18037 27305 18932 49836 28771 54468 31604 8624 32979 22817 17857 5743 35905 29195 37786 9248 4712 23867 17163 33503 42213 24189 34105 34473 5320 16458 13886 6291 41637 50349 52812 3119 23410 6532 43723 46545 23509 11915 35908 45880 54238 49150 36454 26433 256 4019 54934 36289 10942 25187 29729 11539 6918 50772 34110 197 29431 52054 10422 38492 14873 22910 5786 35538 33775 32676 34563 40533 8791 22054 28714 43975 53039 31293 16581 1639 11852 15411 8585 51293 40260 37232 33084 34823 31042 36550 19205 1052 38796 21573 5643 2022 8153 33369 29339 28934 558 21514 14010 5611 30480 31070 30866 29965 41683 27175 10192 10259 23995 7741 13166 24306 4234 46656 6337 2695 27451 19150 44266 5926 49898 1586 53998 4822 33296 29149 38886 31210 27290 31877 48695 48474 28439 24708 28128 49965 4977 29848 52847 19768 51334 8403 10508 42584 4555 6020 49374 27979 28747 37632 45780 54976 49455 34402 24911 50834 43621 7347 34043 4290 16019 20873 24281 18494 51076 9824 32142 16380 53529 17074 7569 53869 32576 49413 33962 28242 29224 32305 19056 5635 2861 41531 28605 45713 43271 2135 47785 12389 5212 24187 16147 38558 17748 22427 44618 39067 35932 33421 17165 26179 43261 3801 28711 30036 7651 19069 51162 20650 17718 43038 39839 44452 20215 17304 31632 43641 13385 4663 32816 39590 48146 11373 37213 2733 6983 19417 42040 47676 14058 49304 8055 2527 4603 22139 13341 53119 17991 38012 8130 27860 49501 4434 953 976 18698 3883 9368 49712 35692 38538 44614 38353 5449 19950 17355 35262 46169 21050 6364 13446 52424 2545 12015 10702 10685 22174 19207 16783 36728 42823 50223 17691 25181 8185 50865 22308 36272 21434 46126 19551 46734 19378 49596 5353 31180 6976 33540 10370 18850 35023 8579 53216 53032 7488 25021 37775 49583 5670 7505 48455 44963 1167 19004 45111 39931 35284 45327 53945 27347 21006 25730 47335 25621 2705 41183 14450 47962 8351 49020 4570 23756 4017 5063 32690 19010 26146 24064 3576 42479 8723 35274 12667 53443 47613 34697 3292 24983 9698 41961 52692 36309 8731 32583 23943 20178 48981 24789 15697 40705 23846 11251 54044 37126 2279 28214 49503 29113 36910 31068 47771 22660 26576 26410 24102 38574 9991 43400 24637 44099 35757 15858 48263 9839 50380 40410 7273 27293 21985 47998 51387 4321 40254 15020 51547 15586 6753 3947 49540 24364 11089 48935 10210 12153 53637 16767 51367 36041 40842 9752 12444 19963 36152 9499 2985 27958 3654 49290 44601 48447 22211 51867 25426 21814 47841 37378 53367 10843 1888 52274 46950 24781 24095 44169 33878 895 42068 53321 39658 53713 24138 19417 7853 28251 25817 48627 49501 49361 48609 36124 35893 8384 2427 32306 47753 32677 17562 47739 44496 17313 21963 14376 8825 53545 38546 23947 7890 54693 47887 46806 1376 8812 47629 39452 47234 51255 53999 38732 54814 23572 40043 29190 38543 5768 8381 9748 9618 27882 44035 10136 4992 4526 53651 17350 34597 14473 9765 45698 44239 54996 52180 48875 18353 25894 9655 26400 49146 2204 48012 49419 5074 32090 8002 860 6315 41080 38974 35021 24417 15113 26650 10144 30962 11080 37443 16800 49427 32951 34715 19014 13930 39260 48637 22000 13514 54752 21776 22200 28001 2003 4317 40189 24155 23402 30701 43994 10101 3933 998 13099 37565 9750 48027 5503 49500 8417 20599 51949 20680 39144 28841 10167 18388 23324 29389 40436 33749 21205 25792 15146 9270 46992 22978 46830 47260 39616 2834 43632 45422 5717 17780 3667 3754 17054 34783 13791 41149 26676 8879 17246 15165 3172 32257 32419 18062 29466 13695 51854 12261 3892 29293 27324 42463 31053 33494 37330 51910 13621 7748 13484 41220 24986 36919 32749 31236 239 13935 18548 26488 13859 10759 39195 12344 47276 16386 661 5027 42828 26751 21924 15496 16875 10394 26797 51301 11096 38230 44147 19045 25833 33661 9813 39848 41266 15144 365 33912 51451 38992 37738 17166 42749 22024 39671 17732 366 30937 18934 43581 26649 33890 45577 13222 18429 26560 25423 16357 17656 8924 3161 31927 31149 36256 22328 30763 5356 16894 11382 35122 43874 35409 22827 9414 42139 13894 30495 332 8652 39120 41300 17982 47530 10092 36659 46262 30784 33071 50307 27356 34667 43673 21273 32308 31158 54704 24126 40387 16291 41165 45936 28902 43007 49351 13834 7225 36999 3173 7666 15881 656 39885 47522 7266 14325 34279 11428 43543 21283 45040 51024 27274 41144 219 40779 40936 13748 8828 490 44626 2536 38990 2857 30996 25642 26191 8527 47390 10036 39361 8747 4431 54697 25493 4478 24328 54186 24110 36156 30638 5661 6922 37906 47391 7622 28269 53661 28857 42441 48205 15950 42346 24375 22239 34601 54338 54499 696 24228 5917 29371 19157 34503 48157 3085 6567 51029 27531 23518 39903 8958 3661 11677 52148 8901 24073 44275 48591 11821 30957 22661 31622 33655 38637 50787 2267 51693 21561 46771 47605 22665 20382 9176 20526 44919 31988 18081 8594 43859 39450 31380 19790 8963 2811 46035 22707 21302 42185 30630 49290 20265 17624 25008 1433 15479 34859 31852 29182 26990 13132 3979 19181 47550 35464 31174 22998 40279 36384 5847 321 14604 24859 27063 22670 1000 20970 28047 3879 15597 32030 20197 24717 12749 40888 30062 31337 24725 26651 18890 53801 41511 34470 36316 30408 23944 30802 13 14963 5184 9066 22395 31015 1032 10122 37062 25727 53010 30447 51476 326 50254 9129 22027 37414 10087 10719 29992 8995 19778 1677 21018 571 18752 2268 39552 45930 9857 54758 22892 16400 11645 4916 15359 11245 33619 40525 54023 38820 38003 20050 31132 17060 40135 1807 36286 10805 16814 14209 18661 2042 36274 7558 44503 3188 22122 8604 47347 43693 14481 11781 12589 54141 31639 2464 1107 11396 40201 37965 50370 48092 1912 17164 32108 54882 11146 31533 31136 39182 39087 21744 50671 54067 35915 54777 33027 13846 40254 19622 15513 47762 26747 25320 45900 22481 34597 27819 54886 23444 13053 656 10078 32720 7154 26390 38186 45720 28115 54253 23896 54909 46191 51254 41449 13476 45852 43496 6273 18952 11070 29385 37635 31546 40331 15060 2429 48122 10802 31794 49185 6425 48209 21338 2025 48747 11134 10186 48716 45177 1842 33800 12070 35903 28353 12643 28186 38040 25943 14935 46443 21664 2908 12555 4623 1685 19181 11643 53699 40721 53054 15038 36402 29170 11330 52609 25692 52537 50034 32279 39363 54669 28513 44714 3143 4744 18166 49558 27714 26409 26475 43963 18765 43289 17056 41795 6159 50357 54531 44520 4916 35907 32058 20379 17872 31284 52458 3538 189 562 9737 50844 50173 6809 12954 36100 17715 14257 43239 9989 21056 30509 47501 25254 30940 6382 45349 12924 2075 50666 53652 7816 23782 24872 50618 3626 12341 52101 24866 8725 44880 33125 575 9659 6154 21428 28925 5418 27037 30333 21436 27917 29156 16391 3812 2639 25931 30918 31925 17623 32090 42694 53533 1194 31919 28912 6276 51599 42677 1640 36990 2435 36964 46671 24493 3879 35690 44924 27666 28768 51368 33764 21403 51981 25968 26653 10442 36087 44132 41971 6601 40303 22135 23845 46861 30268 25188 19458 12712 54119 41064 5130 25886 20246 28801 18454 31083 13836 53507 209 49133 45749 37880 11504 7151 30486 34860 21399 4664 15291 40004 41127 26528 37171 22298 11378 36047 12928 41107 34855 39532 18611 5067 29870 50612 31172 47241 19690 27912 7025 25716 13629 34783 375 54982 4549 15928 53812 30331 13618 16022 46299 8878 6512 28929 2608 19071 16248 49444 42835 38503 31316 23610 37878 5153 51991 15882 3534 26667 43535 21999 46916 46676 3031 27184 4980 29378 37140 21541 2511 13658 49567 12991 11364 49836 5736 54566 53745 48414 49025 49735 54189 1896 49001 45634 23948 21025 23326 30909 39943 11575 11900 2548 23775 32992 49842 54538 48233 52237 40584 18876 53217 5942 23742 30849 45804 42735 41018 25381 10605 6422 54661 53150 27554 53069 25608 28124 52005 10291 47249 26866 5381 3374 41540 25309 30711 5042 50545 33675 33318 30517 33298 31109 33517 28129 3128 9992 46084 30900 19888 17321 995 45627 26602 43038 39081 50954 43202 42774 47619 27652 7785 46103 43539 43169 9478 30399 48310 18375 51255 22165 27042 37761 14659 33380 39236 10674 5008 41492 16474 28861 4198 43611 14061 48276 40792 30000 43008 41739 47961 7335 12306 51979 44370 7858 54928 1999 18822 27441 35958 40288 43932 38184 54471 28763 30513 26057 17890 20559 37024 32567 21080 13343 35831 46841 18990 40189 28911 11907 1184 26093 29938 20952 7224 42211 13069 46128 53094 5447 45176 16483 22225 28938 54234 41774 6849 22926 54752 25092 41445 37509 42356 43078 16075 24836 18921 33624 46517 38764 51441 33029 40182 29138 2990 30688 22211 4413 53524 30532 26424 54722 26027 3293 23498 22790 48755 17730 32757 10834 38882 17969 32463 12087 45173 4381 23098 15723 46749 35023 36956 32358 37319 29308 54762 13284 760 33341 13199 22901 17266 20134 3694 26743 15405 41323 32172 9264 45256 494 3523 41801 38045 6253 7761 45970 855 54508 2717 33551 8883 41569 13219 39783 30577 3165 37151 1231 32875 33619 32036 3065 41091 24398 29340 24387 15844 8362 45381 19951 43303 19354 25726 39532 48608 53919 31789 9085 27312 37189 52395 24024 4227 46248 1581 29019 20648 2746 50996 20594 46490 21327 53805 12215 37732 34239 7360 47134 29811 52081 16502 29446 36754 20428 31965 12368 41130 52406 48206 8018 37138 52812 29813 8419 36877 16888 44714 8472 24399 11110 15325 5135 44745 32217 21836 48765 51506 52200 16684 15074 9529 22656 31449 23068 41639 14021 19264 31607 4469 19777 42312 3980 42963 52405 17107 43232 42847 26609 9128 18295 13655 11063 8319 41197 35340 40807 29949 49733 5423 15787 31579 27871 51111 30265 26706 4444 22526 2371 27651 16947 1693 36596 44822 30348 38365 17298 20380 32239 28150 14049 36662 39416 47008 32898 6927 9267 50391 28361 49650 48562 34409 39301 29474 8726 17455 23023 54410 50757 3136 10018 32675 40963 48737 35644 19870 14794 29058 45131 15126 2248 17742 11323 15130 52200 18028 51556 36300 6019 26947 3346 49586 21916 258 43957 25358 9168 28680 53602 11391 27731 27706 48448 25889 13868 3589 50687 44820 5577 52986 11768 20919 2326 27844 44795 34667 25918 3492 17117 21434 36931 44581 16131 44098 26496 38215 31080 39846 41926 10110 3100 42526 10259 7725 18097 917 44928 8740 47286 19117 17083 6168 34764 15226 42233 25756 7287 40253 1744 43775 541 9886 18811 45825 37341 25269 53418 44507 37727 49390 42827 34783 31890 42433 6360 16957 26269 32848 49856 24344 33031 36100 52376 19502 46195 24555 28136 32063 28840 50993 32957 15137 17605 44574 18765 22669 10413 25059 3132 4925 8040 46895 45305 1914 18043 26629 32459 42331 32650 24425 19938 53157 18839 49009 51573 4893 15039 42582 1248 32495 16902 25517 12713 25134 48637 45070 36285 38800 40155 3958 36549 32408 2303 2483 14016 37332 28826 34075 22753 16193 50270 29452 4044 5415 19086 50906 28636 12349 1148 735 22489 4613 51574 26257 50021 52175 14673 4611 42562 52597 12591 3558 2439 31015 34401 10803 15331 9352 46329 1550 16843 3781 17148 53805 6415 19519 25367 52315 6931 52556 33664 20756 17265 4997 28376 23607 48634 5932 13479 10127 26685 49580 53045 37220 51514 30489 34587 40924 8246 23913 18276 34557 3343 23947 13354 22447 19036 32927 5335 23448 37461 1072 28761 10274 14924 35083 22276 29769 52598 53581 54309 23036 48710 21960 12458 49211 43434 39985 48453 30020 17199 44042 3985 36596 6843 36379 51248 14338 46433 38571 54582 23231 8447 3787 42615 6738 2749 45721 31226 39691 45251 25420 40905 17541 32775 36595 50837 28594 54972 20667 25372 29075 29405 43787 53033 54418 51307 12961 922 7042 20349 18950 19266 12765 37026 24271 28006 22655 40759 42262 10467 1841 48582 1715 32821 6283 10792 22088 47926 45005 43150 47793 37546 35238 12501 50457 11373 48138 48645 17719 19118 20828 14988 39054 1487 11321 40357 17156 2018 23607 11809 671 53514 45369 10846 14959 33055 15351 8282 53773 45319 36847 13081 9117 17842 28650 41700 15532 39341 39246 35698 42829 5252 46941 28533 8190 50085 51159 46909 23185 14991 42558 51943 9228 29490 6060 10723 23811 50908 53172 21613 18890 34833 37386 14217 25080 38093 20464 53394 11175 7854 43002 42286 7171 49344 33999 34422 2716 15096 29743 18311 42648 45145 40596 38143 25656 35989 43742 15215 30053 5846 32533 31315 29857 1064 53739 21621 22880 322 2780 12127 11367 47223 731 53381 52492 22850 7642 5905 28394 51342 47894 20639 15663 51025 11250 10772 36024 46046 45459 27745 4303 13349 47351 21743 43785 46023 46460 50390 34459 30863 35991 29375 46217 45705 10073 21338 10641 9745 48083 25932 42497 31641 52829 47591 40310 54548 28046 15095 45656 50582 40323 5798 51362 24648 33594 14324 40158 13306 14232 7294 54376 8947 37374 9857 35954 15752 54386 35440 14218 34929 22453 37250 32954 8129 61 7777 54735 47812 34010 18383 50001 50669 42685 44071 13363 45048 15619 12587 48665 35385 19883 47888 37434 36965 11629 50391 38295 4573 54619 11182 46674 42607 32262 37744 3764 48502 43361 22699 16495 15905 54228 1599 18348 17864 48972 10400 2827 44633 30919 19833 36183 19855 323 45752 15412 52983 40048 23951 2369 33200 33951 2248 38312 4983 50740 47703 50685 27338 3765 16142 3428 1905 49555 1347 33713 37122 23399 40874 35428 38743 50687 3202 20508 26865 35040 1823 2163 15452 11863 6455 54106 49783 38638 7680 40432 51559 1415 16125 14387 32718 14472 22366 50773 30265 14596 47072 36279 43366 10408 52642 18934 9463 23030 6578 12160 31023 8012 23220 3200 51624 52121 37320 14282 44126 47716 23458 51898 38020 1627 20698 43692 10458 15485 16490 22298 23555 5562 188 38614 17515 21109 36972 54018 20157 31329 1827 31065 38519 35650 39273 35163 3017 23643 49398 45689 11115 29651 1474 48602 48103 18827 14406 26602 16418 42722 30438 14773 45436 36310 15243 8503 26837 30597 29260 50752 38451 13734 45625 4560 22778 45025 42388 45089 42634 27708 8690 53096 38684 52384 53890 20144 10236 18735 49680 4177 39484 22430 31202 28808 21009 316 27347 43305 26143 19924 46458 31627 47849 41310 26620 33635 27705 50152 31923 7026 35710 38747 45381 36399 13177 8369 40546 6896 9878 52187 45789 54452 12266 34129 45951 47728 46535 27853 8826 45017 17199 37663 4287 35178 30204 50638 39833 54200 9484 47928 53839 14112 27759 21535 42633 19474 24274 37204 23179 32370 18827 29959 15104 9348 31283 10026 43033 45583 42554 34332 52338 2396 33251 27274 15033 15875 5547 29696 46322 7787 11245 19680 38813 7778 53058 24256 28393 46618 35172 29076 22869 52314 49598 38426 5948 31432 9549 15429 31614 8839 46918 8019 33427 41202 18306 28606 43860 5212 36127 14609 651 13251 7686 52000 25266 53491 48077 8307 41666 5446 22623 22034 51071 6127 590 45215 50743 4094 53460 49713 30837 30682 2971 18678 48495 48011 46937 27162 10308 43663 45064 22142 30525 41789 9038 10493 50265 35448 21861 50506 3948 33599 45161 23965 33381 20988 36851 38533 52626 30307 27096 37241 54904 42195 986 35378 38836 23014 35873 1684 27233 19610 1757 19341 19658 17714 52013 1666 48332 45042 28128 53088 52494 38502 18773 47242 4429 8148 23217 38555 12911 15349 9672 18443 47927 15673 42507 49818 26017 26460 38739 22490 3960 24721 21201 39893 45934 44773 1466 23847 27301 16837 11803 30203 7179 37747 13597 43971 49235 36753 37161 13725 51783 49298 12065 6961 7788 20092 15409 51245 35240 32738 42228 37321 4404 13031 6173 23476 29251 39215 39625 32179 36713 13573 49125 18139 17549 12253 34657 11368 34687 36037 37361 2866 14418 53798 45014 46931 7603 14775 18582 43546 28222 39250 28347 45413 29217 5442 39543 43903 18791 36861 13293 17097 18476 40488 25943 26508 35905 15255 42928 39656 38494 28142 45788 609 3273 6409 28662 16053 13359 15675 4168 12468 31710 52738 38471 40758 8267 18282 20050 27342 34316 6081 4210 17025 37406 44798 47917 7481 16810 44077 28805 21623 17697 53848 25312 44047 49879 37435 17524 53282 13538 42236 10160 11165 10505 26443 48308 19956 15130 20856 23883 46185 27722 12278 43817 40504 46368 27462 36693 24918 6768 8904 39880 37877 46325 138 20093 24696 12911 35013 11652 30636 35840 25351 18548 30609 45857 10481 18025 6475 2484 48213 6476 25880 25901 4025 30362 9481 32394 50230 32989 29754 44557 33371 30223 52754 41640 7762 20884 41669 890 41691 38460 11604 24641 23 29953 14341 42095 42197 14875 43276 37455 4999 53899 21132 36364 43077 23281 11572 19347 15606 32692 27893 13362 41930 31781 30407 9046 5170 16553 33796 5172 44750 48214 39629 130 37738 52786 44444 22790 45436 40501 34388 4956 5157 38519 4446 53251 49386 26396 1495 13808 34210 50288 54506 4304 23884 32993 44364 41394 13941 26040 48615 27417 41116 38878 48236 28133 51585 52584 52514 12548 9146 15195 53489 2925 6779 43300 21658 27540 47607 7806 35130 51254 25083 35666 14458 19988 16625 32653 36180 42091 35151 35447 8027 41648 43009 45322 40696 32117 28116 45082 18736 53492 34984 41816 52875 32747 28754 53253 34519 29380 7744 41242 18826 25513 20292 10078 43575 39770 39148 46815 54146 31249 44061 12992 9312 24717 15101 37491 20121 11623 45419 32730 38582 12868 11760 40870 6202 6457 1023 6738 46022 25929 37368 17790 8668 51192 13391 203 12571 52132 27675 10552 7676 18575 14522 3325 22861 32884 8779 51373 48865 30489 22009 4636 53380 12644 41224 27535 37395 50963 49755 7263 8940 42622 38977 39325 37684 21797 45535 14941 39630 27361 15963 2670 50426 7606 26062 3269 16338 27709 17153 8734 42438 35004 5782 12531 41492 20998 11646 8229 20220 32941 46834 37933 30795 20834 6649 5655 42078 2725 1614 16824 19138 25764 21112 5555 41945 44564 42987 18367 52135 47191 52164 37832 5868 35592 46080 36283 52451 16697 6055 22666 23107 47671 16962 35704 15290 41399 22828 23349 17322 40267 17158 44238 32428 42452 54548 30690 24002 52590 21986 17677 25987 36312 42244 2267 8641 37766 44612 20256 7088 50775 10075 37421 42076 50089 10143 47907 41062 4769 10571 2720 8279 36150 16919 52242 30681 48814 12357 52787 40128 17303 8213 19932 38043 24672 37328 16000 4342 30218 4076 54627 9991 52657 30345 17209 35377 34526 54158 46708 47202 32244 1321 30218 11581 50265 21485 39105 17380 26117 34265 48987 41181 22805 39409 676 54405 42360 48620 46482 8880 44844 54771 27280 50346 7320 34139 29162 5377 36665 30136 41682 31683 21525 25636 8407 8539 24609 46648 22098 7167 54027 53422 47115 33093 26551 25071 36827 27110 20943 54705 588 42870 8396 18852 6316 52318 19177 2590 2394 42491 45272 21503 3290 52513 3654 40523 12639 33717 53020 20583 2088 2162 37461 19327 1167 2901 13068 34173 13083 19605 50397 47251 39389 39389 44438 41036 34131 23390 22564 24411 31297 21347 38831 25362 16690 36476 21232 48664 29262 28193 34786 29140 24464 19327 968 54313 42640 19185 20371 4426 32201 5812 11267 36593 24819 45179 22209 747 19326 23266 38563 38648 9051 14327 39483 37524 48089 6002 5445 7897 30382 6423 17470 17217 26009 15192 8386 26252 47366 10984 44334 24379 51755 16452 5222 45058 40844 49153 9707 21141 6542 54079 2062 14094 52629 44959 23910 14947 1915 7418 45304 22830 46850 14247 40123 16733 8013 33449 17061 29457 30183 40876 23845 28373 48885 11581 28109 50740 43494 35166 43496 51896 45657 54835 32238 19763 2604 27677 17409 809 21390 4454 10705 3668 20592 8929 40157 30037 30929 44001 708 53733 26715 30090 9216 3626 46906 52982 7967 5089 12738 54979 51930 47326 17477 2936 48398 7080 96 33435 34898 25069 37287 24954 13762 22175 22697 45886 30819 21811 31064 46329 29666 46826 49806 30902 53146 26050 7070 8627 44024 26867 6570 11578 28534 6269 24893 29384 23460 24925 46849 4081 42180 9207 23248 27272 15778 3316 4634 11055 1203 9790 149 5368 31122 9184 35801 49963 13108 30911 35560 25344 40439 27517 23784 18513 19914 22501 28622 51491 50528 19221 27384 33490 36103 41679 4237 19969 47438 28984 19081 22434 1013 19579 30340 20876 36919 25457 48865 48241 47711 561 15813 50255 1587 53255 30081 53639 49890 10027 18952 52091 22153 42472 46188 53217 7863 10235 13161 10487 5076 9867 46735 46545 31729 20858 34004 20575 52043 7618 33 23586 9496 46869 42814 30346 47372 8456 9011 22199 12492 41357 52581 34103 17428 36576 6518 36430 41222 20693 14730 53645 28369 18240 34897 51742 38452 37451 43190 4428 23756 33850 34691 3708 18877 15407 42934 5007 50806 54963 2038 38420 49296 16031 27491 46971 7565 46797 51763 34029 28255 2920 35238 51378 2697 4648 29010 36022 525 45715 50489 54939 39701 22569 40393 29703 5041 25688 15606 6092 32788 30212 37911 31602 35828 42515 23753 9590 19074 33506 14723 23166 53516 33878 36877 32142 47323 48561 28601 37810 19046 8459 23435 8976 43383 22305 6757 47451 2080 43798 4501 2213 53361 23341 11543 33494 49987 26976 52522 47756 21128 42923 41474 31792 50920 49457 1434 40552 50554 15230 33526 2037 51273 31295 19233 36041 17661 17021 47269 47511 38022 34238 53061 45256 53914 22253 41923 43664 35122 2567 40062 23570 11673 46337 32678 25980 31677 19941 22482 19107 42317 5025 10244 28553 30929 5667 27107 5979 38488 17900 35263 10625 20969 11680 7062 40600 47730 43229 1955 33114 33152 47097 16806 5747 21676 44294 48966 40026 42878 52761 23146 48498 48029 46264 10374 663 53187 19169 179 48753 46868 42602 23439 28089 6646 33969 54076 7697 780 46190 16308 50208 26661 17208 52998 33315 39543 37837 25815 20925 19530 16961 13302 43974 40657 366 4624 16628 22983 18459 18504 17316 37823 8106 53040 7758 28524 4482 54283 10111 53795 40822 2603 5908 38760 39020 34107 52020 50244 52856 50278 360 45714 19577 38939 32598 22708 29233 19883 36430 333 26905 23932 41402 42040 49852 7506 21496 45960 3202 43115 53648 41087 50871 38845 6263 54887 8456 53643 10850 33300 29976 26182 18375 43757 51714 37195 14083 39925 5702 38876 26916 369 4901 27154 14634 34288 52352 4822 48792 7390 51377 40592 12643 25889 14967 24425 16753 45429 1017 5158 49239 3671 5809 27606 29452 5387 16318 38807 12611 49294 24846 12286 13608 40849 47341 32799 11020 30731 1002 18766 10001 54857 256 36179 37568 53772 3061 8687 9669 46142 140 20954 49982 16681 1783 11808 37286 32641 32799 30355 7364 51096 54320 4298 36784 30297 25675 3317 16186 54348 4699 6697 28604 11553 39486 2157 43527 24397 6992 33492 6087 24578 48893 9570 26017 49527 40507 1546 51627 49136 41645 1107 33253 33369 3326 28689 2315 15756 5845 39317 15561 21745 26259 29668 32182 48054 51 48102 25445 27148 9760 37994 12253 48611 42252 44857 24251 51508 41758 30168 24368 27253 11125 40895 7294 17695 30277 21998 24258 3412 7134 9795 28726 54703 2299 22185 47342 17227 22466 32113 15457 36086 30830 3984 40795 53236 16785 3531 52114 39453 40098 24841 36526 12258 18322 53386 52489 9987 21481 31390 5486 43431 20270 26986 5829 6103 22868 12992 37670 41029 44566 53895 37325 29584 13697 9677 31323 562 29971 22615 53077 12401 15598 29981 31042 2547 9119 9247 1180 17654 48297 20602 14723 34384 14865 26119 13721 13364 21156 25319 28523 30252 32629 34069 38966 48213 12667 3991 32677 4317 46004 8081 7441 7141 42463 52234 47062 39164 5257 50293 45605 5948 47107 118 450 34895 6714 32526 51924 1126 38682 887 4392 6222 39299 50024 32392 44165 16378 25943 2626 38845 32558 45238 10069 54508 43051 54787 9446 54047 20743 47598 52550 45098 37140 23298 6 32634 31545 23769 25991 50216 145 38566 49566 25793 40584 52080 39342 5846 1032 30295 1015 22485 2019 52166 37030 39524 45516 52000 43683 12310 4634 4078 22407 45390 53402 19484 20849 9276 4206 52668 47967 29981 43735 44583 19889 40315 46197 54956 11634 42170 34489 35006 52742 9865 13283 25234 48182 10646 2665 38229 51021 9857 29056 17221 55 6191 17761 19767 25397 22629 43 38418 44489 11713 28360 10553 40347 17400 694 7782 49914 21953 52677 5812 12086 18105 17284 21501 20436 32081 4112 45468 41022 53082 7392 27885 23432 5431 23096 31661 32073 47320 24175 39041 48241 34747 21577 24975 29625 22193 11062 3254 42479 47564 18883 51219 21106 38968 19827 32007 25449 9405 9452 50024 11208 11467 54351 36094 32730 51750 37297 42983 30537 19765 7910 30234 28497 31660 35181 25764 3069 35014 51957 26660 45635 20883 35148 32517 50284 47718 51744 5603 46484 25385 53223 23360 10302 3123 25455 50992 15338 25849 14928 39186 20535 12251 8874 28098 13687 14550 48235 49528 12538 11283 7138 21375 16215 44010 37871 5065 22959 41348 14559 1429 5103 36812 6180 5914 5350 38788 810 23634 48661 25972 14965 54112 3105 41953 42027 27984 42298 25882 34157 50588 17322 33753 40142 10074 29062 45317 12143 31415 41150 33467 8372 18451 43673 53414 9459 616 40153 16184 11473 12325 47466 36694 53089 49679 2966 33240 2410 25825 40691 39482 9112 30360 35010 148 48188 25569 12158 45210 15911 44399 12735 29083 7730 19107 31965 33973 21587 4144 44292 42917 40581 44724 21034 38091 25526 17466 35736 38612 11822 12762 47391 10363 12279 54850 16356 38249 27859 4912 6858 36430 14650 52430 37561 30471 33674 43888 46553 48485 18736 45609 18242 30528 34951 27858 51263 27778 41326 4782 37973 23052 32 29213 10411 23838 1051 41157 25692 21988 23970 51627 2744 26211 21273 26061 17163 6009 34728 44755 42847 50281 11932 4486 29911 48065 11197 44874 27710 18568 5567 40255 20675 31654 33775 5756 50788 39809 47791 10820 9949 48723 33974 25490 15540 19631 14800 28019 53789 46245 35991 45437 18425 616 42449 36614 28 30550 44269 35763 49510 31952 47334 20413 48440 9813 25147 19630 14958 21102 30021 40609 34077 48808 48567 23941 16516 26851 34319 30442 38293 10535 25274 20365 10709 38314 32455 41227 45874 4112 42807 30632 33809 27784 5175 16277 32355 11563 43486 5787 35440 21053 19068 30774 1191 11538 15411 16074 924 39325 1649 32249 26591 34480 1954 40172 30539 2101 8419 49906 45942 34962 12768 20649 22559 15079 3547 27675 12205 28214 8391 52855 35885 9874 19088 40768 54827 31997 45471 47004 43318 19121 14255 21661 53321 32232 21484 21813 36365 18931 7378 30858 45821 28086 4709 26707 11129 40437 15771 33997 41904 49151 4523 8230 32439 49236 48619 52401 5692 11738 14452 15457 13232 38939 10861 30567 20549 54520 35222 53278 23002 22546 41936 2147 35827 25191 32362 22258 33524 3465 50312 27761 18752 42648 6610 35918 26530 17748 22414 1280 32507 31580 48879 15181 40084 4914 44866 24135 42018 23528 7121 54993 4380 8147 1455 44925 31616 36181 4747 29290 10368 12147 36825 1846 25846 45823 52779 50344 44319 31329 50901 680 2689 23014 41627 45737 9181 21809 42799 50001 39136 28777 6042 44791 8732 47814 51596 6979 53464 39101 44584 42497 31917 7950 41125 7232 54643 22657 35487 20835 50063 28742 29138 52932 15189 24172 24276 20478 25610 32353 7796 10882 40492 44415 24116 53596 17309 35649 16191 47518 21944 38660 48279 23249 47933 23068 16815 12419 17003 2011 46050 25108 24848 7508 27629 49982 30182 7512 34335 48674 38478 24676 7912 46654 50974 16836 23864 36059 44530 51869 17408 4577 11331 11060 34584 46819 13695 16675 26291 1257 3203 27758 38852 2024 4433 14790 25386 54901 13029 11549 19954 31888 39612 11088 25036 2629 12158 12295 52983 22498 46123 28418 26969 5697 8987 10088 3136 10350 47547 33201 5983 46678 46801 21219 37717 28821 40502 1630 10209 9990 32540 52498 22120 38867 51927 35160 52873 22122 33711 39436 28363 33326 26702 14164 38713 35748 11393 40597 49266 7523 24331 159 28405 18792 20221 38698 40576 30583 2965 64 47118 25186 47744 24880 29578 45781 31668 54264 38934 47016 9985 28110 25487 16234 50513 10550 54651 11354 31195 27199 53771 35292 22151 12298 2079 32524 25334 48208 167 46746 38910 518 10706 17645 47178 20625 15133 2381 20475 5075 41849 28134 1980 39694 35204 16297 644 32915 14163 31999 18518 27680 41971 8374 31356 12190 45742 54167 32864 33809 33918 19475 24313 36180 49683 11385 32729 1436 31063 23748 9850 1920 19261 42956 45956 27493 30888 19123 21153 6129 22880 5515 22251 2386 12154 3334 12718 35073 8296 40300 20385 43832 37286 29587 14246 3421 24895 27552 32813 54286 48975 22004 48406 26106 34432 12515 9404 5448 38743 20877 14612 3288 19320 28892 11272 11833 29991 20785 21388 23117 43150 39508 40062 34442 12814 44269 25582 30146 47213 20970 51063 46332 27381 14871 47959 39310 6856 23730 31287 49710 3441 34257 53009 16728 37196 43105 19139 5861 11033 23418 40189 15351 53329 12929 25882 53952 40189 42517 8012 32363 7625 54567 25129 12724 1133 39728 17753 37762 54085 34215 15751 17393 41492 2877 49181 920 32669 38755 39821 20385 54348 47859 42346 50045 44244 52618 27128 36510 38659 16292 53506 20556 4021 49797 33930 42279 19768 41975 272 7667 45226 26120 30678 17223 943 11748 42092 35214 33706 23392 15090 8269 11033 20048 13647 13244 26725 16142 30905 41434 24814 30575 35446 20814 1852 35085 45274 32995 6067 14623 49753 16743 25723 32873 29317 15538 27444 47667 16002 41775 29579 30035 38181 19436 24971 38583 19537 54124 46400 12134 6302 28843 54596 17196 29037 30108 8253 41345 45476 37598 49380 39341 14515 44279 15249 35266 12836 25204 6476 23412 9620 37057 23929 24738 27598 39217 16360 22154 17999 54045 17516 38059 43107 15948 2276 22326 3533 26672 21128 48420 19862 50740 50534 46421 44436 25964 37356 7866 20541 109 50124 53031 53406 44440 5660 4400 14554 46489 41515 895 46994 8717 31326 27816 35121 29100 26744 54675 33998 19738 21127 33789 11337 4859 19975 39455 42815 10390 37205 34801 15988 5447 32803 50939 34213 12179 20787 45973 48365 18030 39449 2203 4597 30485 21592 2003 34439 26215 47361 17866 52027 34165 14244 654 18284 39462 19054 6363 22639 3238 9492 1681 51266 45093 11161 43027 33207 35342 19967 13306 31042 4527 1557 8058 43269 50168 53786 20029 21451 12248 8723 27481 48387 2244 35080 19000 5113 32753 29189 41475 16478 51223 22277 12063 30383 24590 32703 28489 23922 49403 29446 53764 36572 42805 10677 13052 34327 10753 54012 27211 33443 597 32447 27674 40311 33184 7668 4949 54353 48468 1458 17415 35947 50398 30899 46256 12649 46029 20589 27731 24179 14720 44260 2293 33679 14718 52991 46566 16237 51332 23564 20136 13170 21380 49698 28194 25480 42011 17171 14475 49976 40682 31297 11632 36324 37302 15865 15876 35843 32265 25489 27835 4889 39818 46984 48605 49836 3355 18339 23571 7637 34678 35003 1754 36279 8154 12394 44709 24597 16463 7505 41789 513 6496 13057 48886 46329 7282 50252 15475 468 31525 30686 48640 32642 16169 5192 8154 51668 35740 15723 47448 46442 6940 4070 5510 1908 18893 6552 32058 32453 19053 49745 6976 54277 40330 35979 37167 45682 38448 20459 42768 30885 46673 1237 1796 8903 22347 47451 31883 34379 40369 50210 20391 15476 23806 42959 17765 47342 11447 2122 27246 45293 3057 24980 22097 30904 7619 53808 35544 16060 36557 30562 35987 17318 32718 33213 9724 41918 36432 53789 12794 35481 35481 1963 21402 36426 15690 7821 8154 2267 40342 48375 24674 16382 22317 35333 35146 28205 27334 10457 4860 4480 29896 3978 25231 46304 46536 37466 52784 11421 41428 42658 9880 35040 25679 11088 52303 52487 30497 53548 7860 23456 48928 42589 12395 15070 46062 2333 32949 29940 48264 25412 40372 17503 27673 15828 31111 51876 34714 37541 34383 48819 45153 26689 44716 34512 43871 5281 54673 13289 6214 7208 25701 40632 39466 5800 19867 51065 46018 16421 17474 48844 19082 49583 30226 49616 54089 44117 41457 32902 8366 50796 41560 2291 36675 49418 15165 10114 36392 31308 25077 23473 52283 14698 46465 46283 36329 31805 12310 8124 35885 27611 27970 27251 30772 9577 30332 26721 34612 35335 51902 9741 45534 4828 38282 37345 47886 32004 52783 9216 24498 28500 23763 41863 14228 42533 25337 25625 37613 38970 8128 5239 41655 44769 11709 24676 19745 22589 51703 34082 38610 12855 8933 48045 4481 3352 49620 3343 54665 34192 40941 11724 7395 6208 23925 6893 3014 26439 28417 14399 44704 6804 25101 49260 4521 11998 54278 38585 24615 15525 6329 18557 11860 26675 47404 1771 9710 29195 29568 13456 13072 22442 9967 42828 46220 14561 37860 9612 1390 27857 18398 12878 5832 51168 53902 29706 27872 26356 11363 8574 45518 35862 16635 18257 21488 38278 21751 9871 20618 51098 13726 31815 32263 1091 11940 15391 54118 5924 52637 45361 9492 27732 23932 18572 3312 18217 13274 24717 27284 16425 22338 3648 44558 31440 45895 53687 2184 6632 22424 45700 27271 7279 51691 47175 13764 6560 50542 51808 8639 50273 18898 6523 30891 34699 18054 7814 53921 51142 5851 16529 37889 25122 40126 24016 22186 4511 20335 7232 45155 41090 31837 40757 29572 8611 49756 26577 18314 17489 5551 51553 7954 14532 49850 36918 49258 51248 32685 7078 15835 34268 25284 10288 20228 13058 23563 11164 48919 43257 30227 36288 8786 16651 41424 13961 39971 17489 28235 20867 4862 52017 25129 24781 32446 6405 25783 17845 4070 39972 650 12252 1343 51257 46621 14922 41462 50733 6282 43046 39656 21709 35242 17836 46892 43468 32779 52784 24362 47650 48372 11505 44518 19422 42088 51716 51969 34198 20364 38204 37859 41497 814 19212 44444 8779 18151 25824 36933 51845 27901 3863 18809 31565 35251 47689 3682 37330 7580 5275 7980 52645 38419 17354 3540 26096 2489 40570 34732 9636 52547 38244 29614 17940 42102 54088 25289 54797 19030 27130 20241 26333 16129 24669 7064 16868 50360 1205 27446 49729 26665 28133 3207 13100 13155 44080 27952 28152 8717 5552 34773 16509 18414 4105 24004 38471 14428 19040 30859 12133 45285 38431 26445 1732 3859 20044 29079 31521 4623 29739 27538 43300 4768 42966 25013 29583 4602 5678 7992 53413 30960 4232 9586 38901 13278 3334 9033 18709 25864 27302 37170 54429 53010 3173 41076 18794 29000 17963 19144 6245 3926 51791 29736 21230 27798 6672 44831 29722 37938 21776 27623 6297 44084 37640 22660 10598 14927 9991 38052 4247 48355 35388 32613 35470 28379 30959 38539 45097 43387 51597 33065 10151 13533 47750 25649 31588 10489 17164 50885 14341 11079 29262 24246 24794 26552 43867 52822 46443 15707 24024 39460 40179 54262 11891 50135 53177 44410 1935 25758 20619 45847 24154 10932 40317 21951 53873 22727 33950 3667 237 17862 51580 9536 54801 30702 45849 35726 21843 814 11790 9311 33062 19246 39802 41712 13498 19596 37026 6463 16808 54666 17009 14424 54943 47779 32143 6888 47899 37974 51822 12714 37137 37606 20735 15879 25360 28538 37119 16730 39120 38132 27214 23827 6947 8518 26130 13027 17029 42874 6626 1553 15992 33987 49875 22528 14151 5210 33697 26330 27522 48274 26813 52985 19339 38466 13087 43511 26451 4955 10016 29734 41393 23620 44177 35251 6619 31802 46697 11977 12544 36805 53909 52965 30737 32185 37291 25276 32649 17755 9064 45297 48772 9379 23285 23120 6852 35644 29374 18220 42045 54057 36804 28002 17328 44283 2232 17067 40600 28727 30341 3548 2652 50048 22861 28235 49259 47188 37509 1318 48347 30185 53788 29512 50567 10047 8474 14342 46428 31255 2623 21010 37789 12590 39300 2306 54299 45363 23127 41559 7348 14713 41872 717 31427 52831 28571 2108 33400 32733 9367 15175 46406 52103 37729 43772 39521 50222 42785 5588 18861 54930 2240 3785 51429 18551 32395 24031 49789 19037 36249 2332 15836 24037 23323 52325 14554 754 6398 47014 26142 40801 19602 20175 24237 13327 9783 26262 31804 11727 23537 54511 24398 4530 50095 37465 42337 47646 53562 22254 10327 492 49902 822 21227 16850 29514 5898 11577 5096 49658 45717 43069 2537 14617 6092 53429 30690 39219 37051 34031 11040 37099 23125 54715 51583 36122 40549 13034 1443 3437 19430 254 2041 7032 54969 7540 21754 52045 47298 4739 28643 54104 2148 17333 37412 11303 7805 13020 51330 26721 50652 38383 50963 29790 39425 31064 41278 21320 22379 44097 29783 12372 36081 38645 20531 35555 46671 35884 30099 21938 37972 39380 13974 35989 44970 11788 34598 29407 22298 36738 14673 6336 6370 2536 1092 41462 2498 14554 7445 10825 14205 5324 47228 48900 27971 43895 27814 34878 36030 36604 41243 33944 24531 50238 12547 30612 3648 24630 39028 22635 19251 31036 19628 53356 10999 7019 34324 12188 48458 33313 17451 23307 17279 12861 6986 12855 50230 11720 21035 748 30317 52548 14981 13261 49540 49663 41064 33964 16757 7672 32263 51423 10680 3720 53937 53357 34859 25875 27366 15943 45349 31985 34939 4178 13790 28327 49338 17323 35764 18633 9290 2407 27627 54155 14554 7289 33447 31410 11011 17211 3059 16590 17362 49005 39803 30226 54853 6229 51753 29307 21911 2536 33524 38575 13583 3293 21606 53441 39882 36492 45004 30274 1111 51725 45979 45949 9203 31785 
