// periodic
// number of jobs
1
// pi
90
// Cycle
100
// aperiodic
// number of jobs
9000
// pi
18 9 4 4 14 8 18 19 4 12 19 18 6 16 15 6 18 3 6 10 6 11 13 17 1 13 4 1 13 7 19 7 7 11 10 15 15 7 14 10 6 13 19 19 11 10 8 11 18 15 6 6 15 19 1 6 2 14 16 1 14 8 7 3 17 15 7 14 1 5 11 14 14 11 4 2 15 8 18 8 3 11 4 14 18 18 4 18 13 1 7 12 12 2 3 5 16 9 10 13 19 14 1 9 5 16 14 6 9 12 15 17 7 2 19 11 9 10 15 1 1 12 10 3 3 8 9 16 19 15 1 1 9 14 8 17 9 16 15 4 17 4 2 11 5 2 11 15 19 5 4 17 12 8 3 2 5 2 9 8 11 8 7 18 15 19 10 6 9 17 1 4 12 13 17 1 6 5 15 17 2 16 19 4 3 13 18 1 8 16 19 7 15 1 13 7 6 1 4 9 17 14 15 18 6 8 18 17 13 2 8 5 8 18 2 8 12 16 7 2 14 4 8 7 9 16 19 3 9 12 1 1 7 13 11 3 5 12 13 9 19 13 1 8 12 14 14 5 2 4 17 8 19 17 15 13 2 17 13 16 17 2 19 14 10 11 7 2 3 3 17 10 3 2 4 17 9 9 9 16 16 13 13 13 9 5 6 9 15 18 2 14 17 11 12 16 3 6 17 5 1 2 2 18 7 13 13 6 15 5 2 3 6 15 15 19 11 19 14 8 14 13 17 17 10 1 4 9 12 5 14 8 14 13 9 15 15 9 4 8 2 8 19 2 8 19 6 18 17 8 8 2 18 6 13 4 18 11 16 16 3 4 7 13 14 4 6 18 17 19 10 18 18 15 18 17 13 16 14 1 14 19 8 18 6 16 10 17 4 16 4 7 12 6 12 1 1 8 13 13 13 18 17 4 19 10 3 18 16 2 16 17 12 5 1 11 3 4 9 14 3 11 16 1 2 2 7 12 14 6 8 17 7 2 8 8 19 4 13 14 4 3 7 7 18 2 19 13 15 12 17 18 15 13 16 14 11 16 10 15 11 14 9 6 17 5 4 6 18 15 11 7 1 8 5 9 12 13 12 2 1 17 11 6 14 11 5 19 6 8 14 11 12 10 15 15 9 10 10 15 15 7 15 12 15 1 8 13 10 12 2 17 18 16 3 7 16 3 15 15 16 12 2 5 13 15 13 11 5 2 17 9 7 1 1 6 15 19 19 1 6 19 2 18 16 8 16 4 10 4 12 10 16 15 3 1 7 4 5 12 5 3 7 10 13 17 12 16 9 13 14 17 14 13 16 9 15 11 11 6 10 6 8 4 18 18 3 16 13 15 4 3 8 13 17 16 5 3 10 6 8 12 5 6 19 8 19 17 2 16 11 5 12 4 6 16 13 11 14 2 3 2 6 3 5 4 7 16 8 4 3 19 17 3 14 19 11 13 11 6 18 8 14 17 9 12 3 9 2 19 7 15 4 16 2 13 12 9 1 17 2 18 1 13 19 18 14 7 1 13 13 3 18 11 7 19 9 1 9 16 4 4 3 2 9 17 4 14 17 6 18 10 11 5 5 16 2 17 9 9 2 2 3 13 10 10 18 16 6 10 13 6 8 13 14 3 13 19 3 2 5 1 19 16 15 12 8 14 19 17 6 18 6 3 14 5 12 6 3 15 10 18 3 5 5 3 8 15 14 19 11 2 6 12 15 2 19 14 14 16 17 18 9 3 4 14 19 11 9 10 4 1 3 8 11 5 4 9 16 13 3 5 11 17 2 16 9 19 15 7 14 8 19 10 3 9 11 16 11 7 8 10 8 1 14 2 17 2 3 3 14 5 11 2 10 4 11 12 6 5 15 19 5 3 13 9 18 16 12 4 11 5 7 1 9 1 12 6 10 10 2 18 9 15 14 9 14 10 13 16 6 17 2 7 2 2 15 7 18 9 13 14 7 17 19 7 8 5 10 10 10 15 5 18 11 1 9 13 12 7 9 7 18 9 12 14 11 9 13 13 18 19 14 3 6 11 1 8 4 12 14 13 15 1 13 18 15 13 5 12 12 18 1 14 15 19 19 2 9 5 3 4 7 12 8 10 17 16 7 13 8 4 11 13 16 7 10 2 9 6 7 11 17 5 5 10 19 14 10 13 2 18 13 15 2 11 4 16 19 14 18 12 15 4 10 7 18 16 11 17 3 12 8 11 1 16 18 18 7 15 5 3 15 13 13 7 11 15 15 1 16 6 8 15 12 17 3 13 2 1 7 19 10 16 7 13 18 4 16 19 4 13 17 9 17 13 3 11 10 19 1 11 12 3 19 2 12 16 3 13 10 3 15 1 4 13 13 5 19 16 3 7 18 3 17 4 15 13 15 19 6 3 5 19 19 10 6 16 3 4 4 15 11 16 2 12 15 5 5 1 18 16 19 17 11 9 3 1 13 7 9 10 2 14 4 11 2 2 16 3 15 5 16 4 7 14 13 8 16 4 9 5 3 16 6 16 19 7 5 2 9 4 9 2 17 1 3 10 19 16 17 14 15 14 12 3 7 15 7 2 13 9 13 13 18 11 8 4 2 16 2 5 5 14 12 2 19 5 10 7 7 15 8 16 7 14 17 7 13 1 17 15 2 9 8 9 15 16 13 12 4 7 17 3 3 18 14 8 13 3 14 15 13 16 19 9 13 16 1 12 12 3 8 5 4 14 10 12 13 12 9 6 3 17 7 9 3 10 11 15 9 17 18 16 15 3 19 1 12 5 18 11 11 11 3 13 13 9 19 12 11 17 2 8 19 14 5 17 12 6 10 6 13 3 19 9 18 16 8 6 9 13 6 16 14 2 17 4 10 4 11 19 13 8 7 4 8 13 6 16 19 9 9 12 16 1 13 16 3 1 8 7 6 17 17 2 12 3 10 2 16 13 14 19 13 16 4 15 5 1 2 4 3 1 11 4 5 4 17 12 3 11 13 5 8 19 13 12 11 12 4 15 15 19 19 1 12 10 8 11 15 10 4 17 4 16 2 11 11 7 4 9 8 2 2 5 17 13 1 15 15 14 6 11 1 6 5 17 10 6 12 3 5 1 13 6 8 18 12 12 15 10 12 8 2 3 18 13 7 7 8 14 11 3 16 3 19 4 10 12 19 8 19 1 7 9 9 2 10 3 4 10 9 3 14 4 3 7 2 16 5 10 13 15 14 1 12 4 12 16 4 19 2 9 1 3 10 10 13 19 10 6 4 7 4 1 5 1 5 16 9 6 3 13 4 9 10 18 19 7 1 18 2 16 18 18 12 10 15 6 9 14 19 11 9 3 10 14 5 3 13 13 17 16 10 1 3 8 8 13 8 10 11 3 5 14 12 17 1 6 3 16 18 3 17 4 1 15 11 10 3 2 16 18 6 2 19 4 12 12 17 11 19 16 11 2 1 6 10 14 15 18 9 14 5 5 7 13 1 14 15 1 10 14 9 19 11 11 1 14 9 10 2 3 16 11 13 17 12 11 4 1 13 15 15 11 12 12 5 7 7 13 5 16 19 6 3 6 12 8 15 11 6 15 18 2 17 11 19 11 7 3 14 8 10 13 1 16 9 2 19 8 10 13 5 11 7 2 10 10 10 3 13 7 9 5 6 13 16 17 14 9 12 17 15 16 14 17 15 4 14 17 5 10 18 17 9 5 15 9 4 13 4 3 13 4 8 13 19 9 9 16 7 7 9 8 3 3 18 18 7 19 12 9 12 15 6 6 5 2 4 18 2 12 8 10 3 13 15 15 1 17 14 13 15 15 19 17 12 19 18 16 16 5 10 3 14 9 1 12 3 3 7 11 2 14 12 1 12 18 2 6 10 12 12 13 18 11 16 3 2 10 11 11 3 16 1 15 12 8 2 2 18 12 11 16 14 13 2 3 6 9 3 13 8 13 7 10 1 17 11 5 6 17 3 17 14 6 14 8 11 14 9 17 2 3 5 2 8 12 2 13 15 17 16 4 8 10 11 17 5 6 17 7 13 13 1 16 15 13 10 6 18 5 11 16 10 6 9 6 13 7 9 7 15 11 3 14 6 8 10 15 10 14 2 13 11 8 10 4 3 5 1 4 11 3 9 15 10 2 2 19 12 9 14 4 5 11 3 5 5 18 6 10 11 9 6 12 2 6 10 4 4 4 4 15 5 3 1 19 8 6 1 18 14 1 6 3 17 11 6 16 18 12 18 9 16 5 15 6 17 6 17 18 3 18 19 18 11 4 8 11 4 9 6 15 7 5 12 3 2 15 5 16 2 16 1 4 17 13 1 6 4 7 19 15 6 11 10 3 1 19 15 3 12 14 13 18 2 15 3 7 18 17 13 14 6 13 11 10 9 10 8 5 17 9 5 11 9 10 17 14 14 12 1 19 9 3 13 8 11 9 1 5 3 17 3 1 16 14 19 18 13 13 12 12 19 17 1 14 7 9 4 18 7 9 7 1 8 16 2 9 10 9 3 12 16 9 19 8 5 19 4 5 8 18 3 10 8 10 2 12 15 6 12 12 8 18 19 17 10 16 17 4 3 13 12 14 9 1 6 17 7 8 19 6 13 12 5 19 14 4 2 1 14 16 12 9 6 13 12 8 5 16 16 5 4 9 10 9 2 1 2 7 18 1 6 5 17 18 6 16 3 12 16 10 15 10 12 9 2 8 4 17 16 14 14 1 15 19 16 5 4 4 13 3 7 13 9 13 4 2 2 7 1 8 12 8 4 5 9 17 12 1 2 17 5 3 4 18 10 13 17 17 2 10 16 4 13 11 6 17 10 19 17 5 2 13 3 13 4 8 9 18 12 5 5 10 17 7 11 18 2 10 5 15 9 4 15 5 9 7 13 13 12 14 3 6 15 10 4 18 12 1 4 19 1 18 11 3 5 10 5 19 12 18 8 11 16 10 17 2 2 7 19 7 4 3 3 14 4 17 2 6 18 14 13 16 12 12 11 18 9 19 10 6 11 3 14 14 7 6 12 11 18 16 8 17 17 1 13 14 8 12 16 5 11 18 19 3 3 4 11 18 14 10 14 16 14 7 6 18 2 6 12 10 9 6 10 11 2 18 8 9 5 14 5 12 12 1 6 9 2 16 16 17 9 19 7 5 2 3 3 14 15 13 10 8 19 13 8 14 19 1 13 4 6 3 4 1 15 2 1 10 2 14 17 6 4 8 16 15 12 7 12 13 10 12 9 9 2 3 4 12 14 14 4 4 5 16 17 15 9 13 14 2 5 19 2 19 1 16 4 17 3 17 13 1 8 16 19 14 10 16 10 9 4 1 3 12 3 2 4 17 15 4 16 1 18 7 11 15 13 14 2 13 4 16 9 5 2 11 3 11 11 16 15 17 11 7 2 4 5 6 16 16 16 6 10 9 18 14 17 19 6 6 8 13 2 18 16 5 17 17 17 12 6 13 11 19 13 14 11 11 9 3 17 7 4 9 18 11 11 6 12 7 10 10 1 2 8 15 17 9 18 1 2 8 5 9 1 13 5 4 13 10 10 8 8 17 16 3 5 10 8 11 19 15 12 7 19 7 18 12 1 3 13 16 12 13 18 12 12 1 16 13 15 13 7 13 12 18 11 6 19 2 10 18 14 12 7 16 12 3 7 7 3 16 2 5 11 16 18 15 13 13 17 10 11 17 13 11 2 14 4 16 15 18 4 7 18 8 11 16 10 19 1 4 17 5 2 6 9 11 7 14 18 10 4 3 4 12 2 16 5 14 15 18 19 13 18 9 1 14 19 15 13 11 4 18 18 12 11 8 1 12 5 5 3 9 19 1 10 7 10 8 17 16 11 9 18 2 8 2 3 14 13 7 15 14 5 17 13 15 5 19 4 19 14 3 7 16 10 9 12 11 19 18 9 1 1 13 8 10 6 15 7 15 1 4 8 2 13 14 1 7 14 3 13 18 5 14 13 13 9 12 8 6 1 11 7 7 2 15 5 2 3 8 14 6 3 13 14 1 2 9 10 8 9 14 14 5 9 1 4 19 5 9 4 5 2 7 13 17 14 14 10 3 18 5 6 13 2 10 19 11 11 9 9 9 5 1 9 7 1 18 13 10 7 12 13 1 1 16 7 8 18 3 5 5 8 3 11 14 9 16 2 15 7 14 16 16 18 10 11 10 7 7 7 15 12 13 8 12 19 1 7 11 2 19 10 10 15 11 1 12 18 17 12 10 10 11 15 16 14 5 1 15 18 18 16 18 10 19 11 5 5 11 5 8 10 4 19 19 16 18 5 16 5 6 15 13 13 14 6 8 16 17 6 3 11 12 6 18 11 7 11 5 12 19 18 9 13 18 11 6 19 17 15 4 1 3 9 12 1 3 19 2 10 13 19 11 12 18 18 8 3 13 1 5 6 13 8 19 6 6 14 7 16 10 10 13 17 7 8 12 7 8 17 19 14 17 15 6 4 12 16 12 13 7 12 2 16 14 19 12 18 17 13 18 8 3 13 2 8 10 4 6 8 10 15 1 2 2 3 17 19 15 16 3 17 4 9 12 12 17 9 19 18 8 7 16 19 17 1 13 15 7 6 2 9 11 5 15 7 14 16 16 14 9 19 7 3 12 19 15 13 8 18 14 9 2 8 9 5 16 17 18 4 13 1 15 6 3 1 11 10 2 13 17 19 3 17 2 9 14 9 15 3 10 8 5 8 2 4 13 18 1 5 18 4 9 11 2 15 14 2 11 8 19 19 10 18 2 18 6 8 5 1 7 11 4 8 9 3 2 6 6 18 3 18 16 17 9 3 10 16 10 19 6 4 17 17 2 8 14 12 19 6 16 8 13 19 7 7 6 4 16 9 9 7 9 10 12 12 2 15 8 6 17 5 11 15 15 5 8 19 16 6 13 5 7 15 3 9 13 11 10 13 4 10 6 7 11 15 14 11 2 5 8 10 16 5 14 13 10 19 2 17 14 5 19 17 14 12 19 11 11 7 11 19 18 1 15 7 18 14 14 3 9 8 18 19 16 3 5 12 3 7 16 19 15 10 7 11 9 4 13 15 8 15 1 13 11 3 16 12 2 13 2 1 16 10 10 19 17 7 17 1 8 8 10 18 1 17 8 2 10 16 1 12 15 5 6 15 6 13 2 6 8 7 10 5 2 1 6 5 3 3 11 8 12 15 17 3 11 12 13 15 18 7 1 18 13 15 10 2 6 11 17 5 14 1 19 6 15 11 18 18 9 13 7 4 6 8 13 16 5 4 12 19 17 3 11 11 6 9 15 1 10 3 1 17 17 12 9 14 6 6 16 10 11 6 14 4 18 5 2 9 13 13 17 10 1 2 6 4 8 15 2 1 4 2 13 19 16 15 1 15 18 2 1 19 4 10 18 17 19 14 5 9 14 15 14 14 15 2 11 10 18 18 8 5 2 12 11 9 5 4 2 16 6 6 5 17 7 17 2 3 9 15 18 9 11 8 2 18 14 7 5 6 1 1 8 19 11 7 2 19 11 11 14 11 6 16 11 9 7 5 9 14 11 16 12 13 10 14 8 12 12 5 10 12 9 16 7 5 18 16 9 16 7 11 6 19 2 15 13 5 10 2 18 15 1 15 15 16 1 11 5 9 11 8 8 14 14 3 14 5 16 4 19 12 17 17 13 19 11 10 1 12 6 11 2 13 19 17 11 5 1 17 6 9 4 9 4 9 9 6 3 3 18 4 12 13 7 9 13 8 16 3 2 19 6 15 14 10 1 14 6 3 10 18 7 19 8 5 1 4 11 9 9 1 15 4 2 18 18 5 3 6 18 13 5 14 16 10 16 11 9 19 5 18 4 19 3 17 19 10 8 9 10 1 17 3 6 8 9 1 5 11 17 5 18 17 9 4 6 18 13 17 16 11 13 16 17 1 14 17 17 19 8 10 10 7 13 15 4 16 9 5 1 2 17 11 7 8 11 3 12 3 11 15 7 5 17 3 15 5 9 16 8 8 9 19 17 16 9 2 1 19 19 16 15 3 9 4 19 15 4 9 1 18 19 3 8 1 17 16 2 17 11 3 5 10 16 14 9 16 18 14 14 6 14 7 5 11 5 11 13 12 11 8 8 2 13 6 11 15 16 2 12 8 5 14 11 15 2 7 3 7 16 18 13 15 17 17 5 11 4 12 3 17 6 9 17 6 13 3 18 6 8 9 4 9 3 5 12 3 18 7 15 3 18 19 9 17 3 12 5 17 16 3 3 19 2 1 11 3 17 12 16 1 17 12 18 17 18 3 11 14 10 16 13 14 13 14 8 16 8 5 3 3 12 10 3 4 12 17 10 13 11 1 5 17 10 9 12 17 19 13 16 1 11 4 14 12 1 8 1 5 6 10 4 17 13 1 6 4 11 11 8 13 7 8 18 11 2 9 5 11 3 16 17 4 13 3 15 10 8 6 19 16 19 9 10 12 13 19 13 18 1 15 9 3 15 9 6 15 17 11 13 10 12 15 15 6 11 6 18 12 1 11 6 16 12 10 5 12 8 7 18 7 15 14 7 17 17 4 11 11 12 1 14 8 7 7 15 6 8 5 2 17 12 1 8 3 16 19 18 13 15 1 16 7 9 10 10 2 18 12 16 1 17 4 10 12 12 4 9 10 2 16 18 14 13 15 18 12 17 13 18 1 9 9 3 9 17 19 11 11 9 5 1 4 17 7 10 14 5 8 16 16 11 7 11 9 7 12 16 15 13 17 7 17 2 4 1 6 7 19 12 12 16 4 4 14 18 12 18 18 10 5 2 6 5 12 6 15 14 19 8 18 13 2 6 17 19 15 2 10 1 18 10 5 7 18 2 17 6 11 18 17 11 7 6 4 2 11 11 16 5 14 1 6 17 10 6 14 12 18 12 19 6 7 15 3 16 7 4 5 18 6 11 9 12 10 9 5 17 15 15 4 1 7 11 18 3 18 10 12 1 18 11 4 11 18 8 3 15 10 1 3 5 2 8 9 14 4 1 1 9 8 2 4 7 11 9 9 8 19 3 16 4 19 14 19 3 17 3 4 11 13 2 3 8 6 1 16 7 19 15 6 9 18 13 9 7 17 4 12 17 15 12 10 1 12 12 19 13 7 7 9 16 15 6 17 1 9 19 3 19 4 16 18 11 5 6 7 8 19 16 16 8 18 2 13 13 5 18 7 1 1 5 2 12 17 11 11 7 19 6 10 8 17 3 14 9 10 10 4 14 10 18 7 5 3 10 7 11 3 10 17 13 8 16 15 17 2 2 18 12 3 7 6 9 2 19 4 5 17 14 9 2 9 18 10 1 8 3 9 6 18 18 9 1 7 17 6 5 15 8 1 7 17 13 13 1 8 9 2 15 16 9 9 13 2 12 14 8 11 17 10 6 16 11 9 8 17 11 1 5 4 15 6 13 11 2 1 6 12 9 16 17 12 5 13 16 5 16 8 18 19 15 6 10 8 12 10 12 1 9 4 8 2 1 8 16 3 6 4 17 6 11 10 11 4 16 18 15 15 13 2 13 1 2 14 16 4 6 2 7 15 3 9 13 17 18 11 18 10 5 2 8 17 18 3 17 9 4 6 12 11 9 12 4 15 17 8 7 2 2 2 13 2 4 10 3 8 19 13 13 2 12 11 8 6 17 19 19 8 18 19 2 1 11 5 12 3 2 1 4 4 18 3 1 6 18 17 2 8 1 9 11 7 19 11 7 2 6 5 19 9 1 17 14 11 17 1 18 19 8 19 2 15 17 12 10 10 15 16 19 11 9 10 19 7 8 12 10 18 12 18 9 2 19 2 2 5 12 3 10 5 17 4 7 9 1 10 10 3 1 6 7 3 8 1 16 5 14 8 10 3 8 4 10 10 2 11 7 17 2 6 7 9 4 15 1 6 16 6 9 14 16 19 18 14 8 6 12 5 14 3 15 11 4 17 10 10 18 16 5 5 10 17 13 1 11 10 18 5 3 10 18 2 4 14 7 18 15 15 9 19 18 1 6 2 6 2 8 1 11 16 6 15 15 15 1 10 12 8 18 2 17 9 16 8 12 15 12 8 11 10 2 13 4 19 11 14 2 15 7 6 8 19 9 12 6 11 18 9 7 6 18 2 8 2 4 7 11 13 2 13 1 1 10 15 8 13 7 18 6 10 4 13 10 11 16 19 4 18 7 19 13 14 18 8 9 2 17 11 6 15 4 3 6 10 14 4 13 8 16 19 3 8 8 4 9 11 5 2 9 13 11 7 19 12 2 13 18 9 9 5 19 10 5 16 12 12 2 4 4 12 19 15 4 10 4 3 6 18 19 18 7 7 10 11 11 2 13 2 12 9 7 12 17 4 11 13 7 19 10 1 12 1 13 2 10 8 10 11 6 16 7 17 3 12 16 15 13 7 9 18 19 5 13 13 1 3 5 7 1 16 14 5 2 9 11 18 14 13 5 7 7 17 4 15 8 17 16 17 11 9 16 4 9 17 14 11 19 12 8 4 10 16 10 14 5 3 16 16 13 14 5 9 1 8 1 10 19 11 9 3 12 13 12 17 8 15 3 7 14 7 9 17 7 7 4 19 7 10 16 6 12 3 19 9 14 12 4 16 2 9 18 6 9 9 14 16 14 1 13 8 2 7 19 16 2 16 19 9 8 1 10 1 12 11 19 19 2 18 15 11 18 13 16 3 15 18 15 7 3 17 7 4 1 9 15 13 2 11 1 5 12 8 13 16 11 2 5 4 13 16 17 15 17 5 6 18 9 12 16 18 17 13 17 18 6 2 15 6 17 1 13 10 4 10 17 12 2 3 4 8 14 14 11 4 15 12 15 17 4 16 3 11 18 16 8 10 12 5 13 16 15 1 13 14 13 5 4 8 7 13 7 17 7 5 14 8 16 4 16 4 18 8 11 17 4 3 17 19 2 6 3 17 19 3 15 2 8 10 10 2 14 17 4 11 12 2 15 14 11 11 3 3 15 3 3 1 15 12 5 14 7 12 14 7 2 15 3 15 7 6 11 5 14 2 16 11 6 12 12 5 19 16 7 9 18 4 7 3 1 16 5 5 19 2 16 12 8 2 1 4 10 18 12 13 3 3 14 17 9 5 16 18 8 18 16 8 6 17 7 5 9 5 15 16 14 5 5 7 11 1 18 4 7 16 19 14 4 3 17 11 6 17 18 7 7 11 16 5 8 18 9 6 16 2 11 12 4 3 15 14 1 1 10 14 10 11 11 10 2 19 8 8 4 6 15 18 3 15 15 17 19 15 19 2 1 5 4 14 7 5 19 16 4 5 17 11 1 2 10 3 9 16 19 5 16 3 11 13 10 18 17 16 2 7 16 4 3 16 17 7 14 19 9 12 16 9 17 10 11 6 9 9 1 16 14 7 7 19 17 2 3 1 7 12 13 7 18 10 3 18 4 11 14 15 1 1 8 2 3 5 15 3 13 4 3 7 12 10 2 19 1 17 1 18 10 12 7 8 19 1 5 7 5 17 9 12 15 13 17 16 2 7 1 9 4 9 9 3 9 10 15 16 6 5 8 12 16 2 11 9 14 14 9 3 18 10 12 16 11 15 4 10 17 4 19 9 19 2 2 10 18 17 3 11 10 10 1 17 3 9 18 5 17 2 16 3 14 2 13 14 2 13 11 7 17 10 3 6 1 7 16 6 17 2 17 7 16 3 14 2 9 8 15 7 14 19 14 14 4 2 9 10 15 12 9 1 12 7 1 16 7 7 9 1 11 14 1 2 19 12 7 11 13 6 18 9 8 15 8 16 16 8 5 19 17 15 1 9 18 3 4 9 15 9 17 10 2 16 8 2 8 15 8 13 3 16 16 4 4 10 19 10 8 5 7 14 9 13 12 5 13 10 15 17 13 5 1 14 3 6 5 19 6 8 7 5 17 13 18 13 11 4 14 19 5 13 4 11 9 7 5 10 16 11 12 15 11 3 6 8 10 2 12 16 18 12 5 9 5 1 16 12 17 15 10 13 10 16 6 19 5 3 4 19 16 1 18 7 8 5 17 17 11 8 13 13 18 8 6 7 2 7 13 17 10 7 18 6 7 14 7 17 17 1 12 17 14 3 12 11 17 14 9 4 6 19 15 6 12 13 14 3 5 12 15 9 4 15 13 9 1 11 14 7 14 6 12 19 14 5 11 8 19 15 19 2 6 7 8 7 19 11 8 10 3 2 1 2 15 18 19 3 3 16 7 7 6 19 19 4 6 16 9 10 1 7 12 1 14 11 14 11 10 14 12 15 19 2 17 17 10 13 7 5 18 4 15 2 13 19 9 4 12 12 10 13 16 19 15 17 14 2 14 2 10 3 17 4 5 9 12 15 18 18 1 19 5 17 4 10 15 14 2 16 17 13 5 15 13 3 1 13 15 14 6 16 6 9 2 9 10 8 9 1 4 6 11 13 19 16 16 19 12 14 6 12 17 1 15 7 2 7 14 13 19 11 8 18 3 4 10 13 12 4 5 14 18 11 12 10 12 8 19 6 15 5 13 9 8 11 18 10 17 8 11 17 9 8 12 12 5 5 1 10 9 6 16 8 18 15 12 2 18 1 18 12 5 19 12 3 1 17 5 1 15 7 7 16 18 2 12 8 9 16 7 8 10 14 11 13 4 4 12 2 19 7 12 1 11 5 12 19 6 5 19 8 3 17 1 7 15 19 12 11 5 3 6 10 1 11 15 18 5 17 5 10 2 2 5 19 3 10 3 7 5 8 18 7 19 11 18 9 15 2 18 9 7 6 1 13 7 17 19 12 9 5 10 17 1 18 12 10 12 15 15 3 2 17 13 19 3 14 11 17 16 17 8 1 2 16 11 10 7 15 8 13 12 8 11 9 19 14 8 5 5 3 1 13 12 6 4 7 14 7 18 19 18 4 14 2 2 14 15 1 5 1 6 15 16 11 11 16 14 2 18 2 9 14 14 5 16 5 17 19 2 19 3 1 4 16 9 3 18 14 13 7 17 5 14 8 5 11 1 5 1 11 18 18 11 2 8 15 3 12 6 3 7 10 18 7 14 9 1 14 6 5 19 15 3 12 15 12 6 19 18 1 8 2 9 15 5 19 15 10 11 12 18 9 1 9 9 14 17 11 10 16 5 11 1 7 12 1 4 15 2 12 11 8 17 2 1 10 12 12 13 4 6 17 17 16 9 8 9 1 1 1 5 14 8 7 2 2 8 7 15 6 4 6 13 10 7 12 17 10 10 2 16 1 3 2 6 18 7 19 9 17 19 11 10 16 17 14 13 13 14 1 14 18 9 6 3 17 15 11 8 17 5 3 1 8 4 18 8 7 4 12 6 18 6 5 6 16 7 10 6 7 2 14 18 4 6 9 17 13 11 2 6 6 4 5 7 14 17 3 6 3 12 10 4 2 16 5 8 15 9 1 1 18 16 14 10 15 3 18 10 8 3 2 17 11 11 9 8 3 6 3 6 8 13 14 2 14 7 1 14 18 14 14 9 3 16 7 17 17 15 16 17 4 13 5 2 6 11 1 18 15 12 16 12 13 6 16 15 13 10 5 7 16 2 16 14 15 2 14 4 14 17 4 19 10 8 2 18 2 10 7 14 11 7 7 6 6 15 6 15 9 16 15 10 5 8 12 17 14 2 1 11 2 11 14 6 18 16 5 17 10 1 15 14 5 9 2 10 6 5 8 9 4 10 14 17 5 4 6 8 1 1 12 16 13 10 11 14 10 19 5 2 15 19 3 4 10 19 17 2 1 5 10 7 7 17 9 3 18 19 7 16 15 16 7 11 5 10 11 8 9 5 19 4 7 2 17 18 16 5 16 15 3 18 19 2 5 18 7 14 8 17 13 13 10 15 8 14 4 8 2 10 19 6 16 2 5 11 5 17 1 10 1 7 18 17 13 13 7 11 11 8 2 10 10 16 17 11 15 5 14 15 8 11 17 12 19 10 19 2 9 18 17 8 8 3 6 6 19 18 7 15 14 9 8 11 14 5 11 12 3 15 1 2 11 5 11 3 5 5 10 8 3 2 2 6 13 12 11 10 8 2 1 9 6 13 18 17 18 14 4 11 14 8 16 3 16 18 17 9 14 8 10 16 11 10 11 6 7 12 13 19 2 16 1 7 14 11 13 3 5 16 1 3 14 16 19 1 4 6 10 17 15 18 16 7 11 6 4 2 7 6 9 10 2 13 1 8 19 11 8 5 4 10 4 3 18 19 15 3 13 16 5 8 7 3 13 19 12 7 6 13 2 2 18 4 15 7 11 11 1 8 2 16 5 16 4 8 15 14 6 17 6 11 15 3 2 6 10 19 19 4 12 18 17 17 17 4 17 12 15 4 6 1 11 19 6 15 9 19 4 18 3 4 13 1 16 6 16 14 19 9 12 5 14 8 13 7 14 2 17 17 13 8 16 8 9 8 5 1 14 2 9 14 10 17 8 2 8 4 12 4 3 15 17 12 15 1 15 8 8 13 12 16 11 2 2 17 3 12 2 14 19 9 19 5 8 7 14 12 19 3 19 18 2 11 1 19 8 19 13 7 4 10 10 2 12 2 6 16 12 18 10 7 14 14 15 5 10 16 5 14 4 8 18 3 3 3 10 9 16 17 14 18 4 13 5 3 16 9 2 15 9 7 11 7 17 5 15 15 18 5 6 10 17 16 1 2 1 17 8 7 16 4 15 11 5 8 3 3 9 10 2 17 11 10 3 14 13 14 7 10 18 13 13 15 6 16 5 16 13 15 5 19 9 12 13 15 7 7 18 13 6 11 10 11 11 8 11 10 15 4 10 12 18 1 15 10 5 9 14 18 14 10 9 9 9 5 11 14 12 15 6 4 12 4 9 10 3 5 10 5 18 11 10 12 4 18 8 14 2 11 1 10 14 5 18 10 15 12 9 8 7 19 4 12 10 18 18 13 10 11 2 9 4 19 8 15 10 13 7 14 6 4 11 4 3 17 3 4 16 2 6 3 17 4 12 18 17 19 7 8 1 19 17 9 5 8 19 19 12 14 12 15 16 16 4 2 8 8 6 16 12 3 12 11 8 19 15 7 13 6 6 5 14 11 17 9 11 19 19 12 19 13 10 9 12 14 11 12 3 13 11 14 9 15 4 19 1 6 8 14 15 13 1 14 1 15 15 2 5 17 9 7 5 17 14 8 5 7 17 18 6 19 4 8 12 7 5 12 5 7 17 8 19 2 15 18 19 3 6 6 18 17 14 5 14 13 8 19 15 19 16 8 10 15 12 8 9 19 13 8 9 12 17 14 4 16 14 4 5 12 10 8 13 4 2 10 1 2 16 19 3 4 6 17 18 13 16 19 17 18 5 3 8 5 13 10 9 17 7 8 5 3 8 19 7 19 14 2 13 5 2 10 3 9 18 1 5 19 13 19 8 2 11 5 15 9 13 17 15 7 15 8 17 13 15 9 2 16 3 18 1 3 3 16 11 10 1 19 3 12 13 8 2 5 6 8 5 15 8 9 6 10 13 6 4 15 2 6 7 19 12 15 6 18 10 15 13 4 4 9 15 10 12 7 5 7 2 6 13 11 3 6 17 8 17 10 12 6 14 14 18 9 11 17 4 3 7 11 12 14 5 11 14 19 17 2 19 15 16 5 3 17 3 17 9 3 15 8 12 3 11 1 17 16 13 4 15 2 8 6 5 14 9 7 17 1 2 4 18 17 5 8 4 18 2 15 10 13 17 1 16 11 18 10 6 10 10 10 14 1 4 4 3 1 4 10 7 8 16 19 14 3 16 8 2 11 14 19 17 9 7 5 17 10 19 13 17 12 19 16 8 4 11 9 16 10 10 4 6 18 10 7 4 8 6 5 13 7 18 14 4 2 12 11 6 17 4 4 15 18 2 14 7 14 16 10 2 7 11 13 16 1 1 8 7 12 6 12 13 9 9 6 13 13 2 17 1 16 7 15 16 6 12 12 13 2 9 5 17 2 12 11 9 19 1 9 11 7 16 7 5 14 11 11 1 7 3 6 4 13 17 12 12 2 11 10 1 15 11 1 1 3 14 6 19 7 16 15 7 5 12 12 14 1 13 6 16 8 4 14 12 3 11 10 12 2 18 19 8 5 19 14 3 10 6 10 7 12 2 5 8 10 3 18 6 6 2 8 15 3 11 11 3 9 1 5 19 6 2 3 14 9 18 2 10 18 5 12 2 7 5 13 2 16 7 19 18 3 1 4 3 16 10 1 1 7 5 2 6 1 1 4 13 11 12 15 13 8 10 5 14 18 14 18 9 8 14 15 11 7 5 19 2 17 3 6 11 19 11 8 13 9 18 12 19 19 5 12 17 5 4 1 9 19 3 15 18 6 1 12 6 1 18 9 7 10 9 12 3 11 13 7 5 5 3 16 10 4 11 2 15 8 1 16 12 17 6 19 17 17 3 3 19 13 6 4 19 14 2 15 15 18 3 15 10 5 17 3 14 2 15 2 10 2 11 17 19 17 6 2 12 12 1 7 9 16 2 14 12 17 17 5 16 13 13 8 5 5 9 8 19 16 8 5 7 9 1 5 2 15 11 13 4 10 1 10 3 16 2 8 9 15 15 4 3 9 10 8 5 19 4 11 13 16 18 18 19 3 5 10 13 16 10 12 8 10 3 8 9 16 12 17 12 16 10 17 11 11 15 19 17 6 15 5 11 7 13 5 3 18 11 2 18 8 3 9 11 3 15 6 16 13 14 10 19 1 5 9 5 1 11 1 11 11 16 14 18 16 12 17 6 5 14 4 16 8 1 12 12 16 13 15 4 1 15 19 4 7 5 19 5 7 6 11 9 8 11 1 10 15 9 11 7 13 2 3 16 16 13 5 10 16 14 6 1 18 8 15 6 16 4 6 14 14 7 4 17 12 1 18 10 12 3 8 16 18 11 2 5 14 2 1 14 16 18 10 7 12 3 1 9 10 10 18 8 15 2 18 12 9 16 19 2 7 2 8 15 15 19 4 16 8 6 19 5 5 18 19 9 12 15 14 1 6 16 8 5 19 12 4 17 13 14 2 5 5 8 19 16 18 2 3 8 2 7 18 7 3 4 10 2 4 13 7 7 10 3 10 13 12 14 18 3 17 3 14 3 7 19 4 8 10 17 10 15 2 3 17 12 5 19 3 1 10 6 12 8 3 7 10 16 1 19 15 13 13 14 19 15 14 8 10 18 1 11 1 18 16 6 9 7 3 6 15 18 15 16 17 16 14 1 3 2 9 8 10 11 12 14 12 8 8 3 19 16 2 9 5 1 19 18 16 4 12 4 8 4 12 18 13 10 19 1 6 17 15 9 13 1 14 15 3 5 10 11 16 7 12 19 15 5 11 6 10 10 19 19 12 19 13 11 17 10 3 9 11 5 6 2 9 17 15 9 16 15 11 19 1 10 12 1 17 18 16 14 7 7 13 14 9 17 15 14 1 5 16 5 13 13 1 7 16 18 6 15 1 6 13 15 4 18 17 15 18 19 11 5 5 5 17 8 18 6 4 15 11 13 6 9 2 15 15 12 14 19 4 4 3 6 18 7 1 17 7 2 15 15 18 19 5 5 19 2 12 3 12 6 4 19 17 1 12 2 9 1 11 11 9 10 10 8 12 17 4 9 1 13 4 5 13 13 15 18 8 10 10 8 9 10 16 12 1 19 7 18 11 11 14 1 15 6 10 5 13 6 15 8 13 19 10 17 1 13 3 15 11 1 13 17 4 18 10 3 7 16 16 5 1 4 15 17 2 10 8 12 9 4 13 9 18 2 3 17 10 7 16 15 15 16 13 14 1 14 5 7 3 10 7 10 17 14 18 9 15 3 10 17 12 17 16 10 13 7 8 7 19 19 13 15 5 4 10 5 2 2 16 3 9 2 11 1 6 4 6 16 5 5 7 2 16 12 8 1 15 16 1 4 16 4 17 3 11 1 13 19 12 8 4 19 8 16 16 1 17 2 5 11 10 4 18 5 19 18 14 2 1 19 15 19 13 12 10 3 12 2 5 1 19 1 12 5 6 4 7 10 8 13 16 5 4 15 17 13 11 17 11 18 7 15 19 2 1 16 19 19 9 10 9 16 18 10 15 3 9 4 3 7 10 13 4 4 1 13 5 19 4 7 19 4 18 14 18 17 9 7 6 3 14 4 17 7 11 15 6 9 12 10 8 10 13 8 14 9 11 4 10 18 16 10 13 5 3 17 18 1 3 17 15 11 12 4 18 17 5 12 14 8 11 17 7 4 2 7 15 14 15 18 17 16 17 13 15 14 19 9 8 4 14 10 2 16 5 1 12 8 6 1 8 6 11 18 10 15 2 19 14 18 15 15 1 15 18 9 19 5 11 7 1 11 11 3 5 13 3 6 14 9 4 7 6 7 18 5 9 4 11 18 18 8 10 19 19 17 2 12 1 5 11 10 10 5 2 2 4 17 1 18 14 16 17 10 8 7 2 13 14 9 13 4 3 8 17 2 16 18 17 10 1 14 5 7 19 8 16 12 14 4 4 3 12 19 13 18 12 4 6 6 11 12 9 6 1 7 8 12 13 9 2 4 17 18 1 9 6 16 10 17 1 16 9 6 8 5 11 16 4 18 10 9 18 11 5 11 2 16 18 11 5 10 15 7 8 9 19 4 13 15 16 14 2 9 4 6 7 18 15 5 5 18 16 6 1 7 16 10 15 13 4 1 9 3 12 11 14 9 8 18 12 15 3 16 8 6 15 7 2 1 11 19 12 10 14 3 8 4 5 11 4 5 15 13 11 9 19 11 19 11 2 18 14 1 16 16 4 7 5 19 19 5 6 15 9 18 18 16 5 2 4 17 14 2 4 13 11 12 14 17 10 7 2 9 14 7 6 15 4 19 7 13 3 4 5 4 2 13 14 2 2 9 11 18 4 9 10 9 16 13 7 7 18 8 6 18 8 16 15 5 1 14 12 16 3 8 15 11 16 2 17 12 18 16 11 10 12 12 8 17 10 13 3 9 6 9 12 4 3 11 10 8 5 9 1 1 18 19 11 19 3 17 16 6 18 10 16 1 9 13 17 5 10 5 17 7 12 6 19 5 4 1 6 6 2 17 14 8 13 12 1 1 12 4 5 11 6 4 17 8 18 14 6 11 4 2 15 19 6 17 14 15 16 3 6 16 14 14 5 8 3 6 16 12 2 3 14 9 5 18 19 6 9 10 19 8 2 13 13 12 13 15 17 6 13 11 7 18 6 13 11 4 8 19 16 4 16 19 17 18 2 10 13 19 18 12 9 16 10 5 14 10 5 6 6 13 17 17 6 3 18 10 11 16 17 3 4 6 5 3 14 15 2 11 2 7 1 11 2 3 13 1 15 8 19 1 18 9 5 6 17 19 17 12 12 3 19 11 16 9 10 5 5 1 18 13 16 16 7 7 8 5 9 9 11 12 10 2 9 13 10 7 3 9 1 10 14 1 8 8 12 17 11 13 15 4 1 4 6 6 15 5 12 16 15 10 5 2 16 5 8 19 10 10 17 6 17 19 1 16 16 19 9 9 12 10 4 1 3 6 8 12 5 19 9 13 19 2 11 14 17 2 1 5 6 6 4 18 5 17 9 14 13 16 13 9 17 17 7 12 9 9 2 8 1 6 7 5 13 15 14 10 13 6 4 4 4 14 5 2 7 15 19 18 10 16 6 4 19 3 17 10 5 19 6 19 15 1 18 4 13 8 1 9 5 17 17 4 5 17 4 4 17 1 2 8 16 6 4 14 16 4 3 10 15 7 19 5 7 4 11 5 18 4 1 16 18 10 12 19 2 3 5 11 14 17 12 9 10 14 8 1 8 4 7 16 8 10 7 14 7 17 9 3 3 19 6 15 8 2 18 19 7 16 19 2 3 2 9 10 5 4 16 18 7 3 4 10 15 3 9 15 2 8 13 8 19 14 16 9 2 17 17 7 15 16 14 16 7 7 14 2 4 13 5 13 4 11 8 6 15 6 2 5 10 7 7 7 14 18 12 11 4 15 4 18 15 2 6 1 4 8 3 10 13 7 1 11 9 15 2 1 9 13 11 13 17 16 14 5 18 6 5 13 3 9 18 14 5 10 2 10 3 16 8 12 14 12 5 12 16 6 11 11 7 17 10 18 13 6 19 4 9 16 3 12 9 13 8 6 2 17 9 11 6 4 8 13 2 7 8 10 14 16 12 15 13 14 1 12 18 12 7 1 2 7 14 14 8 16 13 6 7 17 15 4 6 18 2 18 13 15 6 13 10 5 7 9 11 17 13 15 5 14 19 14 15 16 6 6 6 16 17 1 18 16 4 19 17 19 17 4 19 
// di
5600 5518 2244 8505 2982 4398 372 728 5141 4961 7891 8680 3970 5271 2832 24 5147 8226 5911 2196 7701 4728 1460 4647 2325 1368 3308 1031 587 1983 6490 2360 20 2406 1852 7099 5264 2913 7263 8056 2101 1892 6398 7608 6882 518 407 25 3496 4766 3079 2702 455 8932 4216 1820 2582 870 4381 3535 1102 7753 5959 6834 7164 7321 5062 4351 7589 6945 7738 7812 7310 7253 2472 3111 7551 8074 2890 8831 5154 6288 317 8820 4288 8126 2181 214 1786 7542 5878 5442 1339 4443 868 7217 2810 7218 5600 1542 7989 7000 8677 917 4960 4112 5612 4306 3166 2036 3134 7296 6020 6680 1787 1398 3985 4846 3613 7307 11 592 7178 1615 3846 5328 5930 7024 478 2081 6146 7866 5002 8289 11 6280 1936 7242 2587 6239 1538 2151 5850 6303 2595 4129 8342 4247 645 2682 6696 6710 7451 307 2713 4625 7069 4289 8108 3128 35 2373 7070 8107 5831 3687 8596 7326 6287 6825 7206 7533 6174 8637 5330 7501 6768 8988 4516 2911 4648 6697 6559 2806 5362 6325 1193 1011 6412 3245 1574 2332 536 5204 2533 3238 4673 5949 7229 5578 5204 3797 7915 2060 5136 4888 4561 1569 7605 2980 3745 8963 4768 5982 857 4112 3105 5170 4720 7664 7292 8860 980 4992 7638 7928 7368 8988 7771 5951 1798 172 933 6840 7526 648 4707 645 5159 7434 2652 3777 6580 5940 2269 6540 5569 7888 8677 1947 7295 826 831 2937 8277 5108 554 6659 2828 2438 6683 1525 7462 4885 6794 3769 6112 7019 5424 2518 5515 4479 7635 8169 2775 3008 6956 6020 877 7065 1220 5051 5318 1000 1539 2055 3305 8125 3892 7502 6607 3319 1287 7313 8350 8478 1724 1094 3350 8264 8983 3857 2022 1537 2417 988 6493 7846 2203 3290 3116 1265 3839 1436 7786 5914 8935 3173 2722 6162 3569 7521 611 5463 3378 8876 1938 4803 3521 746 2917 1934 8271 5190 2486 6026 5692 5624 7663 6247 8598 3622 6556 7763 4902 4623 5017 14 461 8855 3352 2721 7443 8948 6839 7582 4875 8879 6479 3302 3821 6878 8411 832 2490 6563 4340 1467 1269 324 4551 7934 4821 6337 5890 324 2951 7884 1028 4258 6708 5355 5589 1022 8063 8167 3847 5639 1867 5595 5491 8510 4894 8516 631 8302 1811 4010 4135 936 7456 2614 7995 5258 4967 6776 8168 7911 3672 3888 6627 4285 8634 1514 7482 7205 2087 3846 6752 6001 2229 7990 8646 3302 3024 3488 258 4269 1011 8357 4972 4569 1393 7427 1579 4020 8550 8893 3594 7868 264 3898 1228 229 7385 4584 8277 7340 8242 2895 5156 5870 2744 2200 4184 4655 5767 2820 1372 7383 5667 4740 1936 407 327 4668 4278 3858 5269 2087 1808 6919 5517 8681 3642 8076 1168 542 397 5883 7155 6095 7956 7584 5076 6416 2174 480 4481 7061 1433 7868 2787 4852 898 6946 4195 1163 6244 6435 4869 8467 6579 395 8379 2631 1956 5046 313 1723 8706 3113 439 3054 6430 5383 4750 6309 1699 7037 2425 3435 6360 3747 6225 2453 5913 2828 6923 661 3266 1209 7949 4706 7190 5559 7837 1694 1798 1218 1868 4115 8451 485 6542 4100 3198 8516 5197 3210 8602 1048 1115 6374 5084 6354 3142 5006 4900 2293 3577 930 934 2388 1341 145 6008 4122 98 2938 2917 8617 6906 4936 3613 3501 2190 4314 4977 5602 478 6024 5309 483 3261 140 7078 2480 7203 6467 6242 5044 4555 5406 2811 7013 8348 3026 7263 4443 8331 5862 1620 3977 310 5761 907 462 4339 8085 3164 2195 1216 3215 6361 6919 4561 1043 3167 6429 6170 1571 5276 8999 5251 8811 8488 5849 416 5903 2975 1182 7370 6001 6654 1032 237 5172 5209 3312 7120 1430 1 1134 6606 42 5013 6976 856 7563 8672 6555 8247 8108 4431 2482 33 8573 4461 6691 5536 6351 467 3444 810 506 8781 4635 7824 2742 7493 192 1012 858 8344 3547 4510 2585 232 5548 8037 5377 4179 4637 8147 6671 4993 5130 874 6507 8923 993 3808 7383 2296 8853 4849 8034 176 4090 4187 6353 5113 6841 6405 1720 7478 8868 3724 5354 394 6955 4632 1280 8128 5403 3021 3469 2932 1366 6795 6505 8038 4320 8182 2105 6529 1765 1700 7206 850 1435 8944 7264 1093 7223 6216 5823 7928 5187 5710 2623 3496 4252 1547 3446 7466 6896 4655 3571 5784 1885 505 2112 3438 3415 4737 4635 2294 1408 8809 7147 8762 3701 7066 6721 3639 2390 3849 5521 5653 1849 726 1608 4944 2564 1385 3855 5072 2781 5199 2818 2880 16 994 1268 773 1345 5603 7750 1646 8225 1857 3550 7109 1973 4574 7289 5473 7716 6108 1226 2791 6715 5257 6936 6249 5402 1228 8573 7086 261 8439 3302 8742 6330 8560 1466 5444 4581 8317 6096 7774 8866 7652 1045 3569 1383 3389 3210 2916 4527 3342 7872 4618 1472 4533 1899 3732 2723 8809 5426 8277 3409 5348 296 6900 6902 973 2221 5516 8078 8611 779 1169 2626 7033 8527 6461 7927 8927 4092 4414 7914 1574 8377 2551 1283 8866 2479 644 2774 8031 8437 7509 3659 2930 6921 3128 7973 1201 2398 5672 7326 4893 371 2994 1176 3029 1097 641 258 5674 3449 6521 3387 565 959 5501 6883 3844 4163 7231 5875 5054 3054 7001 3637 6559 560 2983 2012 4499 6443 6870 4766 2245 8218 3304 582 8423 5298 4673 1595 6185 6002 6338 7324 1181 4530 55 412 2242 6440 2605 3118 6324 7099 1032 4355 5849 2027 2191 3461 488 2624 1329 6900 7630 7512 4624 4844 7647 6433 1242 6177 4534 5544 3054 7290 5653 3590 488 3455 3555 8225 1500 3809 4522 929 5622 4749 3128 4353 7881 4310 2118 8728 6485 1343 7623 4304 688 4301 5871 7138 6133 3892 2442 887 8544 3054 6855 7631 960 6207 5451 2006 3300 7637 719 5760 7477 24 4029 3212 7173 3860 19 868 1228 3929 2605 399 7588 4716 4885 166 8259 4812 2167 2546 7178 3237 3213 2641 44 2148 3900 5093 2999 5440 7374 2273 2191 1543 5302 5028 3595 503 5978 1419 70 6879 6531 6494 303 1816 8876 6569 4376 5135 6936 7535 1841 5371 3 8962 1358 4197 2467 3062 4985 1486 1653 3593 1356 2003 8626 3421 2050 5153 2916 6493 885 3170 4400 2647 610 5375 279 1308 6681 2657 187 918 3797 3464 1046 1027 7964 6116 5817 7242 5507 7021 2542 2943 3960 6851 5509 8179 243 4785 939 2288 7604 3193 161 3976 4383 8903 3904 1186 3657 185 1981 222 5155 6975 328 406 7670 4625 8652 4595 3143 4391 5008 7709 1889 8132 6775 6658 7518 3048 3770 3522 5916 2995 5767 867 4677 7351 5038 2015 1895 3113 4208 3832 7342 2666 8550 3015 7185 5529 2225 2964 7932 8348 8664 8463 7973 3386 6011 673 2908 4394 5747 7722 6891 682 402 5649 7576 8425 6192 6050 1429 2347 1809 760 2917 6526 2853 2803 4061 5133 7638 2352 4868 715 8652 8044 8381 1373 7957 1361 6902 6442 8564 5647 2530 8516 5286 4452 2523 2484 3469 5533 7156 3343 5106 2932 2291 5287 7276 1388 3725 6809 7093 8178 1934 6002 952 4570 7929 7693 8410 4044 7510 4167 6615 2011 8977 3542 4708 5569 2083 7880 3615 312 1973 7146 1082 6287 929 8023 4988 7347 2912 7868 5662 3896 4306 2538 4903 6598 6244 1024 6382 6660 6333 5441 7976 1294 8681 1018 6341 5389 4143 3509 5205 3970 6657 7533 7530 2087 2761 1770 21 64 8988 6716 4754 8670 7303 8351 3165 2701 7845 8926 899 7732 5703 7057 1716 2748 2649 3331 2304 3290 1381 7224 2864 5660 6694 2856 5050 571 4629 874 2374 3186 5527 6688 125 3766 2707 221 4986 3717 4099 5074 1157 8603 5818 3542 747 2905 8725 8828 7664 2405 2667 8253 1614 2275 8731 7968 8918 8007 900 8578 6510 8915 5754 1340 4469 2729 6256 1345 3209 2512 892 564 20 5096 4395 4079 7600 8843 5855 2972 5749 4605 3128 5384 1347 7904 8575 4578 2640 7642 8810 6442 1917 5757 1969 4124 5935 2604 4305 2220 758 1553 3443 7072 8399 8946 1454 1662 8122 1281 6276 3040 8689 6838 8326 8872 1996 6314 6420 1193 8163 1350 7932 6655 6409 969 6111 2800 5805 1131 5736 7242 2909 4632 3548 4689 2980 5497 8722 7677 7747 8259 7448 2348 4799 4634 6823 4510 7055 3052 8107 2802 7929 7116 4527 641 935 5359 8386 2313 4808 3052 6691 7235 1850 2504 143 3825 8646 7535 7372 2585 6480 6542 4478 2644 2412 8186 5864 1043 5454 113 6278 2752 1494 4228 8720 8007 5350 2366 8497 6972 1646 2063 3582 2392 4595 5171 3370 1152 5042 3561 3685 926 2654 5255 8663 8643 5260 2720 420 1186 256 7033 1137 3857 2592 5629 8703 6158 3224 5926 8080 2042 5631 5865 4100 2224 7752 1144 2012 8619 290 7248 8573 4361 3149 1014 5329 5403 5908 8053 3057 8609 4148 4748 103 2290 7538 8095 7062 4949 8303 3909 7496 5269 7731 8213 8658 4595 7546 5807 4382 8910 8309 8614 6569 6086 6144 1503 3573 4580 6974 6830 6705 2752 2230 5820 2528 6706 535 1649 2672 8736 3448 974 3027 4831 3150 7522 4919 7272 7368 1089 2853 2197 6946 7025 8900 6506 4069 8169 2217 1725 5448 5600 5286 4841 1732 2421 5212 5869 3428 7772 4268 3821 5262 3750 6967 1437 8370 24 2047 4646 3552 8683 155 6590 7466 7731 1987 1902 6940 3811 7596 7326 7873 7991 3134 2782 1833 5943 4369 2096 4872 3594 4242 1331 6447 1220 5374 4115 3881 2568 3917 6726 7038 7767 8712 7655 2760 5165 1505 8091 1585 3086 2134 3855 1112 5168 5229 8004 3088 4604 8405 415 156 4619 489 7631 4593 4449 6801 4759 6065 452 7136 1848 4838 5503 4312 4369 3354 4940 1416 8136 5880 6686 3809 4314 855 5564 2753 4716 2871 4724 8845 2553 4094 2643 7882 5747 2722 5210 6418 5843 248 1696 7090 3304 3364 6174 2379 7201 2952 7467 2584 749 7031 4227 1765 6724 7196 4093 4328 4704 584 5868 8291 80 622 7631 3853 5193 3217 2579 1593 7811 6606 248 8452 1917 6064 621 5976 8242 5005 690 8149 1431 4815 4661 1589 8442 856 1942 2355 312 225 242 6523 4132 2269 8270 423 1394 1703 1478 6640 8315 1977 2550 6852 439 1559 2364 3732 8543 6237 1618 1679 3787 6776 7038 2270 542 8583 1752 6979 2533 960 4278 5649 8037 109 5267 3925 4138 5086 2782 5458 4277 3624 1090 1364 7022 7472 8432 6991 7161 7925 18 5629 2543 8498 5630 8187 8928 1941 2528 319 772 969 3639 5094 1484 6738 4704 7990 2547 7778 5100 1777 7958 1273 3435 7284 7776 6061 502 7464 3610 673 7844 208 5504 2112 3603 5065 5128 6756 5878 4782 4633 3707 1906 590 6531 5156 7972 6999 1424 6921 4651 8358 4657 909 2235 3155 8942 170 2060 2047 4055 8764 8777 94 7364 4344 4507 1547 839 2971 8991 5268 45 7341 4725 2746 7674 3821 5003 4998 331 3307 1072 4584 5449 8635 7856 4700 484 5220 7530 1266 8758 889 7881 5364 1782 6839 7369 6866 315 3623 7491 3593 812 1394 425 3026 8113 8777 3340 6628 7371 8774 8754 1708 2360 7843 482 6806 760 6577 5980 1738 3222 6820 226 3362 8120 5618 8192 8004 2046 7295 7285 6239 404 3726 1976 6771 4191 4769 6193 1326 1276 8502 6154 879 3835 7501 4029 3569 2185 4890 4024 2219 8785 8650 5290 3112 3884 1628 6419 4544 259 4169 4109 582 4612 7596 7786 4311 4736 8514 7278 5960 4665 8299 3776 6906 3140 4913 8277 8652 4251 8705 5334 7024 5709 101 2802 2851 1268 7674 1613 4079 7696 4914 205 6076 6602 3252 7590 3970 8456 2745 7782 6632 6875 5393 4907 1370 8097 4472 3246 8883 4642 4464 4990 4076 8105 1758 4491 8528 7932 5909 6092 1388 4936 6195 881 6961 7470 3340 2164 5613 8151 6571 6412 3555 4658 6792 8812 1133 3550 8408 5073 506 7098 8719 8611 3110 1857 3235 5418 2994 3528 5460 7722 3312 5250 1023 6377 2067 6647 5124 772 5073 1794 6910 1990 6776 935 7402 4712 8486 8205 638 3637 79 5636 4974 3262 877 5629 616 5248 7197 1081 6518 91 1785 4080 2411 2194 7626 3204 8143 1880 8616 6871 1377 8124 4369 3142 2130 5254 2459 3663 87 6975 6614 3185 2477 5056 5715 2336 7906 1688 1435 5089 1192 6051 7643 2936 7180 3911 4236 565 5097 7125 8855 829 8866 5611 5868 2134 3156 676 5464 7003 5666 6051 1616 264 7494 1185 710 8651 4331 7035 3008 1067 4897 2488 5304 7941 769 6487 5604 1393 7820 5217 463 7301 6925 7757 2556 7233 7680 4248 6454 7147 182 6158 6967 8378 3429 1172 1437 3126 2548 2840 6269 6620 2541 8472 8050 6172 2021 7575 8018 6111 3995 7735 8170 8351 1026 7215 7951 2504 5593 8489 7821 8683 8390 8051 8363 3027 1780 7903 426 1496 3026 1641 7856 7628 1020 2697 5022 4660 6017 1937 4699 881 7083 3807 4668 3156 5845 6526 6488 4101 6914 4922 1797 2264 4850 6714 5193 2671 4667 126 8106 6577 3699 8980 3996 3123 767 75 820 4992 4185 2318 450 7371 3426 3355 2496 7333 7456 262 4863 1988 4614 8351 651 8383 8383 7696 2787 8541 6722 8843 2806 8374 3035 6692 7231 1913 3382 2287 7892 3721 5954 8126 8782 2838 1661 1588 3425 2474 673 8472 1054 1079 195 7076 2122 9000 6379 8341 3031 8216 5862 5113 4076 1248 7183 1333 5689 1133 7807 4896 3911 6227 6206 8211 29 1052 4190 6709 1905 3466 1572 5393 7103 7807 8065 1820 3597 4999 2601 1746 5770 7110 8306 7524 6876 1198 2466 2943 3911 3838 2498 8712 2030 5770 7778 2651 52 4213 6774 6539 5429 1008 3745 4027 5660 8976 6498 1744 6415 5088 8884 4656 8414 2138 3836 5852 3368 3303 688 8610 6175 2920 1771 3127 4990 4142 2873 3593 8257 6068 3733 4898 2764 264 8477 2230 1371 4569 4011 6349 2467 7716 2379 8405 1820 4279 2170 2659 7008 8762 1101 8650 1487 7306 7483 1956 5359 2908 1269 2881 8540 8699 3011 4252 3900 6120 4520 8475 8575 4370 6377 7174 1505 6131 3839 6459 4128 3229 3550 8664 6910 4678 4402 7601 6756 4610 847 1540 1969 7654 6955 6142 7501 1963 7606 4321 8918 6229 142 2515 1768 5095 6611 2583 1124 535 2381 6115 6017 8366 1649 5990 5755 683 5311 568 4237 1207 2617 8903 4637 7475 1002 5625 7378 103 3472 6084 6068 7538 3156 3322 1593 8473 2069 8550 4627 4732 5019 2932 1031 1494 1772 1301 749 3621 1007 4312 8720 534 934 5151 436 283 254 7308 4065 3462 4444 4442 3749 3504 7808 8966 2163 3986 866 4683 1304 3304 5923 2550 6947 6034 6111 8893 7281 7468 5878 2897 4457 6374 6119 4927 1002 1442 389 5144 7547 1685 6169 6544 8059 4893 8764 5199 853 3736 4782 7166 2991 471 6976 2008 3541 6626 5181 69 3655 4972 6984 1816 8010 6139 5002 8181 1864 6767 638 251 5379 8000 5120 1128 4776 3965 5544 8209 6507 7315 2949 3084 3062 3426 7234 3516 5834 4443 5424 5728 8074 2534 2027 6179 3680 5597 3554 2588 8178 4982 7922 4262 8377 4811 5118 1192 5440 7492 4520 5861 3839 5102 7235 6934 2776 4422 6280 8644 5167 2786 2829 2120 2186 3770 7454 4180 8002 1159 1860 2802 6275 3714 3248 3853 7505 5851 6366 6428 71 8086 1499 1631 7236 7982 8082 6921 4484 2409 4866 2934 1 7901 6472 5680 8763 7771 7159 423 1549 1653 5421 4373 137 186 1690 7490 624 7763 1131 4826 1435 260 5589 4627 8061 1490 7985 1285 1813 8573 1574 6484 6699 2635 4473 1807 3079 7704 1178 6391 7208 5897 5640 2806 2264 228 283 1096 7719 8564 8635 6683 2634 6997 2921 6894 8600 4362 317 5073 2371 237 2900 3759 7808 11 6990 7109 5849 6195 2326 5857 7343 6216 2188 6033 5900 1182 7606 2686 1154 5115 7352 8855 2611 2376 8652 8213 7947 2604 5739 8494 5071 1026 5245 2981 814 4677 4961 330 6565 4219 1057 7161 5462 8954 4171 803 8758 5239 8855 5009 4717 3382 3980 8734 7218 338 2892 6009 3531 7172 3415 703 3176 7214 6404 502 6789 8608 5842 2641 3570 125 4590 2646 5004 1019 6995 5285 4521 6035 943 3227 7145 3313 935 7181 1850 2694 7193 341 7405 707 3589 4897 3240 3844 2577 7922 3526 7010 7576 302 5033 8012 8705 137 621 2757 2097 6431 2306 4514 6793 122 2305 265 4845 6749 490 2366 590 4674 7146 2470 70 2674 5803 4674 2639 858 6562 2118 3162 4281 2782 5115 1306 3532 1360 6177 8556 7742 7391 8698 2455 8905 5497 3589 6063 1901 1903 8287 2482 5084 8557 3844 7784 2460 167 4262 2799 238 7694 6422 3451 2295 7524 5722 4501 6968 2205 1304 3793 8488 3111 7903 7816 6889 6384 6187 2110 3711 574 6867 6162 4574 8538 5800 6922 5380 7093 5782 2780 3014 7456 2978 4419 7885 1709 6700 3332 1861 7594 8773 8938 4109 1473 3080 5044 8315 397 407 4989 5891 2732 7652 8693 345 6342 1166 7834 8444 4530 8496 2236 7390 7959 4154 1192 2047 2036 1298 7754 7850 2384 7751 2921 4504 4823 3784 5250 1017 585 1624 1554 6338 822 8237 8227 6621 993 3924 1735 2688 6245 534 770 6516 6639 3586 3761 5929 5773 5466 2521 2971 4938 1130 4985 495 6312 7448 2551 7328 825 2677 8004 1720 6813 7910 1073 5818 451 2608 6473 8469 2799 8278 4320 283 5893 8237 1046 917 6308 111 6547 3708 1845 8182 6225 4844 2872 8781 6802 7342 607 2158 6546 5028 4524 8534 7611 7082 5671 7558 3147 5907 3900 7432 954 4331 6561 667 4106 4185 6112 2319 2074 8098 4238 7987 3656 1740 2491 5257 5973 7084 8415 4373 2098 7146 4497 476 2879 297 3747 1186 2516 6987 5805 1903 4387 2607 6034 3026 3399 794 4626 2943 2565 5382 8540 1950 3635 8254 986 8654 6079 8384 8994 6683 619 4113 5318 3264 5675 3448 780 831 7678 36 1222 976 3554 3330 6388 7487 7823 1099 7884 278 1285 4361 6280 5039 1750 2965 2378 1868 4891 2045 1369 1648 1120 7109 5874 4850 7806 4047 8340 3474 1234 3346 3359 6311 5385 3698 3077 6603 3602 4620 8700 648 5871 6584 741 2656 8108 1205 7122 5786 7787 4701 8327 2437 4870 662 5679 5068 139 3003 2676 1290 7359 1238 4767 3149 955 3572 5812 8330 6730 6166 1220 6204 7826 7677 2672 4264 5698 2974 142 1369 8737 1523 3453 1770 8157 2234 6434 2277 949 5739 2310 1602 284 2959 6523 7078 7055 6057 85 4613 2470 3272 6823 6168 7722 2450 1511 655 6945 6723 1601 2115 7591 346 973 1108 6259 7889 4329 736 1870 7049 6343 1255 429 4653 172 8156 6392 481 3648 7765 6283 2352 1213 1292 6892 3588 4074 1240 209 5828 3295 6541 6635 2701 8843 8398 567 3838 3211 2631 8234 6251 7885 621 6726 3091 2369 1194 2001 8063 2628 4113 8435 1751 1705 4400 605 6245 8043 1782 3000 375 5625 6706 1426 7191 6575 6401 2036 7543 4635 6255 1524 4627 1800 8399 2176 3466 3085 6107 3579 6361 4944 8624 8292 8871 2901 8492 2921 3067 3615 3526 8730 6578 265 3366 2925 2579 3280 7021 1082 6879 8930 7055 2957 3393 8388 7477 6687 5809 6676 6078 8131 4255 3857 3712 7444 7017 8757 5706 604 5189 5572 8896 6304 8276 688 5341 7531 2453 8064 7515 8873 2494 5535 4214 8087 1329 1721 7543 1310 3485 8344 7718 6097 866 7030 7990 3738 5106 2886 4259 565 5963 6115 5600 8376 574 3176 6822 8981 4827 2527 4917 4077 2967 3147 8511 1230 8898 7953 5978 7131 1111 8214 4064 516 461 3784 4599 6047 5573 8971 1553 8356 1561 6126 3998 5116 260 2938 1514 4918 6672 3394 7580 8591 7595 3528 11 1526 3948 1820 6352 8072 7875 1058 6883 2211 1201 7974 3424 1193 2669 142 8217 7420 2595 5741 5152 6410 6702 677 7280 5665 393 54 4429 8197 2581 692 6298 4891 5428 5743 1279 1253 4185 4675 1161 6107 1843 4734 1396 8476 4843 8588 3459 681 7279 2884 5732 8861 4168 1431 7600 7205 4219 7698 4081 2346 7050 5383 4248 534 8529 2814 4126 7915 799 4729 5382 5525 254 2703 6105 2850 5174 1534 6339 1733 1322 188 5499 4461 3610 7460 3963 1682 7874 4926 5402 73 5655 458 6553 234 2930 5815 1215 6158 8660 3822 1817 2433 2031 17 6936 1824 7511 243 2395 2454 6653 8678 5779 7866 2293 4130 6996 5155 4473 6860 1016 3001 1115 3465 5705 3038 4999 5861 7435 6278 1061 6518 23 6170 5781 8636 8093 5351 4184 5766 3490 776 8916 5278 6149 1315 4981 7693 3253 81 4457 532 3017 1427 4622 7574 2627 762 6181 7156 1340 5293 1354 8149 1428 3970 4468 1143 3314 5246 4783 4141 3657 3753 5036 8064 3115 5975 6330 4987 2068 335 5607 2577 3803 1815 3939 6499 2952 8987 2012 7565 1406 89 5383 5426 6990 3169 4852 5592 8789 2216 498 6813 559 3213 794 5348 43 943 7617 6192 470 8338 1163 7681 5801 7350 2939 7902 151 8471 1515 1693 1659 8468 2525 6764 3655 6849 6558 1663 8563 8444 604 2373 189 2128 3946 3006 714 2640 1678 5181 4860 5166 949 2767 2263 7041 4413 4397 4180 7929 5612 1010 8753 3771 7261 3485 3165 1212 60 3642 2380 2419 2810 2980 7630 4902 4924 2341 4985 5941 4056 1292 2294 4442 752 1153 6081 1830 7143 6475 6295 215 1610 2475 235 518 4219 6704 7665 5667 2624 8541 7440 4876 3426 126 5286 7756 2138 4558 761 4836 4675 7129 2209 6427 1004 1652 7140 2211 5215 383 5798 5986 2467 1951 4208 8098 3194 3829 8023 3225 6694 5661 6361 4525 855 4443 642 2384 4839 4792 2403 5753 6279 485 7044 2305 3866 7116 5527 3759 6848 2064 4602 2919 2336 8059 8274 462 3970 8037 7156 7785 1444 788 2027 4321 4353 535 1023 8897 5201 8184 6181 1698 8635 4897 7176 1465 792 63 2292 4520 4910 1714 581 86 4010 4777 3584 7914 3824 2582 4741 1693 2676 7928 4748 4353 6383 7069 3563 7770 4201 2913 1477 6431 4649 1361 3980 7949 269 2985 7959 4859 6455 5495 5874 7453 2048 5510 3248 5495 6965 2046 2147 5877 2954 3576 1891 6742 4604 5696 4599 5528 3782 647 5055 1015 5067 5180 4787 6643 3348 7691 5194 3115 3854 8987 3598 3560 1776 5121 8039 1236 343 5392 5418 1632 3774 3155 2680 457 2602 8988 451 2319 4544 3642 3205 3479 1386 7615 6149 3979 1173 216 8520 2630 2140 3066 1521 8668 3517 7123 718 4783 1585 3779 5452 6681 1913 2043 6853 8051 7269 3384 7142 762 3748 8552 2043 6193 2825 4858 8355 6664 7788 6976 433 6452 6398 5489 4217 3524 6952 6517 7921 2771 5354 5281 1160 3772 2960 5735 1488 5732 2721 7581 4803 5142 8350 6408 1336 1566 4057 241 720 7338 4833 7440 5324 7775 6455 7863 6397 2009 6423 1364 8397 5863 2596 5080 3374 927 7075 899 721 3858 7216 3313 4125 592 8498 3574 775 2083 7650 4457 2642 107 7634 5028 4472 2228 5572 2457 5362 1948 6024 8216 2304 2165 1991 5977 8173 128 806 4950 5880 6596 5797 4242 1260 3754 77 7845 5712 8310 510 3931 4524 1318 5228 2518 6821 8553 6047 5931 6712 4329 1291 1091 4908 5582 1693 7376 5536 8459 3050 7666 3314 1308 8395 6907 7141 294 3786 8994 2424 5785 5498 440 796 643 4028 2222 7029 283 494 1952 6751 4914 3690 2179 5078 3608 5722 771 2955 4456 3691 6738 2820 5110 3030 6942 6876 122 7550 2714 5912 6988 188 4817 2670 7112 8700 227 8913 7574 7039 1990 491 5509 4449 6830 5317 7412 389 5881 8134 4714 1993 688 3413 5972 5520 6716 2586 5268 2208 1158 2718 1457 1727 1327 2487 8589 829 3616 2509 2181 1441 5793 3058 4839 3353 1336 454 4803 4570 1792 1447 6931 5951 3747 3572 7655 7840 540 2235 5696 8676 2930 1799 2516 554 1190 1703 4447 7603 7907 4685 3080 2824 2036 3216 5127 7261 2943 6194 6615 112 2707 7434 4080 365 6002 7260 8194 5565 2767 3459 8694 6457 4980 1353 8506 6349 3043 5029 7309 6254 7115 5043 6606 5537 458 5956 346 4632 5496 6623 5252 6252 1129 8802 4201 5633 7553 1930 488 4790 2383 3769 5143 865 802 5049 6322 7916 2465 1767 2389 511 5236 4189 5711 5794 7215 1091 2901 3638 2786 3289 7401 5728 3908 5846 7157 3866 6023 6705 4022 4380 1707 490 6681 7473 4337 6315 7966 3829 3183 2960 4051 3995 8607 2605 7462 8200 3898 434 6474 4068 4807 1745 3968 8216 5177 360 8125 5275 6874 4474 8820 1096 6843 4537 4710 3693 1552 4282 7196 4184 8226 2056 78 6807 3877 7384 18 8981 3339 1404 4874 5856 2860 1042 1884 8347 1309 174 4367 4041 6 3936 6068 3746 1138 8097 3908 8445 3095 2932 6636 7564 1225 3008 6883 7810 4661 7023 575 4725 6555 3143 1284 4213 3813 3410 1479 1924 4114 8345 8391 2 1178 4956 4152 3032 8442 5065 1298 425 1831 160 5526 5642 8213 4329 6499 6923 1256 5061 5 5163 6197 4482 6156 8412 5490 7916 1281 5450 6663 137 4566 1976 1546 4214 6561 1095 4020 7317 7485 8478 2014 6066 7102 114 5094 850 6962 4266 1258 1031 8106 259 5531 2200 6390 2388 3665 4079 8983 4935 4468 5937 3926 4351 4114 5221 527 2867 1710 1567 6553 8918 4050 5497 1437 2176 2202 4505 4935 6231 5563 1555 4434 2530 1155 5159 8354 2903 1104 2940 1370 5774 2244 189 5446 1033 8201 5258 8787 3566 8850 4876 4802 7951 7159 5878 8120 3882 5505 3507 8455 2044 7273 5420 3303 5774 7707 5268 1567 7456 4383 5592 23 5765 7564 2953 814 454 8235 198 5696 8174 7237 222 3083 4613 1129 2009 5257 5134 2363 1030 945 8471 8946 3073 7263 5467 5511 3318 1714 3467 7391 2950 3434 5876 2708 2749 2159 2624 6515 4917 2278 1517 7461 7862 4366 3319 7368 6297 5830 947 1740 6630 7934 3195 8857 4696 2293 7301 1127 7204 2451 5346 7288 6045 3026 5891 3140 4489 4976 8214 5921 7824 8379 4805 6958 361 539 6896 2097 5783 3790 6327 5807 7952 2080 3668 3360 6865 695 7567 2011 339 3964 6600 7037 5165 357 1045 1813 5321 4513 7053 1343 5174 4377 5400 5369 3996 6208 7026 5018 4751 3938 5699 4294 5909 1550 6979 4185 7592 3838 3022 7606 2229 956 6608 6214 6184 3234 2916 5143 2653 2753 543 2628 5226 3777 5866 983 5531 2312 5461 2944 1763 5876 8386 432 4245 2310 6312 6793 8149 1526 4406 744 8954 386 155 1718 3944 2647 401 4554 1287 8057 4965 2577 844 2227 8120 5253 1878 7591 4747 517 3023 7872 5782 3822 1052 8963 6328 7309 4309 4945 2590 458 5755 6781 4445 8454 945 2075 3362 8745 6530 8304 8047 6243 4688 5126 5993 232 975 3098 5969 950 7437 6017 5665 951 4887 3820 8242 832 197 8080 3425 4134 4467 992 4259 7012 5194 8516 8114 3036 358 8652 6975 5377 5446 262 3693 797 1108 3864 4139 4185 3290 4869 3997 6092 6473 465 7849 1612 6723 7735 8179 3671 5712 6774 2321 1170 3114 4635 5726 1250 2722 4024 8061 4089 3881 7759 4689 1853 202 7732 5381 2369 5033 313 1244 7104 6394 7011 1075 5465 827 1359 2179 1000 5814 6768 1414 510 1469 2884 6538 2834 6255 4283 8749 2351 7780 932 7219 5597 5778 6036 8536 4256 6757 4009 4918 1337 7146 3277 402 2428 411 8731 7365 4061 7180 383 6116 1329 4901 4308 7756 8239 8543 1477 3169 8198 768 347 1413 4254 2518 2568 1941 982 3473 4987 5746 1204 1641 7157 4731 1431 8022 2534 6103 3911 6735 2770 6748 4585 2020 2868 4223 6501 8131 1384 4242 8575 7587 6754 2341 5648 2065 3343 6477 6930 1826 2677 5030 4148 8260 1890 1008 3098 8220 1412 8602 494 7833 7928 1337 1873 6659 2147 7534 55 2063 3424 5251 5520 768 3234 3178 957 2862 8306 6083 7470 1593 5037 2875 1857 6474 6631 7799 2435 7296 3256 4487 4150 5847 4921 7026 563 7244 3368 982 2249 2819 2975 4213 8923 2496 5509 7069 7040 8091 230 7992 2387 3672 7517 7068 5173 8483 928 263 3531 5469 6984 1581 1032 1213 6089 4471 171 5728 3072 8399 8688 4238 6239 636 1525 2249 7173 1698 6944 7223 5373 2924 4818 8908 974 7806 3788 4862 3816 4580 7858 1486 4768 3993 8701 4934 5663 2131 8349 6189 5632 4207 6782 8937 1563 1235 1873 6693 4049 6821 2851 3726 2925 3551 426 1936 8637 997 8116 348 4468 5432 2223 4053 2070 3960 3951 4861 5280 3425 5402 7759 8547 4971 5499 6047 2044 5197 4344 8207 8598 779 8440 4022 6633 1797 2639 8090 7679 5595 3860 6060 5569 1494 3698 3434 3805 5662 2253 8837 737 1449 1749 7693 2142 4596 7690 7433 2549 1496 7512 8719 4792 138 1837 2764 5783 7448 6365 7878 736 2682 6599 4598 4369 2749 8484 2698 5548 8176 8504 6693 7969 8231 6030 631 3692 4168 5322 1571 7161 4819 6925 6010 691 7541 3591 3027 8731 508 8170 8817 1668 5544 473 6857 8637 6877 8721 1365 255 7457 3071 7036 1797 8422 130 7839 3592 5762 6837 5530 8802 2545 2025 2444 5945 8847 8132 963 6229 7853 5551 7156 5856 8844 4298 7297 6405 3292 755 6412 7739 8168 6783 7318 1721 8691 3699 2070 3508 3015 444 3099 2079 3878 1489 2296 6017 2802 5892 7411 7436 4855 769 4437 4107 6650 3255 939 959 3880 5492 2527 5971 4751 4103 5675 2542 181 8997 5367 6425 7254 5843 7896 4556 6296 814 5013 2570 3544 3147 8662 4274 8862 2078 8502 4492 6056 8273 1442 360 2622 8295 8965 4302 6186 8869 1553 7825 1092 6109 2838 6698 2520 5172 6246 5740 1205 5937 6052 4139 3026 5833 747 3330 2054 3505 4957 2983 4731 2794 818 5303 8799 5295 1932 126 3168 6544 5913 8721 3805 1533 1275 5231 3820 8053 3305 3045 6227 8406 7916 8376 8870 1567 6802 4284 7191 7738 7934 4126 3760 3456 5835 911 3720 1869 7198 5397 7580 103 5695 3631 7988 3099 1311 6135 4277 459 7138 1607 499 6646 6797 7851 3020 7139 7861 6308 4474 2029 3210 3905 921 4792 1627 7828 3290 3417 1266 3940 3725 3666 5907 1015 8705 8393 7403 5241 8532 4983 7262 3555 829 2320 8380 6557 7802 966 2959 8864 1213 301 7711 3069 1149 8278 385 187 2524 6103 4947 6625 6632 1753 7559 6224 4412 2929 3842 278 2732 1928 7642 1792 5408 4371 6394 4248 4699 6133 2627 4594 8516 6505 8994 6621 8451 2515 4479 2332 438 3355 273 5080 8483 6725 8963 7964 5725 8441 6002 6885 8299 392 6676 3649 5751 464 4376 8354 4125 7096 7586 3850 8824 8754 1254 6096 1956 1752 5671 5221 3062 3676 7055 7210 1138 3015 8216 4372 5405 6826 670 2920 4464 3126 1785 6086 1202 3046 4031 4395 4292 8380 7095 8846 1038 5945 342 6297 7440 1477 8465 6681 1374 6370 8811 4076 7231 5960 8919 1599 2996 6171 2647 6307 7001 5599 3792 149 8516 5454 70 4600 3147 5458 1597 7603 7322 3254 4382 4763 4293 7324 1811 198 5445 4258 8725 6322 6594 4181 520 589 4001 5796 4297 6570 5833 8134 4731 7436 2232 3858 1173 3155 6125 5754 7227 4554 2451 238 2228 8056 4782 5367 5473 8181 2782 3061 8672 3037 8553 3770 1505 7687 6468 6366 5988 3250 3967 7348 5322 6562 499 3305 4443 983 7355 7240 2441 4230 3721 138 4452 4802 1691 5742 8985 874 1856 5508 791 5615 3690 6799 8830 8001 2858 7272 4171 435 8392 6717 6149 6319 3165 6549 2958 5423 2520 2621 117 3769 4755 6252 1790 7430 6931 4222 1762 4552 4096 955 769 4542 5441 1155 6562 6736 914 4883 2153 8447 8027 878 2324 1599 5270 4405 7478 8054 4590 8732 1676 7773 288 2405 5967 4672 4840 4737 3590 3112 1599 4688 4577 2901 110 7159 1961 7800 8577 5520 1568 4845 3740 146 3177 5562 7572 6230 7351 8411 6651 4377 8350 4920 5182 8104 1882 5425 4666 7990 5809 6140 6347 4291 3744 5203 8288 8466 1544 8185 6334 8491 8988 6412 2227 2056 6707 2265 5 6717 314 1662 4986 4591 6687 4765 6681 940 7303 1711 391 3166 6086 6422 2508 8393 5992 3796 7343 720 155 6870 6394 4447 1726 7892 3678 6560 7287 6666 1282 7155 4779 3984 1909 7872 3982 4832 4128 6338 7859 3193 1868 3730 5152 2999 7114 2256 6665 3875 1905 3645 3258 4103 6059 475 5166 4415 5022 8391 3595 3734 5768 1945 8608 6939 8255 132 6691 1436 7009 4488 4615 2908 4535 8127 5365 6039 1747 5393 7213 5582 2081 4850 1937 4731 1026 6471 6769 5357 3519 4886 1397 2746 5320 3868 7249 2950 1127 8967 8513 992 3944 8821 409 5213 1971 3211 8589 3969 1891 8376 3792 2450 8456 7379 5014 8496 3460 6271 96 6083 89 1270 65 8022 3691 8895 975 4510 3387 1746 3571 6963 4309 4493 3662 5491 2390 2749 5675 1915 7971 5831 4483 2713 8407 2761 3133 6289 707 6837 3657 6601 8165 6235 7382 7079 8786 1703 8881 5090 3250 4299 5237 8256 4566 5853 3901 1766 4293 7322 6421 1692 4434 8790 8729 8686 18 1569 2922 6032 3934 884 1073 6831 4436 4689 6488 6696 5352 1210 3218 2197 4315 2631 3483 8654 6806 7713 2121 870 3421 8390 6606 2848 7719 8975 8063 4094 7367 4074 7574 4898 3649 3235 824 2180 6427 7262 1429 3185 3146 7392 5680 1314 3613 4891 6990 494 6997 4977 2901 4989 4589 3707 809 4715 4034 5901 8031 748 5134 847 4147 6532 7232 513 2006 8548 8977 4196 3844 3093 2309 7618 6392 806 7479 5732 5693 3653 788 6270 234 4564 3615 8911 6276 7268 7381 1764 1692 3744 7146 6389 2551 8843 2561 3153 855 3530 6321 4734 3441 966 1000 7786 4765 2136 2448 620 2583 5505 8781 1311 7148 6973 8958 6685 2104 6849 3859 1751 746 8209 4772 3493 8582 3331 7612 1915 8291 5130 914 4645 2810 2712 8852 223 1561 3348 6220 6885 7685 8216 6753 7372 4883 742 5422 844 808 7076 642 7177 6057 5360 2250 3284 6884 2459 7425 1126 5770 3579 3970 4441 5155 7350 310 4062 2650 7825 4868 5335 1047 5703 5228 4076 4548 1423 3159 3372 3707 3658 6581 5918 8240 2290 8072 632 2773 2489 7135 7484 4394 8422 2197 3216 5711 1122 8786 6027 6293 5394 8205 7973 2194 1400 6128 2779 8963 6764 8803 4376 758 1763 8080 3931 8707 79 8128 7635 802 8399 5791 5132 7890 1500 4056 8975 2157 1933 645 4269 4904 6949 4027 1933 2922 866 8521 3716 5290 881 3872 8759 1129 8693 5119 226 8642 2486 396 6059 4230 4016 1812 8084 477 6572 2622 8280 4873 881 5435 4377 7149 1807 2237 4200 5329 3174 91 7899 5251 4153 8602 2860 5898 3166 968 2346 550 1287 6754 4289 2140 362 2223 7974 8529 6729 8296 2066 2860 6716 4143 139 8481 361 2094 3596 7942 7484 5828 4547 8544 6539 8789 2732 874 7853 7110 8601 6757 3825 2706 1502 4822 5185 5724 7921 4622 6738 7724 5187 5357 7570 4276 3999 2869 555 4071 711 5169 379 1113 2439 1345 2578 5599 712 3515 6253 4891 4451 5386 7849 4704 4184 4116 5152 4284 8055 2742 6777 2167 7332 6806 299 3225 8347 2342 3500 125 5823 2023 8289 5072 5542 1185 2793 1055 86 5851 5977 5547 1927 8900 8480 1724 8863 2579 6520 1094 6872 2982 3416 4445 5463 8991 2651 6377 8655 3671 3272 6650 485 3926 2176 2936 8630 2405 8341 6239 4978 5513 4937 8378 6040 4283 7253 6171 2965 3721 2809 3856 1078 1152 2085 546 7732 3146 2516 4879 7825 6760 4450 4066 6827 5758 2208 1266 4303 4828 522 2007 2451 3207 3403 960 1016 8388 5059 2100 8777 6314 3288 870 6839 7314 270 2922 8051 7958 8884 6054 6059 6247 5837 3175 7698 6860 6945 7337 4221 1656 2705 7758 8555 3424 6151 7599 2525 8844 8363 536 4548 381 2263 239 381 6864 2325 3141 4928 875 8839 6167 3528 2310 3633 3817 5475 1280 6413 4671 8932 7115 5832 3680 3493 494 1950 4037 619 2363 8493 3724 6332 6578 1130 6820 8639 8010 108 6844 4669 6771 7997 6288 1132 2227 6736 2388 7598 3416 3360 38 5817 889 5883 1404 6596 6669 5115 3395 8693 6433 7702 1332 5704 4771 5132 3694 6027 3062 3304 4718 6656 8893 7537 1612 4324 2203 8256 7753 1433 7682 5771 7609 5740 8802 5872 1334 7304 880 6502 3094 82 3984 7117 5782 4371 8231 2651 1641 4759 6570 2173 5408 6416 8817 5236 809 3331 5393 5299 4506 5653 8886 7335 4019 5521 8237 5212 727 8702 7384 8097 7337 4877 4187 8920 8278 7910 3224 5413 4333 5245 4163 5744 4741 1786 5658 6720 8103 5828 44 6343 39 8364 8274 8211 3884 8415 2432 4895 3963 2492 4048 2354 6039 4602 3081 507 5635 5017 1735 2305 8129 8462 588 4902 8690 319 8980 6828 6909 1840 5970 6031 2314 626 3838 7313 5663 6908 4708 4829 6201 3044 3142 3097 7200 7886 8240 4406 5751 873 4465 7976 5689 7067 2202 650 8357 1280 2594 4237 3062 1871 7488 4776 485 985 1168 5169 4744 4065 3391 7546 4483 7949 5855 6584 5568 8246 8019 7421 6686 7901 1238 187 4729 4108 770 3595 4262 4515 962 4763 8317 4010 4167 7535 5164 5195 8177 6257 2124 8869 6355 4990 956 3786 3069 2078 565 7080 1766 7064 6242 2602 4505 6593 3558 1540 3735 5447 4921 4400 6224 2427 4405 112 6978 5363 2509 6518 1219 555 5236 1877 6944 3180 297 6544 4696 5311 2151 5408 910 2101 1633 1001 8042 2669 3177 196 4478 8344 1482 8032 6778 6625 8731 433 1286 8790 8919 6145 5747 4089 8185 6967 6921 3980 8349 2931 1467 3806 2503 1631 8860 4683 234 5474 6432 3779 3841 7243 3702 4078 8504 4566 5756 2037 3239 8262 2327 6130 5945 5910 8973 8126 4054 8497 5677 4054 450 1930 1960 8327 8875 1820 2395 5363 2342 4123 3740 2061 1402 1305 3362 6277 2357 1151 8073 4782 1548 6000 1499 292 2194 575 1298 7383 3817 8256 4467 811 3229 5764 139 4499 2903 362 6875 4377 6013 6773 2593 7041 91 7147 5995 4727 925 6052 900 1987 5725 217 3550 4097 5853 5039 684 1814 4909 1733 1435 950 2023 3521 5011 4638 3060 6003 4502 7204 6938 2303 7506 8083 5333 6200 5392 275 6959 968 1778 3121 7749 7313 1696 4801 7139 4934 7949 1518 5053 6180 2422 3972 1663 7940 5260 2095 8915 6352 7480 3003 7981 1928 1713 6055 5965 4581 6391 3839 635 1053 6560 4098 5243 1992 6528 3051 6450 257 4981 132 2338 2317 7545 2820 756 3649 8632 5637 4238 2100 1630 8652 8787 6147 5044 7140 999 5252 2900 8779 2746 1620 3978 5682 7948 7270 1914 4405 2675 1398 3803 2547 4259 2912 6081 4072 16 3283 8648 6380 2189 945 95 5416 8540 724 4226 1795 1272 2982 5773 5310 1634 8253 4267 4388 4978 8298 526 2319 5477 6695 7689 6028 449 4612 2314 6021 928 7818 7875 3296 4187 600 91 3149 7356 3130 7896 6422 719 8991 42 2637 2227 2176 8113 2688 8587 5914 4321 8699 5271 7463 177 8765 2224 5439 1530 2 7199 7018 6530 3254 776 746 2305 8478 8395 7256 7328 7274 8929 6201 1449 172 7184 3047 8508 4124 1920 7674 174 735 902 8512 3785 1266 8388 6611 7737 845 7274 891 7738 8260 8422 2698 2704 6734 4400 1797 8086 5005 5778 7729 7397 7749 1498 4170 2817 5627 7031 5527 5989 980 8909 514 7534 3692 3666 1358 862 5291 8599 3853 6368 1336 2949 3799 5413 6151 2511 4228 5547 6534 7874 1501 8899 8436 7159 3342 7031 6577 6507 5973 534 6176 8968 4091 3551 8621 2232 2977 862 2959 5109 2870 8985 4553 4566 4390 2965 6210 6814 4734 733 6584 509 4006 1823 6592 358 4462 7995 45 2096 2335 5168 3307 4006 978 19 4390 4976 4529 952 265 3554 4247 1396 6817 2443 3821 8684 6226 916 1045 3722 7491 7167 5207 5926 3350 5077 8003 8604 5243 7870 1786 8520 6355 3349 30 519 663 8787 8973 1693 2969 1771 3307 3826 8914 939 990 3751 648 5780 5383 5907 1404 8091 5321 1766 8496 1468 8954 2133 8835 4651 128 8667 41 300 2799 6569 2643 588 4093 5697 1360 3026 4992 1482 4018 5388 3624 3162 2443 7700 2559 1317 7284 6237 5682 4803 303 905 5080 342 3633 677 2282 7746 3694 4097 1134 3941 4666 1039 8465 8571 8386 7562 5160 3113 2663 7418 8108 5361 757 1076 7646 8878 2429 7095 6354 1762 2056 3396 8350 288 2544 7495 5682 8706 4284 4577 8669 5004 4349 2646 1906 4522 6506 8790 3787 4481 1601 1653 7805 6283 1069 5026 4160 8699 1385 8526 6156 6604 1506 3158 4316 4650 3358 4125 7951 3951 4978 6903 5573 2232 4057 5932 2303 4647 5721 2018 6095 6438 8540 8395 4863 2737 6758 1923 4935 1936 5826 4690 1784 3376 3337 6814 3926 8950 3452 2921 6134 3063 2740 1901 721 5868 5902 5185 8153 5974 8490 30 3592 121 3559 5791 520 6394 5096 656 5069 130 4654 3964 2344 1705 1864 2805 798 8690 3646 8890 2122 31 7755 3478 8617 5017 3914 8483 1841 8677 5514 6691 6847 5459 3867 3329 1888 6004 3591 1101 8191 4502 8084 8282 6505 1549 8657 4472 7975 6833 358 2776 6852 7384 8671 3841 8733 647 3321 3156 8762 6041 5682 4904 4992 5141 1206 5862 7222 7449 4317 5230 4514 3041 6489 3040 4979 228 2375 4572 7838 5774 7087 4822 8302 1504 1466 6264 8432 2629 3484 1549 8725 7534 4883 2242 4879 7606 5582 1614 6197 3193 3031 4164 6851 3985 7781 2123 2261 4818 7580 899 1164 6965 1577 96 6277 3760 8378 1855 4252 7629 6413 7616 1415 323 7113 3061 2941 4211 7192 1826 4667 8899 7569 7443 7852 2816 7153 4248 4952 3766 7608 3638 6098 1023 7009 2126 3727 2296 6082 5088 3334 7114 3796 1557 4316 4426 7333 7128 3315 3863 5335 434 1001 8129 6026 8118 2181 3681 571 6485 2682 2514 3317 724 545 3136 1905 8962 8902 6659 6017 3171 746 8385 5057 5600 4666 821 6688 8616 6229 4738 3628 6608 6774 5121 6536 4432 138 6660 2554 7051 885 5663 2547 1897 8671 3324 8249 250 1939 6406 7791 1005 6401 5113 4796 7107 6095 3757 3490 4472 827 7175 5633 7472 5965 5191 8355 6871 1740 7586 6584 864 2543 828 5358 4961 2497 6190 6853 6396 8542 4687 8145 1907 4088 5722 7052 6903 2910 7419 5825 5083 6755 4661 7386 7355 8780 5313 1543 7300 2919 4545 323 3423 3592 2175 3479 1588 4486 1802 7211 7726 2640 3110 3194 5230 187 575 4357 1089 5623 2586 5179 4512 6309 4592 8033 8760 4994 7505 1323 6552 1594 4047 6604 7914 1390 5245 2490 5999 7872 1266 1722 6064 2389 2497 1980 7052 5702 2627 890 6590 3292 6076 2114 2566 4783 8956 7491 4995 6769 3029 6275 7611 7452 8256 6696 6769 6543 3253 6623 5536 1099 5112 6039 6295 7132 4175 1557 3783 8582 4075 189 5037 4738 2378 6669 8973 3395 504 7801 2894 6090 6778 995 2007 3850 6163 8572 8690 5537 5340 237 7298 6556 5239 1527 5727 4343 4539 8827 5618 711 270 8095 557 6590 4313 6376 1272 5736 4933 4522 6223 4124 5660 8492 7587 4200 973 1208 3999 825 7833 5797 7504 8936 5510 8001 8876 5647 8784 3743 5728 6638 1931 802 44 4015 5820 6755 4561 267 8408 4394 4835 1022 2975 1741 7106 7032 4925 105 2904 1426 938 5433 2826 6282 4383 5546 8275 5619 8267 3610 3447 715 3123 7019 6127 3825 2632 1891 6836 3569 4107 5554 911 1975 392 523 32 3686 6293 5429 4714 4692 3249 3732 8391 1649 4311 6129 7853 1427 8869 453 5461 6273 456 5235 3039 537 6956 6295 5429 2605 5079 6217 2993 2953 3933 7802 3320 8473 5554 8183 3655 725 2676 6831 2146 5128 2762 7697 4169 3707 3485 2777 8655 4390 2179 3620 648 3992 1574 1214 6607 4410 2732 4262 5565 5069 7862 7300 6676 1070 4778 5908 5519 5286 1719 1214 4575 5924 7294 5925 3740 5607 8952 6817 2581 2932 5640 2614 8611 3942 2071 4221 4272 8016 5542 1005 821 6366 1007 7983 3572 2225 8783 330 5300 3549 8171 7824 4847 7498 4961 4222 3241 6184 5682 3532 7080 8072 2444 7830 6325 1655 3541 8316 481 5185 129 3772 982 7551 3547 8400 587 4028 810 1185 1882 4422 3713 4260 8354 6318 269 2284 3767 26 7198 4893 8458 3606 7622 2896 1967 8663 5622 2737 3292 5027 3789 7276 4935 7871 5274 2158 4685 6737 7471 1865 7100 421 2491 8224 5337 8794 6993 8103 5235 4076 7759 5549 2020 851 7220 4294 8655 6044 7 794 1319 3592 7140 8042 5733 4732 5732 6709 1430 5262 8823 6255 651 6166 3785 2704 5256 3828 8316 8771 6054 1912 5874 7422 3466 3547 2563 4556 6056 1629 8258 6000 1560 1618 4337 4775 1274 843 1540 8135 3330 5802 8053 2432 1057 3596 7226 8409 2528 5906 3391 3763 2868 2479 1644 6012 7180 8294 3245 3429 6543 6425 6127 6223 6068 8363 6444 4293 6137 992 3228 1566 3259 2766 448 2289 655 7418 784 7691 6972 1581 2904 8668 3422 2086 8538 6707 6755 3311 5735 7477 4687 1771 2643 8985 5848 1875 763 2687 8915 4586 4675 3838 6876 3439 7390 2949 2526 7073 2763 5713 4219 4768 7209 8392 2350 4209 7638 1685 4415 3765 4391 8795 8835 6115 7180 2535 8486 1686 7511 7604 5480 7993 2826 2687 2230 2023 3721 5735 8242 4925 5166 8524 5586 3570 5084 2165 6064 6174 6241 2702 2618 6491 8506 5323 2193 6003 5182 800 3963 3713 8158 1208 358 3973 7630 5437 4536 5902 6211 530 4012 696 762 8424 6919 1172 5076 4044 3602 5658 5137 3358 2827 6771 7455 3996 7439 4007 4233 7253 4363 1910 3197 4476 8490 6655 2562 5036 1246 6 283 4868 6394 206 413 4954 7752 6099 7272 8160 1198 7958 5118 4205 3794 547 5030 6200 2179 6504 8336 2976 2321 270 8715 4730 6178 6933 2795 1240 2693 7067 8131 4445 1213 957 8115 3275 624 6131 2025 169 1358 2968 3064 2156 2497 1065 2 7862 340 8676 690 8141 2761 6904 5844 1809 499 1912 8784 2367 6404 2185 7555 7213 5236 1355 3175 2082 7343 8444 5122 5495 2904 6136 8352 5858 4208 8604 694 751 4476 6052 6786 4368 6693 5563 949 541 3427 2295 4484 35 132 4584 4297 7577 5889 1519 4712 6406 4938 6887 8386 4637 1533 169 1909 2603 3446 184 8169 8348 709 601 5195 2713 1628 8888 4824 3069 6559 3535 3120 8046 5542 4137 469 5100 3066 1048 4854 3143 2965 6345 3254 5354 4796 7650 6420 2554 4272 3079 209 6196 7088 6404 4441 5170 992 2180 1623 833 3258 3548 3091 5850 5321 6698 1717 7416 8728 8864 4857 6914 4066 751 8045 1007 1581 5350 8436 16 6205 3917 6438 2673 3926 5315 1778 5453 2071 6712 3931 4344 8193 2873 8335 8470 4627 743 2091 8483 125 5283 6249 4513 3404 1318 6494 5416 5679 4585 1993 8391 4879 6541 7447 4948 1278 6279 4590 5500 2330 7053 845 6798 3067 8060 8238 7742 1763 6457 6867 6196 4374 7320 7266 3266 8742 5119 3579 8291 3680 5668 19 154 3640 3549 211 1420 2403 7890 1304 2012 7576 2829 8305 7689 3810 8936 6041 5097 6166 618 8570 658 8958 478 2902 1136 3862 1794 4960 2709 4358 2410 1872 1527 6844 5501 7927 2318 105 4426 2776 8663 314 6620 5499 6702 3523 8825 5828 8004 4325 7128 1768 3516 8214 8838 3891 7688 795 239 8779 5000 4762 7825 4276 3446 5737 1154 6435 6462 6749 7890 8595 8049 1303 1953 1293 7046 5803 4470 5739 5749 5219 115 6436 2121 4808 4569 5063 829 7013 5557 7741 4248 4911 8392 8426 4019 2018 5358 7476 3606 557 8622 3346 5405 3943 8885 6661 8279 4584 1895 3107 4461 8267 7777 1072 8505 3955 5945 3112 7091 7621 4769 4155 6930 2041 6536 5291 8139 3192 5075 5795 5609 8765 8096 2304 4988 5270 1678 2741 6442 8418 4626 6803 1495 2493 1392 7703 4284 2796 2369 2077 8477 8773 8019 6102 4239 1984 1234 8755 4459 3544 844 235 7512 8847 5999 7077 8086 559 5413 8995 3210 3329 8627 4095 4374 6844 1658 5393 1915 8105 1474 3783 322 114 8456 3075 4467 870 2411 8551 5778 3835 6741 7232 617 2660 8988 475 2327 6125 4895 1834 7996 5815 3756 3258 5081 1979 1201 5992 3667 2198 5060 402 4395 7664 5462 5093 1436 4744 7314 3791 5256 6855 8914 5238 4941 6742 7151 1756 7195 522 7028 6287 7979 2590 6365 1338 1616 7527 649 5540 6779 782 7683 4200 2461 8239 8217 965 3959 3172 5599 4379 5884 5120 2940 1224 3218 2588 4914 6537 1624 1060 1117 937 1743 6923 855 8191 561 8592 7056 1078 5519 5067 5108 7888 2504 1566 2252 8986 3148 3825 4891 5672 4690 8015 494 2305 6709 5080 3172 5216 7185 1155 4761 8876 5424 3694 5616 584 3248 677 4182 2321 2238 1296 8059 6407 1954 1432 2750 7916 5135 8119 1035 2792 7802 1311 7154 3721 3289 4898 7907 6593 755 4880 4521 1933 8469 7003 2849 8009 4572 5396 6434 6683 914 2575 1198 4657 3176 5236 5691 7357 4661 2850 1336 132 2601 2329 192 4176 4756 1280 112 8150 2470 229 4175 5605 5721 8455 2944 1405 5781 8680 1269 5517 3258 2789 528 2557 3120 8831 1225 8717 944 1633 4828 333 6611 1547 6063 7067 4928 207 1660 2514 7674 7817 3745 3530 2416 8604 4972 1665 737 2745 1472 5834 5492 5196 1774 5791 5940 594 1273 3334 3496 7372 3199 8878 3765 5579 275 1300 2828 6252 1744 6071 3410 7444 3325 8879 940 3920 3276 6687 3558 7543 4065 6030 8934 5631 1132 4272 6414 8227 987 4914 8133 3229 3019 3267 917 5793 199 4221 3564 7200 4182 5486 5036 5064 4944 5675 8396 2491 1811 115 5241 2447 1471 325 2274 5786 840 4843 7064 7280 6338 8140 8284 5271 8563 5069 2839 1838 4072 415 454 3307 2395 5513 2292 2410 2502 4857 8030 8852 2919 1077 6004 5455 7643 4996 1463 6124 2584 6095 82 3889 7624 796 1864 4313 3805 8429 7719 6099 7271 3872 6180 6180 2496 4916 7498 3729 5150 1996 4063 2618 4858 6895 5359 7945 3829 4194 2603 8457 7290 790 7746 8091 6494 7105 8766 8155 1626 8435 6724 5250 2356 7347 2133 6155 7392 859 6480 800 4196 190 8462 1940 2343 8849 5037 4479 6472 1765 4976 7254 6734 7655 8412 4855 79 700 940 3370 2981 4421 7390 6533 5007 2612 5394 6697 738 465 2183 4645 3644 732 6859 6884 8278 3289 2202 4206 8480 3885 7706 997 3532 5765 8069 841 5672 6976 2101 2449 3875 3099 5874 2433 6118 6714 5226 3725 7908 511 2902 4802 4508 3780 6148 6104 5406 3009 1846 2588 1259 8745 1183 1747 297 7283 8301 5261 1227 3930 7283 4319 8991 6275 1011 3651 4672 239 3507 6894 6647 7322 2972 4184 2302 3876 6706 4336 8924 7062 3907 3438 2232 5153 3921 8266 7229 1383 3631 3930 7483 6435 1414 3527 751 881 3883 8339 196 8192 2509 5273 3372 5226 6462 5509 8817 4739 2039 6933 3495 1416 6370 3084 8971 4222 3512 3634 3307 7196 6428 6774 5707 1962 4281 1768 7821 1411 6266 7563 3332 2107 6541 2998 5639 6147 7461 2297 1510 3498 1521 6611 6617 1053 689 2814 2832 4284 4997 3967 8609 3076 5679 4095 2653 3800 6913 1044 6370 5086 1158 7455 6389 1356 4063 7641 1361 2537 7406 4024 7435 2341 8473 4497 8113 1811 4793 5192 8349 3157 6551 8651 4081 7295 3488 7301 997 2681 4949 4179 4866 1874 3205 6408 8286 6453 5496 7471 2145 6987 4737 5329 3775 2144 697 3689 5778 5025 1675 421 7651 4359 7046 7154 4052 2028 3202 7445 2284 5997 5062 5131 1732 6656 
