// periodic
// number of jobs
1
// pi
10
// Cycle
100
// aperiodic
// number of jobs
9000
// pi
3 101 84 109 16 161 14 68 102 17 105 77 99 60 102 67 66 99 100 96 117 115 66 15 125 34 168 16 130 95 42 61 25 8 39 179 86 36 178 71 47 83 144 119 176 22 5 152 21 157 60 60 141 12 82 169 17 143 72 127 43 101 41 23 9 19 155 135 140 157 7 122 58 83 61 95 25 162 47 120 49 163 76 41 77 87 123 6 110 175 103 76 75 147 59 31 100 169 46 143 50 167 81 27 42 131 39 59 36 149 7 95 147 28 86 49 5 103 61 119 121 83 162 174 115 126 110 111 157 80 71 171 67 170 83 160 94 55 165 148 68 89 93 172 112 141 101 23 120 147 60 106 35 110 47 8 59 160 86 146 100 50 132 79 41 46 36 169 87 154 33 173 89 148 58 141 25 94 110 115 29 169 28 102 152 78 114 154 42 172 125 127 120 167 78 130 16 49 51 65 166 63 121 114 44 35 118 7 11 163 119 151 150 51 42 129 99 57 155 92 19 62 179 136 166 120 31 140 31 165 27 72 27 92 40 93 155 90 7 92 7 45 130 76 48 47 154 156 176 96 54 5 7 112 54 163 50 98 18 27 80 144 99 20 166 95 82 96 27 63 88 15 105 144 156 171 112 129 48 178 13 128 104 119 65 64 120 18 106 154 175 99 179 101 57 47 173 70 173 49 152 130 23 95 117 72 99 146 179 74 151 177 97 140 58 156 69 21 156 143 156 59 112 132 170 45 121 110 58 73 174 23 173 167 172 47 136 29 91 171 24 52 155 160 22 24 115 122 145 3 40 108 5 40 10 5 147 146 162 132 30 169 136 105 141 154 120 114 21 81 9 142 32 162 19 136 17 36 168 65 101 37 53 18 179 13 127 115 50 29 106 38 172 114 115 173 139 132 144 51 171 36 112 13 16 116 142 132 158 58 75 128 166 39 1 60 178 18 172 173 178 155 56 90 12 12 109 99 137 105 41 179 104 22 138 107 125 109 174 78 9 104 51 110 168 31 133 47 29 88 14 23 116 59 52 98 140 151 147 149 50 57 119 29 29 150 64 66 89 153 84 103 141 88 173 23 162 66 153 124 55 117 103 105 19 176 171 69 136 30 82 144 2 84 46 84 104 15 43 59 46 49 85 97 103 103 166 122 73 65 97 78 169 26 99 165 134 124 11 147 31 103 40 13 109 148 177 119 6 45 82 127 22 179 176 27 13 2 74 22 125 149 139 43 55 80 101 160 129 127 25 7 78 178 102 111 146 72 75 153 126 26 172 143 85 110 164 157 18 159 45 120 58 93 149 52 80 25 121 179 18 73 76 51 93 68 151 10 92 71 162 137 14 1 3 151 153 3 35 141 90 17 41 5 75 114 28 173 144 89 37 171 84 127 28 25 8 117 29 176 17 89 171 23 17 52 110 76 166 128 6 125 119 30 64 116 95 170 163 76 86 155 112 131 164 23 21 127 88 131 121 5 153 138 177 162 53 156 17 82 9 19 123 102 60 127 71 177 103 157 24 142 172 14 102 59 160 106 136 90 85 8 137 72 46 55 85 21 162 140 120 159 40 71 168 94 48 33 72 86 58 159 5 12 134 57 111 103 112 76 73 53 120 53 171 42 51 172 119 115 178 63 46 39 82 51 118 144 176 10 77 40 106 179 70 108 108 149 123 110 120 42 47 140 93 169 77 6 136 128 176 163 112 157 102 135 80 58 54 104 30 38 178 78 107 135 31 127 75 144 97 34 105 76 119 41 68 5 66 87 118 51 139 30 160 115 4 138 103 147 9 109 10 155 140 161 62 134 12 14 107 113 66 103 71 98 52 61 177 49 161 57 5 35 63 3 131 30 75 44 50 114 34 107 166 169 18 113 153 138 146 92 97 101 95 133 179 139 89 32 124 169 147 22 80 135 149 165 109 55 125 26 30 37 38 30 47 26 17 53 96 162 136 151 41 140 69 35 67 68 52 168 121 142 74 63 140 98 38 176 179 68 123 157 67 135 171 133 126 21 174 144 93 2 72 117 117 144 140 16 102 38 8 33 119 150 10 152 116 173 84 113 121 73 8 69 6 53 50 171 66 45 69 4 30 101 98 18 134 40 148 12 82 24 124 172 74 130 117 47 51 46 72 115 112 72 162 60 108 102 20 127 10 132 26 120 8 89 33 135 149 28 99 119 134 3 54 127 109 176 20 16 141 32 81 73 166 59 39 129 60 9 104 154 3 25 90 178 59 4 83 96 111 35 68 88 95 120 160 54 154 106 33 64 99 127 11 159 155 29 51 73 2 102 50 83 8 117 173 154 110 52 133 48 96 124 31 51 171 140 160 166 68 170 93 42 33 152 94 83 124 68 124 12 85 18 14 78 168 161 18 87 129 117 67 121 24 11 37 172 81 3 86 122 110 137 97 162 78 12 99 26 127 137 34 78 105 36 101 101 137 146 74 82 146 156 70 64 122 102 144 80 54 100 47 174 79 135 158 141 147 73 123 120 1 1 143 47 21 137 87 13 85 168 78 53 49 70 56 46 173 29 162 26 80 170 89 149 15 80 41 135 162 156 113 28 39 31 5 82 146 67 161 159 131 118 32 121 108 40 84 111 159 141 10 124 97 162 74 89 2 88 76 81 56 147 3 100 84 124 18 165 38 131 114 163 112 67 45 57 139 1 116 19 179 152 125 72 172 52 176 156 131 34 30 23 106 5 109 32 12 115 61 89 136 117 175 12 152 125 44 6 26 32 33 48 52 156 177 141 158 72 33 79 97 133 146 135 50 78 171 66 65 103 15 151 60 75 78 129 80 170 42 15 117 144 153 133 90 30 132 99 46 140 171 38 123 42 167 63 86 117 60 12 122 92 173 21 147 163 166 103 131 99 37 41 151 89 49 164 1 119 137 85 59 83 122 19 171 77 126 122 83 144 22 85 33 99 118 126 174 150 140 54 104 11 89 15 141 31 28 136 162 115 55 136 61 23 17 154 160 133 160 9 43 55 74 142 97 160 47 161 90 56 105 62 17 90 112 140 60 151 167 139 35 137 117 88 57 171 120 124 174 78 63 93 107 161 50 159 146 104 99 146 102 63 86 65 3 50 56 70 132 148 133 153 155 171 17 119 152 138 150 48 79 127 44 34 102 41 12 51 119 139 132 12 176 27 146 95 62 175 110 120 38 132 15 121 105 57 53 71 89 160 50 68 147 156 2 116 4 145 100 174 86 149 68 56 69 41 78 41 110 32 6 2 146 19 107 98 175 135 143 37 12 36 64 116 163 161 157 94 143 15 126 100 124 166 95 105 55 22 152 114 26 45 11 80 13 173 118 65 42 85 65 93 103 28 170 74 147 113 73 13 122 7 11 55 98 151 151 102 160 120 26 76 174 111 13 101 135 57 142 115 8 117 145 24 11 113 100 159 133 54 100 31 64 132 84 129 43 9 61 92 59 145 30 172 169 66 116 70 163 114 55 101 48 150 116 127 101 13 131 43 86 4 4 120 47 69 143 2 32 36 82 95 160 113 53 151 2 119 154 176 41 89 100 66 13 99 7 118 68 70 127 80 29 154 64 120 89 50 51 177 75 122 13 10 27 20 137 65 109 35 81 99 134 152 142 134 101 70 173 92 21 20 137 21 154 174 36 102 145 48 39 151 115 15 89 112 66 110 26 85 63 89 53 116 157 3 18 124 12 178 171 165 153 56 78 129 17 26 62 179 103 76 79 24 166 119 117 154 160 65 41 114 82 60 21 59 15 79 13 124 174 91 25 78 173 146 153 51 85 108 4 158 92 63 10 54 123 27 69 146 165 101 29 146 163 68 161 89 163 104 25 67 76 56 14 99 129 45 47 118 128 37 177 162 154 52 32 104 56 56 4 167 78 22 91 92 17 133 109 123 160 157 29 14 126 65 38 49 2 116 47 86 109 73 44 164 178 118 83 155 81 135 151 74 40 11 125 37 133 170 120 40 86 123 44 51 133 109 121 86 111 173 125 99 153 19 27 12 71 154 37 138 54 114 178 79 32 123 165 99 19 47 82 55 10 70 135 106 53 75 114 89 62 109 99 179 39 49 65 76 65 31 137 112 137 90 23 97 35 77 29 44 134 14 155 109 165 32 6 19 94 163 11 107 172 119 168 91 66 114 10 129 159 1 19 32 73 22 32 100 88 126 108 12 149 56 156 177 172 38 138 96 146 92 73 44 150 23 43 171 146 160 16 76 41 111 71 74 23 53 86 18 73 101 170 40 120 43 143 47 112 175 158 8 70 74 44 174 104 19 133 135 161 158 99 89 160 120 106 15 13 129 105 124 136 23 80 173 147 149 32 5 23 12 108 173 45 92 7 148 95 92 154 69 51 81 2 172 142 31 78 155 47 62 60 81 57 32 50 69 137 89 33 21 168 121 6 98 46 169 90 62 77 119 146 39 177 16 36 137 35 6 42 63 39 18 146 80 76 164 162 7 119 100 139 48 18 159 158 68 28 100 70 146 15 78 64 17 84 66 10 57 116 39 135 108 151 111 106 41 161 167 88 161 120 94 38 175 95 61 133 39 60 95 4 96 106 77 155 87 179 61 5 34 167 81 93 113 67 10 104 126 8 44 100 114 81 161 117 94 159 177 74 3 160 121 58 66 127 98 93 162 88 4 97 146 8 87 135 68 145 4 53 140 94 99 67 125 168 2 21 50 73 75 119 79 87 138 29 24 64 68 150 160 90 119 143 147 2 40 133 57 32 102 11 108 136 128 6 22 47 135 55 23 13 161 160 76 136 175 132 32 127 103 109 176 143 81 86 168 66 92 165 102 45 14 49 158 73 46 84 4 7 115 174 145 133 112 107 66 134 34 165 16 81 109 48 84 103 136 132 25 158 146 40 11 80 46 63 72 9 30 156 147 168 139 147 57 148 170 137 71 116 83 100 179 37 58 138 75 74 7 106 145 26 141 119 3 119 102 113 72 150 96 150 23 106 4 32 16 133 112 134 62 116 143 8 105 173 35 96 144 24 9 158 9 17 134 179 130 50 170 73 37 15 54 106 110 120 47 146 3 58 138 23 58 79 8 61 107 2 17 49 106 79 129 172 127 41 107 129 171 63 58 25 156 93 107 138 14 32 83 46 5 62 94 123 79 135 95 104 54 75 39 158 56 53 139 46 128 17 139 13 132 11 86 107 118 86 127 111 59 49 29 134 74 55 122 125 114 162 89 131 18 131 91 119 159 176 16 34 173 173 144 53 106 125 177 160 137 170 121 89 43 164 109 40 39 126 135 102 10 166 49 165 135 152 18 72 18 36 110 54 143 44 163 104 119 22 39 159 29 128 160 23 111 127 78 150 169 108 125 4 161 82 134 146 42 13 104 95 70 117 122 61 90 164 41 33 144 177 75 53 177 48 30 99 140 146 155 147 44 115 36 69 12 78 23 138 65 62 155 161 97 126 158 40 1 174 155 77 36 106 23 11 122 179 68 54 30 65 20 56 85 178 17 151 19 52 21 46 157 92 4 29 137 42 74 63 35 71 41 114 121 75 149 125 74 172 114 141 8 89 108 62 114 120 116 14 64 129 146 65 18 105 47 72 69 60 5 21 77 13 44 59 51 42 168 128 153 105 1 12 173 95 167 124 19 109 98 140 140 16 150 16 3 129 53 27 170 129 138 176 47 166 71 76 134 34 144 173 14 90 94 15 110 38 173 146 69 152 90 26 177 112 30 174 48 118 87 160 166 120 175 106 89 136 49 71 42 19 87 179 16 72 90 55 4 45 126 140 9 81 116 151 158 122 150 76 175 46 124 23 99 169 8 132 154 49 8 81 61 45 65 140 105 58 133 121 80 64 137 37 80 157 138 100 123 109 133 37 95 122 169 27 13 49 103 4 165 85 55 70 15 4 177 131 164 62 9 29 29 162 157 145 78 63 119 39 68 160 154 5 40 27 34 63 167 169 5 142 152 179 117 75 56 103 52 9 172 151 15 83 65 58 74 104 31 58 117 13 159 85 67 63 100 97 156 153 29 94 110 165 28 155 114 97 14 7 152 59 147 103 93 118 121 116 86 175 66 104 105 175 122 43 172 150 156 76 142 16 168 9 152 140 98 135 53 135 130 155 95 24 48 58 1 94 92 120 110 76 46 10 174 172 162 52 45 70 97 6 63 45 113 133 116 116 123 4 72 22 31 64 28 56 44 11 124 161 138 85 113 91 78 78 163 162 57 66 161 102 53 170 153 60 125 143 9 108 103 134 31 123 134 142 85 99 112 148 120 147 39 65 39 26 97 89 2 44 158 29 109 80 120 107 75 113 127 169 156 20 116 117 57 109 37 117 43 142 154 147 73 81 95 173 37 64 72 28 119 94 94 133 148 114 61 171 4 133 173 124 165 116 116 20 107 29 171 77 130 5 69 40 158 29 52 86 126 132 4 42 44 72 141 156 13 141 45 98 56 44 103 175 148 47 24 58 165 9 11 105 60 95 158 24 6 78 146 52 179 155 18 9 65 103 105 115 72 74 149 134 166 97 61 55 14 12 70 105 38 174 140 44 9 97 92 120 110 122 76 109 169 93 99 144 10 56 149 4 58 105 15 87 101 144 143 46 22 113 4 34 15 121 42 125 13 20 5 146 126 158 30 83 147 158 23 142 61 121 5 82 48 70 141 86 18 143 73 72 45 110 8 101 15 51 107 38 61 166 167 98 63 90 40 82 60 26 30 142 151 71 143 171 125 123 26 65 61 121 44 165 131 154 63 19 99 10 100 36 149 143 168 144 98 44 88 101 143 61 36 33 173 66 133 77 95 32 171 122 28 52 146 85 93 23 166 167 41 12 122 104 99 54 45 94 109 91 2 146 127 10 133 37 111 73 153 149 67 111 76 76 82 178 3 87 25 107 141 88 55 173 54 85 125 59 32 61 27 74 151 55 124 138 150 122 119 95 148 126 29 171 173 18 161 2 6 98 9 118 113 72 44 88 50 138 57 123 111 39 108 112 11 46 154 48 174 11 49 40 166 117 100 99 138 62 145 134 52 157 39 3 152 157 30 63 125 27 4 10 23 10 143 92 96 44 11 23 135 8 146 116 57 162 134 46 124 175 70 2 57 134 82 161 171 56 11 96 102 142 21 54 138 54 75 174 57 82 58 36 111 48 132 45 152 89 162 142 91 9 163 146 119 112 101 166 6 94 31 42 28 115 51 6 35 121 4 121 60 129 90 63 71 145 123 130 116 113 92 70 40 58 165 85 36 31 8 144 19 177 145 25 160 157 95 8 141 92 39 115 179 172 148 30 114 128 132 111 93 68 10 101 36 52 103 161 121 142 176 93 125 170 114 60 1 40 109 159 21 51 161 82 128 38 33 86 23 53 119 75 160 125 149 35 161 45 98 111 143 59 103 54 117 63 150 152 176 79 84 29 11 50 64 11 45 146 101 25 47 133 147 68 170 133 79 121 136 143 162 3 7 18 15 143 163 130 35 149 51 151 12 111 80 18 14 30 53 55 135 16 71 77 177 39 52 62 153 62 21 60 42 102 61 111 20 19 76 138 155 15 82 35 154 4 14 90 145 63 42 23 139 2 61 129 114 5 54 171 157 112 66 168 162 13 177 81 168 69 145 99 157 174 123 90 115 50 43 18 125 134 171 27 58 74 109 67 18 137 162 136 161 106 156 2 159 18 67 102 127 179 16 26 157 72 162 88 114 161 29 124 87 151 5 11 62 175 161 124 159 125 178 5 83 123 135 146 175 83 113 179 52 23 87 39 164 64 136 16 165 22 15 75 94 166 112 125 102 83 64 132 164 15 70 124 168 57 35 168 150 26 63 81 11 12 105 133 31 21 11 51 149 67 56 147 66 110 5 80 68 168 110 150 1 141 66 42 65 113 168 139 2 114 67 73 119 88 176 96 86 161 153 99 175 4 71 12 81 151 22 28 2 132 96 59 118 53 27 6 145 166 63 60 118 112 162 59 7 157 70 2 30 117 66 32 96 137 28 34 51 164 67 53 132 9 53 22 56 70 73 9 102 7 12 53 109 135 171 173 169 23 84 30 73 149 127 149 9 131 6 57 30 150 9 83 77 118 73 114 133 93 20 70 39 125 126 3 151 109 49 38 31 144 69 12 10 62 68 162 80 67 60 33 168 73 159 103 25 138 126 33 127 42 129 99 74 170 11 136 145 55 37 28 108 166 26 21 172 57 8 77 30 9 50 74 92 45 49 124 30 166 105 33 48 178 130 91 157 106 78 144 172 119 179 114 144 46 119 58 87 97 90 130 24 41 127 147 175 66 116 18 158 4 171 122 9 109 1 83 75 4 104 139 158 160 44 72 79 6 45 86 177 21 142 90 79 158 36 132 117 103 27 24 88 124 45 156 18 169 46 91 30 125 133 138 91 24 134 168 21 69 176 90 52 120 63 179 147 26 17 98 144 79 123 173 126 58 42 170 46 47 146 23 102 70 99 70 38 162 133 142 140 41 176 97 19 27 103 77 21 141 11 2 99 63 169 52 48 106 151 9 128 55 150 123 18 75 52 88 127 68 133 165 82 152 173 4 50 20 143 120 20 161 53 93 162 121 122 115 11 44 21 129 99 172 6 63 85 126 53 146 108 29 75 90 158 95 54 176 148 39 86 140 72 65 66 23 133 128 24 64 159 130 116 71 88 78 22 62 118 62 179 50 71 161 139 164 123 69 120 119 58 170 85 87 121 40 73 96 112 157 94 84 158 2 60 44 118 84 113 63 172 119 96 7 176 108 83 67 41 36 100 161 156 15 60 34 35 98 25 119 178 135 49 86 70 60 139 167 61 179 148 48 159 30 32 43 56 149 105 119 56 138 125 1 6 49 114 41 54 33 23 18 44 114 152 10 55 5 26 86 75 76 39 66 37 171 150 2 165 42 109 92 117 168 110 12 118 148 93 24 138 85 115 92 123 52 159 164 160 58 56 17 31 72 153 120 24 171 61 20 149 41 170 104 52 152 63 24 17 103 54 53 38 179 74 157 72 32 173 60 165 14 97 69 11 26 77 150 5 13 111 138 131 179 47 175 165 158 147 140 97 109 41 40 131 146 14 103 177 148 61 169 47 138 172 173 106 83 73 154 98 122 66 91 94 29 114 124 139 65 136 137 47 122 170 91 97 174 81 35 91 152 83 168 20 69 62 152 8 12 57 152 163 27 16 65 51 154 124 20 83 150 120 165 50 73 178 162 103 28 9 133 16 77 36 146 45 59 179 43 175 11 32 124 51 158 166 144 159 54 39 136 170 23 46 162 97 6 132 35 174 164 171 61 98 103 91 42 68 80 149 166 80 132 161 3 143 90 15 69 166 86 79 118 87 7 131 139 172 76 49 141 91 77 179 146 77 162 103 136 41 64 10 73 7 93 6 61 135 109 4 68 56 135 49 90 162 35 157 129 162 108 132 8 97 73 124 152 79 50 150 41 101 16 94 83 124 50 22 80 173 122 1 105 175 46 130 161 7 147 124 34 12 49 79 32 75 114 29 103 68 167 89 140 126 152 165 64 141 139 51 97 109 69 112 70 96 32 125 142 16 58 118 23 127 73 136 124 81 145 159 173 88 163 20 120 152 82 51 3 25 133 48 102 80 22 170 59 62 46 100 73 148 47 117 167 58 17 9 128 112 169 149 80 151 96 158 10 27 38 55 83 14 132 22 45 141 107 133 72 110 15 159 63 34 160 87 142 179 40 67 28 116 123 43 142 133 14 176 87 121 65 64 64 150 12 27 122 162 92 131 136 86 121 175 108 44 166 145 48 49 27 109 38 106 76 152 165 149 67 151 63 76 95 52 152 6 92 87 179 116 79 93 160 65 98 90 53 110 112 144 102 33 135 18 172 10 17 89 92 89 129 113 139 11 93 75 33 67 132 150 36 71 90 167 144 115 136 45 97 43 123 158 10 54 82 72 40 55 77 167 87 139 162 27 156 52 113 176 158 102 166 4 163 4 63 62 95 25 52 158 157 76 40 102 124 45 10 143 94 55 112 152 137 33 118 149 132 147 133 65 128 77 114 113 68 80 20 123 6 157 142 50 98 131 116 41 84 152 13 131 142 22 13 52 83 28 176 151 70 140 149 117 127 2 57 83 48 178 100 133 90 66 35 14 166 148 103 59 14 21 55 87 44 75 138 126 23 41 112 143 93 2 172 137 163 46 126 88 94 179 88 138 82 5 13 29 125 158 68 43 96 143 123 15 48 20 65 15 51 117 30 167 53 158 177 144 41 42 90 160 78 5 67 49 41 34 159 24 78 71 169 104 9 147 112 63 44 133 57 70 98 124 53 139 8 47 71 125 4 164 119 21 141 51 110 159 43 100 18 98 98 34 179 96 150 32 117 101 177 36 166 169 115 108 139 154 18 33 166 85 132 135 58 19 25 29 61 8 52 49 73 6 145 78 95 42 25 122 39 19 16 32 33 94 47 75 79 52 16 122 118 159 84 8 71 164 66 15 169 67 62 102 135 109 56 160 57 111 162 14 5 53 176 52 39 124 58 90 72 75 102 4 48 65 92 113 166 128 43 39 158 99 137 45 71 110 42 22 24 169 95 103 35 147 153 178 33 116 57 53 117 95 155 79 85 116 143 37 4 158 1 139 175 22 122 134 118 29 159 36 123 135 18 21 121 109 50 118 120 98 98 107 65 64 50 77 24 37 6 76 100 23 13 168 178 129 38 100 106 60 72 74 35 138 14 112 32 101 68 78 33 39 24 115 111 154 134 149 155 34 50 144 40 129 166 90 104 174 165 172 147 108 79 111 136 146 127 146 155 119 14 45 167 157 149 106 118 33 21 30 116 94 10 156 117 6 67 25 23 137 58 52 84 136 86 45 17 44 134 84 36 76 30 116 134 18 153 116 169 168 176 54 42 52 137 20 5 114 85 172 17 165 37 167 112 73 127 103 109 77 28 100 24 115 99 99 55 13 101 160 88 122 60 27 159 49 167 158 70 127 102 64 25 111 122 96 98 63 7 106 172 99 64 74 88 53 176 138 39 44 142 65 69 96 30 32 165 105 136 47 28 60 178 27 115 46 178 132 97 167 80 16 65 76 73 19 57 3 65 64 31 49 103 7 171 61 124 172 42 105 88 9 128 159 65 76 73 79 130 48 76 174 35 173 132 37 45 68 37 53 89 89 45 115 142 28 74 128 31 57 2 131 104 47 41 3 153 137 40 162 145 63 131 170 59 149 178 179 19 65 2 27 3 5 73 43 97 131 44 139 113 63 140 177 60 153 140 49 161 93 157 1 168 152 101 120 28 96 126 150 116 166 5 146 110 99 21 169 34 76 176 138 167 161 121 165 17 163 149 10 125 142 44 71 2 36 54 106 131 10 1 152 27 166 114 92 131 117 47 40 43 76 103 109 11 144 85 122 49 60 144 168 118 123 170 100 90 55 177 157 173 56 154 68 179 4 169 69 94 48 59 33 131 5 1 35 144 28 89 178 4 154 105 46 110 88 136 43 53 171 143 173 86 157 55 144 130 125 155 70 51 103 136 121 166 121 53 179 27 177 10 98 158 108 1 79 94 42 87 46 89 99 23 5 127 109 43 37 127 40 158 164 44 144 27 40 66 142 74 73 127 29 105 11 141 62 135 58 95 125 151 109 28 78 43 53 99 125 66 39 97 165 6 38 154 66 175 59 71 5 127 21 40 144 116 21 81 7 134 154 161 108 98 107 43 76 33 98 119 137 134 43 114 98 127 42 84 171 124 137 94 26 171 128 70 99 75 85 51 13 8 44 175 97 90 89 156 85 132 84 44 94 125 130 126 113 161 80 81 50 56 35 171 35 105 89 151 37 114 15 90 126 31 8 133 47 70 74 84 34 64 58 25 146 23 82 174 20 163 12 135 95 128 53 85 48 117 12 64 91 151 21 173 121 98 68 104 158 178 6 22 167 49 143 166 8 123 121 157 179 117 64 128 160 62 59 118 144 7 137 118 57 42 122 20 20 82 131 44 7 167 5 8 91 140 158 157 122 73 75 129 175 135 60 51 48 62 3 179 87 86 123 27 172 6 107 134 37 60 101 170 108 54 14 99 8 83 99 115 172 151 17 12 11 29 134 149 110 70 71 118 56 106 46 169 128 132 107 54 172 111 86 137 40 100 89 6 112 128 119 176 114 149 53 138 118 13 41 156 155 45 38 45 59 118 118 63 96 114 30 137 163 14 96 101 53 3 22 33 8 16 5 23 12 70 5 21 54 177 176 44 81 18 140 115 34 41 67 115 115 90 110 151 4 94 173 81 165 116 51 171 153 74 106 101 48 126 37 57 54 164 114 87 103 139 33 56 101 143 70 176 178 105 37 24 120 159 99 134 26 152 122 1 159 174 124 12 98 41 123 160 151 55 50 168 37 161 169 18 136 22 163 43 12 54 176 118 12 135 25 60 31 80 33 144 137 71 122 73 16 19 17 44 54 179 119 32 38 36 80 119 71 47 139 97 56 81 108 96 140 2 71 99 150 112 44 135 14 143 124 128 163 120 139 23 122 57 144 36 108 10 45 177 121 135 71 105 171 154 63 78 174 14 88 164 15 77 38 83 151 170 47 159 169 75 111 117 140 32 65 158 80 32 76 126 123 61 151 178 49 176 138 22 30 54 154 111 32 30 55 102 10 95 62 141 76 83 176 171 80 137 3 179 71 166 108 17 157 78 49 92 116 14 47 23 65 148 173 44 171 51 91 43 10 70 7 151 56 168 3 76 115 96 49 95 61 76 4 70 151 18 11 24 156 91 101 75 2 58 65 111 120 122 106 62 153 50 42 140 140 124 21 35 155 92 100 148 23 50 108 153 89 107 116 91 60 49 4 123 59 60 179 39 84 51 154 25 50 85 103 88 80 50 79 42 133 156 7 29 68 95 132 152 42 9 130 89 123 148 84 111 76 8 23 76 111 50 167 58 133 13 107 67 129 134 149 72 26 74 173 14 65 139 60 169 171 56 44 27 164 160 172 124 92 54 46 99 163 110 20 110 159 104 145 49 25 163 70 63 129 166 43 98 35 171 19 55 94 109 161 152 120 16 80 79 119 163 119 41 140 112 114 106 106 114 87 9 162 140 75 4 82 78 124 155 16 49 71 143 96 18 152 44 86 64 176 55 134 94 98 1 175 66 47 68 120 102 67 171 11 168 127 13 80 134 131 96 143 174 26 73 134 101 105 54 26 27 127 49 44 131 102 156 41 130 7 164 169 36 90 177 6 17 148 35 60 143 110 74 82 118 24 167 143 60 168 133 132 167 81 110 51 128 51 127 79 133 156 95 6 26 29 130 70 57 139 86 77 22 130 162 53 86 60 137 162 85 176 170 132 121 110 18 120 40 9 73 60 121 34 60 131 45 44 43 98 56 154 125 67 84 152 14 82 121 58 89 21 72 59 48 107 39 4 14 29 113 61 137 42 26 64 11 157 6 23 19 20 43 140 71 8 18 52 119 15 32 90 113 29 125 77 157 146 126 81 52 130 82 69 62 167 65 7 58 88 79 172 2 64 87 150 46 1 168 139 153 70 95 21 163 5 49 104 12 123 39 31 160 16 40 83 112 13 94 65 142 178 13 171 46 113 53 51 173 101 5 133 167 162 19 13 55 139 114 97 6 68 96 88 111 71 132 48 64 119 135 137 125 16 11 5 118 38 149 18 81 141 176 175 58 23 154 66 131 57 100 133 97 99 145 7 136 5 54 71 143 83 120 65 85 104 123 7 92 117 115 25 70 177 178 141 148 63 132 102 148 75 82 71 31 34 31 102 46 76 29 164 129 14 113 7 106 77 91 150 73 171 94 145 101 65 90 134 43 88 175 143 96 72 78 45 129 127 68 41 66 144 11 166 169 135 69 85 52 26 21 91 65 141 145 125 142 69 100 27 107 140 145 152 50 80 179 29 92 124 127 69 43 88 80 64 55 21 25 8 120 107 158 158 65 10 86 2 55 92 12 105 88 156 71 25 148 72 53 99 148 11 34 65 108 40 63 115 17 92 5 145 158 121 108 103 2 123 130 72 94 164 84 170 144 114 53 149 150 150 73 74 58 36 5 54 163 64 153 90 100 125 72 54 78 79 161 66 53 31 18 24 23 148 165 91 127 70 89 109 169 75 137 165 36 22 52 29 38 8 64 161 154 130 171 62 39 112 77 124 78 132 25 127 127 133 177 123 86 148 108 60 47 88 170 38 106 111 103 41 94 73 1 38 71 165 11 143 115 72 11 109 143 79 18 4 137 63 43 33 98 131 51 59 67 124 89 165 35 83 103 7 103 93 145 26 91 72 91 3 83 41 132 120 72 22 86 17 151 63 23 121 6 94 1 118 42 20 50 68 92 82 179 43 132 106 148 100 54 107 105 28 76 90 155 43 115 56 130 123 102 61 149 65 42 78 171 168 176 83 118 51 53 22 90 147 147 163 87 102 164 119 132 91 155 147 25 94 30 107 133 76 64 30 172 116 58 156 159 91 66 61 157 166 1 10 175 168 119 22 175 167 120 67 35 151 10 151 178 1 20 83 146 155 39 140 6 141 125 69 162 1 6 29 63 83 164 79 35 116 7 74 87 135 35 105 89 91 106 144 166 8 53 159 122 62 17 162 100 114 124 176 17 54 137 3 136 55 78 122 146 72 156 48 31 178 165 28 131 179 137 152 92 158 75 119 140 58 28 66 47 154 163 28 37 55 92 4 42 103 162 145 91 100 5 91 20 121 136 53 35 63 74 74 165 139 15 90 76 156 143 83 60 55 163 25 42 12 62 42 117 56 61 169 124 75 78 28 79 70 14 146 7 29 64 30 72 159 61 115 67 114 95 74 173 149 117 113 3 140 78 120 26 118 150 151 1 136 73 155 170 169 120 45 137 107 98 141 108 101 25 14 116 55 125 116 116 155 88 90 87 165 71 135 133 17 97 72 138 36 90 91 14 2 80 135 110 2 90 97 79 178 142 94 82 112 13 158 152 10 34 153 133 66 91 77 33 57 37 90 135 116 26 47 14 154 56 163 137 89 114 16 11 67 2 97 70 71 161 18 61 177 146 78 151 154 86 38 84 122 1 179 142 112 130 31 3 129 25 166 106 89 119 151 59 58 151 65 92 29 38 79 85 39 142 16 162 113 39 169 10 138 131 66 19 131 133 75 61 21 114 121 53 3 63 152 31 169 176 117 98 2 123 84 143 136 142 94 121 131 61 171 18 20 124 116 126 74 39 83 112 46 96 145 55 54 136 171 42 81 26 36 26 160 12 87 79 83 171 115 20 129 6 5 123 108 135 71 3 62 42 111 20 32 171 56 145 37 41 141 41 80 112 16 55 94 112 5 98 152 115 56 149 39 148 136 46 96 159 48 49 68 171 153 14 52 6 16 135 61 58 159 132 125 109 18 44 63 119 31 29 117 70 126 100 99 37 71 43 170 25 119 136 155 74 24 56 126 1 140 108 73 143 12 37 99 159 146 139 40 108 130 168 170 135 167 15 72 73 130 22 80 178 135 109 161 135 145 124 10 68 171 145 43 68 29 138 158 18 50 6 119 60 85 22 17 134 123 97 61 60 16 141 148 120 12 81 136 151 87 54 153 118 121 159 120 38 53 41 134 62 23 119 38 117 103 28 139 47 173 151 121 86 16 174 92 32 116 164 126 6 158 103 65 171 18 38 26 105 86 28 70 171 169 166 89 117 83 69 10 58 22 137 55 146 170 28 29 41 41 109 169 8 45 106 144 53 163 57 12 72 168 17 15 15 174 95 175 115 117 14 14 128 4 133 68 144 29 156 38 160 42 149 48 131 139 16 44 14 143 133 126 40 22 106 151 117 24 162 7 66 29 50 89 56 92 55 72 102 14 41 175 87 146 176 80 91 37 177 22 178 146 20 154 49 138 119 137 100 47 130 153 45 3 84 4 132 147 146 5 7 93 123 141 92 38 87 72 116 161 58 34 45 145 75 18 172 19 178 169 96 93 87 71 105 170 37 109 96 46 22 72 176 26 152 10 78 71 172 141 55 151 118 72 152 147 119 143 9 78 10 89 100 145 127 29 138 129 102 173 57 69 100 6 116 16 81 84 139 82 97 11 55 79 37 129 125 72 71 81 99 32 126 102 164 74 128 3 118 80 157 161 152 88 63 176 162 101 108 78 7 49 30 168 146 108 150 52 106 119 58 55 2 66 141 13 56 6 122 132 77 43 34 117 26 118 72 69 59 25 41 137 86 139 57 116 13 106 19 165 35 39 140 121 159 155 68 116 91 54 55 137 159 132 35 138 2 121 144 46 174 100 125 5 142 107 52 32 172 130 165 155 178 32 73 78 5 45 106 143 155 168 102 157 100 84 18 86 99 27 158 119 48 28 122 137 13 98 91 69 116 130 60 58 5 75 23 33 37 9 86 159 37 75 169 13 133 169 140 34 97 16 100 73 48 112 164 85 22 99 36 95 34 173 109 115 146 65 74 132 155 160 159 52 9 169 64 143 35 147 65 89 32 61 86 129 52 92 2 161 74 98 96 159 39 17 82 40 59 64 42 179 7 164 17 106 68 18 141 52 156 62 104 173 36 83 16 52 150 97 151 3 69 21 107 75 33 67 107 90 151 31 134 65 9 35 34 51 144 61 142 101 109 38 65 92 135 80 131 95 176 33 134 83 169 103 4 157 69 47 32 50 170 23 30 100 110 143 14 52 171 122 172 73 27 88 24 114 11 108 64 33 17 168 97 56 168 25 35 176 95 158 100 12 14 30 145 130 110 35 12 83 7 157 146 47 93 57 132 112 168 166 133 41 47 118 8 75 35 8 80 109 27 39 104 14 43 98 117 126 29 179 133 117 16 89 6 85 31 73 78 124 108 177 157 43 37 85 97 19 41 153 156 2 135 25 116 38 145 163 162 39 75 34 65 167 102 177 30 43 22 51 170 147 97 7 32 78 26 117 90 121 43 57 169 151 61 135 116 176 115 89 139 136 152 130 2 67 160 122 168 166 121 88 170 126 34 176 33 71 5 61 161 106 26 153 55 145 103 159 65 9 131 162 129 166 11 138 15 143 38 134 174 17 102 69 153 67 70 25 33 48 91 87 86 83 4 60 162 66 179 122 163 175 93 156 110 20 69 33 11 120 128 108 53 6 179 23 172 135 174 150 112 72 74 177 131 118 2 97 120 99 115 78 23 166 114 94 60 76 137 89 73 126 66 27 147 147 91 156 68 148 177 39 55 65 83 77 147 165 52 96 161 36 8 92 110 49 45 131 49 134 140 32 164 142 100 93 84 38 83 58 103 84 80 164 21 135 125 34 149 58 72 67 87 166 24 111 50 173 115 103 141 69 89 14 44 43 40 137 30 112 109 83 88 69 39 174 1 123 150 176 112 165 93 118 83 73 22 165 49 38 31 12 114 103 163 115 171 57 113 68 79 61 27 75 124 108 109 121 84 165 29 71 136 148 125 152 172 168 145 28 15 144 88 29 179 157 127 112 48 89 173 36 85 6 158 162 107 166 139 129 17 94 34 163 88 75 176 160 16 160 16 156 77 177 89 83 178 179 67 10 152 172 148 27 95 25 136 138 67 26 98 176 162 27 129 99 13 66 16 21 153 72 178 94 95 173 77 45 131 37 97 117 149 133 70 153 174 21 125 170 138 56 143 170 28 91 14 71 113 20 116 112 159 28 19 17 135 8 9 168 117 105 42 81 67 47 159 95 155 24 61 16 122 172 71 70 127 137 32 31 25 101 127 10 90 155 117 174 26 135 78 128 79 59 160 105 162 138 48 152 46 110 87 103 132 141 162 151 141 10 76 121 145 65 38 67 128 86 176 172 35 35 159 10 28 106 61 150 50 2 176 127 4 138 22 30 142 178 132 102 64 68 121 110 157 36 29 7 20 74 6 125 143 148 13 123 141 110 28 102 157 90 152 147 159 150 84 94 107 141 152 141 88 53 169 39 114 105 74 13 15 138 31 133 173 46 166 16 95 156 37 122 178 75 148 9 21 48 39 52 8 110 58 163 90 131 93 25 138 124 121 126 55 108 14 96 137 58 156 119 64 130 123 142 16 86 26 54 70 49 109 7 70 125 126 169 168 139 36 90 101 139 15 99 81 145 4 158 120 168 27 52 74 127 93 94 66 58 68 106 16 167 35 23 128 21 65 18 21 37 100 53 69 59 174 113 54 21 21 13 69 47 61 47 21 89 102 33 165 144 139 93 70 173 33 2 58 11 129 88 108 164 156 18 81 105 94 109 61 57 2 145 60 28 16 95 91 97 151 179 55 100 169 69 120 154 74 55 43 10 93 160 21 132 61 68 56 122 71 6 16 119 117 152 2 4 33 44 159 38 144 9 119 119 101 129 88 51 97 76 21 39 164 157 85 25 62 6 111 147 147 177 72 156 102 21 83 137 84 95 149 15 16 106 151 96 1 41 3 112 58 6 144 76 2 109 148 147 102 12 49 110 10 128 65 164 104 154 55 104 81 17 43 13 61 88 103 89 85 127 49 43 72 6 12 147 1 86 140 128 97 69 107 125 34 100 62 163 37 43 178 45 107 103 122 82 8 29 83 21 150 33 172 104 151 32 166 109 165 44 151 146 144 134 104 34 58 150 131 23 53 129 169 31 118 121 14 129 117 141 82 125 88 98 48 42 111 60 143 115 104 86 168 125 66 104 60 107 18 142 83 121 46 161 94 98 97 120 103 28 11 153 122 57 79 87 62 62 81 69 4 46 171 67 169 119 14 118 171 5 65 107 27 49 73 35 101 92 88 120 173 176 173 178 26 59 104 61 87 115 153 69 30 72 64 64 87 24 7 16 176 138 40 147 118 103 163 154 135 40 87 175 164 138 147 101 121 66 118 21 18 23 14 54 93 94 51 3 75 107 139 133 149 14 175 179 78 40 38 97 51 51 6 28 114 63 36 93 106 140 49 103 104 161 162 9 112 32 116 119 110 33 110 121 67 165 106 78 85 20 101 7 71 29 146 60 28 58 23 43 157 133 101 58 169 29 71 104 171 159 81 56 97 145 179 84 100 118 16 32 19 122 108 176 120 57 170 43 138 161 125 3 5 143 148 163 89 91 96 88 52 80 31 98 21 22 71 107 103 95 153 20 175 179 156 102 73 157 3 146 81 60 36 170 99 159 174 64 45 77 44 56 165 177 31 70 44 148 168 49 28 150 121 50 47 139 39 138 52 74 17 117 75 54 170 26 142 31 114 116 131 65 42 104 32 62 81 43 116 32 149 13 129 127 63 30 156 15 118 150 49 155 47 6 153 177 114 115 33 174 98 100 107 32 137 138 109 77 31 99 49 61 179 117 154 120 44 28 85 42 51 77 103 31 34 140 127 176 101 135 40 106 26 93 137 95 158 141 27 99 71 151 139 62 135 161 177 2 113 140 80 171 66 125 120 11 43 78 125 29 154 113 32 133 111 98 68 55 4 42 54 38 92 116 64 149 30 17 160 115 82 169 62 132 126 122 145 150 144 35 60 1 4 15 42 37 160 145 43 176 111 144 128 144 53 117 76 93 82 97 83 151 157 55 36 162 18 58 92 140 138 111 49 47 33 10 43 22 36 54 167 20 169 78 72 143 124 110 35 16 8 106 86 69 88 84 9 111 35 9 40 26 164 130 91 1 176 63 27 2 117 147 159 57 153 111 102 177 97 38 74 3 150 104 167 137 94 115 134 48 3 171 30 27 13 72 135 7 162 69 63 63 166 27 103 38 76 143 155 6 62 128 138 160 51 84 10 12 144 17 92 58 64 37 160 162 169 177 1 75 36 136 147 2 25 179 109 165 59 45 40 170 26 4 9 154 16 9 22 74 77 65 3 64 91 61 13 14 167 85 139 94 96 63 42 55 119 36 88 77 115 66 13 25 51 41 59 159 93 91 52 79 31 37 73 15 115 126 100 29 32 154 70 12 137 8 28 3 88 42 98 14 90 85 83 138 95 26 45 89 53 36 70 142 39 44 40 139 107 175 142 6 118 169 144 77 116 21 157 37 14 162 76 54 23 29 59 96 8 177 164 48 37 144 18 44 138 109 48 104 85 177 88 179 4 135 85 33 142 131 159 127 2 118 104 166 21 166 172 61 79 174 25 39 130 48 145 161 168 110 2 140 121 5 36 64 80 3 134 50 66 13 117 154 19 100 97 171 136 62 65 55 18 132 121 172 150 92 54 78 105 167 119 38 17 86 50 119 46 137 50 17 166 86 49 29 22 17 61 129 83 34 11 112 44 91 30 56 69 12 118 31 138 175 93 31 80 4 150 13 39 126 80 141 150 131 107 138 
// di
5242 27382 79569 67684 51023 57366 67696 40676 36443 47392 50277 20791 35917 47715 4090 28600 5999 35277 62466 71690 8405 64756 17910 13579 1004 75695 2980 8064 6663 38099 14812 35405 4804 78420 20794 52042 50177 7804 75840 68829 77837 55235 58844 13989 16079 5530 57360 3711 69271 34926 78855 62387 35448 48424 35171 19698 30266 46594 69104 50037 58870 57296 40393 4346 52929 59019 6066 16075 56432 32299 59 69661 31418 33319 21971 21160 73375 21939 10519 62577 49960 64973 2725 15385 15214 31141 50482 28910 14466 61605 76014 12475 49974 44718 146 6250 41377 72279 51804 29447 12951 21919 67054 33000 46142 79832 78871 79554 41039 72908 40582 12909 55862 35933 3420 23438 42027 78343 17029 71610 74879 67346 12947 75146 74177 19153 345 51775 37475 53231 7234 57703 61317 9614 45977 71801 56945 65367 17140 47041 27238 8568 17137 14311 10727 28479 12954 59611 31238 48353 25384 53034 41489 56174 46007 58234 16987 32502 45625 51645 9985 79646 7644 15298 39452 2962 52266 60189 21205 24164 25499 74998 10450 63189 54003 48334 48930 47087 8768 54837 3116 4112 19870 69918 4735 21160 73099 33480 60139 65321 64634 13679 12061 75131 53992 22360 79215 9269 9726 62357 31362 37700 29064 54788 16303 78921 36872 49186 7734 61464 32691 19179 77443 16414 48751 2766 63729 19383 57632 78226 47965 71292 72530 32294 76936 72288 48478 50879 31736 31759 53115 17044 18646 9331 35313 42806 69416 73295 26516 70148 20336 46189 21657 78170 35167 44901 6227 55179 6869 59070 653 55967 72715 4706 36819 36207 62247 71368 62748 79211 1873 44201 42708 66936 75643 10063 51291 22103 54326 72049 1050 34175 71744 58418 30344 39522 1349 101 39889 14979 2231 31913 63713 32329 51987 47164 33509 53136 35970 19869 34507 44533 28797 15198 58577 74651 15693 28636 80368 77114 36061 52498 75268 1408 58683 57739 26657 1408 76054 21666 46864 17594 26444 78109 80763 76189 53205 22439 9992 21853 547 50348 65464 72737 62014 13531 67286 71780 19277 53982 10291 39942 26053 41600 79082 4300 56713 42626 23503 39203 61214 51972 17993 43637 64709 70875 7246 76788 1493 10131 30494 29638 65064 49327 66769 39025 47413 76083 11171 20229 62135 34243 80934 33424 73432 22631 30638 61554 59217 738 43678 51167 55209 18456 7775 29525 42751 50408 45679 12123 24143 72505 63936 37655 38744 26748 80194 54580 55256 42441 43737 66228 21491 66980 26023 22289 61867 79786 2338 27804 32154 26027 79029 66150 56164 40084 31254 58842 54668 72111 61976 16486 56234 77077 49499 18692 49049 45448 7518 61445 63724 52980 29697 4081 80536 7992 72387 15947 2866 66334 28937 13848 63347 64638 23208 19219 32538 29070 36572 6788 72117 76891 62064 76089 46281 4987 46444 47584 10395 54153 46964 56112 53703 76254 24861 59278 4126 16976 39296 73879 65667 16705 39292 52979 54087 73140 47687 62487 48827 39054 35138 34832 32509 34788 68442 41469 53249 45464 50794 41832 32045 77525 14622 2294 60267 75931 47093 53450 77599 38086 8551 80404 14990 79622 37780 46439 39375 50693 60398 51749 67122 43136 14245 8475 25836 37753 49882 29161 32055 58413 13232 9332 58997 66141 80074 67021 49158 60722 50792 56044 20944 61839 30879 47358 6224 59112 71168 47967 5648 63477 19842 43265 52827 33163 44490 53405 60600 2543 51677 21112 61413 80751 31110 34226 26237 40830 63761 58879 20388 14064 9480 69599 56255 44825 21347 12519 15859 24651 39456 9529 15312 39902 24415 66064 5195 17618 40622 5419 37040 7893 39434 22743 9505 46620 75359 7946 39700 58998 54303 53254 5912 56666 44648 74683 55157 43931 10317 29949 7311 67857 55985 20967 73724 64762 12820 63132 56108 32315 8660 74366 23367 30114 43065 43015 48292 4817 71018 72389 75080 67330 77810 75282 35812 26558 43343 1645 50908 12320 11980 60493 67201 14091 15933 24011 61537 43904 16262 25996 58249 13894 28144 4976 71913 76286 79658 57835 27147 61896 69540 51409 76130 13812 28214 57298 13445 31030 24878 2287 32292 45473 2603 54378 80251 57043 56592 28443 70285 26714 71776 77267 42369 77509 61434 53301 78292 65154 43173 53652 67711 60396 78401 35389 34194 78582 47204 18315 24641 11591 19095 50500 27620 44662 8090 76586 31524 70621 36461 10743 46561 62513 17954 16000 14945 53395 68307 66613 35667 27099 39429 1554 18218 46631 76727 13302 78161 43046 14475 53064 70033 32002 60618 51358 44133 67307 59724 48190 24856 42185 68119 26788 7054 27916 22224 20836 44494 16720 10875 32860 25941 34203 59631 74152 24668 62193 56557 27269 33184 73973 89 44174 63774 34906 18788 61933 21017 25005 6174 56397 62511 52342 44411 8109 40673 66808 48162 28358 70754 73254 68239 65501 45979 22329 67193 30412 27088 47469 14940 80449 23467 23334 17687 53103 43210 63160 50418 77272 19045 71440 46511 5003 73990 17817 74380 16182 74996 20463 78727 41743 49327 36725 35606 11245 71041 43961 31493 72310 32539 993 26471 10018 41686 14295 35485 71194 27390 33921 31148 34043 50780 56921 10446 29797 41335 70581 20169 35320 59154 24483 73065 15382 27638 54178 67103 18981 48830 22264 40152 73933 66739 29867 57091 25887 23831 74817 24631 52907 2999 68524 54313 23112 72960 61918 4786 17949 67877 4743 14400 73982 55805 51811 43433 44154 54289 27520 54630 72520 57764 76542 24669 61704 50621 48151 47005 30021 79106 26724 8106 58822 18068 12481 58594 19923 68448 70150 63879 74316 62922 41248 43883 43775 17866 15658 64398 31471 16531 4123 39787 900 6083 66132 3306 32694 69317 62924 68186 28879 15915 23583 5025 1953 34468 80908 67826 691 15418 58706 37620 49553 34895 37661 36586 74981 842 47390 48903 51510 79729 34488 63250 24000 53592 26064 19651 53992 10544 12600 69956 20505 27427 53151 44781 9746 29817 25172 80447 26822 30296 14947 1473 36329 63230 3917 70597 3229 65831 27589 33365 80279 57853 49614 39958 72168 30150 63248 79510 9060 39771 9245 69019 11618 60889 49409 39780 19963 26367 52808 73527 64841 56249 47631 68483 59838 79390 22122 21953 30682 29300 20460 26033 26504 35019 80365 60709 51676 50275 7384 20886 45892 74402 659 57208 13148 33437 58303 37643 63611 52884 39408 48903 65775 47502 77044 25169 39619 80702 2526 56048 7560 46326 32991 2961 9975 29724 28334 34554 15205 13355 32118 74540 34521 13039 17539 40203 5741 57554 72563 64532 48732 71738 71590 46863 32397 42813 67985 50862 16011 66686 38454 52562 58813 39146 64330 12867 77184 278 62973 59241 70708 61528 3774 27702 57113 77010 4345 33167 45597 39047 62012 22351 31600 46685 27971 37847 18165 29328 30422 75800 16655 14308 30886 46850 50346 19930 80653 30861 19147 62121 28895 32832 43221 20572 79086 44642 41686 55080 19992 23992 4810 72662 56700 43896 40135 20493 64027 65988 62787 16116 22246 14191 16258 25806 16394 45203 80130 77827 59190 11319 57384 68708 75377 67847 33010 60975 12398 57481 70535 50092 32211 78500 6413 33154 23122 8321 11403 4172 37810 8377 42263 24095 31916 58796 19727 25266 15353 4113 35149 79243 43452 4669 36378 27978 51840 14498 60682 40903 62022 68660 76470 3762 37439 43916 65416 15341 78285 72239 25343 6807 59815 43721 79195 76007 20216 21118 42049 51464 68632 4638 12302 68033 14155 26763 78112 73042 15558 75610 56204 25754 11409 76250 48286 35873 52251 56830 56923 75088 6282 2802 74623 64395 51312 11639 79546 60667 14332 75302 33171 62801 8274 154 51491 17968 50834 38305 24668 19525 22536 10699 52434 12499 5146 34889 20907 25159 39841 1378 50515 7810 31529 47704 42666 34016 48197 60558 71165 5481 34792 58742 26119 38776 20795 16135 14311 40756 25739 25535 24964 1217 46648 72876 36844 56827 42915 49652 1806 35721 5324 18117 6777 64121 76883 71107 4477 11495 12944 36220 35832 18053 68158 26419 20307 50266 54398 50870 63793 36985 49159 8808 18567 7289 54937 6642 5399 43970 8666 46123 20841 79247 29441 31721 59361 80902 29243 5991 27770 71666 7633 11367 26604 12870 66236 47871 42586 50898 63348 31575 64669 63364 387 2428 76778 40664 27208 13707 35715 28208 1040 40430 46808 78278 25925 51986 9269 157 57002 58226 58309 37099 19415 11366 17739 47779 62979 10705 41122 27445 19771 7929 28064 63346 71185 27522 72776 67114 15248 59660 7741 74253 70283 26782 47572 16037 41582 59938 46834 12180 79314 62530 37599 51279 55016 2040 10276 49475 20039 14750 69712 44639 28903 18730 47004 39006 46468 32763 41703 21993 66692 45915 12173 54760 72046 18592 56962 64759 49174 65960 13040 28730 37203 73492 51206 40359 76449 58002 49989 59 15253 68972 25103 65130 11533 44800 54745 72235 67083 17279 20828 2135 13057 7110 55305 73214 17303 552 8677 51829 26884 61261 35729 43757 1839 5990 7869 27521 23444 16581 35258 48661 60306 59718 24040 6717 5454 65165 22982 5092 26179 25632 40871 29712 74735 31832 40857 17053 61664 15292 31378 72512 20934 79149 49215 39975 16804 15441 53036 61177 32906 77315 46262 23988 59662 69884 54734 43545 11421 54498 60660 28613 55334 48453 21098 48430 60440 53028 69110 46919 71925 5983 53153 73134 8790 79994 24128 78908 80078 35128 3286 41288 69812 40922 19764 41668 69550 22200 59158 1876 283 28836 6235 80557 46552 78055 31316 24043 23254 5339 17225 50940 11386 78282 18699 18530 36138 24237 33244 30538 77577 70480 71365 34487 72037 58 58 37762 41853 22316 13543 12506 14251 8543 43553 79926 13709 56248 77072 29927 16101 37094 35906 76482 50576 60357 67397 39557 9120 11869 66371 76568 20181 25620 29753 71925 47198 55118 19569 56327 28854 75576 38176 68756 34668 43433 71621 68042 52963 77926 57739 356 32341 58531 4681 35535 68280 19081 2181 11522 79110 78266 65400 37388 50295 38716 53436 54588 64649 14489 60229 50565 72120 36217 14711 29170 20533 39515 11802 48904 64249 30819 4392 16920 54351 33309 59101 31345 8172 58405 71929 75167 29787 21753 15085 47091 35596 27468 24705 24879 10404 74461 39891 15284 25806 72037 34701 11769 57597 16677 78190 4881 31906 24162 47367 20145 9272 34353 34383 34809 20293 30043 50907 5207 48055 6055 5915 65852 68946 57187 61692 31877 39463 41261 29633 61008 39407 16734 24602 11775 57144 69823 34079 26642 25083 279 48142 65443 59977 44525 14931 6739 34403 16955 2819 52383 31910 56041 40451 20366 14245 29082 7887 74366 39565 27182 30367 21752 29535 15223 30468 33102 22312 637 8303 8733 19635 41653 78807 21850 22877 75899 51550 74238 16859 45755 7994 19013 49703 31060 8907 26233 835 79124 39912 23540 9860 61514 45635 8840 28097 3501 21526 30539 62069 13732 78256 78214 80288 50388 43431 54619 73935 78023 36023 42335 41019 22300 54058 77688 40527 23265 2854 78490 32335 41521 36416 27360 57160 33401 16526 61024 19910 26926 28677 75627 28829 45132 75583 53145 74610 67655 10153 3886 13652 18684 7084 24316 12706 74502 68016 11278 75939 21621 30824 58328 10482 28597 53859 48286 11601 26255 49587 59821 33018 65236 58765 4425 69612 45781 16230 8796 56751 12870 28642 54264 22692 14474 28575 14651 28610 32052 4162 80078 77762 30282 37355 44050 14489 64838 39849 55235 77508 48243 16880 52025 25983 48483 26155 2619 18866 19640 74750 22223 3994 14388 68141 42712 71954 31944 57935 18934 53170 11634 4701 66004 2334 21138 26526 48926 929 79599 64450 10988 7631 57917 2044 49868 49834 51986 61664 59263 77570 32304 78954 8004 79824 69863 60877 40245 64563 66033 31644 25990 35780 7281 24843 73721 55185 13371 42586 58297 71672 36461 24644 16465 36378 7687 1591 75634 6254 7996 1281 33177 71 26648 48537 75681 49825 23927 15428 24635 75285 38983 56829 23050 52158 38875 20712 28488 34513 17298 2424 19010 66256 13895 76669 6180 4331 23527 37950 18448 42254 1460 33402 21433 10674 41257 41453 51481 39286 51990 71015 31590 5849 3741 71655 31215 74169 2555 51942 20381 28355 59457 56916 69421 71125 64430 73644 78424 1801 36357 73183 80634 33663 64603 74638 40364 29464 71355 58122 77514 75793 26373 13463 3753 24179 47447 50595 63527 60072 67874 3110 60576 65344 59630 13935 43216 53573 68800 39559 38810 49558 49207 70579 6675 19018 70244 72008 79657 63483 41236 57130 1079 10602 26010 76541 17127 49321 69977 13277 13695 55851 18713 38076 48435 64070 47468 12491 65250 26741 42983 33203 31999 37731 71198 68229 27352 59334 74241 43331 24216 16941 48675 11358 62578 59329 36551 61873 40681 72217 48845 31855 25511 79198 56571 64772 27295 12802 29525 22981 25620 9519 45710 23065 19862 51005 33105 55782 78183 46309 68725 72380 36689 72103 67467 3944 4462 34201 69976 30191 71437 19887 65895 36183 68685 2057 38750 14920 24119 23030 68524 35471 50040 9387 80990 70469 73019 42036 16427 72910 51343 13923 34128 26669 12326 15391 42854 33973 32062 35184 58896 36850 65593 20289 76847 77434 18507 17624 69498 43200 24519 35383 14081 44026 56610 34033 57085 72094 25047 16819 75266 6135 13700 78745 4559 72870 75732 74656 63564 39238 20070 51792 37403 39367 72154 11241 68793 44999 7626 36574 37410 54528 8566 49336 27201 15778 61107 66632 56948 31027 14210 73435 19041 14253 31663 21731 76858 34090 21838 56389 75787 14306 30330 35216 77567 67894 31004 49804 76818 41661 25433 8285 79096 15414 19482 75600 8821 76476 43087 52728 80187 16163 41286 59021 30756 1162 53694 35748 36653 13447 170 26016 78032 39503 58328 3217 62399 49333 10788 30761 70013 19930 72880 7116 66850 63527 69892 14901 59857 48351 4113 491 47233 59486 78358 17020 36113 29756 13037 70274 2363 33731 49102 13657 22538 52090 74133 13412 12556 70156 54649 46192 32281 57076 7991 52713 70750 27801 37314 46889 59284 52046 59861 72706 75558 64471 23940 39140 33349 60644 16272 64292 28963 19635 16793 76102 68415 62362 51172 60104 15358 34627 67635 42073 13474 1457 68152 35303 399 58059 52605 25866 2905 1686 61154 66398 62101 31302 3537 12137 49653 30218 75089 66352 42024 7192 19658 65877 70630 11623 2085 20441 44946 46825 39058 66062 31645 78541 31022 4698 52920 49193 79306 30086 51755 79765 45738 27396 67902 68619 42371 624 74699 27839 72829 71791 49801 30541 30122 58898 2196 10198 65398 3677 38001 28395 4021 69146 32041 39600 78143 34682 32494 57872 48987 39634 48132 73163 74486 51290 77395 14139 79977 26263 53227 78607 29642 64746 6895 21955 54829 4470 78436 63491 62444 37925 11201 64425 43998 32118 40335 35698 16713 43241 10696 10965 75560 34331 65246 44080 37134 38241 58969 56168 39927 67802 40851 53870 76460 46731 28252 32277 52454 19314 78516 13977 39505 35848 61779 29988 77492 34989 67803 72514 49290 21120 30245 54227 51850 43157 24309 6315 57135 36955 9343 5079 53334 55297 60498 67450 69704 50797 47425 27914 39132 5797 20513 45698 72742 20598 68522 8040 66454 12699 77606 25720 12863 3693 53827 56424 80595 16217 63759 73337 4570 11914 80580 7501 2648 6139 18954 79868 15769 53279 523 49329 30986 75132 66277 71664 9212 15902 40331 8055 45289 36976 25996 2458 73613 48404 33707 61290 36683 35445 25698 71346 54165 36887 49033 28139 68327 7409 76642 11710 30771 77230 9098 65491 44324 7796 1828 20714 58567 42478 71414 1871 545 45728 29199 70808 14758 43973 4350 59800 42765 34759 4728 14317 23647 80989 8879 45414 56769 15690 53060 8962 19369 17103 62993 5232 11961 77911 5810 58943 2696 5471 54375 51710 63458 21716 729 1702 70860 68140 32856 49790 27634 37358 25659 79894 59972 11917 235 18095 66990 23715 63697 11502 54461 70822 56569 61723 49123 9850 22012 28571 60376 9031 70828 2039 70994 12437 17913 43639 55055 51388 52963 76057 25643 41211 16873 15452 65369 61991 11530 80607 11825 38451 54158 47937 77579 37682 67766 52202 46155 17699 72400 12039 15787 7326 5021 40034 72155 71897 51079 113 34401 66903 31516 46341 66722 34070 55937 58006 53414 78851 570 79507 72484 69258 6344 76600 24565 29819 8332 77877 46877 76071 55110 64251 28924 17305 36788 53557 65581 61117 7168 35650 37036 67370 33988 9761 74870 76966 39461 50509 42419 54631 25469 26751 60547 20172 77992 50580 60179 58201 71727 49268 73996 39461 19914 80169 46201 3003 69101 28625 34583 10598 38894 22884 4421 72482 80371 47639 22869 33272 78299 80020 48459 19861 32762 2368 43881 47068 6725 70362 47130 42898 21948 62621 61576 16696 20249 27139 51623 17698 34565 61003 33347 15570 23397 37206 74023 12365 76234 46009 68144 7121 39783 51766 17064 23765 11139 35719 29672 33454 7492 43621 539 66620 65554 78600 68175 26761 66347 50115 7972 5907 63619 70217 80588 4018 16576 35561 44007 9613 57534 15175 6750 47663 9756 45016 41364 8817 12748 67943 14434 29384 80606 42868 57538 4481 74790 39973 57099 24755 50617 54934 6527 63420 9596 59148 70717 67906 65024 29786 22003 20208 68676 33432 37524 26577 41974 37293 11270 27852 24832 57838 50594 57874 75470 32215 18134 65742 38172 45465 57552 50862 77728 7607 36746 56636 3039 29515 51116 69481 42895 55710 54303 9565 16020 59861 13034 61747 66908 30550 64205 77453 69475 67047 48065 38999 32112 3 59003 76988 64012 57900 65796 10284 10911 17280 49803 33414 59097 39678 41216 54100 18441 4854 79452 2216 72480 36598 12220 48920 39772 44473 80368 44707 21322 28330 48686 7295 14804 56602 48029 52217 32554 80933 73987 59358 79725 15647 67567 35358 27204 219 57178 51037 74484 73142 35086 9996 24274 71508 74684 39891 35482 40164 20564 65268 78734 60198 52313 50313 46978 4627 4765 39546 14797 58846 63048 7582 17230 44444 27018 34 49492 47443 74015 2030 66965 73888 33396 4046 4362 80976 66624 71920 25263 39890 76708 39713 53296 27846 51365 15035 3484 40899 77035 40352 84 24685 53763 80751 35072 25455 57071 73384 61917 53002 22553 58708 5258 72017 79052 38260 43055 61403 18996 44449 17794 41896 7023 6271 48106 12811 6796 43386 14547 6605 64783 56579 63968 60876 12720 26064 8078 75002 59513 12482 3575 3470 46883 40507 64350 79232 68743 46680 36505 8771 55793 70984 72937 66925 12591 10467 63893 5276 23824 56568 53805 55530 22717 67358 50562 34192 4112 9333 57470 70343 33475 34368 36948 72044 35293 64194 42725 33812 58810 56817 51029 44443 80363 69432 3604 78341 34371 55237 6998 45925 32953 79379 8803 18888 37118 77778 68442 66408 4598 18534 71534 2220 17511 59247 69132 8630 58835 57861 38617 7949 56838 35223 21524 9036 21985 75644 6704 26429 29932 38402 50602 10750 18334 33245 35616 40325 80572 44941 28199 19762 79428 60900 50511 34616 44716 25345 49206 45497 43509 46284 79117 54365 16506 26865 1264 53095 22562 49666 63925 5153 79377 68820 2984 38006 14597 22225 26718 12696 60611 63955 46789 42633 65066 9132 60790 16511 27575 50829 46881 16692 76537 17454 18882 7123 61012 43341 51270 71345 25357 30179 30542 44105 22514 73684 51304 61048 19808 38841 32455 22738 51956 25020 26189 71880 35721 22880 13457 46069 44548 9541 50202 45884 65154 46326 50553 44747 3497 10044 73621 10846 302 12332 80605 61357 45524 31591 37875 39025 36152 48292 76743 62859 73165 8020 29623 34673 15636 64642 72577 19822 1030 71410 53117 5184 48229 42128 1647 35825 71291 60903 43519 44726 10285 13213 78090 134 421 75146 66715 73873 39601 45054 69881 25425 18570 12319 43533 11029 25359 26751 65066 60075 5558 29400 44112 64396 26968 67140 74172 13781 6044 32589 59045 23040 28173 11120 74208 65317 46319 40723 28752 68386 21361 34167 34135 55133 20616 46043 71523 73397 71118 56865 31742 932 77424 7923 49309 77990 57881 71626 41479 43465 41349 8385 21740 3634 32459 40569 2018 9312 36802 64807 65555 69093 17419 62567 73315 48999 7529 74342 58317 52447 15714 48286 17052 58265 65446 39645 25829 37814 39796 51575 34088 72210 74949 14819 50515 6223 28992 37476 50793 18465 30948 74978 61322 20147 4067 55310 27278 79909 11150 23694 18903 53313 34191 9721 53911 11320 23502 44175 7151 29267 34709 62563 29613 5608 37526 15526 6485 10170 47437 66515 55800 17718 12279 12179 19984 27203 350 19165 76101 66108 26043 31473 65993 70002 47226 71314 35389 33388 74362 69381 71437 52837 68976 59074 8483 44114 75331 13688 27462 80788 46710 5868 73338 41461 17603 20415 50051 26470 65079 71053 29478 20977 59293 53838 15831 33167 46556 41510 15063 1231 3679 37690 51986 74225 56275 4089 40901 5375 21979 893 21075 11553 3167 51363 39863 17573 27071 78688 21327 36293 62161 11077 24690 50109 12987 32653 22031 30122 62145 47308 18774 43152 35709 47036 34637 26890 78558 12754 67637 2234 51280 45466 70414 20745 32418 23529 38137 11280 17368 73122 11700 15608 67137 76301 55795 33187 15185 14700 65134 15831 23062 74290 18922 31240 618 18847 57832 35880 53006 72001 76656 52486 59908 75896 26534 67087 45162 12591 11598 66061 30752 47498 61551 57772 69754 46643 21311 67138 27388 2222 57563 20407 28766 41129 15674 66880 12629 75568 28310 78944 73863 27530 17851 56008 50837 24300 7564 27117 49699 20882 42006 33252 61488 24563 40779 26861 30059 64802 48398 7522 22881 30461 17158 69751 28683 19602 3872 69392 52415 17665 80913 36501 73825 5091 45044 31969 74049 29765 25404 24682 3217 6991 12788 1389 22976 14306 21661 17382 59635 79254 74184 26166 1207 64845 2433 46848 25779 52625 55217 75602 25995 78244 23754 5843 36 53071 55849 64119 78517 62967 19819 80522 71150 70601 65750 52538 42249 57630 40159 3030 58628 38004 41756 3375 48390 60817 46087 48456 48808 22330 3715 78663 1153 19452 8662 58390 43495 477 21201 1272 44533 72351 62752 66357 40233 20528 55483 45734 70030 67068 46194 31393 48036 47888 50267 78688 77229 20525 34981 59533 77292 1123 67635 35033 72978 26185 44797 56234 16804 59930 6768 27874 33185 52257 34852 47944 76715 79300 22590 14623 47180 63288 48486 648 36188 68504 31209 77393 17792 36120 35262 38293 15686 35588 59106 59175 64299 76331 40419 34514 2395 8487 42266 3376 75722 79125 24997 74912 40698 68907 59913 29942 49532 74533 23314 4758 6037 69809 8078 69846 21193 36193 25650 34050 66822 28597 34455 49481 47305 6313 73251 72368 56030 67096 45544 25604 68423 53691 48852 76 57438 40607 72822 30965 61771 34023 28327 43736 65886 13698 65012 9819 32927 66686 66930 56078 39192 48731 46997 19995 35480 62880 80891 47465 3081 62856 34301 42012 19615 30237 59249 43647 44494 18460 10493 70875 66793 33694 22473 73738 56577 62927 25806 76082 59103 62523 75952 13346 44277 65999 50702 61930 47016 45515 18913 51211 62301 76704 31818 1980 52355 58427 32224 47544 67177 39079 51717 23397 37701 19626 30620 68615 20214 49892 79806 463 57748 65018 32190 63459 24261 42041 45733 72821 9394 23669 73166 32236 29402 66523 58405 28954 76634 77970 57697 52190 14684 7558 10242 29145 5911 5863 74814 6376 16011 53875 37027 73079 12280 55506 6337 28745 70125 14099 22588 44256 72290 33506 47275 37980 389 32027 52712 79659 74242 15701 21409 4937 67684 75620 3416 25105 6860 52642 57407 15577 76009 10307 78696 14403 7409 78795 35086 21979 48627 20893 12327 42015 8149 38838 7662 74654 7940 37355 3072 25585 38118 20830 51050 66792 62259 7667 4083 76646 36208 39966 63187 21865 14475 78273 43122 76619 47464 49151 22044 67122 15267 26624 41995 71255 61057 75502 54415 15669 27521 3143 72296 40548 13802 43681 33628 41454 40782 57523 48200 26714 25215 40684 31000 24860 67762 26492 75607 76762 42345 64275 61963 63729 15072 61724 10172 75130 50040 26910 68061 23886 27958 920 2782 74395 61672 62087 56261 73316 21524 39116 63278 27647 61046 205 37716 59408 50971 79218 10656 30372 53811 78021 76772 61346 73744 58842 38272 58554 70630 35089 28425 8765 30280 74629 51478 70460 67041 77382 8912 67124 17718 30631 4965 30482 20808 46949 71027 51155 25645 28017 50721 3535 53796 37236 5276 53700 21028 3951 1799 60796 54355 25297 76252 48517 22772 53179 18321 67388 35557 20079 40221 47307 28719 6015 4110 9957 31276 40419 43629 63172 49196 4669 4076 51676 6790 10503 23835 2369 41651 7069 22802 71588 30107 13280 53714 28427 31071 44652 20229 7755 14216 64763 54271 43314 13237 30679 32251 10216 65651 10171 50816 23567 64396 68320 62475 73555 48039 19470 80596 67309 73809 7920 12429 77305 60274 54129 46510 43181 73010 34189 67176 38440 80784 40634 2603 1250 64258 50757 20912 57457 35677 32809 212 66486 6461 57979 41344 44452 38481 5977 4379 67661 52350 53923 73709 50638 68908 7986 7011 4232 8198 21838 3639 68757 52534 62530 45108 78090 79969 11743 24865 37143 1129 46910 70793 35003 59203 2387 66016 67285 30602 78948 27125 47851 60092 69198 18118 52127 14437 52051 68349 26513 32981 59953 32767 40995 56640 16435 873 71696 23699 8944 64053 34228 1386 69065 40262 1454 40561 41349 22625 8312 27821 40510 49775 39190 4789 61126 16346 34929 25506 22690 57071 79773 34281 63814 33749 70096 45038 25746 5125 68110 30572 43539 15114 57034 34159 78740 24999 74267 71608 39479 28803 27951 16498 4715 24278 72633 64962 72690 28029 11829 55854 25337 43965 46510 45675 8822 10547 66017 56052 26559 17631 7139 28672 79518 44859 37316 39283 72880 27153 72151 47527 33365 48570 53201 12405 40353 52339 39593 70193 65986 54802 66400 4607 50328 12747 35806 16971 52364 42666 27155 7640 43971 42029 6141 73419 34243 55932 70134 2641 50737 10587 57041 33642 16025 66824 35209 56319 45779 21307 74641 65509 48567 9642 50363 22072 30764 75242 46187 6681 34014 27099 40383 21154 65486 64589 43762 9683 15098 31536 30066 74528 68005 41057 18311 49991 24699 43266 46366 35008 22932 44742 27512 69213 12115 78071 69938 38828 37950 29306 69326 34947 56420 8932 72772 42188 33571 69108 53927 37964 76119 15940 24784 76299 44104 37599 65169 48976 7652 33657 28572 77954 29482 7439 31047 51987 71137 3358 726 79383 25660 15086 20100 27766 25131 11290 9606 78237 63856 73951 8112 1681 58365 40890 61780 24395 56591 3756 78399 7643 16123 14285 5326 56192 19823 36341 36935 14647 51891 60294 68741 19964 35475 69777 73797 53715 52164 44238 34169 54936 38118 70228 35871 55010 49302 79978 58082 54515 70836 41949 77661 60285 23351 79478 45576 51592 23291 67316 51690 324 3234 10826 72414 1401 78729 64315 38732 76605 26090 27299 582 38548 49864 73856 70085 53270 10072 4872 73644 69108 45638 67617 76755 78157 26963 66907 38076 140 34655 47253 66981 59859 70158 75303 41826 60850 39771 57986 61726 25839 32692 13781 34518 33853 76937 40850 44452 79262 2309 5646 480 63236 68262 44148 4087 37404 55049 10883 17773 35829 8759 30975 67839 28846 46190 24143 73340 37618 9985 78550 79674 80045 19238 29563 58374 47364 55927 73326 19036 41245 8958 23272 35293 12331 14375 71928 62224 20375 14093 12821 77470 77369 17828 38694 67239 44819 7603 64873 78100 7681 48277 5696 45940 34867 6161 37426 1513 58669 9525 35432 19212 37602 49904 6934 57126 41927 13349 31186 49311 39053 66990 33494 37375 24814 8312 4750 10467 52756 34685 7809 27517 76527 15677 53241 35415 34615 55487 79407 25112 31660 34945 66342 18062 48066 64091 19119 76873 36088 51750 18372 22267 37069 36018 2305 51788 68080 5744 65296 25403 54984 60005 23492 64473 18385 78722 59995 28633 13295 63677 12386 18827 8761 5557 6714 19655 31390 21837 62629 76075 61144 4097 45020 32290 55913 33683 24374 46027 64682 19777 51577 61064 59586 12024 78714 14197 19119 72113 34192 12344 22318 14207 32395 40943 33550 9838 70908 26181 3254 77147 12531 20297 71329 73716 10476 39225 35558 28818 29026 5095 23823 30942 867 77288 45897 37923 54351 6475 2143 44165 50889 41411 70583 48655 78071 14131 43956 72937 65321 12544 11344 72972 15284 9414 56250 11086 49984 74626 32991 63784 78262 50627 34178 77009 44908 30058 11645 28527 20385 10640 15496 16305 55142 63370 50525 27947 56499 27088 43531 32853 1518 55648 27564 67121 52155 8843 61070 50967 65965 32732 77579 25324 78352 26875 62864 30617 2194 14348 23410 75448 61228 38716 58217 79691 39220 17138 32678 33927 75375 37138 17612 35293 23607 65606 35120 60231 63951 62113 59880 56368 25477 28060 38831 79330 12341 34224 26686 61701 80522 41416 21037 37787 32911 8008 56264 50769 21297 79904 30347 30100 6589 7560 55413 4558 79035 78966 4180 12995 33215 38871 67623 14396 75614 13388 9584 125 76682 62781 5110 49278 50067 49853 47341 26630 65661 31773 38830 30138 33975 74077 43577 63630 70156 23745 15912 37417 21158 35018 42372 78587 71598 17413 51924 75792 2748 8301 17246 62545 31036 4789 35883 42612 6013 55360 64593 3503 21984 39132 74908 51854 18122 41333 54400 42443 64966 56084 29536 41463 29928 70598 27140 18906 11285 17427 70862 74767 63605 75483 2735 61692 17216 64169 15613 76673 47550 61853 51436 54348 32929 50889 52311 23900 39886 61693 12398 51244 78027 49283 76187 9691 42086 32008 51679 61374 34973 72076 25728 60426 61325 41303 79523 61986 30693 9272 57316 66859 15577 44008 49880 49547 55504 7685 56505 55730 51652 9301 49699 17383 14425 34869 1558 51157 22519 4036 21487 12927 52974 16595 78312 51945 50312 64363 48375 34122 4151 57540 57383 45412 36590 78310 74152 60519 40645 71165 35034 1301 37335 4984 59193 26843 37582 1253 43857 17467 35062 39524 9151 52810 52131 37844 7429 23676 62841 35491 27042 55039 68224 61704 76709 3666 67025 69619 72149 46741 41110 63990 34023 53187 56396 4564 72097 10321 5179 14257 79695 80148 28807 61159 71172 48049 13084 47810 68973 10852 58415 50970 22293 57512 13113 44915 3539 79114 75482 67233 45802 2247 23971 59963 12538 38637 206 58968 26891 6125 209 74831 44413 29652 4882 34603 56171 22377 75915 13425 79925 7761 26 54034 76146 24090 69146 49066 51656 56946 72479 12377 67503 68706 21908 65046 23488 75972 56581 42584 39842 3259 77960 34307 49242 67391 39533 40314 63880 71633 30070 62118 16023 65898 54797 62004 66876 64514 60859 80114 63546 47700 60611 14391 52741 38232 16107 17740 44053 40326 79271 64114 38616 5506 35077 42644 40501 71965 24980 18867 23639 10485 24490 68743 49287 53987 67843 23510 1991 33874 39641 14562 35475 6136 14616 69446 58646 43391 75442 14518 74869 40364 40437 57970 25125 15936 79395 50078 54087 78139 20910 51636 1242 32811 53166 50691 53673 61697 45580 77954 60524 72760 21973 55355 11402 62425 65709 17593 27228 54342 35338 26505 68360 17452 21565 3165 69436 21677 72731 65090 62481 7323 60012 9957 60827 63397 33293 25533 25478 13157 55468 29343 73640 55184 24848 51445 41702 24244 21412 3622 78302 54366 53714 77785 44596 74087 68320 49521 43877 69025 52021 14633 70031 49565 5926 56091 69890 67343 27904 14508 19585 63644 61646 25900 59923 46229 28655 50539 21062 25440 47515 50780 79541 51770 26157 58562 46800 29273 26461 34171 5642 34898 66516 52716 56967 45147 4585 17464 57068 46489 73165 21668 13802 27405 78922 77966 61142 76450 68529 48966 69624 31759 26894 68395 72371 27085 67005 11781 15161 80005 73058 45676 21390 31258 46557 10761 67791 67024 7579 31429 2489 8958 49225 50421 60069 68928 69127 5303 39391 21642 46345 36646 75824 76549 44925 43944 52664 2813 13363 13320 2793 54800 56573 1608 54301 50829 80433 71232 9280 14729 51787 39050 39483 74411 78808 28944 45265 56298 74805 47645 5222 56986 67086 59073 32903 75697 28765 800 3670 45229 49394 5594 15308 70640 76272 23546 31574 49930 30708 65444 72224 71282 60224 57094 40695 10883 55108 40754 1070 46063 16204 51544 34770 14711 55770 16217 11282 76970 57482 71004 6922 22549 5832 50421 47790 34139 42008 46322 75211 33633 33029 71073 73681 45883 31055 3235 44160 47809 9047 12868 2529 72037 62196 39482 42887 34670 72225 74213 60580 6227 6548 18070 77329 45538 51580 56053 36038 54466 27695 76420 21016 65330 60137 56154 27397 59715 34560 4487 22624 56030 50181 69535 14991 47725 59276 58651 32281 15337 11228 76498 34795 37854 15507 35515 60105 62161 53758 78999 11122 14477 28505 48852 24686 34158 58612 28581 8320 55356 27974 7582 18802 70751 76412 45335 47705 16935 7397 78662 51148 65866 67795 19054 67584 6159 80726 29877 39200 7051 50233 79553 21789 58122 21044 1310 22771 69439 65888 23739 63623 12964 37308 10488 36037 17067 56276 18178 63028 16776 38946 46923 8282 36515 32718 20445 9891 21040 10304 12217 55861 67262 71839 22675 8624 17619 59333 13450 20469 68026 37349 40188 56289 64235 8661 11967 36443 49882 65087 5317 49426 6536 24744 47676 21397 45787 54807 36320 72315 54401 50875 11068 44926 1055 46907 44425 46138 20906 3480 50125 25416 42561 2355 17881 35083 48961 37229 64402 27521 75216 19706 32170 14174 5980 47565 76848 5409 14874 533 80681 44938 78532 10559 37923 76783 47576 2730 72489 63198 9712 71467 14153 41128 1375 1352 14501 18922 80094 55770 40668 73019 50480 39234 2224 59633 74850 53314 70227 44407 24182 26028 50809 14827 39865 40607 27705 42462 61565 37511 56326 40152 18404 3524 57066 65975 12659 79873 24583 5493 49147 71748 60539 30087 19007 39957 58539 42316 66828 74874 6360 20445 27588 3277 44568 14134 77486 40639 8932 50062 29002 44603 47399 33118 32937 3869 46645 45934 7062 53780 12828 49107 42277 1986 67907 23185 14423 66879 6235 47215 27687 18157 55427 78336 27907 13709 37003 56315 59505 34800 53280 20804 56271 39473 8170 77877 56731 1304 35113 41588 41540 16512 63158 69738 44150 10033 43527 9042 46205 32624 4411 21554 5746 26927 61899 66360 13550 22009 75956 32687 56055 43905 49079 77106 12805 19060 46900 13472 23442 43687 78330 1594 28069 34977 52956 8818 42774 21913 51340 79287 51067 11434 46735 129 11602 20082 38581 56955 41869 37573 76911 53565 77383 61944 15511 7458 10447 43233 3104 45947 43627 40253 54429 63766 64856 30771 75383 64573 34653 9325 19587 69837 56728 65271 31553 46415 5722 77965 72669 6353 74483 13244 35193 79541 24797 68388 58308 39379 4527 30945 53997 7675 26631 19742 58230 8026 46548 49624 6771 24325 42451 9493 33657 39194 27753 68277 36019 75707 14390 68552 45286 47154 69155 33854 52233 8401 24605 44409 68230 14007 33503 12381 41521 31770 16091 30058 55 61712 38652 65728 67441 79452 25186 60787 46980 53110 10887 52377 55719 9323 55476 38558 74118 79949 64813 733 12990 58691 60850 12336 2561 26108 59839 15031 67463 11012 12010 53215 64037 12954 77691 76100 74621 37212 22851 4749 66681 42801 40276 39748 13062 38745 71178 23256 7209 62349 45820 62037 55321 74673 10836 58436 17945 38784 34254 33466 70915 24171 22159 62758 8326 63560 3623 55350 71931 64822 24804 19117 18552 32098 4089 54589 23176 77797 42096 64477 16052 65809 70699 24435 40409 19899 72435 13258 47360 51148 31385 38571 57959 14853 45465 74452 15440 74461 77543 3231 13365 25341 45400 52209 22825 29273 25339 36837 25051 48486 26580 4408 32219 38359 10098 11394 68320 76112 37698 5682 54179 23839 19758 11702 23033 35013 61277 61005 51178 45344 2621 49531 7061 80792 50945 32889 58714 75785 22614 14596 17824 65770 45613 53609 24522 27835 50323 44825 66410 69953 32982 16444 43258 43283 17778 3534 54498 72186 67148 7589 69055 34335 69771 7368 3577 77669 69469 1192 50757 37646 67939 6248 13757 77118 60908 13753 68043 66183 4994 15315 50830 4927 42244 26731 57095 43311 999 71637 79518 17477 17537 78046 39047 50880 22823 56601 77741 19368 21066 41817 32356 56311 54812 63704 23151 21650 1764 16058 59565 70270 36802 19561 44959 31598 51818 43890 69992 57603 55901 38377 53239 25692 55547 71720 21000 15214 77820 14014 22949 50959 7275 54944 33145 28500 54138 34872 25790 55358 36664 15789 69461 19104 49686 2707 60842 24372 35157 42421 44024 62988 30188 54219 1345 63815 34328 32996 20963 23550 19884 41334 36764 50932 1798 61436 33785 27544 23519 32684 65270 78866 44446 54559 10265 68360 13840 14696 61164 52388 66090 38350 11531 48035 37548 6896 64389 15947 23556 13634 42556 60340 43061 39617 38579 3954 12957 3497 54609 21183 48970 6491 51758 18792 61617 22162 78650 65961 70051 35059 62707 7477 42128 10402 45626 52037 67934 39432 28945 70512 74125 66397 7001 12179 79557 25555 79613 18283 47149 23057 68058 8985 44810 24788 47359 18801 41700 51225 74342 52653 41401 7471 73638 682 29615 3635 12973 18571 16428 42567 79358 41206 79681 46012 32159 57434 63477 74171 54174 21540 52845 5864 29635 58543 18675 1843 50330 74560 35592 79438 10128 35943 71238 34523 23160 28383 29401 28599 57179 50160 1967 42518 47318 47381 78609 19160 49349 51445 8545 63188 55108 58707 34660 13383 56762 56903 50352 22356 78013 60512 80987 58553 9864 7007 70588 9914 8094 12318 42368 44184 37309 68332 76152 45716 16251 43580 44226 55945 72448 45496 20295 18491 77486 62141 78235 77167 25380 78320 54149 37376 80731 27397 77828 47916 51149 51698 39773 33341 60058 58440 59174 25372 73798 1236 601 15725 40416 10361 3165 8984 38906 8125 79851 38815 11142 58036 29 10208 74813 49147 68065 17502 19351 35360 42518 13598 22752 73610 27084 41681 35201 52911 24342 58806 17951 36341 4847 20382 29039 8102 69270 79272 15977 58869 35632 46801 12340 54700 66440 37456 75538 57354 70276 5244 3378 33052 4614 46915 76764 14730 52700 74452 66631 18648 43304 18027 65635 59331 12359 36492 19764 11571 9320 65254 16465 19727 48486 38575 50897 44289 44568 63677 64132 72782 14000 57623 3247 70820 24948 80337 54987 34649 67436 8611 77615 68449 78013 54541 29962 70408 39151 42207 138 66827 62114 60337 71502 37118 52808 16457 26393 16515 5672 1627 33722 21419 34922 71609 4285 67004 33840 66846 67491 67000 17300 78512 64063 54439 3187 56036 2437 70499 46950 29043 46059 7816 51486 37158 25600 75591 77748 39206 48617 47107 79845 74490 6623 30113 63842 70376 80605 43422 58497 42268 23645 71742 59927 6654 34356 23899 13426 5768 51888 32629 65378 22118 19670 16845 42716 12593 77010 67143 18332 54856 8172 45930 66203 70051 38940 13069 39904 35138 10198 44406 40565 77317 52705 56523 22022 31308 79925 75302 56026 43033 50799 60794 11314 67165 32408 78753 73731 36210 58044 53994 80044 59044 7109 76477 31382 54643 17015 65292 26454 28243 49814 29290 654 42256 49654 18686 51329 22908 67078 45446 20017 57787 45431 41961 75295 49643 62393 6033 26455 11189 56126 75161 71205 39570 43741 4234 59430 9511 80478 46786 30258 17487 4842 44885 6118 32016 52507 59735 10070 25849 13849 42511 18196 75881 69055 60780 70687 39488 54414 48091 30767 59162 42373 11514 20798 71695 27544 67242 49507 63712 46873 73947 56614 32360 32964 14045 78702 55319 38478 11403 35103 70803 29042 55334 51795 62113 26719 4068 62285 74682 77360 60697 78581 14259 10666 22806 76859 55030 80525 24305 1181 18141 22551 6522 53039 32110 60755 39264 46789 50575 63566 10462 9646 76937 71843 46274 78605 39558 63143 6107 77663 53082 26871 518 7557 11353 43744 17464 65364 55828 71020 20554 67444 25815 54118 15204 72072 27800 55137 58126 44276 7040 53858 59307 36481 76789 39816 20411 42558 37777 53315 54532 79785 46846 67879 61654 601 5544 46787 45883 38717 32948 40284 64993 28250 23600 62776 48233 31351 11272 21609 48833 56610 51020 10914 79951 34919 16596 48055 55802 68973 4471 22127 46343 7753 15285 27569 59948 78755 35303 80528 49455 70582 17806 63875 15544 12192 332 80911 10554 44666 11063 75586 16873 29246 9995 3143 55511 16919 15233 34319 38892 43320 56752 6394 45620 26801 68647 23487 33486 39078 38731 45400 65309 78133 21525 29007 9246 66228 24561 14493 41618 77898 58471 51574 21964 73505 31953 14727 56597 9002 33935 74370 21509 32292 26977 5977 20581 41610 11583 50679 65088 26541 18623 15890 23236 17798 72905 67929 34842 77909 29563 33252 10435 13325 16701 39232 4632 46049 32834 64213 23269 76059 10108 23371 11224 49895 2849 34287 45924 52524 7885 43286 76201 36686 61046 78780 32852 17852 48296 68571 3930 75618 23220 53374 16048 15257 80645 3751 53793 51002 28832 66775 15635 55926 48642 76777 36613 67761 59374 49509 61053 5712 24839 69118 1366 47658 76810 77934 6910 77368 49444 39953 54575 74561 42631 63059 42515 66883 7868 48917 48279 77319 71474 53577 18589 69133 11087 22423 44346 6629 35439 36262 50199 68051 16520 41054 20770 42446 39194 47183 71645 48005 7905 35053 3356 7322 15396 18666 13338 78457 19345 41453 42680 40368 80370 28557 68428 33327 14651 10667 36027 5555 64183 45425 63133 21625 11864 2231 17407 17403 73045 27319 19483 48601 77589 60802 18113 37380 16106 45952 20309 2193 25792 24346 63291 65653 80172 28813 1667 7781 69790 22440 43931 30706 69995 77084 64824 51183 42228 39257 19545 20482 49030 8339 66321 25567 26085 31157 4896 22599 74560 28659 76956 25681 3625 45288 18858 32995 8977 41544 17584 66634 5169 8492 55502 62926 76362 56436 42544 74210 30125 30016 61410 58485 44415 29373 72791 61976 20456 25890 35977 54706 14273 29327 54758 74171 49784 43552 48751 11916 50040 20532 41148 68091 9753 9149 49970 3045 13747 61835 10630 34940 1072 80569 46099 70978 30050 30707 76711 43816 26633 30816 6050 63285 26381 36717 43382 73911 66626 16924 70963 60768 77202 8416 6233 14209 57010 12508 46694 13228 54154 8121 71813 16841 17721 32530 78136 32918 1839 15779 77471 54079 25222 46800 5101 15273 72376 15398 22481 44036 549 18802 39051 48833 80861 11146 13416 52645 24376 8168 15792 30642 23735 64390 97 13643 34460 80255 14923 47382 676 21820 48228 31438 17725 37592 2468 57876 37183 74445 162 39519 21624 51515 46496 41494 57283 68097 10035 67386 80938 71504 39120 50572 33997 22397 46852 65656 36737 65500 56866 70975 36948 15473 23195 63644 23244 52450 65149 44975 67367 44756 68678 1265 71224 58772 47587 19081 50919 38031 27105 19606 19013 74119 33634 29837 38309 41014 48818 56295 11735 11344 67901 29632 47159 7440 13727 72564 5020 58153 18615 78905 61284 6490 22223 452 14656 4356 27621 80458 28345 70761 57729 6116 27576 19187 14175 48494 55667 57328 42491 18077 62953 59244 37422 25036 29995 25266 34649 79780 16278 55131 18959 9957 30420 51764 73496 61562 22771 58872 41235 37472 63492 36091 63594 68179 26635 67443 8193 43483 21401 13363 69009 12030 53850 51013 70413 57912 50613 47497 12579 55914 60200 80480 78543 72663 28161 6112 71211 18976 18805 49353 37907 79749 53803 37474 37366 8708 37601 10662 58039 42800 6188 21462 3895 77395 19224 26781 43738 61635 32609 16420 34342 21211 38818 39591 73443 18281 65395 63695 6125 76655 9766 22654 16379 19335 9888 45164 46355 31926 75211 16983 78205 31817 13275 56444 14182 59530 60280 76082 22650 957 58664 67261 36223 74433 17212 58480 17543 23670 28881 23789 72963 51070 20469 36519 8609 9751 80392 47688 16449 49811 10252 24284 34086 59926 65966 35997 41202 70697 68401 65722 69825 67783 29305 62355 48521 72897 16711 31260 71683 62049 65955 13674 20659 49934 38310 51569 66997 20067 57813 19538 15664 2966 60398 49143 26045 6738 65331 8177 63365 63656 15763 12038 39161 78206 14954 71070 42705 37098 51462 75214 7646 47792 22599 51953 40973 10329 394 74709 20198 22779 11016 3230 77274 79088 60121 50172 1788 63953 4827 41619 75999 58454 47891 1245 69498 14410 14955 24546 6316 5949 25839 61406 5886 72199 6878 18814 70975 80467 6937 43705 24678 35013 53710 54174 53405 68848 42847 1671 12544 15628 53241 62402 57706 22601 47383 21919 3706 65852 18559 20229 66202 51677 17656 35422 72535 3228 37098 78982 38675 15803 49086 7038 32123 39881 69032 13407 68581 4015 15777 55383 21275 20000 64869 48762 12492 72779 49398 7478 17222 66332 55126 57966 54593 65500 29109 17461 22068 47409 58064 44360 13024 52576 57030 75654 5579 73349 64311 52520 54178 62892 53082 14424 73736 37036 60480 47534 1465 45201 12421 77308 43679 22543 19633 47035 67729 80800 33743 46189 56852 68623 59435 50823 79083 45032 3858 25389 9614 14860 15035 20553 13160 6657 59767 51357 23709 3307 70004 36581 30563 54563 51222 19746 44043 23303 53672 31260 53027 40127 46511 69783 17324 30268 67229 64608 66710 31054 65741 12093 22883 59743 9030 52530 37239 275 63316 24383 11721 23601 66813 49955 5572 25940 39314 28769 12222 54463 22376 76559 12910 68575 11498 25205 53184 74965 65442 3362 35056 19931 6615 71749 45919 35668 69445 22186 73444 68196 27891 66319 71980 58036 22558 69792 33528 19814 74357 40281 52464 19656 24081 77552 6012 592 66448 25793 18222 74951 77350 33873 4022 68024 74675 32223 23008 79920 22623 32659 13037 41683 35482 11265 45098 22793 80158 6463 75614 50245 62286 79511 7351 2213 22738 18485 42119 38622 11208 46573 71925 454 47465 52420 14872 55260 62264 64939 48058 48040 61434 21787 15589 61327 15718 3097 40616 79368 11590 18572 12146 8981 18055 10651 26603 34688 56891 29839 25781 12520 25854 27276 4110 65927 38032 73889 32656 1332 20531 48009 41978 8633 60715 74376 31342 30516 557 27870 43786 77412 67708 41012 60671 6783 7976 77500 68213 79962 59494 51568 60585 43343 77786 9367 59903 53237 40489 68331 60451 31987 77825 8790 75013 72376 11248 64089 52732 64966 40554 17078 9587 50179 13042 51402 21141 14765 51089 8809 64975 76247 43144 60051 6196 31647 64557 59186 55787 765 4399 65426 48023 16596 69385 44866 65812 25500 59738 37184 69854 72609 64148 75051 43579 50665 50921 7725 16544 56855 30659 20097 77943 35575 19223 5924 25696 70816 12351 62745 5131 23260 72031 18811 66230 58127 62300 3646 40100 53730 34199 25135 37496 30472 59084 17194 38872 61851 1132 10447 68146 18210 17669 64866 28012 941 77730 41355 6682 61939 43702 75017 27479 67524 55672 5221 53695 12167 47065 42256 24780 32994 21759 76590 64405 174 35123 72518 65239 18460 56368 80415 71021 13303 53684 72644 65943 23391 76696 13374 37815 65405 36777 6969 57733 16220 70202 68360 52865 42643 25738 58317 43966 4515 56971 351 61088 38491 13081 62557 67868 11765 68671 45981 4040 30884 22730 68847 66995 70472 50047 45644 63452 61831 37250 75176 73734 16419 14818 54549 1786 72765 20580 19637 20044 42381 70179 41628 52143 44771 25456 12755 40711 18251 22135 80950 2853 58541 15295 36327 21232 58500 13178 25642 7562 32840 34181 176 45662 58705 36910 71491 60016 25867 80815 23809 6444 4129 3780 10347 18029 65481 41168 11332 67440 67421 7499 62212 67446 58559 15408 52274 1409 3003 51273 64307 16549 31288 37358 19938 48291 14813 3087 45077 24546 48405 43510 39312 13258 44029 63394 1752 1275 64063 49396 29665 2223 30424 67827 12761 22949 846 74768 58033 34054 23583 17713 8449 48957 22279 7854 1767 774 58150 24376 49438 48756 13528 9157 60825 30033 935 20777 20990 16435 22710 71146 55423 26660 772 66952 32419 72596 28940 27135 17110 66160 41071 31141 22478 23836 55281 56069 42971 2123 54191 54024 73174 29153 53050 26335 75425 65556 39167 12737 26031 50191 40619 637 71690 9313 13261 76964 45910 15302 58172 25245 7926 7039 9016 15561 8100 14229 23172 13217 8118 69789 68063 32767 30094 16902 21635 25374 29253 53298 38283 53857 3285 75375 62928 50219 77456 28824 13099 46554 72447 831 18320 32816 3906 20824 9709 15833 24928 23889 21172 77499 10648 35941 34920 54589 9419 47727 6645 32880 65866 31232 2566 1527 78991 52626 5567 45510 61174 40989 4164 34923 8837 35511 34128 72281 35532 24816 15409 56385 25171 17488 38584 13808 70849 47090 68089 52339 11361 56470 62617 28647 35006 47515 12163 37956 42694 29000 2795 52037 23986 62540 6965 10737 72796 36802 72278 29015 16242 46216 77929 24646 42167 13635 36358 65085 2651 56975 25512 71783 22847 78838 25905 69197 42164 53085 6377 14328 32578 59177 41865 56709 23248 25106 4156 20485 46244 62813 21213 73508 63875 9206 52304 3437 59947 64411 61162 53963 47299 66910 26866 76119 46077 62417 30862 55341 4796 65226 49969 34810 18191 26376 25057 536 45901 52737 10787 9547 42345 48341 11107 39589 45706 42600 9918 31263 51606 74549 35454 45371 73286 13804 52917 52443 14730 48692 46624 46948 43623 79808 58530 61135 34330 24998 27563 22251 72417 20746 39181 64507 69007 37214 23315 60548 59572 16258 61685 57205 58556 40293 17419 30848 75737 47700 64803 41619 14724 48898 36710 51007 53299 9990 4297 5237 23062 48803 42359 32987 2443 29364 13221 27857 50165 67098 16990 43706 62827 64479 20519 33190 89 47488 33067 71459 29077 4657 63677 43140 41947 35283 69268 66775 16584 34115 24776 11562 9557 34827 1895 62166 16994 10975 36867 17986 57212 40320 36296 28134 4368 32829 75101 6009 57194 7861 51528 1907 3248 39434 35113 29850 15392 58732 13196 43060 60843 67513 63884 75182 2930 74317 24251 29784 56983 61371 6746 37382 7632 68257 74244 16671 15024 6256 42385 77893 44213 72426 23433 19948 71597 51894 18472 48633 3787 12117 75810 57472 76606 12243 30145 44646 61051 49715 34006 31465 50006 42533 27844 57821 56238 41826 55208 25545 36256 41154 67737 14125 9912 17301 1303 43333 825 67605 18415 18949 23246 37339 16790 58714 56167 60957 8972 67536 74060 8913 51351 46828 5289 2055 46697 43859 73243 62851 62667 60158 47186 58651 18910 45545 40915 78156 23402 60284 45557 37715 60405 80763 44325 72926 62758 11570 61072 35538 7260 67516 18693 10221 6672 748 26852 20932 32409 60149 62639 50319 25657 65718 13923 34287 71826 40419 77660 1764 12313 8398 30692 46272 30125 71241 72024 19861 80852 41329 11765 72107 6576 31626 28907 3832 21353 28152 55627 26006 2893 40782 22448 33936 9331 52441 35944 12915 13880 80007 76301 268 57667 27190 12606 27673 65220 38123 72337 62698 49503 34468 48332 75635 42595 43306 35417 2138 54831 48374 19990 36655 817 74564 40821 55155 44799 77944 41693 12988 61872 9315 65354 6648 7493 36278 26246 78467 40595 21412 31655 16019 7586 36738 45000 28947 60679 72777 76843 21090 69216 77186 23825 23427 75038 8641 64094 8336 41902 76165 27394 63267 34128 31595 37268 44711 50906 46451 7207 66871 63336 27073 18592 150 38191 28386 18967 51990 25856 19023 9534 10476 31662 55453 9357 1521 67109 49833 70984 41410 66990 10402 28184 80657 62698 16960 28643 38437 63065 18777 63468 65900 34124 14820 60289 51805 14110 71223 36050 69523 12949 15905 62412 47062 36905 56354 48570 11279 58602 5940 11248 22977 22192 20850 63081 68193 37994 49578 35049 73801 61377 52772 77770 68767 19157 16526 33254 31033 70309 56618 41934 32281 50509 71074 36911 54343 35006 34380 60138 74282 75313 5355 36939 19230 68284 36984 2197 59059 35520 69702 22894 71062 28870 39795 37459 50158 28282 37317 67880 7050 19770 26300 36214 221 76062 44963 19294 78985 46596 39373 19813 10984 18137 59851 69313 1433 42018 6138 40734 68517 70070 66995 64026 28356 11313 28673 62906 62849 62529 37631 988 78543 40762 35839 36238 19698 43925 39390 69942 35178 42536 2075 80529 26980 77977 65616 5948 52421 45927 8435 35796 56508 15983 18048 48122 36672 48519 60000 63580 53407 32081 71407 30114 21375 69454 45325 29652 42389 26185 27194 5853 55500 79442 20819 543 23506 37013 280 44239 41021 7583 6094 13769 80653 20788 6517 31309 29442 73701 70681 74558 73319 65158 79724 19922 4299 63569 70135 58805 73365 16371 70423 30326 49822 67304 10404 68885 64895 15469 24305 65059 77590 34709 49160 71049 62878 30739 43007 78914 24201 36949 61013 32302 26181 22995 25933 60780 28035 37289 42314 80769 67974 61338 54377 43311 12989 73177 28670 37357 57328 28266 66851 13468 16189 34095 71019 45158 68521 23820 62348 50077 57044 3489 57949 20891 1428 53590 46860 46322 27514 62844 72869 61567 15002 73401 14538 39963 20499 27930 56032 56840 24370 11060 19548 49525 71343 17169 80563 8257 29855 17186 18943 10556 71615 59613 45831 11786 20785 37051 11283 47895 19387 9256 21580 4315 60156 21810 5275 34068 19900 26817 59260 25170 8202 69568 71021 2834 7945 78699 32011 40937 19633 7649 26448 76521 50084 41208 1717 77451 58696 16781 50455 53894 54876 5577 39785 77737 36950 39714 46129 48345 3510 9913 35361 2257 61271 54318 22143 12149 43363 42467 40075 50677 18105 35048 16708 70607 11739 47430 40683 80486 67270 16380 75630 36555 72558 16687 51743 49107 13654 11241 61482 49194 49946 19472 39166 16326 33632 79318 32523 65286 51816 78732 16776 57663 54140 6623 13410 38561 17779 41076 32793 52124 12000 41110 28254 15240 78640 47682 22394 35835 22599 29 36409 52491 16366 27272 31484 33875 37431 15713 21644 6625 6362 13445 57263 62465 58616 15969 33782 39895 20962 62474 48455 14735 69879 66997 45424 33168 2935 381 12074 71144 498 16713 78231 17872 1367 51610 55645 66488 34546 40500 20707 65299 74914 13571 26324 43391 44774 16623 12725 55840 55463 29102 35251 28420 3316 76756 37197 29741 28253 57001 57946 40297 38283 74397 65081 74595 64310 42270 2791 57996 59558 80287 80574 20785 25216 20452 48070 14144 56738 8185 5837 59430 5460 10919 40865 7703 2363 18104 75068 29700 23629 53524 37393 54627 54482 80358 73608 28894 43081 12613 73998 42184 54989 802 6052 61717 26831 79564 80586 43375 14014 45709 40402 10623 4472 3128 29867 37 50048 27674 2322 1948 10650 62884 75483 50958 77753 52551 71845 67324 36913 27873 63980 78478 5153 26216 66865 62260 71598 51134 29379 2255 52335 76717 57072 17154 20821 39873 79677 37965 17456 9157 67683 69551 73225 9448 64497 38841 57497 57227 59730 64729 36931 40444 2325 69048 59675 72490 30103 45010 51388 80160 60180 75997 14401 31983 28927 33060 54181 14051 66909 29983 43141 59569 68880 765 19373 38615 32429 76171 15628 8791 55977 28801 77526 12196 51212 74670 4912 25737 66699 60997 72488 79805 16108 73605 60783 49923 79717 62833 78099 40215 17517 1804 52269 80612 64139 7189 69990 50335 49199 29295 3008 27526 25886 68071 68307 12023 21687 62092 42564 12141 37629 19177 36030 47353 33992 13809 67204 78257 57483 3063 56114 74063 42139 4591 63004 60247 30190 28054 22145 28835 78254 25934 27316 29365 20398 54532 50622 41629 51174 18843 40766 52171 37337 7490 22262 74399 34443 6034 49212 2367 54081 27415 23615 80355 23694 42574 51131 33686 71026 6350 62229 69155 23668 11172 76361 37813 8899 72849 19788 17770 59812 76526 70989 11871 56166 20194 49736 68835 72090 33470 53257 48717 64805 34854 23950 11782 6034 37838 43788 61612 11066 27334 351 56111 1034 17909 41837 26520 10622 31945 17478 61513 65741 41955 33158 77617 78299 47218 41175 55159 10156 76103 16020 53845 8535 29138 54060 79900 57374 66666 59716 6717 58396 14057 53547 638 37959 75214 75079 62563 75338 55639 57502 73449 7184 12786 52233 69449 21749 21730 742 80136 22216 56345 73578 42382 2017 43091 38598 52630 29830 61921 58953 50241 75290 58400 72647 500 25948 13408 11283 73796 24344 17598 10784 44290 8592 62796 35624 31680 76159 33532 36825 1646 8286 13609 30405 3070 69868 11528 48191 375 74451 9383 39180 6546 20840 67477 4505 24518 47946 66463 76726 38436 3245 35200 63957 19376 14424 11096 44658 41268 2763 60476 38417 45571 51666 2491 38398 65658 9898 60635 22657 9061 39842 11389 42813 72313 66986 68492 10958 18961 57588 35784 60602 5869 40042 34164 34890 24287 79033 51579 8427 11794 35928 71392 31597 18709 51581 58679 58252 25236 42161 59670 1072 72228 4131 34776 40171 4177 17989 26421 42579 27947 61827 23934 25790 47053 19108 42664 70498 13672 31062 17857 76734 68526 16508 74619 28408 38107 50918 8835 24062 43703 13792 28363 60102 18217 72071 49362 45451 31218 43256 64014 20745 41208 25403 36322 69465 2313 70801 2079 12147 29385 41635 4277 
