// periodic
// number of jobs
1
// pi
70
// Cycle
100
// aperiodic
// number of jobs
9000
// pi
19 45 34 2 55 1 1 15 6 59 16 9 32 17 29 4 38 45 21 59 2 44 8 55 21 50 47 9 10 36 50 47 13 45 54 44 50 43 8 26 8 57 51 11 27 56 37 58 47 39 44 42 43 4 18 4 28 41 43 39 20 6 2 49 1 11 39 21 29 43 29 21 52 38 32 52 27 2 19 19 52 30 18 8 21 48 50 56 45 58 20 5 7 20 24 8 1 55 39 10 57 26 16 22 29 1 9 45 12 51 52 39 46 53 45 9 51 34 58 34 44 3 49 5 10 38 45 54 8 16 28 8 32 25 39 4 17 14 31 8 1 8 36 54 31 48 33 50 31 51 16 25 35 47 19 27 48 9 8 13 28 3 40 17 47 31 46 20 52 32 23 47 16 37 52 30 9 23 22 43 6 21 45 57 35 50 19 46 19 36 45 2 19 20 53 43 44 16 8 15 53 32 14 48 14 9 11 30 24 59 22 45 21 4 46 36 31 23 13 27 51 53 31 52 33 35 48 8 46 52 39 58 43 35 54 21 23 43 9 12 46 20 39 3 43 37 10 26 41 25 20 39 26 43 31 34 57 41 21 26 20 39 43 39 34 53 38 39 27 39 47 40 57 22 48 20 53 31 17 24 8 29 47 57 54 19 55 53 55 14 54 39 21 11 36 40 8 39 59 59 31 13 18 34 50 17 21 40 44 45 34 50 26 52 8 22 12 32 25 4 42 1 50 48 37 18 8 58 26 36 29 42 57 54 55 4 13 14 45 29 40 14 41 11 7 25 4 38 22 21 48 39 18 9 22 30 35 10 18 36 52 29 47 46 36 33 6 40 14 50 53 52 12 10 7 49 14 1 10 2 11 47 8 55 34 47 56 30 7 26 44 29 32 53 41 2 49 28 42 9 11 20 4 10 35 34 11 31 18 26 45 41 40 14 8 14 52 14 52 16 23 25 52 34 59 29 26 56 15 57 57 49 25 51 53 44 23 59 33 38 7 52 49 29 38 22 44 48 36 11 43 57 29 33 12 18 41 20 37 1 18 59 9 39 26 57 26 1 48 23 47 31 23 15 39 27 21 47 20 23 11 13 15 26 18 33 29 33 38 30 19 47 19 27 29 20 5 39 38 11 56 18 54 27 18 48 50 14 24 16 50 11 26 18 29 43 41 56 36 42 3 53 4 33 10 43 5 44 54 46 34 35 14 37 27 41 7 38 39 4 22 50 52 43 8 15 18 9 14 4 36 32 39 8 34 20 36 53 36 29 32 40 50 55 12 38 2 23 52 22 45 6 34 47 43 29 25 53 48 32 23 56 33 17 26 8 3 34 33 44 35 12 44 24 29 3 57 42 11 39 19 55 38 32 54 23 12 15 38 32 20 15 36 57 30 9 1 51 43 53 11 19 20 1 48 52 5 33 23 18 36 26 26 24 21 48 35 36 58 56 24 54 27 48 44 26 59 20 22 5 59 15 38 22 37 29 57 45 43 52 30 13 38 43 44 40 41 4 37 51 20 41 48 27 7 7 36 21 39 21 25 40 14 39 57 42 40 25 20 53 38 24 5 56 38 36 17 20 27 46 35 19 2 14 38 22 37 2 28 26 25 11 36 43 5 36 52 3 5 28 41 30 17 39 47 6 59 58 11 58 29 41 33 13 20 10 37 48 57 23 59 22 9 20 46 10 59 45 58 16 10 8 8 44 56 56 5 3 15 21 18 6 38 24 7 58 51 7 52 50 57 32 53 41 30 18 25 13 30 48 32 46 4 24 52 35 41 51 2 24 29 43 22 38 34 23 18 51 54 39 8 5 35 15 37 27 44 50 46 55 59 36 55 29 27 20 40 7 21 21 55 26 41 14 24 33 10 42 48 35 15 38 34 20 1 24 49 2 3 59 20 25 31 18 49 59 35 6 43 50 49 50 20 35 59 9 8 54 18 21 52 17 57 38 45 55 5 5 19 33 21 13 16 26 20 30 55 11 17 35 21 5 16 20 14 13 1 23 49 19 2 20 21 25 33 6 23 33 17 49 32 26 26 2 36 7 40 54 39 8 59 51 30 19 32 49 17 3 5 9 39 45 28 23 16 21 52 58 40 19 19 8 3 5 37 53 57 16 54 45 1 28 56 53 57 10 41 1 34 7 10 49 45 21 23 1 39 36 11 28 13 54 43 22 48 41 11 12 36 33 34 21 53 15 12 7 18 14 57 50 18 23 44 27 48 29 8 47 43 30 57 25 39 58 16 21 50 9 36 30 42 1 6 11 54 55 34 46 35 10 37 22 15 37 50 55 29 25 20 4 20 18 31 44 39 55 14 19 27 49 11 13 19 15 20 1 7 36 18 18 53 40 1 53 12 13 34 52 59 30 54 11 16 25 7 45 10 46 23 47 1 53 9 1 44 58 27 5 34 10 41 57 17 10 41 40 47 19 7 28 10 44 9 17 51 33 14 52 31 8 48 33 39 29 58 13 44 26 23 31 10 12 17 43 8 27 9 46 29 1 3 56 26 29 48 28 10 24 16 55 7 39 14 9 57 38 9 49 2 45 35 56 6 24 9 32 25 12 52 1 47 9 10 40 53 32 29 40 35 59 48 22 36 2 26 46 59 30 29 34 29 24 5 24 58 40 28 52 12 42 42 26 38 26 23 9 7 23 38 29 28 55 40 22 17 47 42 57 6 19 54 19 35 15 13 50 29 30 3 10 22 55 4 24 47 50 34 19 23 5 58 27 36 10 36 14 40 54 36 14 23 21 52 28 38 50 34 1 34 27 36 36 46 57 55 41 18 44 24 8 43 57 51 58 47 43 48 55 57 35 41 18 18 35 27 10 30 36 21 22 53 58 14 35 28 51 7 28 57 25 11 3 49 8 21 2 22 48 55 15 11 11 6 53 23 35 4 35 9 49 56 19 21 15 30 42 27 14 37 25 29 28 16 41 55 2 17 7 44 28 8 37 7 36 36 4 30 53 34 4 40 36 8 39 50 34 31 4 26 47 18 19 12 21 21 27 22 45 17 30 5 52 46 7 17 41 24 49 27 52 47 33 55 41 47 57 29 21 34 18 55 30 40 10 59 33 43 35 14 38 43 38 52 8 31 41 14 40 36 26 25 49 27 23 11 18 44 44 40 24 12 50 56 41 10 46 37 47 57 17 47 13 3 46 36 25 49 29 46 27 15 52 15 2 3 35 20 30 53 58 58 29 37 20 33 36 45 24 32 5 25 54 34 57 57 25 39 5 58 52 10 37 26 53 9 44 1 52 25 49 14 44 44 31 31 36 31 4 26 42 54 25 51 26 58 30 43 10 22 18 46 25 6 19 41 30 50 37 56 42 27 2 16 16 47 43 18 40 18 5 32 36 26 58 46 10 23 47 34 51 23 6 56 32 21 4 40 4 5 27 41 58 35 57 5 19 35 28 3 41 33 21 54 8 30 18 18 15 7 52 58 59 57 50 41 26 57 49 23 13 12 17 43 24 13 36 58 40 55 57 50 4 52 59 48 29 24 46 13 40 42 38 36 51 16 27 58 16 50 6 1 19 44 25 43 26 13 34 47 46 36 53 52 48 28 32 10 57 3 32 46 53 30 15 47 18 52 19 36 9 57 58 27 25 4 22 36 22 20 8 21 54 37 47 53 2 48 39 57 26 2 42 18 4 24 22 55 32 42 6 55 23 17 56 10 15 52 13 22 26 6 28 40 45 54 33 48 3 6 8 26 51 5 51 14 41 38 23 43 44 31 32 17 30 12 3 19 12 44 59 48 1 20 57 19 19 59 37 13 3 57 32 30 26 32 46 51 16 35 28 11 46 33 20 15 44 56 23 4 59 21 16 8 37 17 16 33 3 29 56 58 9 40 37 39 42 1 20 11 40 9 42 47 48 25 54 48 28 50 34 37 30 50 31 46 18 30 45 4 43 26 16 37 17 26 3 43 37 33 24 7 49 47 50 28 16 39 11 33 37 12 7 59 55 53 24 36 57 31 46 34 36 33 41 14 28 56 22 30 27 46 18 3 16 57 28 59 17 44 48 30 30 4 23 7 30 41 46 29 38 30 21 36 49 39 9 50 8 21 42 18 15 26 15 56 36 54 18 46 35 51 6 56 29 21 58 30 59 30 28 42 38 50 36 56 52 9 6 26 9 24 23 59 42 47 16 15 21 18 44 18 6 24 48 36 15 43 30 31 59 8 53 51 16 42 8 52 7 56 28 3 28 41 42 27 25 45 34 48 14 47 7 23 34 30 41 48 55 52 20 58 35 5 38 5 50 26 7 3 59 9 14 4 33 54 18 53 54 26 36 53 43 20 34 40 5 54 3 20 5 38 6 58 27 15 42 18 47 49 33 17 59 38 19 3 51 59 3 33 59 24 55 12 15 47 42 58 16 33 26 23 37 56 20 39 59 4 59 26 18 37 52 15 44 6 14 51 19 5 10 48 7 53 6 45 38 7 5 41 51 1 20 47 28 29 29 11 59 46 46 49 29 41 54 34 58 21 55 56 52 7 35 16 44 28 42 50 46 49 29 17 29 38 37 18 17 53 42 40 4 11 26 44 29 44 22 31 27 13 20 21 28 52 6 47 3 19 49 15 47 51 31 50 22 2 9 17 52 18 5 30 24 1 5 50 50 54 56 16 27 58 26 13 34 19 45 20 15 21 29 55 30 30 12 56 23 24 14 51 29 18 8 7 3 2 42 3 7 39 32 50 58 5 23 31 12 51 7 35 36 7 26 2 47 8 39 27 22 18 40 19 3 43 55 25 15 9 50 56 9 49 47 44 49 6 59 19 28 32 18 38 16 23 7 43 51 14 25 9 44 13 41 34 3 14 49 9 4 2 35 59 5 11 54 55 57 34 31 50 20 8 8 54 52 52 56 22 3 50 22 21 8 12 28 49 19 59 56 20 30 34 10 26 44 30 12 51 6 26 43 45 11 20 27 14 38 27 7 10 40 8 55 39 42 12 27 43 5 16 14 22 4 57 6 43 44 31 39 54 59 44 31 25 45 43 28 25 24 44 25 16 5 12 27 47 54 36 50 22 7 29 44 44 48 9 1 38 8 25 14 38 20 20 49 19 1 39 8 51 35 53 40 34 57 51 11 33 24 22 4 58 16 3 47 17 58 10 56 20 52 28 33 36 55 50 49 27 8 30 5 27 5 19 13 59 33 43 52 33 43 11 44 30 57 59 52 27 44 17 40 35 28 4 2 10 31 39 56 10 48 15 45 52 38 1 30 59 9 41 50 19 4 20 23 40 49 51 6 31 54 36 49 49 4 11 9 24 38 33 16 10 1 18 4 6 19 21 28 16 10 19 27 56 9 20 45 39 57 52 11 23 55 37 2 43 27 56 11 15 44 46 7 35 57 54 21 18 43 11 8 3 7 15 13 5 19 7 20 19 29 52 35 5 42 9 44 54 15 48 39 50 9 4 17 11 40 48 24 14 57 37 39 39 6 13 48 9 36 54 5 43 1 27 56 24 41 7 44 34 9 23 4 11 46 34 8 21 59 17 8 48 10 2 21 30 2 17 4 38 16 36 46 39 35 47 44 14 40 31 37 51 22 57 3 16 4 44 31 43 53 34 38 48 13 35 1 7 46 53 44 16 22 33 2 22 31 58 33 14 22 3 28 15 24 13 34 24 3 27 37 45 7 3 45 12 39 38 28 1 41 19 4 31 59 42 49 16 34 8 28 33 25 26 39 31 17 25 57 15 19 26 25 14 9 40 56 1 23 12 28 31 57 51 37 45 53 34 22 30 41 24 16 38 49 36 43 5 24 3 49 19 57 6 19 2 49 32 56 8 6 50 21 48 23 50 32 23 16 30 2 41 24 28 28 46 32 47 37 47 7 30 31 58 15 6 35 15 36 44 27 48 3 36 7 57 39 50 22 36 36 43 42 28 12 48 1 23 5 28 39 44 40 38 58 6 41 5 51 29 26 58 8 47 19 37 24 14 44 58 50 8 15 57 25 4 14 40 56 18 13 14 24 34 57 33 59 32 54 40 58 33 4 47 38 43 11 14 19 31 57 42 5 7 39 8 56 9 22 26 15 41 8 1 10 5 29 25 37 59 44 1 15 38 52 43 43 30 35 21 38 19 36 1 51 38 9 38 46 53 45 17 39 14 48 45 35 37 12 26 46 17 35 21 42 12 42 40 21 23 54 7 12 57 48 52 9 6 37 10 4 35 42 24 13 58 52 24 19 17 21 22 46 21 58 16 51 7 32 10 14 32 51 34 22 18 5 55 16 53 13 12 3 45 52 40 12 8 5 13 34 35 5 29 54 17 41 56 21 55 15 59 33 50 36 33 14 58 23 10 13 38 3 17 3 36 14 8 32 34 10 57 11 37 16 42 55 12 43 32 14 35 8 55 51 18 59 5 27 24 42 33 1 14 45 10 34 44 56 42 54 24 45 39 41 43 10 20 52 37 46 26 41 1 11 13 8 56 54 11 12 22 17 29 59 36 41 47 12 25 54 1 20 42 3 53 24 23 52 14 29 13 31 46 34 44 52 3 24 54 46 49 15 37 25 17 29 16 23 52 57 3 20 33 15 23 42 23 52 39 46 56 5 2 56 10 54 19 5 21 31 38 44 26 1 49 2 36 44 11 27 9 55 31 19 10 12 21 2 52 26 35 57 40 19 8 59 38 22 40 22 10 31 11 54 9 34 50 13 5 26 15 51 9 39 25 6 14 48 34 14 30 7 6 8 59 35 13 32 42 51 57 44 11 39 48 6 21 48 5 42 58 44 12 17 5 32 53 24 36 44 27 54 18 29 41 38 27 53 48 29 7 8 26 53 56 51 8 55 38 16 3 59 30 56 3 47 43 42 58 48 1 1 27 3 28 13 21 19 57 28 15 24 25 42 52 4 16 57 51 49 53 47 15 53 19 31 3 13 22 4 49 32 6 30 10 13 4 56 43 10 59 4 19 29 42 54 40 55 18 2 49 31 22 51 50 5 9 37 22 13 39 36 6 16 13 32 30 52 46 50 26 28 49 21 23 31 15 7 40 50 41 34 3 56 40 26 59 22 31 27 22 49 5 57 29 31 24 16 54 17 49 25 8 45 50 47 33 43 49 15 36 9 12 8 39 41 45 2 33 30 19 42 38 52 48 57 13 9 18 52 34 30 33 25 42 39 27 3 51 56 40 29 4 55 8 53 29 5 32 53 48 15 59 33 40 14 1 36 51 25 45 59 27 50 40 38 19 10 27 20 9 17 44 11 34 45 47 7 4 58 16 47 42 1 19 31 14 51 47 52 12 42 53 17 4 10 21 26 15 21 42 57 49 44 15 3 32 21 45 27 27 24 23 22 34 52 47 9 43 27 47 26 22 11 54 15 38 15 48 43 27 44 2 31 50 50 42 18 33 13 28 47 53 54 52 35 25 12 21 6 44 9 38 30 29 19 45 37 40 50 26 55 17 7 10 10 20 12 24 12 2 34 6 6 33 7 54 50 44 13 22 43 29 53 51 4 10 36 32 39 50 48 28 38 52 44 21 53 57 7 58 11 48 46 37 14 4 46 50 4 42 4 58 34 4 59 42 44 52 28 54 1 54 51 16 2 39 57 46 55 19 1 49 43 8 51 51 6 1 52 46 17 44 59 32 38 46 36 22 37 17 6 53 35 1 14 13 18 52 40 49 44 42 34 2 19 23 54 2 6 39 44 22 47 44 13 23 48 40 59 18 23 49 48 52 40 24 14 57 1 21 31 12 57 1 18 44 39 53 7 58 37 55 28 14 15 35 30 26 56 27 56 18 57 6 16 45 5 18 36 10 14 48 32 18 9 33 13 7 4 56 25 49 29 42 23 57 35 30 9 3 30 57 50 29 31 9 41 43 11 23 3 54 52 30 5 42 30 44 44 48 52 27 7 7 19 31 28 30 8 4 22 32 39 52 51 57 27 4 30 43 44 55 13 56 53 46 18 4 12 8 51 32 5 16 1 54 2 20 46 43 43 45 31 59 9 4 59 53 16 53 12 19 35 14 29 41 57 13 8 4 14 33 26 35 18 44 32 10 31 11 3 45 58 9 48 30 33 47 31 45 52 37 58 27 13 30 2 35 4 55 49 24 2 37 29 32 3 26 35 49 27 16 36 19 52 18 20 22 8 55 44 7 30 7 30 17 2 31 48 38 37 12 24 56 23 34 6 4 7 57 21 34 43 27 39 43 43 6 11 35 9 28 27 6 40 22 10 43 11 45 18 46 47 18 21 36 49 18 41 27 51 25 19 21 4 14 27 25 27 57 41 29 42 29 43 33 40 2 1 50 41 30 11 24 7 34 47 24 13 35 23 55 49 44 57 45 21 15 17 1 27 50 29 55 15 35 34 54 49 11 25 45 46 21 12 14 8 50 5 43 48 45 7 30 48 33 27 16 13 15 19 25 10 6 30 49 35 50 36 46 5 17 52 31 23 54 17 36 45 41 34 6 49 35 55 36 39 18 20 52 27 16 32 17 21 15 24 57 53 58 8 4 26 20 5 32 35 35 50 13 53 52 59 36 8 37 25 31 6 1 11 3 27 58 35 19 53 38 21 25 46 14 54 19 32 59 24 10 14 4 35 16 30 28 57 49 32 12 51 46 53 10 51 9 44 16 8 29 3 18 9 50 59 27 20 50 20 27 36 33 1 52 45 17 5 8 51 14 23 59 26 16 10 25 6 58 2 8 4 22 14 57 31 32 44 15 39 18 35 32 42 54 14 11 37 37 50 25 45 33 24 11 16 31 20 7 24 19 47 51 4 8 35 13 50 13 49 58 58 25 4 47 58 58 58 46 44 22 18 17 19 10 18 13 57 31 26 12 57 50 14 7 49 47 24 57 30 2 28 52 32 21 58 26 49 27 20 59 59 42 9 1 11 18 45 34 58 10 40 52 53 28 31 29 21 24 16 10 51 34 59 18 14 18 24 30 14 11 53 2 14 29 1 50 5 12 49 4 26 42 23 54 24 45 36 3 41 44 4 46 55 58 29 12 27 31 3 16 55 55 48 55 47 40 5 50 5 44 25 25 58 2 35 36 52 39 39 6 13 43 36 23 40 34 54 53 44 51 53 43 46 45 24 34 12 14 26 17 23 26 53 42 32 51 1 53 31 52 15 41 40 46 37 30 29 46 47 41 57 38 38 57 2 1 37 28 54 40 27 52 15 18 28 5 33 1 32 26 59 6 33 59 24 45 25 45 32 51 5 22 22 57 3 33 35 56 46 46 53 32 53 18 12 31 34 15 43 14 41 55 15 53 37 28 33 29 42 59 52 33 8 31 2 35 55 13 39 47 15 1 3 12 54 35 51 30 49 12 18 31 39 25 10 40 45 36 23 4 18 22 8 5 39 50 2 34 8 49 31 25 47 16 19 57 25 35 9 1 41 33 53 24 29 1 16 52 59 22 28 53 14 54 10 49 16 34 11 52 25 19 6 32 43 8 2 18 4 21 14 1 22 11 9 59 1 6 59 48 55 7 41 12 48 51 17 23 31 45 48 53 10 51 1 44 22 14 11 39 25 5 22 11 26 16 3 13 2 35 16 33 42 34 29 43 11 36 37 55 20 38 19 13 59 28 59 48 43 6 21 21 42 3 49 47 40 12 7 21 9 51 11 11 34 7 20 43 21 57 8 54 57 29 21 46 57 27 30 22 6 20 49 5 41 3 56 46 50 18 5 11 51 55 51 38 4 59 54 34 32 50 9 5 49 23 21 52 43 18 34 43 2 7 36 41 4 8 38 25 15 37 4 34 17 45 15 49 41 46 29 51 6 12 17 25 18 51 55 1 59 8 4 39 48 38 47 28 57 33 42 41 25 26 41 30 52 50 7 18 4 36 15 2 36 9 49 37 11 22 5 22 23 53 7 47 49 33 4 48 7 27 7 3 35 5 49 41 7 57 45 45 11 8 20 21 23 3 37 58 12 12 27 55 29 11 17 35 15 30 3 18 21 45 26 7 38 6 39 37 55 43 46 48 43 35 5 49 27 48 5 42 10 16 6 33 31 27 12 46 49 26 6 58 42 25 37 20 9 17 26 9 30 20 49 35 37 14 36 7 36 24 27 53 2 34 9 57 39 41 51 24 19 32 43 42 34 6 37 12 30 8 28 37 12 18 36 6 7 59 11 59 23 6 18 18 42 25 59 28 50 31 43 38 9 36 31 16 10 49 17 18 12 21 39 23 38 20 52 36 31 26 21 50 26 6 40 52 34 39 28 7 3 29 3 35 31 34 40 19 32 13 30 22 17 25 30 44 55 19 11 34 33 46 56 13 9 58 8 57 43 36 45 43 20 4 22 15 35 19 1 49 3 33 59 38 48 16 24 29 28 20 45 4 56 38 17 22 15 9 15 8 35 40 12 5 58 40 32 29 42 35 36 47 9 22 9 6 40 1 56 32 13 29 54 29 58 10 10 31 7 14 33 47 2 11 35 26 8 56 6 31 6 57 2 54 5 52 57 44 26 38 4 10 28 9 20 40 27 7 45 18 25 55 4 22 33 39 22 8 13 19 12 20 33 54 13 41 47 32 9 14 33 18 20 8 5 19 32 8 44 17 1 22 17 33 30 23 37 58 14 46 29 4 15 41 47 56 59 45 45 37 35 26 33 22 44 23 22 50 38 51 53 55 58 8 57 59 33 12 37 32 26 39 45 45 30 41 2 7 35 53 8 34 42 10 13 36 5 30 19 34 10 58 58 53 6 5 28 21 34 27 46 32 14 30 34 13 54 15 24 52 15 59 28 16 57 29 15 18 31 13 46 26 21 18 25 41 26 6 18 22 58 2 11 28 20 57 41 25 59 32 58 38 37 50 27 20 19 40 36 37 45 50 38 4 52 59 34 2 7 23 27 33 17 36 23 46 42 33 23 15 12 9 6 59 49 1 33 43 54 51 23 14 16 47 58 2 17 29 16 15 41 8 44 30 21 34 15 40 54 29 43 4 56 57 58 25 58 7 34 9 4 40 13 52 58 28 21 8 51 57 40 38 7 43 1 43 46 32 23 35 3 23 18 25 33 30 51 3 19 19 36 46 3 34 36 29 24 20 47 24 29 3 57 40 8 9 53 8 9 26 33 16 27 29 29 25 41 1 20 39 33 16 50 30 57 16 44 55 20 29 9 58 15 37 15 26 2 38 11 12 57 4 4 42 3 23 10 46 47 39 1 50 58 47 29 48 24 29 57 49 9 48 43 47 44 18 39 4 36 33 34 22 44 49 28 45 17 49 49 55 6 57 32 17 11 17 25 26 59 16 37 31 40 8 56 5 22 31 42 15 52 30 17 54 45 22 38 14 47 6 50 1 54 48 7 35 58 20 52 31 35 31 59 5 56 11 39 4 54 10 45 53 53 53 29 39 56 20 44 11 2 10 34 41 26 50 29 51 26 25 24 33 14 47 38 4 57 36 51 58 55 50 58 58 59 54 32 41 41 32 9 47 28 27 56 39 36 50 18 4 28 45 6 3 24 17 3 40 14 34 38 40 11 36 27 46 30 14 52 21 43 15 35 42 8 43 3 11 2 47 12 37 27 10 55 30 1 56 44 58 59 9 32 43 14 42 22 42 57 57 40 17 51 31 9 31 8 28 16 1 49 19 52 58 32 58 19 42 51 1 15 46 15 33 53 12 30 9 22 11 10 25 9 53 4 46 42 40 7 36 44 37 4 39 24 22 21 5 56 24 58 16 52 1 31 36 13 46 56 24 39 22 56 12 4 3 27 24 20 41 2 16 6 48 32 54 44 34 3 24 26 52 3 19 42 40 32 31 3 53 11 40 17 15 43 7 35 56 47 47 45 52 31 42 21 21 19 49 33 51 51 21 37 27 12 8 39 1 49 41 31 57 37 43 42 30 47 35 18 13 18 42 5 52 4 35 58 21 54 23 17 33 38 52 49 4 21 31 59 3 20 5 28 10 40 45 40 26 50 30 3 58 9 25 2 45 53 51 38 36 48 31 8 46 40 16 44 37 4 3 47 7 23 58 48 20 33 15 39 29 40 49 49 56 37 20 38 1 40 43 45 2 40 49 48 27 13 2 42 35 54 54 59 39 41 12 12 12 46 17 36 2 10 36 24 16 59 4 46 6 16 46 5 28 35 48 24 21 38 52 52 32 32 34 39 53 58 11 43 18 40 29 20 33 15 40 54 18 15 31 41 4 12 17 19 36 14 56 32 15 34 13 39 45 58 27 25 18 15 40 39 21 35 8 26 39 11 31 27 49 10 21 5 12 37 10 6 51 52 55 15 42 4 1 5 29 53 46 4 1 13 36 35 20 10 58 1 2 20 31 9 16 49 43 39 53 30 59 29 45 43 24 58 27 46 58 7 12 31 4 4 10 31 12 40 23 39 22 54 41 14 51 34 24 45 12 22 1 31 5 22 32 29 52 34 8 44 3 34 28 57 13 40 51 3 16 47 10 25 43 43 19 3 7 4 59 51 47 30 7 54 47 42 24 46 38 33 12 15 35 52 26 26 32 23 37 31 30 16 3 57 54 1 32 2 29 42 50 21 43 43 30 10 45 54 25 13 21 20 39 54 19 38 42 38 45 15 24 40 23 51 22 7 39 14 36 19 23 45 30 54 6 50 19 46 53 40 32 53 19 58 9 39 48 20 11 56 22 54 8 36 46 3 43 17 10 48 27 58 54 42 12 19 24 8 53 6 47 40 58 13 3 38 40 50 33 8 55 40 21 51 18 37 59 28 22 5 2 11 1 54 30 3 17 42 20 17 31 52 13 19 25 51 42 54 5 14 20 48 50 18 31 55 2 58 19 40 55 19 58 25 39 16 39 12 59 19 20 19 22 30 7 34 57 53 16 45 13 42 59 4 24 48 18 27 47 41 9 22 5 47 33 56 13 5 35 20 19 2 55 2 46 36 26 29 1 29 52 1 26 25 56 40 42 30 29 52 31 5 29 47 47 23 56 58 36 40 58 4 13 26 18 41 35 32 50 4 47 37 52 15 5 57 13 22 45 37 34 4 25 53 59 58 42 35 49 3 54 32 13 56 52 7 7 2 24 58 3 34 1 46 11 7 8 39 18 30 46 6 49 24 5 39 11 13 20 55 13 29 35 17 25 58 7 15 20 43 56 42 4 16 53 52 32 50 20 4 50 23 29 37 23 16 10 38 1 18 44 10 35 3 41 34 7 46 9 42 22 30 36 6 16 31 16 33 7 22 39 51 7 31 4 41 57 43 13 58 32 44 43 31 10 14 49 29 49 21 40 42 34 36 1 20 54 39 4 35 9 10 3 54 14 15 58 36 38 30 49 48 16 57 6 28 36 17 45 37 2 9 55 6 10 18 40 29 52 23 53 2 53 46 41 41 12 5 25 4 48 1 9 7 14 31 25 37 9 43 24 58 46 32 19 14 32 15 55 12 41 56 14 8 26 42 18 11 17 52 2 19 5 37 47 4 26 8 5 30 38 47 43 5 2 48 2 39 11 45 2 6 7 39 4 14 24 37 24 6 49 57 24 24 22 2 47 12 53 26 58 27 19 38 9 36 49 20 42 31 16 48 47 25 40 35 42 14 10 14 58 11 14 33 16 20 58 7 21 37 25 32 13 14 31 17 51 22 4 4 45 39 53 52 45 36 45 42 41 23 2 10 40 37 27 22 24 38 25 7 22 48 18 33 12 46 7 37 11 50 4 52 38 58 2 56 48 27 44 25 41 13 41 9 40 21 43 9 11 2 26 36 24 45 58 44 43 1 56 54 10 16 39 2 2 32 26 16 32 42 28 35 55 27 43 3 6 49 16 33 50 58 51 24 8 3 2 2 24 36 24 4 12 8 39 47 41 27 31 48 31 44 40 54 11 48 43 42 12 33 11 43 37 59 30 19 42 42 55 8 50 29 5 9 35 47 20 31 54 31 51 41 21 43 23 6 30 51 6 48 12 46 15 53 2 51 25 58 1 1 11 18 56 55 3 50 55 24 58 12 27 7 22 6 56 12 59 41 21 27 12 43 51 36 5 45 19 9 7 10 49 23 47 52 48 44 39 3 39 2 56 55 45 8 6 5 58 46 4 2 43 7 40 19 26 17 25 11 43 27 51 16 54 27 8 7 18 47 49 16 20 41 8 14 17 53 17 42 41 27 39 53 23 10 8 7 5 6 41 6 12 44 29 10 59 21 1 40 4 24 33 38 47 44 20 23 20 27 48 46 35 27 8 6 35 11 34 27 26 32 26 56 9 11 10 17 31 38 58 24 12 1 38 13 29 5 59 1 15 20 27 42 31 37 18 38 43 11 19 53 36 30 22 48 32 14 1 6 38 19 57 41 2 48 16 49 54 18 52 18 58 49 25 13 14 13 48 3 54 40 55 19 41 23 35 2 56 1 59 33 11 19 58 4 47 42 25 6 48 45 59 29 36 44 7 31 36 23 28 46 44 44 59 55 27 10 1 47 1 18 41 28 29 1 29 9 1 14 1 11 28 25 42 30 18 5 45 22 7 17 24 26 48 2 19 10 15 38 48 15 34 16 19 59 9 17 17 5 12 5 27 36 52 17 54 57 16 51 16 44 53 13 20 11 18 39 10 7 46 25 47 49 13 47 27 55 31 55 30 45 24 52 1 58 22 14 5 44 37 51 26 27 25 18 12 18 4 47 8 36 49 15 7 31 27 37 52 39 20 32 32 54 7 21 49 26 7 25 53 53 6 37 12 19 50 13 5 30 39 23 32 1 27 49 40 55 42 55 14 33 54 18 26 1 4 35 56 54 44 54 15 24 56 7 48 47 14 44 8 37 29 11 26 57 25 1 33 45 37 16 39 51 35 8 46 27 18 11 42 55 1 53 36 8 57 26 37 45 14 5 58 47 6 54 45 23 12 25 40 29 4 41 51 34 46 20 22 12 38 51 36 22 50 39 31 25 35 9 13 11 35 28 5 12 13 34 14 5 11 30 47 22 30 28 30 25 19 24 12 42 49 23 58 45 6 49 5 28 17 36 23 39 48 2 46 31 9 38 44 2 20 41 4 22 48 4 57 35 34 13 23 9 33 32 36 35 13 24 22 5 37 36 3 44 36 18 31 20 29 50 58 54 36 30 43 32 36 50 21 59 13 17 40 18 7 8 30 54 23 55 20 44 54 9 11 3 31 57 37 34 52 7 44 50 16 54 27 15 53 40 38 44 5 6 18 14 33 13 51 47 16 5 30 36 5 56 37 1 40 59 6 48 45 1 13 16 11 37 12 5 37 15 15 9 58 33 41 26 13 18 13 7 56 54 35 31 4 53 29 54 16 35 58 17 51 13 15 2 32 43 34 59 23 2 46 27 16 16 52 23 47 30 21 38 10 36 49 9 41 33 26 46 58 20 41 8 9 34 37 13 34 53 7 49 8 54 53 54 39 48 59 5 22 12 56 57 21 50 56 9 41 31 12 59 21 24 39 51 30 41 47 50 22 36 32 24 44 2 34 12 48 32 8 5 58 37 59 33 31 59 11 10 2 28 35 48 2 11 7 53 33 12 56 30 11 56 31 44 2 18 5 39 7 13 1 52 20 32 29 47 35 56 41 52 54 19 56 40 46 47 42 46 55 33 42 17 37 55 15 14 50 39 20 5 29 52 43 48 41 23 30 5 35 35 48 17 43 1 49 28 49 29 35 42 17 14 57 31 25 28 23 10 56 58 36 59 29 51 39 27 31 6 47 59 47 56 28 1 19 37 19 29 52 28 5 38 39 2 31 3 47 41 28 20 13 49 24 17 47 12 15 5 31 4 43 47 58 9 39 11 48 56 38 50 48 11 17 51 17 47 13 19 59 43 34 29 31 42 12 20 24 40 25 7 42 24 32 44 25 2 47 20 32 55 27 42 25 20 59 40 31 31 57 51 22 47 47 43 17 44 41 52 18 12 14 30 53 53 46 10 21 19 39 46 8 15 22 27 27 33 10 29 35 13 19 49 5 8 44 57 14 34 31 25 17 16 11 2 27 51 30 5 52 43 45 6 31 25 41 48 58 18 12 23 20 50 29 20 48 7 30 5 14 28 32 35 55 21 33 23 4 24 42 12 25 9 38 37 40 52 32 10 42 33 59 54 30 26 2 56 29 16 35 57 27 31 32 41 49 51 7 23 7 3 24 19 43 13 37 34 39 49 46 21 10 51 52 36 14 26 1 17 11 12 35 34 47 26 15 34 10 52 56 28 48 23 40 13 46 2 29 41 16 53 34 13 3 34 44 14 38 6 48 9 4 31 48 38 43 50 18 7 35 15 32 47 33 59 46 55 38 58 28 45 26 30 3 16 41 24 25 34 43 37 5 59 49 46 53 23 49 49 23 39 25 7 50 25 28 38 36 51 3 4 44 48 29 34 1 6 30 8 32 50 21 42 42 43 5 43 48 23 34 59 30 43 38 30 36 57 14 58 43 12 16 36 57 46 46 36 56 38 13 24 8 4 22 9 46 8 4 12 25 45 20 19 18 11 5 47 56 12 34 12 34 50 48 50 53 25 29 22 4 58 26 52 54 36 52 15 21 24 11 42 10 32 42 20 56 8 16 4 51 6 27 7 18 52 45 2 15 58 46 18 37 49 24 53 11 46 6 13 53 37 25 24 5 58 2 1 50 29 18 19 3 56 41 1 9 35 32 14 32 49 52 59 21 55 22 5 49 31 37 9 6 27 55 5 40 14 5 2 59 57 40 41 32 40 5 14 19 6 51 50 23 17 12 19 21 12 7 41 50 15 52 42 38 16 45 7 55 5 41 33 21 19 47 28 14 46 44 52 51 19 44 42 3 30 35 38 59 11 58 46 14 25 34 42 11 5 22 41 47 59 55 1 55 38 15 58 27 31 30 15 36 16 5 31 19 53 11 18 41 7 56 45 25 22 29 35 14 10 9 16 16 56 45 35 10 29 32 53 10 57 13 43 28 21 2 7 42 57 51 22 58 12 38 29 47 8 28 46 57 27 36 22 44 21 25 43 54 14 56 42 25 28 52 59 5 46 56 56 34 8 59 41 18 43 36 32 13 11 6 26 2 46 49 58 22 19 46 17 16 52 35 38 7 34 27 4 19 44 48 27 34 19 13 11 19 2 12 8 54 47 44 16 44 28 30 6 42 16 3 6 48 10 30 14 1 13 3 51 26 9 38 57 3 13 15 48 50 14 59 59 33 39 51 57 37 16 39 48 23 11 15 14 33 41 11 52 34 37 11 17 31 39 44 31 2 6 39 44 11 59 38 36 19 33 29 44 12 16 4 41 5 53 13 13 16 15 14 23 52 10 57 21 20 44 17 45 31 30 2 46 49 37 41 29 21 47 53 21 41 35 5 25 36 51 48 34 14 14 1 53 4 56 54 23 57 14 58 28 30 42 5 10 55 16 2 18 45 9 3 14 27 55 58 1 12 25 38 47 28 53 18 47 10 59 45 52 35 6 52 14 16 20 43 39 20 14 47 33 9 44 55 17 35 50 18 1 28 43 43 17 13 42 20 27 52 16 12 12 36 16 4 30 32 35 5 26 36 56 32 18 4 24 24 8 13 9 47 9 34 52 34 58 27 43 25 8 55 29 35 38 38 39 38 18 9 46 40 56 52 43 17 7 54 30 39 18 35 50 59 18 4 54 4 29 19 28 42 47 51 52 1 54 7 57 7 34 8 23 50 22 31 45 40 19 1 7 54 45 5 31 18 1 2 21 24 32 10 59 14 36 29 24 28 29 16 45 43 21 12 58 53 17 17 27 30 16 6 41 14 4 35 36 55 10 59 54 11 19 6 11 20 55 55 41 42 46 48 24 25 31 50 7 16 42 58 17 8 37 40 24 38 24 42 27 18 35 19 38 29 21 40 46 38 31 50 11 22 27 11 20 15 57 28 28 39 50 33 16 47 28 18 9 16 46 30 28 31 51 13 15 37 1 43 22 5 31 16 21 20 39 15 47 2 22 17 36 37 21 21 59 51 27 8 31 59 53 58 23 28 31 44 21 55 14 42 9 53 16 24 15 37 43 50 54 15 28 9 22 34 11 37 9 38 48 5 34 35 46 38 11 42 29 27 42 43 58 12 45 26 2 10 5 43 2 48 51 47 9 49 20 9 47 51 51 8 15 6 11 54 7 37 14 22 39 44 19 58 33 14 51 31 27 32 41 3 43 38 32 10 53 53 26 6 8 32 46 26 1 14 56 14 47 24 40 23 21 32 5 11 42 48 12 38 36 25 59 38 49 37 4 31 51 23 52 49 47 11 6 29 29 28 26 58 45 48 45 22 6 41 25 57 33 44 21 17 10 24 24 29 20 34 7 22 21 39 48 48 14 22 18 9 57 11 38 10 22 3 4 28 8 17 29 29 10 59 5 5 5 1 12 23 49 56 11 13 49 6 3 55 28 3 16 48 58 28 46 41 54 37 43 58 30 8 11 48 54 48 4 18 57 26 39 34 28 39 53 8 44 29 48 52 37 27 30 8 10 46 8 2 50 7 40 5 21 41 53 21 31 42 28 13 16 45 25 44 12 6 56 38 32 30 2 3 39 10 29 51 23 52 7 21 1 9 10 22 37 35 40 4 58 39 4 2 37 19 50 25 41 32 57 57 7 32 5 44 5 55 8 27 50 14 2 28 50 17 19 7 6 15 44 10 38 15 30 31 50 18 37 7 8 56 19 3 17 58 11 55 26 49 23 50 30 11 16 13 51 42 43 42 30 59 29 19 1 33 35 27 9 55 15 29 59 17 30 45 20 51 49 48 44 56 36 12 36 51 29 5 33 12 49 16 32 28 27 41 44 3 10 30 23 35 39 36 43 34 43 43 50 52 20 51 1 16 10 41 56 36 2 27 36 19 42 51 17 21 26 11 44 52 33 23 47 43 22 58 12 27 13 43 42 18 15 29 51 41 40 23 3 49 1 18 16 18 42 57 38 25 33 46 46 55 8 53 15 13 18 37 21 4 38 23 3 10 57 29 24 54 46 29 3 16 43 28 34 57 37 55 38 54 34 8 42 51 21 5 41 25 13 9 50 4 27 26 10 40 24 6 6 30 6 39 30 41 13 8 11 21 30 14 46 8 59 28 7 18 20 56 9 21 42 7 18 52 46 8 21 31 17 17 47 41 52 21 36 41 17 31 42 4 18 20 38 17 33 14 34 26 55 50 55 27 14 54 19 16 50 7 40 22 31 37 56 18 52 49 42 41 4 10 37 49 40 48 51 5 48 24 53 34 56 23 37 26 14 17 31 46 54 13 15 19 57 32 44 19 44 48 28 30 46 25 8 22 54 47 11 28 30 31 41 30 53 7 23 19 51 2 47 16 5 42 43 50 10 41 2 53 3 54 19 42 57 45 17 53 43 52 47 4 32 59 49 3 4 46 19 42 55 56 21 7 31 43 6 6 7 28 31 22 53 9 5 27 52 11 14 29 33 10 27 57 2 12 34 57 56 44 23 22 3 39 3 14 45 12 46 41 43 4 3 14 20 25 9 51 32 15 32 2 5 17 17 49 14 9 4 50 31 55 31 29 2 3 54 19 7 38 57 16 18 19 21 14 40 59 40 38 42 44 48 4 47 32 53 46 25 8 18 5 5 9 55 42 21 16 22 28 17 32 6 6 15 44 19 14 21 36 18 6 49 16 54 11 13 28 12 18 16 3 41 3 54 19 54 5 39 10 28 32 6 35 3 46 28 48 14 8 4 1 58 59 7 50 7 32 34 47 35 36 16 58 43 18 39 54 6 48 17 27 55 12 30 12 12 21 31 31 33 4 20 16 46 7 33 55 14 16 58 43 44 59 39 32 50 2 23 19 51 48 27 31 24 56 34 5 40 13 11 20 36 44 1 59 15 27 41 9 36 35 1 6 55 3 33 40 18 46 11 39 59 22 7 12 19 14 10 24 20 42 28 6 56 2 15 6 3 28 42 14 10 19 5 17 53 19 44 55 41 20 1 17 1 18 10 59 57 23 39 41 46 45 53 42 45 45 31 53 21 46 27 26 40 7 47 22 46 4 29 36 26 27 47 16 17 44 57 19 36 45 55 47 39 44 22 15 33 55 40 23 44 55 1 7 25 4 58 30 1 23 30 34 19 1 18 23 26 2 36 17 16 15 40 27 43 19 37 23 4 26 21 18 50 54 55 42 51 29 29 39 36 5 55 31 20 39 38 24 20 4 59 32 8 12 4 49 48 52 16 44 1 39 8 50 4 58 33 41 38 57 52 38 57 14 33 55 55 15 39 46 5 58 40 48 8 56 28 59 25 6 30 54 58 46 31 11 17 45 7 15 35 28 3 50 1 55 28 18 32 
// di
11297 20902 21510 3752 1516 26512 23227 26845 5724 24673 12699 2124 4971 562 3357 17760 18966 22619 12022 26678 13879 20155 18423 5408 13406 13762 10928 10292 15213 11915 22720 22846 21440 7422 20839 15552 14492 765 7568 10050 19317 17848 19117 13857 11528 26753 10151 3078 2543 25279 15062 14517 11379 12366 24789 20364 26322 14419 24355 7939 1731 20316 2055 26430 16992 26613 16928 21861 12576 21108 22222 959 21152 26263 17839 2281 25049 24133 3084 25800 26551 17399 19711 5186 25549 18144 14067 10918 2978 23038 1451 11880 3739 26876 23424 7266 3920 738 22023 13862 19355 7490 18766 26018 8357 20155 126 16069 21191 5974 20959 7173 8395 7104 10503 1957 5320 22310 15555 11473 286 19233 23684 17771 12247 1055 1060 19848 4902 17961 19906 14648 24521 3811 13606 19566 25564 14957 3054 23177 14019 23366 26140 22535 6927 25187 3713 10861 24844 8137 5366 7367 2586 23299 24059 26868 8356 25225 24055 23610 321 1237 12878 3689 23796 3794 13241 23304 7840 9315 14348 26840 19611 14320 13400 6556 6558 10341 15696 23177 2158 9651 16665 4941 8825 20626 20615 10907 7417 7157 13481 15140 6598 20838 14816 23526 13448 3087 12259 5562 3458 3310 240 25231 25543 14100 17242 14476 19364 19034 15649 613 10326 5906 25953 14821 23304 7509 21045 22278 11006 26475 3337 23153 10569 12382 15948 24090 21099 3448 25035 21654 6659 8709 11337 26009 14051 4184 25725 21179 23508 18774 15273 17300 5728 1242 20549 24653 15893 3579 12407 23489 13029 1219 22461 25285 8553 12714 12243 24156 17505 12239 17906 14585 23685 24315 11776 13016 15700 2973 11675 12446 879 25972 23904 8241 13529 19150 16765 12880 14918 23233 21979 2017 18368 16898 19344 20841 12845 10156 19870 3665 4007 20185 9738 25689 18937 14851 7968 14588 17633 24314 5905 19604 11339 23431 23056 4283 10243 10907 2054 23099 4297 12178 17776 18881 18465 19339 10990 11666 2473 3135 22651 24099 21318 24943 12949 4488 447 6681 12985 22674 16998 6414 18472 9457 12186 11106 1760 13032 12811 20876 25863 20641 13029 9947 10123 10198 5572 5366 21916 2546 19605 4226 3796 6277 14647 7314 22360 9588 9298 2599 10510 14634 8686 2203 26218 21506 17559 7099 26931 220 2632 8517 10454 10100 12312 6311 19542 11078 26558 2181 8039 8013 4960 3038 14283 2139 7683 6470 21240 13587 23676 9486 3363 2668 17700 26502 1765 22348 11623 7759 24286 26117 26283 19822 4994 4133 13495 14130 21564 7452 24814 1997 20959 20968 23503 11036 14527 10773 23813 1161 9669 21084 19886 13651 4067 13397 8015 25861 7796 2373 20025 2442 20327 21455 26545 15577 14817 7824 16426 24912 7500 19997 528 17781 19233 4791 13159 3926 19191 23629 20172 24948 12068 2092 380 6749 18312 24667 5600 21102 13411 9726 21849 19656 19007 4144 15354 3769 17488 6727 6176 17070 25279 13499 2038 7488 22472 13405 4574 6420 20142 9828 26391 25385 15501 20470 5988 6354 12566 2446 5427 3710 7319 11289 20592 12690 13611 6871 11490 36 337 13845 7617 14237 9496 4497 807 19262 4610 4648 19242 22095 20687 11148 1364 25766 20687 3679 4744 26335 16172 15247 1549 13398 16850 3710 17873 13742 12913 2353 19640 9453 24468 11930 23763 25554 17148 10196 26233 10387 14973 26250 26397 25367 5975 1088 892 17531 2724 929 826 5753 20548 22163 756 6336 6832 25540 25829 22132 23026 14569 24179 20552 11567 3975 14072 22161 7197 22297 20778 15436 25615 15141 23418 19738 3886 9546 26277 26699 23279 19620 13735 8346 18185 8672 1673 16524 23015 6533 7310 19073 14334 18917 3159 21347 11476 26158 5652 12206 26799 5245 25568 1455 16672 7522 1051 25802 9794 17846 13131 15598 9645 10316 6798 3390 10093 1036 7445 4430 23231 9410 16088 24697 8309 9714 5555 24397 15034 11761 15042 2335 14235 5128 12359 8011 16222 7114 19702 19762 24867 22432 22002 25874 4563 4832 2405 12900 1205 25837 5242 24854 24062 4140 22312 15677 12126 2598 8199 22123 8704 25377 642 21789 22116 22416 18506 17173 1850 11564 24117 18419 11444 15353 18960 3689 23192 2064 2707 14609 26917 16052 10305 15692 12511 6700 14597 17200 20654 9414 24581 18326 2007 3179 14973 2865 24049 26 16205 1566 15636 10762 23 8494 905 13012 14541 3246 7331 2570 47 18856 21114 19281 7257 18987 20917 14823 9309 16133 9757 26005 21188 24124 12802 891 13628 14184 18629 21979 14254 25051 21708 22416 4282 974 22897 12054 11719 23832 20569 9468 17615 4625 14611 13063 5237 13715 17950 22566 1805 16736 64 19196 24292 2396 23941 8477 26112 5333 3135 9222 6449 25335 3741 26095 24598 19805 13081 9309 9907 10438 20878 20504 14839 18304 7600 26484 9609 3683 14668 11205 1605 2175 18029 22313 15435 14689 21703 17280 24243 4631 4862 2322 23590 22299 13961 19919 2818 7122 839 2898 20337 17804 440 13126 8824 3784 13676 1496 26002 17103 1755 17182 22144 2906 5119 5145 1694 25646 11201 10198 7656 17425 6275 3103 17570 10765 4429 3235 2644 21855 14220 22582 25465 11832 15289 10531 9063 26142 9441 3866 1071 3225 10184 12809 5469 17500 21910 2452 7057 20480 25955 26523 26525 10831 7422 12695 16731 10515 22068 9300 25252 3200 22714 22363 11593 8186 565 5067 112 5149 12903 12473 17820 19622 11554 19714 2875 717 12793 25889 23734 2634 13287 14076 6116 24587 8357 13895 16482 10177 8031 2728 14449 13830 4670 3446 25365 25966 16986 11418 9959 18581 11449 25211 2473 6181 9904 2254 13596 2814 3161 12882 12570 12446 8055 5121 10773 22742 17781 21057 8352 11508 20167 154 23717 4124 4991 13863 18057 13833 3859 5476 5087 24790 1416 23839 24817 9324 2670 1020 12020 3712 10711 8762 5297 9434 6215 18825 11145 3952 673 18347 13173 11744 24560 14728 25485 5827 20497 9691 25330 3989 2485 21889 18388 14115 26686 17808 21726 5944 25209 22635 26722 14330 23175 15246 1839 10605 23167 20181 3940 4692 2282 26783 17872 25794 14155 24304 12914 6550 22213 21900 5842 17049 7124 910 20576 11716 12174 14404 18073 3354 5014 9122 22285 1488 7807 17475 3843 6404 1547 14171 18134 11340 9022 3078 15802 15042 2710 14200 25972 19277 24393 13387 2832 26426 26919 806 8650 1295 6793 20306 13246 3053 15716 18730 14554 15993 2927 13937 6038 4968 15044 12918 4447 6524 6273 16918 25454 1594 11343 1589 19826 9362 17509 1969 15818 15268 15197 1476 21020 4665 14479 2521 6820 10766 7835 22244 6749 1238 6577 25780 10962 21813 23981 11470 8786 6158 7568 3284 21384 11973 17001 24134 8870 17092 21614 21884 7752 15310 9190 25395 20897 25442 7557 17295 26052 23257 18830 17424 12530 20198 14608 26024 8690 25668 22957 15414 17311 24370 19454 24582 20802 16894 21167 5935 25322 2081 9065 25929 19442 6705 11798 6325 26838 15452 6492 7363 4338 12247 620 5187 24598 8122 9827 16306 25582 14110 14686 15019 12491 22184 19667 16518 12646 19386 9944 11383 25568 97 1917 16685 13948 23489 25474 18958 10268 19954 24409 16408 6332 4135 21523 11421 15878 2687 5626 12735 5419 1951 5029 18688 5248 17437 26378 18227 5863 2385 6223 17658 8046 16409 1992 15826 24381 26885 5043 21045 5698 3107 15987 25365 12819 3073 8013 16933 1868 19834 10084 9959 25753 16616 2076 3528 17365 26177 26631 24104 6037 24528 2107 419 15405 14400 18713 25713 12872 22580 22545 11509 2700 19381 9499 21968 18722 16666 5516 26247 14029 10915 7446 26369 3335 18769 22338 6392 11019 5446 22188 20609 21028 5481 3894 2007 20823 22905 12748 281 800 24065 21439 6175 163 23982 8787 25824 3276 22044 25638 6817 6092 7667 7947 24169 1026 18570 18377 8160 14382 6355 24156 24080 25167 11570 6428 775 24569 1133 19144 16787 3291 1756 11496 18592 10351 13017 7752 19930 7719 7958 17628 12073 5894 21766 21731 12713 637 16183 17188 25059 7736 17691 7117 16629 13226 10120 14541 19500 1083 10503 3662 21362 18373 17689 11360 4178 26548 6455 20350 26134 13793 2493 22539 3483 22218 7723 9107 20381 21767 14592 13965 3304 22104 23103 13341 19465 11755 16052 26946 1148 18006 4934 25023 11193 8068 20906 8572 24595 22412 18238 14300 8812 2801 18458 3831 23721 4107 3459 4808 26830 19466 17158 18130 26299 11417 9176 5315 13894 17433 21051 22384 26368 21624 14809 3011 14736 26366 1382 20636 26905 26727 23327 12787 5206 10096 5689 13999 2949 3514 18924 24341 9949 3842 8448 25384 2973 9514 5094 19075 89 9455 22763 23015 25188 26461 22557 24452 10026 10876 11691 16196 10711 24823 2403 18555 22140 2870 9425 24652 701 605 4226 3948 2314 1568 7071 12188 12045 15872 14450 1602 20808 7035 14614 13970 5943 16428 1455 25855 14938 739 11346 2188 26105 10288 15136 7158 10126 19461 536 7223 21968 9960 15886 5423 3179 10482 19390 9594 15814 18945 15882 26828 24790 10332 15021 1512 8622 22708 23907 13046 16904 2014 4889 4958 10968 6739 25650 14974 10653 19873 15805 20536 23028 21588 22416 16735 24734 8624 22586 82 922 23356 1299 23087 1879 13035 20341 23703 5264 19972 23668 21246 22283 4489 6169 14824 93 4462 11186 13346 2271 15323 15311 17114 14670 754 23801 19337 18429 14930 10062 8075 12127 17065 20250 20468 6736 10450 16230 19619 1743 15031 11009 16606 18093 23708 14585 25985 8681 9488 20482 1041 9880 10025 24722 23315 15301 2604 2751 20661 6439 20987 9117 16785 25399 12769 10659 23977 16177 12294 23847 11663 5190 9094 25067 20172 17957 6367 9222 5881 25241 483 18148 19842 8352 16756 19475 635 14579 22323 24768 3078 11799 20996 1450 14310 5998 9235 20070 15411 10925 25657 23160 14461 24245 1791 23066 25211 7089 18720 4331 5280 3144 24085 749 2553 11009 850 18408 5596 22544 5927 21471 14559 17667 23537 21581 915 4415 2900 26539 11786 14273 13626 26427 1470 7358 19052 12031 20793 12460 21673 12868 15866 14775 24656 19170 24067 17669 12706 1624 10453 24140 13503 24124 9537 16812 22336 16427 17818 15437 20094 24063 11479 14929 3706 11863 4376 16908 12655 25774 24332 14217 17888 2676 6540 23065 20124 9464 26654 23701 19921 19798 14534 24445 23158 23044 4742 4388 18405 5093 14560 17913 15002 11291 7199 20340 1179 11339 1561 25699 2019 22774 1885 11345 3429 13830 14222 14536 23640 12684 15806 19591 26921 26843 3727 11245 21229 18334 6774 9261 19646 4617 17698 4528 26016 4391 8996 8482 7691 13811 26884 23501 2945 22022 24678 15864 3827 21079 23145 16077 930 9184 26576 5159 25680 12530 3037 12038 3576 10877 12392 26191 17671 12485 26264 15868 18723 19929 2151 11520 21662 1638 963 7237 14832 21920 11514 10436 9094 25187 9622 8080 18244 26666 18961 22458 16778 19052 19654 1153 15283 7971 19954 9832 11676 9859 5757 7541 12596 24916 18349 9616 15938 5367 7789 14414 4012 12202 11510 2833 25706 6448 13919 15725 1808 24609 10119 434 22347 5627 21892 4867 20561 5209 26450 27 5292 13608 12036 2487 23815 14962 5345 7093 26781 16322 14594 4048 11789 18411 15020 1449 9698 7076 474 6816 6893 13517 19128 13699 12280 23037 4109 16378 10539 13197 19870 11982 21544 26552 13415 15908 5006 23642 12623 1667 542 10719 13804 18282 16474 4991 5850 14391 25042 25183 11289 21279 19562 255 10766 11913 9620 22579 16883 6246 13294 20609 21639 774 19425 20412 10156 2056 15133 24829 12929 9620 19210 20957 10528 15817 7988 25940 4625 23257 20899 12498 3397 8253 21338 19303 1997 4459 15509 1435 16793 7639 11687 13419 25976 2584 3860 3393 12926 4438 16046 17602 22102 64 20501 16080 15653 5227 12339 2921 14049 15789 11480 14234 23457 11092 15017 4791 2686 14028 482 24342 18509 22267 20268 14533 9595 15721 2750 6503 24355 5384 14116 17837 4803 3595 6081 15456 318 13829 19802 3492 9836 23954 23750 8474 1106 25276 6851 22775 6616 18554 5926 15086 19247 5553 3426 7076 134 15372 1731 7987 23150 12959 16138 3432 4467 4382 3609 10825 25491 12215 6441 24998 22205 18002 22405 2960 2376 21037 22603 22665 697 9778 2099 20169 7657 9627 18359 7945 10183 12517 23716 19615 12271 19583 21065 25929 24802 25500 13245 24631 24143 4118 9151 16385 4843 2204 20385 22975 18290 21087 11109 19237 15796 17058 10687 9485 8447 22522 7649 5631 586 14656 15580 4773 21727 5911 3219 4135 23218 16622 7615 9593 26895 14574 13241 216 25432 26909 18211 23209 4594 12912 8329 16040 20863 18305 26019 2624 24145 25702 15113 1517 573 4934 23380 12985 14969 17963 17606 24664 19645 1281 17078 19861 441 20878 25892 12205 3574 10762 15828 24401 7516 11381 12575 23972 25932 18530 9691 14149 21399 18557 1013 14116 17633 16846 20658 24742 22429 12801 26519 20734 15528 8561 23683 21321 2677 12343 23103 2725 7700 13921 3401 13559 10767 24000 23821 20436 19892 23712 4584 6494 6083 14536 6776 18772 19010 6305 413 12887 24020 23368 23900 9690 7458 13501 16266 374 3238 13778 25652 19584 24312 21271 1460 1645 24425 20850 8363 4098 4579 21042 11959 13430 13070 16510 22872 11302 18426 11765 26425 12281 9253 25373 15871 11431 15385 11859 13122 10685 14477 365 15692 14531 807 1491 13958 5499 20173 14940 22028 1436 19050 10989 15821 2772 24023 15002 20086 18415 21396 9311 23116 2109 8117 19434 8586 11461 15269 20412 15603 4857 18824 19129 21468 1951 3498 15916 281 13183 9193 1912 6358 3361 9960 5833 8362 16713 18540 20724 26552 16578 3500 22977 7336 20575 8115 14004 1201 4896 7496 5991 17463 17600 9158 22872 24482 2210 26370 16890 3444 20231 6010 13684 12652 8984 1840 8240 25275 2282 25852 8088 14207 6887 25924 1291 7818 1012 25665 568 16158 22687 14618 19033 8074 5971 23507 13397 5996 26727 2083 8860 24172 26325 16106 13802 25828 22419 11893 4481 22211 9446 6576 1781 17606 2702 24949 22014 11794 716 11979 7833 22433 18866 22709 15177 16397 21797 21925 16499 17217 10651 14869 6935 3771 12488 14925 13388 6941 19370 13531 24399 23640 13984 1720 17484 640 9572 11987 9792 15930 18635 4746 25614 14440 12858 1453 19606 11586 7108 19530 3736 4171 18936 12223 26860 4654 18011 5612 12707 25952 13248 4410 20400 4458 11448 24661 13689 14662 16023 22575 13093 24945 23159 12842 24700 25468 16554 24005 24883 5689 23862 22904 4284 189 15449 788 11583 16895 17243 25899 25795 18272 10844 16140 14864 1802 4047 8654 19216 10500 16612 10958 3219 17106 20734 24564 6413 10047 20734 26371 26261 3710 5425 17914 11852 1681 10186 8222 25532 7014 23152 17999 25812 13015 12093 25765 22447 12652 25057 3610 3717 20716 3732 11687 11353 23736 21443 5693 23879 2515 8763 12364 8511 23106 12652 24392 7073 15562 12535 26326 3974 19474 5112 17422 26017 19760 26583 4316 19481 6913 410 10125 3818 6667 25169 16852 16785 20443 13223 7883 20331 24028 22779 3764 24101 2402 20876 10588 26973 83 17144 12679 16228 13816 3828 23963 18258 13635 9787 3003 17528 17763 26329 11348 13258 24333 8732 7810 3530 13985 16668 1788 10645 26917 20331 184 14777 13679 9156 10519 9278 15005 13674 18991 512 13879 2316 18013 4258 3242 22501 611 20333 24547 23607 3846 16338 5492 18995 11461 12167 21150 5211 21171 24699 3174 341 16621 20559 12906 2745 11873 17293 15621 12771 16597 25582 14034 6645 1194 25240 4905 20876 1505 21700 22257 5490 7651 11564 2070 11540 916 13343 10852 13751 5369 19599 5619 23412 17412 17031 12445 290 13429 2414 11949 11623 9579 18803 2226 21925 8188 2321 24939 2296 20205 244 5462 19128 20972 7379 9997 23198 14828 14937 2795 11570 1341 1953 4742 15681 5903 2268 11744 4568 21068 15352 687 11014 410 10648 20475 4622 9456 12033 13485 469 9472 6525 24177 3063 1519 4668 7024 5848 10436 14575 21159 23204 18246 24720 8804 10935 9417 10811 12899 20776 22192 21406 10597 22979 990 11457 21663 21048 5161 16860 14215 5989 8727 8624 9475 16665 533 14030 17457 18560 20516 6784 19319 17797 9907 3754 1550 2911 20338 23920 19994 58 26857 5444 5095 24200 8385 10710 24008 11920 5504 13203 14747 12830 17787 17019 13049 7934 7656 3872 5745 2908 21037 20723 16141 2186 25520 25717 5637 12966 6080 20457 6679 4052 3009 578 20520 20418 5148 14990 14009 22749 2732 23263 1322 499 26631 25177 19396 14044 1612 26779 16910 7432 11184 10840 18109 5922 8093 20551 21939 32 15145 24024 24039 19965 18541 8498 21007 19961 25641 9336 6158 2138 14731 16495 17924 6470 25782 2714 3104 2386 15014 11140 25721 3925 1045 11265 15296 19934 10113 2340 19238 5831 26594 6758 11452 9722 19817 21150 88 20041 10468 5835 1753 22326 7182 3449 7130 12632 11244 1099 24882 23808 11608 1516 20273 19251 180 16773 8644 22365 16949 10684 17348 11879 19651 9399 4406 7920 12714 10460 10912 21632 4690 12203 9345 11349 4826 3052 10593 852 18748 1840 24650 21350 19162 19489 23375 10457 16297 23127 22169 22506 25819 6911 7783 7148 3070 7299 5939 22615 3933 15965 18065 1655 14556 2380 9351 2450 24876 1437 16793 9119 8585 17251 24600 6379 26242 11156 10984 24551 14681 2263 26794 1449 10977 12448 5940 11402 7810 18393 13627 11722 21292 20838 15270 14672 25960 18276 24379 8545 23208 11423 2610 14737 926 2729 19286 12210 20957 25953 11498 15281 15275 23537 22490 2310 3569 5815 19026 21685 72 5705 22404 23351 15881 7175 20959 22844 2836 20078 19700 18991 8659 16078 20889 25386 5175 17697 12991 8696 19635 26928 10683 15272 25629 359 20905 1208 4706 11668 11860 13469 4133 16717 10294 12333 15949 12239 25917 13449 22057 10566 26360 17820 26972 12047 8103 2148 24326 24886 21891 14098 502 21730 13889 17653 19062 4758 6425 26825 21536 12472 26045 26244 26431 15306 2557 16129 18242 19182 18571 23300 3128 19823 11122 19734 24535 15988 14021 7189 17741 9738 12448 15428 22786 12496 1904 3392 17804 9398 18497 15479 3687 19447 5952 1334 4914 812 24107 11753 4430 7637 7098 24473 24489 6808 12343 12150 4112 7634 6685 25252 16222 1359 20977 26580 3315 13757 13846 20526 21094 6049 17583 15882 3375 22879 10857 6957 6332 23580 11662 9330 22365 19821 23019 18730 2063 6828 16582 17215 17652 18002 23694 5301 7597 10618 18133 13137 6025 25649 24837 17802 26596 24845 2393 16095 13025 6468 1938 1266 20744 4436 12461 9688 25553 3851 6237 23976 21005 7199 16681 14813 25297 5674 16574 20675 3993 23863 17311 12776 11750 1385 20815 3203 21023 13316 11264 156 26793 11260 5926 5985 11702 25278 9181 15713 17202 4519 793 18248 5932 15900 17672 19356 1358 12486 22379 5224 391 7435 11997 3991 8991 2043 4054 4906 18933 12851 25334 6131 25115 18220 13255 17515 24581 2775 19377 25893 10343 26302 23683 17170 18316 17037 22903 20463 20426 3109 17568 12673 9453 3243 14498 5341 7043 18988 2350 14551 24486 5087 2760 26915 5997 19538 19694 6500 24881 8147 13599 14057 13935 17534 5221 21663 5453 4520 6385 25255 4912 12437 3975 25906 1328 23508 4690 1155 1862 437 7515 6690 19603 468 508 7793 1720 12887 9565 8270 1139 13611 3823 15753 26019 8976 13947 21527 23968 5682 22078 12339 23995 17852 26571 3586 26505 15275 22734 7108 10774 7789 10020 567 2573 16473 11066 748 19491 23510 1079 8757 2486 21838 5804 26937 18112 11786 25805 5262 2353 16336 8448 11368 5465 20009 13261 12101 12041 3030 19285 20164 15610 225 6314 18069 21117 7001 1230 15746 18327 23805 1873 21401 1158 19909 19229 14127 3091 11004 21794 6049 23876 1645 17858 4567 8941 11422 2350 19748 1988 2386 18631 4415 21888 3128 3156 7321 21103 2849 15003 7899 18525 14571 12504 13376 15932 19814 1960 2524 11218 840 19642 11076 22381 21338 12563 7391 20222 20936 10636 5576 18171 1502 25700 22053 23787 11216 209 8718 20608 18270 26514 3883 17919 23573 20564 5614 5941 14368 1950 3076 7343 23657 8155 14698 494 7910 25484 16558 7424 10051 13062 26112 23641 20890 15449 3874 14641 10011 10298 6223 2106 23195 17707 13683 1667 22396 19338 8292 22477 20731 20536 11811 20975 15830 2529 11278 6907 6927 26611 24148 4795 21655 22024 12672 18232 6845 26744 26775 22064 16948 4741 1355 19627 5304 24859 8094 13181 26847 9657 329 624 11587 22744 25230 16702 15928 7074 5162 1654 14811 12478 23971 21172 6192 16658 5716 15203 4424 18237 23767 4909 2870 21469 22793 10693 5358 24741 19149 10338 8366 593 24438 13401 11588 22290 14788 19474 10289 5122 14730 22926 22467 26139 14391 9217 12207 13030 10102 792 8507 7578 15164 24433 23008 14510 3892 26929 22294 9361 12735 11190 12235 7999 19884 4090 21380 14035 25688 23070 14035 3254 3381 8358 12490 24346 6391 7188 7522 14717 3094 12893 13659 17903 18770 6135 19526 13243 17453 20415 9518 15102 1307 22953 25233 9112 14875 3596 8688 7364 26430 10523 2155 8620 5021 19842 12403 12492 990 26889 21938 10556 3324 24630 20235 11736 1068 2562 13240 26396 13881 4748 18828 9772 14431 25369 5068 24495 4759 12870 22126 14672 1902 19944 15925 19598 20134 26087 20968 18900 4393 3575 4377 25721 596 10274 2709 939 20002 21615 9383 9384 23067 4296 10400 1430 18350 14161 11522 24273 3721 5670 15955 22963 12528 13217 18824 7500 21784 3807 25591 26160 2227 5742 18087 21205 22092 86 1692 6087 8179 25375 12431 25832 11392 24321 22510 20645 13330 24523 2230 5531 112 21272 23281 18085 15835 6343 6603 6741 20044 5536 19644 11326 7391 14517 1012 8929 11987 24165 5136 6351 25444 8791 1633 22323 11320 2170 25215 841 14037 3037 11766 84 15967 22080 10643 12980 18458 10541 21754 4232 8543 10671 10161 14429 15188 18265 22373 24302 8369 22717 22440 19137 20399 24170 7516 23438 22482 25745 24963 9397 22097 11497 17481 26676 15907 2116 24245 11573 4740 18138 5070 17929 25145 266 13881 9462 18449 21424 20805 2315 3973 24893 26332 9012 17064 10564 6899 6047 6418 18168 14925 16129 5916 5053 10928 19644 18895 10845 11108 12341 13570 2966 23871 23692 14048 11800 2226 4010 24750 3250 8353 7364 10514 18770 738 13232 11826 12393 25723 796 21718 3069 5702 3702 14654 3358 2460 25660 16917 14283 24975 10928 23960 18857 12972 4294 21649 4818 22918 17698 10330 6131 15843 1980 16495 10858 7960 16914 11116 3024 14921 9617 6795 23928 6960 22069 23617 19423 18024 200 8160 26152 443 12442 3836 25074 486 1758 6329 5643 14790 23729 4259 12352 21709 9840 15664 9640 15708 24110 9631 7866 5185 21646 1344 19416 25405 24578 1015 217 25723 16670 22256 11005 23426 12462 19976 11783 1939 17394 12139 17909 24295 5809 2084 17571 20666 25996 21666 12682 4030 14282 7330 20745 20946 7306 26327 23105 8792 10336 13048 21248 3614 4470 18484 10115 16405 24881 24936 14901 18941 26403 15021 6832 6725 23010 6639 701 79 20280 25745 19886 1260 24011 16033 11807 12015 10054 1524 212 18090 9869 23784 10902 21400 11127 9433 619 24058 15883 7112 10192 22530 19400 19501 8368 8546 11578 22422 10633 22132 17119 21266 26878 2629 6457 18372 12741 16564 24814 1929 6316 11065 7055 26364 17855 13535 1090 3169 2402 23909 12815 14774 5162 26655 13053 1536 25610 5410 14348 1384 10505 9328 13247 1279 8164 17520 25533 13626 18398 12879 22970 19874 20106 5153 1489 17951 26812 15669 3796 16231 6236 22076 23938 12725 16078 19857 26851 15177 12870 4898 15954 8231 4411 9355 20707 2594 11960 15429 13713 17302 21957 17208 23700 26881 20777 2641 12146 1869 20542 14161 7890 10986 24165 2569 2041 25489 12194 15258 10836 19788 15194 13271 7641 8335 23238 6200 23639 11737 25494 864 12104 6760 18006 23434 25704 22575 4112 8964 4265 7806 20670 3554 9790 12545 22066 2072 26909 12628 19040 23664 3907 16887 5194 6949 9069 17493 4477 25695 21608 26622 6620 23657 9829 13515 629 7575 9279 2783 22169 16783 6437 9434 21909 20686 12188 26808 2345 24813 23047 5309 8028 20206 25905 24298 11720 5979 19074 15809 12177 4792 3986 4917 21977 26050 1773 4748 1941 23341 26136 23426 14783 23873 11435 10326 2257 5078 3817 17436 2730 15154 24153 3248 13300 25123 4003 10256 13036 1847 10710 20376 9047 20756 20197 7172 13652 6774 1429 4392 14655 12356 18181 4235 17963 17006 22881 19879 9046 12302 26654 18020 1333 25178 3923 4507 10835 7991 12328 20818 12576 7264 23383 16648 14539 19878 26795 23673 16770 18006 9383 17824 9709 24939 21527 24882 9790 24742 17074 7232 7075 25831 9625 20290 4682 13619 21039 2594 5231 11831 15174 4239 17887 3445 16390 710 26025 192 11391 8833 16852 21815 6507 5185 18669 26570 2826 6169 8357 20150 21129 14830 9700 12608 3755 19217 8485 18499 193 11640 2545 8624 26420 2524 24759 20391 21441 17119 6424 17557 20444 26124 24825 18249 8460 14689 6253 21185 15768 25617 5414 2091 180 20942 6090 18469 14665 10638 14185 11162 2890 6568 17129 3023 22276 14942 2144 22542 26740 6335 18321 7190 21146 22110 2300 1944 17643 16724 8315 25834 7963 10144 15631 15272 22542 9716 4824 26193 23315 23648 12502 16636 10394 6869 7252 24601 10521 14250 17640 19950 9614 11759 23216 928 1849 3334 7125 18810 20071 16957 15409 19455 18594 19756 22858 681 18580 7529 10342 13391 15558 3132 26617 5302 2469 8406 3760 9982 21943 23885 25353 25143 17721 11549 7544 24053 18687 11081 12392 18886 7972 19167 14072 1018 12522 4250 11422 8790 18596 9941 7398 6169 13632 26942 995 20343 25424 13628 18374 2842 14122 15761 13419 16184 5711 5035 12197 7372 17444 312 6849 4555 16705 9953 7438 13813 18844 20365 15841 16601 8910 9329 16552 17838 10363 6418 12124 18121 15549 17747 12996 20035 8391 8224 2023 878 4554 21902 13618 9137 25433 20829 10891 20562 7351 5568 9052 12929 1446 11775 13001 3178 4321 14763 21451 6622 4907 10345 10635 21895 10963 17744 20767 24131 9125 17144 15803 4793 7012 4836 2970 1775 3533 24146 2363 12991 12529 17358 12549 470 8237 22078 7616 9893 4176 1429 11606 19735 16506 23693 14115 1867 9465 15747 11233 21053 15209 18355 9174 21031 7904 19766 7194 14727 8150 4649 26712 4049 5688 3205 18546 3073 13532 26218 4905 10588 4090 1770 17120 7285 2824 4203 5923 18069 2074 20533 5909 12015 18999 6045 4559 11464 18922 24359 17262 18158 957 9723 12920 958 19704 22073 20280 2635 4153 23807 25824 17259 16459 3723 13849 6734 12630 25185 26713 2036 26456 19129 16076 18256 6737 16497 15268 21030 24480 11112 6585 21372 13496 19867 19549 2623 21166 3562 18663 25943 24264 13923 14786 8189 5506 5552 8799 20079 19459 16071 13603 21382 6931 9202 12480 26317 12476 2738 19299 11862 11075 2947 1336 15265 897 16953 18463 21915 18081 5205 20795 12298 19283 24692 1073 17439 2674 26144 7520 4395 18106 16358 23609 7068 16578 19358 10559 2443 2365 8884 7144 13546 3358 7333 15711 26556 26931 9797 9534 23442 17838 13787 3353 25116 26966 7023 23842 23396 10270 19999 12446 7494 25152 23773 18751 5113 7183 11067 4398 17859 17684 8075 24888 15995 25489 10502 9677 11863 10589 13815 9819 8298 7345 1138 13266 10614 4165 24515 18870 16282 22972 20224 11223 7712 4658 22650 18769 18571 15625 8383 8313 2936 25840 2954 9668 10175 14093 22051 22121 17843 7238 1182 15367 7216 26893 19076 16462 20832 15647 214 20636 10816 2368 5355 25555 23676 11436 24946 19190 10133 11456 11641 246 8378 922 23031 14009 10457 22150 7706 14636 22904 13106 14015 14226 21209 4346 26726 26439 11798 15742 21426 13948 16958 24195 9396 10048 1987 7260 20811 20748 10350 17656 20403 6212 20808 9678 13267 19136 13597 8131 20739 21739 19541 824 1461 20553 8333 1882 11861 22986 1556 11253 12521 21939 14879 25049 11301 6785 7014 18676 26155 12316 11869 2960 19927 22451 20923 19004 7732 5100 10138 9125 21757 19827 8900 9281 3156 12336 3059 17851 2035 9158 2724 24550 14558 4190 26472 23221 23647 19416 1627 20576 24994 22594 19424 12462 19549 1044 22483 25482 23521 15972 3558 148 20604 11467 17345 12150 742 958 19381 1233 18118 20521 1308 23106 8594 10485 6206 1807 25782 15227 13342 9736 10818 2334 161 1940 3660 17013 23457 17735 19678 14058 12081 20270 2744 9276 4575 24843 7486 855 18422 719 9799 5649 17102 17309 15827 9440 25361 23683 6724 10135 5162 5128 20312 25469 2490 25971 25686 10444 6932 1112 5752 24322 15727 163 13443 2808 10980 25125 21975 23548 2801 19859 26127 12142 12056 16733 5086 22988 2666 9720 26756 7785 12340 3827 20856 21399 18289 15103 2293 8877 20832 26132 16403 5148 20888 18183 6190 6197 5359 24751 18953 25590 4555 19984 10466 14290 6953 2567 25522 16593 10771 7427 10339 19708 9545 3483 1508 10768 2624 24201 8893 21762 24505 2196 8870 11893 3223 18427 4869 16914 22956 14133 652 3822 24535 3197 21572 24524 18181 23628 20150 25641 11744 24730 21563 25024 17358 26289 19798 14730 4436 2751 17447 21678 21469 26104 8768 16864 15465 17836 9144 23649 19755 13209 10496 9513 26447 14312 20799 19369 24822 6005 21323 2926 17465 18279 15837 8638 3840 18999 14833 9056 15572 6082 21470 3846 6671 13471 4131 17018 7691 14012 10308 26173 22053 2951 15008 21394 3049 7217 6400 17170 18330 16431 20460 6749 26527 21817 3865 11149 12796 7822 1479 26069 22952 439 7871 25911 22098 4782 9193 3259 2062 4560 1106 16777 25343 16329 18167 2972 20619 20566 1216 9761 7366 26776 15774 15025 1143 20757 25916 18215 12513 21240 9664 813 6332 13389 9306 5032 10328 17107 773 12244 25972 18372 9224 4533 26250 3987 348 20378 1014 2077 19712 21967 4533 326 21452 14755 11085 13367 3544 9875 19535 11276 22689 4986 5886 15829 21449 14294 7964 10069 17118 8038 2822 6228 13616 19319 4060 21842 8849 11542 6851 8773 14099 16440 19178 18935 22716 18656 14210 25223 6744 2092 9032 17196 10225 2616 5092 17156 2378 21299 21734 20113 6328 8027 18858 4530 12529 1264 6322 14943 3803 4649 9007 5609 20838 4009 9461 20269 4977 9308 15345 16732 1500 6210 24154 7831 7398 1031 15192 3393 17642 14633 15931 21007 1920 1982 16044 2354 25713 21072 22265 19347 8614 8748 4782 9740 21307 6887 3988 22509 11983 25612 21130 18727 2804 9508 3581 4043 12762 7256 10774 18492 8609 23795 11612 21792 4221 6137 14311 7718 3142 14497 24340 21635 20710 9673 1621 12453 19572 14235 25854 26172 26360 24435 23067 2962 11299 11754 14292 21343 22969 13052 6075 16131 14615 18941 24905 26738 12810 26682 885 13660 15650 7737 522 2162 2462 7576 14575 13299 26632 25566 16309 3383 1717 1434 9612 8249 22397 21982 3723 915 6001 11446 20366 15597 2154 4821 18209 21505 8280 12170 4367 13513 23394 14548 3954 23950 16148 12543 4650 13256 13052 22734 7744 2112 22674 915 9117 15614 6630 6203 18392 26392 26742 10170 18909 2014 1345 22958 9812 15253 20082 10650 15841 11282 24116 9058 13240 20058 11075 14526 10529 1547 16107 14178 3862 11360 745 158 24906 1974 5125 21321 3683 10187 6334 4328 8152 8623 6521 3473 17360 14510 19742 3729 1791 10951 7783 23429 4397 4774 14261 10979 26905 26997 21505 7558 23094 4852 8378 9440 8417 25495 16716 5915 8096 2833 4156 20024 9403 13067 18463 15312 17594 19688 21376 21751 20607 2612 7063 19505 6941 6228 10966 22314 4629 525 25431 15063 2593 17952 19381 15969 8131 16940 5496 21172 5787 7325 20198 3517 7022 24986 14120 10891 24689 22446 21982 20276 9151 19191 5908 7530 26965 18299 1200 105 248 23471 25072 5060 13679 12244 11253 6866 26386 6758 24498 5163 5423 17860 23307 21457 2532 23741 7920 11696 17022 4687 25517 23333 25362 20096 6655 15118 12587 2081 4725 4416 24445 9743 4147 21630 15966 2123 2528 25074 13860 4301 16304 754 6032 11516 10810 11207 12925 21021 20099 15145 4538 22963 6174 12817 25783 8847 7825 12911 20840 14100 20613 9649 9228 11198 14901 18507 204 9741 14944 12751 14523 3969 11875 6287 623 10731 3657 24207 22005 10505 19072 2389 25197 5696 16167 20210 23291 25117 23375 6180 1618 23380 20338 26452 9602 13607 18492 13964 2130 2259 12271 23499 26123 6404 8854 23733 3705 2446 14838 2677 9838 5693 18952 14647 9987 24368 19856 32 20502 24825 2108 15695 6751 3153 19500 8321 20635 1024 18955 23658 11986 5207 320 12846 6268 3257 1071 22753 16470 21184 9362 17303 6184 5494 14540 20159 6973 12129 10490 11689 21980 6640 113 9639 26461 5239 23415 16720 22923 4940 2523 13876 26858 25219 20522 20373 21474 1867 21420 26368 3258 17288 19791 8856 4853 2977 3660 26046 6548 13546 2834 5531 23656 5722 9616 4485 25366 21842 7181 25584 26588 11327 841 9868 23861 11840 17703 2925 22647 2636 1956 15414 2492 26709 10012 24650 5823 19012 8148 26453 11323 16887 352 19923 14398 26048 22438 26485 24972 1828 14951 24987 24291 3700 8443 18208 6487 26723 8327 15420 2821 5989 23256 1352 19650 23841 19658 7648 26084 25301 8462 25832 14159 26148 17520 9715 25045 1333 22445 14943 21005 17853 21439 9635 13119 16407 16676 2801 20250 17491 10540 22825 26596 17396 13150 23864 667 12122 4708 282 17022 486 22395 3100 25329 4398 25932 24758 752 1371 9668 6394 25524 8557 21461 1627 16338 21590 18160 18850 25951 18590 24215 16940 567 10609 11567 7228 10777 11053 18968 23522 495 21639 25783 24435 21993 12868 17114 12409 6435 15849 23736 24299 8406 14027 11402 9402 7411 915 12295 3008 1362 17337 11523 26650 330 2501 12280 1558 310 13956 2630 26250 26651 11231 12153 6676 4743 12117 14438 12109 18458 12124 25483 8780 11320 25313 12666 4734 14182 5713 5068 20125 4270 3339 3614 1198 346 10324 5353 24590 22887 20086 2046 20297 2532 2134 12029 18847 20970 21832 4254 23795 26283 15615 10241 8697 2558 21140 11411 13722 709 16216 20986 15785 9474 17597 12874 24929 16926 18760 21570 21765 2979 10104 20309 26983 8214 21258 6943 3877 1099 18669 16586 13267 25984 2625 14829 22158 7031 7545 93 21787 18485 7334 4155 3592 8084 8287 17482 11662 17854 22773 11432 1153 2121 7298 22806 18211 24656 15044 20422 11705 3949 23346 23446 20729 8681 14251 1101 3040 25691 17272 1334 6501 155 11346 24515 11012 21179 17116 16810 21036 26718 1510 20079 5487 21304 1663 23372 20178 25283 7117 24533 155 22237 6689 21298 6986 23090 13399 24079 3024 10497 8183 3419 13352 24111 12063 11371 13485 15405 2205 7277 5778 23074 20561 9618 325 4569 3113 13447 11148 17078 26347 7586 8934 15489 14998 13444 13755 14352 21494 24703 25993 7375 13522 17214 3205 4664 5736 11708 7199 22893 12464 13372 21124 6243 25745 11849 23568 2428 19189 1284 2449 8979 26509 22197 16968 26237 40 20223 16111 376 1327 18194 12649 6862 2492 11070 25238 4158 8416 5303 13702 11847 14245 26535 11699 20337 17406 25698 8563 13649 950 10551 26546 25728 4506 23580 7669 13220 2471 21378 17499 10432 25594 12324 22298 24096 11635 8174 24884 16086 9692 8729 20130 10499 19501 19985 5871 23076 4115 15109 22689 18679 15121 26438 9119 12718 22003 19717 2032 10138 3209 10825 19945 25076 22314 11530 2039 548 10166 18372 12233 21776 2271 326 10152 18767 6391 15649 16631 1347 16240 13177 15206 13524 22554 1566 24600 19058 8216 4748 20289 16062 9420 25111 26626 26218 3371 17963 19187 22628 19610 6809 24110 4949 18792 2204 23169 902 13620 14048 20262 1057 22124 4355 13471 4444 11178 12956 8214 6845 11705 21149 25868 5636 5416 4114 19682 9562 26020 26682 7491 21701 13668 495 20791 13563 9551 6904 24110 1747 19041 7458 22088 21062 14688 9603 17677 6566 26761 1719 7905 12115 21686 13255 13332 23920 15084 19022 10313 10524 22901 7799 20302 21310 9157 18853 23573 5170 16193 17273 19158 4505 23217 16822 21685 3469 17971 19832 490 3190 14410 20069 11497 21407 21204 20434 8234 19553 16713 7338 13251 7837 11083 13889 25411 16143 4630 7863 17128 5151 11371 10818 5379 2111 27000 20061 14249 7128 25809 1499 6343 10517 20623 9080 12830 25670 19295 2964 9622 1421 11249 25154 24679 3277 22339 16298 14498 21139 16660 19481 8537 24861 26679 10261 2448 23161 7822 21506 13018 16436 20461 21761 18166 22046 11946 10688 9037 20374 4312 6963 26677 18837 1496 18086 23923 21760 23048 19833 14463 22903 21812 10029 19837 20707 8682 9596 15964 9805 9726 19943 18356 3091 15593 15061 21165 9185 13601 15779 25529 7336 18224 12943 18580 12384 364 9807 26703 15437 22200 5465 16163 19022 5022 9816 24791 2653 66 1481 13204 12557 25282 24390 26095 18686 8184 38 23259 25198 14060 22074 25719 18383 26764 19271 5780 15471 3354 952 17789 20129 25672 16884 16439 12921 22837 2636 6001 9279 15845 5987 16864 26658 26042 16557 623 24466 22720 15599 23678 17194 5774 8624 20516 16299 1768 21335 20442 8145 14439 14698 10890 2753 13747 18707 10567 6093 24140 20268 20539 4518 20264 24412 22773 1428 13454 23102 22886 9239 1059 16740 17167 10281 997 23823 2117 5545 22697 10050 8334 18697 14679 4186 5125 18236 24905 12615 7664 7939 21645 2040 12212 13502 1835 23535 7247 9859 2219 2680 3211 14243 4824 10645 19433 17455 2738 19124 15833 4640 4922 16056 1722 7278 9981 16827 18543 26277 23559 22882 703 14035 21208 18055 10473 23349 4248 2730 18772 9850 75 7809 10875 24721 618 26513 22360 14168 15530 15033 9649 16888 9393 16787 798 17723 8031 1066 854 23961 22224 17582 23930 14287 7235 17078 19517 6708 26884 4939 11865 7462 10697 9409 25301 15766 15779 631 21988 19657 11900 5290 17955 17707 19420 23480 12582 13922 24043 6543 8585 10412 22209 19485 9627 11323 9145 18331 25214 20091 10224 8596 19105 15906 15193 12364 8588 380 5865 7064 1564 17766 5431 20466 10674 11030 23509 15772 277 6231 23254 21828 16139 24209 20144 10368 8292 12681 5804 26944 9469 20366 25093 2275 26387 7421 22276 10332 15265 19109 1249 22217 20974 15984 4152 27000 9337 4183 11115 9221 19404 23057 13389 23009 21276 24090 18045 152 26591 13026 22933 10841 21606 1600 7225 14313 17220 2737 26892 5035 19679 24765 25942 13345 8325 13503 11520 14796 15102 12894 11435 7204 20275 9087 13376 8477 21873 17577 7845 23594 7815 9930 204 1197 14694 4581 25364 4732 6376 23622 12868 12472 12182 14695 1208 10550 2688 154 12181 21335 15136 26579 8327 6922 5188 11425 19622 26372 10029 25679 12192 12829 18946 369 2813 23120 19354 7643 9378 18696 827 3437 1767 15603 5428 23692 19111 9727 11506 9867 2638 26308 18150 24503 24811 2329 12089 12872 1691 2745 5751 16031 13503 22781 4074 15106 22831 4296 3756 24435 13047 25780 4124 13248 13547 15471 12093 23405 925 22995 8695 7561 10223 8975 11352 19791 2481 16930 15145 23750 12774 2563 17587 20850 25397 19626 20571 17689 9175 20047 2771 12309 6802 6117 26950 23736 19763 14413 25567 17885 20890 12454 26080 12440 21121 19510 10168 12660 13624 2485 11544 19151 10130 11793 9174 24580 20090 1837 2666 8240 11189 13848 15845 6473 18627 499 21148 20379 23605 9520 19511 16758 2716 13450 15671 13948 21422 25114 6092 16666 26240 14078 8692 7927 4068 9285 4039 17216 10547 6778 441 5231 16985 6399 7289 24230 13984 522 3485 19839 15113 5930 18889 20583 18304 16585 25216 23762 9740 18592 9397 20736 26582 12998 22790 11958 7384 15555 12561 8579 13548 25123 3672 1063 11524 18773 17239 432 18817 10611 22519 8725 1843 20024 15336 1435 3771 8993 21674 7018 11306 6357 25091 3981 22691 158 3173 5478 4097 11329 2314 6241 16408 14585 21561 1934 10362 8470 7910 14503 18002 25270 20286 1920 23079 7851 22668 26470 3889 14345 10668 14663 19314 18084 16918 8243 19104 8211 13595 11698 16306 25146 2483 13945 16708 24876 7909 16742 20771 11060 20128 24685 22145 1702 5077 6320 18163 11200 24140 13897 10719 15717 3907 23177 5031 9952 7733 10599 18033 23444 16379 22872 7497 376 25416 6694 18552 4705 4004 12798 19125 9378 22531 23848 26524 19778 6565 23947 16878 6093 25991 17877 1926 9201 18645 4278 6764 19908 7737 15297 18830 2201 22936 21085 11853 22703 388 26149 10554 15471 18928 24578 4364 22564 26527 23317 18596 7911 22555 8790 20619 16570 26241 2995 20714 6649 22105 19180 13405 14610 14743 24693 15167 21305 25313 11053 10796 15030 1345 5737 4364 25117 13615 471 14538 21925 25985 25734 16186 8010 1236 15632 23437 13734 13306 24219 7576 6376 23121 20038 2474 20478 10464 5502 15840 24454 2884 25973 20250 20754 5036 10265 19985 16445 25550 23947 8292 22893 21511 6161 3841 21134 16300 22595 5261 10693 12491 18827 3248 8360 19417 2055 10381 3698 11243 24759 3051 13943 20414 12522 12561 20763 18240 2937 21890 9208 20647 12163 13304 17739 4109 23357 9078 15457 1347 18206 24766 13625 22763 19753 13710 14380 12440 4496 7748 4552 16687 10772 18316 21158 10771 6977 24773 20370 9061 10504 6505 16354 15306 22120 6255 7956 4584 12531 9673 23500 3667 4010 22663 7573 22243 25540 19510 4462 26590 2567 2764 11813 10209 24604 25434 715 24829 7696 2649 12667 11467 5888 13373 19659 7591 23629 25711 24417 21123 16098 8936 19712 4349 5441 1741 14109 16840 23890 17448 17066 11925 15058 9107 25126 19615 11993 24945 2274 13582 26484 4871 14449 13260 5006 25338 18082 16411 3312 517 10775 23180 12228 7508 18751 15227 13777 18192 6200 15696 22453 8922 7463 18576 24689 86 10171 11130 24577 877 9602 10902 2175 4193 23575 11025 17248 12968 26817 13226 19632 10076 24299 7417 6148 1836 9441 10831 12768 20041 18698 2998 14241 15741 6074 10198 13851 10154 8881 23724 7580 671 11821 17771 23653 22269 6858 2315 22941 5723 13196 17832 18262 9807 5447 2624 16299 18458 7135 20424 21037 6186 14022 16741 25030 24375 21197 23716 2479 7711 25035 8691 15263 11240 2283 15945 15521 24541 11423 5373 11713 26115 11651 15206 2276 15924 15066 8465 25143 14624 14887 26056 22464 2775 14617 3595 13202 21850 11825 23035 4747 10577 8494 26874 17972 10156 4623 22779 24998 18533 20035 13151 14931 16618 13119 21997 10858 26408 13397 12940 18739 18667 6819 25767 1391 18922 22185 4 14075 19408 23606 2867 18689 12990 20194 15229 9105 645 24711 25061 9894 14910 19630 15104 14263 16786 3834 9036 20379 8338 8248 16746 440 1745 9784 6522 19879 5580 8233 23647 2407 1426 8208 17295 1574 26350 26312 21321 10928 22534 10099 8925 20985 588 12296 23966 4546 2592 10109 21406 9870 4856 4155 26288 83 19516 390 6600 17573 9741 21226 20229 1160 1774 9763 15125 25581 4897 19120 20537 10367 21222 23628 2547 3212 4327 22892 4819 16085 22827 19652 3721 23385 16715 11597 2885 14914 24403 16005 16156 9191 11573 8879 17169 5530 18526 9278 7023 7696 10178 13192 22617 5352 8694 26992 2259 3632 3497 1290 12325 16983 21081 5720 5032 23544 2570 25899 11850 11968 16966 696 8055 26769 22383 20871 170 21573 7730 246 17487 23844 25288 19124 12774 17982 2724 16432 8557 21698 18387 5897 4556 4349 21112 11712 9681 3242 18820 17 20039 9596 26001 14421 4885 18747 1930 14912 4184 2603 23308 17843 24714 7134 12244 5345 2220 3402 17787 20140 21216 6640 21306 234 6389 22328 10648 24404 12163 22496 25352 5343 2228 10385 15483 25459 1483 10482 4573 6842 3266 20748 9624 10060 5571 19550 7193 22898 17749 3434 12294 19735 26758 26913 12542 6544 26630 13235 680 18500 5709 23945 11100 22025 24054 17889 13906 21612 6611 18538 2097 26373 26673 8622 11586 25072 19738 13512 3606 4339 10459 3034 8375 16098 9479 3119 25194 3599 22506 4921 9519 18243 3979 11912 1655 19012 20551 916 25143 25774 16549 17049 4070 22575 20168 10910 630 9466 26618 21675 15044 16301 20454 6126 12181 20196 18833 15208 11970 11835 16365 19528 18875 19187 1609 8790 13881 16492 16493 5094 12549 17854 1207 146 24789 11378 6317 5345 11486 17788 13876 8313 7797 9840 2567 23074 18960 15339 23664 4328 12530 22585 11127 118 1065 6384 19240 21996 5602 10392 9868 12605 7606 5134 5776 13890 24246 5207 23511 21135 23630 18070 5621 25649 20012 22329 24297 13351 17587 25933 4799 3342 26259 13885 26884 24188 15046 8444 5531 21102 9329 1652 690 5024 11253 20113 10126 19705 7165 17785 5425 11457 8232 24920 12879 533 23086 17667 11802 4933 23919 14325 14235 1521 16562 8918 26524 14344 7869 13517 22943 16319 4902 23834 9798 19047 24509 17996 12886 26743 17730 23842 11648 7209 17648 3942 9887 10358 4478 3255 11323 19442 3408 6919 8733 2755 947 12195 8826 6217 12690 18803 24813 12509 23687 25585 16521 17034 4161 20409 3993 24376 22157 24834 970 11290 26489 25261 17235 18869 17025 18740 8813 24260 2039 8348 13886 16028 17589 5761 5267 26610 10085 12337 22068 13790 2304 26579 5465 20595 20145 16068 671 15038 15909 11645 5036 1483 25673 4782 2806 4151 12831 18491 24787 17013 11953 15844 6834 23728 10562 3119 1677 20520 10760 6412 6277 7154 7249 14497 4355 5020 12765 10276 20050 2702 16500 4535 12977 18582 870 22281 13552 2411 5955 10713 2647 11210 8855 3567 23092 5162 12960 10379 12938 6364 13536 11661 4197 21176 18089 19485 24984 2191 18301 22013 11952 4639 19823 17029 8479 252 25600 11443 10644 17402 14558 7944 17459 4826 20772 1727 10612 16956 13369 6715 25037 5883 9182 24864 16890 20505 2608 13899 2719 20402 20156 8796 15924 4392 544 7617 25126 24489 8906 25283 21786 22933 20004 23488 1850 10602 14175 6304 15314 24675 21679 9321 4363 21921 22942 13159 16553 23707 20248 7343 22642 13504 3338 18774 14271 3177 2491 405 10335 4669 10636 20960 6845 14195 4972 4851 2659 11409 9203 21974 13949 25238 1338 5847 16223 23547 8171 17782 21142 2756 22995 4367 7043 16831 18193 8447 23881 11137 3842 13666 18319 22369 43 25532 6789 11342 23521 7764 15618 19966 2843 7928 26081 2007 7043 25258 21476 19209 12375 18490 13363 22556 25807 13068 4366 23323 21678 18358 14256 8468 10447 12414 7735 2955 21979 24205 14756 12652 10012 17056 1924 12117 25613 10387 25758 4653 26021 9921 19591 22133 8577 26308 8961 21873 18320 15737 14727 2477 16872 5331 1766 11682 6055 19251 4448 8669 4389 789 20832 22902 4760 3237 3245 2602 6314 8875 24306 20427 17892 5764 6170 18677 2828 1186 7456 8270 12765 197 21635 20906 7181 25103 10883 8277 607 1172 9263 7248 6016 26273 13059 26556 11354 18273 23463 15635 7946 7139 17918 20062 11886 5406 9445 7843 774 7797 21541 11007 15323 3894 21422 24661 11294 20916 14768 20319 10583 9347 11919 21575 23230 9322 19735 6548 18702 2323 19858 3036 12548 21727 17187 3335 26139 2863 16732 1539 15844 17554 25591 16217 10018 15755 6545 7338 5034 6642 334 255 15064 12757 12577 14933 11242 4391 25291 17129 16508 18355 4838 7004 22508 24674 5851 18595 26173 7540 19155 14966 6850 7458 5082 21312 18733 15519 11685 1875 1240 25328 14477 12218 4229 31 13213 9212 190 20428 20614 4712 8273 6335 13975 21682 24413 12357 6073 9382 3196 7421 25251 15591 23512 19241 11031 12006 9169 4158 16539 8586 26596 24112 24597 9453 20107 16586 20646 3289 8814 3932 3597 20031 23187 18659 6583 15777 16240 1933 6114 20019 25671 12805 25949 24795 723 2104 15909 5619 21838 1282 2986 103 16086 19562 11347 14762 1833 1049 13240 22953 1503 15954 22791 10578 2653 10896 6927 4347 3141 19161 22740 26761 17885 13916 16064 25078 5052 1774 21459 2641 25685 25076 26643 132 2487 16169 13842 20223 21648 12312 19496 24224 12794 7217 10281 21584 25808 12087 3487 15060 9528 6351 23084 8161 21749 8701 8451 22470 15140 7982 24413 11290 12169 4717 2095 23600 18395 152 9763 24026 8934 15551 15606 8435 3278 20822 3440 24912 22102 18058 25462 16220 4291 1660 2433 2917 21043 2307 9252 26610 15394 8013 12354 1894 2306 6611 23417 2044 26957 15129 7212 16895 14408 8248 25956 11880 26228 7014 342 6168 20928 23637 26466 20358 10930 21271 12540 8172 20526 11647 20006 13857 16004 21530 302 26201 58 13014 1112 5917 23623 22087 855 18183 18128 5062 584 7930 12747 14979 7851 5322 13542 2643 11020 24964 25910 19402 16162 880 15068 13960 21569 18524 23967 20528 26109 7719 13456 13257 22999 8440 11948 13106 22 21120 13354 765 3623 21587 25989 11 3487 4718 14354 9074 13833 4514 5613 4939 14343 8866 10695 19481 11698 24278 1876 23817 5060 2138 25319 2023 16145 15458 19133 5781 13410 8456 21064 25688 6316 21677 10205 3888 18562 22697 9595 784 15166 475 18455 15642 1265 17232 4783 12553 3842 23314 7402 12299 26793 530 24356 6272 26744 24698 1144 8901 23426 6247 23713 23537 18903 23855 24678 23788 15071 2365 24777 1334 4672 22151 3984 22147 847 25036 6197 15108 7960 3192 19549 17210 14242 26464 24083 9506 26934 2348 4421 26306 26850 6206 26796 26244 26518 224 18268 18282 24099 9903 9141 20111 10415 22640 3444 18845 19531 4022 9006 15399 19447 16714 19240 459 16408 9283 2562 9337 13792 23262 23639 7363 16107 8509 749 24493 20083 12269 16766 17760 20016 22813 18103 21479 24363 8415 19927 8195 116 11396 21392 7551 25681 25798 9749 26107 22340 18416 7821 22550 12803 12607 19680 2971 19137 11203 4588 14421 22296 5872 25254 3458 2515 3035 15467 23992 17718 14277 5795 3173 1266 22217 7252 6027 2429 16316 22412 15969 8500 12746 1335 19375 18582 13567 20454 26538 3512 11478 905 16571 3544 12276 23679 14891 17040 11413 12327 410 26717 23240 14718 26207 14969 22104 19024 12087 19068 5965 12114 6980 18180 22556 10046 8276 6846 26156 5481 21731 11904 2830 21240 26662 13636 16350 24805 1231 19372 9840 17081 85 25771 15640 6325 10600 19668 19028 22557 8727 23256 25272 26378 22936 8895 18398 5175 18558 10845 2902 16804 16024 19926 20336 25391 7643 22903 20022 4273 8561 14478 10396 673 1227 21881 8438 15755 25335 6493 12134 25618 13773 13292 23770 23384 15602 20288 14616 5163 19818 51 9882 22653 5164 2456 5980 7768 21418 22402 6871 16301 25023 6705 25801 9982 4609 13783 3121 651 9614 7045 9324 1221 19585 2348 1733 4613 21979 11889 18199 11210 10647 12082 17300 7291 19997 13205 25274 16034 14154 8039 2450 2902 19550 16451 19198 23957 18259 12094 7304 17912 26503 9257 16880 3047 17952 22774 7935 13974 14109 10027 12283 13279 15692 13528 1266 8890 17060 22422 19119 14788 26403 11998 1480 2748 20837 22939 6096 16102 25200 7008 8295 23422 11118 15990 15905 707 1353 20876 4156 26026 12453 9452 25065 5921 21969 4419 23913 17866 10387 17628 22198 3781 4634 1522 18660 22557 1049 16875 9167 23546 5489 14566 24099 13205 25660 7922 2163 18842 2968 23909 25332 15284 23420 5341 8435 12159 23961 13551 15312 19577 20988 5793 9049 25987 8596 21566 3906 3335 17286 1121 21179 507 24977 7508 15394 7943 24424 6854 7037 26261 2890 15756 8916 19075 26935 5380 8786 20185 25101 7603 14862 16546 25808 4899 17904 8397 14507 22855 11566 7025 12879 18529 21796 26719 5439 17811 5412 7151 25734 19088 21248 21581 4655 23704 17356 26946 21082 14156 3816 21623 19523 15914 2455 3141 4634 19963 25712 5054 21882 7679 24765 6583 12481 2036 12361 6187 23473 26208 12897 25986 22525 26335 14752 11724 14635 8487 25645 5459 12020 18293 15218 4660 14012 24392 7443 23293 16366 18431 10734 14230 9372 3769 25710 3624 1277 17786 4537 4169 23259 9803 14688 9307 22198 16251 1318 7341 11922 16590 21805 23179 17372 12421 11167 6973 20534 16261 7588 20235 4598 25353 9754 15445 11873 1362 1347 12527 26220 15029 14176 26404 17270 12820 20687 21247 356 18923 3508 18651 22201 16081 1580 758 8603 16360 24158 8438 13875 12369 17414 14115 25355 1782 17668 15704 11618 11378 15930 8461 18550 15013 20042 11789 4853 6607 26566 21488 22916 2967 7056 5306 12854 16869 26308 16576 6567 14128 8626 15354 22875 22984 13424 17852 285 11128 19622 3668 7825 11977 23276 1430 4119 16574 7707 4651 1338 452 18987 26009 17956 6754 23300 1548 15761 11219 20300 7428 6797 23790 321 13319 10791 24812 21852 23615 18076 19716 5710 20114 21451 18752 9918 23197 26786 10951 17723 487 14007 18104 7386 23778 5719 9303 19881 26322 18061 7761 15556 12812 20496 8541 16747 2547 11541 21051 17591 8031 9489 25505 11863 22103 13893 16774 7769 24582 13609 8305 3596 21442 8908 8685 25215 473 24785 11344 14724 26543 4038 20494 9656 22765 25652 11379 18963 26927 12903 4383 14695 7925 15906 22717 320 23782 9508 2365 6845 15559 950 1057 3713 16853 10922 11729 21463 24906 12057 7802 18570 14890 23511 4148 23473 13463 8538 14441 12703 22905 23580 13101 14159 17 16586 13685 15283 18419 7111 2555 14434 20342 26385 15310 24872 19284 13554 4386 4478 5118 19263 3960 14950 9436 7550 19039 18538 3513 12310 19575 16641 6671 65 20164 25546 24064 21696 584 21604 7999 553 17049 17303 16144 17948 17546 15524 22577 15865 13265 15699 2329 17904 18352 18855 4579 5083 13899 13492 12418 10293 6800 1157 15278 18973 2612 707 22116 6642 15384 23829 16012 2048 21743 17534 3650 24668 11 10783 6844 1060 23012 26630 3818 13251 12498 3721 8782 24025 24545 18287 24053 21882 23897 8937 21881 24412 23791 4304 11231 3828 23149 23685 9447 7820 26668 23141 19399 4156 132 20284 22719 12468 18773 20162 13948 13724 1494 16290 20016 3583 20042 5371 16244 25430 17243 17038 6159 23727 21986 26272 5538 16619 6463 19923 4148 5772 23312 16680 332 11598 23781 2856 1586 21689 7728 9755 6427 13462 10844 6271 5479 26092 21410 13434 26759 23824 6337 6995 14281 26598 19008 15058 9341 14785 5369 19595 18693 15238 2732 19754 430 21883 25388 754 8264 8350 22732 5741 18410 5733 2801 2200 24227 22415 11931 18150 15920 25091 13907 3702 5214 21430 24803 3348 20757 4979 5966 21527 19700 9284 1237 18467 25752 2680 14551 24128 11864 13390 20988 9035 1967 7531 11958 3037 24101 25843 25191 26091 19410 17293 5249 12750 23774 17605 25619 16758 23295 13424 21548 18459 22972 4016 1811 19054 26165 6346 19815 8637 13544 16414 5799 3547 5239 17662 26347 26452 20521 20882 23505 14278 8605 18948 6771 2069 
