// periodic
// number of jobs
1
// pi
70
// Cycle
100
// aperiodic
// number of jobs
10000
// pi
4 36 57 40 36 23 46 25 49 55 20 48 14 26 18 26 48 35 45 55 13 19 49 48 5 24 36 1 54 43 45 54 32 23 49 10 13 15 11 10 12 11 55 23 38 14 29 21 8 9 54 29 25 44 16 56 52 56 38 56 49 41 43 36 36 27 31 30 57 8 13 8 34 51 25 55 4 38 31 13 9 13 12 19 17 44 18 2 2 14 56 56 7 46 39 14 24 49 7 44 22 11 59 16 26 29 3 48 27 47 23 18 47 47 23 26 1 41 36 27 15 23 1 15 23 1 33 58 15 46 12 8 2 37 29 8 14 50 6 45 26 2 26 53 3 32 58 25 59 58 55 35 48 14 24 26 11 54 56 10 16 57 57 44 49 39 19 57 49 37 55 41 5 5 8 44 1 2 50 32 19 34 1 56 49 43 13 21 1 33 21 53 55 25 59 13 56 5 7 30 40 18 27 44 2 39 57 45 1 22 21 3 19 34 14 17 42 59 31 2 14 17 49 38 32 59 26 51 25 26 15 38 29 54 24 41 54 19 24 1 49 10 12 46 11 23 22 3 17 12 32 44 18 22 49 34 9 42 40 2 16 55 33 48 1 44 47 22 26 56 43 40 29 18 49 39 42 34 46 21 36 18 39 15 36 27 49 7 21 58 8 42 52 10 11 23 22 25 1 48 51 26 43 28 27 5 5 1 3 1 16 22 13 25 47 37 58 46 39 27 57 11 11 25 55 52 28 2 56 34 45 26 38 31 53 48 30 5 41 43 6 37 25 38 13 58 18 22 16 47 57 49 44 27 45 35 59 44 55 25 25 26 26 22 1 48 48 36 28 14 20 51 4 17 33 1 12 41 45 12 21 24 31 17 40 44 40 59 6 8 32 20 42 8 16 20 18 37 37 43 38 54 49 7 42 24 2 13 4 13 47 22 44 44 46 58 46 19 31 30 50 56 5 38 1 25 23 8 58 17 33 34 42 8 28 29 33 5 10 17 4 13 45 24 21 51 55 12 57 43 28 15 22 27 23 11 22 1 52 28 29 5 5 58 27 55 59 29 12 23 44 50 7 47 6 4 41 42 5 13 11 15 22 36 54 50 23 39 2 11 3 16 21 48 45 38 35 37 25 41 12 23 32 56 34 13 17 31 1 59 9 44 42 46 56 50 34 31 35 32 54 48 17 5 51 25 9 27 1 53 25 48 49 3 42 29 4 49 31 25 15 57 14 57 26 56 16 26 23 10 43 38 4 27 39 10 15 35 13 13 23 42 10 22 7 57 57 26 44 44 24 21 42 7 43 18 3 42 15 3 29 40 21 5 25 25 6 37 7 25 5 39 44 40 19 18 3 4 37 10 19 47 59 41 23 50 4 3 48 5 39 2 2 20 1 15 18 6 33 33 9 21 59 9 48 19 21 18 14 52 14 48 52 25 18 50 29 5 13 58 51 21 7 38 1 8 17 53 46 45 41 41 52 55 3 54 57 38 34 17 50 54 52 7 7 13 15 46 17 39 38 1 32 20 8 6 24 17 37 6 40 29 8 54 8 43 19 30 49 39 25 53 27 18 1 14 26 22 8 12 44 29 7 25 36 35 24 54 25 51 12 54 28 47 7 7 24 29 6 26 11 27 49 45 54 56 43 26 46 30 55 24 27 58 29 51 5 37 17 12 14 47 25 30 15 53 45 21 10 44 4 29 46 29 42 26 9 14 14 4 23 19 39 51 10 32 47 34 17 19 58 39 12 30 33 9 51 18 15 48 40 59 4 8 42 48 17 15 12 56 42 16 28 1 35 49 30 21 30 3 5 12 12 14 17 43 45 45 34 25 7 3 15 48 45 39 29 23 3 5 56 58 20 17 54 34 1 55 33 45 22 53 23 23 28 34 5 8 56 22 42 3 36 36 47 26 45 33 47 41 48 37 12 48 33 29 48 1 20 5 3 58 44 22 13 7 39 47 45 55 1 49 48 39 37 46 22 27 8 44 53 39 1 46 14 54 19 31 38 58 37 53 55 29 40 18 48 35 49 55 52 24 30 45 24 51 30 10 46 14 19 47 21 50 5 37 28 14 5 32 32 59 7 16 16 8 26 4 22 49 30 46 28 52 56 41 16 52 34 28 9 14 35 47 42 2 31 22 20 42 29 30 12 24 14 44 35 7 51 1 18 57 50 35 38 46 34 4 26 54 30 15 27 58 5 14 42 26 45 27 22 8 13 40 28 45 16 8 8 31 29 9 19 37 57 59 5 20 32 7 59 22 7 32 30 13 22 23 34 27 31 49 9 40 11 2 13 18 51 32 25 56 21 9 34 58 18 9 40 48 33 43 21 39 15 56 7 51 45 42 6 38 45 30 51 6 42 6 29 25 4 32 54 12 58 9 28 50 41 53 21 11 43 55 34 35 3 55 16 9 57 39 39 9 11 57 58 36 42 52 19 59 29 13 33 8 14 49 26 41 19 29 47 13 53 39 21 4 50 52 18 38 22 14 57 7 20 48 34 15 5 52 4 1 34 16 40 30 2 7 18 43 45 37 20 6 44 35 27 28 50 5 38 56 43 27 44 16 56 25 29 33 15 54 52 47 51 47 4 5 24 28 30 30 1 42 9 25 17 46 43 28 50 32 25 6 17 12 29 30 38 21 14 57 59 24 50 14 16 17 34 24 19 5 33 43 31 36 5 42 34 8 54 13 48 22 40 40 13 33 17 51 11 26 13 8 40 27 42 41 20 54 52 56 43 19 13 55 6 8 20 52 38 37 52 54 55 26 13 27 3 50 36 26 22 31 51 37 53 21 44 18 50 34 57 46 21 14 27 2 20 7 27 40 46 44 19 12 40 8 27 39 18 53 3 7 41 25 45 17 3 30 38 37 51 51 55 34 8 53 23 26 51 29 1 6 6 7 52 21 38 10 33 16 7 17 24 12 55 34 2 41 23 4 28 30 36 3 47 48 40 22 36 39 7 41 35 33 41 7 6 5 42 43 5 40 55 42 32 42 41 59 22 34 44 46 12 31 44 9 48 2 24 58 26 50 36 49 51 26 37 21 25 13 19 22 55 13 2 38 40 50 43 38 19 18 3 27 23 42 32 19 37 25 25 9 13 17 10 56 50 58 31 38 37 7 25 43 48 9 56 6 30 37 34 33 21 33 36 5 12 59 16 44 37 3 52 2 31 6 54 42 14 50 56 4 4 28 32 16 10 45 38 39 47 52 18 45 48 37 2 33 10 7 17 23 8 46 37 31 6 10 49 33 14 1 51 5 42 22 39 42 52 23 31 41 20 19 35 14 55 34 38 8 28 36 33 32 34 31 53 17 19 59 8 42 11 46 28 32 5 20 11 11 6 53 29 15 18 56 50 24 39 1 16 29 15 43 32 25 31 57 31 32 38 39 1 23 29 20 42 2 30 37 3 12 58 46 56 25 38 6 30 44 53 1 31 11 4 4 56 52 18 48 42 58 22 51 36 26 46 9 43 15 57 13 24 28 27 59 6 23 27 39 9 27 56 57 41 22 39 49 39 30 9 30 35 44 46 28 1 9 33 2 11 30 47 9 55 31 36 11 58 57 40 32 28 41 6 18 27 31 57 4 8 31 44 42 32 27 52 15 33 39 23 59 38 41 10 38 29 31 26 39 48 18 34 37 32 58 5 51 27 15 31 28 36 42 31 42 22 57 5 12 54 37 29 28 24 51 21 4 26 36 54 53 53 45 21 23 55 28 20 17 12 10 15 11 35 38 44 25 26 24 25 6 46 16 2 9 53 59 32 6 6 40 51 39 25 13 32 45 19 54 10 58 21 31 51 24 3 18 31 57 23 8 21 52 58 57 35 27 40 13 13 15 26 21 19 58 27 50 26 24 39 40 38 14 6 14 3 4 56 9 16 6 37 19 46 59 38 38 56 53 31 26 50 1 4 28 3 50 11 32 11 1 30 24 2 59 26 23 29 57 34 54 43 20 48 14 31 35 14 34 34 29 22 9 57 37 9 27 11 8 5 11 56 12 7 51 23 48 25 58 55 24 28 2 21 33 59 9 21 3 42 21 21 16 49 17 57 31 49 4 14 42 2 41 53 53 30 33 25 9 45 8 39 40 37 55 17 34 15 51 19 30 19 22 37 51 50 38 23 56 34 10 59 33 44 8 32 28 17 37 39 5 39 54 56 19 14 42 48 17 34 59 25 3 8 18 28 22 23 39 17 53 32 35 46 18 13 57 5 6 19 1 21 58 32 32 9 14 5 39 46 25 6 25 39 15 8 34 25 29 34 30 54 54 47 48 35 23 18 43 8 56 21 4 2 31 7 21 57 33 12 17 47 16 18 46 42 47 48 11 39 11 55 42 5 32 33 7 53 48 23 32 52 23 31 48 16 12 39 14 2 40 48 36 10 32 48 4 41 3 46 10 34 47 42 23 35 9 12 53 2 11 47 31 47 34 37 52 2 35 5 42 7 3 5 21 33 3 31 49 40 8 27 43 15 30 38 43 52 37 18 9 26 55 47 10 27 56 44 19 16 20 54 53 57 48 34 46 39 32 53 14 12 37 17 15 48 18 41 45 57 46 2 30 31 33 15 12 22 5 54 13 57 23 44 27 40 43 48 53 31 22 27 38 30 50 54 57 35 18 34 59 40 13 12 42 8 8 27 29 42 15 23 9 6 9 19 8 50 58 34 36 54 41 42 30 45 48 39 43 26 23 46 8 51 28 58 59 17 30 34 4 46 51 55 50 12 34 37 6 29 53 54 48 52 50 5 5 52 44 5 55 38 8 55 11 53 58 48 6 24 53 14 51 18 57 27 55 54 14 47 49 43 45 5 40 47 32 18 14 32 26 21 22 56 36 5 28 6 58 33 45 20 50 14 47 33 2 11 18 19 29 32 3 47 25 15 36 44 54 18 14 57 15 27 6 54 27 13 37 10 1 6 23 47 57 24 41 55 17 59 17 24 46 15 47 56 13 15 11 18 37 12 26 9 53 26 55 12 56 32 28 4 23 33 35 55 7 39 6 33 6 47 38 33 5 34 26 15 34 36 35 13 44 45 49 30 15 34 49 6 6 31 11 45 18 22 6 19 9 5 40 54 6 21 13 20 33 13 23 51 58 54 38 55 50 40 11 37 21 47 38 47 56 48 23 21 51 27 32 25 10 43 50 47 42 54 44 55 38 4 1 6 55 23 28 34 58 26 4 42 30 43 29 52 48 11 47 15 26 1 43 35 44 23 7 21 46 4 28 21 58 35 52 36 46 41 10 36 10 15 33 49 33 28 13 55 4 34 6 14 34 55 39 57 34 57 26 41 12 41 7 7 19 1 45 51 49 26 42 22 39 31 59 18 35 56 26 21 12 31 2 4 4 18 52 8 38 51 57 52 51 30 57 5 12 17 20 47 20 55 10 59 2 50 51 21 34 29 59 14 37 51 42 17 38 14 47 53 1 23 38 6 30 40 45 56 1 56 36 15 24 5 55 31 44 50 51 23 6 10 30 43 51 59 29 19 35 51 27 32 16 34 4 59 43 23 25 10 39 37 22 9 59 38 46 5 44 55 38 59 58 17 58 14 45 35 29 6 23 5 25 47 34 38 39 26 3 45 3 16 42 2 57 15 53 4 28 32 21 30 33 14 59 8 45 11 46 49 24 1 11 44 25 38 18 7 36 45 51 49 27 32 28 45 18 49 31 43 44 35 38 46 46 47 55 49 19 32 33 55 55 31 50 19 49 11 49 7 18 40 36 14 20 13 54 11 28 53 29 21 1 4 16 55 50 4 25 6 52 34 8 52 51 34 28 17 32 27 32 55 14 41 1 5 6 41 38 54 29 14 56 56 14 15 11 21 56 42 54 43 13 41 5 16 50 17 27 19 48 55 32 26 31 49 39 25 27 34 17 3 17 21 46 41 32 52 19 34 5 3 33 12 25 32 47 39 41 55 17 31 37 34 35 29 38 39 36 2 26 12 6 45 24 1 34 8 33 20 22 7 29 33 43 25 48 37 31 6 25 54 2 59 53 24 37 27 26 36 37 19 50 27 40 29 55 21 9 23 49 41 44 49 54 53 1 51 48 25 48 31 53 24 37 13 18 14 51 38 51 46 29 8 56 8 3 32 31 20 36 53 21 33 10 30 45 3 26 9 8 9 41 42 51 52 42 5 43 36 12 46 59 44 47 42 2 37 33 25 25 2 17 6 4 5 40 49 54 12 23 7 42 29 50 54 46 16 24 25 28 21 55 57 2 2 39 49 52 45 57 53 28 3 43 6 13 26 35 14 3 15 11 3 28 24 55 53 29 53 47 13 43 28 25 6 45 43 34 46 16 58 39 47 22 52 51 29 33 37 39 2 35 12 27 53 36 28 27 16 32 1 5 2 44 56 27 20 13 35 54 46 29 36 59 36 48 34 17 12 27 57 40 25 26 27 2 11 8 29 43 15 28 3 59 59 47 20 23 17 58 58 29 10 10 45 9 11 52 16 29 14 21 36 50 10 16 16 46 43 17 10 26 40 58 18 40 45 6 10 59 42 2 46 20 38 31 1 6 25 12 2 3 46 32 17 33 53 48 37 5 51 42 47 48 32 37 43 4 40 44 5 23 11 6 14 28 49 5 35 29 37 45 3 25 20 18 23 37 22 38 19 46 15 58 25 23 32 17 37 12 51 43 29 18 31 5 58 32 49 54 30 57 11 2 24 50 37 57 42 58 2 36 31 36 4 33 25 27 11 27 55 41 55 12 44 57 50 18 59 54 5 39 2 59 45 22 27 50 4 4 1 51 20 7 11 11 33 33 11 6 15 39 34 17 31 39 17 23 31 53 6 25 54 31 10 40 51 12 58 30 55 32 33 4 29 3 53 54 25 27 15 51 59 30 40 32 20 41 23 27 22 23 1 37 14 44 21 48 14 23 17 31 27 17 8 47 43 12 35 35 55 58 50 39 49 42 38 52 14 27 52 9 32 42 6 38 17 5 36 33 33 44 3 24 39 48 31 15 51 34 38 34 48 53 51 32 17 55 21 35 36 26 48 28 8 22 56 29 57 29 7 2 20 35 26 2 59 51 57 22 50 16 20 4 15 34 50 13 9 46 26 52 52 16 33 7 59 11 28 12 17 44 30 38 25 21 10 17 13 52 58 53 2 12 49 23 43 25 49 24 13 37 30 27 39 39 3 44 55 11 33 6 43 18 5 32 11 21 38 14 46 22 35 43 51 19 9 19 24 24 42 53 26 49 16 15 54 22 54 15 19 38 15 18 18 37 24 8 36 18 49 59 35 19 17 23 44 12 26 20 49 18 27 38 6 18 26 23 4 33 5 55 49 45 57 25 20 23 38 28 46 45 21 10 41 58 4 5 7 32 9 14 3 44 34 46 27 2 53 20 8 9 24 31 2 56 26 38 11 11 32 41 16 12 42 6 4 45 32 16 30 40 16 35 44 22 55 32 55 40 31 12 11 17 14 2 35 23 12 12 45 56 11 20 1 37 26 34 54 43 49 57 57 23 45 29 19 49 37 17 55 44 6 53 59 14 40 40 28 17 11 30 9 6 22 59 22 1 25 29 23 28 29 44 33 13 30 8 43 50 11 2 3 30 27 49 8 19 59 17 28 19 20 9 1 40 56 55 24 9 31 22 1 21 14 27 36 41 6 34 31 49 24 23 10 7 35 54 40 8 24 47 42 27 34 19 25 57 29 11 59 10 4 37 52 23 30 11 3 3 27 13 4 31 46 31 33 10 24 30 45 31 36 13 42 37 56 31 55 15 1 26 25 3 1 46 54 7 41 58 31 29 45 3 2 49 29 45 13 53 12 24 15 7 45 29 7 2 44 32 13 11 43 15 18 8 7 42 35 7 28 35 37 25 22 23 23 21 52 23 14 53 6 2 12 8 11 47 49 44 6 41 51 37 2 12 38 45 38 27 58 1 43 21 5 51 41 9 17 1 18 11 24 35 49 9 20 3 44 59 12 50 9 45 43 22 7 13 58 26 47 5 59 12 45 1 45 50 55 49 1 28 35 14 3 15 53 18 38 48 11 8 59 40 51 16 11 38 23 35 28 24 24 40 33 35 54 4 42 18 11 21 14 32 14 27 30 16 5 35 6 34 7 15 34 40 27 35 13 12 16 18 37 39 59 12 32 49 40 22 46 17 46 39 6 50 56 51 39 48 25 8 56 8 20 28 58 51 31 53 58 7 34 20 52 48 30 28 45 2 7 18 3 8 36 10 26 19 57 15 18 29 8 23 25 35 34 46 15 52 27 55 31 56 19 55 13 18 2 46 56 30 19 56 7 16 26 28 50 35 31 41 53 20 52 27 2 5 59 14 25 2 29 41 41 6 52 28 49 27 39 27 35 28 20 25 26 26 44 13 27 35 43 35 14 4 45 35 40 45 6 55 33 15 36 33 24 22 56 1 33 1 58 31 6 13 30 1 26 32 42 44 18 24 8 33 43 50 30 35 46 43 55 27 4 24 33 35 30 53 25 47 6 18 53 34 34 5 44 34 54 4 7 6 58 28 1 8 59 44 25 3 56 58 11 42 16 12 53 38 37 54 31 35 50 57 25 58 14 36 52 51 25 9 13 4 46 35 6 35 4 46 12 1 16 22 37 17 34 32 34 34 19 49 49 7 31 23 17 42 56 35 36 33 8 23 13 40 55 43 13 34 35 28 47 12 56 42 19 36 15 42 20 50 16 24 37 54 15 30 4 36 19 59 26 8 23 41 50 28 21 20 53 7 43 13 11 28 51 6 2 32 12 6 17 1 59 32 18 46 53 59 54 10 52 11 17 53 47 22 34 44 39 14 19 20 47 13 2 59 11 15 17 35 17 48 5 14 32 56 38 5 26 43 45 57 20 11 28 59 52 22 4 50 41 20 2 35 33 43 3 25 1 46 24 33 17 44 30 15 44 53 44 45 35 43 2 21 13 46 3 55 35 34 38 53 10 58 24 22 35 11 53 10 29 15 46 34 24 25 12 37 51 18 21 13 53 12 4 16 10 30 44 55 3 42 30 8 16 49 41 8 50 38 53 53 28 32 52 37 8 28 57 22 40 23 47 39 58 11 19 43 20 6 3 46 35 1 54 42 25 6 46 1 17 13 42 6 12 32 53 41 38 15 50 21 21 58 41 16 44 2 13 30 18 59 39 3 42 11 12 29 35 17 29 46 6 30 32 14 4 44 46 14 7 45 4 44 51 37 42 28 25 30 2 8 8 43 27 47 19 53 34 20 28 57 34 52 5 47 7 57 53 32 49 44 36 32 9 18 40 2 51 44 24 3 33 40 44 33 33 29 49 57 52 36 52 4 50 25 1 15 54 5 15 54 48 56 40 49 42 17 31 30 16 53 27 47 20 7 24 46 2 40 9 38 59 45 30 1 27 37 34 30 24 52 7 8 39 53 8 44 32 39 25 33 15 38 12 18 48 27 34 24 22 15 54 41 39 23 34 51 5 13 11 21 24 23 36 10 40 29 57 52 10 16 31 18 59 2 8 58 47 47 14 27 41 14 4 57 23 49 12 9 16 9 51 51 54 22 10 40 5 18 53 40 14 25 5 30 59 48 56 50 41 1 59 7 44 16 4 56 25 43 20 48 32 41 55 41 35 29 35 47 28 33 26 58 39 34 16 32 15 1 7 49 18 37 47 15 32 11 36 36 14 11 51 42 59 8 22 32 11 18 49 55 39 5 34 14 36 19 25 22 15 1 49 29 20 42 56 12 17 47 25 23 13 58 3 52 54 42 13 7 47 6 54 26 57 7 40 12 19 25 24 16 40 2 49 43 4 1 35 43 39 42 36 45 49 8 45 19 9 24 51 42 21 37 9 26 17 55 40 18 38 43 14 36 58 46 10 54 59 21 54 55 59 53 15 52 37 1 13 10 11 42 43 34 52 55 39 37 25 39 49 32 57 57 1 51 18 15 33 3 18 27 35 57 40 9 20 56 48 13 56 20 13 51 37 25 10 47 57 53 3 1 40 20 47 40 10 36 8 25 19 19 54 6 9 29 55 16 24 40 18 16 6 9 7 36 26 9 43 40 33 16 58 49 59 6 44 59 22 44 22 53 2 41 53 52 51 39 30 11 15 23 50 49 18 4 52 31 48 16 12 36 54 48 38 32 15 59 57 46 8 34 52 22 8 9 45 21 48 52 56 56 22 17 35 40 43 13 14 22 7 31 4 19 30 19 1 39 30 46 9 14 59 15 43 24 16 17 8 25 4 54 37 42 26 6 40 37 10 49 36 35 20 24 56 44 23 39 9 48 16 18 21 58 55 57 21 44 9 59 37 52 32 57 7 42 47 39 35 14 19 59 58 1 32 23 32 20 1 35 23 38 53 39 54 3 43 25 12 42 33 1 13 9 46 28 21 52 20 43 37 22 30 53 49 18 9 28 11 1 30 1 51 34 11 26 55 50 14 39 51 30 58 3 48 52 14 23 54 56 56 4 51 50 29 14 7 44 54 31 5 11 6 4 51 4 34 4 9 19 1 55 11 38 33 44 26 8 7 14 40 2 22 45 23 24 30 33 34 36 48 26 54 22 35 25 52 34 32 52 45 16 57 37 9 10 49 35 53 49 49 46 48 36 54 58 14 4 49 16 5 34 29 53 37 19 46 56 6 4 35 59 29 37 57 18 1 3 53 24 25 6 4 38 5 40 25 26 24 16 4 44 37 36 6 41 9 29 55 7 12 55 5 25 36 3 48 27 50 43 11 40 42 16 28 57 32 46 53 27 13 38 40 37 59 31 49 38 15 37 22 9 32 37 7 53 57 33 4 37 37 40 48 43 51 33 13 50 47 52 25 1 39 47 26 39 18 2 39 24 48 19 59 55 11 32 3 59 12 51 37 49 2 40 39 26 52 17 43 48 15 14 16 21 36 47 12 10 22 43 51 30 24 43 44 23 52 23 14 6 43 51 18 14 30 37 47 33 28 38 22 30 52 33 57 51 43 8 41 58 47 16 57 2 30 18 37 49 49 17 46 48 30 39 40 22 16 43 52 20 13 41 2 49 39 58 1 27 46 2 47 10 47 40 16 51 26 56 40 14 2 54 1 26 8 39 3 34 21 49 6 23 11 37 38 39 5 43 54 7 22 3 45 6 36 45 43 57 14 13 3 17 31 21 2 8 40 31 35 11 29 56 46 56 47 32 46 14 40 55 13 34 20 48 31 39 14 39 55 17 35 4 50 18 14 27 13 34 32 36 23 40 2 33 38 59 13 52 23 43 20 28 16 27 33 47 22 31 39 25 42 51 31 14 34 51 23 30 18 27 6 36 20 8 16 1 8 9 51 33 20 4 44 16 31 10 45 12 22 29 13 5 5 48 50 33 47 26 4 19 31 49 7 49 51 16 15 26 17 8 24 25 31 6 43 48 36 44 57 22 42 44 36 39 37 32 40 11 49 13 44 33 48 46 2 17 42 15 19 3 6 27 28 17 55 22 18 28 9 15 36 51 36 34 27 19 54 5 19 30 17 32 26 6 3 34 54 31 46 4 53 43 30 20 45 55 24 17 18 20 35 45 55 19 46 20 2 3 59 11 2 39 17 58 33 51 40 55 20 12 13 28 6 22 38 32 44 48 51 48 39 40 44 24 22 46 10 36 6 47 12 1 59 41 24 53 24 27 39 48 48 31 25 5 43 6 27 37 55 56 19 29 50 49 42 39 29 22 53 34 47 40 24 47 24 33 44 12 26 33 24 49 9 58 11 22 16 17 50 39 33 55 34 40 44 10 35 55 13 29 4 26 55 27 27 22 12 21 22 7 51 13 23 56 36 49 53 8 54 20 26 6 17 47 41 18 16 55 29 59 28 47 23 20 12 4 38 15 30 55 47 45 4 2 25 50 46 5 51 40 17 16 6 14 52 10 49 38 18 58 45 27 44 30 14 45 40 7 41 24 14 56 22 44 41 2 6 28 15 52 44 47 11 38 28 20 7 48 43 43 45 13 27 38 10 47 24 25 1 48 40 51 42 26 7 44 55 26 20 34 54 11 8 6 48 2 4 11 20 11 39 29 21 54 52 29 35 50 27 1 41 30 57 49 51 19 50 41 12 39 59 42 41 39 36 59 15 28 51 38 2 33 1 34 7 50 59 34 54 32 5 22 46 40 28 23 6 33 31 19 3 32 52 42 43 45 24 21 4 30 18 34 35 24 48 33 50 32 7 26 7 43 46 37 16 3 16 56 46 6 28 49 49 3 24 57 20 6 48 23 31 9 8 5 23 53 11 34 30 35 18 28 11 27 58 17 58 34 18 12 45 30 29 47 26 15 55 56 16 12 21 6 22 58 1 23 21 12 55 9 53 30 24 9 2 36 37 21 31 25 34 50 57 23 29 2 42 46 32 26 20 56 8 41 58 39 39 3 56 49 2 50 23 49 19 4 37 19 5 32 37 19 19 45 58 32 35 34 2 1 49 53 29 35 12 4 28 38 1 7 58 4 48 18 36 28 26 53 13 36 33 28 26 32 46 1 47 28 29 12 44 52 31 45 54 58 18 4 8 53 50 50 52 29 35 52 48 21 47 56 17 9 24 38 59 49 47 59 40 21 16 12 17 29 3 11 49 13 1 52 36 21 4 6 1 35 54 31 25 10 13 9 42 32 51 21 34 59 4 58 42 8 37 12 4 6 37 47 44 27 43 30 19 40 53 29 33 45 47 32 3 19 26 27 18 27 56 13 41 16 41 30 35 25 9 28 46 56 16 11 32 20 21 5 51 33 37 53 49 7 49 12 7 57 7 42 55 53 15 50 49 3 59 59 15 39 53 32 56 57 27 5 45 14 25 14 57 28 33 42 48 46 57 55 20 55 28 38 2 13 41 31 44 30 27 23 59 2 13 16 17 22 56 58 15 58 27 42 20 52 16 17 38 44 9 47 11 52 21 20 43 44 36 41 13 35 35 8 16 26 47 46 26 44 28 16 16 23 15 35 33 2 57 30 48 14 22 58 33 25 21 36 54 34 8 23 18 48 15 52 59 39 32 33 51 57 45 36 5 57 40 38 58 44 35 31 17 11 13 26 11 56 26 40 34 48 49 6 28 6 36 38 53 4 56 55 3 1 31 18 48 59 47 24 12 52 21 39 9 12 44 42 7 30 41 32 28 20 27 6 9 36 14 25 13 25 49 49 52 31 45 40 12 3 2 54 11 57 20 36 24 30 9 12 31 43 2 57 28 10 17 26 18 27 59 34 49 16 35 46 57 49 4 7 28 49 42 53 2 26 9 46 17 34 25 19 9 51 37 35 16 56 19 27 56 21 39 18 32 39 28 31 35 12 11 12 53 14 44 57 6 54 31 20 49 38 40 41 26 11 13 47 39 40 42 25 12 57 27 16 31 8 35 10 2 56 36 4 41 56 27 27 6 29 8 41 21 2 47 32 26 27 56 16 10 30 37 27 58 53 21 51 10 26 2 21 5 31 47 34 30 46 31 21 15 36 1 58 50 1 5 59 34 31 17 45 36 29 20 56 46 49 48 36 45 48 43 33 37 57 4 36 14 10 9 53 44 46 30 9 51 52 54 4 33 26 49 40 15 18 50 8 54 28 41 12 24 2 4 26 24 41 30 53 32 32 58 34 4 47 28 23 51 32 48 3 5 49 53 42 28 21 40 9 54 40 33 9 35 44 43 25 32 19 33 2 32 7 23 37 10 56 1 10 59 20 23 26 40 37 36 50 33 6 10 48 31 44 23 56 53 35 45 2 39 34 16 48 34 8 36 22 25 29 17 38 7 18 44 7 41 12 14 8 9 49 2 46 17 7 24 34 10 47 28 37 9 28 4 45 2 46 58 26 28 23 56 31 50 57 12 11 55 27 12 46 39 56 38 21 12 5 1 1 42 35 25 6 48 20 41 42 22 18 39 22 9 34 51 37 50 14 29 47 55 28 1 37 52 31 53 37 15 24 49 22 15 59 55 4 35 16 3 17 47 7 2 34 46 20 57 24 53 19 26 51 9 18 48 20 25 46 49 17 4 58 10 48 34 26 52 45 53 52 27 7 58 47 25 59 9 11 49 13 19 26 55 47 42 17 10 2 14 57 34 53 46 53 43 54 7 7 20 23 55 23 34 10 20 9 53 38 55 3 39 33 36 22 49 21 49 18 14 33 48 17 25 4 53 40 21 21 38 29 45 43 33 2 28 45 53 16 36 46 5 48 39 18 54 23 18 35 23 26 58 15 26 30 4 51 44 45 58 29 59 32 38 17 4 42 7 5 20 19 48 27 47 22 23 34 38 38 49 59 9 6 8 41 57 2 10 11 53 7 1 56 8 25 33 23 36 19 53 38 25 6 17 29 15 8 21 30 59 4 54 4 15 36 40 56 50 2 42 21 33 9 23 36 3 17 27 6 54 31 31 33 42 30 6 38 38 16 34 24 24 8 53 19 25 22 53 1 19 2 7 43 42 40 15 14 29 5 23 34 51 4 13 17 23 57 51 1 2 9 2 58 26 54 41 20 5 5 21 10 11 48 52 28 9 6 39 18 45 37 11 27 14 18 18 3 1 31 52 8 18 24 13 44 58 2 23 7 24 37 22 14 49 41 7 42 29 57 59 9 32 22 24 21 10 32 6 46 42 42 10 33 49 18 40 56 7 43 13 41 32 41 45 7 24 44 7 25 35 34 44 17 27 53 28 31 33 37 29 59 1 19 46 36 33 7 46 52 5 35 39 59 36 29 20 4 54 1 5 30 7 52 42 52 11 16 25 3 48 9 55 14 28 33 31 38 1 4 42 14 34 40 49 28 6 59 23 28 48 17 57 32 53 36 29 10 51 50 2 50 41 57 40 15 15 32 27 47 59 26 36 2 24 22 53 21 24 8 15 22 5 4 21 45 38 41 24 22 39 25 2 57 28 45 46 43 48 41 18 29 46 16 36 32 38 46 36 38 1 28 2 9 47 39 32 24 34 28 14 10 12 1 46 35 36 11 52 46 13 59 59 26 50 52 10 30 21 19 58 31 57 8 42 30 13 36 23 25 31 10 53 22 40 58 12 46 57 13 25 41 43 24 52 11 48 3 11 43 33 22 55 5 22 9 46 32 5 40 25 3 57 4 2 47 51 40 58 36 41 2 31 25 23 39 39 8 1 54 47 31 7 39 48 45 6 2 13 30 22 55 43 17 25 33 44 18 16 32 25 23 24 44 13 49 41 9 12 37 24 13 35 54 10 28 51 59 4 24 44 41 33 45 43 8 24 37 20 26 1 11 38 18 53 19 24 18 51 54 46 39 47 32 43 17 20 36 4 13 1 46 32 39 30 12 15 27 45 13 22 59 16 12 35 21 18 55 29 42 7 57 39 51 43 16 1 7 37 39 25 44 35 3 23 10 48 27 27 38 8 11 15 18 57 26 9 21 39 36 14 24 8 34 57 32 10 20 48 19 58 36 13 14 30 46 16 40 43 34 32 44 20 38 24 42 22 33 40 49 1 37 49 26 53 49 54 5 35 28 33 25 31 35 26 20 19 52 51 50 43 46 12 52 54 44 40 7 12 10 29 28 37 48 17 29 56 7 38 31 43 6 15 21 15 41 21 46 29 47 40 2 5 27 45 45 40 10 42 28 1 34 46 40 55 49 37 47 42 51 33 53 35 15 8 21 42 20 11 59 42 15 49 55 48 21 54 40 33 7 29 38 3 35 23 54 22 30 15 56 40 9 1 50 20 4 20 49 10 33 13 6 4 41 23 33 32 15 32 11 50 23 59 56 6 5 11 11 7 22 14 54 12 17 59 34 41 42 2 27 16 31 21 35 54 45 42 18 21 38 15 11 37 12 32 40 22 38 8 20 3 22 51 8 49 41 35 52 55 56 6 9 23 11 47 49 38 40 34 22 1 1 41 23 35 47 55 54 38 10 8 25 9 5 25 19 3 29 53 27 28 58 25 28 50 36 51 15 1 8 10 41 53 13 40 54 59 48 58 17 52 20 18 48 44 8 38 30 4 23 4 52 28 44 13 59 19 17 31 9 37 45 22 26 13 45 46 35 31 17 35 35 52 36 47 26 50 4 5 58 10 2 35 26 49 12 2 1 47 42 43 51 52 6 13 55 33 24 18 31 41 35 1 46 16 33 30 43 34 52 27 4 1 45 48 28 3 35 13 59 58 35 14 57 35 51 20 7 2 31 39 35 8 57 54 3 33 55 57 18 30 33 17 12 40 28 3 56 12 56 40 58 15 47 9 19 19 34 13 54 35 57 9 12 11 18 38 1 41 15 58 23 51 45 59 33 6 9 1 28 28 6 56 35 6 48 17 52 16 39 42 47 21 31 2 37 5 26 33 5 14 34 8 1 59 4 15 56 28 28 8 51 5 10 14 1 20 45 30 5 14 23 42 36 26 47 55 35 54 21 8 9 58 32 17 32 57 1 38 27 40 7 2 9 53 32 22 33 35 50 45 45 39 23 4 25 54 4 35 32 2 53 31 28 36 15 33 30 1 56 46 10 14 47 18 6 23 43 12 27 27 16 46 31 8 35 30 14 40 9 38 34 40 55 41 45 36 20 41 25 33 16 21 8 39 18 11 56 5 30 12 4 45 54 8 14 31 40 8 39 56 12 53 43 15 59 6 5 27 29 41 8 22 49 5 24 2 6 12 26 55 46 48 39 15 19 34 16 54 54 7 54 21 48 40 56 28 55 30 25 54 34 17 26 34 3 9 17 57 11 31 58 9 37 46 17 51 9 58 27 21 4 11 2 5 8 59 20 48 28 44 27 21 59 19 40 10 35 37 21 53 3 15 21 4 33 3 5 15 48 25 21 23 33 53 47 50 50 35 33 16 9 31 18 37 33 5 18 20 58 18 54 47 25 44 41 39 17 42 31 51 26 10 46 30 9 3 58 15 28 56 6 7 22 1 18 35 10 13 57 43 56 51 9 27 50 36 17 59 33 44 38 23 41 54 57 7 42 32 56 4 37 22 27 59 56 44 46 11 38 1 1 59 22 37 49 6 29 23 38 1 27 45 9 22 31 3 56 52 11 34 13 35 54 55 52 11 19 10 35 59 17 41 17 7 34 28 19 56 19 1 6 52 26 41 16 45 3 21 53 23 48 27 30 28 54 18 3 13 32 28 50 8 36 13 50 43 26 19 14 24 14 10 46 16 48 22 18 23 7 56 23 2 30 45 15 50 38 59 24 47 15 39 19 20 33 11 32 48 2 2 34 15 50 57 10 39 45 50 36 40 18 41 2 24 11 48 16 6 48 27 2 25 24 16 39 16 17 29 48 18 33 9 39 13 44 24 4 27 6 10 13 58 44 12 49 53 10 2 29 30 53 37 42 56 21 10 27 8 23 5 36 43 42 19 27 45 36 1 48 24 16 33 42 3 19 23 41 11 42 54 9 57 36 8 16 55 21 40 37 13 47 28 55 37 52 28 3 58 19 34 39 57 26 1 28 56 26 13 58 55 47 32 58 29 34 20 11 26 44 29 23 26 11 2 23 7 58 31 20 24 6 3 28 44 7 4 27 9 58 5 19 15 45 49 44 46 54 39 42 18 27 42 18 48 37 26 18 7 56 46 26 56 43 51 23 59 5 16 25 49 36 53 49 38 14 12 20 29 10 48 34 14 31 11 12 39 54 1 59 27 33 26 12 36 33 30 31 38 55 47 1 22 6 54 13 55 20 7 56 15 22 57 18 53 51 6 42 8 18 47 54 46 54 53 50 43 21 48 49 35 46 29 29 54 37 51 11 59 14 13 40 32 51 31 11 47 58 2 5 37 51 47 50 19 40 21 10 9 13 35 51 41 9 36 6 58 9 10 22 27 13 9 29 26 4 17 4 42 19 30 15 56 53 49 5 39 30 10 9 28 32 30 42 44 8 10 43 54 20 44 12 9 42 23 38 1 35 56 7 5 9 36 5 24 50 58 4 45 29 48 58 17 47 55 7 15 22 27 27 49 30 43 14 30 56 6 57 44 18 8 1 58 9 3 30 26 57 37 11 48 30 31 51 30 45 13 52 25 5 20 24 33 49 38 24 10 32 54 40 35 8 9 31 2 12 34 56 47 7 4 22 28 9 40 47 4 16 32 19 14 2 39 26 40 41 2 23 12 26 50 13 26 49 13 48 36 7 23 59 35 40 36 30 21 43 35 14 48 5 3 44 44 20 5 50 38 37 29 35 19 57 30 35 9 46 1 59 11 49 42 13 23 58 41 9 51 57 5 5 57 26 27 29 17 34 46 27 26 31 20 51 52 1 5 36 27 11 50 47 56 30 43 3 45 16 52 45 8 29 53 6 44 13 42 49 29 49 45 4 59 12 27 36 55 47 56 27 23 38 14 26 21 36 20 23 44 4 15 12 27 54 34 50 2 25 44 27 23 2 1 54 59 51 59 5 45 36 51 57 39 1 31 6 35 7 25 19 35 31 11 57 23 45 39 17 41 5 1 59 56 16 17 39 6 18 38 34 48 3 13 23 6 46 29 58 26 47 43 7 26 19 25 3 37 38 5 6 30 31 58 54 38 27 43 19 20 39 21 30 24 40 7 18 25 53 47 44 30 43 9 36 11 3 41 56 12 2 48 5 42 26 48 21 25 27 21 50 3 4 50 41 1 54 7 19 52 18 7 58 33 29 3 39 56 23 40 48 25 42 44 21 16 56 51 38 41 54 58 46 11 19 53 42 37 22 2 9 27 43 2 47 37 37 39 57 5 52 20 58 3 58 9 11 55 22 36 44 10 55 19 41 51 29 5 25 48 46 49 45 46 9 27 15 5 43 19 12 46 28 37 22 30 13 53 32 27 43 25 46 4 53 29 28 43 56 36 15 23 39 8 15 46 13 36 13 19 51 23 51 32 24 27 11 34 27 30 39 48 17 54 41 6 12 54 13 15 32 34 19 29 42 16 50 54 35 32 57 24 57 12 33 29 15 9 36 40 1 18 2 25 54 26 40 12 37 25 27 18 47 27 17 37 4 21 32 28 54 19 3 47 9 29 56 57 14 36 43 15 12 18 28 25 56 58 31 32 56 48 56 55 32 16 28 57 37 23 50 9 7 53 31 38 14 10 28 10 25 50 39 1 24 47 2 41 39 2 9 8 5 29 9 5 14 29 31 47 33 45 31 25 4 15 15 58 43 9 22 23 9 6 31 49 41 8 18 59 31 6 56 5 56 52 24 38 49 38 49 44 15 58 20 29 8 7 23 17 25 21 21 1 35 24 5 19 27 44 42 42 10 10 21 57 15 42 59 18 12 45 22 13 18 2 46 43 54 22 26 22 19 16 23 40 27 5 38 48 45 58 45 21 21 8 4 45 17 15 58 1 24 39 44 28 10 47 53 4 44 48 29 2 19 41 30 49 31 26 9 30 2 27 15 38 31 15 22 20 59 36 37 17 13 1 34 48 11 27 53 53 58 17 47 7 34 5 34 10 11 31 21 18 25 10 33 59 19 52 3 39 23 33 50 56 7 24 14 54 9 53 38 28 5 23 38 34 28 36 13 1 14 22 25 32 12 1 4 49 27 18 39 42 23 31 14 26 59 25 53 2 9 28 40 54 30 27 46 15 18 29 19 13 23 56 56 4 49 49 18 57 17 5 12 9 27 1 1 4 21 10 18 31 37 1 14 50 11 40 29 55 9 28 34 1 6 54 3 19 47 29 46 20 2 24 47 13 21 57 6 23 35 8 1 16 43 51 4 18 24 16 12 36 7 45 57 39 25 38 21 54 16 28 9 50 38 45 36 27 45 52 17 22 29 38 26 6 28 44 57 40 4 10 15 46 35 23 38 30 6 39 3 12 59 24 46 42 24 35 36 53 3 37 14 45 13 22 55 22 16 16 55 1 27 31 28 36 33 13 30 5 20 57 51 38 6 2 51 42 58 29 9 21 8 18 59 39 58 30 53 35 47 12 53 31 16 13 24 40 20 30 28 52 51 24 47 22 24 33 52 55 37 35 48 1 27 54 14 59 52 11 41 47 53 12 22 53 26 48 57 1 17 47 56 47 21 41 52 6 32 58 45 12 18 57 39 33 19 16 31 45 51 37 35 52 23 51 3 30 47 10 22 13 50 57 39 21 4 59 50 31 20 58 11 52 9 14 7 44 59 5 29 50 48 23 24 38 48 28 15 2 28 43 21 17 42 25 58 50 2 42 26 50 57 54 38 25 56 16 21 14 2 46 39 2 17 36 55 50 23 22 8 50 2 29 3 39 35 7 36 6 27 57 45 19 32 3 50 55 35 32 7 46 42 22 42 2 44 27 45 51 56 21 17 40 58 19 7 45 5 14 59 52 26 18 42 4 39 1 59 37 38 15 57 28 48 6 30 15 32 19 7 20 58 58 23 31 38 57 39 59 59 30 30 8 38 59 47 35 1 19 1 47 53 37 36 20 22 45 49 21 28 8 52 27 10 4 26 30 5 56 1 15 1 29 8 22 10 52 24 45 5 23 49 16 18 49 12 37 28 11 45 23 43 30 14 58 36 17 53 50 16 39 47 49 44 43 52 35 8 4 47 30 6 24 59 25 12 14 43 52 38 49 30 56 32 14 14 54 47 13 28 59 16 33 8 16 1 51 33 40 15 14 20 41 28 44 57 34 14 12 37 4 36 55 25 41 59 37 49 29 45 50 57 40 59 5 41 54 19 9 5 27 50 28 39 24 45 35 21 34 38 41 50 37 6 43 44 56 59 8 56 45 53 45 6 8 10 37 44 51 39 17 54 26 24 51 30 47 30 15 42 34 22 45 50 2 21 11 19 43 34 8 30 5 57 42 5 52 26 56 3 10 46 2 59 32 54 20 34 9 9 1 53 45 41 50 59 16 16 57 2 27 46 42 52 58 11 44 28 3 9 50 47 12 8 29 1 43 4 35 56 57 38 30 40 5 42 22 4 23 2 14 41 29 57 57 31 40 12 33 3 48 48 51 1 45 9 3 4 11 50 11 56 4 5 49 16 47 19 57 58 26 16 6 3 20 8 54 51 37 25 44 31 43 23 18 11 37 42 34 55 43 28 37 29 16 25 19 37 52 49 8 49 42 1 31 29 16 30 57 20 44 38 44 35 3 39 12 11 1 17 51 22 35 12 36 43 25 30 28 2 13 10 52 25 9 1 14 47 2 26 42 48 52 10 16 44 32 1 40 57 41 49 35 23 2 32 6 3 38 22 47 28 57 51 40 7 41 49 30 49 12 52 31 19 17 47 20 54 50 5 36 18 14 10 42 30 38 6 4 56 9 42 56 9 41 54 51 18 59 52 28 30 27 57 33 37 52 28 51 39 35 6 51 35 35 31 23 24 57 11 41 32 6 29 47 48 33 17 40 4 28 45 13 25 6 12 2 34 19 34 50 44 17 40 22 24 12 5 38 58 51 56 12 50 41 24 51 6 36 3 20 7 44 35 45 27 12 16 45 39 59 8 6 28 13 15 1 20 50 9 15 33 43 25 8 32 30 45 10 29 10 5 57 45 7 14 50 31 57 34 3 22 53 27 44 41 33 17 38 52 45 57 22 5 38 31 12 46 25 6 39 25 23 3 47 44 7 16 48 28 50 26 36 39 31 50 1 5 8 37 16 33 43 18 39 15 58 18 55 8 25 55 38 25 32 57 48 36 5 28 38 9 15 38 27 55 19 16 12 12 11 45 49 23 7 57 4 59 14 3 19 17 36 16 50 58 20 13 31 18 18 16 46 44 49 45 56 48 15 18 25 55 38 24 48 38 25 5 47 39 3 49 58 17 7 44 31 59 48 58 18 28 34 57 28 30 54 14 52 3 35 55 36 26 54 25 57 3 54 28 1 46 13 38 4 51 49 40 17 53 10 38 24 36 6 22 3 29 49 9 44 29 58 44 16 54 8 7 21 31 24 34 45 24 5 7 2 50 33 40 46 45 34 7 3 57 11 47 48 11 53 5 7 7 24 10 52 7 36 18 27 27 39 54 20 16 47 37 30 2 24 51 18 22 17 16 48 58 40 22 51 11 16 9 24 45 2 32 18 3 33 25 43 48 20 53 19 19 33 53 34 36 5 18 28 16 42 22 43 36 22 45 32 50 41 54 58 37 16 37 40 37 23 52 13 37 36 22 49 39 55 17 8 20 31 6 31 14 25 36 17 55 19 24 14 45 46 59 4 20 55 20 34 52 3 24 48 11 24 32 6 49 34 54 54 58 57 8 47 16 5 17 55 45 51 51 27 13 55 6 53 20 56 5 41 32 51 8 44 28 36 16 51 17 48 55 3 49 23 24 6 18 46 4 40 26 4 15 24 25 6 32 22 52 59 51 27 17 8 34 39 42 27 15 21 59 58 24 19 40 43 49 2 44 2 54 56 59 6 29 58 35 5 13 52 22 21 58 16 10 35 19 30 46 53 13 10 11 6 28 55 48 22 44 9 34 14 22 54 27 32 1 12 2 39 27 53 56 29 37 14 42 50 7 58 22 7 33 20 13 57 4 36 55 32 46 36 17 58 42 56 22 59 6 30 26 31 38 59 2 5 15 54 40 2 12 33 51 21 56 46 23 23 38 40 23 41 51 44 42 
// di
8181 3322 6369 930 17875 3901 22803 1399 23637 1024 6768 9526 15647 28794 23428 12155 17867 13046 5334 29450 28365 13683 4029 15326 9854 14273 21799 20501 13561 15005 17086 28573 21656 25784 10968 5066 27790 3550 2795 3645 767 23956 26336 15610 25076 26418 28878 3151 26415 5002 14459 20967 4186 9978 2449 22856 24727 17734 17765 10734 3342 9084 16685 23558 6526 10017 27079 7753 2629 14897 15810 26316 16070 10654 6603 16478 21086 14115 10628 17628 13974 21047 4688 6789 26436 29216 22354 8898 17969 11742 4441 17961 11988 19499 10 15758 2287 28543 29904 9972 525 17594 7463 16296 3646 8657 19416 134 23858 223 4469 4748 581 19157 20425 121 1058 14874 10702 7039 24403 22858 26250 17347 17486 18356 25375 8084 12253 5411 14293 17018 9488 627 6623 20424 18437 5537 18880 28886 22347 27629 7195 1259 22363 8525 19571 1764 5364 12421 39 16454 26932 1409 5141 16677 3926 7353 4454 16822 3656 13453 3510 28879 474 5282 12875 14052 27791 24096 2472 1623 11288 10430 6524 20087 22549 10252 19215 16908 16873 29725 9779 17007 24888 19621 5964 19971 10033 13704 24594 4462 27757 17016 28466 28097 22850 9676 27664 29933 10724 22352 12705 8582 19416 430 23295 12286 10105 28751 19707 21959 23365 5048 12148 18692 28536 4280 19189 16930 5968 8732 9830 8914 10674 18268 6223 4155 11404 1223 24082 19033 15502 9450 19279 28901 14302 26441 2240 14629 3383 4260 23673 20189 8781 4514 26472 2288 6203 15813 3604 19348 23217 11390 12907 8308 16740 2279 1237 10789 18060 9582 13467 21039 26947 20902 7966 8749 9211 22230 12268 13082 29772 5234 13533 27397 4355 5390 15902 16090 18793 10931 13535 15080 9780 10551 20286 23679 18759 7513 15826 15088 14712 28617 18356 21571 15646 1374 5315 3064 12718 21665 27982 25106 11479 12635 17293 18306 3729 16734 22178 21900 13992 18298 1829 14687 14240 12717 9313 17143 6153 27794 3304 24720 20373 10554 14474 17683 1771 319 22643 21235 21695 10602 8408 6595 4251 12406 21841 12821 20577 1154 28471 6251 22354 10229 25014 12895 28426 2695 10242 11734 1742 13110 21044 23944 24098 28838 24109 312 4989 15631 25976 3623 15002 2113 13542 29803 18329 26243 3456 27820 20266 14365 21412 325 24796 4348 4893 11144 750 5917 17204 15175 3891 16336 29017 2549 27407 22913 27009 17997 27198 20017 7410 16457 26259 7059 20592 14770 9882 15444 8569 21988 1586 2971 23810 8732 18627 25518 1585 4731 2908 7231 21113 18833 10513 12326 2939 20008 23891 5201 11286 270 23195 22057 14723 18637 22785 6210 2030 3131 20152 19581 6902 20712 28807 19641 10932 29326 10215 20639 15358 3488 14580 29168 18400 3249 18173 25162 27876 1364 21981 11267 22684 5831 23982 23435 21496 23788 25102 13053 2162 29058 20235 6596 25383 21926 21529 13707 20251 8084 14050 11275 25603 2272 5815 14185 27381 3210 8854 19755 8131 7401 1156 17899 16411 9655 21623 24349 7635 26175 7368 2940 9426 3378 1302 3649 17135 1673 23666 10185 26824 10470 24730 28877 7623 221 27212 20211 1227 29631 25142 4616 6509 20693 24596 26984 15772 26131 14473 7617 29258 1034 26319 24367 13555 19591 19383 26678 15975 11822 13140 21543 20712 19451 7120 8250 4257 14955 3616 13960 20124 17132 3877 27702 3967 21177 9542 6415 27002 26700 13374 27477 26735 9058 8184 12538 19514 14968 28190 21958 28778 26958 20243 14842 13060 21976 10008 2755 25073 26398 6680 26091 1329 14876 26606 19344 16373 96 25178 26094 8603 23104 25490 9752 7954 3768 7950 2748 4856 29079 6395 13481 18795 6047 6437 15741 28620 11793 6735 13220 11093 3015 19196 5394 15014 24339 5221 28933 15862 22754 11002 15920 1158 20329 22220 24659 13375 23457 14880 27362 14561 14338 15383 15378 10763 29314 5815 26162 9213 10778 16364 3334 17360 5927 6338 10340 14535 12315 9095 8775 26642 21528 16915 5417 19162 15550 1617 11335 13389 13108 18848 27477 28768 14090 19358 28772 22327 11607 13569 25452 19405 20417 12824 18615 5852 18288 24825 7727 15352 27449 7987 27361 8556 6927 16363 3748 38 3182 439 307 4327 29980 10472 674 9404 22866 12597 21551 1787 10794 10336 26563 28240 20593 27419 22601 8737 28195 9821 3657 8213 154 651 12314 23921 7737 11750 5126 964 4378 1702 6284 22425 20704 5636 5991 12438 11674 9191 12227 12803 29265 22171 19344 12074 4368 5008 587 7697 15455 15111 6795 27387 7916 4706 7348 1760 26658 4913 27723 13572 18142 24836 14461 6275 28704 8375 9202 24405 21801 16117 6424 3628 304 12952 2142 24169 13290 9450 9558 11775 14486 24087 22225 6242 24138 27282 1469 20357 10395 18277 8428 29217 8228 27264 9357 3237 11545 23097 11619 10581 25006 14230 18304 4008 29788 9750 12398 9111 8738 29383 8568 8259 16199 10592 11605 1248 23667 14886 8244 4735 13223 22080 13064 15071 21285 12721 24354 15496 10052 21345 9481 26182 22513 611 26934 13687 13293 27360 24296 20975 16474 1812 27098 22773 7886 9160 27999 13784 9078 5882 25915 6811 23852 19589 16670 5882 15740 4891 28431 26812 5487 1326 18558 1090 26478 20538 9179 25013 6488 13744 28707 15579 21171 2338 26322 4297 16496 26461 29785 24450 27774 5704 3821 28796 8145 20296 24203 24705 22104 24229 15063 5441 29180 22245 21207 20598 26857 1684 5159 7692 14827 5384 26055 352 24214 17964 2242 3178 1880 26313 9212 25424 1873 20827 29888 29141 16991 11878 18883 14369 24206 25100 19010 28907 23848 29958 24247 23578 2629 24399 21422 21348 22712 17791 16166 4583 11278 2122 8602 27077 5890 21186 5637 8370 21610 17666 10113 28825 10968 25490 21223 4412 9317 1027 10608 9004 6310 24911 17501 24236 25165 22672 29081 3146 26738 12897 19356 1433 11387 22117 20860 7241 8025 21448 19738 12718 4750 24215 16871 1037 11661 27718 4568 123 17791 9341 323 21996 28231 25278 8802 26058 2114 1449 27790 27185 5307 16349 23427 29855 659 13737 12372 19 12262 25415 26511 4246 2465 15610 10314 1321 18173 13577 4 7534 10197 10053 28719 23249 21437 11268 20424 28214 19203 9413 21169 28264 28672 6261 1911 13514 19910 13467 20595 3752 4510 18600 3353 23237 22498 21395 24897 29041 15067 18540 16771 11493 16815 6251 3100 17206 15252 1563 26731 28996 14391 2148 22100 23258 19860 1335 11893 13159 23755 14639 9832 27526 3084 27561 6047 5509 10658 29144 15165 9556 13428 19086 16950 8275 25969 14803 4578 11401 3391 14477 2809 1628 6869 17725 17889 3274 18626 21642 5914 3511 29775 21669 12720 24105 19997 23570 27395 17508 24736 23409 19539 17372 26123 6009 19707 11442 24168 4321 5853 2297 11451 15327 8539 29246 16629 22875 4026 13525 5030 3857 19503 7926 13221 21226 10602 1260 6183 29951 15351 11596 7819 15013 21367 9511 4168 7399 11536 16444 3277 22096 14869 5964 1611 11480 9952 26225 18118 8460 15034 9680 1874 23341 12800 29881 24726 7455 26960 21467 3575 25738 8598 3706 13359 21165 25993 24999 2769 14098 19870 11392 10927 22089 22169 13461 19814 15752 726 13952 11811 14854 28569 18066 15523 12655 10682 1023 23373 7831 5585 11564 20229 18717 1947 8521 23669 21105 5716 16138 7423 8432 8402 12276 20280 19130 16020 11631 18987 13847 22285 7791 2052 12197 954 13244 5692 16540 5178 2863 8104 19813 23835 8276 17847 2802 26901 2371 2269 8124 27389 22068 28947 28003 28853 7830 22272 16208 25366 27136 29270 17728 22547 13959 7692 21945 12688 4375 20496 15843 7076 11694 14699 13727 1277 705 24779 775 28693 16709 19866 3858 23576 12351 4214 2036 25879 12257 19354 11296 20526 1456 613 19465 25614 4807 18560 28324 6459 18638 15030 4956 11064 1271 26962 570 25878 21114 24848 25806 17090 4962 17378 16455 4864 11837 24277 8801 18092 5136 9910 29863 12212 1889 27243 5716 16200 1803 8838 13572 21574 11284 18242 8635 29905 2220 24470 8520 15658 15060 5635 21266 947 10365 2384 10326 28593 17473 10343 22301 6778 15807 1149 2184 6448 7030 24050 23619 21943 1292 1067 5043 28850 22703 8498 6581 6097 22209 17163 229 14754 23723 22768 23038 22384 22816 18638 15056 27388 8604 26978 17745 26279 7963 18396 16053 13211 16739 16275 18103 2474 24496 25915 15155 16605 29789 29936 10225 15925 22045 6805 15196 27893 7285 3034 14913 3065 26791 20810 2249 1310 18659 23057 19324 20411 3062 22582 23654 15480 16800 29390 16964 11872 29582 6583 25500 2652 7049 27223 25855 3305 16276 13259 21934 2340 14976 6846 16593 2347 17025 3357 14460 2174 10686 13644 14970 12459 16485 23400 18020 24544 423 16902 5164 4936 5570 3616 15992 6749 11049 898 19628 19339 9003 3025 10930 5179 19522 2420 5990 10683 27086 20112 17614 5487 14126 5378 639 18932 7888 25346 19037 9593 9730 17743 26456 6420 10031 27 6138 11623 23682 3314 29202 3597 2545 23876 26901 13989 26522 29241 3458 14299 21018 2975 4042 21343 17170 7282 22235 8729 13384 19479 22915 2456 29361 20975 16889 23220 21707 25630 29425 5631 4127 17258 19143 2850 2996 1474 24933 28568 16003 10976 20741 28989 27665 4233 8750 12621 8283 12889 21975 8405 23819 13509 21786 2516 12219 1215 14758 10600 760 26669 6657 9495 10490 2844 23408 16873 16704 4995 29150 5240 28982 19711 29699 27524 6370 1698 26181 7171 25275 21719 7762 8294 18153 2642 7504 26233 12141 680 11365 18716 20541 16229 3147 21156 19809 11576 25976 24275 29231 9974 15621 10760 26579 1105 7734 10897 10326 5269 10512 7122 13577 15010 16754 24734 21023 25955 28635 18657 14923 9293 5009 20248 2888 23714 18285 10672 14748 12155 15767 27379 24859 16165 8745 22932 6182 16239 24443 28086 97 25085 27464 2703 7688 19857 13387 2196 24745 3341 29715 27044 26725 20124 2426 26241 25623 22632 11979 13709 11312 4922 28851 16644 8332 20450 983 14119 5458 28451 5907 7971 21021 9287 29237 21612 22299 10985 19665 21922 13897 8576 19691 173 22328 19347 17673 13031 11470 15770 6035 23111 16930 28119 5761 22349 19923 13482 28202 28421 25933 7023 7980 6756 1538 10180 20406 10282 5407 22410 7556 269 15271 9449 29806 15342 18969 25814 3792 2159 5664 11151 25463 16180 4903 13228 15991 10138 24808 22451 16516 21648 14111 28571 18759 20564 18276 998 14035 19669 1501 17437 7974 10992 27898 28047 13525 16199 5138 22257 27797 20526 16120 8383 11204 21085 3612 2295 9681 18833 13439 19284 27173 15869 9728 19873 1376 10642 12250 23351 24524 18814 5039 9061 18107 28506 20015 4025 3349 29972 15714 13252 2989 7452 21779 2366 314 4653 10588 24244 14747 932 5127 11237 5634 13631 25977 1328 18298 20198 4597 23222 8189 11761 22382 13809 1342 21375 23966 25100 26136 18531 23073 4381 9611 22524 18041 23340 12161 19920 16499 27855 10646 5644 24422 1724 981 16707 1965 13460 7263 22271 3287 648 21248 27777 22996 23339 10504 954 28479 3141 182 29087 17648 14758 23832 10043 2349 19438 8961 25617 1291 24512 24402 19509 9930 19803 14489 16907 29185 19286 16447 17396 21444 7884 24758 3243 23158 13803 1959 22771 635 25774 24392 3303 2432 14800 27726 15040 14815 11974 18219 19946 9719 12285 25277 12255 22490 1377 12659 25108 2373 26252 21629 13305 9429 20880 17739 643 29355 10936 12019 16951 29868 8145 6655 6150 17144 8250 24893 18996 7813 27605 27255 18128 5704 11873 7521 9143 3319 10893 8858 3721 24784 28940 563 22838 22750 19285 4520 6354 8225 11107 18286 17786 15352 29071 29203 5080 7370 10181 25738 15445 24862 7443 24708 9303 24150 28382 16340 7368 27793 29481 7171 6854 27022 22090 25275 19222 11657 7480 2977 14067 13863 7891 5444 29917 7234 28895 27916 7637 16867 3296 18060 1427 14023 16147 16011 27124 25020 15179 12633 19622 18313 7754 29268 20914 6628 12626 1743 28089 14520 18099 69 3931 19825 15182 13564 14382 1972 6135 8493 2702 18265 1668 23481 13380 12000 21075 22966 11473 16459 1784 10998 27348 1094 4465 2338 25336 14350 21547 17812 25207 8950 9561 102 2185 4655 26891 8821 16607 17577 27085 11539 11735 632 2248 8709 2972 15588 18538 25613 2849 27390 3026 16038 20488 1691 10855 8768 5572 2059 12725 17935 9678 19919 25128 26191 15596 26638 22992 298 4856 15856 21564 515 53 10996 17064 5524 26904 18487 28445 5354 12920 18153 6706 22366 833 17645 20378 16370 13015 19058 6544 7989 17883 2347 7612 8585 28775 3387 9607 16031 22477 17584 24654 27377 27078 10039 19462 1759 14076 24071 20971 28686 16668 20453 17106 16547 9836 12995 16 28693 1206 22182 5280 3507 17902 16775 19762 12745 10998 2622 6300 13496 18323 18217 24377 17594 12880 29002 26328 5146 26068 1949 24946 2476 3820 12828 29629 6825 9044 17250 2108 28831 2458 1206 26560 1718 21285 20310 9132 20339 1113 15291 19292 1721 29725 27432 1189 24992 8135 4362 20338 633 20293 29169 18037 7195 4442 16304 12344 23450 12203 11922 15865 16620 15849 28441 23942 6626 27956 12597 1220 27067 25840 9277 6105 13255 8943 13258 24809 26169 1188 8680 20118 2537 24230 10587 17367 27572 24851 10785 16666 10427 7867 29697 26773 1239 27993 6686 7992 1837 28388 19507 9149 24176 19975 10751 28186 7008 12559 8812 1819 3923 4736 25584 22416 646 6523 28439 29024 156 628 22017 27299 19763 8942 9022 24384 15223 3219 19401 6155 26333 17881 13941 17961 23317 17223 7778 24231 9336 28980 10773 16565 23306 23278 27699 1376 28234 14258 20653 28196 8475 989 5710 20038 25469 29641 23085 15441 7660 29549 15981 248 22273 8939 26821 7756 755 15328 19411 23930 29639 16141 9799 21317 7157 29920 24998 7684 193 4889 16147 17662 18269 11831 2 15976 14867 6512 10878 4164 19401 9716 4381 29416 3552 19890 16950 22353 19099 14849 13733 9032 2443 25474 7516 2191 7985 5283 1315 5115 15187 24912 25349 3920 25205 4 6986 15127 25547 196 24230 21285 11052 16025 9466 10602 6468 7685 7506 303 14633 20389 14116 854 7955 20861 26204 3252 21856 11933 7056 869 27179 15583 7506 20858 14364 19704 18646 18103 82 17028 23141 13683 16241 17048 27562 17393 21718 19495 17375 26490 27596 22328 15254 8785 4985 28289 7121 1925 5606 16990 1445 18851 10216 25110 3639 13824 3910 11093 15606 19445 22310 3391 8487 12637 27434 7767 20908 22586 8753 6717 11116 21100 1773 21431 4466 19940 29849 19209 19812 19632 4285 25082 6692 2473 3279 11601 3597 28420 17217 21226 19651 23061 11669 1136 10828 5812 15620 17804 17157 1870 13569 21494 7650 7730 11114 16007 4402 9596 23327 4442 24786 27787 19067 2800 153 21570 12232 9820 9292 2872 5639 13127 9362 83 14626 8127 17695 15857 25498 3497 22 3747 19473 9781 2228 2939 7972 2225 10984 4058 29666 15286 26218 26494 6021 13108 3890 25473 12119 18141 3052 20249 29880 10663 20742 12101 3590 13231 25829 19369 6466 25346 7269 17977 18400 21094 25507 14112 21700 28696 28116 253 14968 6361 21462 23428 22650 17900 22883 18063 3492 27752 26551 1692 25110 29556 5766 26638 16997 14127 11974 28676 21548 28236 29026 22257 16106 19232 17815 7403 10543 2117 24798 13357 11429 14746 24318 28940 8768 9792 1845 26451 5982 22269 15587 29979 14421 10138 11358 19477 17137 11854 2337 20137 792 546 20356 4784 1681 24373 15509 8544 7564 7932 13371 4527 22115 9437 11651 14352 7271 22133 28545 8619 6355 22278 27941 10997 4308 9644 9715 18093 15306 25771 15098 20931 28125 4659 28428 9087 6820 8505 2993 27241 18139 22290 16276 1677 29529 7333 8633 21405 28423 25437 15245 28433 25344 19047 14580 19532 7474 2547 8914 12592 14927 27446 19273 28986 20946 9281 3953 4556 11133 5393 13409 10701 25541 24728 26065 19688 16584 7569 19024 18043 8754 17448 9087 11724 10521 20150 4831 13102 23607 9330 6511 3280 8585 6101 4265 10330 4051 29759 9999 14947 10989 20517 3381 9985 29216 24591 15788 21626 25714 9929 10131 20355 5375 12632 17813 10142 28250 15968 6626 20458 28658 82 1669 6978 1994 15427 8544 4992 2003 24776 29396 2793 1742 4229 22407 11468 24229 18965 27463 10026 969 1350 27323 15343 19990 19041 6917 22620 16109 12184 2179 14910 17028 16598 21115 9903 27522 14200 16874 29432 13064 10104 7904 24484 15737 26556 11603 27470 8138 19800 10275 19341 24867 8287 6444 23541 22388 683 15903 10618 22289 8515 28934 12577 4395 10662 29231 3274 5169 29199 9400 7210 13297 10744 13647 9299 19956 12400 7055 1484 3330 6577 5349 2580 19617 4967 18375 14640 1124 24319 55 2657 26630 23462 6535 25977 12184 15832 6101 8576 8391 26974 4700 2370 23966 19373 6464 2402 9991 17764 1897 2947 2902 69 11098 25993 18001 1282 5973 12053 15154 22264 12697 21227 17508 14203 3657 5368 456 24473 23970 19288 6934 16034 4805 603 18894 23375 4066 27535 6927 17411 12252 5694 2529 6695 6147 24637 8059 14300 14418 12156 16674 15129 20900 19276 9391 9314 8551 14702 21296 7918 14657 3775 8622 19102 2435 15576 7191 14341 17389 7731 3219 19499 10913 16479 1980 2368 25555 27175 10571 892 16652 21356 27648 10287 16620 13559 26458 13443 18418 4350 13200 13822 787 10516 16586 12640 7851 25048 3522 7638 1988 2576 3061 20729 13695 14391 29899 28549 9869 17262 16345 12641 24769 9691 18972 20749 12633 8800 15112 4590 23430 27721 21463 852 19853 4154 4489 6828 18099 20797 27361 19764 26004 6422 7951 686 26447 22780 12300 28637 29450 19048 24318 28075 4613 23573 1817 29588 12120 5484 12811 16857 18225 17056 26093 22114 27655 14082 29078 13077 3549 725 29615 19819 4378 26342 24535 22444 16281 5540 5866 2008 8899 10410 8535 17924 16685 26999 17317 26176 22902 26737 8488 10709 6603 27639 10661 14147 5366 2303 9483 4150 9812 20474 14354 15772 17769 15275 20974 14654 7895 22249 1776 4726 24101 14414 21190 29831 25997 26273 26127 1875 16229 18244 19288 23817 7212 23843 3795 25492 3237 12937 27492 17704 8582 22449 25823 12544 27533 7486 23728 4976 173 5142 27042 183 28006 5617 21084 2377 648 11181 29634 8295 8497 5175 19611 1382 17784 536 28240 24978 16189 17607 14144 12506 12197 4759 4285 14052 12938 11644 192 19283 6608 15054 18501 21530 24853 4676 19524 5863 18947 22557 2223 7044 21073 9599 37 28238 26240 22734 3324 19478 131 3400 18632 3344 19301 13162 5314 10127 11841 22119 15940 18721 24512 10367 20246 9956 16844 6116 12074 21969 4896 27657 23787 15429 5436 25556 1343 10559 22600 6605 28124 12854 11959 13096 28655 17480 20428 24044 11441 22558 21871 7786 6457 24480 18586 13672 28695 23419 3369 1562 27171 13507 25875 13818 14304 82 23825 767 24193 21930 4370 15190 4543 28087 1096 25915 6020 24515 13627 18899 19282 11260 16813 24652 21685 25299 5556 1826 15766 14211 20484 1601 24374 17216 26966 6950 958 18692 26745 10205 7503 4480 27769 25368 20747 14345 1423 10247 15601 22901 24248 16698 8053 2384 21880 7261 9182 21399 5013 5987 12992 19638 29355 23720 25745 1584 7950 518 8127 24209 23988 20465 27963 8961 12804 12010 26874 5244 10552 23626 5720 18655 9495 9262 15284 16121 13253 24521 26371 705 4431 26543 26446 23321 913 3809 16796 12553 5833 15713 26515 2457 10104 20339 8084 2111 14435 4403 9545 14979 15455 22293 25523 28432 29951 20074 6243 9325 2974 18462 24188 28089 20774 21342 3249 1916 28987 7151 28109 11075 10385 689 16384 1998 5387 11125 17665 17485 19994 19842 19380 24748 6066 14048 24494 10962 9254 8221 11090 6251 14564 13633 3357 14560 6760 24841 17014 15795 25217 11130 6244 1654 535 3393 2287 3562 12889 6962 14633 9584 19927 25189 12114 22265 22045 12249 24577 3713 3543 13891 22897 6252 8750 10658 20481 2984 2526 29924 14936 5432 10285 16505 13635 28334 26282 4474 1110 25369 12193 2423 8626 13086 1332 5473 21968 5017 9816 9049 5217 8055 4669 17432 4023 25426 28257 7052 2395 14364 23958 5870 21121 17428 22549 6650 5631 20246 10262 7533 20516 24733 3315 16810 5852 18928 19348 15571 378 4504 25444 17126 7136 29498 19255 24123 7323 17904 29643 4699 17595 3294 26726 9053 4582 8272 18564 15237 20980 19982 28516 12120 2601 29138 11484 28435 14854 7671 20404 23962 21644 25336 7687 3469 12815 6821 28757 19240 21869 19320 14731 12913 5722 23051 26931 17719 21788 10543 12764 17721 4976 8598 6349 10594 888 18157 12097 14554 9704 19589 13076 16287 11867 21708 28654 2812 16437 15698 8495 2025 1425 13168 5360 6879 10025 12405 27905 23748 12310 20284 26072 10404 568 23579 4290 4742 18829 24684 25871 19502 21440 28717 17170 19994 5644 7280 22892 16751 22911 4972 23968 29588 13656 14194 7864 28681 3815 3432 18890 4034 13995 8825 721 6498 14285 4131 8401 7023 8097 17548 9343 29172 5199 2835 9865 23980 4641 16816 2962 6814 1407 6324 17829 26879 25132 5894 17288 8908 26470 10225 16113 23858 6212 10683 1372 8597 21930 22056 26821 3674 467 11485 25792 23780 16017 25409 2824 20564 19812 18172 22529 23278 19762 8556 19498 29005 9754 26838 26438 27637 25203 23787 5133 26550 72 13150 13534 16341 6995 8278 24164 18796 23119 16711 25733 12111 14080 6286 24803 16439 8816 13432 26978 13294 27137 22312 10864 5995 17586 17096 7444 29573 14413 19729 2068 6227 859 23529 22411 11082 24049 21801 28876 7600 27762 25624 13746 22730 24798 27978 6325 26729 27141 22410 21374 26696 827 10256 28586 17705 1726 25513 11436 3934 17345 22326 15438 5290 5188 11339 12686 19190 26958 14065 6823 12084 12735 18858 29761 1240 26803 6888 5220 29116 26843 20345 27568 28610 19172 4329 26850 9612 26274 2915 19563 12525 5581 16439 23927 6288 4741 4475 13821 6383 22912 27285 18595 19086 22472 10785 13588 19271 22481 12175 7860 27800 2023 6267 5787 4567 27882 10797 10577 8402 21745 8235 15285 29420 5992 2407 21776 27940 7938 18495 13875 1001 25057 12977 24905 20478 6318 4567 18921 5068 21035 16668 19471 8663 27015 29178 26842 6107 18098 14690 29775 5251 1787 22911 26593 15891 24245 27891 21203 16982 19312 4851 20595 1580 17089 8571 14869 1776 18739 12806 26514 9974 26481 10532 29295 14870 17115 12404 20015 6265 24065 27639 8382 4933 28939 3984 6842 17172 9918 23504 9414 6188 2442 4429 4009 23974 23137 8872 22851 6233 19498 24903 10799 3306 16467 3940 6352 29907 20888 25864 18828 17497 12844 28822 2917 28224 18376 29720 27832 27534 17995 8908 29937 22978 12837 2461 3954 22647 4862 6311 14745 826 29249 28937 28572 21419 18899 23475 25974 18377 3805 25176 11618 23584 6341 16682 4118 162 22079 13626 19602 26561 17348 25916 8603 20135 21588 25898 8063 4721 2016 163 13768 23081 25290 27177 6809 1684 23526 58 21066 24297 28122 8155 16364 9503 27304 14127 9158 15742 22033 26214 471 13129 17184 8013 22463 8450 25852 14640 14175 24202 3185 27982 9487 22834 6258 10624 2561 23869 16695 605 25204 29585 18744 8813 22228 4185 6736 26888 24655 23491 2614 6623 7745 9051 26062 1392 28546 11067 25689 5050 20938 11613 7321 17747 21924 16031 26332 9452 3854 27950 19374 2979 10453 4668 15962 23544 9842 21270 28334 859 8769 7581 22494 11664 9027 21272 12767 9639 982 18284 16385 18838 24225 23620 15876 29219 7469 3914 20606 11615 7032 19009 11428 14348 18407 8253 4396 8896 14204 989 15735 19602 16150 4514 23477 29432 25430 20376 19943 7801 4663 26195 28334 7425 26659 2449 6115 3104 23879 29579 12809 5788 12236 26074 20560 3568 28538 5785 19732 16418 20666 27516 22528 28288 4762 11963 11616 5236 10172 1155 15702 23214 18194 13988 20853 10637 16379 24367 20164 2397 15880 5410 8788 23792 21709 19335 9639 9580 26746 15131 8815 6042 917 6694 18402 13894 11987 5062 6630 4398 2168 20277 23710 7849 28660 303 3944 3572 29940 10055 8196 5588 22745 7468 2942 23116 23432 20530 15514 26183 8772 15586 13967 25933 18828 27450 21229 14726 11924 21683 3211 28977 275 1204 14687 11972 891 27784 11030 49 22764 10076 18752 3332 21277 20178 8948 18185 5011 8800 15269 27624 7986 4556 17421 3947 28923 8183 17306 4651 23896 14746 13587 5268 18383 22043 10354 17874 22787 20319 23573 1471 28211 10586 16628 7365 22785 21219 16652 10546 14048 9226 14708 27688 12090 3792 14136 17965 1574 20518 1317 28535 17957 27921 5428 26231 26600 6273 8021 29434 22506 10002 21692 4493 21864 15806 24108 20041 10609 19461 17149 11617 4235 23272 28840 15444 8983 3988 19813 22222 11075 7667 9917 1215 16981 18380 22714 9008 14057 20868 18903 24627 18478 5775 12724 26186 1191 28297 9638 21791 21100 9212 20539 14489 26382 27271 20634 14070 15347 10660 16001 24859 10884 23190 22861 15779 3273 15006 4273 20305 17054 9660 24388 20187 15387 23975 4762 28733 12354 18154 17796 22288 12618 22317 25151 24803 3181 9933 18778 24975 11252 14467 17169 14876 8935 15683 12567 17291 17896 10134 19086 18316 750 23861 14700 16120 7047 10534 14451 4641 17818 5640 14248 17337 3995 9264 24601 27230 10186 22605 4975 29023 20947 2421 28433 23700 27079 20061 6816 27536 16096 27587 9628 8246 11407 21643 29458 8599 21868 26740 16407 1257 20106 2928 14644 7608 24399 28259 11565 16119 27722 23704 17446 20707 3378 18228 6661 28898 9990 21187 21154 640 13842 4439 22120 10706 26445 27447 23491 28920 22677 11903 6241 20808 1363 10115 19966 14966 15727 28707 29557 23089 12369 17430 8614 10412 26985 18834 131 19201 5837 4402 7388 6537 24495 26434 1957 881 6444 4728 9793 20198 11620 22557 11673 10540 17930 14684 12848 16297 12095 5398 13283 1653 18819 18772 14784 991 28561 11627 20203 7501 18865 15939 13473 14554 27141 23064 13079 27073 8833 4640 11508 28230 24801 9551 1122 10667 19802 9523 28380 6937 25782 18863 13585 29443 26628 22743 25721 18335 2826 19003 24357 27941 11638 2024 24149 13146 25244 22514 22066 59 1678 25216 12900 21190 25843 7528 23741 4740 6418 8610 18536 29633 12472 20092 5399 17877 6676 22672 20347 5951 25612 11695 18887 21328 20512 8754 9893 13295 24632 23596 18131 21921 1054 3319 14272 25498 12365 1866 12538 18306 28605 16767 3849 15721 7967 72 9357 27249 11731 11999 12360 26756 5105 14071 27470 29648 4455 23210 27958 17206 18216 26341 25376 18684 18487 8790 13506 7079 18303 3171 1579 14543 14100 16318 20416 20568 1824 22096 26851 5000 27589 995 9458 618 12725 12910 10135 24814 24094 22514 4649 23554 26335 10850 21708 11317 14868 8663 17539 15096 26065 22818 16649 14061 28349 13794 4913 26030 29569 20080 3722 26581 26374 25423 27946 26956 17860 10340 19041 6228 16171 24153 25856 24394 24829 18152 8988 25479 5415 29103 18223 7125 11175 20118 5010 2222 5804 4638 17277 367 16238 22086 18098 18407 13996 10615 12888 4687 12344 28366 25573 205 19917 16446 26080 22541 13924 25322 23322 22736 26701 813 5423 20523 23110 22044 19032 23533 11665 20828 28298 2821 28906 25001 22356 28626 23973 20620 17316 18577 15587 14970 9882 810 8184 20914 1981 20023 24121 23417 10728 29792 7632 4558 3427 5108 20177 8478 20252 7645 16337 28962 19307 12902 9341 15499 8772 25477 4823 28815 13571 7381 5599 8329 14316 29339 19354 7640 24080 2829 25019 8455 24302 16724 15215 17185 5870 28078 22415 970 11366 15877 24849 25024 16581 6191 23447 22182 3180 19045 15494 18200 14702 14006 17645 26142 27304 29691 14304 10459 21212 20267 19160 25870 26710 16567 18600 26404 16060 4264 15190 5349 27605 8749 15143 5507 14431 27262 5641 6503 11409 27632 23593 23815 2442 7626 10818 8994 16459 19986 25209 688 131 22842 6117 23483 29257 16510 27628 26916 20581 5653 5393 1604 7069 13650 10260 13150 14520 22973 4383 15560 15383 26333 6562 9128 7290 15010 1464 25365 11630 14283 16087 4430 16869 17305 5130 24053 28836 23961 2705 14084 1227 27065 20714 14819 2243 21335 12418 3494 3170 9867 2158 29196 14812 5446 26257 21691 23478 27820 3990 16513 2343 4020 16863 29597 7675 27437 9619 10018 15451 28262 6787 4868 15154 3509 24187 12968 11398 5741 26064 15078 9867 29478 4999 14851 7362 238 2726 11747 24462 1140 7396 17137 12741 1370 657 16109 1797 8314 5612 14305 21764 27707 28607 28703 9414 23878 26146 13789 12848 6067 11861 21544 16074 10342 19192 21781 28858 23104 22121 286 5395 14796 7736 14418 4074 5355 22181 4407 26198 12857 14402 19127 26368 24804 14826 20906 26471 8197 23330 432 10808 13627 7551 13135 24683 14279 12252 4507 22351 15147 26927 10107 9850 24444 23228 3516 3808 3121 29096 18399 11589 9564 15897 4505 1571 3052 12892 27252 28122 8284 9729 13306 9168 16359 3365 11835 12918 19555 3397 3380 16807 22314 8032 7172 14686 2452 18658 4297 14226 21957 9864 2808 28509 28194 6363 4642 15199 21387 15201 3682 23221 12549 17323 8796 162 15785 17541 26660 16236 16525 6724 1307 2055 20408 14347 11870 19442 29855 8544 2233 28825 657 26536 7299 29994 8551 13028 26128 2145 26030 14052 4064 12256 8413 1283 28146 19656 24498 6193 1634 24690 397 7175 10630 24698 20617 5912 24537 2452 27681 22707 24493 9651 12947 5203 23120 5112 9148 5103 14698 8562 5689 9486 25463 23639 29520 27378 20014 7394 8992 5023 4575 24218 2353 11599 7646 23455 9082 2321 6020 25105 19794 21088 19976 9583 19308 28695 4142 13193 22360 23465 14028 13434 20591 29784 15595 7752 21306 18415 3758 20153 13870 9876 25779 17030 21271 28076 18781 8015 10343 15385 10989 21489 25479 3967 8870 9706 21219 28020 2691 26289 978 10751 9405 26506 21083 3423 27109 16046 10733 17271 26778 20671 19756 3364 17314 14624 24852 2904 17405 25274 16967 18140 13994 18926 2542 9435 7849 20999 257 11688 2126 17816 8618 18315 8487 10672 9199 29365 19773 14720 13247 14941 8154 6720 23991 7154 22037 26982 14411 19136 19020 2782 18982 28101 6161 17263 4325 7726 19509 11237 13852 21249 16265 10034 14767 2664 28208 16454 14755 14125 13555 11266 18259 19998 21115 15771 16596 2851 16414 2216 24027 1611 5019 1003 284 22493 13188 18410 23316 6282 11188 7948 21725 13875 14706 9970 26984 28496 11249 19380 17406 20686 10086 1712 8866 15506 5121 4267 6214 11595 12954 18511 9118 25287 19665 12867 17718 14766 22109 19889 26014 5127 1320 16433 11586 7653 14834 829 21982 10169 9783 14178 26679 4305 17053 24139 19832 15389 4561 7577 990 17460 1953 25146 18896 27504 6331 3581 13860 27516 20955 3898 2400 26453 9738 29578 7283 1443 14664 16070 26117 25769 4946 14690 17627 2392 28849 18351 8156 27818 4700 22175 16277 2414 7327 16482 26178 12241 28878 3930 10677 5734 3159 26726 10127 24009 26844 28865 17537 3874 2021 22415 22810 4161 12068 27651 13601 12779 19684 8657 2017 25412 19852 12526 26905 18081 7296 25110 7259 4034 19487 6911 26586 2324 13907 27428 6858 453 7494 10756 16716 6253 29854 17839 16217 8506 2937 19545 21572 23913 7859 11564 25861 11143 2899 2869 27292 21292 10697 20031 28742 9246 6561 4565 18379 9259 23033 26792 13624 15454 382 18779 15675 29986 12906 14718 27686 12603 4825 582 579 1275 23100 1521 16173 3193 2536 24932 22798 6603 7894 277 11359 15761 10694 28494 20901 11937 10964 29737 22666 29642 22702 12361 4597 2848 5724 666 2995 15215 29277 28208 7624 19982 21672 15673 12174 14022 27327 22328 14210 26434 17393 20963 8158 13946 27570 17487 942 25158 11935 4049 28923 4402 1570 26501 6066 27990 1884 21096 13184 14883 16262 9871 7989 23476 14686 23253 13555 27844 17875 1417 11146 5285 16107 22812 1308 126 10115 17232 5689 4418 25133 21058 29476 11873 19869 15202 8586 26783 20463 15729 15295 11258 23476 4094 14216 28600 7523 27432 6496 13496 28830 27590 23501 8128 18758 7385 1049 2822 23798 9340 13268 9997 3673 25472 27526 13796 8719 24296 20647 23255 29195 20230 5231 23298 21580 27073 17458 19715 8610 2104 9577 10791 17402 14524 2996 18125 23445 28630 18223 1334 22039 6657 4387 16899 15694 21427 20308 23991 29097 29028 23785 22438 7674 22851 3259 15176 18837 27481 8580 29049 22115 25148 8860 18212 7995 16661 4243 15849 16686 115 16337 16685 2499 10915 4172 14220 25170 7281 26204 17368 18952 6491 13895 19234 21472 79 15809 24778 24162 22363 1928 7887 15206 19300 11728 18886 11038 29693 2938 20071 23475 24194 21786 10100 11374 3041 10619 7682 6700 17450 9266 11655 7834 15288 1130 3773 21562 7797 29103 6971 3206 20495 22170 17387 8562 25590 21997 2006 21485 21462 19539 15666 8760 24266 10588 9457 14349 8849 27696 20181 27999 13096 1237 18801 29799 22386 19072 25153 29960 4760 28347 24391 3354 2984 12741 29031 24012 3547 27195 14632 15052 28764 14318 29363 29822 23192 18391 7477 10098 19229 12456 6308 19746 5346 20759 21119 110 25955 20564 259 797 9938 28404 19215 17654 7412 7728 10473 7870 19407 6413 21939 12869 11623 20949 9738 16063 11369 19776 15818 20713 10496 15581 3852 5113 491 11239 17461 19017 2571 27496 5991 27485 8559 65 14869 11242 4916 16296 2258 14731 8536 204 29177 22662 26325 16370 21027 18401 28280 8669 15382 28826 7250 23623 7155 22507 13662 24521 26313 13913 7354 23763 26684 1278 326 3226 197 6322 5022 27207 24170 18014 10343 15524 11193 5701 20273 9780 27996 14666 24483 19984 14788 19302 10590 29608 14368 26834 10572 21502 14869 7806 12897 19865 10989 17531 3072 21841 5548 13061 18960 12750 16556 22668 21910 12966 8805 27657 17696 1683 27545 22362 4515 15018 29339 19926 28913 7319 24921 26777 19091 15238 25568 4285 609 26782 1879 25739 9548 2579 11075 27488 19600 14921 12476 22141 4588 23397 3115 13225 1817 20593 10054 6584 16486 16825 11993 25232 22347 22914 20729 4474 444 18809 19857 453 7838 15289 15851 7724 4580 20104 1672 17860 21324 10397 6065 14975 9512 29678 28704 11534 10251 17448 1115 23234 966 20005 27259 20601 25994 24864 11268 25198 27548 7537 24044 5423 29046 17222 4727 16781 22239 20826 18120 22292 28793 1206 9699 25048 3483 25095 2359 14420 5289 18963 21850 18942 11080 14360 8018 29466 24735 3248 10067 11348 16265 11281 22115 8316 861 2212 25871 10041 15841 18142 25824 2032 8990 5897 1986 23768 12827 19618 5793 2024 24019 10762 21530 27175 3036 1315 24367 22903 2226 24850 15548 23035 13021 18923 10400 9084 7702 5666 15725 18568 10073 19237 3977 8627 21656 28233 6523 20943 4480 27169 14664 28034 9447 16625 26500 19831 4543 16594 24121 15031 25144 25173 5161 2183 8645 5513 23808 17282 540 24845 1898 16401 24717 1916 19302 27672 2529 22247 24801 28244 17843 6759 28749 16841 1758 3276 21111 25525 25570 14259 12511 18820 23345 8643 15068 8597 6851 7939 4091 15062 27107 16676 12420 8508 22393 14253 23581 10955 5277 7185 18621 13913 22123 16492 5314 4494 17213 29292 23961 5550 3002 21011 22282 3096 9184 393 24706 28757 28676 3411 15870 768 585 16572 3424 23566 28799 23139 24106 13930 14521 17079 2202 13078 1884 17348 7531 16147 5797 21096 8459 20864 22977 20346 20091 29028 17368 13315 15057 4984 12098 10916 18038 26135 3580 16168 21053 16953 15673 1294 23088 15701 17835 20336 2440 22196 22462 11649 3975 10126 13444 13064 24752 8807 15099 14883 1372 10852 29064 1378 24310 27127 25284 3443 1595 25547 14954 23851 2815 14411 12920 20203 23482 15712 22282 14600 19129 8145 29588 20036 14041 16335 10457 7134 22585 791 12067 21080 15827 28930 22705 5014 16211 3110 19486 14988 8646 16677 14239 18225 1553 26225 27238 26644 19232 9187 19833 4825 9564 7173 7816 7239 19096 8466 24438 18439 633 29119 15283 411 5760 23604 14284 6651 27667 16069 7768 19602 26286 28661 750 16453 27695 2245 18273 26356 11247 18735 28718 22521 20454 18852 14194 9956 12951 10958 28200 19589 10124 24669 4429 15563 11737 24526 25454 2819 24777 991 7753 13787 20545 19029 22103 26641 2985 20325 26973 28526 9888 18824 23114 19670 2084 1297 22765 10768 24739 22906 1736 28618 24465 566 22387 10300 14749 22648 29401 22005 13252 24077 14198 13956 9269 20482 19312 8455 17804 18033 21249 21152 28396 2642 21306 8064 29428 2029 13334 8146 8520 29611 27426 23322 21772 3674 21457 5107 27055 2155 7366 833 6371 18313 15480 25052 23403 16809 16026 1031 24015 20229 29454 14231 416 921 13157 12929 8436 15271 14595 28560 906 26898 12921 17274 18688 20587 3207 27014 10173 27281 18304 20006 9108 9436 19305 7636 26343 19649 15390 1265 20586 23715 28639 16082 21754 26132 9787 16957 571 5291 10446 23587 640 28412 14310 5933 27429 19551 22164 27515 10422 25679 4163 23011 5762 12198 4826 6068 29569 12552 14059 1275 5562 2759 4330 22166 3736 11052 2003 4753 27676 3011 3706 22641 3819 27907 6579 13599 7637 19345 23680 11858 8599 17577 19425 15178 24469 16173 13376 5473 3062 6652 17453 16783 4686 14510 11607 15698 21589 9175 261 12429 8310 12500 29931 6217 7153 17202 26235 7454 2031 11910 13943 24783 29398 23976 19818 28386 14287 24145 2680 26807 12002 20802 8184 27637 10947 13110 8083 21282 18468 6302 12467 8857 19486 23574 4018 15215 16325 12447 14974 4019 15126 22638 16984 6657 28317 25133 22528 12604 5587 2859 29250 4336 8043 10151 13348 24393 28009 2727 28182 7245 27642 12878 28621 7145 11175 14288 1910 20414 1355 15982 13761 23688 28685 19569 18664 11495 3104 7529 14541 24557 4360 4073 5398 2101 27286 2096 16686 25593 22763 11368 6620 29926 8388 9718 10867 3992 27458 23644 11853 14762 6588 17637 15732 8367 8854 29238 21278 18879 2843 6771 1795 6690 3126 28285 29362 11464 17845 7788 21289 368 21160 1388 13903 21130 5905 23405 26320 9767 25916 7571 8228 29964 26372 25004 18877 6382 15017 9925 24144 5886 17397 20583 25294 2855 3657 3418 7183 25061 4645 18560 9464 18279 19659 3535 28130 17037 15161 27103 28664 26891 26666 5541 27714 29105 11606 8948 20708 4362 21457 20955 5995 20504 10668 26352 14882 16160 22339 19851 24494 3567 29805 9014 28672 1952 767 19339 20389 22443 13329 14613 3390 16737 15868 18101 5094 27559 26078 9045 19399 23550 25953 10182 6713 28100 20432 26158 5343 8063 23103 10828 8735 346 26771 5718 20163 15180 18361 3448 28961 6462 3968 6986 10610 1891 16435 17419 5139 26429 28983 17497 28583 24775 18194 25077 9897 26214 19831 743 19662 6092 4541 23035 27731 24631 11532 25467 9663 15271 20737 8228 23585 27269 14732 22319 27194 28164 27449 10459 13873 25018 8332 18415 10818 3045 21285 12072 13332 6791 5212 19237 11897 25313 20989 7227 11579 25546 29697 7122 29386 28296 23900 25478 24102 9759 13798 6187 1863 586 503 1480 23154 18158 23348 20938 7673 7738 15972 21196 10828 12456 102 3497 27794 6179 14548 19255 8964 11163 22546 5561 24818 17618 23762 29617 7620 5805 667 5785 5302 17909 26257 27416 11246 27012 17284 22676 1990 1784 12658 20608 19150 7852 4464 13804 12901 7175 12752 27528 13183 13598 26688 14002 1300 9189 1306 10736 23117 2136 12971 29097 5884 11305 15067 729 2255 28531 28982 45 7120 8157 11364 19323 27204 2305 13810 21459 23432 3800 13083 8002 22390 27840 23233 24153 1388 23751 7397 17588 7096 11309 29328 12134 15935 29597 9490 5857 5123 4381 24164 27093 29232 9461 26628 15214 20946 17708 9705 28227 19253 13313 22303 3086 26272 22766 21356 4000 18927 27958 12246 13363 27584 13230 29145 6291 3468 26338 3432 26038 29201 17011 13553 10743 19666 24977 24015 16579 5016 4588 28361 6727 28475 15285 8750 500 20851 5958 1326 4936 1978 23437 18297 18180 14308 1639 18609 19185 27777 9639 10819 994 647 17582 17478 8769 6916 27406 24366 1709 1858 91 2745 8737 23569 27489 4499 13809 16951 25740 14332 23485 22551 9016 20969 5806 4786 14803 24443 2176 13165 22775 15616 29991 2029 19384 20520 4737 4218 6146 15561 24737 11475 24018 6968 11845 7901 16258 26421 22444 19685 17367 24064 10481 14092 4684 24768 18662 24026 8632 19273 8884 14666 1290 29517 13539 9712 15616 11037 4590 22416 23088 1919 4819 11487 21434 10827 21963 6785 2354 6647 21560 26035 10330 2773 13234 4619 1037 17214 25963 17360 11218 12274 18758 17911 11878 6278 8983 11686 14533 24604 26216 11929 29476 25451 6018 28481 10746 18519 2969 944 24066 4634 1580 21271 12794 9716 19854 19149 28337 28134 2715 2815 13293 3996 10217 96 13824 27509 24601 4871 14992 24044 5742 7024 26530 11560 12484 15348 2807 7811 733 24179 27313 9764 11848 17291 18044 1729 1794 678 21076 20564 9901 7641 11488 29827 19877 25057 15421 17979 18642 13107 26238 6449 1269 22575 27862 12445 22989 8759 21614 11406 8920 10056 8463 3852 22648 17537 9929 28894 12289 26249 2239 9033 27571 9176 29338 10791 24535 19642 24219 21859 14812 4401 15588 13131 21835 13411 3048 3891 7474 24149 25632 3100 22652 14805 19339 28568 1569 23383 5160 19856 14216 21713 28908 15822 2706 1115 10125 27921 3930 23914 9956 25400 26696 868 17478 18228 25338 17357 15726 3879 10342 13567 11502 16885 16018 22730 9918 4835 21296 15505 21113 6670 27950 18542 16300 22113 9936 14927 22304 16367 25765 14191 13320 23813 10090 14542 10424 905 6020 5937 8481 16782 26140 25289 9227 110 9357 23034 10226 10172 13148 26127 28442 3822 11757 12519 11774 27486 8282 2837 6302 29098 21553 5248 13650 3856 8768 2961 9466 1056 3171 3606 7539 19027 8698 5762 27319 2980 9475 775 8574 29154 536 26210 23649 487 23415 7091 6550 16012 3274 29210 13803 24586 23629 25995 22858 17082 8863 1692 18336 11263 14811 14832 28068 28634 29054 12575 1195 8832 24790 11542 18708 708 21024 3167 21604 10668 7497 20290 5237 7631 9631 5524 19561 20489 19052 6223 6182 6824 9871 17178 1247 20726 25766 26560 15682 10510 19919 19675 29959 24496 11305 15453 12808 4720 11529 1193 23347 10210 13306 27728 17558 14126 16713 8887 24544 16871 4142 8738 10434 3402 13723 15891 29587 20389 2284 25737 18307 26914 28135 27661 29342 23980 18270 15277 21272 1172 7187 14173 15994 25902 17419 15458 18421 13781 14197 473 6184 15170 17164 7826 5880 14284 12044 27287 17450 8566 3261 22291 29307 26003 15966 23680 13923 12318 29206 19767 11680 11329 25301 11762 5694 16963 17421 1188 28686 7189 11816 25588 2505 26605 1020 1215 19060 18702 15486 15594 11025 16745 4916 3126 1607 28970 12468 3462 1225 14979 643 4756 4485 26566 22053 23186 13045 28896 7801 26475 8606 9403 17862 9493 7906 20630 11663 7792 18705 20934 13541 2670 16496 18196 28666 9850 3437 26091 585 19825 29347 16843 8455 15732 19988 11994 12924 14399 28845 28513 3849 25875 13864 9975 7819 22189 15182 26667 28241 11134 11180 14342 24604 28520 16475 1169 27962 3323 11631 23037 2730 3684 16035 18898 28874 6221 5696 17958 9972 29681 20870 28636 23755 15837 28376 11237 4818 17208 26621 29152 16295 5063 6873 28799 1007 8045 24218 6426 6072 29698 1656 23629 3068 17 24312 6709 15848 21388 4005 27005 11831 3738 11982 21084 11658 12887 25475 14862 649 13692 22174 1102 1159 15220 10643 16684 4255 28730 18659 17616 21060 27894 7413 29096 13368 10640 27721 11185 8184 18963 15566 6011 4589 24189 4935 6539 21893 8996 29529 11839 7304 17774 26876 4033 23984 5627 28484 7090 15348 18567 5204 24400 14822 13347 23608 21126 2045 1003 8600 5235 8146 390 16516 19579 3348 1510 2706 20551 3243 27316 9636 6425 6460 15684 29452 18267 8548 16113 19954 4779 10030 11787 8787 4096 29802 2082 15428 538 19721 6821 21043 7299 23070 28688 9322 7492 25704 28268 11047 8372 9754 20496 13197 1922 8359 14645 5561 4555 45 26571 13453 26599 670 3991 15451 6493 220 26858 22267 13328 20774 8147 7042 26755 18603 19427 6858 19067 27972 24313 6611 24051 24231 23002 65 22146 16521 24504 10660 17774 7213 22410 9683 15854 24221 74 15404 37 25392 9082 16463 19935 4672 22647 7551 1823 1777 24376 11437 18153 22999 7887 10029 29205 29232 29918 18067 21157 24069 7224 18702 1766 3666 22910 10281 1765 7858 22617 22669 18519 7728 9405 7891 26871 1786 8661 5216 13644 2468 16888 10787 9242 10219 23717 281 853 20179 23021 2395 24398 17843 26493 19653 22033 7168 7019 28208 22302 1543 22820 307 17437 113 21427 20493 17792 26468 5145 23452 2675 3534 9088 22771 20441 4539 3548 7064 22869 14768 17918 18145 3830 12751 24090 13702 29967 28146 3096 11651 24780 12142 19974 11575 14061 22874 17109 4820 8869 27276 13732 7517 2054 29818 24030 28687 7793 15465 22535 20957 23037 28190 9433 18907 19822 16123 2118 21846 24984 4160 13747 4472 4845 23245 16090 4170 2602 381 8502 25511 10958 22433 2342 3200 21632 1769 15991 5046 2186 28426 6543 1233 17834 29113 2414 19677 21244 2610 25805 5300 15526 16832 21386 18498 4199 158 10155 21786 25285 26832 4813 27005 5474 8014 24147 29310 29297 9520 23959 7457 17312 15195 2314 12035 28179 5997 27853 22657 4221 18347 25639 5102 4449 14157 29057 10700 21602 16719 9581 11059 15367 25822 21633 404 6836 7604 3830 19842 24140 19052 22117 8204 4939 13966 23471 19945 6499 15383 18428 21728 1613 13784 8662 22527 17329 18189 17654 10635 22376 13911 12443 340 27080 26382 3759 5161 14767 6050 6780 24370 17502 2311 9318 10207 27446 26396 2357 3787 18845 4204 5343 977 18791 26405 12459 21222 6843 17190 13321 27153 28166 28582 4720 14817 9712 2075 1973 19651 27804 23824 10915 11424 24686 6835 22433 13869 20327 29097 6513 20289 6535 11273 13918 9128 28889 29473 11143 23593 15263 18257 13948 10499 29647 14112 19659 16271 5677 12079 26328 1548 15161 25612 29750 19418 25953 26968 17276 7249 18731 14988 12614 5147 27000 18676 3218 9825 5812 24655 21347 12978 9851 10240 6088 21012 9274 13996 7672 20324 19393 23053 24069 28535 15388 152 13346 9676 11680 9498 1609 14726 21805 7423 21847 22464 3656 26853 29222 29052 29110 18612 8039 18082 14598 6723 9095 3828 28502 11368 8786 29418 15263 22492 7111 26737 9379 18557 7255 4652 12801 1259 9607 20363 15145 7929 6216 15611 23773 1797 24720 18755 12246 2755 14845 723 3364 28070 19541 882 22832 28670 24832 9351 12135 4297 12541 3821 10763 23147 2628 12697 23096 28922 8745 8038 12390 11624 3185 11120 21425 13532 11412 1298 8342 23550 17786 16898 13483 16223 10519 29022 7835 3756 16585 21211 23589 2943 6501 2154 27187 6576 10352 20456 25028 29556 22985 8379 16081 12224 12277 29655 25824 12309 19739 16706 16507 13734 12410 257 55 19913 18391 26428 17688 5959 21943 4031 29056 27532 22746 29323 14167 12963 28326 450 27371 666 9264 18974 18805 13711 29951 22181 10193 19157 475 7260 11376 8238 2689 21159 12552 11609 4371 25161 383 73 9508 7521 24334 16334 8585 17506 10956 23493 2771 1888 11606 25951 26451 17660 920 20590 12906 28912 14488 641 17370 8749 21131 18767 28273 20905 1925 15829 8111 17847 10664 7693 25156 27258 24089 11444 16421 2759 4766 26411 23647 1415 20314 7277 22030 13739 21047 10521 5404 22820 16131 28367 29200 21843 22832 14559 29477 12269 5317 22207 25265 6950 8371 8054 442 25321 4935 24053 2355 14057 22251 4246 5302 2374 27137 10949 13024 2344 25628 18735 13090 28097 9081 27999 13807 8240 13125 17492 13981 22130 5581 2017 2390 7646 2171 8807 13921 1661 10280 10643 29276 2122 5692 18004 23480 10649 649 2632 29461 20502 7407 12096 8352 27001 11656 804 20863 27326 27887 4512 12141 14064 7669 11546 21856 15903 24071 28924 22316 922 26225 8152 3888 4972 20258 13403 23816 21807 27676 18535 12338 4331 9062 22071 7369 27810 21356 6532 17445 9642 24619 18087 7904 24471 13555 368 5964 28926 29340 1758 16522 16799 424 27967 13386 11769 16286 16931 12604 3907 9714 25565 28813 7627 7154 22074 22613 14090 7070 78 14958 28998 6199 12558 14161 22892 5872 5175 25467 23844 29217 10758 7212 9005 19242 15110 16631 7693 21307 16009 19248 14325 6622 10771 12834 10281 18381 13055 8589 13611 29318 8336 17191 15296 7972 6584 7677 27387 8504 23691 11422 8644 4007 15712 1876 9786 1745 17874 19805 13204 11859 17061 29264 17954 23763 5056 7070 16086 19244 7313 11197 9838 16077 19755 11326 4776 18992 19760 25680 9413 29160 28967 10737 12302 13592 15508 9510 24307 15561 20832 8091 15888 24452 16452 28539 17092 16248 9557 9521 20077 29737 8033 1317 21800 8826 18510 381 3581 29832 5469 28134 15483 21035 23945 5296 21025 10960 16851 14635 25556 22799 7713 19595 29332 3466 7640 16555 460 16305 21233 6812 26895 29550 24393 17826 25558 26881 29100 13061 9628 23 18368 3472 27034 11415 5222 26705 7480 2018 8710 24661 16745 518 4266 15216 10681 29647 9570 19885 4646 16476 20280 17982 22229 7024 5784 4601 16976 12504 751 21686 19513 25593 2318 10466 25151 8819 3318 29493 21016 9821 9335 27717 24257 5499 25899 2841 21635 2348 25794 2196 7387 11765 11500 16040 20376 17374 28621 24938 403 664 19430 27429 6612 18370 9605 28757 27084 22036 18564 4575 3867 2095 8156 13115 1384 4864 13084 18569 10198 8221 3705 17305 4319 18403 17743 3281 20770 10663 16783 22932 16582 6 24232 10563 7517 17036 23530 1326 26336 779 27280 7095 15579 28359 23954 807 25679 1846 1188 29060 21749 19138 5471 7806 10087 2484 21401 19694 5808 4116 6557 19524 4353 13647 25965 1585 1814 29417 23500 5511 937 6898 1892 22038 1171 2396 23618 19751 18896 29652 19806 24712 5743 10107 7315 24985 29556 7738 27055 21009 12239 1730 25231 14737 3367 2056 14288 12728 4051 16892 906 16045 5169 1207 14342 17754 28617 21226 16665 20009 11213 16137 25890 10555 27927 2877 21927 21703 27062 1303 21145 16526 20835 11416 19439 17644 11679 5836 7415 8356 9242 8461 2609 20764 19847 24286 4848 27963 20128 28381 24177 4073 12250 20944 5674 27067 27168 18620 13862 3567 29335 27285 1846 17385 69 24885 17235 3129 26213 4253 12161 23107 5440 16962 3633 14478 6908 15013 3629 14417 1065 18446 14103 13159 16390 11863 28410 9680 21960 24455 27467 29810 2290 14321 5283 10728 8967 15702 1527 19300 20993 15793 11095 6338 16433 29 9910 25050 16654 9362 1130 21239 11315 19682 7569 23673 12149 789 545 21550 21815 23063 11016 13230 343 18246 7024 4723 18218 6356 14247 13212 14047 29164 9660 1374 13002 20764 29480 27407 10966 14571 3308 29246 29042 6447 13653 26186 14860 23663 11679 12372 23007 17196 18129 29766 14095 11995 2009 13335 23691 16885 3675 13582 23205 8950 9489 17897 4370 14616 26242 5696 23266 15814 24068 8963 21717 6728 5633 10695 10501 21474 6207 20309 19307 2669 2605 26234 23539 6184 19800 26168 26079 3378 16142 15239 17645 9586 5540 23855 21760 9248 1298 19475 21063 21671 6920 19021 10727 19376 2409 21782 22137 19487 28563 25270 15080 9582 294 3132 25215 311 18993 26863 1532 24970 4371 9707 21184 19222 24600 26416 17041 20566 26293 27594 20043 22668 23469 22425 15858 1276 15190 11939 24833 2060 9797 15287 15769 12786 12974 6941 1948 20754 23557 7705 17480 23664 6231 17505 21328 17688 15126 15 6066 27033 11873 9892 19436 17712 8764 26795 4180 27243 13739 8170 21935 11580 2874 17873 17545 6672 18729 26792 735 12839 7281 27241 28419 13148 18509 12855 7583 13214 17905 1305 28469 25058 23241 13963 16561 4543 17667 28752 12230 5501 27559 19011 23612 4604 9924 18684 10185 25390 26337 1317 12937 13626 5261 5311 2192 18475 23088 19842 24964 7907 16371 22846 9067 1403 16355 4710 19888 11955 12774 13622 7198 6974 21443 4024 18494 3435 5012 17957 4176 27450 28118 15733 24275 5218 9250 28539 25987 22490 9744 26659 17883 20873 21725 28348 26091 22320 23995 21243 26000 17580 7924 13842 8501 29822 15941 18256 13877 23570 22877 10206 17663 19690 7444 2082 20282 27069 23468 18461 7211 19768 20353 14020 28805 25822 25678 66 11965 2882 1969 4136 12353 14689 26191 8067 22070 5509 20378 14130 19198 24160 16069 19242 2612 17266 7998 15808 23201 12513 20874 26674 23610 16829 24292 10748 24071 20610 10869 3059 15434 1522 11095 426 21713 11711 8661 14102 11129 20397 296 8974 5885 5100 20807 26752 16094 13883 7302 15481 28253 1423 12604 3519 24739 3789 20805 17007 13636 18351 4490 18236 16616 6289 10432 9889 11437 28445 736 7576 6399 26653 14964 20200 3318 11492 12165 27789 2108 2241 9618 7496 13618 29392 16039 5036 2894 12560 13370 12224 27051 13368 22812 12709 20709 10578 9606 3305 27075 24318 13204 28218 24204 4470 11523 9691 26955 21009 20924 26190 3145 27654 19005 10357 1757 27731 1791 19271 20444 16093 16187 17552 19597 3966 27968 22743 16039 23870 1863 19020 10496 5905 28981 15422 28921 10697 11276 5224 25802 7037 22549 17643 472 9226 22019 18454 27210 17957 27351 8681 15437 29337 11807 27522 26558 15723 11227 8872 14934 6456 10502 15877 27386 22047 17729 17425 28631 25806 10533 9773 19795 16247 12734 16202 9506 17712 9488 17853 5820 14027 7686 25281 20394 23071 12194 17330 5281 2392 7233 26920 19726 24276 23419 18511 10517 23445 16439 9397 20242 10654 23681 5689 1089 24179 3552 22898 23365 13097 14449 25182 2089 15096 5595 1874 4520 8801 1012 26676 25684 3725 4421 14714 4010 11136 3837 5350 1789 17328 3367 4731 18811 8584 11763 24881 27817 1265 1871 19505 5715 2194 12469 29247 21622 25073 27075 13185 26634 25619 12682 25760 19144 27330 4479 19812 16204 6762 910 16888 22798 20413 10111 14017 25241 19352 28143 14701 7457 13357 24795 28213 3568 27157 324 10344 14838 17715 9662 7366 9116 23743 16025 23285 5706 24438 23320 13745 10149 12100 12808 16599 20650 6147 8310 25176 22408 432 3731 5114 26891 25403 7184 11838 27208 3898 24514 19109 11805 25379 14728 207 22881 27587 26437 8649 22037 8161 6895 5011 22172 16670 28187 18889 28752 4376 27649 7025 7902 9656 15460 852 7432 10584 24471 10796 16772 12947 3815 11729 8061 8084 8492 7235 14600 8878 3158 11015 16670 24079 2516 3772 28625 21965 11810 1795 12741 10997 2623 3440 25318 23083 21716 19764 23492 5441 23518 23858 8265 29824 16551 28672 6583 26202 2586 26102 24193 25577 13435 7339 1390 26848 23802 26622 11860 12781 7675 824 27911 28105 14398 24331 15368 24053 24937 26203 809 9545 4624 16120 13113 13821 10027 25840 7966 13036 27842 24666 4216 4171 14252 6592 14139 22378 26677 23231 14033 19436 8452 26958 17811 11900 5975 28455 25249 28422 24710 21401 18462 20799 8525 9133 24337 26859 8556 25353 27854 11086 16756 8617 16658 19430 28740 16638 8367 28804 1588 25832 6399 7832 12942 10083 24988 9006 8569 27461 3327 6705 1209 20780 20220 12941 7627 4390 13195 23046 789 24964 22149 20796 20964 25007 16557 10165 4749 27351 17563 5338 14128 22015 28309 7764 29543 4806 2272 7118 2990 25795 26771 28466 8733 5937 17951 19159 6428 6156 10166 14862 27358 29885 13607 20566 28586 11511 18483 16794 23786 27635 19053 16715 9014 26395 15929 18861 15511 7496 10089 21084 21169 23302 9113 23827 20885 22592 4692 16560 13791 1994 25593 27861 16796 21669 21088 9007 19274 16653 7347 180 6294 4365 28135 15714 4229 21769 5642 29805 9225 72 12506 1267 10285 5451 25386 20873 12786 24841 22426 11012 981 19083 13819 21072 725 25324 374 8720 22959 1200 26283 29454 6180 25793 4792 12263 29376 26938 14614 16345 11146 10923 20372 8096 18709 9863 11005 17361 20838 15592 14623 21293 16812 1315 22430 5462 3223 22018 17280 13186 25055 14958 29310 18240 22659 26021 959 17365 17026 7031 10419 20871 14690 27340 27396 8354 27772 318 16269 7594 3538 8955 15802 7477 18883 4521 25601 4223 16291 26712 11462 25881 18706 29296 9840 172 14364 11901 6850 26061 2642 9661 26499 18061 18459 28023 16536 26003 19066 15869 22491 29004 3323 23391 28588 19600 5894 1642 4560 7147 9572 12001 21510 14619 29593 10001 4876 26386 9738 11938 11382 4561 22334 10636 2779 29948 11649 7543 13253 9943 28760 4172 2973 17238 13121 28222 23489 26236 11821 18241 17924 11366 1219 2907 1078 8194 15353 14764 5117 25272 26718 14202 25247 17534 22145 21710 11081 23943 26731 24527 19007 18892 18666 29668 20798 12997 28811 1613 16052 1892 13626 27678 25012 11023 21044 2465 5937 11483 10912 16627 28435 8629 18305 9505 626 10735 23585 8948 12182 15294 8702 24905 13779 14563 27540 14097 19752 18603 8504 4272 2998 3856 18006 17292 12585 4477 6762 29198 28119 12204 20676 18116 8303 25072 5642 14135 28989 3600 27987 17212 5245 13016 11292 10917 9686 6244 25663 19658 9465 23523 29724 17656 22714 6154 1054 8845 10583 22582 18701 15057 3677 23134 7265 15102 18976 21950 11756 20934 26383 21533 909 5924 25638 5141 12159 10762 25999 18375 1307 3688 28269 11191 12808 26561 19763 9317 3534 13692 29070 9115 11884 23723 23957 29844 17958 10320 2507 16919 10355 13852 6512 10419 16638 8340 12082 20936 975 29965 14580 8546 14522 21750 6561 21490 7138 20654 3193 16854 14615 27504 2466 19624 20823 16996 24447 26716 27911 18110 15062 15725 17919 553 6714 9053 3995 13170 8202 29950 18387 26523 12984 24355 22878 3699 6854 20230 8597 23318 25962 7168 22549 26119 26304 10414 1851 7083 15231 17053 13761 24175 18496 11961 9113 6618 23600 6324 19025 7084 19039 20683 26130 14927 7714 29738 16395 24062 20995 3840 12158 23352 26139 16392 28833 3838 10073 13378 6096 14882 26469 23642 20050 8181 16828 27987 438 7535 12484 24965 1085 25863 18479 19881 20148 24730 10093 92 14782 28780 1209 9391 11086 28359 20652 9535 5284 7803 16294 6128 17099 13347 9722 14118 12315 5094 19 9337 23960 27752 28834 23516 26051 3659 3314 18371 23056 18806 11910 18046 13774 16596 28181 4036 23862 7731 12371 28484 28140 2387 273 2000 1987 3135 8194 1394 8317 947 780 6461 4093 25827 19037 26248 28815 26334 440 24335 22646 12639 7203 12311 6531 12169 10371 24434 29462 6171 22598 2203 22629 3033 22094 5968 7147 26659 19156 16771 1708 6650 954 29906 1248 524 27858 9977 884 3738 26964 23538 26127 15595 1208 1629 8174 19533 1068 29856 11143 27462 8051 29569 17442 7639 17168 5672 3596 25719 24502 29332 14711 22866 13077 22822 211 13567 24864 23280 22652 24651 25259 5273 11196 13741 550 8634 14181 25907 26545 17643 4080 12029 3173 27096 17432 3200 12127 18705 25479 20274 22384 29486 17305 22346 8826 11170 21210 26564 19935 3385 8416 16841 11707 3237 26444 23708 10753 24329 4021 24532 28148 16740 13458 10534 11521 20397 18272 13307 15429 12682 6543 23065 21854 22757 2831 23646 29729 14067 4796 7551 15471 18033 8477 19800 11479 29466 9579 7852 4317 3869 3440 9556 21036 7441 9274 26764 27371 18959 12239 20021 1751 1945 10327 2173 21469 14082 13409 27066 24115 3414 3325 26491 13622 11238 4609 29773 9476 9572 13778 24994 1744 4985 2410 7465 18910 22362 24525 22095 24077 23207 17628 17093 44 4762 23864 28195 18276 7209 21503 366 28990 6263 18022 10057 16981 22512 5561 8690 1547 24997 14598 9509 5881 3265 17225 23157 17658 20701 29668 10064 9105 20416 18059 4154 26537 16877 12667 21150 14902 18425 22823 7116 26603 20983 15070 4375 13642 12537 27055 7683 12645 9988 7868 23636 29954 20312 1812 11001 2885 26482 27121 15937 9722 21897 21567 6757 6704 23625 8182 22407 11933 28170 14560 15563 14335 301 18767 18792 26297 11694 7767 14580 11884 497 1165 19827 6802 2099 10755 637 22578 24006 24261 26130 20511 15111 15841 8802 18657 28987 19459 20790 14874 19034 13024 5751 25541 23600 7555 23048 26235 29589 5658 20017 1254 21478 18815 7501 18948 26813 15428 20472 6346 18253 27830 21524 18028 19559 23979 6859 14284 6780 5486 5889 16953 18217 9295 12465 22052 7643 28117 21828 15720 16557 25289 13841 1888 21888 21078 18024 29117 6130 28012 21384 22007 25924 19046 14918 3090 20029 6293 12001 16296 7123 22346 9326 15744 21876 9358 3186 9182 9109 26223 11685 25160 20487 18709 3401 22762 7997 11885 532 11779 15474 832 26046 8598 11481 17428 23869 4850 6814 14895 5560 18948 5838 20550 5549 6929 5245 2670 18648 19388 1987 11672 16904 2568 2052 4378 11454 27590 18706 12331 20755 22649 2127 11213 7836 7183 23470 19282 23532 8391 14575 14953 27413 7297 19308 19903 4625 9641 25885 25148 23277 13534 14124 11047 9875 16106 13677 26920 
