// periodic
// number of jobs
1
// pi
30
// Cycle
100
// aperiodic
// number of jobs
1000
// pi
119 14 105 90 18 115 60 85 14 116 72 81 64 117 114 87 52 106 138 30 83 131 136 52 25 106 80 103 90 41 132 63 109 4 98 56 119 138 2 65 10 33 38 126 70 88 77 133 74 45 14 124 57 89 24 76 94 26 82 103 20 107 113 109 90 130 34 82 44 130 116 58 24 13 84 81 33 37 13 56 83 69 57 97 18 121 95 107 99 39 105 104 138 51 51 49 78 106 16 97 95 115 48 11 31 110 30 33 117 138 125 15 128 88 125 50 81 104 63 75 31 51 117 116 97 75 30 24 124 138 136 41 29 80 135 115 15 122 138 47 51 83 105 74 90 69 134 15 30 50 124 101 70 33 73 68 88 74 50 135 79 111 69 128 69 133 17 10 8 88 29 33 110 68 86 29 101 88 63 46 92 66 23 11 34 82 42 57 10 36 107 63 73 96 77 96 127 74 12 34 43 137 18 123 63 16 96 62 28 105 61 87 73 47 10 71 39 79 3 107 81 47 36 14 131 133 20 13 105 65 17 52 18 48 39 18 13 40 58 26 92 52 18 84 86 90 41 44 80 88 12 122 60 3 113 112 44 69 14 48 75 119 70 111 19 36 43 88 48 61 100 18 26 42 52 126 2 96 15 3 10 43 42 50 30 71 11 28 49 113 136 13 98 118 5 72 28 77 83 56 93 45 103 63 112 64 77 50 28 48 134 22 46 16 34 22 8 6 125 10 98 55 90 98 64 1 100 38 21 8 50 7 138 126 19 26 27 37 31 122 54 113 110 83 52 22 11 48 129 31 23 28 63 71 54 83 9 66 49 4 128 130 117 34 107 38 9 62 118 130 62 73 82 121 70 13 90 28 86 3 74 14 128 38 105 97 106 31 106 52 10 117 27 46 106 52 117 87 102 126 99 21 70 110 25 134 111 24 33 88 125 104 86 2 77 77 128 95 57 33 56 38 80 25 72 59 91 110 100 113 101 80 64 9 47 56 101 104 131 116 46 28 113 62 7 11 68 67 21 113 64 28 124 75 9 8 54 118 50 59 125 91 28 53 104 67 88 107 87 1 55 96 2 15 77 78 64 11 62 72 39 57 111 85 23 29 76 45 20 139 16 112 99 9 82 40 58 8 65 112 46 32 84 41 119 11 106 120 111 39 80 135 91 7 110 86 108 2 51 58 106 25 66 14 135 130 106 62 90 73 115 88 17 40 2 63 58 81 91 131 83 126 110 4 33 95 113 63 110 91 117 132 85 33 66 30 103 30 38 116 69 121 118 74 122 44 33 73 35 76 41 44 2 40 107 27 114 112 44 35 72 11 26 92 137 50 11 122 35 99 138 116 63 33 58 33 29 61 61 80 119 73 30 99 86 110 62 111 113 29 38 64 73 15 63 132 47 34 66 117 14 134 117 71 21 89 135 33 37 60 106 48 138 76 104 134 54 134 117 61 97 39 74 135 77 98 9 45 61 100 100 52 120 92 76 5 101 39 45 117 27 137 25 123 60 77 51 89 96 25 33 89 102 57 49 96 44 120 58 137 131 32 76 83 27 52 12 88 44 3 128 60 39 139 71 118 48 17 54 40 82 112 25 131 138 27 71 85 3 33 81 72 24 82 7 47 44 6 25 122 55 123 12 2 74 124 82 36 136 10 122 21 45 103 108 58 57 97 38 69 25 27 115 133 37 133 67 80 128 13 82 133 138 125 106 50 53 96 93 52 67 20 135 105 135 10 46 16 38 80 18 105 54 107 135 120 19 125 104 6 36 10 65 39 43 88 66 4 100 99 45 32 14 135 128 5 70 81 111 14 81 16 93 76 67 61 30 28 92 14 7 85 21 77 35 139 136 67 17 113 118 87 62 72 1 94 104 48 28 25 116 64 63 10 123 45 128 55 127 92 60 113 85 105 60 94 121 90 116 95 108 53 92 6 105 85 69 92 74 51 125 61 2 59 64 5 127 50 31 113 74 63 50 91 122 59 32 47 110 105 89 5 137 10 15 18 65 93 29 95 109 60 126 118 100 31 21 94 13 83 33 26 55 115 57 114 28 41 108 138 74 63 15 27 26 19 114 139 74 84 71 113 139 100 128 33 30 61 122 61 23 93 25 37 125 32 122 61 103 83 19 52 77 66 89 136 24 94 98 36 20 87 90 81 49 46 132 127 20 80 81 27 133 104 65 7 28 134 135 81 68 119 59 112 25 66 106 92 38 72 96 38 123 51 113 32 85 17 89 95 43 60 88 114 49 99 23 44 16 45 
// di
4008 5053 5435 2609 4461 962 79 6799 5306 1709 1371 6695 2602 3230 1252 5786 2244 5522 5937 1846 225 4852 2452 5931 4420 5466 1844 5772 6893 2811 2477 4835 3918 5168 4331 1294 4980 4371 5666 5231 4537 412 1386 4951 433 321 4729 4803 4547 3570 5026 6636 465 6583 1221 6944 2858 5755 3663 6129 735 137 1058 6122 6871 1838 3805 1133 6218 2849 1653 4260 2258 5500 5746 5434 4267 2873 2007 5666 2360 923 3771 3546 4995 2322 4848 6746 4399 136 2811 6857 4801 3361 4630 6166 6682 5142 269 6842 1022 371 3376 646 6247 5758 6313 2641 2361 4603 3762 5375 261 2353 6475 2343 346 4073 4000 3107 6484 6645 5864 5981 2188 2398 5457 2489 1399 3028 1379 6346 6683 5429 2788 4201 5270 4099 602 5933 4269 710 1603 5910 5146 6180 5048 4167 2906 1695 1252 2144 3590 6826 2792 2232 5883 4541 5568 637 720 2519 562 2377 892 3852 9 1748 4787 3559 666 1215 2749 392 499 4155 3008 506 6597 2764 6157 1709 3806 6960 2096 2099 3821 1369 320 3363 4212 2796 5472 4981 3366 296 680 5734 5474 3551 306 2390 4279 649 5594 3213 1204 2199 3531 2892 6641 3312 3057 4936 6627 4294 1864 4071 4490 6286 6976 3496 4299 2108 5321 3648 2221 745 3460 1789 3841 6192 3291 5914 4214 1029 6407 3601 5231 6464 5489 5766 3809 2814 2073 1033 3501 1205 5962 4740 667 1085 5623 4544 1815 4543 6178 6280 999 6521 6302 2310 1235 1971 3184 1449 4570 2808 1519 579 273 2762 3199 577 6182 744 6107 6922 3516 6196 4157 4363 6635 1821 6056 3710 4491 5278 2582 3615 4429 1247 1602 4972 1967 1056 2368 5860 2645 838 2568 919 5236 6735 6516 5969 6994 6142 5386 18 2397 5456 960 5175 4647 1431 5416 561 3914 1733 6944 1391 2489 1602 4689 848 14 1519 5771 886 879 4833 3982 4629 2157 6266 2520 4151 1309 6511 585 5829 6028 2774 3238 3100 2839 6851 6418 2238 5150 2991 3861 586 5953 1682 3166 5000 6455 602 2086 6713 1198 6066 5893 2785 290 6830 5740 4683 2925 59 6492 4202 5665 5164 2742 555 5229 2466 1755 6670 6553 4720 1771 703 4403 4209 6127 1248 637 5763 675 2195 981 1885 3270 5928 2597 2281 5432 4516 6512 4794 1367 4561 3785 6027 3071 1519 5226 5311 5530 4947 6806 3572 5632 1882 5836 485 3588 2361 5268 3249 518 4008 1822 3783 4047 4775 5608 5297 6305 2863 711 4689 3633 6927 6347 634 5504 824 119 3592 4841 3274 1457 2242 6617 2445 6361 760 2193 2189 6856 6803 3395 4110 2533 6413 4117 3607 3977 502 496 2542 783 6585 5215 610 3964 864 2174 3916 3485 979 874 4576 5182 755 6320 4027 4770 195 4534 1860 1298 5366 4631 5207 297 6340 3106 5770 2580 6839 1325 2427 4637 1924 4841 6728 5318 6968 6606 541 5576 6787 2309 1720 5947 6740 857 3212 6000 4704 5325 308 4658 6910 4078 5657 3982 6876 1051 2539 1060 3890 2121 4286 4074 5436 3800 5225 2397 130 4753 1412 2565 5132 889 4606 4925 2165 4597 1770 471 6868 137 2791 5552 785 5884 6573 6374 5106 920 5139 1031 6374 4802 6990 3555 6927 6488 3740 3951 3770 1779 1329 81 6247 3251 6529 1990 5113 3213 635 6831 4988 230 6189 4094 2425 5592 477 3885 1780 1719 4758 5204 2500 1766 2928 3855 3343 720 1238 1830 3997 2000 1589 5874 6671 5903 5042 496 1946 6683 6195 5021 6982 1051 2950 6507 6818 681 4844 4491 5995 1480 2900 6828 1371 3366 739 4069 3823 3173 1724 2702 2587 452 3340 3090 6675 4402 79 1980 4484 1202 444 6816 2525 1411 4093 3301 5462 2901 2492 5742 6141 6340 493 777 3661 4848 2643 5807 4925 2281 6329 5367 3181 249 5948 3305 5488 5527 4042 4172 2630 4184 6553 2757 2070 5382 6879 5265 5766 4896 4524 4719 6266 2561 2257 605 3635 3491 2887 2956 750 5670 3834 6155 4944 3306 3195 5791 1448 993 5567 5842 6044 5689 5355 1536 5069 4245 1211 6806 4598 2422 5583 6388 3727 4738 5517 1639 3633 3409 5611 1425 4913 786 5205 1955 6000 5822 4209 3605 2286 6577 769 2204 4745 2895 1646 5798 5372 3081 4916 2650 6974 3484 2042 4916 3858 2176 1523 6436 1228 3388 6264 1077 482 545 915 4774 1501 3824 5384 4829 814 3615 2490 1727 2730 4050 6348 1447 2176 1291 1519 6725 184 2578 3742 3238 3994 955 6084 5642 5904 3710 6786 1668 5005 5807 5215 1650 3097 5886 1215 3263 1161 4178 4664 4145 2271 1802 833 1556 5046 6298 2796 4404 713 2821 249 2849 4869 6157 738 2989 5744 4765 323 6300 3698 4907 5533 3737 824 762 3565 5908 4008 6566 6757 5577 1108 6690 5068 6616 2811 3706 3468 6897 2688 3223 2643 63 1049 318 3916 4502 1274 3808 1110 1340 4605 6457 6289 5538 6314 554 4248 3867 2740 3384 5766 4833 4353 2476 603 334 6837 4685 6561 6435 4784 5013 4716 3046 3393 2687 2499 4160 2822 358 6110 2602 3015 750 2246 3470 2132 742 1558 1830 5592 4455 3296 4353 353 3157 5488 2661 2948 5669 1221 567 3585 1576 4020 995 3631 1056 4662 2833 4689 3812 54 4849 4141 6735 3044 468 3791 6351 4712 1269 2044 2485 1171 6751 757 3472 4154 1358 2423 143 100 1000 4006 3802 859 2967 3086 171 4851 4468 3012 1044 2984 1316 4481 2457 893 4221 5678 4439 6095 3800 703 5048 3893 4331 3372 2086 446 3147 4736 279 6197 2499 262 5531 5758 3461 2156 5310 6547 6494 100 3258 5909 1997 4122 142 16 2038 146 2105 6782 3166 4774 6028 5873 159 5711 5643 6565 1106 1903 4115 6767 3842 1622 
