// periodic
// number of jobs
1
// pi
90
// Cycle
100
// aperiodic
// number of jobs
9000
// pi
15 8 10 1 18 2 3 6 17 7 5 19 4 11 10 6 14 16 15 17 7 8 11 9 5 1 2 4 7 2 14 4 6 1 14 14 5 13 13 12 8 5 4 13 9 10 15 8 2 17 15 17 14 7 1 18 2 10 11 14 10 17 17 10 18 7 1 4 1 19 2 5 12 5 14 12 5 7 19 8 3 19 1 11 5 10 5 11 3 9 4 16 4 15 12 8 16 9 1 12 15 11 8 14 8 18 19 6 15 18 8 6 10 3 19 14 18 2 18 19 4 19 12 2 9 19 12 16 15 15 13 19 19 12 2 15 16 10 12 13 3 15 4 16 7 11 12 16 10 9 7 10 16 5 11 3 8 8 7 10 10 6 2 4 8 19 6 12 8 11 17 6 18 1 13 14 14 4 6 9 9 18 7 2 2 7 7 18 12 5 18 12 8 15 2 16 4 10 18 13 10 4 14 19 8 11 2 13 7 19 9 6 6 7 5 3 11 19 9 16 11 6 9 12 10 15 1 4 14 1 6 1 14 4 2 9 17 16 9 15 5 10 12 12 17 4 17 6 8 14 19 14 6 4 18 7 12 5 2 16 15 11 10 3 11 9 15 3 18 11 19 17 10 4 8 3 6 3 10 3 6 18 15 6 11 14 14 18 5 17 11 7 6 7 19 10 5 14 18 14 13 15 2 4 2 10 11 7 4 12 1 1 18 6 9 9 5 14 7 17 12 4 3 14 4 10 14 4 4 15 5 17 8 17 16 5 6 11 13 15 13 7 7 8 8 12 13 16 7 17 16 15 13 19 17 10 6 1 8 11 19 16 14 13 5 6 6 16 8 3 11 13 16 8 7 4 16 6 18 6 4 2 12 2 9 8 2 15 2 9 14 6 12 13 2 18 18 11 8 17 14 19 10 6 7 1 11 14 15 6 17 17 5 14 19 17 4 11 16 15 15 10 15 15 19 11 10 5 4 18 5 1 19 16 2 5 11 10 16 14 8 11 2 18 7 1 3 14 8 9 19 11 4 6 5 6 1 10 2 6 13 7 2 9 10 1 12 11 1 17 12 17 15 19 9 2 16 1 8 12 17 19 12 5 3 9 14 17 7 18 2 19 19 8 15 19 11 17 15 19 14 9 17 9 9 10 16 4 6 13 15 6 9 7 19 17 8 8 1 9 18 5 1 19 10 18 2 11 8 14 8 4 3 6 16 10 2 12 2 6 18 2 7 14 10 9 14 17 12 6 14 19 9 12 5 13 16 4 12 2 19 15 5 14 5 19 12 10 7 1 8 5 2 3 2 2 9 3 2 16 12 12 12 18 8 3 12 13 11 19 14 15 1 12 11 16 7 3 10 10 2 16 2 11 17 11 17 4 2 16 15 12 7 16 6 13 13 3 4 10 5 7 3 11 12 6 7 10 10 19 2 4 9 6 14 19 18 10 19 2 1 3 12 15 3 3 15 4 9 1 5 1 10 15 12 7 10 2 5 18 1 10 3 5 12 19 1 17 17 2 1 13 6 10 6 17 17 17 4 16 2 16 17 3 7 9 14 15 5 19 15 6 12 3 19 17 19 6 18 5 14 12 17 6 2 2 4 10 12 16 9 4 15 19 5 17 5 16 3 19 13 19 12 9 16 13 4 4 14 13 3 9 11 4 4 12 11 12 2 8 14 2 8 7 5 1 12 10 17 12 8 13 7 1 12 9 18 3 15 2 19 3 14 11 2 11 16 3 5 18 9 2 8 11 18 11 9 17 10 1 9 6 16 14 10 12 17 8 11 17 11 8 10 16 12 4 18 10 7 9 8 13 13 17 17 9 17 13 17 18 7 14 5 11 1 1 14 19 1 8 6 9 1 5 18 16 16 6 11 9 10 7 18 18 2 12 7 5 19 17 9 10 16 18 18 5 7 6 17 16 2 8 5 12 12 7 7 1 4 3 4 18 5 11 9 6 5 17 17 18 15 18 10 17 4 16 14 11 13 7 15 6 9 18 16 14 8 14 18 4 4 7 15 6 15 14 5 6 6 18 3 3 11 9 8 7 4 19 19 10 10 12 14 6 15 17 4 9 11 16 15 13 3 3 11 13 14 3 8 13 2 16 19 13 6 5 17 10 7 16 5 2 14 9 12 12 15 3 8 14 1 11 1 2 11 16 4 5 18 6 17 18 1 3 11 2 19 15 13 2 9 9 1 19 13 10 7 9 16 6 3 2 2 2 12 19 12 5 8 16 18 14 10 19 13 7 11 18 7 6 2 3 16 14 16 1 15 6 18 14 5 2 18 9 6 8 17 4 7 7 7 19 8 14 11 13 17 15 7 5 14 1 9 7 2 7 11 12 15 14 3 17 2 16 18 19 1 4 3 8 9 4 15 1 7 7 9 14 19 14 14 12 2 15 4 8 12 1 10 12 1 4 10 13 12 11 18 18 14 7 13 15 15 14 6 13 15 16 4 11 15 13 17 1 7 5 19 15 11 6 9 9 19 17 6 7 14 18 2 1 10 5 10 10 4 13 19 5 18 2 5 5 5 17 19 3 3 7 17 12 5 15 12 11 17 13 17 8 14 2 5 18 1 9 8 1 11 15 4 8 8 9 17 11 17 7 1 9 2 8 19 17 18 18 13 18 2 4 18 7 5 8 1 9 15 16 7 18 11 10 9 1 5 5 17 16 5 11 12 4 8 8 3 5 9 3 5 12 1 7 4 8 11 17 17 4 15 10 16 15 18 5 1 1 5 4 15 19 10 18 1 19 12 2 7 12 8 19 9 15 10 16 14 12 13 7 16 16 8 18 7 9 8 12 15 15 12 12 9 13 16 18 19 6 5 7 13 10 14 13 18 19 5 7 10 12 19 16 1 19 13 9 17 7 13 7 10 18 16 15 13 4 7 14 3 4 16 13 14 6 5 15 16 12 6 10 11 14 1 13 15 10 13 12 15 5 8 5 6 14 4 11 5 18 6 7 1 1 2 5 9 2 8 15 17 19 5 19 1 1 5 13 1 14 19 16 13 4 15 17 18 11 7 19 3 14 18 6 19 18 6 18 1 2 12 6 10 9 15 11 12 11 6 14 13 15 11 7 11 18 9 16 3 9 5 7 13 10 4 2 9 13 8 14 9 6 19 17 12 15 4 16 14 10 13 18 1 4 1 1 9 14 19 1 17 5 4 18 4 12 7 10 3 15 4 13 16 6 11 12 13 9 4 5 18 16 12 11 5 8 9 11 10 7 11 11 1 19 9 3 3 17 2 8 17 18 17 3 14 1 16 1 7 6 15 13 14 11 18 1 13 2 13 4 19 18 7 10 3 14 3 13 14 7 7 19 10 11 10 5 16 5 16 13 17 16 13 15 12 14 13 8 7 7 3 9 14 5 12 10 4 12 2 18 18 17 8 4 18 12 14 19 12 1 1 9 19 2 2 19 6 19 15 7 9 7 14 4 7 12 16 6 2 19 13 4 12 4 2 8 3 8 5 10 10 3 1 4 8 7 5 1 17 18 16 14 19 10 4 7 1 12 13 5 7 8 1 13 18 4 12 5 17 2 6 18 5 6 9 17 18 16 14 11 7 14 4 18 12 4 3 7 17 10 6 7 13 1 14 6 6 2 2 14 4 2 10 3 7 12 7 8 10 10 10 5 9 6 6 5 17 1 15 10 18 4 8 5 3 4 1 17 6 5 3 3 7 19 13 19 16 8 8 1 12 16 18 9 19 15 16 2 16 3 11 1 7 3 12 13 15 12 13 17 17 4 7 14 11 11 7 9 2 18 6 11 18 9 19 3 6 13 5 19 5 4 10 16 9 1 4 9 15 3 2 6 4 14 17 10 9 4 17 14 16 4 1 8 3 2 17 11 9 9 3 1 6 17 19 7 5 11 17 14 19 2 11 9 6 4 1 11 6 6 8 17 12 6 13 17 13 3 18 9 1 13 4 4 3 16 13 8 9 16 19 1 2 12 18 14 15 12 8 4 6 11 16 16 1 15 17 14 5 6 6 13 2 15 12 13 16 3 10 5 2 4 11 13 4 11 15 5 17 2 1 6 13 7 12 12 4 13 7 8 8 4 16 3 18 3 13 10 1 16 2 13 1 6 12 11 10 6 3 13 9 12 14 15 17 12 15 12 6 3 14 6 16 18 8 7 9 13 8 3 11 12 12 2 15 1 15 18 18 13 11 15 15 9 15 12 3 18 6 18 12 19 16 6 17 2 1 17 6 13 19 4 10 14 12 16 2 13 17 12 11 9 4 18 17 12 19 10 1 16 1 3 18 17 14 18 5 17 12 1 16 13 18 4 19 13 12 9 5 9 8 6 13 14 2 3 15 7 15 12 2 14 9 2 6 18 4 8 16 15 14 12 1 15 7 5 15 4 13 4 18 13 1 4 3 6 10 18 13 9 17 1 6 19 8 9 2 8 4 2 8 8 14 18 10 9 9 5 13 9 1 8 11 12 3 6 2 19 5 3 14 13 17 7 4 10 2 10 12 18 8 6 17 8 12 3 17 6 13 15 13 19 19 12 5 5 9 14 14 3 8 14 17 19 11 16 10 19 11 10 16 10 17 16 4 9 1 6 1 4 11 17 16 19 14 3 9 15 11 17 4 11 18 18 3 2 12 19 6 5 5 12 17 16 12 1 15 2 8 19 4 8 18 6 7 8 17 14 16 7 14 8 9 3 11 12 3 6 7 2 10 2 8 17 17 13 3 8 6 10 2 9 1 6 18 13 19 9 15 19 4 8 19 2 1 9 2 16 8 5 14 13 19 10 7 1 6 11 12 2 6 4 11 17 13 18 15 6 9 5 13 7 9 14 9 2 6 12 6 18 9 19 14 7 2 15 17 6 4 11 14 12 3 18 8 6 13 7 5 6 16 8 17 2 1 7 4 6 11 18 11 6 18 7 18 18 9 6 2 9 5 13 19 18 11 16 5 14 8 11 6 18 8 17 14 12 8 1 2 16 10 1 6 7 11 13 17 3 4 15 12 11 8 12 15 6 8 11 8 2 18 18 14 6 17 13 5 2 2 12 15 8 8 1 10 18 12 5 15 8 18 11 6 13 14 13 7 5 8 18 1 16 11 8 16 4 18 1 13 16 19 14 14 15 7 11 11 17 18 2 12 4 8 19 13 3 4 3 19 17 17 12 8 5 5 11 16 12 3 17 9 4 11 4 6 2 10 9 19 5 12 3 1 2 12 8 11 14 4 11 3 19 10 19 16 12 8 2 15 12 18 19 2 19 14 5 17 5 17 6 15 11 15 10 7 14 2 11 8 1 6 17 19 15 5 15 16 10 5 19 3 11 14 19 7 15 12 13 8 18 16 7 12 14 15 13 19 8 14 11 11 16 18 4 7 13 14 5 15 19 2 19 6 19 8 5 8 17 3 15 4 2 8 18 11 11 3 5 19 15 8 3 2 16 3 4 17 2 8 12 17 6 6 16 6 7 10 13 10 17 7 1 8 17 5 6 15 10 10 7 12 16 7 6 8 12 19 13 9 4 15 1 3 12 8 10 8 14 10 18 19 13 3 4 9 11 5 5 8 13 6 2 1 16 13 9 8 12 15 4 18 12 15 2 15 6 14 12 5 11 12 10 15 10 4 18 8 18 1 17 8 10 2 18 15 19 8 13 11 2 19 1 16 12 17 4 4 13 11 1 17 2 4 9 1 12 19 5 14 18 16 13 18 7 19 13 17 3 14 19 4 7 4 19 17 11 11 12 16 9 11 6 9 12 9 5 4 6 1 1 8 7 15 10 8 18 10 17 9 9 13 4 13 7 14 15 10 1 2 14 14 16 18 13 8 2 11 18 12 1 14 5 19 13 17 11 14 3 3 18 2 8 15 4 4 16 4 5 19 17 3 13 10 17 19 13 6 11 13 9 9 15 8 2 2 10 17 12 4 10 2 16 13 6 13 15 4 16 16 18 7 6 7 18 10 8 3 2 5 5 1 9 14 3 14 6 17 11 9 7 17 6 12 12 11 16 19 2 16 12 12 8 7 11 5 11 1 1 8 10 5 12 16 6 1 11 11 2 10 9 14 13 6 18 10 9 6 8 6 7 6 4 4 7 14 16 4 10 4 14 11 16 9 16 13 13 9 2 11 3 14 8 12 8 12 19 6 10 14 18 18 9 1 1 3 2 17 5 12 15 3 14 11 2 3 16 14 1 16 16 11 1 4 10 8 4 6 19 12 8 9 10 12 3 15 10 9 3 11 17 5 4 5 1 15 17 19 9 11 13 16 11 3 4 11 10 14 14 12 14 16 10 9 1 13 3 6 8 19 11 1 8 9 11 10 6 12 5 9 10 2 8 16 7 9 17 5 10 10 8 6 14 14 1 11 10 15 3 14 8 9 17 19 2 14 1 15 4 11 7 15 10 18 5 13 1 14 19 4 12 6 6 11 19 6 6 8 8 12 9 12 4 9 4 1 1 9 12 2 2 4 14 8 2 5 14 7 14 18 5 14 15 10 8 8 17 2 18 12 3 1 2 10 5 4 9 12 4 3 5 15 17 3 16 1 6 4 14 13 13 2 7 8 16 16 19 3 15 16 8 11 10 1 4 13 1 7 13 13 1 8 4 4 15 13 7 5 14 1 12 16 3 4 19 15 19 5 12 17 11 11 3 3 11 8 10 11 4 10 13 13 15 8 7 6 15 16 1 13 9 6 6 7 6 16 6 15 12 14 13 10 8 14 14 15 5 7 1 5 1 11 5 1 6 14 12 11 17 2 1 14 19 19 16 5 7 9 10 12 10 6 18 12 14 2 11 11 17 3 16 13 16 8 1 11 10 12 2 13 9 16 8 13 6 10 6 6 5 8 1 14 9 6 17 4 13 13 12 4 18 10 5 4 8 16 10 8 2 3 14 14 16 9 15 13 4 16 14 11 18 4 1 16 14 16 4 13 8 1 4 16 17 3 17 9 3 9 7 7 8 7 10 11 16 5 18 18 8 6 1 4 18 2 9 12 10 18 6 7 4 15 7 7 6 2 16 10 12 4 14 15 18 1 4 14 6 19 8 10 16 19 5 7 13 7 1 19 17 6 3 13 19 2 18 10 7 13 15 16 17 2 2 8 13 9 18 17 5 19 4 17 3 12 17 1 8 18 1 3 2 9 4 14 8 6 14 7 19 11 12 6 14 18 14 15 17 17 9 14 12 5 5 16 2 12 18 14 14 15 8 9 9 9 5 1 1 6 2 15 3 8 17 16 6 19 17 2 19 17 10 15 19 5 17 13 8 5 17 16 18 18 13 6 15 9 16 3 6 4 19 8 13 14 14 3 2 1 9 16 19 3 11 2 15 1 19 10 1 3 9 4 18 5 7 4 13 7 7 9 9 2 9 8 7 14 4 15 17 9 11 3 1 9 16 15 2 15 1 9 4 19 15 14 12 1 13 19 8 1 11 16 9 8 3 6 11 16 9 11 9 18 15 10 8 19 11 11 3 14 9 8 19 19 11 7 19 7 7 5 8 9 11 17 4 15 16 16 3 10 19 5 8 3 3 3 19 15 11 15 14 1 13 8 3 7 17 3 14 1 15 6 1 4 18 13 7 2 8 14 13 10 7 6 4 3 6 15 10 12 8 16 15 6 17 3 3 2 4 12 15 16 19 8 14 16 9 1 18 5 11 11 16 3 4 4 1 12 12 6 12 4 6 13 2 18 18 15 13 9 15 11 1 1 19 8 7 12 14 8 8 17 6 2 18 4 9 3 3 13 17 15 3 16 13 19 14 4 10 10 1 4 14 12 3 3 18 11 12 4 2 8 7 4 7 10 5 8 15 8 18 7 1 3 6 9 3 9 14 2 2 8 14 1 18 16 2 7 19 13 16 14 18 11 13 15 4 19 12 15 12 2 3 3 11 19 19 6 18 16 13 17 15 10 19 7 3 8 4 5 2 14 12 19 17 4 4 1 11 10 2 2 19 2 6 11 3 6 7 4 3 14 4 16 4 3 9 1 7 15 19 14 9 17 19 18 2 4 19 9 10 1 18 2 6 18 5 18 14 14 1 1 1 1 9 3 9 19 2 10 10 17 13 17 3 3 6 9 19 5 9 12 14 14 5 15 8 10 10 5 15 6 15 15 7 9 14 14 17 17 4 5 10 11 15 8 15 11 16 1 6 5 6 8 13 7 15 8 16 2 16 7 13 3 17 18 9 14 7 9 8 13 10 10 17 4 3 14 19 10 7 4 18 11 12 9 11 5 8 17 2 12 6 18 11 17 17 9 1 2 2 17 3 6 10 12 10 17 2 4 12 4 2 12 19 14 13 16 10 2 9 17 14 12 6 7 7 12 13 13 12 4 17 10 7 17 1 8 10 14 13 13 10 14 18 8 6 13 13 16 5 12 8 16 9 8 5 16 2 11 9 4 12 12 5 10 9 3 2 19 8 3 5 12 4 3 9 4 12 8 19 14 14 11 7 17 7 8 4 2 1 19 9 17 10 17 11 8 15 12 6 2 11 10 10 6 9 2 10 13 13 15 2 5 8 8 5 18 6 10 17 5 18 15 14 8 4 7 13 4 4 2 16 13 12 18 12 3 5 5 6 5 5 16 6 5 1 11 2 13 1 2 10 15 2 4 16 13 4 10 8 13 2 13 11 10 4 2 10 12 17 5 17 3 11 16 4 3 11 12 19 12 5 9 14 18 12 11 7 6 3 15 9 6 3 17 17 19 4 2 4 15 9 4 8 16 7 13 4 4 14 16 11 10 5 14 8 7 9 2 2 1 10 15 4 16 2 1 7 5 3 3 16 11 10 3 12 1 14 19 6 12 16 12 17 4 4 19 1 9 15 7 8 14 19 7 12 1 9 13 1 16 17 15 4 7 18 8 3 4 9 17 18 15 12 16 18 9 17 2 12 4 5 11 2 8 3 8 14 10 8 6 17 4 10 18 8 5 14 16 4 15 6 17 11 12 16 17 19 10 7 17 8 16 15 15 14 13 7 12 17 13 11 5 6 15 8 2 13 13 1 1 1 18 13 3 3 1 18 12 17 14 5 16 3 19 12 5 8 7 17 6 12 4 12 12 19 1 9 18 2 12 6 13 3 5 10 19 8 2 19 19 9 10 3 17 8 9 1 19 2 10 10 14 15 7 5 9 11 7 18 8 7 6 5 2 18 16 17 2 13 1 8 19 16 18 18 1 4 13 3 16 17 8 12 19 9 1 1 7 17 2 6 3 15 15 16 14 3 5 1 9 5 18 12 10 18 5 2 1 1 18 14 11 1 7 7 14 18 5 14 19 10 13 16 19 11 15 7 8 18 8 9 10 3 5 19 1 10 17 8 12 1 19 17 2 6 8 7 13 13 17 18 12 12 4 14 13 3 13 18 7 5 13 15 7 4 9 3 18 9 10 14 1 11 8 6 3 6 15 3 16 4 17 17 4 19 11 4 5 14 5 8 13 7 5 10 16 19 2 8 7 14 5 5 7 6 1 10 3 7 8 17 8 6 13 17 14 11 2 1 4 16 10 17 10 6 7 14 4 2 10 17 14 2 5 8 3 11 9 16 7 9 11 16 5 6 2 14 2 7 10 6 2 4 5 1 17 7 19 5 17 9 14 17 2 9 12 14 17 10 10 14 3 8 5 9 4 11 12 4 2 16 1 6 12 5 9 17 18 11 4 12 8 14 14 1 15 12 2 16 18 19 4 10 7 8 10 17 17 10 15 16 4 4 14 3 19 13 2 19 10 6 16 11 2 18 12 14 11 5 6 3 5 7 1 2 8 8 13 9 12 8 7 9 11 17 3 9 1 1 14 1 1 19 16 19 10 13 6 5 17 3 5 12 16 12 17 16 15 9 1 5 15 15 1 3 5 15 16 14 16 16 3 6 2 6 4 8 15 6 14 18 15 11 10 4 8 5 17 4 12 12 16 1 11 17 4 5 14 10 18 7 12 4 19 12 7 5 16 9 7 12 15 12 16 7 16 19 16 8 16 10 4 10 9 3 18 3 19 2 5 2 1 13 13 13 1 4 10 4 6 5 14 5 13 9 4 15 1 4 1 10 9 9 18 9 9 6 2 9 6 7 4 9 9 6 4 13 9 1 16 10 13 1 12 4 8 8 2 3 5 18 2 10 19 14 15 11 19 15 11 15 18 16 10 17 9 15 16 10 1 4 15 4 13 7 12 6 5 1 6 5 15 16 11 17 19 3 12 15 7 13 3 4 16 5 17 17 6 15 3 10 11 13 15 6 14 8 4 3 3 15 16 12 17 15 6 11 19 3 12 19 18 19 15 17 6 6 19 19 18 11 2 17 4 12 6 1 11 13 16 16 10 10 16 3 3 8 18 16 10 3 15 15 3 18 4 15 6 14 13 1 3 15 7 19 8 5 17 8 2 7 10 14 18 10 13 8 11 8 2 4 14 6 11 11 16 7 1 19 5 1 19 12 13 13 3 16 10 8 13 14 19 12 19 12 11 13 14 13 13 11 2 8 18 1 10 1 2 6 16 15 15 15 2 12 4 4 2 17 5 6 1 8 3 19 14 3 19 8 17 17 14 3 4 13 7 14 19 1 8 13 3 5 3 8 9 8 16 15 10 15 15 5 8 7 14 1 2 3 3 14 12 6 4 7 2 17 14 7 17 5 4 19 10 16 4 3 4 3 14 14 16 2 12 6 6 16 15 11 15 9 9 17 9 13 11 9 1 7 11 5 5 9 6 6 17 13 17 10 15 3 11 7 4 6 13 1 16 8 3 1 18 13 19 9 7 6 3 10 16 8 2 16 19 18 3 9 19 5 4 12 13 2 19 11 4 12 18 6 12 7 7 6 9 1 18 17 16 17 11 5 19 4 5 19 11 19 16 13 6 5 15 6 6 4 16 7 17 8 16 4 3 4 13 15 7 17 3 2 17 10 8 5 7 17 14 3 10 3 10 18 16 8 18 15 18 5 2 7 2 6 7 12 12 16 5 6 4 19 9 2 10 5 13 11 12 4 2 18 16 9 14 14 5 15 18 1 4 16 10 18 19 3 4 4 1 11 19 15 8 13 12 11 19 19 14 3 15 15 5 12 12 14 17 9 2 8 16 4 6 18 2 9 8 2 6 19 10 9 4 3 10 7 10 13 2 12 18 10 7 15 11 7 8 18 10 14 6 3 12 13 4 12 16 15 3 12 18 17 11 4 7 3 8 3 19 14 2 3 13 1 19 11 10 15 5 14 7 1 18 10 6 6 14 5 2 12 16 8 7 15 19 8 7 7 9 15 14 12 19 11 17 16 16 3 5 5 9 4 4 5 10 16 2 1 10 17 13 8 14 10 4 7 12 7 9 6 1 12 10 8 13 15 7 14 17 3 12 1 14 18 4 16 7 6 7 7 2 3 5 1 7 11 14 10 1 1 1 6 2 14 16 4 18 5 19 11 17 3 17 12 17 19 16 8 5 9 14 4 13 11 8 19 3 1 9 8 18 9 1 12 9 4 3 13 1 10 16 5 16 6 15 5 1 18 6 12 10 3 1 10 1 14 17 4 16 4 16 8 19 14 3 6 5 16 14 15 10 16 10 18 10 17 13 3 17 2 10 1 9 4 12 5 5 10 4 16 17 2 9 1 15 15 15 6 15 7 11 12 12 16 18 16 11 19 16 19 2 7 15 1 14 8 13 12 1 6 1 1 15 15 18 13 14 13 18 18 11 8 1 14 12 9 14 9 16 16 8 9 18 8 11 15 9 2 2 19 13 6 4 11 8 11 6 17 5 9 15 14 7 12 5 10 12 1 3 15 11 6 7 12 15 18 18 7 14 14 2 14 9 8 11 2 9 15 16 1 8 17 7 8 3 13 1 6 7 17 9 2 12 8 16 8 7 16 11 13 13 9 7 9 6 13 18 18 17 16 18 13 4 11 7 1 18 2 9 6 17 17 16 6 15 18 3 2 7 6 14 18 10 1 10 17 11 8 8 14 13 19 18 1 13 10 4 14 1 17 5 4 6 9 8 13 19 18 18 15 9 3 16 17 4 8 8 18 5 10 8 7 6 13 6 10 5 2 9 7 15 10 7 19 3 11 9 18 5 14 17 14 10 1 12 4 15 7 5 18 5 4 14 8 10 15 10 19 10 9 10 17 18 14 8 11 6 14 3 14 19 11 14 17 16 10 14 19 5 3 18 12 17 12 2 8 15 14 14 18 10 10 13 8 1 13 7 5 5 2 19 1 15 1 4 18 16 15 4 9 5 2 2 7 17 17 3 15 1 11 1 8 9 16 1 9 9 7 16 16 19 1 18 4 4 16 9 18 11 11 7 9 4 7 14 4 1 4 2 18 19 10 3 4 11 14 5 2 5 2 17 11 19 17 14 6 12 12 7 1 11 8 3 2 11 5 2 15 16 11 12 8 1 7 14 4 10 15 16 7 6 12 7 1 12 17 18 3 8 8 2 4 15 10 6 12 11 13 2 19 11 4 17 7 9 3 13 14 17 4 18 6 14 8 10 7 18 3 17 16 11 7 1 12 11 12 3 16 18 11 19 8 16 19 18 1 13 2 7 1 8 3 9 14 16 2 19 5 10 9 18 17 11 18 1 16 4 17 6 12 2 9 15 13 9 18 1 12 12 12 5 8 8 16 5 6 15 18 7 8 14 14 9 7 17 12 5 9 8 12 13 17 4 8 4 5 14 7 19 17 12 3 13 1 14 14 19 8 18 19 19 17 17 14 12 14 17 17 5 18 11 15 10 4 14 11 2 6 9 13 13 7 16 3 19 7 5 14 5 12 11 12 9 18 10 19 10 18 9 8 2 3 2 6 19 2 4 19 5 8 5 7 4 16 15 5 4 3 10 8 16 13 15 5 17 10 16 15 19 13 14 9 14 3 7 13 7 6 12 18 7 2 13 17 8 8 13 4 15 9 17 5 13 13 8 16 3 6 11 16 19 9 1 12 1 10 8 9 11 18 13 11 18 10 13 9 16 3 14 16 16 10 17 12 16 14 17 18 6 9 19 16 14 10 19 17 8 10 4 9 18 6 5 15 11 18 19 5 6 14 12 6 11 9 6 3 16 11 19 3 17 12 14 6 17 8 12 5 14 15 13 4 8 19 15 9 1 14 11 6 1 6 19 4 13 1 7 8 14 7 5 7 17 3 18 8 4 15 15 17 6 1 9 15 10 17 12 11 10 9 9 19 9 19 16 17 14 1 19 15 1 6 14 9 13 4 16 13 19 8 5 8 5 5 3 13 6 13 14 8 6 19 7 4 10 16 17 8 8 6 2 8 8 1 4 12 15 3 19 3 13 8 1 14 15 11 16 11 12 15 19 11 4 9 15 4 13 12 9 6 19 17 15 9 13 11 11 7 3 4 5 13 15 8 10 16 2 19 9 16 14 19 8 18 19 1 8 12 14 8 15 1 18 12 19 18 3 2 4 15 1 10 18 5 13 7 11 9 5 16 6 7 3 5 16 12 13 13 1 7 4 8 14 2 12 16 14 16 11 2 19 14 8 4 2 4 15 6 3 19 1 15 13 12 15 7 1 2 6 15 11 1 6 11 13 13 13 1 6 16 14 7 16 3 17 10 7 19 3 13 10 8 8 18 9 9 7 16 15 13 7 9 10 17 1 8 8 11 1 4 19 14 9 8 5 19 6 18 16 16 13 3 9 4 19 14 5 13 11 5 15 13 10 7 18 18 15 18 4 19 11 12 12 11 14 10 16 13 19 5 6 8 4 13 18 10 3 1 2 2 11 4 17 3 8 13 8 12 8 1 18 10 18 13 8 13 4 14 1 7 17 8 4 9 18 6 6 10 3 19 19 13 17 18 4 8 4 10 16 13 2 6 2 12 14 19 10 19 4 8 8 19 14 11 12 11 14 19 16 3 8 10 8 15 6 6 14 19 17 5 13 3 7 9 4 6 7 3 6 7 10 16 8 19 5 4 19 9 17 17 10 13 8 19 18 14 6 11 19 17 15 1 6 2 18 19 9 11 5 12 6 10 10 3 14 8 10 8 19 4 2 1 6 1 16 9 17 1 2 6 13 13 10 2 12 17 15 10 16 19 11 4 11 3 7 9 14 3 5 17 11 19 14 8 2 5 15 19 14 16 12 9 6 3 8 6 19 18 18 19 3 19 8 19 16 6 9 13 11 8 7 4 1 17 10 18 2 19 4 13 15 7 8 10 11 14 4 19 6 17 9 14 12 16 15 2 13 7 14 4 4 6 16 17 11 15 13 19 7 18 3 7 7 9 7 14 14 3 15 14 18 1 15 17 19 7 5 5 4 11 5 16 9 1 3 9 13 19 6 6 19 14 7 6 13 7 11 10 3 5 14 19 12 16 18 4 12 12 6 11 8 18 13 5 12 4 3 9 17 4 10 3 11 6 14 4 17 17 1 4 8 19 8 11 12 13 5 8 7 18 3 16 13 3 11 14 6 4 16 8 9 8 13 12 12 8 18 16 6 17 10 18 5 7 14 8 2 19 13 3 14 15 5 11 9 2 3 16 17 11 9 10 12 7 10 2 7 19 18 19 13 11 16 16 14 14 9 18 11 11 3 11 9 17 5 6 3 9 2 2 4 4 4 19 15 17 7 11 2 16 16 7 11 5 9 11 19 4 2 8 9 1 4 10 15 7 5 5 9 5 9 2 18 18 8 13 19 16 18 12 8 5 1 2 11 10 5 12 5 18 14 16 3 13 6 18 5 18 8 17 16 15 1 10 8 4 13 6 1 8 2 4 8 1 18 16 2 1 19 13 9 5 14 19 5 6 2 19 14 2 12 13 18 16 19 10 12 10 14 12 6 5 17 14 18 9 7 3 7 18 15 12 14 4 13 15 1 5 3 9 13 15 10 1 18 6 12 9 19 2 7 2 8 2 19 9 14 4 11 18 5 10 5 19 18 17 1 11 15 1 19 11 11 18 12 13 6 11 16 8 8 10 19 11 14 8 10 7 3 9 16 17 17 5 16 3 7 11 17 15 2 2 4 14 18 8 12 18 17 1 6 6 18 17 8 6 1 10 12 12 17 6 2 9 5 7 16 1 8 10 6 3 18 13 18 3 8 19 16 8 7 14 14 13 6 4 4 6 15 10 5 17 7 19 8 3 17 3 1 2 4 1 19 9 12 14 13 16 7 1 3 12 10 15 1 14 2 19 14 3 2 7 15 9 11 16 18 12 19 13 4 13 4 15 4 18 2 3 12 18 9 13 5 12 11 19 14 2 17 12 10 15 8 17 8 7 1 1 6 12 9 16 4 13 1 17 6 6 1 8 9 3 9 14 19 6 9 19 10 19 18 10 6 10 12 10 16 10 7 19 14 8 1 6 7 11 13 12 2 9 12 12 16 19 8 9 13 2 12 12 11 11 13 16 11 8 12 13 18 18 11 5 6 5 12 6 11 6 14 10 19 4 8 16 3 17 19 16 9 15 7 14 4 8 2 15 9 9 15 3 16 14 8 13 9 17 15 10 11 3 11 14 18 10 6 2 7 13 18 19 11 6 18 5 10 14 7 18 7 10 2 1 9 11 13 13 6 6 4 2 15 13 2 17 12 14 10 12 5 18 16 7 2 18 7 11 1 17 11 14 18 8 14 7 10 5 4 16 3 17 2 19 5 15 11 10 8 11 8 7 17 1 17 4 1 16 16 17 5 17 14 1 4 1 18 6 1 13 1 10 6 6 14 6 17 12 6 9 11 18 1 14 7 12 10 2 9 9 8 13 9 11 14 6 3 7 3 3 7 10 18 2 11 7 5 3 7 19 10 15 9 2 4 12 9 16 19 18 2 11 2 19 2 12 5 1 11 6 17 14 10 9 15 16 7 16 16 2 7 4 17 8 8 1 9 6 11 7 11 1 14 19 3 5 4 19 19 17 15 8 2 12 2 12 1 18 19 11 7 9 11 8 14 12 10 14 4 17 6 19 5 11 18 17 3 17 12 11 9 13 11 18 8 18 14 10 14 19 17 11 5 9 16 4 17 7 8 19 6 15 4 3 5 15 7 18 8 11 1 4 8 3 7 4 7 12 14 11 13 8 12 1 4 13 17 6 1 12 1 4 10 1 4 2 5 10 13 2 10 8 15 12 14 18 15 2 3 1 14 18 3 15 1 17 8 2 10 16 10 13 9 19 13 12 4 4 3 3 17 6 16 14 18 10 8 8 8 11 1 4 16 10 13 4 7 1 5 6 4 15 18 2 10 4 4 8 9 5 14 6 16 4 3 19 5 1 13 18 18 5 16 8 2 1 17 7 10 18 17 17 11 5 7 13 11 18 1 4 18 9 4 13 14 1 19 17 19 3 18 10 6 19 4 16 18 2 5 1 4 14 1 10 11 4 6 6 3 4 13 5 1 12 19 14 12 2 9 17 8 14 13 12 6 15 12 7 17 18 10 9 3 18 11 2 15 6 15 3 13 6 8 1 4 11 12 18 18 3 4 15 10 1 6 12 17 4 6 15 2 6 13 16 10 5 19 5 18 13 4 19 10 18 9 6 12 13 1 19 16 16 4 12 2 12 1 7 15 1 15 6 2 4 18 3 17 11 9 7 9 11 18 5 4 9 18 15 2 10 5 6 6 9 19 4 17 8 3 13 4 14 1 1 7 18 2 6 11 19 5 11 10 4 10 15 10 4 10 7 10 18 3 15 9 5 11 11 4 1 13 3 16 17 13 4 9 3 1 15 11 14 19 17 15 15 17 15 17 17 16 14 11 8 9 18 2 11 6 8 16 17 3 8 12 16 16 14 8 5 11 17 4 7 10 6 6 13 3 4 5 3 14 9 5 5 17 15 2 15 3 7 3 4 5 13 3 16 13 17 10 19 2 16 15 18 18 9 14 19 2 18 7 16 5 1 1 3 1 18 6 1 9 14 3 5 13 17 18 11 14 12 7 17 3 1 1 13 13 16 6 16 2 4 19 2 4 4 7 10 13 12 6 5 9 16 2 5 15 9 16 19 17 15 9 11 5 11 2 3 17 8 9 4 17 19 3 9 16 14 8 17 4 1 7 13 9 19 6 2 9 18 13 6 17 3 13 1 17 18 6 2 3 13 7 16 7 16 9 10 15 12 6 10 19 10 15 1 15 10 1 3 19 11 6 4 2 7 19 9 16 12 7 1 15 5 9 13 10 14 1 11 17 10 1 9 7 9 17 12 12 10 9 2 6 8 10 1 17 5 9 12 19 17 5 3 15 1 8 11 1 16 8 4 5 19 2 6 18 9 2 19 3 12 11 3 10 3 9 16 15 4 10 18 12 7 13 9 2 13 6 13 13 17 6 5 17 4 13 16 6 1 11 17 19 5 4 9 17 19 12 12 16 12 14 3 8 17 12 7 6 4 19 19 9 11 7 18 16 17 7 17 3 6 10 9 10 1 12 15 11 18 5 9 13 17 10 1 3 17 14 9 1 2 14 4 5 8 5 18 14 19 14 2 17 18 2 16 5 3 8 3 4 5 17 13 8 14 1 16 6 19 4 14 7 4 17 8 14 17 4 4 18 13 10 8 13 12 5 6 17 10 9 14 17 12 2 8 3 5 8 19 7 3 5 16 18 17 12 1 16 17 13 8 18 18 14 1 3 15 2 11 9 16 8 18 1 7 18 12 11 12 5 14 13 13 10 4 2 5 6 5 14 8 11 16 12 16 13 10 12 3 9 12 9 15 9 16 12 17 1 7 19 19 3 8 4 4 18 1 9 6 9 3 7 3 18 12 3 13 18 3 4 2 18 6 19 15 3 13 12 8 9 5 16 13 10 16 17 8 2 17 4 17 15 7 2 12 10 12 19 11 15 6 1 6 1 7 17 2 5 11 11 10 4 14 18 9 19 10 9 2 8 12 18 6 17 16 7 9 15 15 13 1 19 19 15 8 15 6 5 19 14 1 15 10 3 18 14 13 12 16 16 12 8 10 15 2 4 17 16 13 13 7 13 6 7 10 10 11 15 17 7 16 4 1 9 10 12 8 7 11 9 12 3 5 4 16 9 17 16 10 7 10 16 6 9 8 4 6 4 2 4 4 10 4 16 19 11 17 8 15 7 16 11 13 14 3 15 16 18 8 4 13 1 5 12 9 18 9 1 5 14 4 12 10 3 5 18 1 5 18 5 5 5 13 16 11 14 12 3 4 5 19 10 8 14 10 17 7 17 14 3 16 9 14 2 7 18 13 8 8 10 9 10 5 14 11 11 15 17 14 1 15 1 13 1 8 8 14 13 9 14 16 5 12 4 13 15 16 12 3 3 3 17 15 8 14 7 19 8 13 4 19 4 18 13 14 8 15 10 19 12 19 4 17 16 3 2 3 1 15 2 10 2 16 6 6 8 13 19 9 13 9 6 16 15 15 17 4 1 19 5 7 5 2 9 4 3 17 5 10 9 1 2 16 3 3 1 2 19 18 14 13 18 13 12 6 5 12 5 16 9 1 7 1 15 2 16 4 1 3 2 8 8 3 19 13 6 3 8 9 8 6 16 17 19 15 18 16 2 16 11 14 13 8 8 17 18 9 3 12 2 18 18 12 19 17 19 4 15 12 12 17 1 19 5 1 3 6 19 11 5 11 4 8 8 1 8 17 6 1 11 1 4 15 2 9 17 8 6 18 8 15 3 5 1 10 2 1 18 5 16 16 16 13 15 9 6 4 13 17 3 12 13 14 15 8 15 4 11 5 1 8 10 19 18 6 6 15 16 17 14 12 5 2 3 7 1 1 12 7 7 12 1 9 7 1 19 6 5 14 11 1 11 10 17 19 4 9 16 8 15 4 19 19 5 6 1 18 7 11 9 2 2 12 5 3 19 9 10 7 3 13 13 16 10 10 15 8 3 11 19 6 7 8 4 19 10 5 2 15 5 12 1 17 3 12 4 3 14 6 19 5 11 6 1 9 1 4 2 16 7 6 14 14 18 13 16 7 7 4 12 8 1 14 16 4 1 2 1 15 15 2 8 6 11 18 8 9 19 11 16 3 3 17 14 5 15 3 15 4 4 15 5 4 7 13 10 9 3 8 11 5 19 10 8 18 17 18 9 2 5 12 7 19 16 9 17 7 18 7 7 15 19 19 2 6 3 7 4 15 8 2 11 14 9 11 8 2 6 12 12 16 10 14 14 17 15 5 16 9 14 13 6 5 11 15 11 9 15 7 8 15 8 12 9 14 3 18 13 15 7 16 10 2 17 1 14 9 2 1 15 8 6 10 10 6 12 11 12 16 2 18 6 14 16 1 3 6 17 1 13 10 2 1 15 18 13 9 2 17 16 7 16 16 16 18 6 5 16 10 12 8 2 5 11 15 5 5 2 12 18 5 3 19 11 9 8 7 4 16 8 10 17 15 7 3 7 12 16 15 15 6 4 11 1 7 9 10 3 16 4 13 2 2 4 15 12 13 10 15 11 16 5 4 2 16 10 16 7 11 9 12 9 11 17 17 2 9 15 4 18 3 5 19 15 4 17 19 15 18 18 16 9 1 3 19 2 16 16 3 9 1 7 5 15 4 12 3 1 11 3 12 13 1 19 10 6 15 3 15 2 9 6 1 19 19 11 6 19 10 4 2 17 18 8 19 13 8 15 12 16 15 5 16 3 16 3 6 9 2 1 6 7 9 2 8 4 16 18 18 14 14 13 3 5 16 11 8 16 7 19 17 14 11 17 9 17 2 16 11 11 1 13 10 8 5 13 19 5 8 1 9 17 1 5 9 7 9 17 11 18 11 4 17 15 8 5 4 11 19 5 4 10 9 6 3 18 5 15 15 13 17 17 2 15 16 6 19 16 15 17 19 17 3 2 19 17 10 15 8 6 14 16 2 4 19 19 4 14 11 14 18 10 9 10 9 5 7 5 6 4 18 12 8 9 8 11 6 3 11 11 10 15 12 12 1 5 12 17 15 15 10 6 1 6 13 7 16 1 10 18 18 18 15 15 6 1 15 14 17 13 2 1 8 6 16 8 1 6 8 14 19 5 6 11 10 9 4 6 18 18 12 2 8 11 7 8 6 4 7 1 11 14 19 9 15 1 2 1 12 12 12 10 18 6 8 16 6 7 13 18 11 19 16 6 13 9 15 6 16 16 11 1 3 1 12 9 4 12 17 8 7 16 19 3 17 3 9 18 2 4 15 19 12 6 13 10 2 16 1 11 8 18 19 19 17 8 17 19 16 19 1 13 7 9 16 15 7 4 19 16 10 7 13 13 5 15 10 18 5 12 14 7 19 19 1 8 2 12 19 11 10 4 17 8 1 14 10 11 1 11 12 7 17 14 17 3 8 6 4 2 13 6 13 17 12 5 7 
// di
6741 5660 1034 6859 7369 4934 400 8777 5815 4538 2968 6153 6125 6033 6688 6358 8106 1977 1868 2756 5833 3646 6895 3051 1298 8570 4275 6581 6249 5127 7360 2052 4703 7719 6068 5632 2637 327 854 4350 5158 6224 4708 897 5552 8282 3061 963 902 7888 7022 1616 6081 2484 5009 5810 8095 1374 790 5197 2158 6831 7913 7155 1015 4086 2316 3551 6097 6435 4942 3010 7105 2726 6183 4344 1492 2462 320 5592 1807 1718 2061 3407 4344 680 1755 7407 4962 5849 5780 2928 4029 5688 7300 7426 82 6245 6744 1105 3720 5928 8467 8490 5073 84 1932 3734 8967 8606 5646 1518 5645 453 1456 8729 710 5 679 6839 5961 3714 3388 4257 547 2511 8526 4006 938 6799 6635 4987 765 3174 294 7782 1589 8380 2104 8748 5859 3220 864 4197 6421 4665 1176 421 3084 7018 4904 2554 6750 2923 8539 3039 8349 398 48 2660 8800 1385 1040 1067 4190 4898 1776 6166 4403 3630 854 3284 279 8179 7657 8728 4121 7059 515 2575 2153 2760 2938 4005 8515 7910 2624 7844 7406 8700 6989 2051 1027 2355 3664 994 4704 7345 7677 926 5553 5787 5779 6283 6650 8019 6827 7655 5962 7374 5294 6766 5135 2662 678 2087 5403 2192 1657 771 7231 6017 3273 6555 5262 3647 4669 7343 1627 3490 1892 5709 617 3524 8807 1614 6585 6366 2041 8723 1481 6924 3365 7148 6924 5427 4997 7197 4614 1293 6382 3014 4540 5046 8180 5061 3453 6154 51 7217 4385 6377 4636 3721 1343 3596 607 2031 5345 6351 6117 6660 2431 2388 379 8671 1513 3028 806 1506 7853 7697 6104 4759 7087 4751 6887 1034 245 3623 6859 7615 643 4985 6901 8390 5147 3071 2454 2761 5171 5707 2611 8632 5835 8468 1445 245 8726 7983 487 6062 8127 7115 5673 5199 5308 7114 80 4579 857 315 8214 2361 5557 341 4055 6219 3129 8262 2371 2545 5989 917 5713 8330 3758 5753 6763 5054 5333 4999 5797 6679 2476 5325 147 5889 16 2461 2094 7366 6199 3251 7560 371 2649 5775 935 6358 2585 4421 7828 7690 7364 7168 6957 5333 2779 3358 6982 4835 382 2471 3080 5500 5835 22 4656 2291 2584 8172 6439 7811 7800 1914 7198 1736 1319 2329 7611 8121 7413 6397 5528 2033 8552 8835 4027 848 5383 3616 7053 7260 1499 364 8451 342 7272 3964 1420 8323 8912 4769 343 417 1702 6814 7990 1530 7924 48 5310 1166 4039 3625 4837 8323 8518 5890 7627 8753 6145 8309 6617 4839 1178 6830 2818 3887 6348 4224 750 1753 6735 5276 1787 1113 8169 458 2293 5401 358 2998 900 7206 4395 184 2136 7341 3052 1461 3815 5375 5203 6595 6482 4306 2110 915 2063 5787 6522 3081 5994 1899 1608 6768 801 8296 68 7067 5184 2859 1278 763 6170 7034 8208 2476 8474 5362 5356 7908 6887 1292 908 6723 6866 5569 6645 6506 269 5858 2209 1262 39 8345 7201 1163 3419 2514 7993 7485 3018 3093 6548 6293 7965 4165 6573 2028 6568 3957 7770 2008 7807 6863 8074 7150 7486 7220 878 6027 5855 4127 8789 8008 5418 1342 7210 7184 5494 1163 8565 1059 1827 4144 5593 333 6104 1686 5800 5285 553 3314 517 7286 4665 6283 4285 2426 2710 4407 4393 4908 3554 556 4168 3234 5380 2935 2532 3248 6785 5587 4378 733 462 618 6107 7252 2350 8037 5358 2991 7027 5412 1414 4538 3456 8774 211 3286 5427 1174 8016 6933 6610 5179 7621 3207 8853 5053 1862 407 4143 6408 7530 13 3848 6620 1516 161 5450 1745 459 8248 4564 2430 4564 4798 7972 6475 2671 4269 545 245 3197 5506 1353 2591 6252 2871 7168 2622 1755 1443 2292 681 1844 2293 7922 515 4566 643 1694 3560 4661 608 2429 3484 8258 4082 7890 4579 5443 7706 6665 977 6317 4109 2430 6425 8515 7842 4062 1399 1957 2835 2398 6724 3572 203 6572 1635 7390 7930 5522 7292 1444 4748 4947 1757 4611 5130 4771 6391 2459 7904 3237 6216 8761 890 2003 5497 5790 245 4404 2087 4403 1489 5916 5420 1020 2317 8302 664 6775 4400 5383 6980 6776 5165 5338 2610 4254 6646 3139 6047 3241 6729 4808 667 2417 1335 3068 2008 5107 4398 6138 5725 4977 7557 8678 2872 6234 7887 4643 6681 8466 3877 4207 7213 491 8826 5726 600 8050 3571 6623 2730 315 7401 983 4057 65 5471 1542 7607 2379 2982 5294 2034 4620 379 4014 5859 7984 1262 5435 596 5506 5115 6146 7035 1304 4397 3518 7194 3526 3222 8163 6156 820 2329 6437 8240 5202 6764 3569 7286 1609 4244 3404 6938 3688 5405 7101 2783 1962 5421 1060 6928 2769 6795 7117 7084 394 8937 930 261 5053 5346 2255 1282 4513 27 711 3029 8012 4060 529 1449 1098 6985 4068 2781 2914 1930 5923 8876 1139 2531 4159 98 835 5371 41 1221 5176 8341 5271 5800 62 6165 1426 5368 8984 3355 1877 5711 1909 6020 2757 8555 1456 1779 5454 3155 8204 337 1685 3917 5901 3506 806 3270 7261 2844 4372 2804 4155 3708 801 1952 5268 303 6092 7178 6118 483 3338 2544 2622 5453 7427 8349 4265 8467 2018 6983 8598 8382 3936 126 5105 4719 5303 4730 5432 6242 969 5246 3896 3132 2214 1162 8322 8579 3632 1522 8286 4683 4456 8676 139 4624 34 4860 3922 234 1333 7766 6522 7000 2251 1100 5070 6521 4228 4601 3083 4516 4697 8165 4087 6536 6393 6032 2845 7197 3506 713 6502 7143 3451 644 6892 4256 6477 4392 1633 8543 8861 5703 5252 702 633 4826 2909 3014 7261 2797 1363 4932 1903 8 7068 8150 6928 8891 6983 7670 3898 4757 3009 2828 609 3685 5012 4055 8447 672 1855 3079 5209 943 5322 5563 3420 6211 6994 155 6857 6220 4992 3516 7308 4515 5366 6377 5228 7603 2120 1419 288 3409 6854 7512 4580 8185 3795 3210 358 2568 2698 1911 5981 4816 5445 1188 3760 7309 2364 8112 8587 6160 985 6043 5265 4580 5525 5550 1116 5397 2745 6548 7102 7343 8795 3632 5640 4888 3680 5400 4619 2061 1137 1909 4941 7636 789 5998 6767 8654 7426 736 8216 2110 1873 1154 4246 8043 2077 8763 2487 3856 8056 4874 353 5544 1336 8474 7686 3642 5687 8089 6699 955 3842 2113 8491 21 5614 4927 2907 1968 8521 3459 8169 7186 3775 4582 7649 2221 5724 5477 3518 4130 7737 2751 5653 8253 8263 6434 3526 3779 2805 879 8136 4790 4062 5128 8799 128 3793 3588 3614 3600 3188 5477 4295 797 3015 5291 8973 238 8876 5750 7670 2062 7482 8087 2415 6795 6868 7289 8378 6107 5770 3804 7597 2948 263 6731 2449 543 8758 8950 876 1713 7842 6813 8189 3593 4996 8292 8253 36 1512 8529 1833 8047 6578 8032 8556 4347 904 2923 3344 1738 2557 103 584 6451 3153 1454 4018 144 6819 6670 4655 7729 1433 3876 1825 1638 415 5255 284 6609 4791 2508 2310 7078 6256 2142 5010 8510 5258 3636 2028 966 7676 3852 3062 7400 8414 313 4364 7588 4262 8211 1423 1305 7522 6177 5732 8814 8479 8243 2808 4521 2351 1573 3646 6459 7347 4828 116 3918 4181 7558 1850 4075 3651 1106 3778 1001 124 4775 337 7239 719 5138 5885 794 8575 5666 8895 3536 4345 1175 5785 8512 2069 911 2406 2127 5028 3981 3594 3408 8828 1934 3029 1144 8535 1383 8493 1038 4309 5500 3204 5715 3371 1599 7779 6436 1614 4907 1500 3957 7315 6584 1790 796 1320 4729 1480 8195 1858 5092 5510 6254 6012 3098 4448 4362 6372 5184 2901 8742 6471 7599 3810 6382 7675 2261 3825 8370 6047 4743 8782 4523 5382 2713 4222 7528 8570 4980 5843 2632 5809 469 4000 1147 1814 2932 8322 4654 5982 5036 5001 2298 442 534 6750 8929 2395 3098 1070 3305 4088 602 5153 6303 1533 8426 2842 896 5907 3016 1587 5579 824 1406 4498 1268 1274 1573 8379 654 6522 7089 7826 2653 6143 1536 5171 5265 95 6782 3951 198 7206 2517 7476 8056 4815 5265 7113 5449 1897 7130 6028 2505 2175 2225 8877 8438 2452 8304 6014 2179 3193 7411 6544 1170 8133 5626 217 759 8882 6719 8295 8167 8971 4587 7911 7212 7937 7200 179 7233 4743 5627 5982 4670 5411 5502 4434 5572 3299 8572 4493 8215 8653 4336 2879 2654 1312 241 1133 4430 1887 4992 4088 3944 8360 7733 2342 1330 7472 6298 8805 55 3499 1962 3369 383 7187 7278 4411 2300 1056 7354 3085 8090 4016 1579 8425 3722 6826 6713 3814 1979 1985 4796 6515 5015 8245 7025 1608 7043 6839 3951 1528 2941 2967 452 2986 5419 8119 4714 8633 6222 3163 6529 3295 8274 6589 4392 5820 855 3993 682 6165 3055 6607 6221 5610 3779 1516 5590 5101 5409 271 6931 7896 84 8021 527 2232 1323 2579 3904 2793 7714 8740 7082 505 4498 1218 2112 1215 4114 5428 6686 686 5776 6613 3120 319 2816 6450 4708 5415 2760 8630 2502 3532 8911 5932 3340 733 7233 1548 6877 2278 7179 3925 1983 5304 6542 490 3480 4617 3486 4462 5850 483 2629 2233 8826 2888 8879 8731 1458 4877 4042 5611 973 3376 3728 2175 8160 7737 7684 7641 8152 6890 5538 5209 3814 3375 5464 8344 7189 2662 7780 476 705 8640 7183 684 5581 2584 4286 7999 5693 4637 5236 670 7092 789 4281 1937 8055 4138 8473 6078 4746 7035 6146 747 8658 559 3657 6358 1222 4316 8449 4359 5173 3348 7555 1355 7690 4479 4284 4897 1995 3671 7821 3455 2935 7541 6020 370 2316 6067 8077 4116 8235 306 7917 3564 924 4690 5806 20 6883 971 7931 2040 642 7361 2483 8300 2640 1118 6884 3121 8262 6107 5685 2346 1799 8141 3370 6626 3113 8843 533 3319 3085 169 2850 7830 5824 3594 193 6668 2166 4702 2317 5560 7935 4816 5894 1163 7339 7379 2594 6699 5858 5428 7492 3307 1664 6485 4504 6140 8068 1323 606 2575 509 6519 6922 5885 1345 2821 3421 8422 5314 6748 4451 2258 5414 8073 3461 5959 7993 621 6472 1172 846 1076 3557 4007 3398 1201 2379 3260 6619 8563 7396 6460 1115 5944 4097 7358 7966 7375 5224 8756 7430 5588 5994 1963 683 826 5287 7269 2559 6409 622 371 8635 3678 5535 4399 4523 8361 2873 4264 2476 5500 4767 1133 7323 5249 583 2594 4574 1515 7938 3385 2842 341 705 1123 7182 3638 3658 7734 8476 3253 6204 8581 5511 7504 987 6318 5112 648 5821 6834 1861 7970 3987 3064 6154 4066 8645 4051 7778 5264 6792 6358 6976 5926 8632 1803 3139 7610 6923 5809 7482 4571 244 1929 1086 6775 1457 3381 676 7933 3666 4505 7502 6120 1498 3911 921 2121 7471 3608 3747 5490 5183 1844 2337 4899 1872 8318 1859 1068 8639 5308 4058 5892 5785 4604 4601 2496 1575 8843 1141 7262 2115 6816 3734 3973 3534 4682 1474 8618 7372 574 5441 8495 7851 2703 5892 8125 5329 5200 2314 8137 6226 4575 7065 1911 8143 3333 3150 2659 5626 4822 7504 5343 697 3979 8601 220 4009 980 598 4848 8035 2408 903 6848 3061 8976 6267 6702 995 4994 8437 1155 703 8990 4561 7953 8643 294 2415 3212 1407 1033 5019 3116 8698 6559 5213 2927 7245 7131 615 4723 5869 469 4011 2985 4439 663 6715 8700 7034 6601 2378 8289 2682 572 2120 4317 8842 2910 1864 2651 8639 8181 7018 6575 5697 1891 6615 5208 7847 4755 6036 302 1492 4465 5841 8872 2160 4892 4813 6832 7054 4677 6254 7562 8767 6681 2936 1724 4463 5305 2932 7034 1080 3951 4921 4047 1559 6626 1546 2999 5542 4035 5872 6224 2987 5037 2544 7227 5836 3323 7867 8206 7629 72 514 8397 5085 365 8738 6739 8071 6809 2795 6159 348 2567 2915 2761 368 5411 8254 9 4848 394 6453 3256 4959 4697 7891 8405 902 1289 6544 1151 5760 2431 1413 43 140 4548 870 3288 4367 4591 8926 8017 311 6470 3683 5560 7577 6669 2175 2383 8044 2258 5889 2823 6087 2270 5932 1624 1978 1732 5036 5975 5783 3923 8716 7867 5774 2671 391 2489 1399 2392 164 4125 2444 4211 7259 4813 3812 8680 4477 2228 2319 2890 1191 8150 6308 1505 1937 7602 379 5476 840 2997 271 4136 1517 339 161 8111 1045 1296 4332 5940 2196 4648 2428 7912 7910 7266 3648 6286 4823 5943 6467 291 616 873 1843 2582 4040 1897 4046 8408 2552 200 3713 914 8812 323 556 520 6794 3080 132 4276 1782 6965 7787 7690 3950 424 3429 3399 6543 8568 5910 823 1597 524 1035 1008 8252 4753 3166 3161 6448 1903 7932 2983 815 6393 3584 5114 5577 3097 3699 7924 4660 5301 4154 7724 2060 2617 4616 8877 6146 8613 4977 5666 7680 7326 5765 1544 3838 354 5014 3873 3476 6814 4998 1971 4557 1666 4073 89 791 1802 4860 5649 1040 350 2511 5636 3816 3307 7551 4858 6347 2407 6005 5121 272 6074 2864 3824 4608 5263 2151 2140 2639 2495 3592 406 8731 2523 1478 6768 4645 3372 7284 6621 2948 6755 6101 3032 7017 436 281 8452 7566 5524 381 1924 6392 7372 424 3348 3560 4587 5613 6392 308 5945 8187 7905 4322 3546 1082 1407 3952 1028 8157 5205 3321 1388 2119 4233 3360 2243 3265 1424 5126 8763 6226 162 261 272 461 1541 5358 1882 4489 6868 7598 2229 5651 8328 6561 5077 7503 3239 4723 7146 4055 2733 4606 3231 7559 5799 2418 6516 7304 6621 6171 5717 627 1423 7631 2060 8421 8782 5493 1363 5938 8202 7424 8116 536 3457 7901 1427 1080 6510 8591 72 4542 4184 3564 4217 8931 766 2234 8384 6499 7230 958 4141 1492 102 1057 2702 1295 5302 616 1716 1730 420 2427 5535 8104 5638 1450 1381 2056 8030 2806 751 8179 3877 461 2009 8369 2747 7006 691 7637 6725 5401 6239 778 5281 6426 6435 2961 6517 3547 2982 1180 3741 1985 8564 2956 4510 2227 4346 2757 2754 4840 1214 746 7955 2975 2857 2097 7348 4491 108 7584 6728 5990 2502 2813 6299 3110 4572 5397 5493 5765 3084 8468 1224 4142 7650 5589 5066 8662 5279 5788 5419 2222 6331 4868 7260 3858 2386 2557 3408 625 5563 4524 127 3730 1433 2524 5883 8067 6266 1183 620 6580 117 342 289 108 1489 1761 449 1402 3350 5763 2833 7488 6633 8366 8495 8697 1725 7328 5791 2373 2612 7605 4051 4625 880 1338 2964 6762 5005 8128 2332 8840 8310 6919 6096 8006 502 4443 4463 5791 7928 598 6558 4570 5158 180 1916 4986 3379 1089 6602 5177 3931 1297 2066 4164 645 7130 2775 3554 7587 2646 3855 3251 1527 3035 8450 7346 5043 4315 7557 3492 6296 4077 3221 6703 4573 2862 4450 5611 5492 8365 1177 4870 77 137 8569 5191 5643 2881 4580 2283 5561 7844 7292 191 7090 699 2573 6879 44 8346 3447 5095 1029 1380 6167 8922 7864 2403 8386 562 252 1222 3026 5950 1719 1455 8923 7162 5090 5401 7863 1618 6361 5817 369 5844 1742 1804 565 2244 354 4883 7949 3535 1353 3550 1930 7293 222 6303 375 1958 4131 1506 2749 7226 6142 8352 2679 743 547 1438 7248 8852 3808 3416 8110 5630 7364 920 1970 4992 8093 8927 1503 1609 5853 8459 6640 7017 4460 4367 1127 7753 7116 3019 5424 2426 6387 7351 3025 1680 8068 6542 3005 3892 280 776 2715 5312 6509 968 7065 934 5797 4421 8556 2208 6211 4192 7485 3953 4524 5022 7388 8043 6456 2147 6493 6589 3956 1546 3484 2874 8295 1139 1591 276 6328 7244 3110 7798 8135 4315 5402 5157 4498 734 2596 311 2850 3927 3794 8866 3914 5229 8025 7221 8164 6431 863 1437 4866 2481 7780 8440 952 3046 7304 2677 4371 2992 4195 2815 6017 7965 20 3903 7288 6542 8923 8505 5252 5773 6544 595 2723 5061 2494 1470 4644 2494 8124 7787 8262 2705 3848 681 4266 6229 8821 3994 5764 3496 4936 1017 4574 7965 1660 7709 3635 5990 4494 6318 6906 7913 3416 2028 7033 5296 2660 4014 7936 3114 6563 6995 6429 2447 2303 4328 2568 7799 7104 1576 478 1479 2043 3156 8556 7245 3732 3724 2253 7736 3207 2435 5693 4175 854 1442 2694 4157 4944 6968 5207 7473 2265 2518 8806 7826 8442 7020 4478 5487 233 5917 484 564 7022 5283 4794 4112 1253 4418 8552 7393 5341 317 5643 2227 1346 942 6129 3560 8803 58 6888 6854 1885 4639 7244 3679 215 7679 6576 5805 1269 8901 752 8686 4462 1737 271 4432 2267 1077 5787 2332 2241 6193 1556 7667 2054 3883 2175 8669 8856 7699 1199 2059 3084 2553 8241 7795 8256 6811 3433 6283 5627 4985 5106 704 1974 2698 5975 1210 4413 2250 7484 1992 8536 2016 7615 7199 4068 570 1778 6940 3366 7218 7370 7338 7121 8985 3822 8371 8092 8037 1197 8167 3180 1706 3429 589 1852 7287 4378 5236 2138 1057 4634 5528 1889 635 2654 3882 2957 6628 5520 3110 2089 2829 54 6519 833 1211 4160 4423 6352 6558 3008 7626 7943 7712 8790 326 2460 8983 3598 5852 188 8457 4636 47 2832 3540 7153 6852 7702 5799 501 1593 6665 2689 3476 8007 1540 6280 4745 8095 4088 6283 2151 3923 8147 3016 1063 805 4649 5744 8777 6233 43 8238 2039 7283 749 1126 420 3019 3771 6903 471 6675 1857 4854 1501 268 847 8447 4481 4646 5990 6851 6394 1810 7771 5111 2413 5266 3639 3587 6791 6260 1175 1480 6772 7824 1837 2377 3612 6567 6163 8614 7393 4204 6987 8192 8836 2191 4082 3799 3471 2435 7348 6670 2115 4463 6478 2828 6238 4131 8510 1509 6157 8255 6413 577 2409 8047 2979 7646 5510 806 4490 5515 3706 6985 8827 1776 2972 3125 2347 4047 1271 2244 3167 7580 321 5670 163 3611 5444 8670 5942 7232 2915 2439 4664 276 592 4735 2416 3569 1817 5128 2252 424 290 1373 4519 5868 4842 7471 1265 4900 4915 623 1673 8163 4703 2894 2638 725 4563 7051 6081 8005 3803 1390 2064 6421 3085 7496 4958 2856 8620 8757 8907 3011 3541 4954 8015 7210 8379 2104 7710 6663 5787 6876 2712 5199 739 1178 6461 2177 8707 6239 5478 8305 5538 3331 7355 12 7365 6046 7756 3824 5945 1624 2599 4409 2084 14 4004 5260 8052 7866 7523 3022 6761 4160 3718 4653 7224 6471 3533 1628 6869 2618 5361 7714 7964 3930 8227 2974 5997 8048 8962 8516 3409 518 1046 1247 6455 7486 4423 5277 8377 530 2644 6734 7145 8161 4407 8155 7902 7502 7396 7046 5649 5947 1409 3627 1029 7303 6987 7926 8402 6725 7744 8379 6057 1391 899 6675 5298 5247 4447 3937 8940 3785 2373 8515 2885 4976 6911 3603 1527 6173 2232 718 8011 49 7921 2944 4680 8543 1317 6364 7303 2366 4852 7836 3001 6035 4647 7113 5960 429 7502 6628 6502 3868 5706 7608 2540 411 1331 1423 3317 7266 1576 4309 2313 4549 6290 362 493 1866 4941 3139 813 1527 4147 7589 7384 7697 658 3475 1871 6956 3835 583 1126 1146 7995 4552 2588 6069 7791 6608 7456 2641 699 8542 58 7436 2846 6730 8047 2180 857 1330 2228 7400 3135 554 3355 7678 4445 6210 5471 4094 8831 5187 2133 4252 4294 3301 5235 3084 3460 5288 8486 6438 427 5631 204 2435 1136 2381 7851 7941 6300 3181 6468 2713 4204 3907 1309 4341 4803 3933 8854 213 2703 1974 2430 2568 6030 2262 7050 2318 6540 6493 6261 1933 6093 4449 3492 2384 1914 5420 3383 6584 3033 6436 306 2672 7398 8789 2544 7165 4263 1509 7239 1372 4523 5163 4556 565 8674 5261 977 7221 1029 6681 7665 4613 7086 285 8415 4371 5687 4975 5074 6805 947 6744 1820 5545 1736 7069 6988 973 4086 6254 1237 4084 3994 1181 5647 6468 7193 4069 7056 6048 1792 5180 1592 5801 1985 4399 1346 8838 4285 1214 4448 1844 2251 4002 1608 641 951 4476 4406 2526 6746 8830 4166 4674 2725 7432 5476 953 5324 5185 3228 3842 1267 4998 5170 5886 8158 956 44 554 5043 1869 7706 6577 1804 5489 1163 8356 4871 3668 3458 3627 8824 4244 5311 8169 5185 2855 2651 5171 7477 8336 2264 7069 3093 2839 7859 3162 1427 4477 1768 7513 3722 247 1327 4505 2298 1713 1536 5781 4257 1304 3615 4317 4428 8630 7360 1798 7012 5678 4346 5260 1498 4073 1319 903 6744 6891 5390 6835 2924 1375 4295 2915 2672 737 3656 4973 1797 8242 8490 3922 5033 4910 8134 3076 4591 731 7251 3251 3184 7325 5835 8878 2359 2745 2343 6783 4784 6574 7021 3973 1390 8351 1221 2018 2747 5945 4354 2132 1445 5100 2986 1615 7056 7601 5931 6529 3658 7773 8652 6182 6899 8090 7991 8303 53 2267 8664 1505 3352 4817 6786 4754 7503 3056 203 2439 3730 5808 1819 3732 4428 8813 2290 7715 8932 3193 2812 5090 5980 3424 4756 3415 1710 6653 447 3110 8488 3041 8728 7919 4183 6240 133 936 4418 2646 1065 3574 8365 2036 2140 1692 3308 8433 7864 8877 4720 5198 905 8254 7849 374 4330 5547 8878 7197 3593 3105 5254 2867 4646 2415 3632 3642 2512 6845 8085 3682 474 1441 6870 635 1127 5902 883 6296 3143 6556 5938 8195 2582 8153 918 78 1115 1100 2084 1032 638 7187 312 3757 7305 4479 3379 7163 2602 2503 2041 2315 2266 7924 8061 67 5259 742 6316 8788 8897 5973 4201 8221 7306 2810 8483 5832 7548 3993 3906 859 1568 7510 3219 6328 5877 1774 4881 3097 7048 5386 6433 4103 1232 8935 6678 7154 36 1431 1050 5178 7058 4455 1705 8797 2279 470 8889 7073 1418 695 2882 6545 1159 8628 6785 6226 7926 6412 512 7952 2722 1340 5308 713 3266 6423 407 6530 5832 6033 273 1935 6688 5677 7774 2745 4460 7372 8127 8274 532 3602 2110 3637 4209 8512 8281 1580 3407 6734 4176 8811 2277 1422 1790 7422 5317 6694 8328 4 2934 1080 2180 1048 2695 1795 5601 3506 857 3416 4289 22 4307 2975 8951 6489 213 760 8579 128 4820 1853 4983 2365 7680 1631 6834 636 5481 8712 5948 6752 8947 5518 5094 634 6627 8579 131 3902 1307 7001 6244 7198 4314 4964 8736 2164 5270 4895 5730 2021 2160 8479 7459 6663 1930 1859 1931 3675 8897 4529 4715 2390 1743 7075 8077 1700 8610 8679 5738 1633 5892 872 60 3775 4837 6087 3963 3188 5144 6956 8281 8406 2529 5112 4258 8254 2538 1658 8317 6974 6889 757 8116 4473 4595 7507 5298 7858 5356 1580 6911 2659 5415 6276 6996 7759 7523 4783 8541 2533 8678 8519 5205 5075 4922 4850 1321 6840 71 3369 2158 5011 7875 3164 7 8240 4388 5574 5254 2794 5345 3047 8942 2743 1304 1900 7974 6080 796 2273 5521 2961 3850 7385 3093 5288 2433 3366 8045 7291 8579 8918 2882 1663 222 1218 4288 6466 622 4948 2573 2816 8060 2054 7935 6977 8171 1235 6230 7781 3366 4133 7531 8422 3904 8004 6891 8976 2810 2505 3799 949 4778 4674 3451 5868 2384 1433 7037 7939 387 8351 5593 2684 6927 1701 129 214 1909 4147 7349 6712 7437 6310 6576 1835 8168 7265 8845 4307 2295 7534 7330 8848 270 2792 6933 2151 356 701 6432 5564 5496 3609 1197 633 888 4044 6429 6551 5173 8722 7298 8479 6286 975 5424 3386 6585 1508 675 6283 825 6861 2245 3934 2541 3493 2393 4983 2453 1454 4700 1835 6683 795 6096 108 1248 8191 3164 3351 3880 5601 7525 1872 3623 8632 5164 5606 7489 1507 3055 6471 1039 8074 2297 7131 2399 2631 6439 6808 6166 4023 5750 6238 8524 5558 5528 4542 2912 2572 4053 4668 7657 2808 2403 1754 8274 5199 2753 493 2034 5203 7377 3505 6744 8615 1669 2344 5377 6834 1100 8225 6268 5046 1357 7273 6927 4222 66 5031 231 266 4104 4575 3031 3673 7186 6306 2998 7815 2987 3709 5689 3098 3583 4791 5183 109 919 5784 2138 4294 1959 6126 7528 5732 8609 4811 5519 2857 3224 2480 462 3764 2442 2160 4416 8992 53 5391 3175 7485 8861 5889 3819 5608 5474 3162 5747 7596 4501 2285 1018 3197 1296 6540 5460 8998 2352 7511 6627 7616 379 6882 8766 8141 3464 8738 2499 3774 935 2655 6255 4633 3974 2036 4532 1907 8520 8010 7161 5878 2376 5465 3039 3314 2672 2032 8636 4119 8327 6212 8517 7079 1374 7398 7751 7584 4400 2082 3722 5792 4101 2643 3246 5631 6092 2356 8331 1383 4856 4035 8590 2631 7860 2239 5949 8902 7105 6222 2553 2207 5096 1701 4149 4171 3932 8491 7064 902 356 1091 2052 2317 7938 6349 8174 2740 1416 2809 3344 640 4441 1324 7952 7200 3899 4410 1806 341 731 8563 200 3896 891 2246 3984 3951 760 5567 785 4072 4660 6539 8891 7052 1411 7580 8423 1178 7595 4010 7775 2566 344 6571 974 4297 5833 7450 4178 7344 6566 8276 6168 5408 2729 2750 4403 5033 5407 5577 3171 8831 7274 7228 2246 1640 1361 7420 8018 798 585 1700 8321 8867 3015 2525 4073 7672 6884 8932 481 3860 7737 6828 1912 2002 1221 8169 3241 3077 8087 8379 459 7674 864 5249 5813 8482 4340 8201 8115 5282 8740 6076 1612 3594 7860 2538 797 3890 6818 3235 2307 8589 4758 3567 2572 1156 6697 1590 3175 2639 957 8340 2348 2534 8206 4704 3108 5192 6871 3430 8744 8362 2208 2537 2008 1119 4374 5606 5037 5915 7365 3775 6991 1127 2157 188 8773 7460 5685 8611 2250 5676 2671 3773 309 5393 6600 5090 4598 2278 1084 5030 7634 4622 7548 2964 5016 439 8017 1526 6480 4537 8036 226 4324 1995 6882 4689 2108 8978 3366 6013 6515 2440 6804 3169 4210 7840 5438 6649 7507 946 2232 2554 3249 8184 3750 7707 3425 7814 5811 6335 5344 2295 1481 1302 7819 679 1201 7302 8725 7778 7285 3370 219 5618 2369 4081 1505 4632 5438 870 4871 8597 3543 1231 1228 5255 5134 1490 6093 708 3120 4724 8632 4137 1000 4617 3278 2769 7747 3584 758 4613 6941 7117 4277 2804 4988 8962 2669 3131 470 4996 713 4818 5511 4518 3976 850 6451 8227 3585 5074 2479 7490 1672 439 6368 8889 2470 2050 997 6609 312 2641 8909 6028 7222 7884 6238 1585 8300 5338 6644 6831 7022 7888 8468 871 3629 8235 7588 3495 1652 5795 5496 1724 2086 247 7188 2192 8243 1363 5658 8418 7223 7761 27 6133 2298 2940 4336 1727 5883 2406 8647 2060 4819 6074 7538 4751 190 8296 5914 4669 6662 4812 7931 4062 1822 7071 8514 7385 330 7206 450 402 7937 463 4224 4033 2868 7314 4288 2003 7593 3530 1853 2488 5717 1082 5094 7888 7480 8922 5382 2521 4986 3356 4855 4137 59 4333 6957 7005 8755 6547 8299 7913 2439 6586 6956 5062 4051 8147 8421 26 5088 5209 5761 1712 1598 2018 4198 2486 8308 4663 7872 1941 3604 3444 4066 6619 4609 5796 5714 559 1775 936 8309 1284 8721 5145 6228 7612 8230 1481 4572 5516 6334 4410 5877 4694 5908 198 1383 1073 5375 5035 7643 8029 8286 1100 2234 4270 4262 203 159 3450 4549 2337 6466 703 1117 6471 5867 2148 2488 7908 6409 2823 3921 1205 409 2094 3464 4291 4315 1848 2991 4117 2583 7548 1777 2293 4816 2816 3565 4646 7529 6993 4900 7738 3837 1006 4618 7023 8290 2762 1274 4367 1939 2129 5357 6284 901 1457 1632 5478 5749 7682 5729 8460 1650 8853 6371 4917 862 3801 1264 720 7130 447 1601 2867 2154 5759 7568 4250 2984 5119 4851 4287 6058 1939 1027 5731 939 6674 6609 7746 655 303 6405 7146 3589 8415 5874 5416 5712 414 5435 7865 5011 8905 2668 4518 592 3760 6601 6862 306 2835 1039 634 898 6614 6113 7023 6978 823 914 2699 7733 995 3498 614 2651 7896 4240 3673 6656 5516 8015 6859 8361 7452 39 8775 7344 985 2463 5113 8375 7999 5166 464 919 786 2417 143 285 8607 8081 3252 472 1841 4147 8253 1918 2076 755 626 1395 1771 2018 8573 3497 1001 5341 5202 505 3773 3909 4129 4858 5613 8713 2729 5908 7004 8702 10 5464 6794 754 2931 7236 1520 7248 8224 3852 2743 5680 128 7673 2218 2276 7726 1856 1096 7329 3107 4295 8602 8192 7047 3221 6048 2035 2655 7957 4630 6129 836 6758 7614 3842 5411 5177 5274 8165 1794 3149 1891 4380 8129 2026 4205 7003 4370 1538 1703 4971 3291 7217 4796 2078 1149 5606 5481 4791 4287 2835 3661 189 2153 8147 5313 639 2306 502 6375 5387 2068 5995 1297 1025 2736 5372 5871 748 5516 2130 2912 2076 8508 1577 652 319 4690 179 5348 5319 5568 5500 7389 6788 4239 4611 2285 1839 3011 371 7929 5715 6770 8494 942 5436 1081 7760 7235 6877 1593 673 1666 3528 4713 8107 7573 4330 4401 701 4516 6718 1618 7563 2595 7253 3391 3067 1027 731 2292 2887 6805 8421 5139 5512 5368 653 3308 2416 3934 6556 3953 3202 7878 2436 371 6953 1316 674 2612 3476 3551 3626 8191 4238 7199 1854 2854 6741 6925 1029 6913 6476 6679 7635 5222 7858 6905 3784 1513 2120 603 1155 8862 8627 8494 2969 560 8390 8086 4785 7054 1984 674 8819 4804 6988 3853 6168 2387 1225 3222 7712 6907 7553 7532 8275 6372 1969 5442 4838 3038 8074 4941 5788 3329 7534 5929 7509 3869 3703 8858 4107 8871 1848 5543 890 4260 4934 3848 3321 3096 1290 7016 1552 4874 2325 1356 1164 6885 2461 8428 5609 7655 3585 987 6107 3197 7798 5701 5487 1946 1015 1725 6869 3672 1110 3504 3491 3091 3806 4260 1886 2888 2161 7492 4316 1727 5719 5369 443 4773 1264 8424 5043 4440 2439 1390 4260 1284 6522 6317 2141 14 5085 8772 1179 8863 6135 8754 2189 6185 2478 8827 1307 5458 5787 1893 454 4501 7298 1486 8248 4716 3818 6460 6746 8454 5732 7184 167 8164 2678 4365 6987 6632 6157 8861 3854 4265 1572 7208 4274 2816 4571 5680 3617 7214 18 5757 96 5169 1268 3026 940 1778 1354 2660 5362 8152 6038 4479 786 3759 2009 3771 7744 5852 2497 2002 8970 380 8755 8427 6895 6085 5159 6268 4824 4011 940 7923 1645 7068 5202 5561 8100 6878 5221 4494 1308 8253 3648 4482 6798 1622 1700 3851 4347 6412 5582 2860 7580 8633 8700 5038 5743 6102 3187 4737 6423 7836 1422 7098 1732 7668 3495 4146 1532 2404 5321 5131 5664 3154 167 6704 6896 2142 889 3781 3140 4792 4709 7454 7816 6610 3819 8919 2797 5397 2551 2934 6525 5669 584 6421 4462 6223 3977 6198 6413 6757 326 290 1729 8611 3269 8788 6879 6001 746 4504 1835 430 863 2994 6579 693 4493 5159 4011 138 6439 6830 1802 6386 7535 955 1973 3787 4413 1153 4986 5654 6451 760 5601 731 7870 7512 288 6444 5696 4144 5022 631 7404 6036 6811 2537 4434 2691 4968 1482 2588 7571 5192 6513 8716 5172 4371 980 7015 5097 2728 4724 617 4592 533 3572 1206 7611 2491 8364 8881 3376 3462 4509 6944 3016 3591 117 2721 123 8993 2203 4976 8749 4295 872 3112 4069 2603 7242 8832 703 4737 7899 4307 1967 2255 1071 544 3673 8668 6009 7410 5622 6733 6133 4585 4749 7804 3232 1826 5261 1244 6144 1588 4346 1583 7759 2645 7330 5233 340 2427 2096 4747 3401 1054 1725 2628 5218 7032 7175 4603 8014 6360 2781 5159 3295 502 4976 6157 1090 4022 8084 273 8698 3248 8520 7851 926 8253 5416 6502 5965 7220 1041 1888 7817 6084 141 3079 4890 1107 6730 4724 6470 656 3340 1054 1663 6052 4326 7520 8795 5622 428 1207 7216 2099 2373 3588 4138 6330 1602 7427 3992 6835 2104 5425 3885 2017 7728 3489 3231 508 1656 4113 4127 4763 4663 7770 8785 464 3620 4917 7791 1133 3089 1522 3738 6688 8670 3461 6505 8880 4362 7123 8352 2051 8111 3370 1580 6498 2617 2655 6120 463 5807 4117 8713 5123 2681 7907 2318 6732 8376 114 3085 6941 8995 2789 3166 1787 6589 5281 1275 3743 423 7615 8665 1948 6487 8813 4738 8399 5868 3876 5976 5417 7370 8131 7924 4386 7873 4279 825 8918 6285 982 8069 5901 4608 5197 1499 4342 5723 4510 1885 5863 814 2780 929 4768 2237 8125 8170 4596 1033 7263 7658 4835 677 4943 2568 2449 1064 154 1806 8246 6030 8819 2303 6051 7902 448 7114 601 165 8536 1355 7672 5527 7054 4124 8427 6754 7535 3817 5087 6840 6157 5639 685 3395 7095 6145 314 3373 7492 1553 4332 8087 8144 1884 3125 6370 3253 4844 260 7641 8984 2360 2364 361 845 7546 6494 533 7634 4589 6479 1433 2852 7930 1321 1482 7060 7312 7328 8788 2225 5356 4293 3508 3616 6342 661 1858 3918 1574 4511 286 3339 6027 8623 8251 4822 3253 7737 1364 859 6415 3847 284 8076 8859 7876 6298 2336 5451 3604 8395 2212 3309 5250 3920 5761 569 3566 3871 7899 2489 7539 4691 5712 3123 6507 3160 5521 3517 7193 827 888 1361 2907 1890 3870 3125 6919 2181 5544 8735 4581 6623 4458 253 2732 8502 6096 3690 3819 2380 6206 5588 6159 1734 5656 4777 4936 500 6250 8585 6087 6969 8967 1348 7092 8161 7019 7211 8744 127 4457 858 4827 2933 627 7071 741 7451 1591 8794 3045 7515 2767 7433 4975 1261 7229 8863 5994 946 1676 1540 1862 6340 178 8861 241 3430 3530 3987 5714 853 3789 4834 7595 6440 8063 716 7871 7025 2577 6305 4460 8888 584 2253 5385 4574 2732 7052 2094 1523 5763 2299 2725 4681 401 6884 2346 2433 5477 28 773 1800 3628 8400 224 430 5527 5131 2527 2167 7145 2168 2165 7121 8107 2234 7660 6493 3302 286 3253 7278 7405 5131 7132 950 4585 5519 5991 3238 219 2661 6310 7999 1592 6406 7935 2705 6723 375 7718 4910 2559 6555 2721 2512 5285 8701 4264 1884 5630 8916 1511 250 772 7022 7296 7315 3818 3863 6572 1299 2093 6557 7053 5070 8149 1559 2264 942 4854 8347 5898 2359 5624 7290 931 7934 5689 5448 1198 2697 1792 7352 7316 4193 3788 3004 1625 5096 4934 3313 3359 548 6259 464 578 6964 8101 2384 7720 8071 6014 2522 2698 8253 6275 2523 1125 6685 3903 3994 859 3740 3372 5012 6115 855 4118 6384 2931 1808 747 7678 4111 5563 4334 1613 516 6204 8 1132 2696 3015 6371 7927 8343 3219 1855 2692 7738 2326 287 8737 285 5006 7353 5806 3199 5338 2789 7607 676 8740 3739 5215 1573 5048 4824 2280 4380 1484 1510 2821 2265 1626 5216 8655 1450 7218 2499 8215 5758 7586 4532 5298 1666 73 2936 8965 6183 7950 4666 3654 5058 7151 3085 4988 4548 2441 7801 7628 6177 223 5998 7773 1954 7110 6370 5420 3559 7896 4560 3826 3665 8292 8577 4780 4974 1602 1518 928 8844 8695 6023 8056 4816 8412 8320 4412 6301 6194 7059 8277 7759 7852 383 5845 2559 123 8520 1855 2390 5567 8798 3928 4766 8249 6585 8179 30 6503 4969 201 7203 5867 5496 2124 6663 6646 4575 4975 8467 522 2209 6617 4150 6863 7312 5822 8304 8749 1758 6213 1513 8891 1862 2706 662 1175 3867 1638 8102 2221 4472 3085 6721 5314 885 8737 5445 7949 7821 8068 6026 6628 367 665 148 2810 3101 1914 6490 3400 4775 8932 5300 6737 1700 1085 554 6255 5942 8291 4889 1653 4271 7749 3132 1214 5843 7822 4010 6363 7315 4051 6124 2108 949 2482 605 1662 3423 2017 6584 5190 4966 2214 555 8742 7369 6426 1099 4024 6152 8727 3543 8807 8186 3910 5790 3607 8783 2047 2731 4620 4250 4848 6394 7652 5355 5705 3743 4181 1202 2146 232 1650 3406 7361 8371 2563 254 1651 5251 2318 6532 5387 623 8351 8068 8290 5401 8952 2647 5121 7836 2347 7701 1711 774 8444 4402 2858 5532 3642 7408 7273 3501 1195 8451 3878 6456 8165 5073 6006 2971 4673 4944 4129 382 2174 1318 3517 6564 4122 8963 1250 5882 721 5539 7324 1614 7760 293 3883 7441 3919 6306 4680 5745 6381 2277 8890 1409 3940 2931 135 7317 3289 1259 6124 8388 5442 1605 4720 5781 8872 3460 5856 6448 401 2979 8553 6179 5213 4389 7728 5053 3180 1505 2890 1003 3597 1185 3968 961 4918 987 6585 1653 8785 3772 7351 418 7263 4306 6063 5005 2061 1992 8209 7881 2232 6471 7623 368 199 4591 4749 234 7403 3722 1651 4359 2018 4188 3782 5493 1818 2075 1556 5377 474 6807 1845 6996 6293 3808 832 6835 3442 6896 5444 8673 1787 2665 6641 4321 786 8097 601 1335 1717 8397 4255 4284 1123 8654 1629 1263 3430 833 610 5362 6422 7585 6903 2178 8594 556 3590 1041 4341 5429 7695 7008 8993 656 941 6621 8931 636 793 6592 3053 3551 852 3284 8153 1320 5925 1620 6824 217 8738 5461 3708 7855 7205 5969 8098 138 600 6926 8514 2987 6413 600 4203 7584 7794 1480 6273 1838 4143 4232 8651 1212 7286 2646 4425 8357 8982 5790 1772 8746 750 989 7940 7918 4294 5187 5852 583 6802 5590 7804 3855 3103 1098 3685 5718 4308 704 7406 4375 1227 7674 5826 7028 8489 2405 6395 1381 6432 4960 1979 2575 2148 6502 4028 1860 8112 7670 5892 8760 7913 228 2752 7941 592 782 8027 4443 4918 1884 5903 5735 8016 1611 5594 115 8801 1710 6454 6391 2563 6388 6251 7799 2078 5508 2032 7030 4928 5623 2630 2849 5330 4577 4603 8183 4026 8625 3788 2563 8959 3755 3145 7551 1436 5798 6210 3686 8793 4320 3737 1296 7409 7639 6184 7695 2863 1233 8782 7900 520 8931 8382 298 79 3777 1197 8801 4150 4155 4453 2850 5007 2542 3526 1970 8604 2335 6908 4826 4625 6403 6625 7492 205 799 8488 3053 2276 1396 2791 3137 6798 5515 263 6024 1799 329 2899 6765 3021 3533 5153 3801 5147 3236 8454 3236 8378 3145 5441 7588 4468 3114 1029 487 3484 3093 2756 3545 4215 7935 6771 283 8110 3733 3767 5404 1452 3910 3404 2604 8785 3306 2968 5908 7377 767 2450 4748 5183 6991 4145 1760 5911 5508 4525 5635 1699 5871 6465 1411 3513 1839 5837 180 8459 3549 5546 7254 4264 4181 4037 3104 6443 8389 7210 6654 6925 6414 2776 1565 3142 8210 3127 1827 2296 7008 7943 1654 6023 3517 4127 4286 8432 4289 5830 1687 8517 979 1829 4618 2154 3029 1956 7041 8189 3812 8949 1361 1899 3709 2666 7218 2023 8665 4286 3143 136 1490 4400 282 7716 8786 3151 2622 4327 378 7571 1606 7466 6313 467 3851 7369 2291 6321 67 2286 6633 1940 802 2663 6667 4766 2296 2550 7377 4603 7279 4404 6674 595 6446 1700 7523 3149 7896 7663 1790 7800 1962 7851 1323 5584 772 142 3011 3352 2511 3045 3002 8457 8404 2148 983 1230 7572 8150 2100 959 1462 4104 945 6344 5397 8511 8100 5277 6181 75 2229 1257 7717 4187 8817 7534 1905 3200 2515 6423 5115 7615 937 8918 8962 1060 6342 4976 1779 8582 5047 8123 1704 762 1344 1522 3418 4533 4344 7345 3056 2231 3079 3452 6422 6917 8236 4498 5203 295 6402 5065 6872 1327 5564 6372 922 2105 2057 5110 7343 973 8705 8874 7305 3793 6780 8438 6024 2478 959 7274 2783 855 496 5335 2863 8464 4652 4874 7730 2947 2146 249 2068 1639 7275 8747 6354 4508 7262 2005 1278 7464 2387 1539 2953 2865 7489 1123 2828 6174 5328 7516 1057 731 172 620 8795 4168 2827 6236 5296 7460 3568 7009 2370 625 2608 1499 7167 3542 6603 3485 372 1719 7246 4502 3670 2817 3255 2783 8051 4463 6162 324 5319 8074 5963 7163 2240 1628 5531 7861 2738 2781 391 6166 6411 7247 5847 4041 8947 1113 8019 5256 2045 4516 944 958 6498 3161 8553 2568 5697 4818 2154 5389 7885 6875 7133 6245 8774 1405 5736 973 2203 6245 8917 2952 572 3101 5555 5632 3979 359 103 4994 2598 1336 4379 1507 6486 6578 4119 5963 5567 4560 4550 3495 3592 8950 6933 450 6973 5456 916 6567 2910 7957 7268 4524 8058 5486 7457 5033 7366 194 2109 4684 2445 4202 4459 5415 1590 3382 8581 2437 2828 7911 3998 509 5962 5740 7494 8305 6465 35 6905 1796 4417 2307 5170 8746 2043 976 2536 8733 3803 6949 537 524 3811 7693 7191 291 5105 2711 7647 7802 8211 6884 4246 5360 422 4072 8034 5514 2313 6965 6101 4934 3585 7630 5340 1574 6510 8489 4565 5391 6734 5190 5678 270 4726 4706 8011 8608 8900 2126 5095 651 3902 3353 1323 6519 4664 8309 1626 2989 1170 1132 5386 879 1212 3652 618 6619 7378 379 5158 8058 8117 1435 7794 5589 4340 1772 5449 5595 2704 3010 3054 1829 4224 6673 8815 1257 3570 6511 3621 3797 44 700 42 2425 3891 659 6877 6295 5876 7787 6661 1864 1802 4497 2306 5644 1120 2804 6654 6329 8356 8427 7050 1008 2389 6694 4714 7411 1004 7430 7023 2361 5706 2762 5189 5787 6186 8690 5146 6869 1488 1651 6679 6504 8984 1328 4474 7760 1039 5607 5050 1312 6029 2815 4143 133 6805 7428 6228 1563 2099 1852 4105 7390 1320 7454 3521 2084 8464 8964 3184 6252 4885 1797 1499 2426 5824 7167 778 7143 4025 5279 4513 846 2070 7791 5258 2816 3959 1320 1021 6522 6601 7463 8025 4138 6737 4964 2751 3458 2352 6782 3004 1162 4272 4189 5347 6942 1786 1779 647 8351 7528 7204 4220 2021 2358 4069 8352 559 7575 2176 8880 4153 8753 7953 6470 5514 2411 5906 1383 3345 3865 5216 2595 652 8577 6203 3079 4290 4584 3822 6668 7030 5741 4320 3248 2945 5288 2782 3111 2974 8987 3535 7704 1711 521 4462 4547 6011 5337 4366 2819 8746 7902 5072 6651 7786 7032 5690 2481 3349 5823 6170 5659 3880 4638 8399 8938 7976 2723 2326 7509 7001 8871 2268 5165 960 49 8977 5037 2696 4857 6039 4085 477 7435 4287 307 3773 6408 1412 469 1069 8705 592 6008 4015 92 6275 3244 2776 6727 3634 8359 4823 1092 1118 1966 539 6564 1099 7607 7114 5703 6576 8934 6166 1973 8736 7925 7607 4346 1873 6836 989 4786 5734 3543 3402 1316 1270 927 8664 7753 2035 344 8200 5169 8951 7187 4905 4422 4473 6793 8745 1815 1025 1300 2793 4078 2688 8580 634 2701 7257 8783 8776 7786 2465 6816 4128 2703 6728 7988 7004 8088 7384 1897 6606 6450 8344 1105 4402 4453 8645 6697 3213 6495 6576 8506 2672 967 2601 7085 6320 8229 8010 7580 2926 5232 8593 1164 2138 4352 3610 1347 371 882 6934 3862 8872 4250 5288 5879 7884 7127 7924 7410 7462 4526 182 3304 4463 184 3914 8262 540 5712 8519 7239 635 6991 7069 3312 3587 1973 5229 5062 6413 2776 237 8316 3118 5750 2493 8737 8093 8966 3798 6053 3657 4308 6225 3810 5288 3732 2287 6639 6267 4913 5063 5500 397 8674 8682 8499 3549 6583 642 7587 7256 4806 4063 2104 4131 1236 5895 6425 5131 2383 801 4476 850 8600 8741 3481 5720 4918 6917 6028 612 760 7934 6254 5599 5028 8109 2372 2027 5042 2926 5763 5007 86 3334 7969 4899 47 1497 4739 1688 3079 1659 4246 4411 2434 4259 4481 5085 1547 1339 1182 5945 2391 1869 2517 6254 8757 2203 8062 4098 1900 5745 3184 3198 3403 5790 4240 2005 6624 3285 6266 4257 8783 849 7550 5422 7451 3170 5884 2979 8864 2174 7802 943 3852 478 2710 3492 1901 3372 5947 1282 1237 8808 206 1002 7219 19 3626 3678 7173 7315 2942 6772 8929 4104 256 8011 2162 3436 3762 7536 8514 8354 4761 6528 441 4702 8887 596 7616 6678 2032 3378 1691 7312 7349 7165 3435 7038 291 8290 702 5918 7587 5227 8393 936 7563 3198 190 1665 2555 8962 4170 6936 49 3790 2369 4589 1718 4558 4335 1128 95 4702 1365 4691 1771 4570 6597 6597 6810 1353 4619 2206 205 7411 4713 7995 552 4863 246 5248 2016 70 6004 2288 8238 8750 8475 8726 4116 7642 511 7590 7074 2366 7987 6844 8538 1350 710 3345 8417 665 949 8219 5305 1173 5753 998 323 7569 8477 3837 8969 6414 7297 6932 3865 325 6735 3907 3713 1591 3948 5903 3870 7390 6752 5018 6025 5888 4050 8596 890 6011 5775 973 766 4385 2711 7876 94 1438 2989 8423 4772 4342 8822 8434 3709 8978 8725 6371 2723 5366 276 8552 6734 159 8575 8613 1936 8751 8532 2359 5589 4953 5949 8995 7885 2927 179 3268 4242 5532 4373 7503 8127 1372 1374 4852 1018 2515 4491 2077 8696 3897 6199 2295 7018 102 8607 7126 8080 6428 6156 5753 3029 8158 4325 1884 5547 4439 3822 4058 8048 7578 3508 8706 8874 7216 1027 5062 2073 2786 6744 2398 8706 8546 5295 7593 4740 3632 1369 4948 2071 8448 6481 7066 2112 5467 7648 2126 7764 1313 8459 4691 7824 1459 4559 669 5667 2152 1081 1572 610 6376 721 7369 8168 7077 4920 8121 8787 887 3793 3795 7436 8316 4702 7004 5334 5964 3699 8212 3716 115 6479 573 2987 4162 5650 120 5096 2835 6680 819 6183 264 5027 1896 1273 2622 7566 2777 7889 1218 2783 7330 408 3845 5918 1990 7583 4084 1428 2333 2924 1555 735 723 1004 2752 5452 767 3725 1979 5303 3650 1918 8616 4813 4248 1035 3962 2334 5391 476 7080 8296 3917 1535 4686 8215 2091 2378 987 4782 4922 5676 8719 5953 6718 400 8959 731 1913 4896 7453 8663 8532 2243 5846 8913 8646 107 3744 7282 7382 3665 6287 4347 8626 3690 4323 8327 4029 545 4431 8525 883 6705 2045 3934 2599 4835 8063 2142 8126 8324 891 4744 7936 2835 7168 1388 7847 4009 5942 7007 7617 5939 7247 8019 2221 7697 7661 6223 5832 2286 3277 2417 7547 3115 3400 5743 1541 4501 8410 6227 5752 3341 2001 2723 8815 6127 6566 4757 928 8018 1946 1785 8761 1785 7631 4027 1232 5755 3764 8202 7010 1886 2261 3988 7308 5821 7213 1921 8734 8521 2454 2920 3779 2203 5235 5990 6038 5261 8497 4271 6599 4829 187 5508 7894 1094 6517 8143 3455 8241 2503 8625 2294 4611 6330 3504 744 6326 8177 155 8112 6879 4228 3491 3129 8281 1836 4200 6478 6228 8765 2966 379 1184 8684 5433 3416 769 6385 7032 8302 3077 8763 7202 7414 962 8313 7923 8501 8667 8393 806 8366 4681 3975 2164 938 524 4438 193 3244 8457 1767 5808 2043 3291 1491 1568 7330 3939 7259 4500 5162 81 5132 228 4335 6353 1572 43 2356 3124 5151 8821 8752 642 3224 55 5453 7123 1586 7400 4556 4120 4964 7555 7622 6011 3819 764 901 2628 3624 6795 2943 1692 5730 2018 6588 1728 1029 8656 1399 7421 7876 8576 6154 6111 8767 5271 512 5620 7217 1674 2769 602 2806 5700 7084 6285 7458 5390 3133 1286 748 6647 5548 965 1241 836 3912 5780 3675 8007 7147 3621 5296 3160 78 1338 2938 3870 5678 2197 1727 7589 6310 8437 1011 5589 7135 8742 4118 5397 8497 7267 1418 8605 3866 7258 4194 2336 8016 2042 5196 7278 6283 6838 8746 8866 3017 7210 5127 7604 6047 4743 8639 4263 4829 4223 7811 824 2113 842 2132 2056 4268 5797 6214 3682 70 1466 8304 6045 5668 4755 5307 2345 7421 1603 2604 8226 566 3086 8549 2846 4825 5163 2511 7820 2671 8642 3499 52 7391 7971 4829 991 7296 5192 3598 351 6421 572 3162 7957 1297 4099 500 5795 1110 6540 7425 4281 7253 4619 8399 6824 3147 2811 7936 3320 1213 3656 6802 1100 8623 6499 3194 5067 4730 769 8480 8446 1434 4493 2618 7103 3427 3475 7610 516 8234 6011 102 8203 3061 7086 3647 1457 263 869 4458 2609 5285 7942 6648 419 1810 7251 2815 4297 5232 2195 4700 2542 1764 7764 841 7633 6131 1646 177 6055 2620 7035 8230 2736 8077 6164 3367 7567 7743 118 5828 6654 4515 4239 4921 8683 613 1450 3901 3633 798 3305 847 7432 7501 299 2230 5678 4903 4665 4597 3930 3422 7795 8714 8361 2551 661 8162 2771 6537 5736 7695 7173 6618 5296 1948 1368 8434 1773 7401 5936 4481 6443 169 1148 4505 4339 2319 2586 8130 2119 3001 2196 7670 4527 2959 1212 4721 2568 5867 7262 6952 7449 7564 2016 8674 4922 1638 5309 2624 4680 908 4243 3765 13 5288 4755 6621 3246 2759 7841 4270 7410 3430 2975 504 3143 2995 3205 4118 4504 6338 2648 7886 5443 6284 2019 6997 4666 7353 1926 7142 8779 5966 7311 3149 2390 2126 8314 7499 4372 5522 8820 920 8918 6492 2327 2954 4812 1057 6215 791 5599 7212 1235 2134 71 5201 7452 1680 326 5590 301 3425 5102 3931 2047 6887 8530 4290 7110 8075 1967 6543 5114 7422 3857 4348 4627 3150 6378 663 3856 6536 1517 6781 6369 5952 537 3867 4337 2343 3370 2379 568 6505 2174 1038 7023 8304 2525 8265 4712 1327 2953 8385 4632 7064 8300 4019 7941 8859 3500 252 4189 1481 1536 2777 1737 7128 4791 8287 6653 3474 3 6977 7005 702 8679 7344 7942 1661 1884 2775 4049 4919 8110 5566 1039 8248 4577 7083 1723 8073 1877 5655 4674 7992 990 1926 8412 2275 188 4652 4616 615 5744 7944 8371 5203 5157 164 3435 2548 1046 2433 6454 7101 519 1045 4124 1170 4444 4933 1912 710 1413 7031 8807 6201 1549 3739 6090 2809 5901 868 7887 367 6161 2791 502 8608 2646 8361 5017 7565 2772 2769 5009 4922 7539 5427 961 5837 7582 762 7026 6036 634 4944 3422 4389 1809 5852 1045 620 885 6734 356 799 1160 8568 3144 7619 3615 1812 5755 7108 1096 1848 5605 8733 8337 8750 6018 1259 2859 7650 448 15 1065 7646 71 3071 2296 7234 4802 4901 4068 6825 1891 4951 1029 5567 8106 7566 179 5449 8643 8614 963 2344 5660 1769 2751 4322 2251 5814 7049 2464 5494 2594 8396 744 8985 1123 1678 6674 5875 8412 5570 8256 2330 2529 7108 1700 743 152 5676 3227 857 3481 3111 4918 3934 3816 7306 8973 8595 5938 3796 2606 6594 3932 5178 8543 7714 8 3764 274 496 4160 3613 1431 6153 3045 1556 926 8916 7648 1506 4172 8889 2434 5165 4220 5898 3923 7041 8202 2468 2378 8817 5799 4780 1172 6883 3206 5081 7577 6189 3617 8023 2008 3171 2673 2821 483 1084 6269 4872 3100 4438 2763 837 4694 6853 5054 3651 7889 2840 1254 2507 7404 2996 4805 6440 2143 3873 5479 6404 34 8647 1141 5155 7370 8611 5004 1611 4400 6117 2669 498 3802 6869 8008 3687 8466 8373 5239 8255 2126 3750 4640 3284 3761 5368 4763 236 3547 717 7705 4926 5856 5425 582 7295 5602 7537 8946 6765 875 6148 8430 5448 6495 7892 6105 916 1831 8420 7737 3681 7004 2956 4949 6283 4989 6895 7760 6582 2523 7863 5313 4121 289 249 8779 1519 2947 3541 758 4023 1542 8999 8823 3363 2873 2424 2831 1362 250 7588 1293 519 3208 1536 2328 2634 7264 2368 7565 6937 509 1765 4662 884 1518 6420 8784 238 2044 5131 3029 622 4602 1475 3651 4243 6607 4002 267 5806 89 4554 3684 2585 5500 2722 8904 4873 8462 8553 2184 658 1067 4885 6501 6313 5222 5254 8300 5102 2075 3984 8419 7001 265 5979 2869 5631 6901 1228 3546 5556 8793 2424 4201 461 5365 8781 4414 3696 7570 6006 2181 3797 7363 5132 6057 8170 4818 1247 6121 3049 288 5887 2605 1548 5716 5076 470 1538 6547 2296 1614 8308 1802 169 169 4494 8444 1038 5476 4997 7537 5000 7618 217 8244 4189 267 1498 4276 26 8540 6056 2789 8881 5001 5190 6102 1040 7284 6740 3717 4848 1713 93 6521 5024 1907 2199 610 3421 576 8370 4557 2797 4681 5666 2412 4982 2836 6968 5951 2980 5667 2019 36 5125 6848 3513 2721 8511 599 4805 8193 2087 5083 6707 1675 4001 5672 2415 2846 239 2709 8356 8757 1910 5472 5272 5523 4362 4199 2299 2958 6636 3360 7561 7331 5276 7229 3081 2746 4540 8922 667 6143 3125 5374 1775 1669 5227 4869 98 6335 5072 1778 2228 8815 8356 4706 2760 2656 3144 3688 6220 3196 5736 5175 5327 7958 116 736 8890 2929 7953 8580 3937 963 8928 599 2506 8196 3668 2690 6665 315 2380 6101 8642 5097 1138 8591 5650 4480 6996 4203 4656 4073 8524 4798 6456 8660 675 6024 7194 5743 3649 6806 6730 7525 2785 5873 134 1687 4099 2796 1302 1936 5313 6601 945 2267 
